#0:
>0:41.26,117.09;40.08,116.55;
#1:
>0:40.3,116.98;41.36,116.38;
#2:
>0:32.62,119.75;32.07,120.27;
#3:
>0:36.72,117.8;35.71,118.28;33.23,118.67;
#4:
>0:40.06,117.33;37.47,116.71;36.4,116.17;34.65,116.38;
#5:
>0:40.55,116.76;40.49,116.3;
#6:
>0:36.4,116.07;36.08,117.9;36.63,118.63;34.96,119.48;35.59,119.82;
#7:
>0:36.1,117.0;35.88,118.46;37.89,117.97;40.07,120.43;
#8:
>0:39.32,120.2;38.63,118.95;36.37,118.26;34.26,119.73;
#9:
>0:39.48,118.01;39.57,117.0;38.11,118.66;37.01,117.89;32.87,116.58;
#10:
>0:31.39,118.89;32.63,118.48;32.93,117.23;
#11:
>0:41.07,116.24;40.22,116.5;
#12:
>0:37.52,116.4;38.16,117.25;40.01,118.5;38.0,117.96;37.39,119.28;35.85,121.13;
#13:
>0:36.05,120.38;38.5,120.57;36.34,119.49;37.81,118.06;41.01,116.54;
#14:
>0:35.88,121.09;38.38,121.25;37.39,119.44;
#15:
>0:31.47,119.14;33.84,120.55;34.35,119.34;36.62,118.94;38.53,119.33;
#16:
>0:36.83,121.46;34.78,120.44;33.06,118.86;
#17:
>0:35.19,116.75;35.56,117.19;36.7,118.09;
#18:
>0:38.07,121.44;36.08,120.75;
#19:
>0:38.65,118.0;38.37,117.01;38.38,116.36;
#20:
>0:32.9,117.77;34.3,116.27;34.88,117.59;38.52,116.18;
#21:
>0:37.68,116.44;35.84,116.16;35.86,117.45;36.08,118.77;34.64,119.67;31.63,121.28;
#22:
>0:36.2,116.12;37.23,117.35;
#23:
>0:36.85,118.42;35.07,119.09;33.55,119.86;31.99,118.05;
#24:
>0:36.48,116.76;36.38,117.07;34.13,116.51;
#25:
>0:39.71,120.25;37.25,119.42;36.62,118.29;34.49,118.77;33.96,117.46;
#26:
>0:35.15,118.26;35.01,117.39;33.94,116.29;
#27:
>0:36.01,116.72;34.98,117.54;35.92,117.6;35.43,119.01;
#28:
>0:32.54,116.31;33.58,116.18;32.37,117.56;33.11,118.19;34.15,119.03;37.69,121.28;
#29:
>0:38.32,118.93;40.11,120.0;35.65,121.06;
#30:
>0:37.31,119.0;36.49,118.59;34.53,120.31;
#31:
>0:40.21,116.53;40.14,116.96;
#32:
>0:35.13,121.37;36.97,119.76;37.98,119.04;39.75,119.23;
#33:
>0:33.36,118.94;35.27,118.93;31.68,121.75;
#34:
>0:33.63,116.52;34.82,117.36;36.53,118.39;37.32,119.52;
#35:
>0:40.79,116.4;40.35,116.92;
#36:
>0:35.42,121.36;34.45,120.31;36.6,118.98;36.58,118.42;37.72,117.5;
#37:
>0:40.38,116.95;41.17,116.31;
#38:
>0:31.96,118.35;33.28,119.0;33.77,120.43;35.34,119.08;35.92,120.06;39.04,121.01;
#39:
>0:40.25,116.26;40.32,116.43;
#40:
>0:32.01,119.72;32.42,118.42;32.59,117.31;31.82,116.98;
#41:
>0:39.89,117.58;37.99,118.34;38.63,119.38;38.96,120.03;35.85,121.45;
#42:
>0:36.95,116.17;36.44,117.15;35.79,118.69;35.92,119.34;36.99,120.07;
#43:
>0:39.76,120.53;37.62,119.81;37.13,119.69;34.64,120.27;33.91,119.06;31.67,119.67;
#44:
>0:32.25,118.53;34.01,118.9;35.12,119.39;35.87,119.02;37.35,119.19;39.87,119.11;
#45:
>0:33.47,119.24;33.31,120.59;34.33,119.39;37.1,119.9;39.09,121.43;
#46:
>0:37.58,116.83;39.21,117.45;39.04,118.24;38.74,118.95;
#47:
>0:35.13,117.05;35.84,116.19;38.23,117.27;
#48:
>0:38.75,120.46;37.36,119.0;37.09,118.17;34.33,118.73;
#49:
>0:31.89,121.7;32.95,120.22;35.52,118.93;37.08,118.28;37.58,118.38;38.83,118.06;
#50:
>0:39.26,119.76;38.43,119.48;36.1,118.35;35.02,120.35;
#51:
>0:40.01,119.16;38.42,119.83;36.78,118.89;36.84,118.33;33.66,117.9;
#52:
>0:32.44,121.48;31.34,121.5;
#53:
>0:35.12,120.92;34.45,120.19;36.43,118.83;35.69,118.55;39.18,117.16;
#54:
>0:38.5,116.16;35.81,116.19;36.23,117.73;34.76,118.14;33.2,119.3;32.16,121.6;
#55:
>0:38.31,117.09;35.84,118.54;35.6,118.17;35.3,120.14;
#56:
>0:38.59,117.52;38.72,117.4;
#57:
>0:34.82,116.5;33.26,116.16;32.4,117.73;33.93,118.97;
#58:
>0:36.15,116.75;36.36,117.29;37.81,118.27;
#59:
>0:40.94,117.02;40.31,116.97;
#60:
>0:38.32,116.65;39.43,117.52;
#61:
>0:41.14,116.42;41.15,116.26;
#62:
>0:32.94,120.48;35.56,119.57;34.16,118.13;35.93,117.11;
#63:
>0:33.72,117.12;31.88,117.12;33.67,118.81;33.96,120.16;
#64:
>0:41.11,116.51;40.56,116.97;
#65:
>0:40.33,116.81;40.71,116.27;
#66:
>0:35.46,119.61;36.14,120.61;
#67:
>0:32.19,120.53;31.66,119.07;32.14,118.6;
#68:
>0:38.3,117.15;36.09,118.21;35.07,119.72;33.09,118.25;
#69:
>0:37.5,117.48;38.18,116.9;
#70:
>0:40.73,117.27;40.23,116.6;
#71:
>0:40.53,116.54;41.19,116.33;
#72:
>0:39.05,117.09;37.56,118.16;38.15,119.04;37.38,120.47;37.76,120.88;
#73:
>0:40.39,116.42;41.31,116.92;
#74:
>0:33.09,119.49;34.72,118.63;32.69,118.54;31.46,116.72;
#75:
>0:33.06,116.29;32.76,117.44;31.39,117.02;33.76,117.99;33.78,119.72;31.15,121.42;
#76:
>0:39.94,118.25;38.54,118.7;37.0,116.95;
#77:
>0:39.47,119.52;38.33,120.4;37.16,119.17;35.16,120.53;34.13,119.81;
#78:
>0:32.98,117.02;33.46,118.56;
#79:
>0:36.19,116.18;35.8,117.46;36.02,118.19;35.03,119.54;34.14,120.56;
#80:
>0:36.09,121.48;35.06,119.85;33.94,119.11;31.81,118.28;31.25,117.74;
#81:
>0:39.71,117.12;37.4,117.92;36.8,116.59;
#82:
>0:33.04,119.69;34.48,118.31;33.11,117.71;
#83:
>0:41.13,116.46;40.94,116.98;
#84:
>0:39.44,120.02;37.53,118.87;37.38,118.22;36.28,117.34;33.39,116.87;
#85:
>0:33.24,118.96;33.16,120.33;34.48,119.04;35.71,119.75;39.78,121.43;
#86:
>0:41.44,116.31;40.31,116.68;
#87:
>0:31.23,120.32;33.54,119.04;34.49,118.76;34.92,117.73;33.84,116.34;
#88:
>0:36.14,119.39;36.23,118.7;38.64,118.45;34.13,116.58;
#89:
>0:40.14,116.73;41.14,116.87;
#90:
>0:31.93,117.29;33.01,118.78;34.73,117.04;36.88,116.52;
#91:
>0:38.05,118.84;36.19,118.58;34.6,120.21;
#92:
>0:40.89,116.64;40.79,116.94;
#93:
>0:35.21,121.2;36.01,119.99;38.3,119.06;
#94:
>0:32.19,117.02;33.79,116.18;34.21,117.31;
#95:
>0:41.44,116.46;40.15,116.9;
#96:
>0:33.45,120.44;31.44,121.54;
#97:
>0:32.29,118.63;33.41,117.45;35.44,116.63;35.38,117.24;38.59,116.13;
#98:
>0:33.12,118.99;33.63,120.22;34.81,118.86;35.9,119.89;39.4,121.14;
#99:
>0:34.07,119.64;34.54,118.62;37.17,119.68;37.56,117.12;
#100:
>0:40.31,116.58;41.18,116.84;
#101:
>0:31.53,116.24;33.7,117.04;
#102:
>0:34.69,117.72;33.0,116.67;32.5,116.26;
#103:
>0:31.87,121.44;33.25,119.92;34.46,118.9;36.78,118.78;37.89,118.92;
#104:
>0:38.94,117.57;40.13,118.0;38.03,118.24;38.92,120.36;
#105:
>0:40.81,116.94;40.74,116.08;
#106:
>0:33.21,121.29;31.12,120.11;31.82,119.5;31.96,118.15;31.95,117.38;
#107:
>0:37.19,117.15;35.91,118.61;34.61,119.26;33.69,118.47;
#108:
>0:31.96,121.57;33.91,120.31;35.36,119.59;34.4,118.63;35.54,117.21;33.98,116.72;
#109:
>0:34.92,119.08;34.83,120.42;
#110:
>0:39.33,119.21;37.58,120.13;36.54,119.66;36.1,118.22;33.89,120.63;
#111:
>0:37.37,118.53;36.42,119.59;
#112:
>0:39.77,117.5;38.29,118.16;37.82,118.94;39.6,119.76;40.18,121.04;
#113:
>0:36.76,121.07;35.17,120.36;33.11,119.41;35.29,118.16;32.9,118.7;32.51,116.86;
#114:
>0:37.93,117.39;35.84,118.37;35.3,119.64;33.78,117.93;
#115:
>0:40.75,116.82;40.4,116.46;
#116:
>0:39.07,118.09;38.03,118.76;36.27,118.4;
#117:
>0:40.14,116.79;40.09,116.41;
#118:
>0:32.12,121.27;33.71,120.49;35.05,119.12;34.33,118.81;35.07,117.01;34.03,116.89;
#119:
>0:31.38,119.28;31.16,120.21;
#120:
>0:31.42,118.71;33.57,119.72;
#121:
>0:37.45,121.13;36.26,120.5;34.33,121.12;33.58,119.68;
#122:
>0:41.21,116.94;40.45,116.73;
#123:
>0:31.9,121.29;33.48,120.31;
#124:
>0:39.89,119.36;38.01,120.27;35.72,119.16;36.69,118.0;33.39,120.21;
#125:
>0:35.26,116.68;36.02,116.91;
#126:
>0:35.95,116.81;35.48,116.95;
#127:
>0:35.99,117.24;35.71,118.21;39.9,117.87;
#128:
>0:32.8,119.65;31.17,118.29;
#129:
>0:40.69,116.9;41.28,116.46;
#130:
>0:38.79,120.7;39.0,119.97;38.4,119.48;34.54,118.72;
#131:
>0:41.32,117.28;37.45,116.17;37.74,117.57;36.24,117.93;34.38,120.48;
#132:
>0:35.55,119.57;36.11,120.01;35.85,121.11;
#133:
>0:37.81,121.25;36.51,119.81;34.8,118.94;33.51,118.8;31.4,117.29;
#134:
>0:40.5,116.71;37.21,116.34;38.61,117.08;40.19,118.14;37.66,119.71;38.28,121.05;
#135:
>0:31.1,116.36;33.07,116.71;34.85,116.72;35.38,117.78;36.02,116.09;39.33,117.92;
#136:
>0:37.93,118.73;39.78,119.57;
#137:
>0:37.67,117.53;36.4,118.79;35.58,118.22;35.34,120.62;
#138:
>0:31.55,118.8;32.96,118.85;33.37,119.81;35.74,120.99;
#139:
>0:34.92,118.16;35.92,119.11;38.53,118.09;
#140:
>0:40.46,116.96;39.96,116.99;
#141:
>0:32.66,117.1;32.06,117.29;35.23,118.91;
#142:
>0:40.72,116.41;40.06,116.85;
#143:
>0:31.82,118.34;32.65,118.96;34.32,119.18;36.37,119.32;37.31,119.58;39.82,119.68;
#144:
>0:37.6,120.34;35.95,119.13;35.08,118.67;
#145:
>0:39.86,118.14;38.33,118.27;35.91,116.61;
#146:
>0:33.82,119.91;34.19,119.4;36.06,119.07;
#147:
>0:37.41,121.43;36.31,119.95;34.82,119.61;
#148:
>0:41.05,116.61;40.65,116.94;
#149:
>0:39.62,119.37;37.51,120.19;35.88,120.82;34.82,120.81;
#150:
>0:33.37,116.21;34.84,116.54;34.21,118.07;
#151:
>0:40.18,117.2;38.46,118.63;37.01,118.18;
#152:
>0:31.11,121.73;31.27,121.53;
#153:
>0:40.5,116.99;41.24,117.09;
#154:
>0:37.52,119.34;37.09,118.45;38.89,117.87;
#155:
>0:37.91,118.6;35.76,117.45;
#156:
>0:33.02,116.97;34.43,117.15;37.04,117.95;37.51,119.04;
#157:
>0:35.18,121.49;34.75,120.27;34.14,119.53;
#158:
>0:40.66,117.02;41.02,116.94;
#159:
>0:31.5,118.97;31.39,118.51;
#160:
>0:36.56,118.19;34.64,118.24;36.59,119.27;33.97,121.48;
#161:
>0:33.64,120.39;33.06,120.56;
#162:
>0:41.12,116.35;39.76,117.31;
#163:
>0:39.37,119.99;37.55,119.16;36.62,118.73;35.01,118.76;32.68,119.16;31.87,118.86;
#164:
>0:31.24,121.47;33.14,120.62;35.44,120.9;36.93,119.75;
#165:
>0:36.93,119.73;38.34,120.62;36.89,118.93;37.29,118.23;36.21,116.6;
#166:
>0:37.51,116.7;36.89,116.22;37.13,117.46;35.25,118.61;35.28,119.45;31.57,121.18;
#167:
>0:37.67,119.26;35.9,118.25;39.71,117.82;
#168:
>0:37.08,121.04;35.45,120.37;32.63,119.7;31.21,118.14;32.46,117.7;
#169:
>0:37.02,118.73;35.8,119.02;39.01,117.76;
#170:
>0:35.3,120.28;36.66,119.66;37.98,119.27;
#171:
>0:33.26,120.88;35.57,120.45;
#172:
>0:32.35,116.13;33.08,116.7;31.44,117.68;33.26,118.68;34.95,119.33;37.59,121.13;
#173:
>0:35.98,116.35;37.69,117.11;
#174:
>0:40.95,116.27;40.21,117.09;
#175:
>0:32.5,118.01;33.14,118.31;
#176:
>0:40.52,117.05;40.76,116.23;
#177:
>0:31.32,120.44;31.2,118.82;31.79,118.25;
#178:
>0:32.76,119.95;34.6,119.3;36.64,118.78;36.84,119.39;38.96,117.37;
#179:
>0:34.06,117.62;34.42,116.92;35.19,117.41;37.4,116.17;
#180:
>0:41.47,116.9;40.96,116.89;
#181:
>0:36.92,120.56;34.82,119.61;34.83,118.77;
#182:
>0:41.32,116.23;40.02,117.08;
#183:
>0:31.89,117.57;31.35,118.0;31.55,119.7;31.26,120.49;
#184:
>0:35.68,120.72;35.0,120.26;33.39,118.98;32.29,118.2;31.72,117.12;
#185:
>0:34.08,119.61;32.35,118.14;
#186:
>0:34.5,120.94;36.42,120.41;37.68,119.35;
#187:
>0:31.14,119.92;33.89,120.65;34.48,121.01;34.88,120.48;36.01,120.01;39.64,120.09;
#188:
>0:31.48,117.57;33.77,117.99;34.56,117.22;36.48,117.75;37.51,117.69;
#189:
>0:31.49,116.43;33.48,117.68;34.99,118.32;36.1,119.17;37.92,119.11;
#190:
>0:40.64,116.51;40.82,116.91;
#191:
>0:38.05,120.62;40.08,120.72;
#192:
>0:33.31,118.77;33.01,119.66;34.47,119.72;37.7,121.37;
#193:
>0:39.98,116.9;40.42,116.48;
#194:
>0:41.43,116.86;41.31,116.36;
#195:
>0:32.09,118.54;33.13,119.23;33.04,119.74;35.98,121.23;
#196:
>0:40.81,116.86;41.34,116.63;
#197:
>0:40.89,116.65;41.3,117.13;
#198:
>0:38.43,120.06;36.31,119.48;35.07,120.04;33.34,119.28;31.87,121.7;
#199:
>0:40.96,116.74;40.23,116.96;
#200:
>0:35.11,119.2;36.38,120.46;
#201:
>0:39.74,116.4;40.88,117.04;
#202:
>0:31.54,118.25;33.78,119.52;
#203:
>0:31.85,121.68;33.19,120.39;35.45,119.12;34.8,118.8;34.22,117.39;33.71,116.27;
#204:
>0:33.55,117.05;35.12,118.58;
#205:
>0:37.41,120.5;35.66,118.87;35.88,118.74;35.12,117.35;
#206:
>0:36.92,116.11;38.43,117.21;
#207:
>0:32.42,119.08;32.87,119.61;34.18,118.6;36.79,118.89;38.06,119.3;
#208:
>0:33.23,117.61;34.68,116.85;34.61,117.03;37.18,116.89;
#209:
>0:33.27,120.04;33.37,120.6;
#210:
>0:37.42,119.46;40.13,120.03;
#211:
>0:40.85,116.47;39.79,116.61;
#212:
>0:33.24,118.63;33.14,119.13;32.62,120.3;
#213:
>0:39.91,119.31;37.97,118.11;38.23,118.93;36.15,117.95;33.2,118.48;
#214:
>0:35.22,117.17;36.68,117.08;36.04,118.77;36.86,119.32;36.8,121.08;
#215:
>0:40.63,116.61;37.46,116.53;37.33,117.21;39.91,118.31;38.63,119.11;40.05,121.5;
#216:
>0:40.62,117.01;40.56,116.4;
#217:
>0:37.64,117.5;36.68,118.02;34.72,119.35;33.23,118.18;
#218:
>0:35.09,117.48;33.59,118.63;32.26,119.0;
#219:
>0:32.16,121.13;34.07,120.48;35.26,119.68;35.67,119.2;38.05,119.04;39.12,119.57;
#220:
>0:37.09,118.33;36.68,119.4;33.24,120.42;
#221:
>0:39.87,119.45;38.25,119.94;35.94,120.9;34.79,121.19;
#222:
>0:40.98,116.69;40.08,117.05;
#223:
>0:36.06,116.44;34.9,117.66;33.22,116.84;
#224:
>0:41.04,116.64;41.03,117.22;
#225:
>0:39.11,118.1;37.59,118.02;36.69,118.71;
#226:
>0:33.98,119.69;34.37,118.54;33.97,117.22;
#227:
>0:33.19,116.29;31.24,117.18;32.97,117.96;35.37,119.01;38.56,119.85;
#228:
>0:31.25,121.14;33.43,120.61;
#229:
>0:41.15,116.46;40.84,116.83;
#230:
>0:41.0,117.01;40.45,116.41;
#231:
>0:39.95,116.58;39.97,116.66;
#232:
>0:37.06,120.84;35.65,119.82;32.92,119.69;
#233:
>0:32.59,116.42;34.05,116.51;34.22,117.0;35.48,118.58;37.74,120.32;
#234:
>0:36.55,116.73;35.78,117.18;38.52,118.6;
#235:
>0:35.75,119.27;36.39,118.66;
#236:
>0:31.38,117.58;32.67,118.69;34.91,118.58;
#237:
>0:31.74,117.43;33.32,118.2;35.23,118.78;
#238:
>0:35.37,119.97;36.0,119.1;36.6,118.28;38.11,117.68;
#239:
>0:36.56,119.38;38.04,118.39;40.12,117.91;
#240:
>0:38.17,117.55;35.93,117.99;37.15,119.35;34.18,120.17;34.83,120.83;
#241:
>0:34.36,117.48;37.1,118.15;
#242:
>0:33.68,119.29;33.47,120.11;35.6,119.61;36.77,120.45;39.35,121.35;
#243:
>0:36.09,117.11;35.66,118.25;34.26,119.63;
#244:
>0:39.69,117.39;37.63,117.91;38.63,119.47;39.27,120.47;38.96,120.9;
#245:
>0:39.6,121.26;39.65,120.57;37.32,119.42;36.44,117.98;33.48,120.17;
#246:
>0:32.25,116.71;33.93,116.12;34.18,117.28;34.24,118.74;37.76,120.35;
#247:
>0:41.11,116.94;40.64,116.5;
#248:
>0:36.55,121.23;34.4,120.81;35.08,120.22;31.49,121.57;
#249:
>0:32.52,117.87;31.84,118.6;
#250:
>0:39.37,118.68;39.46,117.12;40.64,116.89;
#251:
>0:37.76,117.65;36.24,118.05;36.26,119.47;35.39,120.17;35.54,120.91;
#252:
>0:36.4,117.04;34.52,116.99;
#253:
>0:37.08,116.32;36.81,117.13;33.76,116.18;
#254:
>0:39.87,121.4;38.73,120.3;38.87,119.31;39.33,118.41;
#255:
>0:38.76,117.89;38.04,118.04;36.71,117.94;
#256:
>0:39.2,119.52;38.29,118.35;35.79,117.03;35.09,118.81;33.36,119.42;32.41,121.45;
#257:
>0:38.76,118.77;38.08,118.24;36.4,118.74;
#258:
>0:34.06,119.49;34.15,118.45;34.34,118.93;36.86,120.35;39.13,121.38;
#259:
>0:31.69,121.77;32.83,120.03;35.41,119.36;36.14,119.09;38.62,118.04;40.72,117.06;
#260:
>0:40.22,117.1;40.83,117.03;
#261:
>0:34.93,120.87;36.02,120.62;37.51,119.73;
#262:
>0:33.39,120.19;32.15,121.31;
#263:
>0:34.05,118.28;34.01,119.14;32.72,119.87;
#264:
>0:41.19,116.41;40.91,116.54;
#265:
>0:33.77,118.86;35.12,118.16;35.88,119.72;38.45,117.83;
#266:
>0:40.77,116.87;40.33,116.85;
#267:
>0:38.23,116.16;36.44,116.38;35.84,117.02;35.12,118.36;33.77,119.44;31.72,121.22;
#268:
>0:36.36,116.3;35.77,117.1;34.49,118.43;34.34,119.05;
#269:
>0:33.09,118.58;33.18,118.86;34.02,120.33;
#270:
>0:39.14,119.73;37.25,118.99;37.03,118.17;34.64,118.02;33.06,117.42;
#271:
>0:40.49,116.49;41.42,117.12;
#272:
>0:38.03,116.45;35.72,116.78;37.04,117.17;36.43,117.99;34.91,119.93;
#273:
>0:40.14,117.22;37.26,116.61;36.28,116.49;35.48,117.44;34.2,116.45;31.22,117.71;
#274:
>0:34.85,120.18;36.57,119.04;37.56,118.61;39.45,118.7;
#275:
>0:38.01,120.23;36.63,119.33;36.72,118.3;35.35,117.62;
#276:
>0:33.24,118.64;35.08,119.72;35.64,120.43;37.4,121.44;
#277:
>0:40.51,116.68;40.32,117.01;
#278:
>0:38.38,119.68;36.47,118.32;39.49,117.67;
#279:
>0:32.4,121.91;31.6,121.68;
#280:
>0:34.35,117.73;37.09,117.29;32.92,119.26;
#281:
>0:41.35,117.25;40.97,117.13;
#282:
>0:39.43,118.11;38.21,118.97;38.25,118.29;36.85,117.9;32.68,116.55;
#283:
>0:39.24,119.7;38.38,120.38;36.97,118.51;
#284:
>0:34.51,121.31;36.83,121.48;37.38,119.83;36.43,118.98;40.17,117.42;
#285:
>0:37.75,119.49;39.47,120.55;36.48,120.69;
#286:
>0:40.33,117.04;41.18,116.74;
#287:
>0:37.72,118.27;38.66,119.63;35.88,118.4;32.84,118.04;
#288:
>0:31.74,116.26;33.12,116.86;34.16,116.08;35.17,117.39;36.49,116.51;39.58,118.63;
#289:
>0:40.34,116.74;41.19,116.74;
#290:
>0:33.2,119.16;32.59,118.79;
#291:
>0:37.76,120.38;35.89,119.43;34.37,118.6;
#292:
>0:41.43,116.64;40.44,116.46;
#293:
>0:33.69,120.19;34.84,120.9;34.9,120.56;36.13,120.08;39.4,119.77;
#294:
>0:40.29,116.27;38.73,117.6;
#295:
>0:35.32,117.75;37.07,118.08;
#296:
>0:32.11,121.63;34.07,119.98;34.41,118.89;36.07,119.28;37.67,118.52;39.87,116.8;
#297:
>0:34.96,120.32;35.76,119.18;36.97,118.46;37.63,117.56;
#298:
>0:36.63,120.7;34.59,121.32;35.37,120.15;32.58,121.84;
#299:
>0:32.25,119.27;34.08,118.18;
#300:
>0:38.48,117.06;37.54,116.45;
#301:
>0:39.0,117.48;37.46,118.66;37.99,119.31;38.91,119.76;36.75,120.69;
#302:
>0:37.21,117.08;36.28,118.79;34.98,118.01;32.98,119.43;32.46,118.91;
#303:
>0:37.09,118.64;38.56,118.75;
#304:
>0:40.66,117.02;40.45,117.31;
#305:
>0:38.98,117.86;39.38,117.8;
#306:
>0:38.58,119.49;36.42,118.69;34.59,120.12;
#307:
>0:32.73,118.47;34.27,117.6;35.99,116.08;37.77,117.61;
#308:
>0:39.08,121.28;39.78,120.04;37.28,119.26;37.55,118.73;
#309:
>0:37.77,117.25;36.67,118.28;35.7,119.49;35.3,120.13;31.35,121.8;
#310:
>0:40.58,116.91;39.96,117.05;
#311:
>0:39.45,118.23;37.23,119.71;36.54,118.06;34.58,119.65;33.53,118.92;
#312:
>0:38.89,119.43;38.3,120.38;36.25,120.68;34.55,121.17;
#313:
>0:35.71,117.74;38.29,116.73;
#314:
>0:32.22,120.22;32.08,119.45;31.4,117.96;32.57,117.4;
#315:
>0:32.25,117.35;31.62,118.52;
#316:
>0:39.46,117.59;37.24,118.52;36.28,116.19;
#317:
>0:34.09,121.32;35.54,120.09;
#318:
>0:36.38,116.65;36.16,117.75;36.64,118.23;37.07,119.29;36.61,119.93;
#319:
>0:31.38,121.85;33.14,120.42;35.33,121.08;36.13,120.19;
#320:
>0:34.58,116.52;36.22,116.87;
#321:
>0:41.01,116.78;40.58,117.12;
#322:
>0:35.15,117.66;34.4,118.55;33.17,118.24;35.57,119.1;31.86,121.78;
#323:
>0:39.06,117.72;39.91,118.37;38.0,117.96;39.14,119.8;
#324:
>0:39.75,116.89;40.23,117.18;
#325:
>0:41.12,116.32;40.24,116.94;
#326:
>0:38.47,117.94;36.37,117.35;
#327:
>0:31.78,121.13;32.79,120.45;35.07,119.48;35.46,118.3;35.6,117.14;33.39,116.54;
#328:
>0:31.5,119.9;31.61,119.42;34.1,119.37;34.39,117.25;
#329:
>0:32.36,118.58;33.05,119.52;33.23,120.52;36.8,121.23;
#330:
>0:32.99,120.09;33.48,120.15;
#331:
>0:41.45,116.33;40.23,116.73;
#332:
>0:32.81,118.45;34.72,117.43;35.72,117.62;
#333:
>0:38.93,121.29;39.04,120.55;37.43,119.89;36.93,118.94;38.54,117.43;
#334:
>0:32.45,117.9;32.75,119.47;33.98,120.54;37.08,121.16;
#335:
>0:35.14,116.79;35.3,117.06;35.07,118.49;34.95,119.41;37.09,119.96;39.06,121.26;
#336:
>0:35.85,116.2;38.43,117.46;37.5,117.99;
#337:
>0:35.01,120.67;34.77,119.82;36.34,119.31;36.19,118.43;39.66,117.76;
#338:
>0:32.17,119.17;33.17,118.83;35.36,117.98;35.11,116.23;
#339:
>0:33.35,121.32;35.17,120.47;
#340:
>0:39.8,119.58;38.48,119.9;37.09,120.79;35.52,121.16;
#341:
>0:40.99,116.91;40.54,116.38;
