#0:
>0:39.93,116.2;39.92,116.17;
#1:
>0:39.99,116.34;39.97,116.37;39.96,116.34;39.93,116.29;39.93,116.34;40.01,116.32;
#2:
>0:39.9,116.16;39.95,116.23;
#3:
>0:39.97,116.23;39.98,116.29;40.0,116.32;
#4:
>0:39.97,116.39;39.99,116.32;40.01,116.32;39.94,116.24;
#5:
>0:39.99,116.32;40.0,116.32;
#6:
>0:39.91,116.38;39.95,116.35;
#7:
>0:39.94,116.27;39.97,116.21;39.98,116.15;
#8:
>0:40.02,116.37;40.03,116.41;39.99,116.37;39.98,116.44;39.92,116.34;
#9:
>0:40.07,116.39;40.06,116.32;39.99,116.33;
#10:
>0:40.06,116.19;40.04,116.22;40.06,116.25;40.02,116.33;40.02,116.32;39.96,116.42;
#11:
>0:39.95,116.27;39.95,116.27;
#12:
>0:40.07,116.42;40.02,116.36;40.02,116.4;39.99,116.42;
#13:
>0:40.03,116.27;40.04,116.27;40.06,116.21;
#14:
>0:39.96,116.35;39.98,116.33;40.0,116.35;40.0,116.25;40.07,116.21;
#15:
>0:39.98,116.34;39.95,116.32;39.95,116.25;40.03,116.19;
#16:
>0:40.02,116.3;40.03,116.28;40.04,116.29;40.03,116.21;
#17:
>0:40.04,116.32;39.96,116.25;39.99,116.22;39.95,116.17;
#18:
>0:40.03,116.43;40.06,116.42;
#19:
>0:40.06,116.35;40.09,116.35;40.04,116.34;40.01,116.28;40.02,116.17;
#20:
>0:39.92,116.34;39.95,116.26;39.97,116.24;40.01,116.18;
#21:
>0:40.02,116.43;40.0,116.37;39.98,116.37;39.95,116.27;39.92,116.2;
#22:
>0:40.06,116.36;40.09,116.33;40.05,116.29;40.02,116.22;40.04,116.17;
#23:
>0:40.05,116.26;40.07,116.27;40.07,116.19;
#24:
>0:40.07,116.37;40.07,116.33;40.06,116.29;
#25:
>0:39.96,116.43;39.99,116.42;40.01,116.44;40.02,116.38;40.07,116.31;
#26:
>0:40.02,116.4;40.02,116.39;40.02,116.3;40.01,116.27;40.07,116.2;
#27:
>0:40.03,116.33;40.02,116.31;39.96,116.27;39.94,116.27;
#28:
>0:39.91,116.24;39.92,116.17;39.96,116.15;39.98,116.21;40.01,116.27;40.05,116.25;
#29:
>0:40.01,116.43;40.01,116.37;40.02,116.31;40.01,116.26;40.0,116.22;
#30:
>0:39.9,116.31;39.93,116.29;39.97,116.21;40.0,116.18;
#31:
>0:40.07,116.21;40.03,116.29;40.06,116.28;40.07,116.38;
#32:
>0:39.96,116.28;39.94,116.28;
#33:
>0:40.05,116.24;40.03,116.25;40.01,116.35;
#34:
>0:39.9,116.37;39.92,116.32;39.9,116.27;
#35:
>0:40.05,116.23;40.04,116.29;39.99,116.22;39.96,116.26;39.94,116.39;
#36:
>0:39.94,116.24;39.96,116.27;40.03,116.29;
#37:
>0:39.97,116.38;40.0,116.36;
#38:
>0:40.03,116.36;40.04,116.33;
#39:
>0:39.94,116.17;39.91,116.22;
#40:
>0:39.96,116.18;39.98,116.23;40.01,116.26;40.02,116.32;40.01,116.36;
#41:
>0:40.09,116.34;40.06,116.36;40.03,116.33;39.96,116.26;
#42:
>0:39.93,116.27;39.98,116.34;39.96,116.35;
#43:
>0:39.95,116.2;39.98,116.28;39.95,116.31;39.95,116.36;39.98,116.42;
#44:
>0:39.91,116.3;39.94,116.36;39.98,116.45;40.0,116.41;
#45:
>0:39.9,116.2;39.96,116.27;39.96,116.2;40.01,116.26;40.04,116.33;40.07,116.37;
#46:
>0:40.02,116.34;40.0,116.26;
#47:
>0:39.95,116.15;39.97,116.23;40.0,116.19;
#48:
>0:39.97,116.16;39.96,116.22;39.91,116.25;
#49:
>0:39.94,116.34;39.95,116.28;39.96,116.23;39.93,116.18;
#50:
>0:39.91,116.19;39.91,116.21;39.92,116.29;39.93,116.31;
#51:
>0:39.91,116.33;39.94,116.36;39.97,116.44;40.0,116.35;
#52:
>0:39.92,116.36;39.94,116.33;39.91,116.26;39.97,116.21;
#53:
>0:40.0,116.2;39.97,116.16;39.95,116.16;
#54:
>0:39.98,116.32;39.93,116.34;39.91,116.34;
#55:
>0:39.91,116.17;39.94,116.16;39.98,116.2;39.99,116.27;40.03,116.27;40.08,116.32;
#56:
>0:40.01,116.4;39.99,116.35;40.01,116.36;39.94,116.33;39.93,116.27;40.0,116.19;
#57:
>0:40.01,116.23;40.0,116.25;
#58:
>0:40.08,116.31;40.04,116.39;40.03,116.42;40.02,116.35;39.97,116.43;39.92,116.38;
#59:
>0:39.99,116.2;39.99,116.31;
#60:
>0:39.99,116.2;39.98,116.25;39.94,116.34;39.91,116.37;
#61:
>0:40.09,116.3;40.04,116.32;40.0,116.25;39.99,116.21;39.96,116.29;39.93,116.28;
#62:
>0:40.02,116.26;40.01,116.24;39.97,116.27;39.95,116.34;39.92,116.35;
#63:
>0:40.04,116.44;40.0,116.36;40.04,116.31;40.01,116.29;40.0,116.22;
#64:
>0:39.93,116.26;39.96,116.21;40.01,116.28;
#65:
>0:40.08,116.34;40.03,116.37;
#66:
>0:39.98,116.32;39.96,116.32;
#67:
>0:39.92,116.21;39.95,116.27;39.96,116.23;40.01,116.28;40.05,116.25;40.06,116.32;
#68:
>0:39.98,116.23;39.95,116.21;39.9,116.25;
#69:
>0:39.96,116.22;40.01,116.19;
#70:
>0:40.07,116.3;40.07,116.29;40.01,116.27;
#71:
>0:40.02,116.41;40.02,116.36;40.03,116.33;40.03,116.25;40.02,116.27;40.0,116.17;
#72:
>0:40.0,116.37;39.99,116.34;40.02,116.35;39.93,116.23;
#73:
>0:39.95,116.22;39.93,116.26;40.0,116.17;
#74:
>0:40.02,116.37;40.02,116.32;40.0,116.29;40.03,116.26;40.0,116.29;40.04,116.26;40.03,116.29;40.04,116.25;40.0,116.25;40.0,116.2;39.97,116.27;39.95,116.34;40.0,116.35;
#75:
>0:39.94,116.25;39.93,116.25;39.95,116.35;
#76:
>0:39.94,116.26;39.92,116.25;39.96,116.38;
#77:
>0:40.03,116.16;40.02,116.2;39.98,116.15;
#78:
>0:39.91,116.24;39.94,116.25;39.97,116.22;40.03,116.26;40.04,116.3;40.05,116.36;
#79:
>0:39.96,116.45;39.9,116.44;
#80:
>0:40.0,116.36;40.02,116.35;
#81:
>0:39.99,116.21;39.96,116.16;
#82:
>0:40.03,116.43;40.0,116.35;39.99,116.32;40.02,116.33;39.98,116.28;39.98,116.15;
#83:
>0:39.93,116.21;39.93,116.22;
#84:
>0:39.97,116.33;39.96,116.33;39.91,116.26;
#85:
>0:40.0,116.29;40.04,116.31;39.99,116.32;39.99,116.42;
#86:
>0:39.96,116.37;39.98,116.33;40.02,116.36;40.01,116.29;40.07,116.22;
#87:
>0:39.95,116.21;39.96,116.23;40.02,116.26;40.05,116.37;
#88:
>0:39.96,116.47;39.97,116.44;40.01,116.35;
#89:
>0:40.03,116.34;40.05,116.32;40.03,116.44;
#90:
>0:39.98,116.37;40.01,116.36;
#91:
>0:39.96,116.43;39.97,116.39;40.01,116.44;40.03,116.36;40.05,116.41;
#92:
>0:40.02,116.35;40.0,116.37;39.96,116.44;
#93:
>0:40.0,116.31;40.01,116.35;
#94:
>0:39.97,116.31;40.0,116.32;39.96,116.24;
#95:
>0:39.92,116.31;39.94,116.36;39.97,116.44;
#96:
>0:39.98,116.39;40.01,116.41;40.04,116.33;
#97:
>0:39.91,116.44;39.94,116.38;39.98,116.38;
#98:
>0:39.98,116.25;39.93,116.33;39.94,116.38;
#99:
>0:39.97,116.39;40.01,116.34;40.0,116.37;39.94,116.2;
#100:
>0:39.95,116.26;39.92,116.27;
#101:
>0:39.93,116.17;39.92,116.24;
#102:
>0:40.03,116.27;40.04,116.34;39.97,116.39;
#103:
>0:39.92,116.15;39.96,116.23;39.96,116.27;
#104:
>0:39.91,116.41;39.95,116.35;39.98,116.34;39.94,116.29;
#105:
>0:39.97,116.46;40.0,116.43;40.04,116.32;
#106:
>0:40.08,116.32;40.04,116.31;40.0,116.36;39.99,116.35;39.95,116.36;39.92,116.3;
#107:
>0:40.0,116.34;39.95,116.37;39.92,116.32;
#108:
>0:39.93,116.2;39.97,116.21;39.99,116.2;40.01,116.2;40.06,116.19;
#109:
>0:39.94,116.21;39.99,116.26;39.94,116.33;39.96,116.39;39.97,116.44;
#110:
>0:40.01,116.38;40.04,116.3;
#111:
>0:39.96,116.46;39.95,116.37;39.97,116.34;40.03,116.26;
#112:
>0:39.98,116.34;39.95,116.36;
#113:
>0:40.04,116.17;40.04,116.21;40.06,116.25;40.03,116.33;40.05,116.37;
#114:
>0:39.97,116.47;39.97,116.44;
#115:
>0:40.02,116.44;40.01,116.37;39.99,116.33;39.93,116.27;
#116:
>0:39.98,116.38;39.97,116.48;
#117:
>0:40.02,116.28;40.0,116.26;
#118:
>0:40.03,116.39;40.04,116.44;
#119:
>0:39.93,116.3;39.96,116.32;40.01,116.35;
#120:
>0:39.96,116.17;39.94,116.19;
#121:
>0:39.96,116.19;39.97,116.15;
#122:
>0:39.97,116.45;39.99,116.41;40.03,116.4;
#123:
>0:39.93,116.28;39.94,116.25;39.98,116.15;
#124:
>0:39.9,116.26;39.93,116.31;39.95,116.29;40.0,116.28;
#125:
>0:39.99,116.27;40.04,116.31;40.03,116.34;40.05,116.41;
#126:
>0:40.0,116.19;39.97,116.19;40.02,116.27;
#127:
>0:40.02,116.24;40.0,116.22;39.97,116.29;39.95,116.24;
#128:
>0:40.06,116.36;40.08,116.34;40.02,116.35;
#129:
>0:39.93,116.37;39.94,116.3;39.98,116.29;
#130:
>0:39.92,116.3;39.95,116.39;39.97,116.45;40.0,116.42;
#131:
>0:40.0,116.44;40.0,116.38;40.03,116.34;40.02,116.25;39.99,116.21;
#132:
>0:40.03,116.25;39.99,116.21;39.96,116.28;39.93,116.35;
#133:
>0:40.06,116.35;40.08,116.34;40.07,116.27;40.05,116.22;40.02,116.18;
#134:
>0:39.91,116.21;39.94,116.29;
#135:
>0:40.0,116.22;40.0,116.2;40.0,116.26;40.09,116.34;
#136:
>0:40.02,116.27;40.0,116.22;40.07,116.16;
#137:
>0:40.04,116.32;40.01,116.35;39.98,116.25;39.93,116.28;
#138:
>0:39.99,116.3;39.94,116.33;
#139:
>0:39.92,116.33;39.94,116.38;39.97,116.44;
#140:
>0:40.07,116.39;40.06,116.33;40.03,116.3;40.0,116.3;40.02,116.22;
#141:
>0:39.98,116.23;39.93,116.27;
