#0:
>0:40.01,116.2;39.99,116.25;39.97,116.32;40.01,116.36;
#1:
>0:40.01,116.29;39.97,116.31;40.01,116.3;39.98,116.32;39.99,116.32;39.96,116.33;39.99,116.34;39.99,116.33;39.99,116.32;40.02,116.34;
#2:
>0:39.98,116.31;40.01,116.32;
#3:
>0:39.99,116.32;39.97,116.39;
#4:
>0:40.05,116.33;40.02,116.37;40.02,116.4;39.96,116.39;
#5:
>0:39.96,116.3;40.01,116.32;
#6:
>0:39.96,116.17;39.96,116.16;40.0,116.16;40.02,116.25;
#7:
>0:40.0,116.33;39.97,116.31;
#8:
>0:39.97,116.31;40.01,116.32;
#9:
>0:40.0,116.3;39.97,116.32;
#10:
>0:40.01,116.3;39.98,116.32;40.0,116.32;
#11:
>0:40.01,116.31;39.96,116.34;
#12:
>0:39.99,116.3;40.01,116.32;
#13:
>0:39.97,116.3;39.97,116.34;
#14:
>0:40.01,116.33;39.97,116.32;39.98,116.32;
#15:
>0:39.95,116.23;39.99,116.29;40.01,116.3;
#16:
>0:40.05,116.19;40.0,116.23;40.01,116.27;40.01,116.33;40.0,116.35;40.01,116.43;
#17:
>0:40.01,116.3;39.97,116.34;
#18:
>0:40.07,116.34;40.05,116.35;40.01,116.26;
#19:
>0:40.05,116.15;40.03,116.2;40.05,116.29;
#20:
>0:39.95,116.19;39.98,116.16;39.95,116.24;39.94,116.26;39.96,116.32;39.94,116.43;
#21:
>0:40.01,116.31;39.98,116.33;39.97,116.36;40.0,116.3;39.98,116.33;39.98,116.34;
#22:
>0:39.99,116.21;39.99,116.29;40.0,116.3;40.0,116.38;40.0,116.4;
#23:
>0:39.98,116.31;40.0,116.33;
#24:
>0:39.99,116.31;39.96,116.33;40.02,116.34;39.96,116.3;40.02,116.3;39.98,116.31;39.98,116.33;
#25:
>0:40.03,116.28;39.99,116.26;39.97,116.29;
#26:
>0:39.97,116.42;39.94,116.44;39.91,116.43;
#27:
>0:39.95,116.26;39.99,116.32;39.99,116.26;
#28:
>0:40.01,116.33;40.02,116.31;
#29:
>0:39.92,116.37;39.96,116.33;39.98,116.32;40.0,116.39;
#30:
>0:40.0,116.33;39.99,116.31;39.98,116.32;
#31:
>0:39.94,116.16;39.96,116.18;39.99,116.19;40.05,116.23;
#32:
>0:39.97,116.33;40.0,116.34;
#33:
>0:39.98,116.21;40.01,116.23;39.96,116.3;
#34:
>0:40.01,116.4;40.02,116.36;
#35:
>0:40.05,116.25;40.02,116.21;40.01,116.18;
#36:
>0:39.97,116.34;40.01,116.33;
#37:
>0:40.01,116.34;40.0,116.3;
#38:
>0:40.01,116.42;40.02,116.38;40.02,116.31;
#39:
>0:40.01,116.26;39.98,116.29;39.94,116.3;39.91,116.4;
#40:
>0:39.9,116.39;39.96,116.34;39.97,116.3;40.01,116.23;
#41:
>0:40.02,116.27;40.03,116.27;40.07,116.28;
#42:
>0:39.93,116.26;39.92,116.24;39.95,116.19;
#43:
>0:39.99,116.2;39.95,116.26;39.97,116.32;
#44:
>0:40.01,116.3;39.97,116.3;39.98,116.34;
#45:
>0:39.97,116.32;39.99,116.33;
#46:
>0:40.01,116.32;39.96,116.31;39.97,116.32;
#47:
>0:39.98,116.32;40.02,116.35;39.97,116.34;
#48:
>0:39.98,116.31;39.99,116.32;
#49:
>0:40.0,116.32;39.98,116.32;
#50:
>0:39.97,116.32;40.01,116.32;
#51:
>0:40.04,116.23;40.01,116.28;39.97,116.3;39.95,116.33;39.9,116.39;
#52:
>0:40.0,116.3;39.98,116.33;
#53:
>0:39.99,116.41;39.98,116.36;39.98,116.32;39.95,116.28;
#54:
>0:39.96,116.16;39.98,116.18;39.94,116.23;39.98,116.25;40.02,116.38;
#55:
>0:40.03,116.23;39.99,116.23;
#56:
>0:40.03,116.41;39.99,116.36;39.96,116.3;40.0,116.34;40.03,116.2;
#57:
>0:40.0,116.32;39.97,116.27;40.0,116.3;
#58:
>0:40.06,116.42;40.02,116.37;40.0,116.34;39.96,116.32;39.95,116.3;39.91,116.32;
#59:
>0:39.99,116.32;39.98,116.32;40.0,116.35;39.98,116.37;40.01,116.33;
#60:
>0:40.06,116.44;40.06,116.39;40.07,116.32;40.04,116.25;40.0,116.22;40.05,116.16;
#61:
>0:40.06,116.24;40.06,116.29;40.04,116.33;
#62:
>0:40.01,116.33;39.98,116.32;
#63:
>0:40.05,116.43;40.03,116.43;40.01,116.38;40.03,116.3;40.05,116.26;40.04,116.18;
#64:
>0:39.9,116.16;39.95,116.18;39.98,116.24;39.94,116.26;39.93,116.36;
#65:
>0:40.0,116.32;39.96,116.3;39.96,116.34;
#66:
>0:39.98,116.3;40.02,116.31;
#67:
>0:40.02,116.16;39.97,116.24;
#68:
>0:39.93,116.37;39.91,116.4;39.95,116.37;39.97,116.37;40.02,116.36;40.07,116.41;
#69:
>0:39.98,116.33;40.0,116.3;
#70:
>0:39.99,116.31;39.97,116.32;39.98,116.3;
#71:
>0:40.06,116.16;40.02,116.22;40.03,116.26;40.01,116.25;40.0,116.38;
#72:
>0:39.96,116.29;39.98,116.25;
#73:
>0:39.98,116.34;40.0,116.31;
#74:
>0:39.99,116.33;39.97,116.33;39.96,116.31;
#75:
>0:39.97,116.34;39.99,116.33;
#76:
>0:40.01,116.29;39.96,116.34;
#77:
>0:39.97,116.32;39.99,116.32;
#78:
>0:39.98,116.34;39.94,116.27;39.94,116.24;39.96,116.16;
#79:
>0:40.02,116.44;40.04,116.39;40.07,116.34;40.02,116.31;40.01,116.29;40.03,116.17;
#80:
>0:40.02,116.34;39.96,116.34;
#81:
>0:40.0,116.19;39.97,116.18;39.93,116.16;
#82:
>0:40.01,116.3;39.97,116.31;
#83:
>0:40.01,116.31;39.97,116.3;
#84:
>0:39.93,116.19;39.92,116.24;39.92,116.29;39.92,116.32;
#85:
>0:39.99,116.33;39.98,116.3;
#86:
>0:39.95,116.2;39.94,116.27;39.98,116.33;39.99,116.31;40.05,116.31;
#87:
>0:39.91,116.18;39.91,116.24;39.9,116.26;39.93,116.32;
#88:
>0:39.98,116.32;39.96,116.33;
#89:
>0:40.05,116.32;40.02,116.28;39.99,116.26;39.99,116.21;39.94,116.22;
#90:
>0:40.0,116.34;39.99,116.31;39.97,116.32;
#91:
>0:40.01,116.31;39.96,116.33;
#92:
>0:39.99,116.31;39.98,116.31;39.99,116.38;39.98,116.33;
#93:
>0:39.94,116.39;39.97,116.37;40.0,116.3;40.04,116.3;40.05,116.38;
#94:
>0:40.0,116.3;39.97,116.34;
#95:
>0:40.01,116.25;39.97,116.33;39.94,116.3;39.92,116.42;
#96:
>0:40.06,116.32;40.07,116.39;40.02,116.42;39.97,116.44;
#97:
>0:40.01,116.34;39.98,116.3;39.98,116.32;
#98:
>0:40.01,116.31;39.96,116.34;
#99:
>0:39.97,116.34;40.01,116.33;
#100:
>0:40.01,116.33;39.96,116.33;39.97,116.31;
#101:
>0:39.92,116.32;39.96,116.29;39.91,116.24;
#102:
>0:39.99,116.42;39.94,116.43;39.98,116.36;39.95,116.28;
#103:
>0:40.01,116.33;39.96,116.3;
#104:
>0:39.99,116.42;40.0,116.39;39.99,116.34;40.05,116.26;
#105:
>0:39.97,116.3;39.98,116.27;
#106:
>0:40.04,116.44;40.02,116.43;
#107:
>0:39.95,116.44;39.98,116.35;39.97,116.31;
#108:
>0:39.98,116.3;40.0,116.33;
#109:
>0:40.0,116.32;40.03,116.31;39.98,116.23;
#110:
>0:39.99,116.31;40.0,116.33;
#111:
>0:40.0,116.34;39.96,116.33;
#112:
>0:39.93,116.35;39.96,116.31;39.98,116.3;39.96,116.25;39.98,116.18;
#113:
>0:39.95,116.35;39.91,116.39;39.93,116.26;
#114:
>0:39.92,116.17;39.94,116.18;39.97,116.21;39.95,116.25;39.94,116.37;
#115:
>0:39.99,116.32;40.0,116.32;
#116:
>0:40.05,116.32;40.01,116.27;40.04,116.24;40.06,116.19;
#117:
>0:40.0,116.3;39.97,116.3;40.0,116.33;40.0,116.34;
#118:
>0:39.97,116.33;39.98,116.34;
#119:
>0:40.01,116.27;40.03,116.26;40.04,116.37;
#120:
>0:40.0,116.15;39.96,116.24;39.96,116.28;39.94,116.3;39.96,116.38;39.93,116.41;
#121:
>0:39.96,116.3;39.97,116.29;40.0,116.23;40.03,116.16;
#122:
>0:40.0,116.32;39.98,116.32;
#123:
>0:39.96,116.34;40.0,116.29;
#124:
>0:39.98,116.3;40.0,116.33;39.97,116.34;
#125:
>0:40.01,116.33;39.99,116.31;39.96,116.37;39.98,116.33;
#126:
>0:39.92,116.3;39.93,116.37;39.97,116.43;40.02,116.41;
#127:
>0:40.03,116.17;40.0,116.23;39.97,116.18;39.94,116.28;
#128:
>0:39.99,116.31;39.96,116.33;40.0,116.33;39.98,116.33;40.0,116.31;
#129:
>0:39.96,116.32;39.98,116.35;39.97,116.3;
#130:
>0:39.96,116.3;40.01,116.31;
#131:
>0:40.01,116.3;39.96,116.31;
#132:
>0:39.98,116.28;40.0,116.22;
#133:
>0:40.06,116.15;40.07,116.22;40.04,116.27;40.07,116.32;
#134:
>0:40.06,116.15;40.05,116.21;40.03,116.28;40.06,116.34;
#135:
>0:39.96,116.31;40.01,116.31;
#136:
>0:40.03,116.43;40.02,116.4;
#137:
>0:40.06,116.18;40.06,116.24;40.04,116.28;40.07,116.32;
#138:
>0:39.92,116.34;39.94,116.26;39.94,116.23;40.02,116.22;
#139:
>0:39.96,116.31;39.99,116.31;
#140:
>0:39.99,116.33;39.97,116.3;39.97,116.3;
#141:
>0:39.98,116.28;39.98,116.33;40.02,116.3;39.96,116.4;
