#0:
>0:39.47,115.88;38.71,114.85;39.95,114.25;
#1:
>0:39.98,117.15;39.91,116.82;
#2:
>0:38.47,115.35;38.7,113.7;39.37,113.18;39.56,112.43;
#3:
>0:39.93,116.68;40.21,116.39;
#4:
>0:39.43,116.44;38.8,115.64;39.4,115.49;39.63,113.21;
#5:
>0:37.61,111.51;37.73,111.83;37.45,111.93;37.86,114.22;
#6:
>0:37.46,110.84;37.23,111.6;
#7:
>0:39.61,110.98;39.18,111.01;38.94,111.72;38.67,113.11;37.95,114.19;
#8:
>0:39.85,117.29;40.17,116.94;
#9:
>0:39.72,114.62;39.91,115.22;39.55,116.04;38.84,115.64;37.87,116.34;
#10:
>0:38.47,114.76;38.81,114.66;39.31,112.7;39.58,112.57;
#11:
>0:39.97,116.34;40.01,116.71;
#12:
>0:38.69,116.49;38.48,115.28;38.16,114.37;38.01,112.98;37.33,112.49;
#13:
>0:39.78,113.38;39.53,112.8;39.08,112.71;38.58,113.92;38.6,114.91;37.36,115.53;
#14:
>0:37.49,114.66;37.83,115.29;38.59,114.35;38.64,115.33;39.39,115.07;40.06,116.66;
#15:
>0:40.01,112.72;39.5,113.52;38.67,112.01;38.25,113.86;
#16:
>0:40.08,116.62;40.27,116.36;
#17:
>0:39.93,116.51;40.26,117.06;
#18:
>0:38.37,111.97;38.18,112.95;38.87,114.3;
#19:
>0:38.41,113.58;37.74,114.62;37.65,115.21;
#20:
>0:37.56,114.75;37.26,115.12;
#21:
>0:39.62,111.77;39.29,113.23;38.79,112.78;38.26,113.75;38.29,116.58;
#22:
>0:37.62,116.12;37.95,115.67;38.42,113.84;38.76,113.98;
#23:
>0:38.03,113.79;38.42,112.86;38.91,112.78;39.03,112.6;40.05,111.41;
#24:
>0:38.15,112.62;38.4,113.61;38.67,113.5;38.54,113.87;38.31,116.23;
#25:
>0:38.61,111.48;38.27,111.45;
#26:
>0:37.8,111.42;38.21,112.46;38.88,113.44;39.46,113.39;
#27:
>0:38.06,116.33;38.11,115.76;
#28:
>0:40.19,116.78;40.28,117.06;
#29:
>0:39.95,114.72;39.35,114.36;39.47,115.19;38.89,115.49;38.25,115.37;37.5,115.63;
#30:
>0:39.05,116.65;38.42,115.15;
#31:
>0:39.36,114.68;38.65,113.77;39.58,113.44;39.76,111.48;
#32:
>0:37.84,116.55;38.21,114.84;38.36,113.81;
#33:
>0:37.44,114.2;37.83,113.11;38.49,111.79;38.66,111.12;
#34:
>0:39.89,114.57;39.82,115.23;39.53,116.08;38.45,114.69;
#35:
>0:39.27,113.1;39.66,113.0;
#36:
>0:39.77,113.6;39.54,112.7;39.04,112.98;38.74,111.76;38.25,111.42;37.67,111.97;
#37:
>0:40.01,116.47;40.27,116.84;
#38:
>0:39.91,111.02;39.17,112.39;39.83,113.52;39.51,113.87;
#39:
>0:38.11,113.28;38.52,112.39;38.36,110.75;
#40:
>0:38.94,115.75;38.72,114.73;40.34,116.95;
#41:
>0:39.7,111.26;39.21,110.81;39.01,110.82;38.77,112.03;38.11,111.06;
#42:
>0:40.12,117.01;40.23,117.16;
#43:
>0:40.07,116.63;39.92,116.89;
#44:
>0:39.76,115.34;39.49,115.95;
#45:
>0:37.67,111.91;37.3,111.09;38.13,112.19;39.02,113.24;
#46:
>0:40.36,117.15;39.94,116.9;
#47:
>0:39.95,110.82;39.44,112.0;39.02,111.84;38.58,112.16;
#48:
>0:39.56,110.95;39.27,111.74;39.24,113.45;
#49:
>0:39.94,116.33;39.91,116.53;
#50:
>0:39.4,111.65;39.32,111.92;39.91,113.44;39.97,113.89;39.64,114.75;40.15,116.34;
#51:
>0:39.86,114.97;39.53,116.18;38.88,114.73;38.26,115.42;37.73,116.38;37.45,116.23;
#52:
>0:38.87,112.09;39.34,112.46;39.61,111.94;
#53:
>0:38.15,114.87;38.6,114.93;39.09,114.95;
#54:
>0:38.36,115.86;38.52,115.58;38.78,114.08;38.39,113.16;
#55:
>0:40.34,116.74;40.05,116.66;
#56:
>0:37.5,114.77;37.98,113.88;38.53,112.88;39.05,111.95;39.47,112.67;
#57:
>0:40.1,117.08;40.21,117.31;
#58:
>0:38.51,114.34;37.98,113.05;37.51,112.17;
#59:
>0:37.95,115.67;38.53,114.48;39.02,115.48;39.27,115.07;40.02,116.5;
#60:
>0:40.15,116.51;40.1,116.89;
#61:
>0:37.51,112.4;37.28,111.44;38.07,111.81;38.79,111.64;
#62:
>0:39.93,116.42;40.01,117.19;
#63:
>0:37.66,115.86;37.81,115.6;38.22,113.87;38.81,114.93;39.54,115.01;39.63,115.19;
#64:
>0:37.64,113.76;38.04,112.88;38.45,112.66;38.91,111.66;
#65:
>0:37.36,110.75;38.0,111.78;37.52,112.52;37.95,114.54;
#66:
>0:38.16,115.26;38.63,113.83;39.05,115.19;39.32,116.02;39.98,114.63;
#67:
>0:39.27,112.27;39.28,111.69;
#68:
>0:37.96,113.86;38.12,113.37;38.07,112.54;
#69:
>0:37.56,112.47;38.06,112.84;38.39,114.55;38.99,115.24;39.13,116.55;
#70:
>0:40.14,117.06;39.76,115.56;39.32,114.35;38.19,114.61;
#71:
>0:38.55,111.49;38.4,111.91;
#72:
>0:37.67,110.77;37.89,112.14;38.39,113.55;38.15,114.63;38.41,114.53;
#73:
>0:39.97,117.06;40.15,116.89;
#74:
>0:39.35,113.36;39.99,114.07;40.05,115.18;
#75:
>0:40.29,116.61;40.27,116.61;
#76:
>0:40.01,117.2;40.21,116.68;
#77:
>0:37.84,114.02;38.21,113.35;38.94,112.73;38.84,111.97;39.9,110.8;
#78:
>0:39.06,111.43;38.86,112.68;39.92,110.97;
#79:
>0:37.24,115.83;38.16,115.41;38.25,114.6;37.91,113.59;
#80:
>0:38.63,112.38;38.35,113.04;
#81:
>0:37.87,115.61;38.53,113.76;37.84,113.01;
#82:
>0:38.46,112.98;37.86,112.21;
#83:
>0:38.03,110.88;38.35,112.42;38.67,112.78;39.22,113.08;
#84:
>0:40.36,116.55;40.1,116.7;
#85:
>0:40.31,116.88;40.15,117.23;
#86:
>0:38.27,115.73;39.08,116.24;39.23,114.86;
#87:
>0:38.02,110.74;37.48,112.58;37.59,113.5;37.91,112.89;37.77,115.5;
#88:
>0:37.85,115.95;38.62,115.3;38.27,114.42;
#89:
>0:39.97,116.88;39.86,116.79;
#90:
>0:38.61,111.38;38.97,112.44;39.36,113.08;39.27,113.74;
#91:
>0:38.1,116.38;37.92,115.11;37.62,113.73;
#92:
>0:38.23,115.14;38.82,116.39;39.05,115.6;40.07,116.94;
#93:
>0:39.9,116.93;40.18,117.13;
#94:
>0:39.09,116.65;39.03,115.01;39.65,115.4;
#95:
>0:38.54,111.06;37.87,110.93;37.65,110.74;
#96:
>0:40.01,117.17;40.14,116.52;
#97:
>0:37.26,113.32;38.13,113.1;38.29,112.56;38.75,112.9;39.15,113.38;
#98:
>0:40.28,116.44;39.99,114.89;39.2,113.96;38.39,113.84;
#99:
>0:39.7,112.91;39.5,112.8;38.87,112.81;38.59,111.57;
#100:
>0:37.61,114.84;37.5,115.2;
#101:
>0:39.48,115.2;39.7,115.28;39.1,113.41;
#102:
>0:39.35,112.04;39.04,113.59;38.18,114.49;38.05,114.06;
#103:
>0:38.95,113.97;38.38,113.44;38.15,112.32;
#104:
>0:38.56,114.82;37.71,114.65;38.15,112.83;38.61,112.05;38.91,111.3;
#105:
>0:40.18,117.21;39.9,115.24;39.56,114.21;39.46,112.96;
#106:
>0:37.82,112.77;37.63,114.13;38.62,115.19;
#107:
>0:38.12,113.61;38.36,111.86;38.41,111.61;
#108:
>0:37.27,111.59;38.15,112.19;37.68,112.52;37.43,114.12;
#109:
>0:40.07,117.29;40.07,116.39;
#110:
>0:40.23,116.49;40.23,116.86;
#111:
>0:39.72,114.48;39.44,113.51;
#112:
>0:38.32,113.85;37.81,113.65;37.25,111.78;
#113:
>0:39.2,113.77;39.28,114.62;
#114:
>0:37.96,115.94;38.25,116.11;38.77,116.3;39.09,115.28;40.21,116.68;
#115:
>0:39.97,113.01;39.34,113.87;38.86,113.33;38.59,113.96;38.16,114.33;
#116:
>0:38.68,116.44;39.42,115.31;
#117:
>0:40.33,116.4;40.25,117.15;
#118:
>0:39.12,111.83;39.71,111.13;
#119:
>0:39.94,110.98;39.49,112.36;39.01,113.66;38.37,114.48;37.98,115.56;37.66,115.81;
#120:
>0:37.75,112.4;37.39,112.65;38.63,113.84;
#121:
>0:39.85,114.19;39.27,113.07;
#122:
>0:38.6,116.09;38.94,115.31;38.2,114.88;39.04,114.22;39.44,113.22;39.22,110.82;
#123:
>0:40.22,116.82;39.97,115.3;39.38,114.49;38.3,114.63;
#124:
>0:38.02,116.17;38.39,115.6;38.52,114.67;
#125:
>0:40.17,116.85;40.18,117.16;
#126:
>0:38.79,111.63;39.02,112.52;38.44,111.27;37.4,112.12;
#127:
>0:40.14,116.34;40.0,116.77;
#128:
>0:39.03,115.24;39.29,115.08;39.91,113.52;
#129:
>0:39.03,116.16;38.33,116.39;
#130:
>0:39.37,111.93;38.75,112.45;
#131:
>0:37.5,115.1;37.51,114.92;
#132:
>0:37.87,116.04;38.49,116.1;
#133:
>0:40.36,116.65;40.27,117.1;
#134:
>0:38.98,114.35;39.55,114.51;39.97,113.99;
#135:
>0:38.97,115.05;38.32,114.72;37.81,115.29;
#136:
>0:38.69,115.94;39.18,114.99;39.81,114.07;39.94,113.46;39.56,113.24;39.86,110.76;
#137:
>0:37.4,111.2;37.51,112.65;37.27,112.96;38.51,114.36;
#138:
>0:38.02,112.49;37.31,112.08;
#139:
>0:39.91,114.08;39.6,113.02;39.5,113.34;38.76,111.8;38.02,112.52;
#140:
>0:40.28,117.31;40.05,116.91;
#141:
>0:39.86,114.78;39.4,114.38;39.11,113.05;38.74,112.02;38.52,110.77;37.33,111.02;
#142:
>0:38.73,114.37;38.95,113.09;38.25,113.81;37.58,114.51;
#143:
>0:38.18,114.84;38.89,113.94;39.56,113.67;39.36,112.03;
#144:
>0:37.99,116.18;38.16,115.72;
#145:
>0:37.46,112.68;37.84,112.72;38.52,114.5;38.93,114.82;39.26,116.6;
#146:
>0:39.99,116.49;40.07,116.74;
#147:
>0:40.28,117.24;40.25,117.09;
#148:
>0:39.84,114.03;39.7,115.43;39.02,116.52;
#149:
>0:40.31,116.63;39.94,116.83;
#150:
>0:39.94,116.47;40.09,116.45;
#151:
>0:38.88,114.09;38.36,115.53;38.37,116.1;
#152:
>0:38.34,112.27;38.26,113.16;
#153:
>0:39.26,116.19;38.74,115.01;38.45,114.68;37.94,115.37;
#154:
>0:38.44,116.31;38.65,114.99;38.17,115.65;38.72,114.08;38.76,113.46;39.37,110.89;
#155:
>0:37.64,115.02;38.0,115.19;
#156:
>0:40.32,116.84;39.97,115.28;38.96,114.8;
#157:
>0:38.92,112.06;38.86,112.75;38.39,114.34;38.83,114.97;39.5,116.58;
#158:
>0:38.8,115.77;38.25,115.15;38.28,113.87;
#159:
>0:39.71,111.72;39.41,110.72;39.06,112.26;38.8,113.18;37.73,113.11;
#160:
>0:37.83,113.89;37.71,112.91;38.2,112.38;37.69,111.36;
#161:
>0:39.58,112.6;38.8,113.31;38.37,114.2;
#162:
>0:38.42,111.04;37.78,111.45;37.69,110.96;
#163:
>0:38.36,114.82;38.09,114.0;37.85,112.71;37.39,112.09;
#164:
>0:40.27,116.95;40.25,116.67;
#165:
>0:37.67,114.36;37.96,113.3;38.57,112.02;38.68,110.85;
#166:
>0:39.5,112.46;38.79,113.66;38.34,114.22;37.95,113.74;
#167:
>0:38.37,114.13;38.14,113.16;37.91,111.84;
#168:
>0:38.78,112.38;38.19,111.24;37.96,111.22;37.39,111.31;
#169:
>0:39.31,112.19;39.59,113.44;39.74,113.94;39.62,115.16;38.98,115.85;
#170:
>0:39.19,116.59;38.71,115.48;38.21,115.42;37.78,114.39;38.32,111.76;
#171:
>0:39.68,114.43;39.73,114.9;39.11,116.27;
#172:
>0:38.33,115.34;38.91,113.95;38.61,113.4;
#173:
>0:37.69,111.6;37.61,112.01;37.61,113.15;37.55,113.69;
#174:
>0:39.06,114.34;38.6,115.59;38.13,115.94;
#175:
>0:39.87,111.87;39.47,111.56;39.0,112.65;38.19,111.01;38.12,111.64;37.58,113.68;
#176:
>0:40.23,117.09;40.24,116.44;
#177:
>0:38.83,116.53;38.94,115.28;37.89,115.97;
#178:
>0:40.29,117.15;39.96,116.17;
#179:
>0:40.36,117.23;40.0,117.28;
#180:
>0:39.35,112.58;39.96,113.22;40.02,114.15;39.59,114.95;39.08,115.8;
#181:
>0:37.82,114.12;38.59,112.95;38.66,113.12;39.24,112.7;39.77,113.56;
#182:
>0:38.88,112.06;38.74,113.18;38.61,113.81;38.96,115.23;39.39,116.18;
#183:
>0:39.71,111.73;39.77,112.37;
#184:
>0:39.02,111.51;38.34,112.1;39.11,113.67;38.36,113.88;38.88,114.78;38.27,116.48;
#185:
>0:38.82,112.79;38.49,113.44;
#186:
>0:38.96,116.11;38.98,115.35;40.15,116.77;
#187:
>0:40.29,116.35;39.95,116.56;
#188:
>0:39.57,111.96;38.91,113.07;38.29,114.44;
#189:
>0:38.5,112.74;38.97,113.47;38.6,114.13;38.53,116.58;
#190:
>0:38.24,114.36;38.87,112.96;39.2,111.86;39.55,110.92;
#191:
>0:40.04,113.65;39.39,113.0;38.94,111.83;38.49,111.46;38.01,111.2;37.65,113.47;
#192:
>0:40.27,116.56;40.26,117.22;
#193:
>0:39.31,110.75;39.39,111.89;39.2,112.88;
#194:
>0:39.75,111.24;39.46,111.16;38.77,111.01;38.98,112.57;38.15,111.42;
#195:
>0:37.52,113.43;37.34,112.66;38.02,113.66;38.51,114.24;39.51,116.25;
#196:
>0:39.96,116.89;40.08,116.68;
#197:
>0:39.07,115.26;39.22,114.83;39.62,114.77;
#198:
>0:39.88,112.62;39.2,113.55;39.57,114.49;
#199:
>0:38.44,112.71;38.73,112.51;38.73,111.53;
#200:
>0:39.95,114.17;39.9,113.36;39.46,112.81;38.73,112.33;38.4,111.3;37.44,112.3;
#201:
>0:40.09,116.72;40.25,116.35;
#202:
>0:40.16,116.44;40.33,116.71;
#203:
>0:40.2,116.56;40.02,117.2;
#204:
>0:39.17,115.6;38.77,113.73;39.13,112.98;38.7,111.77;37.81,110.98;
#205:
>0:39.6,110.77;39.2,112.45;39.42,113.48;
#206:
>0:38.09,116.41;37.4,114.94;37.36,114.02;37.33,112.93;38.58,112.51;
#207:
>0:40.1,116.71;40.18,117.3;
#208:
>0:39.97,116.89;39.92,116.84;
#209:
>0:40.28,116.42;40.26,116.48;
#210:
>0:38.46,112.15;38.95,111.52;
#211:
>0:38.1,114.79;38.56,114.34;38.74,114.8;39.32,115.76;39.71,114.16;
#212:
>0:40.27,117.17;40.03,116.62;
#213:
>0:37.58,116.65;38.09,114.89;38.5,114.14;38.46,113.49;
#214:
>0:40.12,116.65;40.23,116.75;
#215:
>0:39.32,115.79;38.76,114.69;38.4,114.92;38.17,115.77;37.56,114.63;
#216:
>0:39.47,115.65;39.03,113.7;38.26,114.46;
#217:
>0:39.02,116.37;38.4,115.38;
#218:
>0:39.48,114.68;38.77,114.66;38.21,114.25;
#219:
>0:38.17,114.44;37.81,113.61;37.25,111.96;
#220:
>0:38.46,116.27;39.1,115.22;39.46,114.81;39.82,112.95;
#221:
>0:39.79,112.74;39.4,113.2;39.03,113.35;38.65,112.03;38.27,111.27;37.23,112.28;
#222:
>0:38.31,113.3;38.86,113.05;38.31,114.5;38.48,115.92;
#223:
>0:40.37,116.84;40.06,116.66;
#224:
>0:39.01,114.94;38.61,114.55;38.51,113.03;
#225:
>0:39.6,110.85;39.45,111.13;38.87,112.64;38.72,112.7;38.43,113.87;38.02,115.74;
#226:
>0:39.18,116.45;38.71,115.55;38.55,115.13;38.02,113.92;38.21,111.89;
#227:
>0:37.74,115.97;38.1,115.22;
#228:
>0:39.23,114.16;38.95,114.39;39.21,112.69;
#229:
>0:39.57,113.77;39.05,114.61;39.09,113.6;37.85,114.2;
#230:
>0:37.43,114.16;38.1,114.68;38.28,114.13;38.67,114.78;39.33,115.2;40.09,116.44;
#231:
>0:38.65,111.8;39.1,113.62;38.5,114.28;38.69,115.64;39.48,116.43;
#232:
>0:37.53,112.12;37.74,113.16;37.47,113.98;37.76,115.5;38.32,116.46;
#233:
>0:38.79,110.91;38.94,112.37;38.65,113.65;38.59,114.51;38.6,115.04;38.9,115.79;
#234:
>0:39.11,115.95;38.76,115.09;38.97,114.27;38.88,113.69;38.93,111.74;39.1,111.42;
#235:
>0:40.28,116.65;40.3,116.62;
#236:
>0:37.77,111.09;37.45,111.88;
#237:
>0:40.17,117.03;40.2,116.72;
#238:
>0:39.69,111.3;39.18,112.62;39.72,113.25;39.58,114.47;40.01,114.89;39.02,115.98;
#239:
>0:39.49,114.32;39.42,114.76;38.43,116.47;
#240:
>0:39.11,112.51;38.47,112.17;
#241:
>0:39.82,112.13;39.22,111.67;38.94,112.56;38.29,113.85;
#242:
>0:37.57,113.98;37.91,115.16;38.58,113.96;38.78,114.68;39.15,114.96;40.05,113.46;
#243:
>0:40.25,117.04;39.64,114.82;39.55,115.77;39.11,115.43;37.9,115.86;
#244:
>0:39.98,113.05;39.36,112.75;38.87,112.26;
#245:
>0:38.93,115.88;39.16,115.41;39.61,114.0;39.83,113.5;39.31,112.99;39.71,111.11;
#246:
>0:40.35,116.9;40.35,116.39;
#247:
>0:38.96,111.59;39.58,111.77;39.95,112.93;
#248:
>0:40.28,116.83;39.95,116.92;
#249:
>0:39.51,110.91;39.48,112.16;39.85,113.61;39.86,113.93;39.3,114.86;
#250:
>0:38.06,112.41;37.8,111.1;
#251:
>0:39.16,110.87;39.0,111.25;38.58,112.46;37.95,111.58;
#252:
>0:39.95,111.53;39.42,112.02;39.5,112.89;
#253:
>0:39.92,115.21;39.23,114.37;38.76,112.97;38.97,112.06;38.57,111.4;37.51,111.1;
#254:
>0:37.3,110.73;37.47,112.24;37.5,113.2;37.46,113.82;
#255:
>0:39.41,111.46;39.53,112.27;40.0,112.99;39.87,114.63;40.01,115.25;40.33,117.29;
#256:
>0:40.23,116.95;40.3,117.24;
#257:
>0:39.91,116.43;40.04,116.71;
#258:
>0:40.27,117.29;39.31,115.47;39.09,113.7;38.25,113.67;37.88,112.45;37.55,111.63;
#259:
>0:38.74,113.83;38.24,115.24;37.83,115.77;
#260:
>0:40.34,116.34;40.19,116.52;
#261:
>0:39.28,116.61;39.83,115.37;39.51,113.77;39.06,114.39;39.33,112.88;39.24,111.23;
#262:
>0:39.02,116.17;38.95,115.41;39.02,114.15;39.23,113.67;38.67,112.34;38.94,111.26;
#263:
>0:38.61,114.78;38.98,114.67;39.34,113.21;39.52,112.36;
#264:
>0:38.96,113.22;38.84,111.95;
#265:
>0:40.32,116.65;39.26,114.72;38.94,114.41;38.18,113.37;38.05,112.08;
#266:
>0:38.84,115.15;38.58,114.91;39.05,114.26;38.96,112.47;
#267:
>0:39.5,113.87;38.69,113.51;39.02,111.92;38.34,111.37;37.34,112.11;
#268:
>0:38.57,112.53;37.88,112.76;37.3,114.36;37.3,115.54;
#269:
>0:37.33,115.99;37.78,115.1;38.49,114.06;38.24,114.7;38.75,114.66;39.99,112.66;
#270:
>0:40.09,116.45;40.1,117.06;
#271:
>0:39.66,115.51;39.45,114.19;39.02,114.3;38.73,113.36;38.11,114.06;
#272:
>0:39.99,116.71;40.13,116.54;
#273:
>0:39.94,113.89;39.62,115.49;39.34,115.99;38.27,115.53;
#274:
>0:38.89,111.18;38.58,112.2;38.1,112.99;37.85,114.14;37.86,115.59;
#275:
>0:39.71,111.62;39.34,110.84;38.93,111.32;39.08,112.0;37.97,111.02;
#276:
>0:37.35,111.09;37.99,112.24;37.57,112.47;38.37,114.58;
#277:
>0:39.96,116.91;40.25,116.6;
#278:
>0:38.56,115.3;39.1,114.36;39.29,113.68;39.92,112.02;
#279:
>0:40.16,116.68;40.12,116.81;
#280:
>0:40.01,114.47;39.41,114.43;38.86,112.85;
#281:
>0:38.61,113.79;37.86,113.5;
#282:
>0:40.23,116.68;39.93,116.47;
#283:
>0:37.74,111.39;38.07,111.84;37.48,112.44;38.16,113.12;37.35,113.82;37.28,116.28;
#284:
>0:39.79,112.87;40.02,114.29;39.16,113.74;38.89,113.13;38.16,114.4;
#285:
>0:38.27,111.85;38.3,113.37;38.95,113.37;38.62,114.74;
#286:
>0:40.23,116.62;40.31,117.19;
#287:
>0:38.65,113.53;38.96,114.41;39.73,112.02;
#288:
>0:38.49,110.89;39.02,112.59;39.49,111.75;
#289:
>0:38.86,115.58;39.28,113.86;
#290:
>0:37.53,114.32;38.08,112.95;38.19,113.28;
#291:
>0:39.09,114.28;38.2,113.34;38.05,111.87;
#292:
>0:37.91,111.69;37.64,112.33;37.82,113.33;37.26,114.53;38.39,114.94;
#293:
>0:39.32,112.37;39.54,111.22;
#294:
>0:39.18,115.05;38.95,113.78;38.39,113.8;
#295:
>0:39.57,112.44;39.92,110.91;
#296:
>0:39.89,113.33;39.28,114.03;
#297:
>0:38.11,111.14;38.06,112.12;37.67,112.98;
#298:
>0:40.08,116.9;40.23,116.23;
#299:
>0:38.4,114.88;38.16,113.92;37.89,112.97;38.47,111.9;38.85,111.63;
#300:
>0:39.59,113.13;39.74,114.18;39.37,115.14;
#301:
>0:39.7,110.78;39.48,110.81;38.84,110.84;38.63,112.62;38.06,111.1;
#302:
>0:39.09,111.12;38.45,112.56;38.05,112.71;37.94,114.59;37.72,114.72;
#303:
>0:38.91,114.04;38.33,113.21;37.75,111.75;
#304:
>0:37.95,114.19;38.18,112.75;38.98,113.64;38.8,111.72;39.6,111.04;
#305:
>0:40.26,117.12;40.33,117.09;
#306:
>0:38.64,116.42;38.75,116.65;39.57,115.25;
#307:
>0:37.58,111.56;37.46,111.73;38.32,112.38;
#308:
>0:38.83,114.79;38.38,115.08;37.7,115.48;
#309:
>0:38.39,113.79;39.07,113.03;39.51,112.56;39.17,110.83;
#310:
>0:38.72,114.63;38.39,113.24;37.94,111.99;37.62,111.01;
#311:
>0:37.68,116.16;37.82,116.05;38.28,116.21;38.9,116.02;39.56,115.96;
#312:
>0:38.55,114.22;38.97,113.13;39.47,112.62;
#313:
>0:39.88,111.41;39.57,111.46;38.72,110.81;38.68,112.19;37.91,111.23;
#314:
>0:38.98,116.63;38.19,115.48;37.72,116.58;37.47,114.23;
#315:
>0:39.13,114.78;38.76,114.79;38.62,115.19;38.02,115.69;37.66,114.01;
#316:
>0:39.95,117.14;39.6,115.04;39.47,114.0;38.33,114.0;
#317:
>0:40.28,116.2;40.3,116.57;
#318:
>0:40.03,112.97;39.15,114.23;
#319:
>0:38.47,112.0;38.87,113.11;38.28,113.71;38.23,115.23;
#320:
>0:37.32,115.71;37.83,115.11;38.6,115.21;38.11,114.26;37.74,113.61;38.52,111.35;
#321:
>0:39.43,112.64;39.64,112.65;
#322:
>0:39.26,113.46;40.05,112.01;
#323:
>0:39.97,111.73;39.38,111.53;38.8,112.34;38.63,111.07;37.81,111.52;37.56,112.92;
#324:
>0:39.12,114.79;38.87,114.12;38.26,114.55;
#325:
>0:39.95,116.36;40.21,116.6;
#326:
>0:37.64,111.12;37.64,111.59;
#327:
>0:40.28,116.97;39.43,115.43;39.41,113.91;
#328:
>0:37.52,114.36;37.93,114.07;
#329:
>0:39.96,111.5;39.14,111.58;39.0,110.82;38.39,110.97;
#330:
>0:37.78,113.73;37.53,115.5;
#331:
>0:40.05,113.41;39.35,112.07;
#332:
>0:39.25,114.39;39.63,113.25;39.49,112.23;
#333:
>0:40.05,116.86;39.92,116.4;
#334:
>0:39.34,114.35;39.23,115.25;39.06,114.98;38.56,114.68;37.29,115.03;
#335:
>0:37.79,112.59;37.25,111.88;
#336:
>0:37.24,115.81;37.85,115.28;38.55,114.08;38.89,114.32;
#337:
>0:39.97,116.76;40.14,116.98;
#338:
>0:37.6,116.11;37.81,115.01;
#339:
>0:38.94,112.2;39.07,113.56;38.24,113.88;38.92,115.37;39.48,116.59;
#340:
>0:37.6,112.13;38.08,113.05;37.28,113.91;37.52,114.94;
#341:
>0:37.83,112.2;38.37,113.43;38.62,114.55;
#342:
>0:37.26,113.26;37.78,112.7;38.4,113.38;
#343:
>0:38.91,112.15;38.69,113.64;38.19,114.4;38.82,115.14;39.37,116.64;
#344:
>0:37.94,113.37;38.39,114.64;38.54,115.02;38.8,116.35;
#345:
>0:39.16,114.29;38.73,113.56;38.39,115.61;
#346:
>0:40.1,117.15;40.08,116.56;
#347:
>0:40.15,116.6;39.99,117.22;
#348:
>0:37.66,111.68;37.53,112.09;37.76,112.86;38.32,113.97;38.88,115.38;39.17,115.99;
#349:
>0:39.3,115.31;38.71,115.07;38.22,114.79;37.94,115.91;37.68,114.42;
