#0:
>0:38.49,112.24;39.0,112.03;39.22,112.67;
#1:
>0:37.83,115.77;37.83,116.39;
#2:
>0:37.76,114.68;38.24,112.8;38.96,113.42;
#3:
>0:39.49,116.12;39.14,116.19;
#4:
>0:38.32,111.39;38.35,111.73;37.75,113.14;38.58,113.96;37.84,115.21;39.08,116.05;
#5:
>0:39.56,115.04;38.98,115.7;38.86,115.3;37.92,115.99;
#6:
>0:39.1,116.63;38.93,114.73;38.82,113.88;38.31,113.55;37.88,111.94;38.02,111.51;
#7:
>0:38.96,112.03;38.67,111.27;
#8:
>0:40.21,116.52;40.33,116.76;
#9:
>0:39.29,115.26;39.53,114.28;38.82,113.39;39.39,112.45;
#10:
>0:37.92,113.12;38.59,114.6;38.02,115.5;38.95,116.2;
#11:
>0:40.23,116.78;39.95,117.06;
#12:
>0:37.65,112.52;37.57,113.08;37.34,114.06;37.44,114.96;
#13:
>0:40.19,116.72;39.89,117.0;
#14:
>0:38.25,115.97;39.07,115.38;
#15:
>0:38.43,113.85;37.92,114.79;39.09,116.29;
#16:
>0:38.25,114.3;38.02,113.54;38.04,111.92;
#17:
>0:38.38,113.87;37.82,114.72;37.99,116.31;
#18:
>0:37.44,111.71;38.15,111.06;38.23,112.2;39.09,112.31;39.25,111.19;
#19:
>0:39.27,113.15;39.37,113.06;
#20:
>0:40.1,117.06;39.87,117.08;
#21:
>0:39.25,116.63;39.1,115.46;39.06,113.75;38.44,113.34;38.7,111.96;39.04,110.83;
#22:
>0:39.76,113.11;39.18,113.8;38.66,114.35;38.3,113.97;37.73,114.47;
#23:
>0:39.56,113.12;39.0,112.76;38.32,113.65;
#24:
>0:37.64,113.33;38.05,112.53;37.73,110.98;
#25:
>0:40.13,116.1;40.04,116.93;
#26:
>0:39.53,112.49;39.55,111.36;39.02,110.74;37.89,111.15;
#27:
>0:40.31,116.56;40.0,116.36;
#28:
>0:38.84,113.92;38.52,113.56;38.87,111.99;38.92,111.4;
#29:
>0:40.07,116.77;39.73,115.57;39.29,115.58;38.39,115.66;
#30:
>0:37.85,113.76;38.36,115.36;38.95,116.1;39.2,115.98;
#31:
>0:38.96,115.91;38.77,115.57;
#32:
>0:37.87,112.9;38.31,112.05;39.09,112.09;39.37,111.8;39.6,112.7;
#33:
>0:38.35,111.62;38.9,111.34;
#34:
>0:39.94,116.72;40.33,116.87;
#35:
>0:38.9,115.88;38.24,115.43;38.23,114.49;38.15,112.81;38.59,112.05;38.42,110.84;
#36:
>0:39.97,116.84;40.12,116.52;
#37:
>0:39.0,112.6;38.67,111.5;
#38:
>0:40.32,116.78;40.19,116.42;
#39:
>0:40.33,116.61;40.22,116.77;
#40:
>0:39.54,115.12;38.71,114.34;38.57,113.18;
#41:
>0:39.99,117.02;40.01,117.01;
#42:
>0:38.93,113.61;38.2,114.36;37.75,114.83;37.73,115.82;
#43:
>0:39.18,115.29;38.84,116.12;38.86,114.77;37.73,116.56;
#44:
>0:37.37,113.12;37.72,112.26;
#45:
>0:39.93,113.62;39.46,113.73;38.9,114.61;38.32,114.43;
#46:
>0:40.23,116.29;40.23,116.92;
#47:
>0:39.9,116.92;40.18,117.11;
#48:
>0:37.32,112.99;37.97,112.1;38.61,112.48;38.78,111.85;
#49:
>0:38.87,114.69;38.83,113.94;37.83,116.31;
#50:
>0:40.14,116.95;39.92,116.55;
#51:
>0:38.17,115.39;37.5,115.03;
#52:
>0:38.57,112.31;37.86,111.14;37.63,111.87;
#53:
>0:38.09,112.33;38.28,112.15;37.98,114.5;
#54:
>0:37.75,116.2;37.97,116.45;
#55:
>0:40.13,117.01;40.08,116.95;
#56:
>0:40.01,115.57;39.84,113.91;
#57:
>0:40.25,116.29;40.19,117.24;
#58:
>0:40.36,117.15;40.18,116.44;
#59:
>0:39.88,111.99;39.89,112.35;
#60:
>0:40.05,116.65;39.96,116.38;
#61:
>0:38.6,116.28;37.83,116.27;38.21,114.0;
#62:
>0:38.53,113.5;38.75,113.05;39.27,114.25;39.6,113.2;
#63:
>0:39.87,116.67;40.05,116.71;
#64:
>0:40.25,116.32;39.99,116.88;
#65:
>0:39.48,113.62;38.72,113.2;38.37,113.63;
#66:
>0:39.89,116.1;40.14,116.67;
#67:
>0:37.61,111.18;37.28,111.38;
#68:
>0:39.43,113.76;38.87,113.72;
#69:
>0:39.51,111.89;38.89,111.59;38.48,111.79;38.0,113.06;37.28,113.1;
#70:
>0:39.2,116.39;38.84,115.65;38.66,113.76;38.38,113.11;37.33,115.37;
#71:
>0:37.6,113.06;37.87,114.52;38.22,115.4;38.88,115.53;
#72:
>0:38.9,114.11;38.31,112.99;37.7,115.44;
#73:
>0:37.63,115.03;37.45,114.14;37.41,113.55;37.57,112.35;
#74:
>0:39.56,111.54;39.66,112.38;39.48,113.4;39.6,113.53;39.46,114.19;38.7,116.62;
#75:
>0:37.36,116.23;38.09,116.05;38.19,115.29;38.24,114.12;39.58,114.65;
#76:
>0:38.63,112.64;37.9,113.04;38.28,114.65;
#77:
>0:39.16,113.83;39.03,112.71;39.25,112.47;
#78:
>0:38.21,111.15;38.28,112.37;37.73,113.66;37.95,114.6;
#79:
>0:40.33,116.77;40.2,116.49;
#80:
>0:39.1,115.35;39.39,116.45;
#81:
>0:38.08,112.92;38.4,114.47;39.08,114.94;39.16,115.92;
#82:
>0:39.89,116.33;40.25,116.88;
#83:
>0:39.88,112.4;39.3,113.55;38.93,114.52;
#84:
>0:39.24,112.51;39.26,112.88;
#85:
>0:38.45,111.6;38.35,112.29;37.9,113.51;37.86,113.92;
#86:
>0:38.17,116.56;38.55,115.65;38.85,113.96;38.28,113.14;38.3,112.44;38.4,111.37;
#87:
>0:37.59,113.25;37.61,112.73;
#88:
>0:39.84,112.57;39.32,113.35;38.93,114.57;
#89:
>0:39.4,112.59;38.65,111.51;38.48,112.23;37.75,113.43;37.25,112.78;
#90:
>0:39.1,114.05;38.43,113.23;37.85,112.03;37.6,111.37;
#91:
>0:37.39,114.61;38.15,114.06;
#92:
>0:38.18,114.33;38.4,113.61;
#93:
>0:38.9,111.6;39.54,112.03;39.68,112.53;
#94:
>0:39.4,113.28;39.08,114.53;38.47,113.5;38.35,114.02;37.5,111.86;
#95:
>0:38.96,115.48;38.49,114.18;
#96:
>0:39.09,115.1;38.73,113.73;38.87,113.3;
#97:
>0:38.15,114.51;38.42,113.68;
#98:
>0:40.32,116.85;39.98,117.25;
#99:
>0:38.44,111.88;38.88,113.18;39.27,114.14;
#100:
>0:38.26,115.78;38.75,115.98;38.29,114.96;38.81,113.44;
#101:
>0:40.26,116.88;40.05,116.93;
#102:
>0:37.75,116.47;38.42,115.27;39.05,114.4;39.28,113.69;39.8,113.27;
#103:
>0:38.18,114.88;38.71,116.14;
#104:
>0:38.69,116.0;38.24,115.84;38.86,115.56;39.01,112.95;
#105:
>0:40.42,116.35;40.24,116.33;
#106:
>0:39.54,112.73;40.01,113.04;39.42,113.99;39.52,116.17;
#107:
>0:39.01,112.25;39.28,111.97;39.71,111.22;
#108:
>0:39.95,116.27;40.0,117.25;
#109:
>0:39.22,114.56;38.73,113.36;39.28,112.07;
#110:
>0:38.56,113.14;38.75,113.42;39.52,114.47;38.79,116.1;
#111:
>0:40.16,116.64;40.14,117.21;
#112:
>0:37.83,116.0;38.26,115.6;38.8,114.06;39.37,113.93;39.6,113.44;
#113:
>0:37.85,114.26;37.62,112.73;
#114:
>0:39.89,116.8;40.27,116.58;
#115:
>0:38.43,115.99;38.08,116.15;38.47,114.32;
#116:
>0:37.77,113.35;38.21,112.52;38.96,111.05;
#117:
>0:39.92,117.24;40.06,116.48;
#118:
>0:37.8,111.97;38.56,112.99;38.74,114.34;39.19,114.58;39.35,115.75;
#119:
>0:39.08,116.51;38.99,115.09;38.97,114.13;39.51,114.13;38.99,112.14;
#120:
>0:40.01,117.02;39.98,117.07;
#121:
>0:39.91,117.14;40.15,116.26;
#122:
>0:38.52,111.93;38.91,112.18;39.41,112.15;39.8,111.11;
#123:
>0:38.19,115.14;38.66,114.55;38.45,113.23;39.25,112.45;
#124:
>0:39.54,115.92;39.05,115.62;38.92,114.42;38.27,112.8;39.11,112.48;38.85,110.8;
#125:
>0:40.15,117.1;40.13,116.61;
#126:
>0:37.97,110.85;38.45,112.25;39.11,112.76;39.19,114.33;39.76,113.04;
#127:
>0:40.02,116.53;39.98,115.17;39.53,115.23;38.24,115.38;
#128:
>0:40.2,116.32;40.07,116.28;
#129:
>0:37.36,115.63;37.85,115.43;38.3,114.71;38.84,113.97;39.33,115.03;
#130:
>0:38.08,110.98;38.56,112.47;38.55,112.71;
#131:
>0:37.43,113.04;37.73,112.8;38.43,114.54;38.82,113.61;39.22,114.31;39.97,113.3;
#132:
>0:40.21,116.28;40.03,116.8;
#133:
>0:37.99,111.86;38.31,113.49;38.88,114.26;
#134:
>0:38.07,114.08;37.59,115.5;
#135:
>0:39.85,113.22;39.18,114.11;39.29,115.31;39.01,115.69;38.53,114.88;37.49,115.28;
#136:
>0:38.19,112.58;38.94,112.99;39.41,113.75;39.26,115.0;39.14,115.9;
#137:
>0:38.24,111.9;38.55,112.79;38.95,114.42;38.31,115.01;38.3,115.95;
#138:
>0:39.54,113.31;38.65,112.85;
#139:
>0:38.64,110.98;39.06,112.68;39.36,113.38;39.61,113.04;
#140:
>0:37.63,113.48;37.39,114.36;
#141:
>0:39.96,115.49;39.91,117.22;39.14,115.66;38.25,115.0;
#142:
>0:39.64,113.23;39.42,114.26;38.99,114.01;38.47,114.55;37.72,114.66;
#143:
>0:37.38,113.86;38.08,114.24;38.5,114.62;38.79,113.91;
#144:
>0:37.34,115.8;38.12,116.61;38.4,114.97;38.59,114.23;39.27,114.03;
#145:
>0:39.12,116.31;39.27,115.46;40.02,115.07;39.14,113.59;
#146:
>0:38.92,114.72;38.67,115.01;
#147:
>0:38.08,116.39;38.51,115.18;
#148:
>0:37.89,113.7;38.36,115.12;
#149:
>0:39.24,115.34;39.52,115.7;39.03,115.67;38.58,116.63;37.34,116.22;
#150:
>0:38.06,114.27;38.38,114.31;
#151:
>0:39.81,111.13;39.48,111.69;38.68,111.04;38.45,112.6;37.84,112.83;37.27,115.49;
#152:
>0:39.39,115.63;38.7,113.95;38.28,113.18;37.89,112.53;37.38,110.79;
#153:
>0:39.26,115.34;39.95,115.47;
#154:
>0:39.43,115.77;38.68,115.02;38.5,114.45;37.71,115.49;37.36,113.66;
#155:
>0:39.97,117.14;40.18,116.42;
#156:
>0:39.57,112.8;39.1,114.33;38.55,113.09;38.13,115.47;
#157:
>0:37.25,113.66;37.83,113.32;37.87,114.36;38.93,113.67;
#158:
>0:37.41,113.55;37.74,113.74;38.54,114.04;38.68,114.15;
#159:
>0:40.18,116.98;40.25,117.15;
#160:
>0:38.47,116.43;39.03,115.33;38.9,114.4;38.19,113.13;39.53,112.46;
#161:
>0:39.08,111.85;38.74,111.51;
#162:
>0:40.36,116.68;40.32,116.52;
#163:
>0:38.56,114.6;37.97,115.12;39.02,115.81;
#164:
>0:37.53,116.41;38.12,116.57;38.21,115.46;38.88,116.6;
#165:
>0:38.86,114.88;39.37,116.65;
#166:
>0:38.08,113.71;38.18,113.87;
#167:
>0:39.74,113.8;39.45,113.13;38.78,113.96;38.24,112.01;
#168:
>0:40.05,116.5;39.36,114.75;39.6,115.4;39.22,113.04;
#169:
>0:40.24,116.24;39.72,114.72;39.85,114.4;39.45,113.23;39.47,111.77;
#170:
>0:37.8,113.48;37.81,113.75;38.56,114.62;38.43,116.09;
#171:
>0:38.38,111.53;38.47,111.89;38.03,112.85;38.3,114.39;38.03,115.5;37.73,115.95;
#172:
>0:37.32,111.24;38.05,110.99;37.95,113.2;
#173:
>0:37.56,115.39;37.69,114.26;37.77,114.5;38.98,113.43;
#174:
>0:38.56,114.71;37.75,114.6;37.29,113.5;
#175:
>0:40.21,116.6;40.27,116.47;
#176:
>0:37.59,113.42;37.76,114.05;38.2,112.72;38.91,113.39;39.29,114.22;39.75,115.05;
#177:
>0:39.97,116.67;40.0,116.32;
#178:
>0:40.12,116.37;40.21,117.02;
#179:
>0:38.95,113.65;38.28,114.13;38.56,114.73;
#180:
>0:39.87,116.97;40.21,117.18;
#181:
>0:38.42,114.69;38.85,115.2;
#182:
>0:37.98,114.2;37.36,115.28;
#183:
>0:40.01,117.06;40.03,116.98;
#184:
>0:39.69,111.46;39.29,111.14;39.7,112.52;39.72,113.32;39.22,114.12;39.87,116.65;
#185:
>0:38.0,112.04;38.58,112.0;38.7,112.44;39.52,112.47;
#186:
>0:37.41,113.26;38.01,114.13;38.34,115.09;38.79,114.72;
#187:
>0:40.08,116.78;39.53,114.84;39.23,116.16;38.85,114.75;38.23,115.75;37.69,115.83;
#188:
>0:39.89,111.25;39.34,111.58;38.77,111.12;38.46,112.13;37.83,112.98;37.43,115.47;
#189:
>0:40.26,116.37;40.31,116.97;
#190:
>0:39.39,114.58;39.67,113.23;
#191:
>0:37.74,111.19;38.49,112.07;38.79,113.04;39.13,114.28;
#192:
>0:39.73,114.35;39.86,113.07;
#193:
>0:39.38,112.81;39.88,114.6;
#194:
>0:37.99,113.57;38.23,113.97;38.75,113.75;
#195:
>0:37.77,113.08;38.61,114.3;38.94,112.88;39.55,114.08;40.12,117.19;
#196:
>0:37.76,115.2;38.39,115.71;38.96,115.67;
#197:
>0:37.6,111.0;37.92,111.53;37.79,113.08;
#198:
>0:37.69,111.16;37.83,112.18;38.2,112.99;38.21,114.66;38.38,115.5;
#199:
>0:37.76,114.21;38.49,114.74;38.67,116.19;39.31,116.1;
#200:
>0:40.27,116.64;39.93,116.39;
#201:
>0:40.11,116.41;40.26,116.83;
#202:
>0:39.83,115.26;39.5,114.36;39.11,113.06;38.5,112.34;38.48,110.92;
#203:
>0:39.09,114.26;39.31,114.54;39.73,113.41;
#204:
>0:38.1,114.36;38.47,114.04;
#205:
>0:37.25,114.16;37.73,115.3;38.46,116.31;38.89,116.23;39.14,116.22;
#206:
>0:39.45,116.09;38.67,115.25;38.83,114.43;38.6,113.17;38.26,112.37;
#207:
>0:38.87,116.56;39.01,115.23;
#208:
>0:39.01,114.12;38.35,112.94;37.93,114.77;
#209:
>0:40.09,117.15;40.02,116.41;
#210:
>0:37.86,112.58;38.61,113.28;38.85,114.35;
#211:
>0:37.46,110.92;37.76,111.54;37.82,113.52;
#212:
>0:39.51,115.33;39.29,115.76;38.91,114.83;37.97,115.84;
#213:
>0:37.96,115.96;38.2,115.1;
#214:
>0:37.4,111.13;37.71,110.85;38.55,112.08;37.89,113.47;38.48,113.71;37.89,116.49;
#215:
>0:40.0,114.91;39.35,115.11;39.45,115.89;39.02,115.43;37.77,116.45;
#216:
>0:37.98,115.16;38.44,116.38;38.69,116.42;39.3,114.69;39.7,115.25;
#217:
>0:40.18,116.88;40.03,115.62;39.87,114.03;39.19,112.7;39.56,112.0;
#218:
>0:37.36,111.46;38.09,110.76;38.64,112.09;38.06,112.84;38.29,113.98;38.45,116.24;
#219:
>0:39.2,115.61;39.33,116.55;38.19,116.47;
#220:
>0:38.66,116.62;38.51,115.46;38.6,113.99;37.74,113.59;38.44,112.28;38.53,110.89;
#221:
>0:38.64,112.03;38.62,113.58;38.24,114.14;37.24,113.85;
#222:
>0:38.58,112.68;37.94,113.04;38.59,113.79;37.95,115.33;37.57,115.87;
#223:
>0:38.49,114.22;37.86,115.25;37.46,114.99;
#224:
>0:38.48,111.81;38.91,112.39;39.29,111.11;
#225:
>0:38.63,110.82;38.62,111.93;37.86,113.33;38.09,114.58;
#226:
>0:37.52,115.46;37.57,114.36;37.27,112.82;38.36,112.02;
#227:
>0:37.69,113.53;37.53,111.75;
#228:
>0:39.46,114.18;39.39,113.5;
#229:
>0:37.78,113.04;38.37,114.12;39.08,113.65;39.48,114.15;40.27,116.71;
#230:
>0:39.87,116.41;39.94,116.44;
#231:
>0:38.18,113.93;38.64,115.26;38.35,116.39;
#232:
>0:37.6,111.59;37.48,111.57;
#233:
>0:40.06,116.8;40.18,116.88;
#234:
>0:38.11,112.9;38.36,113.91;38.86,113.62;39.55,114.12;40.31,116.54;
#235:
>0:39.87,116.57;40.09,116.9;
#236:
>0:38.24,111.23;38.69,112.52;39.02,113.07;38.86,114.18;
#237:
>0:39.03,113.22;39.3,112.61;39.98,111.76;
#238:
>0:38.31,112.21;38.77,113.57;39.12,114.64;
#239:
>0:40.36,116.53;40.05,116.39;
#240:
>0:38.2,115.84;38.71,115.49;38.26,113.81;38.77,113.08;39.02,111.88;38.89,110.95;
#241:
>0:38.82,112.46;39.53,112.1;39.95,110.85;
#242:
>0:40.14,116.56;40.14,117.21;
#243:
>0:38.38,115.53;38.0,114.41;37.27,112.97;
#244:
>0:38.47,113.77;38.48,113.12;
#245:
>0:38.09,113.02;38.4,114.22;38.14,115.62;38.77,115.85;
#246:
>0:37.34,115.63;37.6,114.04;37.47,113.06;38.0,111.94;37.96,110.99;
#247:
>0:37.25,111.33;37.74,112.3;38.28,112.95;38.76,113.87;38.65,114.88;
#248:
>0:38.64,114.17;37.72,115.32;38.9,116.33;
#249:
>0:40.25,117.04;39.87,117.0;
#250:
>0:37.44,110.91;37.55,111.51;
#251:
>0:37.86,115.18;38.44,115.95;38.99,115.88;39.39,115.17;40.13,117.23;
#252:
>0:39.03,114.65;39.55,114.32;39.78,113.38;
#253:
>0:39.38,112.94;39.28,113.46;
#254:
>0:39.01,111.79;39.17,111.92;39.85,111.54;
#255:
>0:40.11,116.9;39.88,116.71;
#256:
>0:39.99,116.86;40.09,116.5;
#257:
>0:39.22,115.84;38.66,114.92;39.09,114.54;38.57,113.11;37.93,112.41;37.69,111.36;
#258:
>0:38.1,110.74;38.6,112.62;38.92,112.94;39.37,113.92;
#259:
>0:38.11,114.11;37.33,114.05;37.77,112.54;
#260:
>0:37.48,110.81;37.59,111.37;
#261:
>0:39.21,114.47;38.75,112.72;38.51,112.86;37.89,113.6;
#262:
>0:37.98,116.2;38.21,115.42;38.35,114.62;38.73,113.31;39.55,112.54;
#263:
>0:38.53,116.21;38.52,115.98;
#264:
>0:39.64,111.21;39.35,111.57;38.72,111.11;38.26,112.15;38.16,112.59;37.59,111.5;
#265:
>0:38.78,115.67;39.3,114.33;39.26,113.45;
#266:
>0:38.49,116.54;39.09,114.89;39.07,114.13;38.29,112.7;38.7,112.03;39.5,111.3;
#267:
>0:38.14,113.17;38.52,114.34;38.75,112.77;39.51,114.47;40.33,116.52;
#268:
>0:38.26,111.61;38.2,112.4;38.12,113.35;37.78,114.49;37.77,115.47;
#269:
>0:40.05,116.67;39.91,116.56;
#270:
>0:40.23,117.18;40.05,117.2;
#271:
>0:38.66,113.91;39.26,114.3;39.83,113.33;
#272:
>0:39.53,115.02;39.29,113.7;39.1,113.14;39.48,112.41;
#273:
>0:39.77,111.23;39.37,111.66;38.7,110.77;38.39,112.24;37.81,113.71;
#274:
>0:38.25,116.36;38.29,116.0;
#275:
>0:38.95,111.56;38.35,110.97;37.78,111.05;
#276:
>0:40.31,116.47;40.22,116.38;
#277:
>0:39.47,115.99;38.91,115.55;38.29,113.95;37.77,113.36;37.45,115.04;
#278:
>0:37.73,113.84;37.29,113.07;
#279:
>0:38.37,112.54;39.09,112.97;39.15,114.12;
#280:
>0:37.97,112.6;38.24,111.98;38.34,114.34;
#281:
>0:37.51,113.54;37.47,112.12;
#282:
>0:39.96,113.28;39.66,113.33;
#283:
>0:38.65,114.98;39.15,114.96;39.67,115.54;
#284:
>0:40.22,116.45;39.87,116.6;
#285:
>0:38.35,115.52;37.83,113.85;37.53,113.31;
#286:
>0:38.82,114.98;38.42,116.51;
#287:
>0:40.27,116.96;40.02,116.84;
#288:
>0:38.82,115.72;39.4,115.57;39.99,115.38;39.66,114.0;39.17,113.34;39.9,111.31;
#289:
>0:37.69,113.52;37.41,112.37;
#290:
>0:39.28,111.21;38.82,110.98;38.62,111.72;37.85,112.66;
#291:
>0:38.91,115.06;38.89,114.12;38.88,112.93;
#292:
>0:40.01,116.43;40.04,116.89;
#293:
>0:38.78,115.56;38.46,114.31;37.82,114.81;37.31,115.2;
#294:
>0:37.32,111.34;37.37,111.06;
#295:
>0:37.31,113.3;38.07,112.54;
#296:
>0:39.22,116.61;39.06,115.1;39.09,114.18;38.39,113.06;38.03,112.51;37.64,110.95;
#297:
>0:37.38,112.8;37.56,113.26;
#298:
>0:38.74,116.13;39.05,115.3;38.23,113.88;37.87,112.97;38.73,112.54;
#299:
>0:38.14,112.91;38.43,114.3;38.65,113.23;39.54,114.49;40.25,116.88;
#300:
>0:39.75,113.05;39.29,114.05;39.08,114.26;38.41,113.79;
#301:
>0:39.88,116.56;40.09,116.98;
#302:
>0:39.11,115.77;38.77,115.89;
#303:
>0:39.65,112.76;39.59,114.63;
#304:
>0:38.1,113.91;38.35,113.36;38.71,113.09;
#305:
>0:39.8,110.83;39.22,111.54;38.65,111.29;38.54,110.86;
#306:
>0:39.39,113.2;39.46,112.96;
#307:
>0:37.93,113.75;37.52,114.61;37.9,112.53;
#308:
>0:40.02,116.61;40.02,117.16;
#309:
>0:39.14,112.69;39.02,110.85;38.62,112.14;38.03,113.44;37.3,113.61;
#310:
>0:40.33,116.41;39.87,116.94;
#311:
>0:40.12,116.35;40.1,116.9;
#312:
>0:40.31,117.18;39.87,117.0;
#313:
>0:37.56,115.0;37.38,114.55;37.68,113.47;37.9,112.28;38.04,111.01;
#314:
>0:38.27,114.41;38.91,113.08;39.57,113.8;39.59,113.46;
#315:
>0:40.18,116.45;40.04,116.73;
#316:
>0:38.51,114.64;37.72,113.22;38.94,112.01;
#317:
>0:37.25,110.94;37.24,110.99;
#318:
>0:38.77,112.22;38.73,111.14;
#319:
>0:40.27,116.54;39.87,116.65;
#320:
>0:37.84,113.79;37.55,115.47;
#321:
>0:37.92,114.54;38.47,113.12;38.22,113.79;38.79,112.86;39.64,113.8;
#322:
>0:40.32,116.78;40.18,116.63;
#323:
>0:38.95,116.05;38.92,116.38;
#324:
>0:39.29,112.74;38.8,112.08;38.41,111.28;
#325:
>0:38.04,115.52;38.62,115.12;38.66,114.03;39.12,115.66;
#326:
>0:37.66,113.55;38.13,114.62;38.53,113.19;38.64,114.4;38.86,112.74;39.88,114.59;
#327:
>0:39.28,116.3;38.93,115.35;38.18,113.99;38.51,112.97;
#328:
>0:37.27,113.69;37.71,113.19;38.32,113.96;38.68,112.86;39.54,113.71;39.64,113.65;
#329:
>0:38.46,116.64;38.07,116.14;38.22,115.56;37.82,113.34;
#330:
>0:39.37,114.26;39.99,113.15;
#331:
>0:37.35,112.93;37.74,113.61;38.14,113.86;38.8,113.03;
#332:
>0:37.72,111.94;38.54,112.43;
#333:
>0:38.23,114.75;37.8,113.96;
#334:
>0:40.01,117.01;40.02,117.14;
#335:
>0:39.82,114.83;39.15,115.01;
#336:
>0:39.7,113.61;39.4,114.61;38.83,114.16;38.29,114.26;
#337:
>0:37.87,115.4;37.65,114.43;
#338:
>0:39.17,112.7;38.98,114.55;39.27,115.5;
#339:
>0:40.12,116.92;39.93,116.99;
#340:
>0:39.51,111.74;38.86,112.88;39.11,114.61;
#341:
>0:37.68,111.16;37.43,111.37;
#342:
>0:38.29,115.73;38.71,115.21;38.8,114.25;38.61,113.2;38.86,111.77;39.46,111.58;
#343:
>0:38.99,116.53;38.7,115.16;38.29,114.53;38.05,112.73;38.47,111.93;38.29,110.75;
#344:
>0:37.34,115.7;37.86,115.38;38.2,114.66;38.79,113.14;39.18,112.38;40.02,112.14;
#345:
>0:37.66,111.01;37.96,110.75;38.32,112.51;37.71,113.6;38.33,113.84;37.56,115.89;
#346:
>0:38.74,114.38;38.57,113.07;38.73,112.51;38.81,111.3;
#347:
>0:37.8,111.71;38.64,113.15;38.84,113.7;
#348:
>0:37.98,114.51;38.44,114.41;
#349:
>0:37.33,116.01;38.12,116.32;38.24,115.77;
