#0:
>0:40.18,116.88;40.26,116.88;
#1:
>0:39.96,113.9;39.19,113.64;39.89,112.86;39.0,111.1;
#2:
>0:39.9,116.99;39.95,115.6;39.35,113.82;38.51,114.04;
#3:
>0:40.18,116.44;39.89,116.78;
#4:
>0:40.28,116.83;39.99,116.78;
#5:
>0:39.4,116.63;39.59,115.35;38.72,114.64;
#6:
>0:40.04,116.36;40.01,116.83;
#7:
>0:39.96,116.56;39.94,116.49;
#8:
>0:39.75,114.14;39.77,115.66;39.95,117.02;
#9:
>0:40.11,116.26;39.99,116.64;
#10:
>0:38.84,112.4;38.76,113.38;
#11:
>0:37.48,114.88;37.85,113.83;38.5,113.07;38.93,112.72;
#12:
>0:39.99,116.29;39.87,116.94;
#13:
>0:37.59,115.93;37.73,115.62;38.25,113.84;38.91,113.96;39.37,113.25;39.37,111.43;
#14:
>0:40.25,117.01;39.96,116.29;
#15:
>0:39.97,117.12;40.07,116.85;
#16:
>0:37.59,113.02;38.06,113.0;38.57,114.9;
#17:
>0:39.84,116.65;40.29,116.37;
#18:
>0:40.21,116.83;40.09,116.5;
#19:
>0:40.13,116.26;39.91,116.34;
#20:
>0:37.63,111.29;37.61,110.75;
#21:
>0:37.6,115.2;38.15,116.55;38.61,115.58;38.68,115.76;
#22:
>0:40.22,116.8;39.85,117.01;
#23:
>0:38.55,111.53;37.9,111.87;37.57,113.23;38.09,114.2;37.24,114.86;
#24:
>0:39.01,115.48;38.89,115.36;
#25:
>0:40.16,116.82;40.14,116.41;
#26:
>0:40.14,116.82;40.16,116.52;
#27:
>0:40.16,116.32;40.06,116.68;
#28:
>0:39.37,113.49;40.03,113.63;
#29:
>0:38.65,112.64;38.66,113.37;38.55,113.8;38.11,114.95;37.25,116.53;
#30:
>0:39.98,116.49;40.15,116.44;
#31:
>0:37.63,111.55;37.32,111.2;
#32:
>0:40.0,116.29;40.17,116.2;
#33:
>0:39.83,116.45;39.64,114.86;39.41,114.33;38.52,113.78;
#34:
>0:38.68,112.16;38.67,113.51;39.52,113.83;39.25,115.56;40.07,116.63;
#35:
>0:39.9,113.86;39.19,112.89;38.75,113.07;38.28,113.07;37.77,112.15;37.37,110.91;
#36:
>0:37.47,111.73;37.53,113.62;38.02,113.05;38.22,113.9;39.28,113.49;
#37:
>0:40.18,117.13;39.88,117.07;
#38:
>0:38.5,112.04;39.07,112.77;39.13,113.03;
#39:
>0:40.23,116.44;40.28,116.58;
#40:
>0:39.98,116.67;40.19,116.54;
#41:
>0:37.51,111.66;37.7,112.36;
#42:
>0:38.7,111.06;38.33,112.38;38.59,113.31;38.21,113.9;
#43:
>0:40.2,117.11;39.97,116.62;
#44:
>0:38.12,114.67;38.38,113.48;38.79,111.98;39.49,110.76;39.66,110.89;
#45:
>0:39.99,116.84;40.19,117.12;
#46:
>0:39.19,114.48;38.76,115.46;38.89,116.03;38.41,115.39;37.29,115.96;
#47:
>0:39.46,116.01;40.0,114.92;39.32,114.11;38.64,112.92;
#48:
>0:39.2,115.56;39.71,115.06;39.19,113.86;39.31,113.16;39.45,111.24;
#49:
>0:39.87,116.44;40.02,116.65;
#50:
>0:37.46,112.37;37.66,113.5;37.78,113.63;38.63,113.96;39.43,115.22;
#51:
>0:39.76,117.04;39.98,116.86;
#52:
>0:38.89,112.23;38.65,112.83;
#53:
>0:40.27,116.26;40.14,116.78;
#54:
>0:37.77,112.86;38.35,114.66;
#55:
>0:37.97,116.56;38.38,115.32;38.42,113.87;39.36,114.11;
#56:
>0:38.44,113.49;38.72,113.98;39.23,115.51;39.93,116.71;
#57:
>0:39.86,116.91;40.03,116.23;
#58:
>0:40.11,116.32;39.92,116.5;
#59:
>0:37.29,111.31;37.41,111.12;
#60:
>0:39.9,116.76;39.83,116.82;
#61:
>0:39.82,114.91;40.0,114.15;
#62:
>0:37.3,113.54;37.97,111.97;38.18,111.95;
#63:
>0:39.3,113.29;39.62,113.53;
#64:
>0:39.22,115.63;38.99,114.19;38.46,113.0;
#65:
>0:37.29,111.29;38.12,112.22;38.63,112.74;38.84,114.29;39.55,114.85;40.21,116.86;
#66:
>0:38.92,113.22;39.17,113.96;
#67:
>0:39.95,116.71;39.91,116.86;
#68:
>0:38.56,115.01;38.41,114.49;38.55,112.81;37.7,111.85;
#69:
>0:37.3,111.18;37.29,111.92;37.42,112.8;38.42,114.54;
#70:
>0:38.32,114.81;38.24,114.42;38.39,113.61;37.33,112.25;
#71:
>0:37.24,111.37;37.55,112.24;38.03,113.21;38.53,113.96;39.1,114.34;39.31,116.04;
#72:
>0:38.42,114.35;38.48,115.33;
#73:
>0:39.97,116.77;40.04,116.25;
#74:
>0:39.62,111.87;39.54,113.15;39.66,113.03;39.1,114.82;
#75:
>0:37.37,115.11;38.14,114.05;38.58,113.46;38.91,113.12;
#76:
>0:37.34,111.32;37.57,111.19;
#77:
>0:37.45,116.47;38.17,115.91;38.45,116.29;
#78:
>0:40.07,116.88;39.94,116.36;
#79:
>0:37.65,113.05;38.12,112.96;38.45,115.21;
#80:
>0:40.13,116.41;40.21,116.89;
#81:
>0:40.04,116.88;40.02,116.65;
#82:
>0:39.9,117.04;39.82,116.89;
#83:
>0:37.35,113.25;37.8,114.42;37.73,112.84;38.27,114.39;38.84,114.04;39.6,112.08;
#84:
>0:40.22,116.88;40.11,116.81;
#85:
>0:39.1,114.7;38.2,113.97;39.04,114.3;37.79,112.32;
#86:
>0:38.87,111.42;39.02,112.18;39.0,113.49;38.32,114.42;37.94,115.23;37.67,116.4;
#87:
>0:39.56,112.59;38.86,112.86;38.36,114.23;37.78,115.47;37.57,114.56;
#88:
>0:39.89,116.65;40.09,117.02;
#89:
>0:38.28,111.85;39.05,110.84;39.5,112.2;
#90:
>0:38.0,112.78;38.39,114.35;
#91:
>0:39.9,116.95;40.18,117.03;
#92:
>0:40.03,117.1;40.26,116.17;
#93:
>0:39.97,116.78;40.21,117.11;
#94:
>0:39.92,116.25;40.12,116.24;
#95:
>0:39.83,116.45;40.08,116.84;
#96:
>0:39.87,116.93;39.9,116.72;
#97:
>0:39.92,116.28;40.24,116.48;
#98:
>0:38.84,115.39;38.39,114.36;38.79,114.26;39.75,112.58;
#99:
>0:39.91,111.1;39.46,112.18;39.01,111.74;38.98,113.12;38.53,113.14;37.66,112.31;
#100:
>0:37.6,112.34;37.58,113.38;37.86,112.95;38.53,114.21;39.5,115.58;
#101:
>0:40.15,116.91;40.28,116.57;
#102:
>0:37.94,111.24;38.56,112.5;38.71,112.17;
#103:
>0:37.65,112.14;37.4,113.07;38.02,113.38;38.34,113.81;39.39,113.15;
#104:
>0:40.26,116.19;40.25,116.49;
#105:
>0:37.56,114.69;37.95,113.74;38.54,113.49;38.81,113.5;
#106:
>0:38.28,114.36;39.07,114.06;39.3,116.19;
#107:
>0:40.21,116.6;40.18,116.32;
#108:
>0:39.53,114.14;38.67,115.32;38.18,115.78;
#109:
>0:40.05,116.43;40.09,117.03;
#110:
>0:40.0,112.84;39.55,114.34;38.97,115.32;38.69,116.11;38.63,115.4;37.36,116.41;
#111:
>0:40.25,116.27;40.15,116.96;
#112:
>0:40.13,117.07;40.11,116.62;
#113:
>0:40.09,117.11;40.21,116.18;
#114:
>0:38.38,112.32;38.96,113.44;39.49,113.86;39.3,115.37;
#115:
>0:38.76,112.62;38.86,111.67;
#116:
>0:40.11,116.54;40.07,116.83;
#117:
>0:40.09,117.1;40.23,117.04;
#118:
>0:40.19,116.22;39.92,115.08;39.32,114.0;39.34,112.76;39.16,112.08;
#119:
>0:39.68,115.14;39.41,114.49;39.05,115.63;38.31,115.64;
#120:
>0:39.82,116.41;40.13,117.05;
#121:
>0:40.29,117.05;40.05,116.81;
#122:
>0:39.37,116.05;38.79,114.75;38.39,114.23;38.38,112.86;37.9,112.54;37.49,110.98;
#123:
>0:37.34,116.3;37.74,116.37;38.41,116.52;
#124:
>0:37.44,112.45;37.89,113.67;
#125:
>0:39.71,113.75;39.46,113.5;39.33,111.84;
#126:
>0:40.23,116.64;40.05,116.74;
#127:
>0:38.97,116.62;38.59,114.81;37.84,114.86;
#128:
>0:37.69,114.07;38.12,113.27;38.62,111.74;39.05,111.12;
#129:
>0:39.7,112.92;39.23,114.58;38.95,114.67;
#130:
>0:37.25,114.66;38.01,115.59;
#131:
>0:39.91,114.24;39.44,112.79;39.43,111.87;
#132:
>0:40.18,117.12;39.83,116.78;
#133:
>0:39.51,111.32;38.86,111.6;
#134:
>0:38.95,110.85;38.44,112.61;38.2,113.59;38.27,114.36;
#135:
>0:40.07,117.15;39.87,116.86;
#136:
>0:37.66,111.14;37.3,112.14;37.84,112.89;
#137:
>0:39.92,116.6;40.11,116.44;
#138:
>0:38.02,116.06;38.62,115.5;38.38,114.29;38.62,113.11;37.99,111.88;37.32,111.04;
#139:
>0:37.36,110.86;37.27,112.26;37.44,113.66;38.26,114.47;
#140:
>0:39.07,115.51;38.36,114.01;39.01,114.63;40.01,112.16;
#141:
>0:39.85,116.41;40.19,116.67;
#142:
>0:39.94,116.55;39.97,117.03;
#143:
>0:38.04,112.74;37.76,114.48;
#144:
>0:40.07,116.42;40.02,116.45;
#145:
>0:39.96,116.9;40.02,116.25;
#146:
>0:39.89,116.53;40.18,116.34;
#147:
>0:40.1,116.19;40.15,116.45;
#148:
>0:38.13,115.21;37.86,114.53;38.78,115.58;
#149:
>0:38.43,115.81;38.1,115.13;37.96,114.54;37.97,113.45;37.77,112.3;38.13,110.88;
#150:
>0:39.99,113.44;39.26,112.58;39.35,110.88;
#151:
>0:39.89,116.82;39.97,116.9;
#152:
>0:37.45,114.42;37.38,113.0;37.39,112.63;37.56,110.82;
#153:
>0:38.42,113.32;39.09,113.93;39.54,115.48;40.21,116.84;
#154:
>0:39.16,116.25;39.36,115.49;39.68,113.93;
#155:
>0:40.22,116.69;39.98,116.68;
#156:
>0:38.74,116.35;38.4,114.9;38.01,113.87;37.84,112.79;37.74,111.89;38.04,110.9;
#157:
>0:38.93,114.56;38.32,113.63;39.23,112.48;
#158:
>0:39.83,116.4;40.21,116.37;
#159:
>0:37.9,115.62;38.55,114.33;38.32,113.06;38.17,111.89;37.37,111.19;
#160:
>0:38.32,116.35;38.97,116.15;38.04,114.6;
#161:
>0:40.15,116.47;39.97,116.76;
#162:
>0:38.06,116.56;38.37,115.61;38.71,114.23;39.25,112.78;39.83,112.3;39.72,111.03;
#163:
>0:38.51,115.18;38.64,113.89;39.02,114.54;39.66,112.87;
#164:
>0:38.43,113.55;38.88,111.93;
#165:
>0:39.57,116.0;38.93,115.11;38.53,113.72;38.63,112.91;37.57,112.01;
#166:
>0:38.35,112.89;38.13,114.47;37.27,114.31;
#167:
>0:39.91,117.07;40.21,116.54;
#168:
>0:39.97,116.89;39.89,116.62;
#169:
>0:39.54,111.48;39.73,112.41;39.82,112.91;38.88,114.43;
#170:
>0:39.35,115.58;38.73,116.06;38.63,116.62;
#171:
>0:40.04,116.98;40.02,116.44;
#172:
>0:40.24,116.31;39.98,117.07;
#173:
>0:39.87,116.93;39.86,117.13;
#174:
>0:38.88,112.38;38.88,112.99;
#175:
>0:40.17,116.27;39.98,116.34;
#176:
>0:40.16,116.58;39.89,116.65;
#177:
>0:40.18,116.92;39.91,116.78;
#178:
>0:39.99,116.45;39.93,116.65;
#179:
>0:37.9,113.16;38.48,114.36;
#180:
>0:39.86,116.92;40.26,117.07;
#181:
>0:37.71,115.52;38.29,114.56;39.09,114.53;38.62,112.99;38.21,111.63;
#182:
>0:40.0,116.32;40.23,117.12;
#183:
>0:40.15,116.58;40.12,117.0;
#184:
>0:39.88,116.68;39.86,116.51;
#185:
>0:39.94,116.26;40.08,116.19;
#186:
>0:39.93,113.17;39.36,114.56;39.0,113.05;
#187:
>0:37.8,116.55;38.46,114.91;38.73,115.69;
#188:
>0:38.45,113.94;38.72,113.72;39.33,115.94;
#189:
>0:40.13,116.83;40.25,116.49;
#190:
>0:39.9,116.22;39.92,117.01;
#191:
>0:37.6,111.25;37.31,111.96;37.84,113.06;38.24,114.28;38.72,114.67;39.45,116.4;
#192:
>0:38.74,111.52;39.04,111.89;38.86,113.49;38.41,113.72;38.33,115.42;
#193:
>0:38.86,112.22;39.1,113.54;
#194:
>0:37.25,112.01;37.51,113.01;38.12,113.2;38.63,114.3;38.67,114.0;39.75,111.84;
#195:
>0:39.82,116.57;39.88,116.72;
#196:
>0:38.87,111.49;38.31,112.15;38.26,112.95;38.59,113.9;
#197:
>0:40.11,116.97;39.96,116.81;
#198:
>0:40.2,116.48;40.26,116.45;
#199:
>0:38.95,115.72;38.51,114.75;37.76,114.49;37.92,112.83;37.93,112.14;37.73,110.76;
#200:
>0:39.92,116.82;39.93,116.59;
#201:
>0:39.87,111.72;39.85,113.57;39.34,114.01;38.88,115.62;38.28,114.92;37.51,114.36;
#202:
>0:38.17,113.09;38.52,114.53;38.3,114.81;
#203:
>0:38.41,110.89;38.81,111.11;38.96,112.07;38.95,113.61;38.8,115.66;
#204:
>0:39.99,113.06;39.33,111.9;39.35,111.13;
#205:
>0:38.52,114.63;38.36,113.45;37.42,113.61;
#206:
>0:39.93,116.96;40.23,116.82;
#207:
>0:38.83,115.92;38.37,115.38;37.93,115.04;
#208:
>0:37.33,111.16;37.57,110.91;
#209:
>0:38.87,112.01;39.1,112.71;
#210:
>0:38.13,116.08;38.42,115.59;38.67,115.83;39.38,115.1;
#211:
>0:38.56,115.4;38.19,115.74;38.7,115.93;39.82,115.46;
#212:
>0:39.13,111.53;39.98,111.38;39.87,111.76;39.77,112.92;39.73,114.1;40.28,116.4;
#213:
>0:38.89,112.4;39.29,113.67;
#214:
>0:40.27,116.82;39.89,114.98;38.85,115.13;
#215:
>0:37.8,114.82;38.14,114.52;38.13,113.03;37.94,112.01;38.13,111.07;
#216:
>0:37.5,114.07;38.13,115.48;
#217:
>0:39.62,115.34;39.49,114.33;38.84,115.35;38.61,115.31;
#218:
>0:39.0,111.59;38.77,112.54;38.79,113.09;39.51,114.36;38.36,115.43;
#219:
>0:38.49,111.03;37.86,111.78;37.5,113.36;38.07,114.61;37.51,114.9;
#220:
>0:37.74,114.29;38.38,115.15;
#221:
>0:40.15,116.82;39.86,116.68;
#222:
>0:39.94,115.37;39.53,114.36;39.07,114.98;38.63,115.45;
#223:
>0:37.76,113.09;37.24,114.14;
#224:
>0:37.31,111.06;37.66,112.23;
#225:
>0:39.85,116.78;39.91,116.37;
#226:
>0:40.11,116.96;40.07,116.28;
#227:
>0:38.28,114.69;38.58,114.39;39.02,113.88;39.13,113.02;39.2,111.41;
#228:
>0:40.07,116.49;39.95,116.36;
#229:
>0:40.06,115.85;40.18,116.62;
#230:
>0:39.0,114.41;38.21,112.7;38.47,111.85;38.22,111.1;
#231:
>0:40.23,117.11;40.14,116.29;
#232:
>0:39.88,116.79;40.0,116.89;
#233:
>0:37.4,111.52;37.45,110.93;
#234:
>0:38.41,116.39;38.18,116.49;
#235:
>0:39.87,116.69;39.88,116.18;
#236:
>0:39.62,113.27;39.13,114.0;38.69,112.94;
#237:
>0:37.45,112.53;37.57,113.08;38.04,113.44;38.26,113.97;39.17,114.74;
#238:
>0:40.07,116.7;39.99,117.06;
#239:
>0:38.88,112.33;38.7,113.21;39.38,114.13;39.31,114.94;39.89,116.94;
#240:
>0:37.4,111.01;37.5,111.78;37.93,113.28;38.33,114.03;38.85,114.47;39.96,113.06;
#241:
>0:39.68,111.7;39.4,112.11;38.75,112.45;38.79,113.54;38.06,111.75;
#242:
>0:37.65,110.98;37.52,111.29;
#243:
>0:38.11,116.46;38.26,115.19;38.34,114.12;38.69,113.85;39.15,112.75;39.14,111.09;
#244:
>0:39.86,116.79;39.84,116.46;
#245:
>0:39.13,116.15;39.51,115.0;39.66,114.67;
#246:
>0:37.74,114.84;37.93,113.79;38.27,114.43;38.83,111.85;
#247:
>0:40.08,116.68;40.26,116.69;
#248:
>0:40.07,116.97;39.84,116.79;
#249:
>0:39.24,111.72;38.99,113.65;38.35,114.34;
#250:
>0:39.84,116.81;39.97,116.74;
#251:
>0:40.0,116.3;40.2,116.26;
#252:
>0:38.01,114.87;37.74,113.91;37.97,113.27;37.77,112.07;37.73,111.03;
#253:
>0:39.83,116.28;40.16,116.56;
#254:
>0:37.83,111.98;38.46,113.18;38.74,112.92;39.53,113.01;
#255:
>0:37.35,114.09;37.33,113.19;37.57,112.4;37.46,111.07;
#256:
>0:39.98,116.94;39.83,116.37;
#257:
>0:39.44,115.67;39.83,115.45;39.31,114.2;38.47,112.76;
#258:
>0:39.11,116.46;40.04,115.14;
#259:
>0:39.32,114.42;38.95,115.11;38.68,116.55;38.21,114.94;37.41,116.13;
#260:
>0:38.94,111.52;38.78,112.64;39.01,113.3;38.4,114.03;38.6,114.84;
#261:
>0:40.22,116.61;40.15,116.57;
#262:
>0:40.05,116.66;40.16,116.77;
#263:
>0:39.84,116.45;40.25,116.26;
#264:
>0:38.48,116.14;37.96,116.23;
#265:
>0:40.14,116.37;39.92,116.95;
#266:
>0:39.47,113.52;40.01,113.65;
#267:
>0:39.91,116.54;39.82,116.41;
#268:
>0:40.02,116.33;40.21,116.16;
#269:
>0:39.84,116.69;39.84,116.26;
#270:
>0:39.57,112.49;39.07,113.43;38.48,113.96;
#271:
>0:39.86,116.68;39.98,116.61;
#272:
>0:40.08,116.55;40.23,116.96;
#273:
>0:39.91,115.29;39.3,114.41;38.7,115.34;38.47,114.55;38.62,113.33;37.44,112.1;
#274:
>0:39.83,116.77;40.1,117.15;
#275:
>0:38.93,115.47;38.7,114.63;38.76,113.38;
#276:
>0:40.18,116.2;40.24,117.04;
#277:
>0:40.09,116.98;40.09,116.6;
#278:
>0:39.97,116.74;40.25,117.02;
#279:
>0:38.97,116.63;38.52,116.19;37.98,114.69;37.27,114.28;
#280:
>0:40.13,117.14;40.04,116.93;
#281:
>0:39.85,116.78;39.68,115.21;39.23,113.72;39.75,113.6;
#282:
>0:40.25,116.92;40.1,116.78;
#283:
>0:40.03,116.53;40.25,116.23;
#284:
>0:40.08,116.62;40.11,116.61;
#285:
>0:39.45,113.18;39.87,113.6;
#286:
>0:40.28,116.17;40.09,117.05;
#287:
>0:38.5,114.91;38.35,113.89;38.2,112.89;
#288:
>0:38.13,112.08;37.83,112.63;
#289:
>0:40.08,116.67;39.98,117.04;
#290:
>0:38.46,111.65;38.75,112.59;38.75,113.55;39.49,114.06;39.52,115.06;40.0,116.59;
#291:
>0:39.95,116.51;39.96,116.39;
#292:
>0:37.46,114.73;38.01,114.05;38.55,113.94;38.89,113.69;39.39,116.42;
#293:
>0:38.28,115.4;38.53,114.32;39.58,113.69;
#294:
>0:39.92,117.08;39.8,115.34;39.25,114.07;39.82,112.92;
#295:
>0:38.35,115.16;38.44,113.97;38.81,113.85;39.76,113.13;
#296:
>0:40.06,116.37;39.82,116.99;
#297:
>0:39.82,116.25;40.26,116.17;
#298:
>0:37.25,114.42;38.04,112.9;38.35,112.64;38.73,111.17;
#299:
>0:38.21,111.01;38.8,111.55;39.11,112.23;38.93,112.99;38.41,114.67;37.9,116.58;
#300:
>0:39.99,116.89;39.98,116.52;
#301:
>0:39.86,116.97;39.9,116.74;
#302:
>0:39.51,113.2;40.0,112.79;
#303:
>0:39.92,116.21;40.27,116.39;
#304:
>0:40.2,116.76;40.05,116.81;
#305:
>0:37.37,114.84;38.1,114.4;38.46,113.57;38.91,113.55;
#306:
>0:38.61,116.23;39.01,116.65;37.96,113.81;
#307:
>0:40.21,116.85;39.97,116.47;
#308:
>0:40.25,116.89;40.01,116.28;
#309:
>0:40.1,116.56;39.88,116.2;
#310:
>0:39.91,116.36;39.94,116.71;
#311:
>0:37.31,112.46;37.26,111.61;
#312:
>0:40.01,116.94;40.25,116.33;
#313:
>0:39.16,113.62;38.77,113.37;38.63,113.79;38.11,114.35;
#314:
>0:40.22,116.34;40.09,116.51;
#315:
>0:39.14,114.22;38.71,113.19;
#316:
>0:37.98,113.56;37.27,113.69;
#317:
>0:38.4,112.94;38.7,112.31;
#318:
>0:40.06,116.55;39.99,116.79;
#319:
>0:40.04,117.15;40.18,117.14;
#320:
>0:38.06,116.56;38.46,114.75;38.2,114.18;38.2,112.71;38.85,112.13;38.92,110.74;
#321:
>0:39.83,116.25;40.19,116.59;
#322:
>0:39.93,116.9;40.12,116.21;
#323:
>0:37.43,115.02;37.79,114.64;38.34,113.0;38.8,112.98;
#324:
>0:40.22,116.74;40.02,117.11;
#325:
>0:40.22,116.63;39.97,116.8;
#326:
>0:38.3,114.06;38.84,114.63;39.5,115.97;
#327:
>0:40.09,116.48;40.08,116.67;
#328:
>0:39.87,116.84;39.89,117.07;
#329:
>0:38.36,111.66;38.85,111.13;38.81,112.67;39.24,114.66;
#330:
>0:39.17,111.47;39.83,110.83;39.94,112.47;39.66,113.23;39.84,114.41;40.12,116.28;
#331:
>0:40.1,116.39;40.16,116.8;
#332:
>0:40.08,116.46;40.16,116.53;
#333:
>0:40.1,116.3;40.21,117.04;
#334:
>0:39.82,116.2;40.21,116.89;
#335:
>0:40.05,110.74;39.47,112.67;38.99,113.5;38.23,113.51;37.85,112.13;37.31,113.02;
#336:
>0:40.11,116.56;40.03,116.83;
#337:
>0:38.84,112.71;38.54,114.5;38.73,113.83;39.55,115.77;
#338:
>0:40.05,116.21;39.95,116.46;
#339:
>0:40.24,116.6;40.03,116.96;
#340:
>0:40.02,116.62;39.89,116.21;
#341:
>0:40.01,111.21;39.2,111.1;39.54,112.36;38.63,112.23;
#342:
>0:40.02,117.02;40.08,116.41;
#343:
>0:39.61,114.08;39.15,113.63;39.1,112.87;38.58,112.73;38.06,111.97;37.65,111.46;
#344:
>0:40.25,117.01;40.23,116.39;
#345:
>0:39.94,116.27;40.05,116.27;
#346:
>0:40.0,117.11;39.99,116.66;
#347:
>0:39.28,112.51;38.76,112.84;
#348:
>0:40.18,116.67;40.13,116.68;
#349:
>0:40.22,116.26;40.01,116.52;
