#0:
>0:31.29,118.49;32.69,118.9;34.45,119.05;36.02,120.59;36.44,121.35;39.12,120.31;
#1:
>0:40.28,116.67;40.15,116.44;
#2:
>0:39.89,118.4;39.16,117.76;36.9,117.2;
#3:
>0:36.77,120.24;35.47,119.48;33.06,119.45;34.35,117.67;
#4:
>0:34.32,117.04;34.1,117.76;33.72,118.25;31.3,119.34;33.38,121.15;
#5:
>0:41.43,116.26;41.34,116.87;
#6:
>0:38.68,119.9;40.06,119.62;38.79,118.15;38.81,117.19;
#7:
>0:41.05,116.88;40.83,116.5;
#8:
>0:41.14,117.06;40.03,117.09;
#9:
>0:35.45,120.04;32.77,119.16;
#10:
>0:31.65,119.31;32.91,118.19;33.61,117.89;
#11:
>0:40.74,116.74;40.3,117.04;
#12:
>0:31.21,121.4;32.01,121.19;
#13:
>0:40.66,117.1;41.0,116.56;
#14:
>0:36.66,120.07;35.51,119.15;
#15:
>0:35.18,117.61;34.43,118.73;35.53,118.99;
#16:
>0:36.93,120.5;34.71,119.72;
#17:
>0:35.64,118.64;33.48,117.65;31.85,117.22;
#18:
>0:40.83,116.47;40.46,116.86;
#19:
>0:36.71,117.78;35.45,117.78;33.53,117.75;31.82,119.56;
#20:
>0:39.92,116.77;40.34,116.92;
#21:
>0:33.3,116.62;33.56,117.87;35.01,118.57;37.24,117.96;
#22:
>0:36.62,116.31;34.52,116.08;
#23:
>0:41.41,117.46;41.39,116.35;
#24:
>0:40.41,116.44;40.39,117.15;
#25:
>0:41.26,116.86;40.56,116.75;
#26:
>0:34.66,121.43;37.0,121.33;34.83,119.28;
#27:
>0:32.31,116.34;32.72,116.64;33.37,117.29;34.17,118.16;35.97,117.27;39.57,117.81;
#28:
>0:36.07,120.38;34.62,119.61;34.24,118.66;
#29:
>0:40.03,118.29;37.89,118.17;35.91,117.1;34.43,116.8;33.21,116.52;
#30:
>0:35.43,121.19;35.45,120.09;32.9,119.04;
#31:
>0:40.32,116.33;40.59,117.26;
#32:
>0:33.08,118.77;33.41,119.09;36.33,117.83;
#33:
>0:40.91,116.78;40.21,116.62;
#34:
>0:40.26,117.1;40.75,116.41;
#35:
>0:31.15,121.1;32.54,121.39;
#36:
>0:40.31,116.61;40.87,117.07;
#37:
>0:37.51,116.68;37.74,116.16;
#38:
>0:32.66,120.38;34.78,118.85;36.21,120.36;38.54,119.06;
#39:
>0:38.03,121.55;36.33,120.51;35.3,119.7;33.11,119.39;33.24,117.06;
#40:
>0:40.17,116.92;41.08,117.1;
#41:
>0:38.93,118.3;38.53,118.75;37.04,116.42;
#42:
>0:37.54,116.71;36.88,116.84;34.46,117.94;
#43:
>0:41.21,117.04;41.1,116.93;
#44:
>0:39.22,117.88;37.3,117.92;38.65,117.88;35.64,119.43;
#45:
>0:34.66,120.33;32.99,119.38;
#46:
>0:37.84,118.79;36.41,118.43;38.2,120.54;
#47:
>0:40.6,116.51;40.83,117.09;
#48:
>0:31.49,117.4;32.81,117.84;33.36,118.71;31.23,120.39;
#49:
>0:37.5,119.17;36.62,120.05;36.67,121.16;33.3,119.3;
#50:
>0:40.36,117.16;41.03,116.4;
#51:
>0:33.83,119.97;34.72,120.11;
#52:
>0:33.86,119.03;34.8,118.95;
#53:
>0:40.27,117.12;40.32,117.07;
#54:
>0:33.33,121.51;31.43,120.63;
#55:
>0:38.73,117.94;38.59,118.18;37.8,117.76;35.86,117.91;33.51,118.15;
#56:
>0:37.4,118.34;37.01,118.54;34.56,119.38;34.01,119.41;31.52,117.61;
#57:
>0:34.21,119.28;35.48,118.57;34.92,117.35;31.51,116.55;
#58:
>0:39.85,116.86;40.52,116.37;
#59:
>0:41.11,116.42;40.24,117.26;
#60:
>0:39.85,117.99;37.29,118.95;35.9,119.75;34.91,121.26;33.6,121.24;31.2,120.96;
#61:
>0:39.53,119.07;38.31,118.81;36.67,118.02;36.91,119.25;33.3,121.46;
#62:
>0:41.13,116.53;40.34,116.62;
#63:
>0:35.39,119.72;35.06,118.51;31.28,119.14;
#64:
>0:32.46,120.74;32.03,121.3;
#65:
>0:40.22,117.04;40.72,117.1;
#66:
>0:35.12,116.38;37.1,117.83;38.65,118.21;35.17,119.04;
#67:
>0:32.53,120.38;33.27,121.06;35.26,119.85;34.47,118.86;38.32,120.55;
#68:
>0:39.94,116.49;41.04,116.73;
#69:
>0:41.18,116.73;40.74,117.07;
#70:
>0:37.21,120.91;38.19,120.05;39.82,119.67;38.34,118.66;38.53,117.42;38.44,116.93;
#71:
>0:37.85,120.57;38.69,119.33;35.87,120.45;32.7,119.68;
#72:
>0:34.45,120.96;36.93,120.04;
#73:
>0:33.07,120.71;34.94,120.56;36.36,119.29;
#74:
>0:33.39,116.11;33.56,117.23;35.47,118.27;38.47,118.38;
#75:
>0:41.38,116.92;40.16,116.33;
#76:
>0:31.46,121.43;32.49,121.4;
#77:
>0:41.37,117.06;40.89,116.35;
#78:
>0:41.0,116.98;40.34,116.49;
#79:
>0:39.52,120.34;39.55,120.12;
#80:
>0:40.44,116.34;41.37,116.4;
#81:
>0:39.22,117.14;37.38,117.24;36.4,116.53;
#82:
>0:41.17,116.46;40.59,116.67;
#83:
>0:32.29,118.54;34.12,119.24;34.67,120.08;35.46,119.45;36.87,120.09;39.93,118.97;
#84:
>0:35.7,119.99;34.6,119.06;33.8,118.86;34.7,117.97;37.52,116.45;
#85:
>0:37.66,117.73;36.75,118.09;
#86:
>0:41.04,116.37;40.22,117.08;
#87:
>0:40.32,116.71;40.73,116.65;
#88:
>0:33.5,120.1;34.97,119.23;35.12,118.29;35.79,117.69;39.98,117.61;
#89:
>0:39.4,118.02;38.58,118.21;37.26,117.4;34.8,118.78;
#90:
>0:41.26,116.95;40.5,117.06;
#91:
>0:40.46,116.31;41.18,116.74;
#92:
>0:38.05,116.31;38.6,116.35;
#93:
>0:35.71,119.28;34.83,119.96;33.03,120.04;
#94:
>0:39.88,118.4;39.12,117.23;37.17,117.07;
#95:
>0:40.22,116.81;39.97,116.63;
#96:
>0:40.14,116.66;41.33,116.69;
#97:
>0:31.28,116.29;32.64,116.81;33.92,117.39;32.7,118.62;33.68,119.31;33.69,120.86;
#98:
>0:41.05,116.93;40.18,117.51;37.54,118.66;36.6,118.19;37.75,120.36;
#99:
>0:31.93,117.96;34.01,119.72;34.93,120.18;35.56,119.04;37.11,119.49;40.13,118.9;
#100:
>0:40.56,116.43;40.34,116.56;
#101:
>0:39.65,116.82;40.8,116.88;
#102:
>0:34.17,116.46;35.65,117.01;33.24,117.12;33.93,118.56;32.31,119.88;
#103:
>0:39.34,118.33;40.19,117.53;
#104:
>0:33.83,120.31;35.57,120.51;
#105:
>0:37.99,121.55;36.19,120.19;35.22,119.68;34.6,118.22;33.16,117.77;
#106:
>0:39.79,121.0;38.53,120.52;39.59,119.46;37.78,118.73;36.36,116.99;36.08,116.5;
#107:
>0:34.79,117.01;33.61,117.43;33.31,118.15;34.51,119.95;
#108:
>0:37.01,116.26;34.39,117.16;32.69,117.76;32.02,119.17;
#109:
>0:36.75,116.56;35.53,116.87;
#110:
>0:40.22,116.74;40.77,117.22;
#111:
>0:34.52,116.51;32.83,117.75;
#112:
>0:40.96,116.36;40.65,117.07;
#113:
>0:40.65,117.03;40.28,116.57;
#114:
>0:34.37,116.19;35.97,117.12;37.6,118.3;38.29,118.93;
#115:
>0:41.33,117.13;41.07,116.74;
#116:
>0:33.44,120.03;34.43,119.01;35.59,117.95;
#117:
>0:32.62,121.24;34.78,120.04;36.35,119.61;37.61,120.2;39.55,117.94;
#118:
>0:36.02,120.65;37.39,120.02;40.16,119.66;37.94,118.64;36.19,117.86;
#119:
>0:34.35,120.54;36.49,119.52;37.48,120.23;40.09,118.63;
#120:
>0:32.01,117.94;33.1,118.22;33.84,119.3;35.29,118.15;36.71,117.75;40.2,117.07;
#121:
>0:38.15,116.55;35.89,116.37;35.39,116.45;
#122:
>0:33.89,121.12;34.61,120.15;36.32,119.41;
#123:
>0:40.26,117.16;40.39,116.29;
#124:
>0:33.4,119.95;34.43,118.89;34.39,118.38;35.87,117.18;38.73,117.52;
#125:
>0:40.24,116.91;40.65,116.99;
#126:
>0:33.71,116.14;35.06,117.63;35.41,118.65;38.16,118.45;
#127:
>0:40.06,116.72;37.52,117.1;37.9,117.91;38.13,119.23;
#128:
>0:40.18,116.41;40.64,117.07;
#129:
>0:40.01,117.14;39.96,117.35;35.75,117.46;
#130:
>0:33.68,118.66;34.5,119.48;36.73,119.82;38.32,120.74;39.03,121.35;
#131:
>0:31.9,120.87;32.39,121.13;
#132:
>0:35.91,119.67;34.3,120.39;32.83,119.75;
#133:
>0:40.86,116.92;40.59,116.85;
#134:
>0:38.9,120.12;39.78,121.09;35.81,119.25;
#135:
>0:31.35,121.37;31.96,120.99;
#136:
>0:40.56,116.35;40.32,117.06;
#137:
>0:38.3,117.72;36.23,118.53;34.69,119.47;
#138:
>0:40.61,116.92;41.41,116.53;
#139:
>0:32.68,117.97;33.46,119.36;35.14,118.56;36.63,117.05;39.68,116.86;
#140:
>0:32.87,118.54;32.91,117.68;
#141:
>0:41.09,117.17;39.65,117.77;37.83,117.32;36.86,118.07;34.18,119.78;
#142:
>0:40.82,116.77;40.24,116.92;
#143:
>0:40.69,116.65;39.98,116.95;
#144:
>0:38.98,117.51;38.46,117.45;36.17,117.96;36.97,119.08;33.9,119.06;
#145:
>0:39.4,117.08;37.7,117.51;35.73,118.65;35.46,119.16;34.03,118.04;
#146:
>0:31.24,121.33;31.78,120.93;
#147:
>0:33.74,117.01;34.72,118.81;36.11,117.8;37.5,116.54;38.88,117.93;
#148:
>0:36.87,118.3;36.79,118.96;40.13,119.21;
#149:
>0:40.18,120.95;38.67,120.52;36.8,120.59;35.27,120.36;
#150:
>0:40.23,116.26;40.89,116.37;
#151:
>0:31.74,118.34;33.98,118.42;33.39,118.82;34.36,118.88;36.85,119.0;39.4,119.36;
#152:
>0:37.05,118.25;38.08,118.96;39.61,120.43;39.0,121.19;
#153:
>0:35.38,118.21;33.75,117.6;
#154:
>0:38.52,119.95;38.72,119.54;
#155:
>0:34.33,116.15;36.56,116.96;
#156:
>0:37.39,116.52;39.06,117.43;38.65,118.22;
#157:
>0:41.12,116.33;41.09,116.75;
#158:
>0:36.42,121.21;37.98,120.63;39.04,119.2;38.47,118.22;36.93,117.0;36.75,116.81;
#159:
>0:33.37,117.74;31.44,116.13;
#160:
>0:36.24,120.08;34.93,118.97;
#161:
>0:40.46,116.36;41.28,116.28;
#162:
>0:34.02,118.61;35.52,119.39;36.39,120.55;38.02,121.44;40.15,120.95;
#163:
>0:40.41,116.94;40.41,117.14;
#164:
>0:37.33,116.4;39.92,117.06;40.04,118.01;39.4,119.13;
#165:
>0:32.74,121.26;34.44,120.48;36.07,119.52;
#166:
>0:40.35,116.78;37.47,117.09;36.26,118.42;34.17,119.71;33.34,120.58;31.73,120.76;31.41,121.29;
#167:
>0:35.56,119.71;35.1,118.29;36.28,117.66;39.83,117.78;
#168:
>0:40.72,116.62;39.78,116.75;
#169:
>0:39.44,119.3;37.56,120.3;
#170:
>0:38.5,119.14;35.84,119.84;35.3,120.32;
#171:
>0:32.15,121.1;31.54,121.52;
#172:
>0:41.14,116.42;40.35,116.73;
#173:
>0:37.61,120.53;36.05,119.74;34.48,119.95;
#174:
>0:32.77,119.16;34.23,119.48;
#175:
>0:31.19,120.69;34.06,120.95;34.36,120.4;35.22,119.5;32.77,119.36;32.07,118.33;33.14,119.25;31.35,117.97;32.55,117.66;33.71,116.2;34.69,117.82;33.03,116.09;34.43,117.66;33.52,117.6;34.73,118.1;38.69,116.76;
#176:
>0:38.64,120.3;36.34,120.5;34.85,120.2;
#177:
>0:37.14,119.24;34.26,119.32;33.59,118.41;
#178:
>0:35.16,117.9;35.1,118.52;38.23,116.34;
#179:
>0:40.37,116.32;40.49,117.2;
#180:
>0:35.18,117.71;32.88,118.17;32.06,119.48;31.19,120.35;31.82,121.29;32.48,121.2;31.71,121.23;31.86,121.2;
#181:
>0:35.45,117.89;36.9,118.51;35.27,119.61;37.24,119.83;
#182:
>0:40.03,117.07;41.07,116.45;
#183:
>0:32.09,117.06;32.76,117.79;35.52,118.07;36.75,117.0;38.5,116.21;40.05,118.48;
#184:
>0:33.87,119.49;34.83,118.18;35.74,117.01;35.91,116.36;
#185:
>0:39.98,117.1;40.58,116.9;
#186:
>0:34.22,118.13;33.63,119.27;31.96,120.45;31.12,121.31;
#187:
>0:34.32,116.69;35.81,117.45;36.4,118.2;
#188:
>0:36.77,119.26;34.3,119.42;33.9,117.92;
#189:
>0:41.33,116.57;40.17,116.79;
#190:
>0:39.79,117.64;38.29,118.66;37.63,117.61;37.08,118.14;33.2,118.22;
#191:
>0:41.16,116.45;41.12,116.88;
#192:
>0:35.14,117.86;36.89,118.74;
#193:
>0:38.56,117.75;36.97,116.58;
#194:
>0:40.49,117.08;40.3,117.06;
#195:
>0:38.22,116.7;35.76,116.35;34.75,117.47;34.48,118.75;31.7,119.58;
#196:
>0:38.57,116.79;38.52,116.73;
#197:
>0:32.3,117.15;33.64,116.43;32.86,117.69;35.34,118.51;37.82,118.67;
#198:
>0:36.97,121.18;37.62,119.91;38.51,119.55;37.58,118.65;
#199:
>0:39.9,117.04;39.95,116.99;
#200:
>0:40.15,116.57;40.69,117.08;
#201:
>0:39.71,116.64;40.78,116.37;
#202:
>0:38.59,116.72;35.98,117.3;
#203:
>0:38.19,120.65;36.6,120.09;36.09,121.49;34.65,119.74;32.45,119.46;
#204:
>0:39.27,117.18;38.0,118.1;38.1,119.23;37.09,120.04;37.92,120.66;
#205:
>0:39.93,117.12;39.58,117.25;38.25,117.51;36.01,118.62;37.66,120.59;
#206:
>0:33.33,120.28;34.93,119.05;35.31,118.73;36.65,117.4;38.95,117.88;
#207:
>0:33.97,116.47;34.66,116.64;
#208:
>0:35.71,120.52;34.37,119.04;
#209:
>0:39.93,116.78;41.29,116.81;
#210:
>0:39.75,116.4;39.89,116.31;
#211:
>0:40.09,120.83;38.58,120.21;39.85,119.25;37.71,117.92;36.81,117.61;36.19,116.71;
#212:
>0:37.84,117.1;35.92,118.57;36.41,119.24;34.01,120.36;
#213:
>0:35.34,119.9;34.62,119.26;34.95,118.52;
#214:
>0:34.6,120.12;36.68,119.45;37.93,119.88;39.56,118.05;
#215:
>0:39.62,117.07;40.02,116.55;
#216:
>0:40.63,117.05;39.93,116.27;
#217:
>0:36.42,120.08;36.91,119.37;35.88,118.08;
#218:
>0:36.17,116.61;37.63,117.17;38.74,118.59;38.77,119.31;38.91,119.97;
#219:
>0:41.43,117.04;40.99,116.47;
#220:
>0:35.23,116.17;36.48,116.68;
#221:
>0:33.35,117.87;34.34,116.4;
#222:
>0:38.46,116.85;36.98,116.87;36.04,117.72;33.83,117.65;
#223:
>0:39.43,121.23;37.68,120.81;36.5,120.78;35.43,121.1;
#224:
>0:40.43,116.64;40.93,116.33;
#225:
>0:31.96,119.79;33.02,118.85;34.12,118.1;
#226:
>0:39.36,119.24;37.6,117.98;
#227:
>0:36.62,119.94;34.65,119.66;35.25,118.49;
#228:
>0:38.09,120.64;36.73,119.78;34.38,120.52;
#229:
>0:40.9,116.8;40.99,116.45;
#230:
>0:33.64,121.54;34.16,120.07;32.71,119.26;34.71,118.65;36.73,117.9;41.34,116.71;
#231:
>0:40.77,117.53;40.81,116.68;
#232:
>0:32.66,120.98;35.2,119.83;35.13,119.72;32.74,118.62;
#233:
>0:41.34,117.23;40.83,116.9;
#234:
>0:33.72,119.36;34.15,118.51;36.45,117.62;36.76,116.39;
#235:
>0:40.41,117.01;41.26,116.32;
#236:
>0:34.45,120.55;36.97,119.72;37.82,118.17;37.77,117.84;
#237:
>0:31.11,118.35;33.9,119.24;35.61,119.43;35.79,121.06;
#238:
>0:33.02,120.9;34.65,120.41;34.28,119.6;34.37,118.02;36.18,117.37;40.91,116.5;
#239:
>0:34.01,120.62;34.41,119.24;35.15,118.52;36.48,117.04;38.75,117.5;
#240:
>0:40.43,117.07;41.26,116.29;
#241:
>0:32.99,118.0;34.04,118.89;36.4,119.5;
#242:
>0:34.39,119.95;36.61,119.54;37.34,120.42;40.01,118.38;
#243:
>0:40.38,116.66;40.08,116.64;
#244:
>0:31.96,120.96;33.1,120.44;34.43,121.55;36.33,121.17;37.28,121.07;39.85,120.73;
#245:
>0:41.29,116.58;40.99,116.67;
#246:
>0:40.79,116.56;40.7,117.15;
#247:
>0:31.46,121.33;33.89,121.42;
#248:
>0:38.26,117.75;37.07,118.4;35.55,119.09;33.5,119.03;31.71,117.39;
#249:
>0:41.2,116.97;41.32,117.07;
#250:
>0:40.11,118.73;38.9,117.1;38.66,118.05;35.33,118.27;
#251:
>0:40.93,116.7;39.88,116.33;
#252:
>0:40.11,116.71;39.98,116.96;
#253:
>0:40.97,116.14;40.79,117.16;
#254:
>0:36.6,120.58;35.3,119.52;34.16,118.6;
#255:
>0:34.25,121.44;36.83,121.45;38.0,118.99;
#256:
>0:37.21,119.53;39.17,118.72;37.55,118.25;41.06,116.48;
#257:
>0:39.94,120.75;38.0,120.56;38.53,118.89;39.55,118.52;37.22,117.07;
#258:
>0:33.34,118.24;32.16,119.61;31.44,120.17;32.13,121.21;
#259:
>0:37.9,118.53;36.65,117.92;36.37,119.01;33.75,121.52;
#260:
>0:34.19,118.2;36.0,119.57;36.02,120.1;
#261:
>0:34.02,116.63;35.2,117.68;34.57,118.75;33.92,118.69;31.65,119.58;33.85,121.04;
#262:
>0:34.1,119.89;34.98,118.99;35.38,117.95;36.3,117.05;38.81,117.31;
#263:
>0:41.23,116.86;40.42,117.06;
#264:
>0:36.73,120.78;34.62,120.32;32.63,120.64;35.6,119.31;36.19,117.87;
#265:
>0:40.31,116.63;40.98,116.57;
#266:
>0:38.88,119.25;37.92,118.11;37.63,117.54;
#267:
>0:41.08,117.12;40.45,116.5;
#268:
>0:40.82,116.78;40.98,116.67;
#269:
>0:35.54,116.93;34.21,117.02;33.41,117.21;32.66,118.68;32.34,119.2;33.93,121.46;
#270:
>0:41.38,116.56;40.26,117.07;
#271:
>0:34.15,119.13;32.9,120.01;31.66,120.24;
#272:
>0:40.02,116.86;41.22,116.55;
#273:
>0:40.84,116.44;40.31,116.4;
#274:
>0:32.09,117.61;33.03,117.64;33.67,118.27;35.15,120.25;
#275:
>0:33.7,121.13;35.52,120.24;33.07,118.99;33.82,118.06;
#276:
>0:34.35,118.63;37.06,119.05;37.62,120.28;36.77,121.09;
#277:
>0:40.74,116.87;41.29,116.63;
#278:
>0:31.58,120.97;32.61,121.5;
#279:
>0:40.01,120.68;38.19,120.08;39.85,118.94;38.11,118.16;36.39,117.64;37.1,116.63;
#280:
>0:36.94,117.59;34.43,116.61;
#281:
>0:32.72,120.72;34.43,120.43;36.65,119.07;38.16,118.43;37.51,117.1;
#282:
>0:40.54,116.48;40.93,117.01;
#283:
>0:36.66,116.45;36.5,117.74;
#284:
>0:35.5,121.24;34.4,120.39;33.86,119.34;33.73,118.12;
#285:
>0:34.19,117.02;33.2,117.11;33.12,118.47;31.94,119.9;
#286:
>0:41.29,116.38;39.97,117.1;
#287:
>0:32.63,121.29;31.31,120.61;
#288:
>0:33.9,117.28;34.87,116.86;
#289:
>0:40.83,117.01;41.31,116.83;
#290:
>0:39.76,118.51;37.39,118.13;38.22,117.0;36.73,118.69;34.1,119.07;
#291:
>0:37.65,120.4;40.17,119.14;39.64,118.36;
#292:
>0:36.13,119.53;34.69,119.31;36.16,117.83;
#293:
>0:40.57,117.15;40.55,116.28;
#294:
>0:41.05,116.76;40.24,116.45;
#295:
>0:40.29,116.7;40.12,116.3;
#296:
>0:40.59,116.5;40.04,116.52;
#297:
>0:37.63,118.7;36.91,118.22;34.21,119.5;33.17,119.49;32.19,117.13;
#298:
>0:31.85,116.86;32.84,117.86;
#299:
>0:36.87,117.04;34.93,117.21;33.45,117.42;32.21,119.59;
#300:
>0:39.53,121.46;37.92,119.98;36.12,119.7;35.1,119.91;33.23,119.94;31.25,119.85;
#301:
>0:39.77,117.05;40.83,116.78;
#302:
>0:37.37,117.75;36.92,116.63;
#303:
>0:34.66,118.9;34.76,117.92;35.92,117.32;41.38,117.03;
#304:
>0:39.91,116.84;40.8,116.29;
#305:
>0:37.74,119.71;36.46,118.26;34.88,118.03;34.21,117.36;31.94,116.25;
#306:
>0:40.77,116.78;40.03,116.53;
#307:
>0:36.41,116.52;35.05,116.21;
#308:
>0:33.8,119.84;31.42,121.13;
#309:
>0:39.23,117.82;39.87,117.67;
#310:
>0:37.74,119.58;36.06,120.12;35.13,118.4;
#311:
>0:41.36,116.47;40.31,116.44;
#312:
>0:40.49,117.25;40.28,116.38;
#313:
>0:33.95,117.49;35.5,116.92;
#314:
>0:40.22,116.61;40.17,116.41;
#315:
>0:37.64,119.4;36.43,120.05;35.39,120.04;
#316:
>0:40.76,116.33;40.89,117.26;
#317:
>0:40.52,117.22;40.13,116.86;
#318:
>0:40.48,116.63;39.99,117.06;
#319:
>0:40.63,116.98;40.57,117.02;
#320:
>0:36.79,120.29;38.51,120.22;40.09,119.24;38.22,118.5;38.49,116.54;
#321:
>0:38.65,119.72;36.32,119.98;36.41,120.77;33.82,119.28;
#322:
>0:41.26,116.91;38.24,117.52;35.86,118.54;35.84,119.62;34.21,119.8;35.04,121.35;
#323:
>0:41.0,116.3;39.97,116.61;
#324:
>0:34.67,119.86;33.89,119.63;
#325:
>0:37.58,121.54;38.72,121.02;
#326:
>0:33.45,118.27;33.13,119.36;35.98,119.01;
#327:
>0:35.88,118.93;34.37,120.59;
#328:
>0:39.54,120.0;38.07,121.43;36.73,120.24;34.54,118.7;
#329:
>0:41.03,116.34;40.34,116.61;
#330:
>0:41.23,116.37;41.27,116.86;
#331:
>0:37.44,119.69;36.09,119.84;35.41,119.33;33.7,118.63;
#332:
>0:35.82,120.45;36.69,120.76;40.04,119.05;
#333:
>0:39.62,117.52;38.59,118.34;36.55,118.61;35.5,118.82;33.36,118.81;31.34,117.89;
#334:
>0:37.02,121.08;34.7,120.36;33.01,119.11;32.36,119.04;
#335:
>0:32.12,120.98;33.81,121.07;34.49,120.33;33.68,118.83;33.32,117.83;
#336:
>0:38.1,119.19;38.04,118.31;
#337:
>0:40.49,117.08;38.7,117.75;36.25,118.14;36.96,118.98;33.78,120.35;
#338:
>0:31.39,117.17;33.82,117.46;33.08,118.02;35.0,120.4;
#339:
>0:39.56,119.02;38.65,119.93;
#340:
>0:41.24,116.48;41.35,117.0;
#341:
>0:34.69,117.65;33.04,117.17;33.67,118.07;34.47,120.18;
#342:
>0:36.49,116.74;34.53,116.28;
#343:
>0:32.43,121.34;34.05,121.34;35.62,120.19;36.59,119.64;37.22,120.63;38.71,119.42;37.44,118.52;39.62,116.38;
#344:
>0:31.19,119.28;32.75,118.37;34.37,118.03;36.61,118.16;
#345:
>0:38.25,117.12;36.01,118.57;34.59,118.83;
#346:
>0:35.61,117.95;36.54,117.79;38.51,116.08;39.49,118.72;
#347:
>0:34.38,117.58;35.84,118.24;35.51,119.66;38.57,119.92;
#348:
>0:34.35,118.35;36.73,117.15;37.72,116.18;41.22,116.26;
#349:
>0:35.9,119.72;35.49,118.91;35.82,117.31;
#350:
>0:31.87,117.83;33.35,116.27;34.92,116.34;
#351:
>0:37.09,117.22;34.58,118.4;33.43,119.25;31.66,120.24;31.33,121.04;
#352:
>0:38.41,119.27;36.6,120.43;36.94,121.13;34.06,119.63;
#353:
>0:34.63,117.76;32.66,117.77;34.07,119.52;
#354:
>0:41.23,116.98;40.87,116.64;
#355:
>0:32.37,120.71;33.55,121.46;35.54,120.51;34.68,119.5;33.26,119.15;35.05,118.78;35.17,117.15;33.07,117.47;34.38,118.1;35.94,117.03;34.93,116.84;36.48,117.78;35.06,116.92;37.12,117.04;35.44,116.57;37.34,116.58;
#356:
>0:39.78,117.4;37.98,117.82;36.53,118.32;35.52,118.0;34.7,117.58;31.11,116.83;
#357:
>0:33.08,120.0;34.66,119.35;36.26,118.28;
#358:
>0:36.77,121.31;34.9,120.23;32.84,119.28;31.58,119.07;
#359:
>0:38.52,120.86;36.29,119.88;
#360:
>0:32.51,121.28;32.25,121.14;
#361:
>0:40.18,116.59;41.37,117.14;
#362:
>0:37.8,119.96;39.61,119.62;38.93,118.15;
#363:
>0:35.29,118.22;36.62,119.51;
#364:
>0:41.3,116.51;40.16,116.34;
#365:
>0:33.56,116.98;35.35,117.11;37.05,118.08;38.49,119.53;
#366:
>0:33.16,121.42;33.68,120.11;
#367:
>0:35.29,116.69;35.2,117.81;
#368:
>0:34.68,117.4;33.81,117.35;32.62,118.71;35.63,119.77;
#369:
>0:34.23,117.11;34.61,117.97;37.33,116.22;
#370:
>0:41.06,116.45;40.38,116.92;
#371:
>0:40.36,116.77;40.54,116.63;
#372:
>0:37.27,116.94;35.84,116.62;34.41,117.16;33.65,117.11;31.5,119.55;
#373:
>0:40.4,117.15;40.8,117.04;
#374:
>0:37.57,117.12;35.74,116.3;34.23,116.72;
#375:
>0:41.37,116.66;39.03,117.02;38.28,118.57;
#376:
>0:41.34,116.84;41.19,116.97;
#377:
>0:39.84,119.4;38.1,118.67;36.97,118.2;35.26,119.04;33.9,118.99;32.08,117.57;
#378:
>0:32.79,120.52;34.57,119.51;35.03,118.02;35.72,117.83;39.67,117.11;
#379:
>0:38.13,117.57;35.88,117.71;35.17,117.13;
#380:
>0:37.46,118.65;36.05,118.68;36.08,119.89;
#381:
>0:39.73,116.83;40.41,116.64;
#382:
>0:40.15,116.76;40.65,116.67;
#383:
>0:36.99,117.35;37.14,118.71;34.08,119.49;
#384:
>0:41.39,116.75;40.12,116.72;
#385:
>0:36.56,117.83;38.54,118.12;40.09,119.57;39.9,119.75;39.67,121.2;
#386:
>0:39.97,116.89;41.22,116.87;
#387:
>0:40.66,116.18;38.41,117.09;35.82,118.03;35.07,118.93;33.36,120.06;31.71,120.84;32.46,121.42;32.27,121.48;32.09,121.23;31.55,121.3;32.01,121.07;31.39,121.02;31.91,121.12;
#388:
>0:40.28,116.6;40.57,116.77;
#389:
>0:36.37,119.58;34.96,119.66;33.15,118.52;
#390:
>0:37.53,119.94;37.86,119.65;37.37,118.74;
#391:
>0:35.04,117.27;33.11,116.6;
#392:
>0:32.78,116.51;34.75,116.49;
#393:
>0:36.04,119.09;35.58,119.22;34.4,118.55;35.65,116.16;
#394:
>0:40.09,117.25;37.81,118.66;38.13,117.89;36.76,118.78;33.49,118.08;
#395:
>0:38.68,118.98;38.15,119.63;
#396:
>0:38.49,118.49;36.3,118.34;35.32,118.94;36.27,121.13;
#397:
>0:38.03,119.28;36.11,120.11;35.61,120.1;
#398:
>0:40.74,116.53;41.3,117.01;
#399:
>0:39.04,119.75;38.31,121.51;36.97,120.02;34.98,118.94;33.92,118.94;31.77,117.75;
#400:
>0:39.59,119.87;39.98,119.72;38.09,118.14;36.4,117.58;33.83,117.29;
#401:
>0:36.33,119.94;34.46,119.09;35.09,118.47;
#402:
>0:32.71,119.6;34.76,119.81;36.36,121.52;37.28,120.72;39.42,121.5;
#403:
>0:39.34,117.69;37.4,117.03;36.28,118.8;34.91,118.82;33.98,119.24;32.34,117.1;
#404:
>0:40.57,116.3;40.85,116.75;
#405:
>0:40.2,121.08;38.02,120.32;37.8,119.62;40.03,118.65;37.66,117.06;
#406:
>0:40.61,116.43;40.33,117.11;
#407:
>0:36.59,118.88;38.31,118.79;36.88,118.41;41.41,116.88;
#408:
>0:33.82,119.47;34.84,118.74;33.43,117.73;
#409:
>0:41.07,116.93;40.58,116.8;
#410:
>0:41.08,116.69;41.26,116.71;
#411:
>0:31.36,120.84;32.78,119.77;35.36,119.11;36.46,118.11;
#412:
>0:40.99,116.58;40.11,116.81;
#413:
>0:37.94,117.4;36.3,117.92;35.39,117.92;33.03,119.12;
#414:
>0:35.34,121.05;36.72,121.2;34.95,119.35;
#415:
>0:40.11,116.67;40.18,116.27;
#416:
>0:38.02,120.31;38.04,119.4;37.38,118.61;
#417:
>0:36.78,119.15;34.69,119.52;34.03,118.78;
#418:
>0:36.7,118.62;38.43,119.42;
#419:
>0:40.13,116.74;41.14,117.03;
#420:
>0:31.62,117.3;33.84,117.45;33.8,118.32;31.59,119.73;
#421:
>0:40.07,117.44;38.06,118.74;38.14,117.05;36.8,118.52;33.48,119.06;
#422:
>0:40.89,116.74;41.2,116.28;
#423:
>0:36.92,119.26;34.56,118.96;37.17,117.86;
#424:
>0:39.2,119.34;38.49,118.05;37.62,117.24;
#425:
>0:32.82,116.41;35.39,117.03;37.03,117.68;37.71,117.37;
#426:
>0:36.27,118.4;34.88,118.03;38.05,116.25;
#427:
>0:33.69,119.93;31.84,121.48;
#428:
>0:41.12,116.65;40.12,116.45;
#429:
>0:37.12,119.15;34.97,119.63;33.97,118.79;
#430:
>0:41.09,116.26;39.93,116.97;
#431:
>0:32.39,120.84;31.73,120.87;
#432:
>0:40.47,116.5;40.92,116.75;
#433:
>0:40.92,117.14;40.63,116.48;
#434:
>0:31.59,120.76;31.11,121.3;
#435:
>0:39.82,121.45;38.39,119.81;36.51,119.58;35.52,120.5;33.53,120.31;32.57,119.93;
#436:
>0:31.79,120.99;31.75,121.1;
#437:
>0:40.16,120.83;37.85,120.21;37.15,119.61;35.47,120.24;34.0,119.86;32.13,120.18;
#438:
>0:38.25,121.47;38.03,120.56;36.66,118.99;
#439:
>0:37.08,120.56;34.71,119.41;33.55,118.22;
#440:
>0:34.96,119.63;35.28,118.26;36.47,117.21;40.24,116.97;
#441:
>0:39.08,117.73;38.77,117.73;
#442:
>0:39.13,117.24;38.09,118.74;36.21,118.6;
#443:
>0:40.45,116.69;40.57,116.86;
#444:
>0:40.47,116.99;40.46,116.79;
#445:
>0:32.44,116.2;33.89,116.51;34.28,117.09;34.59,118.53;38.31,116.38;
#446:
>0:36.97,118.85;35.55,119.52;34.91,118.3;35.93,116.36;
#447:
>0:37.56,120.37;37.0,120.19;34.97,120.61;
#448:
>0:36.96,119.8;37.72,120.56;39.79,118.49;
#449:
>0:40.88,116.79;39.46,116.91;
#450:
>0:37.54,118.35;35.71,119.23;34.57,120.63;34.88,121.26;
#451:
>0:32.48,120.82;33.31,121.25;34.35,120.35;34.82,118.9;33.36,119.52;31.37,118.39;33.05,118.78;31.77,119.42;33.57,119.82;34.26,119.69;34.15,118.27;36.19,117.39;35.52,116.25;36.71,117.82;36.36,116.72;38.37,116.78;
#452:
>0:39.74,117.98;37.77,117.51;
#453:
>0:36.82,117.35;34.46,116.38;35.18,117.78;32.58,116.75;
#454:
>0:40.68,116.5;40.95,116.25;
#455:
>0:40.1,118.3;37.69,119.49;35.85,120.02;34.99,120.7;33.2,121.03;32.47,120.98;
#456:
>0:39.43,119.46;38.24,118.23;36.01,118.46;34.71,118.95;32.84,118.91;32.21,117.38;
#457:
>0:40.32,116.39;40.34,116.47;
#458:
>0:34.41,118.31;36.63,118.26;
#459:
>0:40.03,117.55;37.89,118.21;36.66,118.29;
#460:
>0:32.6,121.18;31.8,121.45;
#461:
>0:38.82,118.3;37.49,118.45;36.74,117.63;34.48,117.97;
#462:
>0:32.42,120.01;31.4,119.32;32.02,118.13;31.78,117.53;
#463:
>0:40.03,116.91;40.07,117.04;
#464:
>0:40.75,117.0;41.07,116.85;
#465:
>0:35.1,120.21;34.63,119.25;36.7,118.82;39.24,119.52;
#466:
>0:40.09,119.76;37.97,121.5;
#467:
>0:41.31,116.67;40.27,116.94;
#468:
>0:41.03,116.98;40.06,116.83;
#469:
>0:40.36,116.52;41.37,116.83;
#470:
>0:33.92,116.4;34.74,117.66;35.71,118.32;35.55,119.21;37.23,120.1;
#471:
>0:40.1,116.51;41.23,116.96;
#472:
>0:34.91,116.4;32.94,117.62;
#473:
>0:40.37,116.51;40.24,117.12;
#474:
>0:38.8,117.16;39.97,117.76;
#475:
>0:41.01,116.61;40.14,116.35;
#476:
>0:37.44,118.66;36.76,118.37;36.06,119.21;34.21,119.04;31.23,118.49;
#477:
>0:31.15,121.06;34.09,120.68;34.36,119.96;34.31,119.28;32.62,119.03;31.42,118.19;33.87,117.46;35.28,118.7;34.83,117.63;32.69,117.09;31.99,116.53;33.13,116.74;34.84,117.52;32.95,117.75;34.43,118.55;38.48,116.53;
#478:
>0:40.81,117.12;40.41,116.72;
#479:
>0:38.51,120.38;38.0,119.46;36.19,120.16;34.01,119.46;
#480:
>0:39.34,120.66;37.74,120.12;36.38,119.49;34.79,120.07;32.65,120.21;32.18,119.74;
#481:
>0:41.0,116.63;41.22,116.96;
#482:
>0:31.69,121.36;34.06,120.03;34.27,120.68;36.29,120.68;37.82,120.92;39.02,120.7;
#483:
>0:33.64,120.15;34.49,119.05;34.39,118.49;35.69,117.76;39.9,117.88;
#484:
>0:38.77,118.13;37.56,118.73;37.58,117.26;36.45,118.68;33.1,119.55;
#485:
>0:31.39,119.19;33.63,120.5;34.93,119.26;35.09,118.72;36.61,117.66;40.24,116.33;
#486:
>0:36.55,117.89;34.95,118.56;33.86,119.26;31.18,120.01;31.57,121.33;
#487:
>0:31.18,120.33;32.12,118.94;32.45,118.69;31.75,117.87;
#488:
>0:40.42,116.58;40.92,116.89;
#489:
>0:40.27,116.92;41.12,117.0;
#490:
>0:40.97,117.07;40.92,116.63;
#491:
>0:38.65,116.65;39.92,117.84;40.03,118.73;39.42,119.49;
#492:
>0:33.28,116.62;34.66,116.97;
#493:
>0:41.37,116.32;41.35,116.97;
#494:
>0:38.59,117.51;37.57,118.15;
#495:
>0:41.05,117.27;40.12,116.31;
#496:
>0:40.94,116.47;40.91,116.59;
#497:
>0:40.1,116.4;41.39,117.14;
#498:
>0:35.36,120.41;37.05,119.08;
#499:
>0:35.29,120.31;36.58,119.05;37.32,118.25;38.02,117.79;
#500:
>0:40.66,116.48;41.11,116.66;
#501:
>0:39.29,121.34;37.88,120.62;36.74,118.88;34.45,120.1;34.0,119.96;32.05,120.45;
#502:
>0:40.0,117.02;40.54,117.03;
#503:
>0:37.74,118.31;36.43,118.21;
#504:
>0:40.07,117.17;40.98,116.37;
#505:
>0:37.04,120.92;37.71,120.47;37.69,119.19;37.64,118.37;
#506:
>0:34.85,117.96;36.81,119.14;
#507:
>0:32.88,121.17;35.46,120.07;36.31,119.2;37.65,118.55;38.17,117.1;
#508:
>0:39.98,116.65;40.69,117.12;
#509:
>0:38.96,120.85;37.5,120.33;35.78,120.31;35.72,121.34;33.33,119.76;
#510:
>0:37.24,118.24;36.13,118.2;38.33,120.36;
#511:
>0:38.72,118.32;37.85,118.49;38.61,117.8;36.11,118.28;33.96,119.36;
#512:
>0:36.1,117.95;38.54,117.43;
#513:
>0:40.31,116.26;40.96,116.59;
#514:
>0:35.75,116.46;35.8,117.41;
#515:
>0:39.64,118.66;39.91,117.04;
#516:
>0:40.51,117.07;39.81,117.3;37.96,118.71;35.84,118.47;35.5,119.69;32.51,118.1;
#517:
>0:41.12,117.05;40.78,116.89;
#518:
>0:40.08,116.71;40.58,117.08;
#519:
>0:35.94,121.27;37.22,120.18;39.35,119.97;
#520:
>0:34.4,118.43;32.78,117.31;
#521:
>0:40.15,118.7;39.9,117.32;38.31,117.22;36.28,117.05;32.77,116.38;
#522:
>0:40.23,117.09;40.24,116.48;
#523:
>0:40.28,116.61;40.13,116.36;
#524:
>0:40.74,116.86;40.27,116.48;
#525:
>0:40.49,116.22;40.14,117.07;
#526:
>0:41.4,116.74;40.67,117.1;
#527:
>0:40.94,116.39;40.35,117.06;
#528:
>0:37.82,118.82;36.2,119.85;36.27,121.32;33.66,119.07;
#529:
>0:34.07,118.07;32.18,119.02;33.72,119.99;33.74,121.25;
#530:
>0:41.22,116.73;40.08,116.5;
#531:
>0:40.11,117.12;40.32,117.13;
#532:
>0:35.98,120.38;35.61,119.44;
#533:
>0:31.86,116.53;33.6,117.66;35.5,118.77;36.53,118.68;
#534:
>0:40.29,116.32;40.72,116.34;
#535:
>0:40.11,116.43;40.08,117.08;
#536:
>0:35.5,118.1;36.7,118.85;37.36,119.79;40.11,120.54;
#537:
>0:36.82,118.46;36.91,119.26;34.55,120.29;34.89,121.53;
#538:
>0:32.09,119.34;33.06,118.72;34.31,117.19;34.6,116.6;
#539:
>0:34.55,118.7;33.12,119.71;
#540:
>0:32.8,119.4;34.94,120.56;35.42,120.66;
#541:
>0:34.22,118.61;36.63,117.19;37.62,116.54;39.3,118.62;
#542:
>0:38.23,118.82;37.54,118.01;
#543:
>0:40.05,116.79;39.71,117.4;
#544:
>0:37.88,119.63;36.49,119.91;37.07,119.17;33.68,119.04;
#545:
>0:37.76,119.06;36.9,120.37;35.6,119.97;
#546:
>0:40.47,116.92;40.11,116.33;
#547:
>0:31.55,121.53;33.07,121.23;34.58,120.49;32.64,119.67;33.19,117.05;
#548:
>0:40.48,116.26;40.15,116.63;
#549:
>0:34.04,119.51;34.46,119.88;34.78,121.03;
#550:
>0:38.57,119.66;36.61,120.23;
#551:
>0:36.96,116.92;34.45,117.19;32.64,118.19;31.57,119.11;31.92,120.53;31.88,121.03;
#552:
>0:40.52,116.46;39.97,116.63;
#553:
>0:31.76,120.65;31.76,121.14;
#554:
>0:39.84,119.28;38.49,118.0;37.44,117.21;35.0,116.32;
#555:
>0:38.86,117.77;39.19,117.08;
#556:
>0:39.82,119.0;37.8,117.99;35.7,118.2;35.58,119.0;33.07,119.67;31.84,117.06;
#557:
>0:31.79,117.59;32.72,116.29;35.11,117.16;34.89,118.35;36.95,117.88;39.96,117.42;
#558:
>0:41.06,116.88;40.53,116.8;
#559:
>0:39.88,118.27;39.48,117.84;37.58,118.37;36.32,117.88;33.45,116.96;
#560:
>0:33.31,118.89;35.27,118.93;
#561:
>0:41.15,116.99;40.4,116.46;
#562:
>0:34.05,116.54;35.25,117.85;36.55,117.96;35.6,119.29;38.12,119.83;
#563:
>0:33.0,119.29;31.95,120.6;
#564:
>0:31.72,121.46;32.7,121.25;34.92,120.57;35.08,119.33;32.84,119.64;34.46,118.76;34.63,117.83;33.16,117.45;32.56,116.27;33.4,116.17;31.41,116.19;33.1,116.69;35.49,117.58;32.7,117.64;35.21,118.76;37.6,116.08;
#565:
>0:40.86,117.19;41.12,116.95;
#566:
>0:37.79,116.15;39.13,117.68;39.0,118.09;38.94,118.84;39.17,119.98;
#567:
>0:41.0,116.82;40.18,116.97;
#568:
>0:40.91,117.07;41.11,116.7;
#569:
>0:34.71,117.0;32.66,117.68;32.9,118.3;31.18,120.59;
#570:
>0:41.29,116.5;40.59,116.64;
#571:
>0:41.07,116.89;40.43,117.01;
#572:
>0:33.42,118.54;33.86,118.91;36.49,117.05;
#573:
>0:38.46,120.93;35.77,119.76;37.74,118.92;
#574:
>0:37.77,120.78;35.96,120.46;35.61,119.31;33.95,119.21;33.3,117.22;
#575:
>0:40.2,116.87;40.87,116.85;
#576:
>0:32.13,119.71;33.35,120.26;
#577:
>0:31.53,119.63;32.68,120.45;35.26,120.64;36.87,120.72;38.43,121.49;39.56,121.37;
#578:
>0:34.7,120.32;35.79,119.55;38.51,118.65;40.09,117.01;
#579:
>0:35.05,117.37;35.14,118.18;37.64,116.32;
#580:
>0:38.68,117.55;35.84,118.59;35.98,119.66;33.71,119.09;
#581:
>0:34.99,118.05;32.7,118.31;31.34,119.85;
#582:
>0:38.37,117.72;35.78,118.65;36.12,119.01;33.91,119.77;
#583:
>0:36.46,119.95;36.58,121.0;32.76,119.17;
#584:
>0:40.41,116.74;41.43,116.65;
#585:
>0:39.87,117.03;38.93,117.64;
#586:
>0:34.88,120.18;34.7,119.73;
#587:
>0:37.41,120.83;38.6,120.49;38.78,119.47;38.53,117.93;38.38,117.82;37.8,116.31;
#588:
>0:38.7,119.32;37.48,119.85;37.8,120.92;
#589:
>0:39.1,118.05;38.34,118.61;37.45,117.56;35.58,118.0;
#590:
>0:40.48,116.56;41.16,116.53;
#591:
>0:36.22,116.16;35.48,116.88;
#592:
>0:40.26,116.45;38.82,117.21;38.08,118.23;35.86,118.76;37.82,120.35;
#593:
>0:35.76,119.5;35.09,119.22;33.27,119.13;32.45,117.15;
#594:
>0:37.8,118.05;37.69,117.09;36.29,118.6;34.53,119.28;32.04,118.19;
#595:
>0:32.44,119.28;33.28,120.31;35.11,120.29;35.44,119.21;37.94,120.57;
#596:
>0:40.95,117.07;40.1,116.64;
#597:
>0:32.1,117.29;33.35,117.5;33.95,118.46;31.31,120.18;
#598:
>0:32.07,119.27;32.91,118.39;34.43,118.56;36.2,118.35;
#599:
>0:40.47,116.62;40.67,116.51;
#600:
>0:34.45,118.8;35.93,117.55;38.1,116.61;39.46,118.3;
#601:
>0:40.5,116.77;40.54,116.95;
#602:
>0:36.78,117.37;34.51,116.7;
#603:
>0:40.5,116.96;40.63,117.22;
#604:
>0:32.3,119.09;31.27,119.0;
#605:
>0:40.2,116.51;40.83,117.25;
#606:
>0:39.93,120.86;37.51,119.95;36.08,118.88;34.49,120.05;33.58,119.95;31.64,120.05;
#607:
>0:40.13,116.31;40.72,116.71;
#608:
>0:40.45,117.14;40.16,117.1;
#609:
>0:39.79,116.48;40.01,116.7;
#610:
>0:36.78,120.15;35.76,121.36;39.91,120.31;
#611:
>0:40.42,116.38;40.64,116.51;
#612:
>0:41.32,116.54;40.66,116.85;
#613:
>0:34.41,120.65;35.02,119.75;31.23,119.12;
#614:
>0:37.13,119.77;34.97,118.84;33.31,119.05;35.07,117.98;37.79,116.86;
#615:
>0:39.33,119.1;38.41,117.99;37.16,117.3;
#616:
>0:40.62,116.48;40.06,116.79;
#617:
>0:32.55,118.12;33.48,117.95;33.1,119.53;35.03,118.46;36.33,117.84;38.87,117.73;
#618:
>0:32.59,121.19;32.12,121.48;
#619:
>0:38.28,116.9;36.52,117.55;35.25,116.66;32.78,117.35;31.88,119.46;
#620:
>0:40.8,116.19;41.29,116.83;
#621:
>0:39.85,120.65;38.0,121.5;36.87,120.9;35.53,121.04;
#622:
>0:37.68,117.06;40.2,117.96;39.68,119.56;39.23,120.41;
#623:
>0:34.37,119.35;34.91,119.97;35.25,120.89;
#624:
>0:33.18,118.47;31.93,119.37;33.76,120.37;32.79,120.87;
#625:
>0:34.63,119.1;33.79,119.31;31.53,118.23;32.08,116.32;
#626:
>0:32.02,119.96;33.77,119.18;
#627:
>0:36.97,120.31;34.63,119.58;35.12,118.52;
#628:
>0:41.08,116.91;39.11,117.65;37.59,117.3;37.14,118.19;38.12,120.04;
#629:
>0:37.7,120.99;36.91,120.39;37.17,121.37;33.74,119.8;
#630:
>0:39.1,117.85;40.02,117.09;
#631:
>0:36.41,119.63;35.13,118.9;33.96,118.34;
#632:
>0:38.29,121.33;35.85,120.26;35.04,119.34;32.63,119.02;33.31,117.59;
#633:
>0:36.94,118.19;38.12,117.61;
#634:
>0:39.93,116.97;41.27,116.43;
#635:
>0:38.48,119.12;38.14,118.28;
#636:
>0:40.64,117.07;40.18,116.57;
#637:
>0:33.43,116.43;35.41,116.84;
#638:
>0:31.11,120.32;31.51,119.62;32.55,118.32;31.13,117.11;
#639:
>0:32.89,119.07;35.31,119.35;
#640:
>0:40.54,116.94;40.7,117.01;
#641:
>0:36.52,120.49;36.21,119.51;37.05,118.35;
#642:
>0:33.6,117.45;34.63,117.01;
#643:
>0:37.99,117.1;36.5,118.46;34.43,119.64;
