#0:
>0:40.96,116.63;40.74,116.56;
#1:
>0:39.12,117.81;37.47,118.43;35.95,119.49;34.58,119.3;33.55,120.14;
#2:
>0:37.77,118.64;39.92,119.59;39.51,119.75;39.26,121.42;
#3:
>0:40.13,117.09;40.8,117.16;
#4:
>0:31.32,120.91;32.46,120.97;
#5:
>0:39.08,121.43;37.67,121.47;37.01,121.27;
#6:
>0:31.76,120.55;33.85,120.36;34.57,119.36;36.95,117.44;
#7:
>0:40.54,116.97;40.82,116.7;
#8:
>0:38.45,119.18;36.56,120.24;35.01,121.23;33.13,120.14;32.34,121.52;
#9:
>0:31.89,119.74;33.69,121.33;34.8,121.48;37.02,121.12;37.87,120.67;
#10:
>0:40.1,116.31;39.96,116.91;
#11:
>0:39.92,116.62;40.78,117.1;
#12:
>0:35.6,119.93;36.64,119.27;38.16,118.32;39.96,117.64;
#13:
>0:39.25,120.99;37.5,120.82;36.61,120.88;35.1,120.89;33.54,119.82;31.51,121.43;
#14:
>0:39.25,119.89;38.27,119.78;36.18,119.96;34.26,119.63;33.11,118.74;
#15:
>0:37.06,120.06;37.21,120.52;40.17,119.16;39.45,117.47;
#16:
>0:41.39,116.35;39.95,116.76;
#17:
>0:41.0,116.85;40.19,116.96;
#18:
>0:38.0,121.45;35.81,120.63;37.99,119.89;39.95,118.54;
#19:
>0:31.51,119.4;34.11,120.02;34.22,119.39;36.73,117.06;
#20:
>0:32.56,121.07;32.52,119.86;31.51,121.25;33.92,119.74;35.43,119.76;35.36,119.15;35.56,118.29;36.02,117.14;37.87,118.73;40.12,117.82;37.56,118.32;36.24,118.19;38.5,118.37;35.78,118.36;37.34,117.94;39.97,117.15;
#21:
>0:38.0,117.69;40.17,117.06;
#22:
>0:39.89,116.62;41.06,116.84;
#23:
>0:32.39,117.1;32.9,118.18;34.17,117.93;
#24:
>0:31.64,120.89;31.75,121.53;
#25:
>0:33.94,119.04;35.63,118.59;36.09,118.7;37.24,118.18;
#26:
>0:40.77,117.11;40.02,117.17;
#27:
>0:37.58,116.54;36.11,117.74;34.83,118.65;
#28:
>0:39.35,118.94;39.39,118.04;37.7,117.32;36.18,116.4;33.26,116.37;
#29:
>0:32.11,119.06;33.35,119.86;35.56,118.36;
#30:
>0:31.27,119.45;33.3,119.8;34.59,119.57;34.77,118.26;37.49,118.45;
#31:
>0:37.58,119.2;36.38,119.44;35.3,119.02;33.08,117.4;
#32:
>0:31.7,117.53;32.45,118.64;31.83,118.98;31.72,120.14;
#33:
>0:39.82,120.15;38.22,120.01;36.06,120.4;34.65,118.84;33.5,118.06;
#34:
>0:36.28,121.16;37.26,120.01;37.28,119.34;39.31,119.13;37.48,117.02;
#35:
>0:34.75,120.29;34.43,119.41;32.64,118.73;
#36:
>0:33.77,119.77;35.5,119.09;34.66,118.4;35.82,119.38;39.51,120.58;
#37:
>0:31.59,121.51;31.61,120.77;
#38:
>0:40.32,116.58;40.46,116.86;
#39:
>0:39.96,117.76;37.47,118.8;36.96,119.02;34.23,119.53;33.43,120.58;
#40:
>0:31.37,120.29;33.17,120.21;34.85,118.87;35.05,117.96;38.65,118.7;
#41:
>0:33.1,119.4;31.16,117.96;32.41,117.31;
#42:
>0:36.69,117.37;37.6,118.07;40.17,119.39;38.48,120.09;
#43:
>0:34.58,120.03;34.63,119.1;33.31,118.65;
#44:
>0:34.13,117.84;32.21,118.59;32.16,118.88;33.58,120.51;32.0,121.27;
#45:
>0:35.76,116.15;34.62,116.93;36.59,117.22;38.65,118.11;38.59,120.02;
#46:
>0:39.99,116.33;40.81,116.95;
#47:
>0:31.31,119.48;33.97,120.51;35.4,121.49;36.08,120.23;38.03,119.79;39.78,120.56;
#48:
>0:37.06,120.26;34.41,119.36;33.38,118.11;33.01,117.58;
#49:
>0:39.39,119.4;38.16,118.64;36.81,118.68;34.48,116.47;
#50:
>0:40.58,116.35;39.7,116.6;
#51:
>0:33.1,121.18;32.4,121.18;
#52:
>0:40.45,116.62;40.22,117.14;
#53:
>0:32.73,119.5;35.57,120.15;
#54:
>0:35.1,117.37;36.85,118.16;37.76,118.64;38.06,120.17;
#55:
>0:38.65,118.39;36.94,118.31;34.39,118.56;33.04,118.48;
#56:
>0:35.27,116.63;33.9,116.69;32.78,118.48;
#57:
>0:40.94,116.95;40.97,116.16;
#58:
>0:32.65,119.24;34.17,118.53;36.16,117.28;37.62,117.78;
#59:
>0:36.44,116.95;35.35,117.34;36.78,118.46;37.69,118.31;37.24,120.09;
#60:
>0:33.17,116.5;35.65,117.48;36.37,118.3;37.33,119.7;
#61:
>0:41.17,116.54;40.79,116.71;
#62:
>0:37.96,120.43;39.25,120.5;
#63:
>0:40.68,116.83;41.02,117.3;
#64:
>0:41.19,116.96;39.8,117.05;
#65:
>0:31.64,119.99;33.63,120.61;34.47,119.08;35.36,118.77;34.7,116.92;
#66:
>0:34.79,116.56;32.95,117.61;33.78,118.55;32.42,119.62;
#67:
>0:40.47,117.3;40.05,116.68;
#68:
>0:38.38,121.19;36.62,120.27;35.64,118.85;34.01,119.99;
#69:
>0:40.89,116.92;40.88,117.01;
#70:
>0:32.2,117.27;33.97,116.23;
#71:
>0:38.56,117.76;38.56,116.26;34.59,116.75;
#72:
>0:38.72,119.29;39.95,118.15;37.91,117.02;34.24,116.89;
#73:
>0:40.05,116.4;40.2,116.53;
#74:
>0:33.63,119.53;35.4,118.37;36.34,118.25;37.44,118.73;
#75:
>0:40.5,116.56;40.9,116.58;
#76:
>0:40.32,116.38;40.18,117.15;
#77:
>0:41.37,116.66;40.25,116.52;
#78:
>0:41.39,116.95;39.96,116.94;
#79:
>0:41.39,116.83;40.88,116.45;
#80:
>0:34.61,120.42;32.71,118.9;
#81:
>0:40.26,116.75;41.42,117.06;
#82:
>0:36.87,117.65;34.33,118.63;34.64,119.41;35.11,120.48;
#83:
>0:31.16,120.92;31.72,121.42;
#84:
>0:41.22,116.54;41.06,116.57;
#85:
>0:39.13,120.27;38.29,120.52;36.08,120.19;35.08,119.61;32.96,118.1;
#86:
>0:33.62,116.73;33.42,117.83;33.27,118.69;31.93,118.95;
#87:
>0:39.69,116.87;41.02,116.93;
#88:
>0:39.97,117.08;40.61,116.43;
#89:
>0:38.29,119.62;39.38,120.34;
#90:
>0:31.52,120.72;31.23,121.48;
#91:
>0:31.39,118.59;32.83,119.39;35.43,120.03;36.17,121.44;37.34,121.45;38.75,120.73;
#92:
>0:31.45,118.74;33.86,117.72;34.93,116.17;37.15,116.98;
#93:
>0:41.12,117.15;41.39,116.95;
#94:
>0:41.14,116.14;41.35,116.77;
#95:
>0:40.83,116.84;37.49,117.12;
#96:
>0:31.25,121.21;32.86,120.23;
#97:
>0:41.26,117.07;41.04,117.07;
#98:
>0:33.49,117.13;33.98,117.09;
#99:
>0:32.82,118.54;34.55,119.1;
#100:
>0:40.76,116.69;40.35,116.42;
#101:
>0:35.6,119.03;34.37,119.21;
#102:
>0:39.96,116.52;40.74,116.64;
#103:
>0:35.47,117.52;35.74,118.12;37.83,118.06;39.27,119.16;36.3,121.22;
#104:
>0:37.46,117.55;36.98,118.49;37.42,118.43;37.25,120.38;
#105:
>0:38.73,120.89;37.75,120.38;36.79,120.54;35.44,119.46;33.49,119.66;31.52,119.79;
#106:
>0:31.66,119.27;32.72,119.88;34.86,119.37;34.16,117.92;37.53,118.38;
#107:
>0:33.89,117.34;32.61,118.22;31.87,119.69;33.59,120.6;31.6,121.23;
#108:
>0:38.44,117.82;37.03,117.13;37.45,117.98;39.63,119.16;36.12,121.19;
#109:
>0:36.67,117.33;38.64,118.07;40.04,118.99;36.42,120.47;
#110:
>0:33.28,116.24;32.72,117.77;33.58,117.9;32.34,118.07;31.61,118.86;33.6,121.25;
#111:
>0:40.6,116.87;40.0,116.39;
#112:
>0:33.83,119.57;35.33,120.06;36.69,119.21;37.37,120.3;39.16,120.29;
#113:
>0:40.81,117.06;41.12,116.97;
#114:
>0:41.2,116.75;40.29,116.26;
#115:
>0:40.58,117.34;41.2,116.39;
#116:
>0:41.15,116.51;40.92,116.89;
#117:
>0:39.0,117.56;39.68,118.71;
#118:
>0:38.97,120.44;38.14,121.03;
#119:
>0:40.11,120.13;37.53,120.14;35.92,118.04;
#120:
>0:40.11,116.66;40.14,117.04;
#121:
>0:35.06,119.26;37.09,118.09;38.51,118.76;40.43,116.91;
#122:
>0:37.52,119.79;38.37,118.96;34.93,119.3;
#123:
>0:36.02,118.72;34.46,117.0;33.5,116.66;31.19,116.74;
#124:
>0:35.98,118.57;35.1,117.5;33.18,117.48;32.19,117.88;
#125:
>0:32.78,120.27;34.31,119.22;35.67,118.63;38.36,118.61;40.1,116.83;
#126:
>0:36.02,119.94;35.41,119.34;34.06,118.77;32.7,117.0;
#127:
>0:40.12,119.28;39.79,120.32;36.78,120.72;
#128:
>0:39.78,116.71;40.41,116.32;
#129:
>0:35.65,121.24;36.19,119.86;37.49,120.35;39.51,119.09;
#130:
>0:38.52,121.08;37.91,120.12;37.94,119.23;
#131:
>0:33.48,118.43;32.39,117.99;31.37,119.28;34.18,120.88;
#132:
>0:39.05,120.81;40.02,121.39;
#133:
>0:38.89,120.27;37.75,120.15;36.63,120.37;34.18,119.48;34.01,119.55;31.67,120.42;
#134:
>0:37.9,118.84;36.98,120.34;35.2,121.42;33.32,120.45;32.58,121.28;
#135:
>0:40.65,117.08;39.72,116.63;
#136:
>0:39.69,117.26;37.78,118.39;35.87,119.4;34.67,120.32;34.28,121.12;
#137:
>0:38.26,116.64;36.74,116.35;37.04,118.81;
#138:
>0:31.13,116.49;32.24,116.78;
#139:
>0:38.97,119.65;39.87,118.51;37.9,118.09;40.98,116.91;
#140:
>0:36.75,120.55;36.01,118.93;
#141:
>0:41.31,116.81;41.04,116.78;
#142:
>0:40.04,117.36;41.32,116.59;
#143:
>0:36.88,118.23;38.25,118.65;
#144:
>0:34.85,119.17;36.95,117.94;38.0,118.11;40.87,116.44;
#145:
>0:39.32,120.21;37.94,119.75;35.72,120.2;34.6,120.41;
#146:
>0:34.63,116.95;35.47,117.13;35.15,118.79;35.03,118.99;34.29,120.05;
#147:
>0:35.5,117.1;35.8,117.16;
#148:
>0:40.95,116.89;40.58,116.44;
#149:
>0:34.68,119.73;34.41,118.95;32.76,118.17;
#150:
>0:40.02,117.12;40.12,117.11;
#151:
>0:31.47,118.57;33.57,119.01;34.86,118.99;34.24,118.22;37.01,119.38;39.61,119.61;
#152:
>0:41.2,116.7;40.85,116.63;
#153:
>0:40.96,116.66;41.33,116.87;
#154:
>0:31.18,119.12;33.08,120.24;34.15,118.16;
#155:
>0:38.46,116.55;35.94,116.09;37.44,118.68;
#156:
>0:40.26,116.37;41.25,116.87;
#157:
>0:33.07,116.61;35.45,117.8;36.35,118.77;
#158:
>0:40.76,116.99;41.24,117.17;
#159:
>0:31.69,117.61;32.14,117.92;31.36,119.26;31.47,120.64;
#160:
>0:40.79,117.14;38.62,116.82;38.98,118.49;
#161:
>0:36.75,118.48;38.56,119.58;38.85,120.4;38.73,121.27;
#162:
>0:40.04,116.65;40.82,116.96;
#163:
>0:41.2,117.06;37.66,117.57;36.25,118.76;35.5,119.34;32.72,119.07;
#164:
>0:40.87,117.31;40.15,116.66;
#165:
>0:40.17,116.93;40.99,116.94;
#166:
>0:40.5,116.84;40.33,116.42;
#167:
>0:40.03,116.49;41.14,117.13;
#168:
>0:40.88,117.05;38.39,117.52;37.56,118.68;38.4,118.91;
#169:
>0:41.09,116.41;40.31,116.53;
#170:
>0:39.88,119.99;38.93,120.25;
#171:
>0:41.42,116.87;40.46,117.04;
#172:
>0:41.19,116.51;40.17,116.4;
#173:
>0:36.2,116.45;36.85,117.46;
#174:
>0:40.03,116.51;40.89,116.83;
#175:
>0:39.7,117.28;38.67,118.09;
#176:
>0:40.1,116.95;40.68,117.11;
#177:
>0:34.3,116.54;36.91,117.28;38.46,118.81;
#178:
>0:33.48,116.17;34.91,117.6;34.19,117.97;34.51,119.49;34.9,120.21;
#179:
>0:33.43,120.36;35.42,119.24;35.06,118.63;36.54,119.06;39.77,119.93;
#180:
>0:35.91,117.52;34.89,118.17;33.14,119.07;31.11,120.12;
#181:
>0:41.08,116.65;40.79,116.68;
#182:
>0:31.54,120.33;34.11,119.8;35.17,119.25;34.31,118.65;37.21,118.29;
#183:
>0:31.28,119.48;33.8,118.44;32.78,117.84;
#184:
>0:34.14,119.38;35.86,118.8;38.27,118.12;39.52,117.29;
#185:
>0:40.04,116.59;40.49,116.89;
#186:
>0:32.67,116.85;33.01,117.54;33.58,118.43;31.64,119.0;
#187:
>0:33.61,119.33;31.91,118.66;31.46,117.89;
#188:
>0:32.06,117.36;33.48,118.3;35.11,119.13;35.76,119.13;
#189:
>0:32.93,120.57;34.97,119.12;
#190:
>0:33.62,119.56;34.22,118.39;37.01,117.53;
#191:
>0:32.36,121.27;33.93,120.39;34.42,119.8;34.61,119.01;34.57,118.71;35.79,118.38;37.35,118.42;39.89,119.01;37.95,118.62;35.94,118.76;37.74,118.67;39.52,117.19;39.02,117.97;37.59,118.64;39.27,117.46;38.56,116.24;
#192:
>0:37.16,116.93;35.49,117.15;
#193:
>0:40.57,116.97;40.52,116.75;
#194:
>0:33.28,116.41;33.28,117.0;34.86,116.66;36.0,117.77;40.08,119.7;
#195:
>0:32.14,120.25;33.16,120.41;34.9,118.7;
#196:
>0:33.99,118.77;35.51,118.94;35.45,118.73;36.05,117.96;39.35,119.07;
#197:
>0:38.44,120.57;36.76,121.26;
#198:
>0:35.68,117.71;35.13,118.39;34.54,118.94;32.72,119.92;
#199:
>0:40.66,116.93;40.7,116.73;
#200:
>0:39.88,120.46;39.5,119.08;36.98,121.02;
#201:
>0:32.65,117.72;31.47,118.28;
#202:
>0:32.92,119.26;35.01,118.56;35.69,118.27;37.72,118.46;
#203:
>0:35.12,121.29;35.92,120.4;38.55,120.29;39.44,119.07;39.26,118.47;36.34,116.37;
#204:
>0:33.09,117.52;33.31,117.25;
#205:
>0:40.63,116.48;40.57,116.69;
#206:
>0:39.96,117.36;39.39,118.55;
#207:
>0:32.29,121.35;33.3,120.93;34.39,120.97;35.72,121.09;38.1,121.55;39.57,121.08;
#208:
>0:34.69,118.6;34.35,119.37;33.3,119.59;33.67,121.06;
#209:
>0:39.45,120.45;38.71,119.62;35.8,121.28;
#210:
>0:40.04,116.37;41.17,116.32;
#211:
>0:40.33,116.91;40.47,116.74;
#212:
>0:37.92,120.9;36.28,119.89;35.03,118.97;32.97,119.43;32.01,119.13;
#213:
>0:40.11,119.13;39.24,118.34;37.64,117.8;34.69,116.64;
#214:
>0:34.47,117.42;36.18,117.58;
#215:
>0:37.75,118.99;40.22,120.15;
#216:
>0:32.43,119.92;33.04,121.46;34.3,121.05;36.51,120.97;38.69,120.87;39.94,121.48;
#217:
>0:34.0,116.1;33.86,117.27;35.3,116.6;36.13,117.27;39.21,119.18;
#218:
>0:41.13,117.0;39.96,116.73;
#219:
>0:32.74,117.98;35.37,119.1;34.73,118.75;35.69,118.14;39.12,119.35;
#220:
>0:35.11,118.09;34.66,118.85;33.11,119.6;33.12,121.08;
#221:
>0:31.46,118.38;31.24,117.33;
#222:
>0:33.07,116.5;33.68,117.1;32.62,118.3;31.82,119.72;
#223:
>0:31.63,121.38;33.59,120.75;
#224:
>0:35.51,118.1;35.3,119.5;33.92,119.19;33.94,120.76;
#225:
>0:32.79,121.44;32.09,120.78;
#226:
>0:41.43,116.84;40.01,117.35;
#227:
>0:40.25,116.84;40.34,116.69;
#228:
>0:32.21,117.94;32.65,118.89;34.61,119.16;34.74,117.99;36.43,118.72;40.17,119.06;
#229:
>0:40.26,117.15;37.56,117.64;37.43,116.64;35.1,117.13;
#230:
>0:34.84,121.12;36.15,120.2;37.38,120.24;40.13,119.18;40.03,118.23;35.84,116.4;
#231:
>0:40.98,117.16;39.93,116.37;
#232:
>0:40.06,116.76;40.18,116.83;
#233:
>0:32.1,120.65;33.77,119.85;32.31,119.63;33.41,118.31;
#234:
>0:41.41,117.08;41.32,116.59;
#235:
>0:35.06,120.34;36.16,119.69;37.93,120.23;40.09,118.97;
#236:
>0:36.34,120.44;35.54,119.41;33.02,119.01;33.07,118.06;33.84,116.09;
#237:
>0:36.13,117.2;35.51,118.06;33.19,119.13;32.08,120.44;
#238:
>0:37.84,121.18;36.97,119.75;38.24,119.72;
#239:
>0:40.07,118.4;39.6,118.44;
#240:
>0:35.07,117.81;36.09,117.11;
#241:
>0:34.05,119.21;35.26,118.55;36.75,118.57;37.29,118.09;
#242:
>0:40.93,116.84;40.22,116.27;
#243:
>0:35.88,118.14;37.53,118.22;
#244:
>0:35.47,117.95;34.59,119.7;33.01,119.27;33.0,120.83;
#245:
>0:36.43,117.41;34.37,118.79;34.83,118.84;
#246:
>0:33.08,116.29;34.37,117.18;35.56,118.49;35.61,119.48;34.71,120.53;
#247:
>0:40.88,116.67;40.05,116.81;
#248:
>0:39.94,117.15;39.8,116.98;
#249:
>0:39.96,116.37;41.14,116.96;
#250:
>0:41.11,116.49;40.01,116.92;
#251:
>0:31.38,117.73;32.7,118.72;35.31,119.2;36.68,120.09;
#252:
>0:40.54,116.63;40.4,116.64;
#253:
>0:32.92,117.13;34.19,116.15;37.1,117.0;37.95,118.6;38.84,120.34;
#254:
>0:31.17,117.94;33.48,117.06;35.33,117.09;36.98,117.53;
#255:
>0:39.97,118.2;38.08,119.49;35.97,120.32;35.24,120.48;
#256:
>0:35.94,118.03;36.12,118.9;36.23,120.48;
#257:
>0:40.38,116.65;41.41,116.91;
#258:
>0:35.42,119.34;37.01,118.01;38.45,118.06;39.52,117.56;
#259:
>0:40.51,116.94;41.25,117.11;
#260:
>0:38.09,119.41;36.38,118.82;34.77,119.47;33.2,117.82;
#261:
>0:37.3,116.35;38.76,117.44;39.19,117.96;37.48,118.57;38.27,120.26;
#262:
>0:31.96,118.18;33.5,117.66;34.51,117.61;36.12,117.11;
#263:
>0:34.47,121.37;36.99,120.32;37.85,120.51;39.19,118.64;
#264:
>0:34.74,116.42;37.14,117.85;37.79,117.95;
#265:
>0:40.22,116.5;40.09,117.09;
#266:
>0:38.02,118.09;37.37,118.75;
#267:
>0:36.06,117.75;38.62,117.83;
#268:
>0:40.76,116.85;40.54,116.36;
#269:
>0:34.42,121.27;37.09,119.83;
#270:
>0:33.76,120.35;34.39,119.54;
#271:
>0:37.33,120.39;36.76,119.45;35.4,118.58;34.44,117.38;
#272:
>0:40.21,117.06;40.22,116.46;
#273:
>0:34.9,120.93;35.95,119.86;
#274:
>0:33.51,116.13;32.81,117.38;32.7,118.55;31.23,118.68;31.25,118.86;33.02,121.48;
#275:
>0:40.2,117.43;39.95,116.7;
#276:
>0:36.6,116.68;35.48,117.24;33.14,117.21;31.69,118.62;
#277:
>0:40.01,118.39;38.41,119.06;35.92,120.11;34.79,120.09;
#278:
>0:37.76,121.31;37.06,120.13;35.63,118.94;33.2,118.85;32.22,117.41;
#279:
>0:40.41,116.58;40.85,117.06;
#280:
>0:39.39,120.88;39.85,121.09;
#281:
>0:36.42,117.35;34.28,116.16;33.82,117.07;
#282:
>0:37.26,117.86;35.76,118.4;34.27,119.12;33.01,118.99;
#283:
>0:37.2,116.54;35.79,116.55;36.52,117.76;33.12,116.77;
#284:
>0:35.58,121.12;36.14,120.06;37.41,120.53;39.04,118.82;38.79,118.62;36.26,116.85;
#285:
>0:32.9,117.49;32.32,118.36;32.48,119.02;32.65,119.91;32.46,121.53;
#286:
>0:40.43,116.45;40.98,117.02;
#287:
>0:40.04,117.22;37.83,116.74;
#288:
>0:34.87,120.26;33.52,120.53;31.36,120.31;
#289:
>0:37.3,116.66;35.85,117.1;36.64,118.74;
#290:
>0:38.13,120.35;38.48,120.96;
#291:
>0:37.75,118.69;36.79,117.08;34.85,117.16;
#292:
>0:40.17,116.31;41.21,116.4;
#293:
>0:37.24,118.56;39.08,118.78;36.5,116.56;
#294:
>0:40.02,120.08;38.22,120.25;36.06,120.46;34.62,118.86;34.01,118.82;32.36,119.77;
#295:
>0:36.55,119.18;37.89,120.05;39.45,121.08;
#296:
>0:38.26,118.56;36.58,117.88;34.62,117.35;33.93,117.45;31.29,117.16;
#297:
>0:35.96,117.91;34.77,118.15;33.48,117.08;32.38,118.74;
#298:
>0:38.28,118.74;35.67,118.14;35.41,118.64;
#299:
>0:40.13,116.85;41.31,116.66;
#300:
>0:40.56,116.81;40.67,116.66;
#301:
>0:40.2,116.71;40.81,117.0;
#302:
>0:41.44,116.91;40.28,117.16;
#303:
>0:36.97,118.72;34.14,119.65;33.89,119.88;31.11,121.0;
#304:
>0:34.08,118.85;34.18,118.73;36.47,118.43;37.91,118.63;
#305:
>0:34.35,120.06;34.17,119.48;32.79,118.33;
#306:
>0:39.66,116.79;39.95,116.82;
#307:
>0:37.17,120.69;38.06,120.18;39.48,119.59;
#308:
>0:39.92,118.4;38.05,118.68;36.93,118.76;34.5,116.66;
#309:
>0:36.92,116.09;35.5,117.02;
#310:
>0:40.84,116.56;40.44,116.35;
#311:
>0:34.72,117.49;36.11,118.16;38.58,118.6;38.26,119.75;
#312:
>0:33.86,119.38;33.82,118.3;31.98,118.77;32.06,116.94;
#313:
>0:41.12,116.69;41.21,116.48;
#314:
>0:41.21,116.72;41.12,116.18;
#315:
>0:41.09,116.88;40.09,116.79;
#316:
>0:39.27,117.97;38.75,118.46;
#317:
>0:40.67,116.81;39.97,116.77;
#318:
>0:40.36,116.68;41.38,116.58;
#319:
>0:38.35,116.91;35.83,116.16;35.3,117.45;33.28,117.09;32.28,117.04;
#320:
>0:41.32,116.36;40.01,116.8;
#321:
>0:31.23,119.15;33.73,117.98;
#322:
>0:40.77,116.73;40.56,116.9;
#323:
>0:39.81,117.98;37.3,118.83;37.06,119.9;34.65,120.5;
#324:
>0:40.99,116.59;40.59,117.14;
#325:
>0:36.38,121.22;35.04,119.91;33.54,120.37;
#326:
>0:39.29,118.34;37.34,117.26;37.12,116.37;35.4,117.85;33.34,117.78;32.17,117.61;
#327:
>0:37.89,120.15;39.65,120.15;
#328:
>0:33.47,119.62;35.59,120.34;37.0,119.18;38.64,120.39;39.34,119.88;
#329:
>0:38.57,118.04;36.36,117.57;35.22,116.69;33.95,117.67;
#330:
>0:31.74,117.66;33.49,118.45;35.21,119.47;36.71,119.9;
#331:
>0:34.52,117.93;36.51,118.82;37.63,119.44;
#332:
>0:32.54,117.09;32.64,116.93;33.43,117.28;35.41,116.28;37.13,117.65;39.47,118.42;
#333:
>0:40.86,116.95;40.55,116.34;
#334:
>0:34.54,117.49;35.95,117.97;37.75,118.42;38.94,119.68;35.81,121.51;
#335:
>0:33.22,116.51;35.59,117.46;35.15,118.16;34.97,119.55;34.79,120.3;
#336:
>0:32.07,119.37;33.24,119.21;35.08,120.43;36.94,118.96;37.71,120.4;39.06,120.04;
#337:
>0:32.02,116.54;32.76,117.38;34.97,118.25;
#338:
>0:40.95,116.78;40.75,116.56;
#339:
>0:32.42,120.99;31.4,120.46;34.05,120.42;34.91,119.29;34.7,118.75;34.9,116.63;
#340:
>0:31.88,121.45;32.77,120.38;34.74,118.93;35.32,118.69;36.02,117.23;39.28,119.18;
#341:
>0:41.07,116.43;39.78,116.33;
#342:
>0:32.51,120.42;33.8,121.53;35.32,121.3;35.95,121.29;38.34,121.15;
#343:
>0:37.95,120.9;36.32,120.54;39.69,118.9;
#344:
>0:32.38,116.37;33.03,117.28;35.09,116.82;36.55,117.1;38.11,118.19;40.49,116.66;
#345:
>0:40.02,116.48;40.57,116.45;
#346:
>0:31.78,121.32;31.2,121.29;
#347:
>0:33.77,118.44;34.34,119.16;34.17,118.4;35.83,117.21;39.84,119.25;
#348:
>0:37.0,119.07;38.6,118.74;39.96,117.77;38.04,116.22;
#349:
>0:32.1,118.09;32.19,117.81;32.57,116.29;
#350:
>0:37.7,118.67;36.55,117.77;34.63,117.05;
#351:
>0:40.16,116.64;40.06,116.63;
#352:
>0:39.83,116.78;40.92,116.78;
#353:
>0:40.29,117.13;37.75,117.18;
#354:
>0:40.69,116.45;40.1,116.86;
#355:
>0:37.55,116.41;36.2,116.18;36.12,117.72;32.74,116.56;
#356:
>0:35.47,118.2;36.77,118.85;37.83,118.97;
#357:
>0:40.74,117.01;41.22,116.29;
#358:
>0:40.44,116.74;40.09,116.46;
#359:
>0:31.73,116.3;33.11,117.29;35.3,118.7;36.75,118.99;37.79,120.03;
#360:
>0:33.16,121.15;34.28,119.89;37.01,118.81;38.18,118.17;38.71,117.88;37.57,116.44;
#361:
>0:40.99,117.16;37.94,116.44;
#362:
>0:34.55,119.39;33.82,118.92;34.92,120.82;
#363:
>0:35.11,117.23;35.66,118.4;38.36,119.54;39.34,120.55;40.03,121.08;
#364:
>0:38.74,119.92;37.74,121.53;36.33,121.05;34.54,120.79;33.43,120.16;32.32,120.65;
#365:
>0:38.28,120.51;36.3,119.22;34.93,118.39;34.24,117.23;
#366:
>0:39.92,116.35;40.07,116.48;
#367:
>0:40.45,117.5;40.57,117.01;
#368:
>0:34.04,119.12;33.62,119.95;
#369:
>0:31.44,117.68;33.82,116.09;35.49,116.49;37.09,116.49;37.82,116.49;
#370:
>0:39.31,119.33;39.24,118.76;36.76,117.69;
#371:
>0:40.89,116.89;41.35,116.65;
#372:
>0:40.23,116.88;40.92,116.82;
#373:
>0:32.04,121.29;32.09,120.94;
#374:
>0:40.51,116.72;37.33,117.32;37.53,118.46;37.48,119.55;37.18,120.16;37.33,121.38;
#375:
>0:33.7,120.09;35.6,119.08;34.38,118.51;35.76,118.97;39.66,120.28;
#376:
>0:40.3,116.82;41.35,116.44;
#377:
>0:41.15,116.71;40.94,116.48;
#378:
>0:32.94,116.27;33.64,116.97;
#379:
>0:31.28,121.24;32.36,120.8;
#380:
>0:31.73,116.23;32.9,117.35;34.87,117.42;
#381:
>0:35.59,117.42;33.49,117.96;31.44,119.44;32.84,120.3;32.0,120.94;
#382:
>0:36.3,120.37;35.11,119.69;34.64,118.17;35.7,117.24;
#383:
>0:39.84,119.85;39.84,120.29;
#384:
>0:32.44,118.28;33.66,119.43;35.05,120.34;36.7,121.19;
#385:
>0:35.84,121.17;35.22,119.73;32.78,120.33;
#386:
>0:39.91,117.11;40.88,116.26;
#387:
>0:31.36,118.13;32.96,117.32;34.2,116.13;35.68,117.24;38.11,118.12;40.01,116.53;
#388:
>0:34.94,117.04;36.14,116.58;35.86,117.79;39.15,119.31;
#389:
>0:32.16,119.26;33.81,119.92;34.35,121.4;36.24,121.46;37.45,120.77;39.05,121.3;
#390:
>0:31.16,116.9;31.52,116.46;
#391:
>0:37.33,120.59;37.28,119.46;38.95,118.43;
#392:
>0:39.22,118.25;37.62,119.36;36.21,120.12;34.56,120.72;
#393:
>0:35.48,120.55;33.78,120.46;34.59,118.92;34.57,118.14;35.57,116.15;
#394:
>0:34.47,119.99;36.38,118.96;38.21,119.51;
#395:
>0:31.87,120.42;33.83,119.83;
#396:
>0:40.74,116.97;40.01,116.87;
#397:
>0:40.03,120.04;39.66,120.92;
#398:
>0:40.98,116.81;41.38,116.61;
#399:
>0:33.57,119.25;32.25,118.8;32.4,117.18;
#400:
>0:40.46,116.86;40.93,116.89;
#401:
>0:32.02,119.37;33.5,119.49;35.18,119.76;
#402:
>0:31.71,119.81;33.84,120.49;35.09,119.04;34.27,118.21;37.8,117.93;
#403:
>0:40.3,116.19;40.94,116.6;
#404:
>0:37.47,117.16;36.97,116.12;34.73,116.36;33.68,117.58;
#405:
>0:34.96,117.72;32.78,117.11;
#406:
>0:40.02,117.46;39.97,118.23;37.91,117.45;35.41,116.11;
#407:
>0:40.0,117.19;40.7,116.91;
#408:
>0:35.34,116.23;36.5,117.41;38.67,118.56;39.47,119.07;39.31,120.07;36.96,121.08;
#409:
>0:40.29,117.12;40.49,116.91;
#410:
>0:40.07,117.0;40.99,117.07;
#411:
>0:39.99,116.34;40.24,116.68;
#412:
>0:40.73,116.62;39.98,116.7;
#413:
>0:40.8,117.01;40.01,116.91;
#414:
>0:37.22,118.91;36.87,119.65;35.55,118.86;32.84,117.82;
#415:
>0:40.01,116.75;40.56,116.77;
#416:
>0:40.64,117.12;40.9,117.24;
#417:
>0:41.1,116.65;40.5,116.41;
#418:
>0:37.16,117.34;38.35,118.71;39.05,119.35;35.78,119.75;
#419:
>0:40.71,116.79;40.88,116.97;
#420:
>0:32.18,121.49;31.68,121.31;
#421:
>0:40.19,116.8;39.98,116.56;
#422:
>0:36.64,121.23;34.22,120.53;32.73,118.94;31.95,119.01;
#423:
>0:34.37,120.59;33.56,119.25;33.93,118.2;32.6,118.2;32.55,116.96;
#424:
>0:34.26,116.22;33.62,117.6;32.64,118.16;31.8,119.4;
#425:
>0:36.53,120.99;34.55,120.58;33.32,119.26;33.09,118.34;32.27,118.34;31.52,116.66;
#426:
>0:40.69,116.65;40.52,117.03;
#427:
>0:34.11,120.99;31.13,120.94;
#428:
>0:32.28,121.54;31.74,120.88;
#429:
>0:31.57,117.84;32.13,118.74;31.18,119.08;31.43,119.76;
#430:
>0:36.47,116.7;34.88,116.81;36.57,117.08;40.08,118.95;
#431:
>0:31.13,121.45;32.39,120.67;
#432:
>0:31.68,120.21;33.66,119.89;35.35,119.57;34.4,118.54;35.65,116.44;
#433:
>0:40.85,117.08;40.24,116.4;
#434:
>0:39.89,120.48;39.29,119.29;36.62,120.84;
#435:
>0:40.41,117.11;40.22,116.52;
#436:
>0:37.03,118.46;37.64,118.99;39.07,120.43;39.55,120.7;
#437:
>0:39.31,119.83;38.22,120.48;36.75,120.06;34.77,119.03;33.55,118.57;
#438:
>0:31.2,121.22;32.74,120.75;
#439:
>0:41.02,116.84;40.1,117.09;
#440:
>0:36.44,116.76;37.57,116.22;37.02,117.02;39.18,119.41;
#441:
>0:31.66,118.23;33.39,119.04;34.72,120.51;36.49,120.67;37.78,121.53;39.81,121.51;
#442:
>0:40.57,116.82;40.03,116.35;
#443:
>0:40.97,116.37;40.48,116.62;
#444:
>0:41.25,116.52;41.34,116.4;
#445:
>0:37.62,119.04;36.46,119.42;35.48,119.15;33.66,117.78;
#446:
>0:40.2,116.55;40.42,117.0;
#447:
>0:32.57,118.63;33.31,119.71;
#448:
>0:37.91,118.63;38.48,118.11;
#449:
>0:41.02,116.94;41.18,116.31;
#450:
>0:40.25,116.92;40.31,116.67;
#451:
>0:36.23,118.08;37.78,118.77;38.29,119.92;
#452:
>0:32.38,120.02;33.98,120.19;35.4,119.5;34.23,118.79;37.34,118.46;
#453:
>0:39.35,118.24;37.63,118.88;36.45,119.44;35.04,119.16;34.13,119.48;
#454:
>0:36.48,118.7;37.43,118.36;
#455:
>0:40.53,117.08;40.71,116.65;
#456:
>0:37.51,119.03;38.71,120.6;
#457:
>0:31.49,117.94;33.58,117.61;34.33,116.79;36.07,117.19;37.35,118.04;39.75,117.15;
#458:
>0:40.04,116.84;41.44,116.72;
#459:
>0:34.14,117.5;35.18,118.64;36.73,119.64;37.98,119.99;38.2,121.14;
#460:
>0:32.45,120.83;31.97,121.33;
#461:
>0:39.17,120.96;38.37,120.15;35.82,119.75;35.65,119.12;33.62,118.98;31.94,118.31;
#462:
>0:36.05,120.94;37.91,120.6;39.19,119.1;38.27,118.4;40.13,117.81;38.02,116.14;
#463:
>0:32.06,121.14;33.52,120.13;
#464:
>0:40.2,116.46;40.82,116.81;
#465:
>0:32.37,118.58;31.18,117.46;
#466:
>0:32.0,120.09;32.69,119.83;34.66,118.84;35.04,117.98;34.59,116.21;
#467:
>0:34.32,119.04;34.57,117.95;35.67,118.66;35.26,116.35;
#468:
>0:40.6,116.83;40.19,117.22;
#469:
>0:40.74,116.87;41.29,117.08;
#470:
>0:33.75,118.98;35.29,118.64;36.51,118.29;
#471:
>0:36.61,119.34;36.11,119.32;
#472:
>0:35.5,119.39;35.97,120.58;37.66,121.13;
#473:
>0:39.93,116.45;40.69,117.07;
#474:
>0:40.19,116.56;40.69,117.3;
#475:
>0:31.94,119.58;33.04,120.31;31.27,121.28;
#476:
>0:40.3,117.02;40.21,116.77;
#477:
>0:40.41,116.87;40.14,117.07;
#478:
>0:32.35,119.06;33.12,118.34;
#479:
>0:31.13,116.12;33.1,117.38;35.16,118.49;
#480:
>0:31.56,121.51;33.06,119.9;34.35,119.14;33.79,118.54;
#481:
>0:36.27,119.88;38.08,120.34;39.65,119.39;38.91,118.04;37.01,116.75;
#482:
>0:38.74,117.1;39.96,117.48;38.54,116.71;34.84,116.32;
#483:
>0:36.49,120.8;35.23,119.75;33.86,120.38;
#484:
>0:40.24,116.98;41.41,117.03;
#485:
>0:40.85,117.25;40.59,116.49;
#486:
>0:38.7,116.22;35.98,116.28;37.16,118.05;
#487:
>0:40.36,117.05;41.43,116.84;
#488:
>0:37.85,120.94;36.58,120.3;35.5,118.85;33.9,118.95;31.8,119.61;
#489:
>0:40.02,116.8;40.18,116.72;
#490:
>0:40.04,121.03;38.25,119.8;38.6,119.15;35.13,119.7;
#491:
>0:36.39,116.7;34.34,116.11;36.42,117.51;37.34,118.25;39.67,120.37;
#492:
>0:40.76,116.27;40.04,116.28;
#493:
>0:40.88,116.58;40.64,116.72;
#494:
>0:40.77,116.5;40.14,116.38;
#495:
>0:41.3,117.18;41.39,117.21;
#496:
>0:33.77,116.72;33.8,117.38;32.78,118.15;32.03,119.0;
#497:
>0:40.63,116.81;41.01,117.1;
#498:
>0:40.5,116.46;40.31,116.76;
#499:
>0:39.92,116.94;39.88,116.37;
#500:
>0:41.4,116.4;40.86,116.38;
#501:
>0:32.61,121.39;34.01,120.27;34.45,119.51;36.44,118.75;
#502:
>0:31.78,117.57;33.46,116.53;33.28,116.99;34.71,116.21;36.81,117.62;40.03,119.14;
#503:
>0:39.99,116.5;40.53,116.33;
#504:
>0:37.25,120.93;37.31,119.74;37.47,119.46;
#505:
>0:35.07,121.39;35.94,120.59;
#506:
>0:37.73,119.44;36.26,118.12;39.73,117.65;
#507:
>0:31.54,117.45;34.07,118.03;35.15,119.53;36.36,120.48;
#508:
>0:34.11,116.2;33.6,116.35;
#509:
>0:40.41,116.38;40.61,117.09;
#510:
>0:40.35,117.1;40.96,117.16;
#511:
>0:40.63,116.73;40.85,117.13;
#512:
>0:39.97,116.7;40.92,117.05;
#513:
>0:32.78,119.54;34.49,119.43;
#514:
>0:33.75,116.56;33.28,117.6;35.55,116.82;36.43,117.38;39.0,117.33;
#515:
>0:41.39,116.84;40.12,116.93;
#516:
>0:36.18,121.22;34.3,121.07;
#517:
>0:35.83,117.58;37.51,118.12;39.27,119.53;
#518:
>0:39.67,119.39;37.8,118.45;36.77,117.74;
#519:
>0:39.1,118.95;38.63,120.48;37.92,121.3;
#520:
>0:39.2,117.56;39.76,116.36;38.62,116.8;35.21,117.39;
#521:
>0:40.57,116.54;38.84,117.2;39.38,118.17;
#522:
>0:38.77,117.72;38.36,118.11;37.2,119.56;
#523:
>0:38.32,121.52;36.48,120.47;34.56,118.96;33.89,119.81;
#524:
>0:35.08,118.28;33.64,119.31;
#525:
>0:40.41,116.48;40.12,117.06;38.17,117.95;39.21,119.49;37.12,119.77;
#526:
>0:31.49,118.69;32.84,117.1;34.66,116.07;
#527:
>0:35.49,119.56;34.62,118.54;34.61,117.63;
#528:
>0:31.42,121.02;32.57,120.73;
#529:
>0:40.62,116.62;40.49,117.01;
#530:
>0:33.61,118.23;34.77,117.96;35.68,118.46;
#531:
>0:38.14,120.68;36.82,120.72;35.1,121.27;33.39,120.6;32.51,121.07;
#532:
>0:32.66,117.59;34.97,117.45;
#533:
>0:34.88,117.52;35.69,117.1;
#534:
>0:40.2,116.81;39.1,117.28;
#535:
>0:40.64,116.72;40.44,116.38;
#536:
>0:38.39,119.19;39.66,120.03;
#537:
>0:33.58,117.72;31.83,118.81;
#538:
>0:32.64,117.88;34.89,118.28;35.98,119.3;37.96,120.13;
#539:
>0:37.3,116.96;36.71,117.2;
#540:
>0:40.34,116.77;40.07,117.1;
#541:
>0:33.57,117.24;31.18,118.29;
#542:
>0:39.38,120.25;38.0,120.07;36.57,120.08;34.43,119.1;33.21,118.61;
#543:
>0:33.13,118.71;35.42,118.84;35.51,118.69;35.87,118.32;39.37,119.61;
#544:
>0:34.6,120.63;35.37,119.16;34.64,118.53;35.05,117.6;
#545:
>0:32.51,120.84;33.0,120.51;31.21,119.1;32.89,118.0;
#546:
>0:31.29,120.43;32.85,120.55;34.39,118.84;35.51,118.64;37.42,118.68;
#547:
>0:41.43,116.29;41.12,116.5;
#548:
>0:40.75,116.74;40.0,116.5;
#549:
>0:32.24,117.02;33.02,118.31;35.46,119.49;
#550:
>0:38.41,117.01;35.75,118.51;35.14,119.45;33.97,119.88;
#551:
>0:31.88,118.4;32.69,117.38;35.46,116.15;36.23,117.83;37.58,118.02;39.59,120.01;
#552:
>0:40.62,116.3;40.66,116.74;
#553:
>0:37.22,120.72;37.22,119.8;39.73,119.98;39.57,119.15;37.96,117.56;
#554:
>0:38.08,118.61;36.44,117.67;35.65,117.61;33.17,117.56;31.53,117.9;
#555:
>0:39.82,120.43;37.91,120.22;36.58,120.49;34.4,120.51;
#556:
>0:37.36,116.94;36.48,116.54;34.35,116.64;
#557:
>0:37.58,117.47;37.23,116.48;35.23,116.46;
#558:
>0:34.92,116.51;34.68,117.7;35.11,117.93;34.35,119.26;34.98,119.75;
#559:
>0:33.9,120.28;34.31,119.61;
#560:
>0:32.27,119.75;33.1,119.97;34.31,119.72;36.59,117.75;
#561:
>0:32.2,121.47;31.48,121.09;
#562:
>0:36.97,118.8;37.24,118.64;38.13,120.06;
#563:
>0:37.0,117.22;37.39,118.62;40.9,117.35;
#564:
>0:40.14,116.76;41.18,116.6;
#565:
>0:32.12,117.09;33.95,118.78;34.82,119.34;35.93,120.46;
#566:
>0:39.77,120.84;37.65,119.81;38.33,119.14;39.59,119.56;37.9,117.16;
#567:
>0:40.27,116.49;40.02,116.34;
#568:
>0:34.16,117.27;36.85,116.19;38.7,118.55;
#569:
>0:31.8,120.45;32.88,119.74;34.17,119.59;35.04,118.19;37.67,117.91;
#570:
>0:41.04,116.96;39.92,116.32;
#571:
>0:38.68,119.93;39.84,119.98;37.14,118.54;
#572:
>0:40.09,116.46;40.95,116.5;
#573:
>0:32.47,116.63;33.67,117.24;33.68,118.3;32.98,118.9;
#574:
>0:31.38,119.81;33.74,120.17;
#575:
>0:40.46,116.78;40.75,116.81;
#576:
>0:36.58,120.59;34.22,119.28;33.92,119.14;33.61,118.69;33.23,116.61;
#577:
>0:40.87,116.98;39.99,116.76;
#578:
>0:32.08,117.61;33.73,116.46;33.05,117.89;34.29,116.46;36.01,117.39;39.38,118.53;
#579:
>0:34.25,119.13;34.74,118.11;36.33,118.17;34.5,116.36;
#580:
>0:32.94,119.02;34.66,118.13;37.16,118.28;37.83,118.23;
#581:
>0:35.06,117.08;37.08,118.02;36.21,117.54;39.95,119.38;
#582:
>0:34.95,119.73;33.32,119.37;
#583:
>0:38.51,120.54;35.9,120.62;34.87,120.31;
#584:
>0:40.36,117.17;40.03,116.4;
#585:
>0:31.47,120.51;32.71,119.82;35.41,119.25;35.56,118.33;37.43,118.22;
#586:
>0:40.83,116.63;40.85,116.55;
#587:
>0:40.32,116.38;40.69,117.28;
#588:
>0:31.87,121.29;32.83,119.76;
#589:
>0:34.03,119.33;32.91,118.32;31.74,118.65;32.06,116.55;
#590:
>0:37.59,121.17;36.48,121.23;35.51,121.51;33.42,120.39;31.95,120.67;
#591:
>0:31.89,117.13;33.83,116.36;32.83,117.84;34.97,116.76;36.84,117.62;38.86,118.7;
#592:
>0:41.07,116.66;40.27,116.76;
#593:
>0:40.54,116.29;40.06,116.51;
#594:
>0:38.76,118.92;37.6,120.29;36.69,120.76;35.02,121.0;33.6,120.68;
#595:
>0:31.54,120.86;31.39,121.0;
#596:
>0:36.96,118.87;36.41,119.03;
#597:
>0:32.56,120.97;33.35,119.96;
#598:
>0:41.36,116.92;40.28,117.02;
#599:
>0:31.95,120.6;33.77,119.97;34.33,119.56;34.59,118.48;37.41,118.74;
#600:
>0:41.11,116.61;40.25,116.84;
#601:
>0:35.81,119.47;37.82,118.19;39.07,117.7;37.71,116.07;
#602:
>0:34.3,121.48;33.75,120.41;33.1,119.35;32.87,118.4;32.78,117.87;
#603:
>0:39.77,119.48;39.14,118.57;
#604:
>0:39.39,119.45;39.49,120.47;36.62,120.77;
#605:
>0:41.06,116.32;40.6,116.44;
#606:
>0:41.08,116.46;40.31,116.55;
#607:
>0:40.9,116.38;40.33,116.77;
#608:
>0:31.64,119.03;32.96,120.46;
#609:
>0:40.44,116.64;41.16,116.65;
#610:
>0:40.81,116.14;40.25,117.28;
#611:
>0:36.37,116.86;35.63,117.67;36.38,117.99;39.88,119.57;
#612:
>0:40.56,116.83;40.48,117.22;
#613:
>0:40.5,116.57;41.23,116.9;
#614:
>0:40.24,116.75;40.06,116.85;
#615:
>0:36.11,120.84;37.4,120.51;39.77,119.5;38.55,118.61;39.72,117.51;37.23,116.15;
#616:
>0:41.12,116.55;41.17,116.65;
#617:
>0:33.94,116.14;34.26,117.23;36.24,118.21;38.68,118.91;
#618:
>0:40.19,117.12;40.07,116.45;
#619:
>0:36.71,120.87;35.54,121.0;
#620:
>0:38.59,117.96;36.57,117.98;34.9,118.3;
#621:
>0:31.47,119.08;33.98,120.63;34.39,119.56;35.36,118.18;37.13,119.58;39.02,120.22;
#622:
>0:35.81,117.57;34.46,118.04;
#623:
>0:35.78,119.42;35.5,118.99;33.44,118.74;
#624:
>0:37.97,118.85;37.15,119.12;34.14,119.53;33.09,117.2;
#625:
>0:40.01,116.76;41.24,116.69;
#626:
>0:40.08,117.15;40.48,116.54;
#627:
>0:40.87,116.1;40.55,116.39;
#628:
>0:40.61,117.1;40.69,116.56;
#629:
>0:31.28,117.99;34.05,119.1;35.46,119.63;34.22,118.45;35.8,117.36;39.9,119.15;
#630:
>0:39.85,116.7;40.15,116.75;
#631:
>0:36.35,117.98;35.63,117.8;33.62,117.58;31.19,117.49;
#632:
>0:34.87,119.66;35.4,119.49;
#633:
>0:40.06,116.79;40.78,116.87;
#634:
>0:37.48,119.33;39.32,120.16;
#635:
>0:35.65,119.57;33.79,118.95;31.54,118.81;
#636:
>0:40.5,116.33;39.72,117.01;
#637:
>0:41.37,116.56;40.46,116.47;
#638:
>0:36.9,119.87;34.46,119.63;36.68,118.17;
#639:
>0:39.21,121.19;38.64,119.73;36.16,119.9;34.56,119.0;33.98,119.18;31.33,120.51;
#640:
>0:40.83,116.72;40.37,116.98;
#641:
>0:40.89,117.06;40.86,117.32;
#642:
>0:36.23,120.08;37.78,120.0;36.26,118.78;
#643:
>0:40.38,116.77;41.08,116.89;
