#0:
>0:37.5,117.19;38.53,115.67;35.63,114.33;
#1:
>0:26.81,116.9;29.05,116.08;31.09,114.57;
#2:
>0:36.36,115.54;34.2,117.0;31.39,115.63;30.01,113.66;25.0,114.91;
#3:
>0:37.51,118.94;35.88,117.94;29.74,116.16;
#4:
>0:26.89,116.26;30.31,117.86;29.64,119.68;29.76,120.9;
#5:
>0:32.79,119.28;34.45,118.1;33.86,116.93;37.46,116.58;39.63,114.66;
#6:
>0:33.5,115.03;36.31,116.13;38.8,118.26;37.41,119.53;35.5,120.78;
#7:
>0:42.27,117.11;40.05,117.09;
#8:
>0:22.63,117.93;23.5,116.33;25.74,117.13;31.92,118.95;
#9:
>0:41.99,116.59;40.29,115.43;39.88,113.75;
#10:
>0:40.37,114.01;35.17,114.49;33.51,115.53;34.8,114.61;28.11,116.76;
#11:
>0:30.43,116.14;28.79,115.91;26.98,113.84;
#12:
>0:31.38,120.19;32.68,120.23;37.06,120.57;38.41,120.31;
#13:
>0:31.26,116.6;27.93,116.12;27.85,117.73;23.36,120.08;
#14:
>0:41.07,115.68;35.75,116.37;31.98,117.77;29.02,118.53;27.51,121.1;
#15:
>0:37.55,113.99;32.0,115.03;33.19,114.66;27.33,113.6;
#16:
>0:27.51,120.2;30.05,119.58;33.3,118.16;30.82,116.37;22.5,114.88;
#17:
>0:34.52,116.65;29.39,117.79;27.75,119.42;22.32,120.77;
#18:
>0:35.43,113.72;34.6,114.94;34.78,117.27;
#19:
>0:39.9,118.82;36.22,118.51;32.34,116.4;
#20:
>0:39.84,117.36;41.18,116.96;
#21:
>0:30.28,116.45;26.61,116.7;30.37,117.36;28.1,120.84;
#22:
>0:27.56,117.02;22.99,117.6;23.82,118.88;
#23:
>0:31.65,116.14;33.35,117.48;33.84,118.7;
#24:
>0:41.45,117.0;40.14,117.41;
#25:
>0:36.26,117.41;32.25,118.59;29.18,117.95;26.32,120.58;
#26:
>0:35.47,120.75;32.33,119.63;33.42,118.28;25.44,116.55;
#27:
>0:34.63,119.76;34.74,118.17;34.32,116.54;35.24,115.92;
#28:
>0:34.22,116.38;30.19,118.02;34.58,119.72;28.1,120.01;
#29:
>0:31.52,113.76;33.09,114.05;31.24,115.06;29.58,116.58;24.7,119.85;
#30:
>0:36.84,115.54;33.84,116.2;28.5,115.76;26.34,116.87;24.36,119.79;
#31:
>0:27.14,119.87;25.46,119.68;
#32:
>0:23.62,119.03;26.05,117.92;27.44,116.29;32.13,119.18;
#33:
>0:26.82,120.55;28.53,119.81;26.35,119.16;26.17,116.2;
#34:
>0:41.85,116.56;40.95,117.06;
#35:
>0:40.3,117.46;36.14,117.69;34.6,119.63;
#36:
>0:33.53,117.22;30.08,115.71;26.6,118.16;
#37:
>0:31.5,118.73;26.34,120.29;
#38:
>0:32.42,120.1;36.57,118.84;34.94,117.98;33.93,117.6;32.35,116.13;29.7,113.88;
#39:
>0:39.53,113.99;38.26,115.82;
#40:
>0:32.82,114.92;32.93,113.69;27.79,116.62;
#41:
>0:24.2,113.78;25.87,115.98;28.6,115.86;34.1,115.21;
#42:
>0:24.7,120.32;26.96,121.11;30.5,120.83;32.03,120.67;
#43:
>0:27.87,118.77;26.62,118.37;31.14,117.69;29.26,116.97;28.77,114.5;
#44:
>0:28.58,119.47;32.01,119.1;37.19,119.4;
#45:
>0:42.86,116.4;42.04,116.42;
#46:
>0:29.12,118.61;31.68,118.36;30.07,115.47;
#47:
>0:32.86,114.26;30.63,115.32;30.45,116.6;27.27,118.05;
#48:
>0:36.17,113.97;32.62,115.15;
#49:
>0:36.34,114.14;33.65,115.83;30.73,115.2;
#50:
>0:39.83,117.29;42.1,116.41;
#51:
>0:38.11,119.83;37.38,118.1;31.81,117.78;29.1,117.58;30.44,116.26;24.86,118.02;
#52:
>0:33.91,114.11;31.3,114.93;30.86,116.33;27.43,116.93;30.35,117.51;31.33,121.14;
#53:
>0:40.09,118.6;36.03,117.46;31.73,117.46;30.79,118.96;
#54:
>0:26.66,117.02;29.37,118.59;33.1,119.19;25.55,120.91;
#55:
>0:37.41,120.77;35.0,120.57;
#56:
>0:38.14,120.8;40.4,118.88;34.9,117.55;33.32,116.5;
#57:
>0:38.55,114.99;36.24,115.67;42.76,116.91;40.31,118.35;40.51,120.18;
#58:
>0:23.4,115.21;27.21,116.88;29.8,118.2;31.93,116.72;
#59:
>0:34.09,115.53;36.17,116.34;39.45,117.44;37.23,119.14;37.87,120.99;
#60:
>0:35.38,115.32;42.63,116.81;38.58,117.43;36.81,119.61;31.47,120.15;
#61:
>0:34.03,115.32;31.15,116.14;26.29,117.23;31.47,119.54;
#62:
>0:22.97,113.73;28.29,115.27;30.21,115.3;31.24,113.72;31.94,114.5;39.56,114.52;
#63:
>0:23.06,114.02;25.8,115.26;31.1,115.94;29.08,117.25;36.72,116.98;
#64:
>0:38.42,117.68;37.22,116.92;34.66,117.31;28.89,115.89;25.47,118.22;
#65:
>0:26.58,120.37;31.41,120.1;33.13,120.52;36.96,121.13;39.08,120.82;
#66:
>0:31.14,117.53;30.91,117.21;37.48,116.4;
#67:
>0:36.53,114.59;32.48,115.07;32.29,114.03;25.48,114.9;
#68:
>0:28.6,114.07;34.46,114.26;30.34,114.88;27.41,118.46;
#69:
>0:24.16,114.37;28.33,114.85;28.98,116.25;33.51,117.07;
#70:
>0:28.52,119.88;31.95,118.09;30.21,118.1;28.8,116.59;37.83,113.85;
#71:
>0:22.34,120.59;26.99,120.18;
#72:
>0:40.86,114.21;35.88,115.55;40.21,116.89;38.0,118.21;32.03,119.07;
#73:
>0:37.86,115.59;41.97,116.48;39.48,118.53;36.1,119.78;28.8,120.36;
#74:
>0:40.52,117.15;40.79,116.63;
#75:
>0:36.17,117.97;32.17,118.36;30.4,117.07;28.74,113.56;
#76:
>0:23.89,119.95;26.57,118.92;30.73,118.41;32.35,117.86;36.04,114.91;
#77:
>0:37.98,114.23;37.82,115.9;32.38,116.31;
#78:
>0:22.86,120.04;23.96,119.75;26.72,118.21;29.03,116.68;25.04,115.62;
#79:
>0:24.29,116.68;26.36,115.04;28.72,114.47;
#80:
>0:38.07,119.81;37.52,117.59;33.45,117.24;38.37,115.16;
#81:
>0:25.71,116.51;23.17,116.71;
#82:
>0:33.49,116.7;34.9,117.79;
#83:
>0:32.09,116.15;30.87,118.59;28.9,119.16;27.26,121.01;
#84:
>0:40.31,117.6;35.25,118.49;36.83,118.89;31.62,120.27;
#85:
>0:39.45,115.76;36.01,115.72;41.64,116.63;38.12,118.03;38.49,120.33;
#86:
>0:36.51,118.95;34.89,118.51;29.5,117.98;
#87:
>0:36.63,115.02;41.6,116.32;39.67,117.46;35.31,119.83;31.08,120.82;
#88:
>0:25.28,116.0;23.08,116.62;26.59,116.56;25.77,118.5;23.97,120.38;
#89:
>0:38.11,114.51;40.39,115.35;42.2,117.06;
#90:
>0:31.33,119.74;34.43,117.68;32.96,116.74;37.13,115.32;36.6,113.77;
#91:
>0:27.7,119.75;28.24,117.96;30.66,116.45;
#92:
>0:36.16,115.23;32.2,116.88;28.65,117.27;
#93:
>0:39.35,118.78;36.17,118.12;32.17,117.87;29.33,118.06;26.4,120.8;
#94:
>0:32.82,114.05;28.65,115.04;30.7,117.34;22.84,116.15;
#95:
>0:41.02,119.53;35.82,117.83;33.12,118.12;30.16,117.99;
#96:
>0:36.44,118.47;34.1,118.56;33.74,116.46;31.46,114.15;
#97:
>0:29.78,115.36;29.47,117.12;28.44,116.29;29.93,119.44;
#98:
>0:30.71,117.63;28.92,117.58;
#99:
>0:28.17,118.73;25.75,118.6;26.95,117.11;
#100:
>0:40.0,117.87;35.31,118.3;38.43,120.23;
#101:
>0:36.52,121.03;34.59,120.05;28.69,118.8;26.36,120.88;
#102:
>0:25.13,115.15;24.99,116.36;27.06,117.12;23.83,119.14;
#103:
>0:22.66,115.38;22.43,116.99;
#104:
>0:34.89,116.11;42.0,116.79;
#105:
>0:31.16,115.11;28.99,116.99;36.6,117.15;
#106:
>0:40.73,117.01;38.24,115.35;31.87,115.2;
#107:
>0:29.18,113.77;34.33,114.92;37.73,115.75;
#108:
>0:31.97,117.16;37.15,115.87;
#109:
>0:33.79,113.61;32.82,115.62;
#110:
>0:26.9,117.07;28.41,116.11;
#111:
>0:39.43,119.48;36.72,118.39;34.6,116.68;
#112:
>0:32.39,113.85;32.09,114.89;40.33,115.31;
#113:
>0:30.28,117.21;25.41,116.79;26.36,118.31;23.78,120.76;
#114:
>0:31.85,116.98;29.98,115.97;34.0,113.87;
#115:
>0:23.31,121.0;23.19,119.21;25.67,118.62;24.75,117.14;
#116:
>0:26.2,120.74;30.91,119.82;27.31,118.6;
#117:
>0:40.66,117.0;39.01,115.64;34.46,115.93;
#118:
>0:34.55,120.09;29.37,119.36;32.21,117.96;31.5,117.53;28.51,116.43;37.21,114.42;
#119:
>0:40.07,116.91;35.21,115.08;34.54,116.95;30.87,114.57;
#120:
>0:22.35,120.61;27.6,119.37;29.38,118.05;32.27,118.06;32.28,116.25;40.84,116.8;
#121:
>0:25.22,114.99;26.95,115.26;31.27,115.15;29.36,116.86;33.41,115.4;39.03,115.81;
#122:
>0:42.91,116.31;39.9,116.87;
#123:
>0:39.53,116.07;36.99,116.66;32.96,118.34;31.07,117.8;27.91,120.33;
#124:
>0:34.33,116.9;36.67,118.45;
#125:
>0:33.17,114.09;29.11,115.45;29.72,116.12;
#126:
>0:30.81,116.26;34.23,115.16;37.33,116.25;40.94,113.76;
#127:
>0:27.02,118.69;30.47,118.7;32.06,119.68;36.83,119.07;38.38,119.25;
#128:
>0:39.86,117.49;42.04,117.41;
#129:
>0:40.91,118.43;37.39,116.23;32.32,116.98;29.55,115.97;27.74,117.39;
#130:
>0:40.57,113.78;37.28,114.02;33.71,115.81;36.53,116.29;35.75,119.8;
#131:
>0:27.76,117.04;26.78,118.2;
#132:
>0:25.8,114.47;27.48,114.52;
#133:
>0:30.02,116.76;32.11,118.24;33.78,116.68;41.74,117.04;
#134:
>0:40.81,117.89;36.48,118.03;34.09,118.56;30.37,117.97;28.1,119.81;
#135:
>0:40.82,118.44;37.35,119.57;36.24,117.73;34.71,118.18;28.56,116.89;23.35,115.76;
#136:
>0:23.95,117.49;24.38,118.57;
#137:
>0:28.59,119.33;34.35,117.77;30.38,118.44;31.07,116.17;37.42,114.32;
#138:
>0:22.82,120.31;25.43,118.78;26.07,118.17;22.57,117.34;
#139:
>0:35.47,114.63;34.71,115.43;
#140:
>0:40.03,116.97;40.04,117.64;35.08,117.49;40.88,120.3;
#141:
>0:41.08,118.6;36.04,117.61;33.0,118.46;30.48,117.21;26.22,117.28;23.93,116.33;
#142:
>0:35.69,115.58;42.5,116.27;38.97,118.42;37.56,119.71;29.09,120.65;
#143:
>0:25.28,120.02;27.27,120.74;29.22,120.72;33.56,120.01;
#144:
>0:40.05,114.54;35.22,114.71;32.68,114.92;32.8,114.7;26.4,117.21;
#145:
>0:32.72,116.6;33.8,118.38;31.96,119.45;
#146:
>0:22.39,118.2;28.08,116.19;29.38,118.05;31.37,116.78;35.9,117.32;
#147:
>0:38.94,114.2;34.88,115.15;41.82,117.4;36.75,118.49;
#148:
>0:26.1,120.67;29.82,119.21;32.97,119.61;36.93,118.72;
#149:
>0:34.59,119.02;37.06,119.85;39.81,119.44;
#150:
>0:37.42,114.6;32.79,115.22;30.7,117.05;31.36,117.52;
#151:
>0:24.41,120.66;23.15,118.81;27.63,117.4;23.61,116.41;
#152:
>0:41.64,116.64;40.95,117.16;
#153:
>0:24.71,113.67;26.13,114.84;29.07,113.81;33.39,114.81;37.5,115.72;39.34,115.59;
#154:
>0:40.98,114.21;38.04,115.23;41.92,117.39;
#155:
>0:26.86,114.64;26.83,113.83;
#156:
>0:31.45,119.27;31.97,117.48;29.18,117.6;29.35,116.41;35.55,114.56;
#157:
>0:36.7,114.73;33.17,116.01;34.67,116.29;
#158:
>0:40.88,117.35;36.2,118.64;32.38,117.9;
#159:
>0:40.41,116.59;40.25,115.45;35.82,115.15;30.73,115.72;
#160:
>0:32.51,120.96;35.18,118.71;36.71,117.61;35.67,116.66;
#161:
>0:22.62,120.09;23.2,119.52;26.95,117.56;30.47,117.23;33.44,115.34;39.02,115.55;
#162:
>0:32.33,116.18;28.96,115.15;
#163:
>0:26.71,116.34;22.39,116.37;
#164:
>0:37.35,119.26;36.53,117.51;32.21,117.63;28.74,116.26;25.16,119.41;
#165:
>0:40.17,116.91;35.93,114.91;34.54,116.37;31.37,115.47;27.17,116.81;24.02,119.12;
#166:
>0:32.37,119.25;33.61,118.61;27.15,117.08;
#167:
>0:39.98,116.5;42.91,116.77;
#168:
>0:34.65,116.91;33.29,118.3;32.9,119.13;
#169:
>0:40.97,120.89;41.12,119.0;36.95,117.61;32.67,118.59;30.47,116.51;22.42,118.54;
#170:
>0:22.89,113.73;26.73,115.15;30.76,115.04;29.33,114.02;33.81,114.47;38.07,114.47;
#171:
>0:24.91,120.45;25.32,119.22;27.62,117.62;29.7,117.72;30.93,116.41;30.08,113.61;
