#0:
>0:39.34,116.63;39.3,116.33;
#1:
>0:37.6,115.38;33.6,116.15;31.55,116.32;
#2:
>0:28.02,119.18;28.73,119.39;34.77,118.5;
#3:
>0:41.85,116.48;36.15,118.26;37.17,119.58;
#4:
>0:30.85,118.9;33.38,117.65;35.35,118.58;
#5:
>0:41.22,116.42;40.5,116.15;
#6:
>0:36.04,117.22;31.73,116.9;34.5,115.82;30.25,117.21;25.2,116.67;
#7:
>0:40.69,115.48;35.86,114.52;31.78,114.59;30.46,114.67;
#8:
>0:37.53,114.08;36.91,115.14;
#9:
>0:40.48,121.11;36.62,119.85;33.98,120.14;29.25,119.73;25.67,119.55;23.09,118.84;
#10:
>0:24.48,116.26;27.44,118.57;30.44,116.1;32.6,118.22;36.95,118.36;
#11:
>0:41.05,116.87;39.75,116.57;
#12:
>0:26.34,120.66;29.97,118.93;31.11,118.6;37.52,116.45;
#13:
>0:34.98,118.24;34.05,116.2;
#14:
>0:27.67,116.15;26.66,118.28;25.51,119.55;
#15:
>0:40.86,116.29;40.35,117.21;
#16:
>0:41.25,116.22;36.41,114.93;33.35,118.53;
#17:
>0:38.15,114.28;40.78,115.26;40.53,116.24;36.11,117.59;40.99,119.61;
#18:
>0:27.55,119.61;24.31,117.49;
#19:
>0:25.67,120.21;30.89,119.69;33.61,117.74;33.84,116.2;
#20:
>0:32.91,118.65;35.37,118.2;36.79,116.36;34.86,115.97;
#21:
>0:26.27,114.72;24.2,115.98;22.8,117.01;23.4,118.09;
#22:
>0:29.91,117.66;29.67,118.65;35.67,116.76;
#23:
>0:27.4,117.44;27.06,117.41;
#24:
>0:32.85,120.2;30.99,119.87;31.59,118.4;24.24,120.57;
#25:
>0:23.35,117.57;22.18,116.17;
#26:
>0:37.68,114.02;33.88,115.64;29.16,116.88;26.07,115.53;23.55,114.97;
#27:
>0:30.04,114.48;28.49,116.01;
#28:
>0:36.24,120.32;32.36,119.25;29.12,117.55;27.16,116.98;
#29:
>0:29.24,120.02;26.42,119.17;26.45,118.5;27.74,116.5;
#30:
>0:38.85,114.75;37.6,114.24;34.42,114.63;28.82,114.78;
#31:
>0:37.02,113.68;36.01,116.03;
#32:
>0:34.9,113.67;37.35,114.57;
#33:
>0:42.08,116.74;40.12,117.11;
#34:
>0:41.33,116.34;41.22,116.37;
#35:
>0:23.69,114.66;22.47,115.48;26.74,115.08;26.46,118.43;
#36:
>0:38.6,118.0;38.16,119.7;36.05,118.91;32.81,120.81;27.09,120.73;
#37:
>0:24.01,115.4;27.66,114.18;28.52,115.29;34.22,117.34;37.07,117.69;
#38:
>0:40.09,117.96;35.39,119.36;
#39:
>0:27.97,121.06;25.71,120.36;
#40:
>0:34.8,114.65;34.43,114.9;
#41:
>0:39.93,116.52;39.43,116.23;
#42:
>0:31.54,118.34;27.34,116.23;22.89,115.33;
#43:
>0:38.52,118.68;35.17,119.5;34.58,119.85;
#44:
>0:33.4,118.84;30.83,120.28;
#45:
>0:39.74,120.87;40.76,118.88;37.77,119.27;31.17,119.69;
#46:
>0:38.41,119.67;39.14,117.65;37.85,118.07;33.76,116.54;34.4,113.88;
#47:
>0:34.07,118.8;31.35,117.96;26.41,117.33;23.83,116.98;
#48:
>0:24.83,118.37;24.2,118.66;26.3,121.11;
#49:
>0:29.4,120.44;31.83,119.13;37.19,117.49;42.07,116.19;39.96,115.04;
#50:
>0:38.18,118.89;35.52,117.85;33.89,116.91;29.96,115.51;26.26,115.26;22.23,115.65;
#51:
>0:41.4,116.53;41.55,116.12;
#52:
>0:41.12,116.11;41.2,116.54;
#53:
>0:34.19,116.73;35.39,115.18;34.63,113.96;
#54:
>0:40.95,116.76;37.91,115.98;34.54,116.8;34.31,116.02;27.52,115.02;
#55:
>0:27.77,118.46;31.19,117.15;34.01,115.65;35.73,115.88;39.88,114.82;
#56:
>0:25.52,117.88;30.92,117.02;33.52,115.96;35.16,114.2;39.54,114.34;
#57:
>0:39.6,116.11;40.02,117.15;
#58:
>0:39.54,120.15;40.67,119.83;40.05,117.86;33.89,117.31;
#59:
>0:35.04,113.66;39.1,115.11;41.94,116.11;40.18,118.2;36.36,118.69;38.51,120.74;
#60:
>0:41.28,116.69;39.46,117.76;36.58,119.02;40.76,120.8;
#61:
>0:41.66,116.41;40.61,117.23;
#62:
>0:40.11,120.3;36.22,118.67;36.99,120.8;28.87,119.68;
#63:
>0:24.23,121.1;25.74,119.35;28.56,117.53;32.1,117.33;36.47,115.48;40.04,115.91;
#64:
>0:23.21,118.53;22.47,119.58;27.65,118.94;31.77,119.56;
#65:
>0:26.27,119.22;27.89,119.8;
#66:
>0:30.43,120.57;33.15,118.92;37.41,117.75;41.36,116.22;
#67:
>0:29.49,116.32;34.44,118.12;35.9,119.25;
#68:
>0:42.01,116.85;35.15,116.03;36.8,116.14;31.78,117.59;27.1,118.94;
#69:
>0:37.67,117.27;33.58,116.42;32.5,114.85;30.68,116.57;25.23,117.31;
#70:
>0:25.21,120.57;27.06,119.18;27.02,117.43;28.82,117.31;34.52,115.54;28.21,114.64;
#71:
>0:40.64,115.29;35.99,114.15;32.17,114.44;28.62,114.54;
#72:
>0:27.54,117.59;23.74,117.08;24.52,115.22;
#73:
>0:22.58,119.68;28.07,119.82;30.24,119.25;34.11,119.88;37.91,119.74;40.36,118.97;
#74:
>0:33.06,117.31;37.52,115.88;34.45,114.44;
#75:
>0:29.62,114.72;31.52,114.91;33.87,116.12;35.81,118.06;
#76:
>0:41.41,117.2;39.05,116.84;
#77:
>0:35.68,116.17;34.18,117.61;33.69,119.69;
#78:
>0:41.86,117.32;39.11,116.26;
#79:
>0:40.29,117.23;41.92,116.85;
#80:
>0:40.3,118.0;36.77,118.66;
#81:
>0:22.32,120.69;28.19,120.77;29.97,120.2;33.3,119.93;36.13,119.99;40.76,120.74;
#82:
>0:26.54,118.02;23.45,118.93;27.53,119.91;
#83:
>0:34.44,114.24;30.29,115.13;25.6,117.08;22.81,117.45;
#84:
>0:34.08,114.76;28.58,115.69;25.35,117.21;24.14,116.59;
#85:
>0:23.33,113.95;25.51,113.58;31.2,114.83;32.58,116.8;34.85,117.18;38.1,117.93;
#86:
>0:40.75,116.32;39.24,116.42;
#87:
>0:41.02,116.85;42.06,116.89;
#88:
>0:36.27,116.41;31.81,118.04;30.78,119.3;30.77,118.55;24.3,119.92;
#89:
>0:40.2,116.4;39.93,117.22;
#90:
>0:40.19,115.63;34.85,116.52;34.55,118.07;30.12,119.21;31.54,119.99;
#91:
>0:41.2,116.94;42.01,116.99;
#92:
>0:26.43,115.0;31.11,116.49;31.95,116.95;
#93:
>0:25.94,117.93;30.49,116.85;34.51,115.59;37.04,114.7;39.31,114.05;
#94:
>0:28.21,117.54;29.74,116.3;32.3,115.62;35.34,114.64;39.96,114.32;
#95:
>0:35.67,118.42;32.01,116.92;
#96:
>0:41.12,116.85;39.27,116.09;
#97:
>0:22.27,114.5;24.37,115.15;27.36,113.98;29.23,115.41;34.29,116.48;40.04,118.57;
#98:
>0:30.65,117.97;30.0,119.73;35.93,116.49;
#99:
>0:30.65,116.51;33.99,117.34;36.45,116.1;40.07,116.4;
#100:
>0:37.63,115.93;35.37,116.43;37.96,118.24;41.01,117.74;33.07,121.13;
#101:
>0:32.6,118.82;32.66,117.75;29.05,118.92;23.31,120.8;
#102:
>0:39.74,116.64;39.31,116.82;
#103:
>0:22.26,119.98;26.65,119.32;29.22,117.54;31.89,116.75;35.62,116.19;41.69,116.46;
#104:
>0:40.83,115.38;42.07,116.14;
#105:
>0:41.7,116.91;41.93,117.17;
#106:
>0:39.06,119.57;37.66,117.8;32.39,116.54;28.84,115.26;
#107:
>0:36.58,119.49;39.62,118.94;
#108:
>0:39.86,114.36;36.62,115.77;37.88,117.06;37.19,118.42;38.13,117.86;36.04,120.01;
#109:
>0:31.18,117.61;28.38,119.25;
#110:
>0:38.91,114.15;36.29,115.24;33.89,116.65;36.71,117.74;39.87,118.13;37.86,120.07;
#111:
>0:40.83,120.71;38.67,119.49;38.02,118.09;36.68,118.55;31.95,115.28;
#112:
>0:33.08,116.06;30.2,116.4;29.13,118.02;
#113:
>0:32.28,120.57;30.27,118.98;29.52,118.42;24.4,118.23;
#114:
>0:40.09,115.57;40.47,117.15;
#115:
>0:40.32,118.92;36.73,117.8;32.56,116.65;29.15,116.26;27.81,116.13;
#116:
>0:35.91,114.16;32.28,115.61;29.81,116.06;25.76,115.33;
#117:
>0:32.14,113.95;29.45,115.88;25.49,117.24;26.16,117.93;
#118:
>0:39.3,120.43;40.14,118.95;32.15,120.81;
#119:
>0:31.5,118.2;29.53,117.67;
#120:
>0:35.7,114.37;32.26,114.07;28.69,115.23;37.79,117.82;
#121:
>0:29.88,118.15;30.82,116.95;28.66,115.24;
#122:
>0:31.79,120.65;29.65,118.82;28.99,118.42;23.0,120.64;
#123:
>0:27.47,120.52;30.87,120.86;
#124:
>0:39.88,116.44;41.86,116.85;
#125:
>0:35.99,116.72;34.13,118.59;
#126:
>0:40.79,116.2;41.49,117.22;
#127:
>0:35.06,116.53;36.03,115.97;
#128:
>0:31.96,114.2;31.4,113.7;
#129:
>0:41.54,116.66;41.47,117.15;
#130:
>0:36.37,119.13;38.96,117.42;
#131:
>0:38.99,118.47;35.31,117.37;34.29,116.34;34.04,115.56;26.74,116.01;
#132:
>0:24.61,118.13;23.75,119.68;25.8,119.41;33.54,119.7;
#133:
>0:26.06,113.75;29.78,115.06;33.92,117.3;36.19,117.09;32.57,119.03;
#134:
>0:31.55,116.12;27.44,118.2;23.21,117.89;
#135:
>0:39.38,114.35;35.47,115.33;33.62,117.0;34.6,115.65;26.6,115.31;
#136:
>0:39.92,117.23;40.89,116.65;
#137:
>0:33.08,117.1;33.46,117.78;33.13,119.78;
#138:
>0:41.27,117.3;40.77,116.95;
#139:
>0:22.35,114.13;26.51,114.77;29.38,114.87;31.98,116.64;37.17,117.32;38.86,118.6;
#140:
>0:27.95,118.78;28.63,121.15;
#141:
>0:36.33,120.7;34.33,119.77;29.76,117.65;30.15,116.94;
#142:
>0:33.91,114.99;28.72,116.66;26.78,116.13;24.73,117.09;
#143:
>0:37.34,114.4;34.6,115.24;29.54,116.72;26.4,115.8;23.55,115.69;
#144:
>0:40.68,116.61;39.41,117.29;
#145:
>0:27.3,117.49;29.8,119.34;33.67,118.04;34.85,116.42;39.37,117.64;
#146:
>0:39.91,116.6;41.4,117.2;
#147:
>0:36.04,117.21;34.66,117.36;30.85,119.7;
#148:
>0:40.72,114.06;36.15,114.9;35.99,116.16;32.47,118.21;29.69,119.64;28.72,120.65;
#149:
>0:39.15,117.65;36.82,117.8;32.42,115.99;
#150:
>0:36.59,113.78;32.17,115.25;30.74,116.73;28.15,115.8;23.66,115.03;
#151:
>0:36.06,119.38;40.33,118.38;39.45,116.98;38.5,115.47;38.12,114.31;
#152:
>0:24.97,118.27;24.04,117.01;23.85,116.02;
#153:
>0:39.86,113.7;39.75,115.35;
#154:
>0:40.78,116.43;41.61,116.36;
#155:
>0:26.76,114.75;28.72,116.04;33.84,115.01;33.02,118.55;
#156:
>0:33.09,118.09;34.01,119.57;32.36,121.04;
#157:
>0:39.42,120.41;38.64,119.1;40.59,117.98;32.08,117.24;
#158:
>0:30.84,119.12;32.75,118.57;36.53,117.4;
#159:
>0:38.84,119.58;39.83,118.12;39.18,116.49;40.45,115.8;
#160:
>0:40.41,116.17;39.73,117.66;37.74,119.61;39.45,120.39;
#161:
>0:41.91,116.55;40.4,117.26;
#162:
>0:41.86,116.21;35.52,115.51;34.2,116.41;32.87,114.89;31.6,117.27;22.66,113.64;
#163:
>0:39.75,117.12;39.22,117.12;
#164:
>0:30.63,120.84;33.56,119.5;37.66,117.9;35.08,117.2;36.13,114.89;36.51,113.79;
#165:
>0:23.57,117.33;25.92,118.1;29.25,116.22;32.16,115.32;36.37,118.61;
#166:
>0:38.67,121.08;35.67,119.57;33.79,117.97;28.55,116.17;27.35,116.4;23.18,116.54;
#167:
>0:39.6,120.38;41.13,120.77;
#168:
>0:40.81,116.98;41.67,116.92;
#169:
>0:40.53,117.23;37.66,118.26;41.01,117.78;36.37,120.34;
#170:
>0:25.07,120.62;27.65,119.24;29.96,117.5;31.9,116.51;35.3,115.68;39.33,115.78;
#171:
>0:22.48,118.5;24.25,119.39;28.88,120.08;
