#0:
>0:34.34,117.36;30.36,116.64;26.18,116.05;22.97,113.56;
#1:
>0:36.03,120.67;33.3,121.03;30.38,120.83;28.4,120.42;
#2:
>0:36.31,116.33;36.14,117.75;34.06,118.78;35.17,121.0;
#3:
>0:29.71,115.59;26.46,115.38;25.41,118.42;
#4:
>0:25.21,116.08;26.67,117.55;30.22,118.27;34.2,116.76;36.79,118.16;39.84,118.16;
#5:
>0:41.57,116.83;41.0,116.67;
#6:
>0:32.06,118.8;32.03,120.03;28.23,119.21;
#7:
>0:42.46,117.22;36.24,116.02;31.97,114.68;28.79,114.29;27.23,114.7;24.8,114.75;
#8:
>0:33.22,119.13;31.87,118.24;26.55,116.66;
#9:
>0:28.44,113.71;30.76,115.43;30.72,114.78;32.03,113.89;42.87,116.77;
#10:
>0:30.16,117.21;27.98,116.22;23.1,118.47;
#11:
>0:24.62,116.28;23.95,115.76;24.52,114.46;
#12:
>0:23.13,118.95;26.96,119.24;
#13:
>0:32.46,115.71;30.14,115.22;26.52,117.47;
#14:
>0:26.54,118.53;28.31,117.72;
#15:
>0:23.17,116.77;23.11,115.92;24.39,113.94;
#16:
>0:35.36,114.33;34.19,113.62;34.64,116.46;
#17:
>0:26.92,114.19;29.73,115.54;26.22,116.32;
#18:
>0:22.84,118.78;23.83,118.01;26.57,116.26;27.88,115.32;
#19:
>0:33.26,114.65;33.21,115.03;31.96,117.16;
#20:
>0:24.23,116.6;26.27,115.62;25.56,114.51;
#21:
>0:36.94,113.64;33.68,114.64;34.61,115.62;29.53,115.99;25.19,116.22;
#22:
>0:24.16,119.67;28.05,117.89;31.25,118.52;33.46,118.41;
#23:
>0:35.15,120.13;34.57,119.01;34.47,118.26;33.27,117.01;
#24:
>0:42.23,121.25;36.64,119.25;33.02,117.67;28.56,116.77;26.32,118.54;22.56,117.74;
#25:
>0:40.37,117.13;39.98,117.31;
#26:
>0:25.77,119.66;28.81,119.0;31.89,119.43;37.8,119.81;
#27:
>0:23.94,113.79;25.36,114.58;30.22,116.12;
#28:
>0:33.4,118.41;36.23,117.62;38.25,117.5;
#29:
>0:30.11,119.99;29.7,118.87;36.97,119.78;
#30:
>0:41.47,117.04;42.18,117.46;
#31:
>0:23.57,119.85;24.2,117.86;23.53,116.15;
#32:
>0:24.19,119.98;23.99,119.64;28.45,118.43;
#33:
>0:37.98,115.54;36.79,115.05;43.0,116.79;35.8,119.06;
#34:
>0:22.58,119.21;25.97,118.54;28.59,118.47;34.46,115.62;
#35:
>0:22.21,118.76;27.69,117.89;29.39,117.45;33.51,116.97;35.57,116.58;
#36:
>0:25.44,116.58;27.79,117.11;
#37:
>0:35.05,118.77;38.43,117.94;37.8,116.74;32.44,116.7;32.79,113.63;
#38:
>0:29.95,115.74;27.36,116.94;31.48,118.3;
#39:
>0:24.43,118.35;27.15,116.93;26.96,118.06;32.09,116.69;
#40:
>0:40.8,115.22;35.15,115.68;40.92,117.01;39.76,118.26;36.04,120.14;
#41:
>0:39.09,115.79;35.82,115.9;43.05,117.16;39.48,117.72;36.18,120.4;
#42:
>0:32.27,117.78;36.89,116.43;36.92,115.45;35.24,113.58;
#43:
>0:40.77,116.55;37.11,115.83;32.8,114.38;29.07,113.87;25.5,113.87;24.19,113.79;
#44:
>0:37.45,118.88;32.29,118.29;31.15,116.98;26.74,117.63;
#45:
>0:32.52,114.51;30.47,116.03;27.25,114.85;24.71,116.23;27.21,117.61;25.48,120.51;
#46:
>0:36.7,117.11;36.03,114.98;
#47:
>0:38.71,117.39;37.66,118.04;33.29,118.95;32.94,117.69;25.57,117.8;
#48:
>0:39.69,119.59;35.2,118.19;35.91,116.7;31.33,116.34;
#49:
>0:27.33,117.29;30.39,118.51;
#50:
>0:39.31,118.45;35.71,116.95;33.62,116.5;29.81,118.56;25.53,118.5;
#51:
>0:30.34,117.64;25.53,117.21;25.87,115.49;
#52:
>0:30.63,117.91;32.43,117.03;28.56,115.24;
#53:
>0:40.18,116.64;41.98,116.46;
#54:
>0:34.88,117.03;34.05,116.73;30.92,116.83;28.06,117.08;23.95,114.88;
#55:
>0:26.23,116.62;22.57,117.53;
#56:
>0:31.87,120.14;28.69,120.66;27.72,121.14;
#57:
>0:22.78,114.28;25.9,114.21;29.71,116.94;
#58:
>0:26.54,121.14;29.86,121.09;30.65,119.01;35.6,119.02;
#59:
>0:36.56,117.03;35.91,117.69;32.91,119.56;34.9,120.58;
#60:
>0:39.14,113.75;36.41,115.02;33.23,114.58;29.67,115.82;25.78,118.52;
#61:
>0:41.67,116.93;40.02,117.17;
#62:
>0:29.95,114.24;26.01,115.62;22.69,117.28;23.25,117.87;
#63:
>0:35.71,114.75;32.78,114.23;35.21,114.99;39.79,116.76;36.04,119.4;
#64:
>0:36.06,120.0;39.98,119.2;41.02,117.94;
#65:
>0:41.69,116.99;37.58,115.11;32.34,113.98;30.96,113.86;
#66:
>0:29.59,118.49;33.04,118.59;
#67:
>0:23.54,115.23;25.9,116.79;30.05,115.99;32.87,116.63;32.23,118.08;42.45,116.66;
#68:
>0:36.24,119.27;38.42,118.58;35.13,116.17;31.74,116.24;34.28,113.61;
#69:
>0:23.18,113.92;22.58,113.88;
#70:
>0:31.27,117.35;28.15,116.11;
#71:
>0:27.37,116.62;25.66,116.23;
#72:
>0:22.29,117.9;25.84,118.14;31.61,118.92;34.75,120.0;35.56,120.85;
#73:
>0:32.15,117.4;29.01,117.18;27.26,117.73;22.81,115.92;
#74:
>0:31.95,115.62;37.09,116.79;39.64,117.82;38.49,119.22;
#75:
>0:40.39,116.69;42.74,116.92;
#76:
>0:38.77,118.93;35.8,118.45;36.84,116.25;30.88,116.76;
#77:
>0:40.27,119.56;35.02,121.07;
#78:
>0:41.05,121.1;39.45,119.7;36.76,118.58;37.89,116.53;33.34,116.29;34.74,113.62;
#79:
>0:34.49,117.88;34.84,119.22;
#80:
>0:42.64,116.44;41.18,116.63;
#81:
>0:25.51,118.62;27.48,118.24;
#82:
>0:38.87,117.7;36.9,116.51;35.82,117.83;34.01,117.89;27.49,117.49;
#83:
>0:27.44,115.92;31.49,117.2;
#84:
>0:39.63,121.15;35.64,118.9;38.15,118.13;34.19,116.57;
#85:
>0:25.86,118.97;25.28,117.56;25.96,118.05;24.55,115.18;
#86:
>0:40.17,116.87;39.51,118.3;35.14,116.9;30.7,116.99;
#87:
>0:32.67,120.73;30.78,120.98;27.59,119.42;
#88:
>0:40.23,115.81;37.52,113.83;31.73,113.9;30.01,114.6;
#89:
>0:26.27,117.03;24.9,115.58;
#90:
>0:24.31,115.61;22.62,117.18;27.65,118.12;28.85,117.62;36.0,118.13;
#91:
>0:41.67,116.69;42.27,117.04;
#92:
>0:25.88,116.96;22.99,115.16;
#93:
>0:34.45,114.48;32.93,115.65;31.72,117.28;
#94:
>0:36.75,119.91;36.36,118.85;40.09,117.49;36.35,117.29;36.52,115.08;36.07,114.46;
#95:
>0:34.83,116.18;32.17,115.07;31.55,113.78;27.71,114.05;25.06,114.6;
#96:
>0:35.53,116.96;33.37,116.62;29.65,118.5;26.24,118.42;
#97:
>0:27.21,117.59;28.62,117.97;33.37,116.33;34.99,114.86;38.28,114.17;
#98:
>0:34.03,119.99;36.6,119.93;
#99:
>0:40.29,118.89;37.62,118.11;32.32,118.62;28.93,117.15;28.39,118.13;22.22,116.97;
#100:
>0:42.46,121.17;35.54,119.33;35.53,118.39;
#101:
>0:31.62,117.08;32.78,116.24;34.57,117.54;30.56,120.52;
#102:
>0:29.99,121.01;32.36,119.04;35.15,119.19;40.51,119.72;
#103:
>0:25.51,115.02;26.2,116.56;
#104:
>0:35.15,116.59;34.48,116.5;31.62,117.82;27.39,117.25;24.96,116.08;
#105:
>0:33.41,114.28;33.4,115.48;33.11,116.38;
#106:
>0:33.57,114.4;35.59,115.21;36.53,117.28;
#107:
>0:35.81,115.69;33.11,114.07;31.52,115.02;28.2,114.35;
#108:
>0:30.64,119.42;34.08,118.22;34.89,117.64;35.16,116.93;40.88,113.95;
#109:
>0:34.14,117.23;29.82,116.02;25.35,113.88;
#110:
>0:25.2,119.48;24.51,118.54;25.77,116.44;
#111:
>0:42.71,120.72;40.08,118.84;36.01,118.86;35.2,116.91;
#112:
>0:39.54,115.64;36.67,115.5;42.2,117.23;35.3,119.58;
#113:
>0:24.16,120.39;23.77,119.53;24.73,118.05;26.64,117.31;28.89,115.8;28.12,114.14;
#114:
>0:40.98,116.89;43.11,116.38;
#115:
>0:25.2,116.15;27.57,118.46;
#116:
>0:22.75,120.67;26.79,119.51;29.38,117.48;31.93,116.69;37.19,115.06;40.96,115.09;
#117:
>0:37.53,119.28;38.26,118.38;35.66,116.43;34.06,117.21;31.92,114.7;
#118:
>0:35.62,120.55;31.74,119.67;31.59,118.0;25.89,116.47;25.1,115.88;23.22,113.75;
#119:
>0:26.62,119.36;27.0,117.97;25.67,116.91;29.56,115.97;27.23,113.81;
#120:
>0:34.54,120.85;31.29,119.6;31.08,118.47;31.87,116.41;29.47,115.71;
#121:
>0:37.79,114.69;31.87,114.18;29.37,115.18;
#122:
>0:40.08,116.27;40.51,117.42;
#123:
>0:40.76,117.4;37.45,116.85;40.29,115.93;
#124:
>0:26.89,120.22;29.9,120.28;31.12,118.93;36.24,119.23;
#125:
>0:24.6,113.6;23.8,113.87;
#126:
>0:34.72,118.38;36.62,117.97;37.32,116.68;39.66,114.03;
#127:
>0:42.01,116.77;37.5,117.19;
#128:
>0:26.97,119.36;28.91,117.78;29.71,117.21;
#129:
>0:27.97,114.18;31.54,115.32;
#130:
>0:24.94,116.81;28.35,117.58;
#131:
>0:27.8,118.36;30.26,117.86;26.42,115.62;
#132:
>0:39.86,115.9;36.75,115.63;32.16,113.92;30.0,114.31;
#133:
>0:23.05,119.8;26.45,118.9;29.69,119.08;33.33,120.74;37.9,119.65;38.62,118.76;
#134:
>0:36.39,119.62;40.4,117.46;36.38,116.56;32.29,116.93;33.76,113.91;
#135:
>0:29.24,119.88;25.57,117.45;24.63,116.88;
#136:
>0:30.66,120.56;30.45,119.71;34.99,119.18;
#137:
>0:37.9,120.34;40.11,118.97;38.35,118.16;
#138:
>0:29.78,120.04;30.08,119.67;35.99,118.85;
#139:
>0:42.51,120.72;37.4,119.11;34.43,118.19;30.86,117.15;28.21,118.14;24.2,117.58;
#140:
>0:32.48,117.49;35.52,117.06;41.0,117.36;
#141:
>0:40.99,118.36;42.7,116.84;
#142:
>0:37.28,118.64;39.76,117.72;37.63,116.45;33.82,117.3;33.78,114.22;
#143:
>0:41.21,116.54;39.44,117.87;36.79,118.61;31.83,117.48;26.7,118.67;
#144:
>0:33.78,120.57;29.39,118.63;26.32,117.44;26.1,117.3;25.04,115.86;
#145:
>0:35.25,120.39;32.12,119.2;
#146:
>0:33.42,115.35;37.34,116.9;39.74,118.33;39.45,119.55;
#147:
>0:40.52,115.02;37.5,113.99;34.74,113.97;33.34,115.94;26.19,115.33;
#148:
>0:25.24,115.04;24.21,117.09;28.28,117.73;28.85,118.43;33.02,117.04;40.93,116.88;
#149:
>0:30.1,114.12;26.59,115.43;23.56,117.09;23.46,117.5;26.53,117.81;27.49,119.96;
#150:
>0:32.22,120.04;31.63,118.68;25.42,118.19;28.02,116.9;29.17,114.98;25.52,114.16;
#151:
>0:32.35,114.56;37.56,115.66;43.1,116.69;39.55,117.86;39.36,119.68;
#152:
>0:30.32,118.94;28.68,118.12;33.11,116.83;28.54,115.12;
#153:
>0:39.37,119.21;37.82,117.86;37.53,116.35;30.12,116.94;
#154:
>0:31.77,118.58;37.51,117.02;40.58,115.95;
#155:
>0:40.61,118.48;36.18,117.15;38.08,115.4;
#156:
>0:41.23,121.15;34.87,119.47;34.1,118.36;29.93,117.1;26.11,117.28;24.03,117.9;
#157:
>0:37.52,114.52;34.56,113.62;33.69,115.62;29.33,115.53;23.9,116.25;
#158:
>0:27.78,120.17;28.91,119.55;32.13,119.65;
#159:
>0:22.88,119.93;24.97,118.76;22.75,117.52;26.15,116.84;31.26,115.73;25.36,114.41;
#160:
>0:31.41,115.7;33.08,116.66;32.47,118.56;
#161:
>0:34.48,115.22;28.77,116.82;25.51,117.77;24.07,119.59;22.55,120.29;
#162:
>0:31.53,118.15;32.68,116.71;32.34,115.75;
#163:
>0:37.53,113.81;34.51,114.64;32.19,117.08;
#164:
>0:42.66,117.11;39.7,116.82;
#165:
>0:22.49,116.74;27.13,114.89;26.25,114.14;
#166:
>0:40.66,117.43;42.29,116.65;
#167:
>0:41.02,117.56;36.92,117.18;31.79,116.43;28.54,117.89;26.53,117.4;
#168:
>0:26.51,119.33;31.22,119.4;32.92,118.7;35.58,119.51;
#169:
>0:37.96,114.4;33.6,114.06;32.2,115.29;29.99,115.82;24.46,117.07;
#170:
>0:22.87,119.82;22.52,117.36;28.01,116.98;27.21,114.86;
#171:
>0:38.12,115.48;37.87,114.96;32.31,114.41;31.24,114.74;
