#0:
>0:39.52,116.21;39.68,116.17;39.81,116.46;
#1:
>0:39.3,116.77;39.39,116.48;39.69,116.2;39.86,116.49;
#2:
>0:39.73,116.33;39.79,116.53;39.16,116.3;
#3:
>0:39.5,116.34;39.66,116.29;39.87,116.44;
#4:
>0:39.61,116.96;39.4,116.91;
#5:
>0:39.23,116.09;39.5,116.16;39.6,116.51;39.77,116.54;40.08,116.56;40.29,116.4;
#6:
>0:40.19,116.31;39.85,116.28;39.82,116.52;40.14,116.87;
#7:
>0:39.5,116.07;39.3,116.26;
#8:
>0:40.02,115.93;40.04,116.27;
#9:
>0:40.44,116.14;40.1,116.12;39.94,116.06;39.54,116.04;
#10:
>0:40.33,116.08;40.05,116.31;40.09,116.45;39.94,116.44;39.5,116.7;
#11:
>0:40.38,116.77;40.17,116.37;39.81,116.49;39.6,116.27;
#12:
>0:39.58,116.69;39.94,116.92;40.07,116.82;
#13:
>0:39.37,117.02;39.39,116.83;39.58,116.66;39.63,116.56;
#14:
>0:40.25,116.54;40.24,116.27;40.02,116.11;39.63,116.13;
#15:
>0:39.86,116.43;39.87,116.63;40.16,116.79;40.3,117.14;
#16:
>0:39.32,116.79;39.62,116.8;39.81,116.4;
#17:
>0:40.29,116.53;40.28,116.64;40.16,116.59;39.76,116.78;39.42,116.47;
#18:
>0:39.69,116.81;39.88,116.74;40.18,116.58;
#19:
>0:39.32,116.02;39.33,116.14;39.76,116.66;39.98,116.5;39.74,116.76;39.69,117.05;
#20:
>0:39.21,116.2;39.5,116.43;39.67,116.7;39.16,116.95;
#21:
>0:40.43,116.62;40.1,116.72;39.88,116.76;39.68,116.64;39.42,116.96;39.26,116.82;
#22:
>0:40.11,117.16;40.04,116.89;40.39,116.59;
#23:
>0:39.63,116.07;39.33,116.27;
#24:
>0:39.39,116.14;39.64,116.75;39.81,116.48;40.1,116.35;40.42,116.46;
#25:
>0:40.39,116.49;40.0,116.53;39.93,116.45;39.69,116.56;
#26:
>0:39.81,116.53;39.86,116.76;39.35,116.43;
#27:
>0:39.78,116.74;39.44,116.85;39.48,117.03;
#28:
>0:39.82,116.48;40.14,116.4;40.07,116.23;40.24,116.35;
#29:
>0:39.43,116.13;39.2,116.46;39.18,116.72;
#30:
>0:40.21,116.59;39.91,116.94;39.85,116.71;39.54,116.81;39.12,116.87;
#31:
>0:39.86,116.86;39.96,116.64;
#32:
>0:39.87,117.09;40.15,117.16;40.33,116.99;
#33:
>0:39.89,116.54;39.71,116.68;39.42,116.89;39.23,117.33;
#34:
>0:39.16,116.67;39.39,116.96;39.54,117.19;
#35:
>0:40.08,116.53;39.55,116.34;
#36:
>0:40.05,116.22;40.03,116.36;39.9,116.49;39.37,116.86;
#37:
>0:39.33,116.17;39.6,116.52;
#38:
>0:39.12,116.92;39.44,117.21;
#39:
>0:39.77,117.19;39.65,117.09;39.98,116.75;
#40:
>0:40.2,116.84;39.82,116.97;39.92,116.63;39.62,116.78;39.12,116.41;
#41:
>0:39.28,116.82;39.31,116.6;39.5,116.47;39.69,116.14;39.77,116.39;40.54,116.03;
#42:
>0:39.98,116.92;39.94,116.57;
#43:
>0:40.03,116.39;40.17,116.56;
#44:
>0:39.18,117.13;39.44,116.91;39.19,116.74;39.39,116.5;39.74,116.18;39.74,116.09;
#45:
>0:39.88,116.34;39.85,116.52;40.03,116.47;40.05,115.95;40.14,116.33;
#46:
>0:39.35,116.7;39.53,116.48;39.28,116.2;
#47:
>0:39.96,116.08;39.56,116.26;39.96,116.48;39.92,116.45;39.95,116.9;
#48:
>0:40.12,116.95;40.39,116.75;40.34,116.44;40.22,116.24;40.54,116.12;
#49:
>0:40.34,116.68;40.12,116.56;39.94,116.37;39.63,116.66;39.38,116.55;
#50:
>0:40.21,116.38;40.09,116.74;40.04,116.85;
#51:
>0:39.53,116.63;39.56,116.89;39.58,117.02;40.17,116.74;
#52:
>0:39.35,117.11;39.7,116.89;39.64,116.61;39.69,116.54;
#53:
>0:39.37,115.93;39.47,116.23;39.67,116.52;
#54:
>0:39.96,116.58;40.13,116.45;
#55:
>0:39.25,116.05;39.4,115.96;39.76,116.34;
