#0:
>0:39.66,116.88;39.54,116.75;39.9,116.37;39.75,116.31;
#1:
>0:39.42,116.56;39.7,116.52;39.64,116.77;39.93,116.91;40.4,116.78;
#2:
>0:39.31,116.34;39.38,116.41;39.73,116.27;40.05,116.41;
#3:
>0:39.48,116.08;39.68,116.29;39.68,116.55;39.69,116.64;39.55,117.0;39.2,117.35;
#4:
>0:39.57,116.33;39.72,115.94;
#5:
>0:40.08,116.47;39.91,116.4;40.03,116.34;39.65,116.29;39.28,116.41;
#6:
>0:39.25,116.91;39.26,116.78;39.12,116.56;
#7:
>0:40.34,116.63;40.08,116.99;40.26,117.21;
#8:
>0:40.18,116.75;40.01,116.46;39.75,116.72;
#9:
>0:39.48,116.02;39.29,116.18;39.32,116.37;39.2,116.57;39.56,117.1;39.34,117.14;
#10:
>0:40.3,116.18;40.26,116.36;40.28,116.74;40.02,116.85;40.36,117.19;
#11:
>0:39.21,116.6;39.38,116.97;39.61,116.76;
#12:
>0:39.55,117.13;39.89,116.93;40.04,116.84;40.22,116.62;40.36,116.15;
#13:
>0:39.75,116.15;39.72,115.97;
#14:
>0:39.55,115.99;40.1,116.51;40.2,116.14;39.9,116.35;39.6,116.65;40.16,117.07;
#15:
>0:39.98,116.92;39.62,116.65;39.55,116.66;
#16:
>0:39.1,116.04;39.24,116.23;39.14,116.4;
#17:
>0:40.02,116.88;39.92,116.8;39.71,116.88;
#18:
>0:40.21,116.91;40.17,116.69;39.56,116.4;
#19:
>0:40.11,116.51;39.88,116.62;39.74,116.68;39.45,117.0;39.36,117.16;
#20:
>0:39.57,116.38;39.71,116.66;39.98,116.9;40.35,117.21;
#21:
>0:39.65,117.11;39.53,116.95;
#22:
>0:39.86,117.2;40.1,116.86;39.97,116.76;40.19,116.36;40.36,116.34;
#23:
>0:39.64,116.83;39.95,116.74;
#24:
>0:39.39,116.09;39.62,116.15;39.69,116.54;39.68,116.61;39.96,116.81;40.39,117.17;
#25:
>0:39.66,116.96;39.7,117.01;
#26:
>0:39.41,116.44;39.14,116.46;39.11,115.99;
#27:
>0:40.15,116.94;39.81,116.58;39.61,116.48;39.42,116.16;39.33,116.12;
#28:
>0:39.28,116.44;39.43,116.6;39.64,116.69;39.9,117.09;
#29:
>0:40.36,116.29;40.18,116.32;40.02,116.54;39.57,116.6;39.85,117.04;
#30:
>0:40.3,116.71;40.34,116.55;40.42,116.3;40.23,116.13;
#31:
>0:39.35,117.06;39.62,116.86;39.95,117.05;40.09,116.63;
#32:
>0:40.36,116.37;40.34,116.28;40.05,116.3;39.98,116.55;39.44,117.11;
#33:
>0:39.57,115.98;39.87,115.94;39.67,116.21;39.72,116.42;39.8,116.83;
#34:
>0:39.93,116.48;39.98,116.49;39.7,116.53;39.51,116.47;39.72,116.19;39.59,116.12;40.08,116.39;
#35:
>0:39.54,116.48;39.76,116.68;39.76,116.79;40.26,117.18;
#36:
>0:40.23,116.81;40.35,116.7;
#37:
>0:40.18,116.5;40.16,116.03;40.36,116.14;
#38:
>0:39.58,116.82;39.7,117.14;39.11,116.89;
#39:
>0:40.23,116.68;40.2,116.8;40.42,117.01;
#40:
>0:39.61,117.05;39.78,116.95;40.18,116.62;40.18,116.39;40.27,116.18;
#41:
>0:39.24,116.16;39.51,116.5;39.66,116.29;39.54,116.11;40.11,116.28;
#42:
>0:39.46,116.12;39.62,116.23;39.69,116.46;39.58,116.65;40.14,116.79;
#43:
>0:39.74,115.98;39.81,115.98;39.66,116.28;39.56,116.45;39.71,116.76;39.65,117.13;
#44:
>0:39.49,116.46;39.75,116.19;39.63,116.11;39.94,116.0;40.24,116.1;
#45:
>0:40.25,117.04;40.16,117.0;39.96,117.21;39.62,117.05;39.46,117.2;
#46:
>0:39.65,116.74;39.84,116.74;40.0,116.36;40.29,116.31;
#47:
>0:40.43,116.32;40.1,116.15;39.87,116.51;40.09,116.33;39.4,116.17;
#48:
>0:39.31,117.15;39.34,117.09;39.62,116.57;39.7,116.35;39.76,116.34;39.89,115.96;
#49:
>0:39.3,117.28;39.54,117.02;39.53,116.81;39.58,116.48;39.54,116.21;40.02,116.11;
#50:
>0:39.85,116.97;40.15,116.59;
#51:
>0:39.48,115.94;39.25,116.16;39.38,116.37;39.1,116.62;39.52,117.11;39.36,117.1;
#52:
>0:39.66,116.81;39.83,116.65;
#53:
>0:39.14,115.93;39.5,115.92;39.12,116.31;39.33,116.36;39.4,116.89;
#54:
>0:40.23,117.04;40.11,116.86;39.99,116.66;40.09,116.52;39.69,116.68;39.27,116.96;
#55:
>0:39.9,116.05;39.93,116.4;40.43,115.98;
