#0:
>0:40.31,115.98;40.25,115.94;
#1:
>0:39.78,116.58;39.82,116.51;40.14,116.19;40.06,116.05;
#2:
>0:39.57,116.99;39.87,116.65;39.88,116.86;40.33,116.95;
#3:
>0:40.17,116.15;40.39,116.23;
#4:
>0:39.89,116.36;39.95,116.29;
#5:
>0:40.05,116.37;39.58,116.37;39.93,116.49;39.9,116.69;39.66,116.43;39.64,116.15;39.49,116.37;39.37,116.65;39.66,116.67;39.28,117.19;
#6:
>0:39.66,116.4;40.08,116.25;40.13,115.92;
#7:
>0:40.32,116.61;40.26,116.92;40.36,117.04;
#8:
>0:39.64,116.2;39.97,116.31;39.9,116.51;39.84,116.96;
#9:
>0:39.33,117.2;39.63,116.88;39.82,116.74;39.73,116.4;39.9,116.32;40.4,116.0;
#10:
>0:39.47,116.24;39.18,116.43;39.17,116.77;39.13,116.86;
#11:
>0:40.07,116.07;39.88,116.45;39.56,116.25;
#12:
>0:40.21,116.65;40.22,116.92;
#13:
>0:39.92,116.44;39.92,116.45;
#14:
>0:39.36,116.38;39.54,116.33;39.96,116.46;40.0,116.17;
#15:
>0:40.37,116.68;40.32,116.46;40.04,116.46;39.65,115.97;
#16:
>0:39.53,116.2;39.43,116.13;
#17:
>0:40.09,116.53;39.87,116.37;39.99,115.95;
#18:
>0:40.13,116.59;39.94,116.56;39.99,116.35;39.73,115.95;39.31,116.05;
#19:
>0:39.55,116.59;39.59,116.51;40.1,116.35;
#20:
>0:40.18,116.29;40.4,116.54;39.83,116.64;
#21:
>0:40.07,116.39;40.11,116.68;39.87,116.4;39.6,116.65;39.31,116.97;
#22:
>0:40.2,117.17;39.97,117.21;39.59,117.13;39.48,116.96;39.13,116.56;
#23:
>0:39.89,116.4;39.95,116.32;
#24:
>0:39.31,116.53;39.52,116.44;39.39,116.72;39.83,116.8;
#25:
>0:39.65,117.06;39.34,116.96;39.56,116.88;39.84,116.64;39.96,116.35;
#26:
>0:39.35,116.52;39.42,116.72;39.62,116.72;40.17,116.59;
#27:
>0:40.12,116.78;39.88,116.49;39.89,116.37;40.29,116.02;
#28:
>0:39.54,117.19;39.33,116.98;39.24,116.91;39.21,116.52;
#29:
>0:40.37,116.91;40.2,117.01;
#30:
>0:40.4,116.91;40.08,116.71;
#31:
>0:40.09,116.81;40.13,116.83;
#32:
>0:39.96,115.97;40.15,116.2;40.37,116.43;40.33,116.57;
#33:
>0:40.13,116.9;39.93,116.68;39.55,116.44;39.4,116.28;39.24,116.32;
#34:
>0:40.21,117.0;40.03,116.61;
#35:
>0:40.2,116.3;40.26,115.96;
#36:
>0:39.52,117.05;39.37,116.8;39.67,116.9;39.76,116.46;
#37:
>0:39.91,117.16;39.99,116.81;40.19,116.59;
#38:
>0:39.13,116.41;39.41,116.47;39.36,116.71;39.81,116.91;
#39:
>0:39.24,116.58;39.29,116.94;39.09,117.13;
#40:
>0:39.86,116.02;39.7,116.35;39.54,116.08;39.3,116.24;
#41:
>0:39.16,116.65;39.3,116.69;
#42:
>0:39.47,116.66;39.39,117.0;
#43:
>0:40.04,117.14;39.83,116.81;39.84,117.11;39.68,117.11;39.1,116.89;
#44:
>0:40.0,116.88;39.79,116.93;
#45:
>0:40.28,117.19;40.2,116.87;39.98,116.6;
#46:
>0:40.34,116.3;40.2,116.1;40.0,116.4;39.72,116.22;39.44,116.42;39.2,116.46;
#47:
>0:40.36,116.87;40.11,116.77;39.98,116.49;39.97,116.44;40.22,116.13;
#48:
>0:40.31,116.82;40.03,116.7;39.83,116.99;
#49:
>0:39.65,116.97;39.81,116.66;39.67,116.39;39.36,116.19;39.25,116.12;
#50:
>0:40.03,116.42;39.88,116.3;
#51:
>0:39.94,117.12;40.12,116.84;40.12,116.62;
#52:
>0:39.56,116.5;39.96,116.36;40.11,116.13;
#53:
>0:40.05,116.09;40.04,116.21;39.66,116.29;
#54:
>0:39.17,116.28;39.09,116.49;39.13,116.72;
#55:
>0:39.51,117.21;39.13,116.8;39.23,116.72;39.14,116.54;39.22,116.18;
