#0:
>0:39.45,116.82;39.61,116.84;39.84,116.63;39.93,116.19;
#1:
>0:40.34,117.17;40.0,117.08;39.88,117.17;39.55,117.13;39.35,117.07;39.15,117.08;
#2:
>0:39.93,116.15;39.93,116.39;39.85,116.17;39.62,116.15;39.76,116.08;39.42,116.24;39.36,116.36;39.28,116.67;39.28,117.2;
#3:
>0:40.08,116.37;40.19,116.67;39.93,116.92;
#4:
>0:39.92,116.34;39.74,116.23;39.76,116.21;
#5:
>0:39.89,116.27;39.89,116.14;
#6:
>0:39.7,116.7;39.64,116.84;
#7:
>0:39.91,116.15;39.92,116.27;
#8:
>0:39.86,116.22;39.96,116.53;39.98,116.28;39.93,116.36;39.54,116.76;39.47,116.8;39.38,116.57;39.57,116.77;39.16,117.07;
#9:
>0:39.36,116.85;39.74,116.99;39.95,116.68;39.77,116.47;39.93,116.02;
#10:
>0:39.86,116.15;39.89,116.02;39.88,116.25;
#11:
>0:40.14,116.72;40.24,116.81;40.33,117.15;
#12:
>0:39.83,116.17;39.94,116.2;
#13:
>0:39.65,116.22;39.9,116.03;40.01,116.13;
#14:
>0:39.82,116.53;39.94,116.27;39.87,115.95;
#15:
>0:40.17,116.4;39.82,116.42;39.6,116.59;39.4,116.97;39.28,116.5;
#16:
>0:39.98,116.05;40.07,116.15;40.0,116.52;40.19,116.7;40.18,116.97;40.17,117.16;
#17:
>0:39.22,116.63;39.51,116.59;39.1,117.13;
#18:
>0:39.25,117.21;39.33,116.96;39.12,116.76;39.28,116.53;39.32,116.56;39.63,116.08;
#19:
>0:39.83,116.18;39.91,116.53;39.87,116.28;39.92,116.15;
#20:
>0:39.5,115.95;39.38,116.28;39.33,116.37;39.72,116.7;
#21:
>0:40.34,116.33;40.14,116.22;40.1,116.51;40.36,116.26;40.4,115.92;39.9,116.34;
#22:
>0:40.37,116.05;40.12,116.32;39.92,116.19;39.76,116.35;39.61,116.61;39.1,116.75;
#23:
>0:39.8,116.35;39.8,116.29;
#24:
>0:39.15,116.94;39.47,116.78;39.31,116.52;39.53,116.51;39.62,116.08;
#25:
>0:39.77,116.34;39.95,116.28;
#26:
>0:39.63,116.66;39.92,116.81;40.18,116.9;
#27:
>0:39.81,116.32;39.84,116.35;
#28:
>0:39.82,116.21;39.84,116.15;
#29:
>0:39.35,117.19;39.49,116.93;39.33,116.7;39.11,116.41;39.19,116.21;
#30:
>0:39.23,117.13;39.48,116.83;39.64,116.98;39.98,116.66;39.89,116.56;39.76,116.74;39.82,116.46;39.95,116.68;39.95,116.27;
#31:
>0:39.57,116.12;39.8,116.23;40.08,116.51;40.14,116.67;40.18,116.95;40.18,117.19;
#32:
>0:40.18,116.94;40.01,116.86;
#33:
>0:39.73,116.46;39.86,116.33;40.21,116.27;40.43,116.09;
#34:
>0:40.13,116.23;39.88,116.29;39.69,116.52;
#35:
>0:39.34,116.24;39.21,116.01;
#36:
>0:39.99,116.12;39.78,116.16;39.71,116.46;
#37:
>0:39.47,116.91;39.63,117.12;39.89,117.06;40.15,117.18;40.33,117.1;
#38:
>0:40.11,115.95;40.1,116.21;40.28,116.18;40.03,116.55;40.28,116.7;40.26,117.01;
#39:
>0:39.72,116.31;39.43,116.46;39.26,116.58;39.16,116.8;
#40:
>0:39.81,116.18;39.84,115.97;39.89,116.34;
#41:
>0:40.42,116.3;40.01,116.41;39.93,116.74;39.7,116.81;39.39,116.95;39.15,116.9;
#42:
>0:39.12,116.22;39.42,116.41;39.37,116.66;39.66,116.72;39.19,117.15;
#43:
>0:40.1,115.94;40.15,116.21;39.98,116.33;39.98,116.49;39.38,116.94;
#44:
>0:39.66,116.94;39.45,116.72;39.12,116.66;
#45:
>0:40.38,116.77;40.24,116.81;
#46:
>0:40.07,116.92;40.25,116.61;
#47:
>0:40.37,116.5;40.06,116.74;39.8,116.95;39.7,117.17;39.52,117.11;39.29,117.17;
#48:
>0:39.55,116.23;39.34,116.44;39.11,116.57;39.31,116.88;
#49:
>0:39.62,116.58;39.86,116.84;40.0,116.92;
#50:
>0:39.7,115.92;39.43,116.04;
#51:
>0:39.57,116.8;39.34,116.75;39.13,116.67;
#52:
>0:39.42,117.2;39.52,116.94;39.64,116.91;39.79,116.65;39.72,116.32;
#53:
>0:39.17,116.29;39.42,116.55;39.6,116.16;39.82,116.22;
#54:
>0:39.24,117.17;39.12,117.18;
#55:
>0:39.3,117.03;39.19,117.13;
