#0:
>0:39.31,116.07;39.11,116.3;39.61,116.54;
#1:
>0:39.81,116.28;40.11,116.15;39.78,116.3;39.8,116.25;
#2:
>0:40.17,117.14;39.91,117.08;39.78,116.89;39.44,116.81;
#3:
>0:40.36,117.1;40.19,117.2;39.88,117.19;
#4:
>0:39.92,116.17;39.96,116.35;
#5:
>0:40.01,116.08;39.78,116.27;39.96,116.49;39.35,116.39;
#6:
>0:39.36,117.18;39.64,116.87;39.79,116.89;40.19,116.89;
#7:
>0:39.2,116.24;39.46,116.08;39.61,115.95;39.95,116.5;
#8:
>0:39.18,116.07;39.21,116.22;39.52,116.26;39.81,116.54;
#9:
>0:39.95,116.86;39.69,117.05;39.47,116.76;
#10:
>0:39.38,116.35;39.65,116.23;39.61,116.1;
#11:
>0:39.63,116.02;39.77,115.99;
#12:
>0:40.33,115.92;40.06,116.25;40.14,116.07;39.76,115.99;
#13:
>0:39.99,116.64;39.93,116.7;39.73,116.7;39.33,116.7;
#14:
>0:39.14,116.59;39.46,116.64;39.57,116.64;39.69,116.49;39.82,116.5;40.33,116.74;
#15:
>0:39.54,116.66;39.54,116.39;
#16:
>0:39.43,116.21;39.3,116.54;39.29,116.63;39.41,116.58;39.25,117.04;
#17:
>0:39.81,116.62;39.87,116.51;39.92,116.28;39.53,116.01;
#18:
>0:39.43,115.95;39.73,116.28;39.82,116.37;40.05,116.23;
#19:
>0:39.93,117.09;39.79,116.91;40.14,116.6;39.77,116.65;39.95,116.53;39.95,115.94;
#20:
>0:40.03,117.21;39.97,116.97;39.65,116.73;
#21:
>0:39.99,116.96;40.13,116.76;40.11,116.37;40.06,116.18;
#22:
>0:40.22,116.05;40.15,116.3;39.89,116.33;39.64,115.97;39.5,116.03;39.26,116.08;
#23:
>0:39.34,116.06;39.68,116.08;39.79,116.19;40.18,116.59;
#24:
>0:40.19,116.86;40.32,116.96;40.31,116.47;
#25:
>0:39.55,116.4;39.9,116.42;
#26:
>0:39.71,116.96;39.88,116.84;39.89,116.62;40.29,116.94;
#27:
>0:39.87,116.31;39.97,116.28;
#28:
>0:40.3,116.58;40.07,116.43;40.08,116.16;
#29:
>0:40.4,117.19;40.23,116.84;40.37,116.64;
#30:
>0:39.12,117.14;39.24,117.14;
#31:
>0:39.77,116.0;39.61,115.99;39.45,116.12;39.27,116.06;
#32:
>0:39.84,116.22;39.95,116.33;
#33:
>0:39.89,116.35;39.96,116.22;
#34:
>0:40.21,117.04;40.42,116.93;40.27,116.66;
#35:
>0:40.06,116.37;39.77,116.41;
#36:
>0:39.58,115.98;39.8,116.18;39.79,116.46;
#37:
>0:39.97,116.28;40.0,116.24;40.21,116.32;40.16,116.54;39.81,116.69;39.77,116.42;40.11,116.15;
#38:
>0:39.92,116.26;39.97,116.16;
#39:
>0:40.13,116.12;39.84,116.04;
#40:
>0:39.9,116.19;39.79,116.41;40.19,116.59;39.77,116.65;40.1,117.11;
#41:
>0:39.29,116.58;39.42,116.59;39.35,116.52;39.56,116.3;40.16,116.47;
#42:
>0:39.85,116.24;39.54,116.38;39.76,116.17;
#43:
>0:39.63,116.98;39.89,116.91;39.84,116.68;40.33,116.86;
#44:
>0:39.64,116.64;39.96,116.91;40.0,116.73;40.38,116.18;
#45:
>0:39.6,116.26;39.7,116.42;39.8,116.49;39.58,116.67;39.6,117.14;
#46:
>0:40.33,116.74;40.14,116.47;40.16,116.14;
#47:
>0:39.55,116.25;39.63,116.42;39.89,116.54;39.72,116.71;39.72,117.2;
#48:
>0:39.12,116.69;39.1,116.81;
#49:
>0:39.95,116.29;39.84,116.24;
#50:
>0:39.79,116.3;39.8,116.29;
#51:
>0:39.74,116.15;39.78,116.4;39.56,116.78;39.57,116.87;39.53,117.06;
#52:
>0:40.16,117.01;39.86,117.14;39.98,116.88;39.45,116.87;
#53:
>0:39.97,116.19;39.8,116.33;
#54:
>0:39.54,116.53;39.5,116.76;39.42,116.99;
#55:
>0:39.8,116.3;39.86,116.19;
