#0:
>0:39.66,116.65;39.39,116.93;39.6,117.03;
#1:
>0:39.76,116.79;39.84,116.6;40.15,116.38;
#2:
>0:40.01,116.71;39.86,116.56;39.84,116.23;39.75,116.5;39.1,116.7;
#3:
>0:39.84,116.45;40.12,116.66;
#4:
>0:39.37,116.38;39.48,116.49;
#5:
>0:39.17,117.19;39.53,116.98;39.74,116.58;39.98,116.42;39.93,116.25;39.83,116.02;
#6:
>0:39.53,116.3;39.31,116.36;39.16,116.66;
#7:
>0:39.34,116.27;39.54,116.16;39.8,116.18;40.18,116.14;
#8:
>0:39.39,115.98;39.59,116.25;39.91,116.47;39.98,116.72;39.85,116.95;39.86,117.08;
#9:
>0:40.13,117.21;39.94,116.86;39.75,116.74;39.53,116.46;
#10:
>0:39.34,116.64;39.17,116.95;39.61,117.0;
#11:
>0:40.4,116.57;40.2,116.37;39.77,116.16;39.83,116.13;
#12:
>0:39.17,117.06;39.33,116.83;39.62,116.58;39.83,116.56;
#13:
>0:40.06,116.06;39.97,116.31;39.65,116.49;39.43,116.44;39.66,116.58;39.2,117.16;
#14:
>0:39.38,116.81;39.57,116.58;39.96,116.9;40.04,116.92;40.25,117.1;
#15:
>0:39.59,116.66;39.44,116.39;39.3,117.0;
#16:
>0:40.24,116.29;40.39,116.08;40.13,116.01;39.64,116.24;
#17:
>0:39.69,116.65;39.51,116.88;39.75,117.03;
#18:
>0:40.21,116.02;39.88,116.31;39.56,116.45;39.45,116.37;39.49,116.57;39.14,117.2;
#19:
>0:39.89,116.24;39.78,116.45;39.98,116.21;39.89,116.22;
#20:
>0:39.9,115.97;40.09,116.04;39.82,116.27;40.36,116.6;
#21:
>0:39.81,116.07;40.11,115.97;39.89,116.48;
#22:
>0:40.34,116.42;40.09,116.62;39.76,116.42;39.96,116.14;39.6,116.26;39.14,116.46;
#23:
>0:40.15,116.98;39.97,116.63;39.87,116.37;
#24:
>0:39.21,117.07;39.38,116.9;39.56,116.72;39.92,116.83;40.03,116.9;40.4,117.07;
#25:
>0:39.57,116.85;39.87,116.7;40.18,116.78;39.81,116.28;
#26:
>0:39.4,116.27;39.28,116.49;39.25,116.78;
#27:
>0:39.79,116.32;40.1,116.28;40.38,116.21;40.35,116.03;39.93,116.19;
#28:
>0:40.3,116.69;40.41,116.87;
#29:
>0:39.12,116.31;39.49,116.13;39.59,116.1;39.97,116.06;
#30:
>0:39.42,116.87;39.3,116.74;
#31:
>0:39.94,116.5;39.9,116.19;40.39,116.58;
#32:
>0:39.73,116.74;39.75,116.56;39.31,116.47;
#33:
>0:40.41,115.92;40.05,116.04;39.81,116.29;39.59,116.44;39.55,116.17;39.11,116.25;
#34:
>0:40.43,116.01;40.09,116.3;39.91,116.38;39.72,116.69;39.39,116.95;39.49,117.03;
#35:
>0:39.49,116.72;39.55,116.67;39.56,117.18;
#36:
>0:40.22,116.3;40.01,116.39;
#37:
>0:39.53,116.62;39.12,116.96;39.73,117.06;
#38:
>0:40.29,115.97;40.14,116.0;39.76,116.23;39.64,116.4;39.59,116.14;39.14,116.33;
#39:
>0:39.47,116.4;39.44,116.59;39.66,116.71;40.2,116.84;
#40:
>0:40.27,116.21;40.16,116.21;39.78,116.2;39.55,116.51;39.88,116.25;
#41:
>0:40.06,116.44;40.01,116.66;40.02,116.86;
#42:
>0:39.53,117.2;39.3,117.18;39.39,116.85;39.71,116.4;
#43:
>0:39.95,116.23;39.96,116.25;
#44:
>0:40.03,117.11;39.96,116.94;39.74,116.59;39.58,116.51;39.42,116.14;
#45:
>0:40.41,116.76;40.43,116.88;
#46:
>0:39.11,116.47;39.41,116.21;39.56,116.21;39.55,116.45;40.08,116.54;
#47:
>0:39.2,116.31;39.21,116.53;
#48:
>0:39.97,116.32;39.79,116.29;
#49:
>0:39.55,116.11;39.87,116.32;40.07,116.56;40.13,116.76;40.12,116.9;40.04,117.18;
#50:
>0:39.33,116.73;39.29,116.99;39.65,117.09;
#51:
>0:39.89,116.12;39.99,116.08;39.91,116.31;40.29,116.62;
#52:
>0:39.67,116.46;39.51,116.53;39.27,116.99;
#53:
>0:40.12,116.6;39.9,116.46;40.29,116.16;
#54:
>0:39.66,116.69;39.35,116.96;39.74,117.02;
#55:
>0:39.2,116.13;39.33,116.53;39.59,116.38;
