#0:
>0:39.75,116.6;40.05,116.78;40.24,116.61;40.24,116.42;40.53,116.28;
#1:
>0:40.49,116.29;40.55,116.13;
#2:
>0:39.89,116.44;40.18,116.29;40.15,116.14;
#3:
>0:40.12,116.39;40.1,116.39;39.91,116.49;39.74,116.71;
#4:
>0:39.67,116.71;39.7,116.49;40.07,116.36;40.2,116.21;40.34,115.98;40.46,116.1;
#5:
>0:39.73,116.75;39.71,116.6;39.89,116.45;40.1,116.6;40.39,116.39;40.57,116.36;
#6:
>0:39.89,116.35;39.88,116.43;39.99,116.54;40.24,116.59;
#7:
>0:40.29,116.69;40.2,116.59;40.08,116.39;
#8:
>0:39.77,116.56;39.66,116.42;
#9:
>0:40.29,115.98;40.54,116.14;
#10:
>0:39.87,116.15;39.92,116.06;40.18,116.02;40.39,115.99;40.54,116.04;
#11:
>0:39.61,116.18;39.93,116.25;39.9,116.29;39.87,116.54;
#12:
>0:40.58,116.48;40.57,116.31;40.46,116.24;40.09,116.01;
#13:
>0:40.14,116.44;40.23,116.34;40.15,116.34;
#14:
>0:40.08,116.39;40.02,116.45;
#15:
>0:40.49,116.46;40.26,116.39;40.19,116.34;40.14,116.11;39.86,116.5;
#16:
>0:40.49,116.37;40.29,116.42;40.16,116.63;40.12,116.77;
#17:
>0:40.72,116.81;40.41,116.74;40.06,116.56;40.38,116.4;39.88,116.18;
#18:
>0:40.05,116.44;39.88,116.46;39.84,116.34;
#19:
>0:39.77,116.39;39.89,116.47;
#20:
>0:39.66,116.17;39.67,116.16;
#21:
>0:39.51,116.2;39.59,116.18;
#22:
>0:39.99,116.42;39.77,116.42;39.66,116.41;
#23:
>0:39.95,116.24;39.88,116.08;39.66,116.26;
#24:
>0:40.54,116.32;40.57,116.32;
#25:
>0:40.48,116.23;40.54,116.29;40.59,116.38;
#26:
>0:39.76,116.78;39.96,116.53;40.07,116.41;40.34,116.25;40.25,116.2;
#27:
>0:39.56,116.21;39.93,116.44;40.04,116.35;
#28:
>0:40.09,116.07;39.93,116.02;39.99,116.25;39.62,116.09;
#29:
>0:39.87,116.79;39.86,116.56;39.75,116.5;
#30:
>0:39.61,116.27;39.55,116.23;
#31:
>0:40.6,116.29;40.38,116.44;40.22,116.52;40.01,116.53;
#32:
>0:40.02,116.08;39.99,116.27;39.66,116.23;
#33:
>0:40.42,116.0;40.57,116.14;40.09,116.15;
#34:
>0:40.51,116.25;40.36,116.4;40.28,116.63;
#35:
>0:40.22,116.3;40.02,116.44;
#36:
>0:40.67,116.76;40.4,116.78;40.15,116.69;39.93,116.77;
#37:
>0:40.66,116.69;40.36,116.55;40.15,116.6;
#38:
>0:39.86,116.53;39.76,116.76;
#39:
>0:39.78,116.78;39.96,116.74;40.19,116.63;40.38,116.51;40.52,116.32;40.39,116.09;
#40:
>0:40.06,116.38;40.04,116.4;
#41:
>0:40.02,116.13;39.87,116.42;39.61,116.44;39.82,116.73;
#42:
>0:39.82,116.75;39.7,116.51;39.99,116.46;40.17,116.22;40.28,115.99;
#43:
>0:40.43,116.42;40.57,116.29;40.57,116.12;40.09,115.98;
#44:
>0:40.01,116.66;40.1,116.59;40.18,116.51;40.57,116.48;
#45:
>0:40.57,116.48;40.58,116.32;40.32,116.47;40.19,116.54;39.79,116.53;
#46:
>0:40.26,116.17;40.3,116.28;
#47:
>0:40.14,116.12;40.07,116.41;39.95,116.43;
#48:
>0:40.14,116.36;40.04,116.44;
#49:
>0:39.53,116.32;39.67,116.23;
#50:
>0:40.34,116.75;40.6,116.8;
#51:
>0:39.58,116.31;39.97,116.2;39.88,116.11;40.22,116.11;40.28,116.2;40.49,116.19;
#52:
>0:39.64,116.45;39.59,116.43;
#53:
>0:40.0,116.48;39.96,116.42;39.65,116.2;
#54:
>0:40.07,116.12;40.07,116.36;40.0,116.17;39.57,116.0;
#55:
>0:40.31,116.54;40.68,116.73;
#56:
>0:40.23,116.27;39.93,116.42;39.98,116.53;40.03,116.74;
#57:
>0:39.96,116.08;39.85,116.26;39.63,116.19;
#58:
>0:40.15,116.28;40.13,116.32;
#59:
>0:39.94,116.49;39.97,116.43;
#60:
>0:40.1,116.35;39.87,116.38;40.21,116.54;
#61:
>0:40.06,116.36;39.91,116.4;40.04,116.37;
#62:
>0:39.96,116.21;40.01,116.02;39.56,116.37;
#63:
>0:39.92,116.74;40.14,116.52;40.25,116.58;40.45,116.64;
#64:
>0:40.51,116.14;40.36,116.37;40.18,116.41;40.02,116.43;39.95,116.76;
#65:
>0:40.4,116.65;40.13,116.43;39.88,116.59;39.72,116.48;39.54,116.13;
#66:
>0:39.69,116.67;39.75,116.48;
#67:
>0:39.68,116.65;39.51,116.76;39.72,116.64;40.02,116.77;40.23,116.54;40.55,116.42;
#68:
>0:40.07,116.44;40.31,116.58;40.46,116.58;
#69:
>0:40.38,116.51;40.58,116.38;40.49,116.22;40.1,116.05;
#70:
>0:40.21,116.37;39.89,116.18;
#71:
>0:40.62,116.69;40.39,116.71;40.07,116.63;40.03,116.52;
#72:
>0:39.55,116.18;39.91,116.29;40.02,116.23;40.14,116.14;
#73:
>0:40.26,116.14;40.39,116.34;40.32,116.44;40.32,116.64;
#74:
>0:39.74,116.63;39.75,116.51;39.66,116.25;39.84,116.29;
#75:
>0:39.74,116.73;39.8,116.55;39.93,116.69;40.1,116.59;40.38,116.49;40.55,116.13;
#76:
>0:40.56,116.78;40.39,116.7;
#77:
>0:40.37,116.14;40.28,116.36;39.98,116.47;
#78:
>0:39.66,116.85;39.62,116.83;
#79:
>0:39.97,116.43;40.14,116.35;
#80:
>0:39.98,116.7;40.2,116.56;40.31,116.49;40.06,116.31;39.92,116.18;39.65,116.03;
#81:
>0:39.81,116.71;39.79,116.46;39.97,116.47;40.08,116.48;
#82:
>0:40.45,116.27;40.42,116.13;40.4,116.04;40.1,116.0;39.75,116.03;
#83:
>0:40.1,116.43;40.06,116.37;
#84:
>0:39.87,116.77;39.9,116.75;40.1,116.54;40.36,116.42;40.52,116.36;40.39,116.0;
#85:
>0:40.07,116.45;40.05,116.3;
#86:
>0:39.98,116.14;39.88,116.38;39.87,116.46;
#87:
>0:40.14,116.33;40.33,116.46;40.29,116.61;40.3,116.75;
#88:
>0:39.84,116.77;39.98,116.59;40.17,116.74;40.34,116.53;40.48,116.42;
#89:
>0:40.58,116.74;40.41,116.7;40.24,116.61;40.18,116.47;40.04,116.17;
#90:
>0:40.5,116.34;40.5,116.17;40.19,115.98;
#91:
>0:39.54,116.24;39.65,116.09;
#92:
>0:40.54,116.04;40.47,116.21;40.24,116.09;40.16,116.05;39.95,116.13;39.57,116.07;
#93:
>0:40.48,116.36;40.41,116.46;40.1,116.52;39.97,116.6;
#94:
>0:40.58,116.26;40.27,116.51;40.15,116.38;
#95:
>0:39.59,116.13;39.82,116.25;39.91,116.21;40.18,116.14;
#96:
>0:40.52,116.38;40.38,116.41;40.32,116.53;
#97:
>0:40.09,116.65;40.39,116.61;40.36,116.39;40.59,116.25;40.59,116.24;40.18,116.05;
#98:
>0:40.27,116.38;40.09,116.12;39.91,116.41;
#99:
>0:40.49,116.36;40.29,116.39;40.29,116.6;
#100:
>0:40.38,116.39;40.51,116.35;
#101:
>0:39.6,116.39;39.87,116.48;39.98,116.53;40.09,116.73;40.32,116.72;
#102:
>0:40.31,116.0;40.12,116.14;40.0,116.14;39.82,116.21;
#103:
>0:40.19,116.15;40.13,116.38;40.04,116.17;39.65,116.02;
#104:
>0:40.41,116.32;40.2,116.32;40.03,116.12;39.91,116.09;39.57,116.33;
#105:
>0:40.14,116.03;40.05,116.12;39.9,116.34;39.58,116.46;
#106:
>0:39.96,116.41;39.96,116.36;39.87,116.31;
#107:
>0:39.88,116.32;39.88,116.06;40.17,116.05;
