#0:
>0:40.21,116.77;40.4,116.62;40.23,116.48;
#1:
>0:40.04,116.25;40.05,116.38;
#2:
>0:40.01,116.45;40.01,116.32;
#3:
>0:40.02,116.36;39.98,116.34;
#4:
>0:39.53,116.3;39.53,116.48;
#5:
>0:39.71,116.02;39.99,116.2;39.97,116.32;39.88,116.39;
#6:
>0:40.18,116.23;40.26,116.33;40.13,116.49;40.22,116.57;40.5,116.73;
#7:
>0:39.98,116.38;40.04,116.32;
#8:
>0:40.51,116.16;40.58,116.26;40.25,116.34;40.55,116.53;
#9:
>0:40.3,116.2;40.35,116.34;40.08,116.41;40.1,116.55;40.08,116.72;
#10:
>0:40.07,116.38;40.01,116.43;
#11:
>0:40.35,116.06;40.08,116.09;40.01,116.13;39.7,116.33;39.6,116.01;
#12:
>0:39.97,116.33;40.01,116.33;
#13:
>0:39.53,116.46;39.78,116.33;39.82,116.2;
#14:
>0:40.04,116.36;39.99,116.42;
#15:
>0:40.09,116.45;39.99,116.36;
#16:
>0:40.07,116.52;39.92,116.53;40.11,116.42;40.2,116.22;
#17:
>0:40.6,116.66;40.27,116.66;40.17,116.56;40.14,116.45;40.14,116.38;40.56,116.01;
#18:
>0:39.98,116.64;39.86,116.74;
#19:
>0:40.6,116.49;40.43,116.53;40.37,116.75;40.13,116.55;39.91,116.58;39.65,116.65;
#20:
>0:40.45,116.03;40.31,116.21;40.4,116.26;39.99,116.33;
#21:
>0:40.14,116.24;40.0,116.18;39.97,116.39;40.05,116.39;
#22:
>0:39.82,116.38;39.69,116.48;40.12,116.4;
#23:
>0:39.82,116.5;40.01,116.32;40.22,116.33;40.24,116.31;
#24:
>0:40.36,116.43;40.34,116.53;
#25:
>0:40.23,116.28;40.33,116.49;40.35,116.64;40.24,116.68;
#26:
>0:40.54,116.25;40.37,116.31;40.59,116.6;
#27:
>0:39.71,116.45;40.0,116.32;
#28:
>0:40.55,116.59;40.29,116.5;40.18,116.5;40.29,116.36;40.02,116.06;
#29:
>0:40.54,116.67;40.41,116.54;
#30:
>0:40.05,116.36;40.02,116.44;
#31:
>0:40.11,116.49;40.23,116.56;40.32,116.65;
#32:
>0:39.99,116.33;39.99,116.26;
#33:
>0:40.18,116.33;39.9,116.2;39.8,116.2;
#34:
>0:40.17,116.08;39.95,116.11;39.98,116.35;39.91,116.46;39.7,116.52;
#35:
>0:39.93,116.34;39.97,116.37;
#36:
>0:40.1,116.33;40.09,116.37;
#37:
>0:40.36,116.55;40.22,116.63;40.15,116.29;
#38:
>0:39.65,116.29;39.58,116.41;
#39:
>0:39.57,116.48;39.7,116.58;39.86,116.5;40.0,116.43;40.16,116.17;40.5,116.34;
#40:
>0:40.1,116.36;39.97,116.39;
#41:
>0:40.56,116.68;40.57,116.63;40.3,116.73;40.06,116.78;39.95,116.79;39.55,116.75;
#42:
>0:40.08,116.42;40.04,116.39;
#43:
>0:40.23,116.4;40.07,116.55;40.36,116.74;
#44:
>0:39.98,116.34;40.1,116.27;
#45:
>0:39.72,116.78;39.79,116.64;39.82,116.44;39.79,116.33;
#46:
>0:39.57,116.48;39.81,116.65;39.96,116.57;40.18,116.43;40.37,116.45;
#47:
>0:40.59,116.42;40.24,116.25;40.18,116.14;40.18,116.04;40.03,116.13;39.69,116.13;
#48:
>0:39.7,116.08;40.05,116.03;40.23,116.23;40.32,115.98;
#49:
>0:39.59,116.0;39.76,116.13;39.77,116.34;40.15,116.46;
#50:
>0:40.21,116.57;40.0,116.63;39.71,116.4;40.13,116.23;
#51:
>0:39.97,116.74;39.9,116.6;39.85,116.41;39.98,116.26;39.83,116.15;
#52:
>0:39.96,116.41;40.13,116.4;
#53:
>0:40.13,116.43;40.08,116.4;
#54:
>0:39.62,116.39;39.85,116.52;39.86,116.45;39.99,116.42;40.27,116.46;
#55:
>0:40.0,116.35;40.14,116.38;
#56:
>0:40.22,116.12;40.11,116.05;40.53,115.99;
#57:
>0:40.07,116.36;40.08,116.42;
#58:
>0:39.54,116.05;39.74,116.11;39.97,116.42;39.81,116.52;
#59:
>0:39.85,116.02;39.99,116.09;40.08,116.22;40.36,116.05;
#60:
>0:39.76,116.23;40.1,116.27;40.09,116.44;40.27,116.52;40.58,116.39;
#61:
>0:39.93,116.23;39.7,116.29;39.59,116.39;
#62:
>0:40.05,116.42;39.88,116.39;39.78,116.24;
#63:
>0:40.08,116.33;39.96,116.27;
#64:
>0:40.01,116.62;39.88,116.78;
#65:
>0:40.58,116.63;40.33,116.46;40.07,116.27;39.94,116.16;
#66:
>0:39.69,115.98;39.73,116.13;39.72,116.35;40.14,116.51;
#67:
>0:40.23,116.34;40.34,116.5;40.58,116.62;40.55,116.76;
#68:
>0:40.2,116.03;40.03,116.23;
#69:
>0:39.86,116.64;39.94,116.54;
#70:
>0:40.51,116.79;40.47,116.55;40.36,116.39;40.12,116.4;
#71:
>0:40.51,116.28;40.39,116.36;40.59,116.63;
#72:
>0:39.94,116.32;40.07,116.43;
#73:
>0:40.09,116.44;40.0,116.35;
#74:
>0:39.98,116.33;39.98,116.39;
#75:
>0:40.3,116.42;40.32,116.54;
#76:
>0:40.08,116.36;39.97,116.38;
#77:
>0:40.09,116.34;40.03,116.36;
#78:
>0:40.07,116.32;40.06,116.35;
#79:
>0:40.03,116.35;39.88,116.28;
#80:
>0:39.55,116.67;39.83,116.56;39.79,116.42;
#81:
>0:39.78,116.67;39.73,116.63;39.8,116.46;40.04,116.43;39.79,116.21;
#82:
>0:39.56,116.12;39.65,116.38;39.95,116.42;
#83:
>0:40.14,116.32;40.05,116.34;
#84:
>0:40.03,116.42;40.06,116.38;
#85:
>0:39.7,116.03;39.96,116.22;40.08,116.42;40.06,116.27;40.58,116.11;
#86:
>0:40.02,116.44;40.04,116.4;
#87:
>0:39.64,116.13;39.59,116.36;39.9,116.41;
#88:
>0:40.28,115.99;40.08,116.02;40.19,116.24;40.1,116.45;
#89:
>0:40.33,116.52;40.13,116.39;39.97,116.57;39.8,116.66;39.64,116.75;
#90:
>0:39.56,116.45;39.86,116.63;40.03,116.52;40.23,116.42;40.36,116.66;
#91:
>0:40.22,116.11;40.25,116.34;40.17,116.41;40.13,116.35;40.21,116.21;40.24,116.34;40.14,116.44;
#92:
>0:40.6,116.13;40.4,116.08;40.09,116.02;39.87,116.15;39.79,116.36;39.59,116.45;
#93:
>0:39.85,116.41;39.97,116.39;
#94:
>0:40.4,116.58;40.12,116.46;40.07,116.37;
#95:
>0:40.05,116.43;40.13,116.37;
#96:
>0:40.09,116.32;39.98,116.32;
#97:
>0:39.78,116.79;39.75,116.57;39.81,116.43;40.09,116.38;39.73,116.22;
#98:
>0:39.53,116.07;39.72,116.15;40.02,116.36;39.83,116.42;
#99:
>0:39.54,116.44;39.79,116.58;39.82,116.46;40.08,116.29;
#100:
>0:40.04,116.44;40.05,116.36;
#101:
>0:40.34,116.26;40.07,116.41;40.14,116.58;40.46,116.7;
#102:
>0:40.02,116.68;39.72,116.77;
#103:
>0:39.88,116.26;40.06,116.41;
#104:
>0:40.28,116.26;40.59,116.37;40.35,116.54;
#105:
>0:40.09,116.36;40.12,116.33;
#106:
>0:39.95,116.38;39.97,116.3;
#107:
>0:39.6,115.99;39.71,116.16;40.06,116.42;39.8,116.45;
