#0:
>0:40.05,116.29;40.03,116.36;
#1:
>0:40.49,116.76;40.36,116.58;40.1,116.38;40.13,116.36;
#2:
>0:40.02,116.36;40.02,116.27;
#3:
>0:39.87,116.75;39.99,116.69;40.1,116.73;40.25,116.76;
#4:
>0:39.76,116.57;39.85,116.51;40.22,116.3;
#5:
>0:40.37,116.61;40.06,116.51;39.92,116.26;39.82,116.36;
#6:
>0:39.73,116.19;39.71,116.07;
#7:
>0:39.98,116.34;39.91,116.51;40.19,116.63;40.55,116.68;
#8:
>0:39.62,116.34;39.62,116.24;39.75,116.29;40.23,116.54;
#9:
>0:40.05,116.33;39.94,116.35;
#10:
>0:39.63,116.43;39.86,116.5;39.92,116.42;40.09,116.44;40.3,116.42;40.55,116.43;
#11:
>0:40.03,116.36;40.01,116.28;
#12:
>0:40.15,116.12;39.97,116.26;40.05,116.4;40.11,116.63;40.38,116.67;
#13:
>0:40.39,116.17;40.11,116.27;
#14:
>0:40.02,116.3;40.23,116.23;40.28,116.03;
#15:
>0:40.21,116.7;39.94,116.65;
#16:
>0:40.45,116.2;40.35,115.98;40.09,116.0;40.12,116.14;39.77,116.18;
#17:
>0:39.66,116.4;39.82,116.5;40.04,116.49;40.18,116.43;40.38,116.41;40.49,116.45;
#18:
>0:40.05,116.31;39.92,116.32;
#19:
>0:40.16,116.27;40.0,116.17;
#20:
>0:40.03,116.37;39.97,116.37;
#21:
>0:40.0,116.38;39.93,116.34;
#22:
>0:39.96,116.32;39.99,116.26;
#23:
>0:40.09,116.56;39.9,116.5;
#24:
>0:40.45,116.18;40.45,116.36;40.27,116.45;40.29,116.65;
#25:
>0:40.03,116.74;39.78,116.65;39.8,116.5;39.7,116.3;40.18,116.24;
#26:
>0:40.11,116.44;39.89,116.35;39.74,116.32;39.57,116.12;
#27:
>0:40.25,116.63;40.14,116.51;40.15,116.25;
#28:
>0:40.05,116.31;39.92,116.34;
#29:
>0:40.21,116.06;40.16,116.13;39.93,116.31;39.98,116.44;40.36,116.65;
#30:
>0:39.62,116.38;39.58,116.45;
#31:
>0:40.5,116.79;40.33,116.57;40.1,116.41;39.98,116.32;39.89,116.13;40.21,116.0;
#32:
>0:40.59,116.58;40.37,116.63;40.14,116.37;
#33:
>0:40.05,116.28;39.97,116.28;
#34:
>0:40.25,116.16;40.22,116.37;39.93,116.48;39.72,116.62;39.55,116.78;
#35:
>0:40.36,116.57;40.16,116.45;40.06,116.27;
#36:
>0:39.95,116.33;40.05,116.32;
#37:
>0:39.81,116.55;39.76,116.38;39.88,116.49;40.26,116.24;
#38:
>0:40.02,115.99;39.95,116.15;
#39:
>0:39.88,116.31;39.88,116.3;
#40:
>0:40.09,116.6;40.34,116.6;40.18,116.51;40.01,116.3;40.01,116.05;
#41:
>0:40.01,116.27;39.94,116.25;
#42:
>0:39.61,116.28;39.77,116.33;39.89,116.08;
#43:
>0:39.93,116.27;39.88,116.26;
#44:
>0:40.18,116.68;39.98,116.59;39.96,116.5;
#45:
>0:39.98,116.32;39.89,116.3;
#46:
>0:39.89,116.39;40.08,116.43;40.31,116.45;
#47:
>0:39.9,116.32;39.96,116.34;
#48:
>0:39.53,116.58;39.72,116.59;39.84,116.41;39.96,116.49;40.06,116.54;40.6,116.73;
#49:
>0:40.47,116.35;40.34,116.45;40.16,116.65;39.97,116.69;39.81,116.71;39.62,116.66;
#50:
>0:40.11,115.99;40.31,116.17;40.35,116.38;
#51:
>0:39.98,116.36;39.95,116.35;
#52:
>0:39.97,116.1;40.03,116.23;40.03,116.28;39.98,116.42;40.1,116.61;40.25,116.7;
#53:
>0:40.55,116.59;40.26,116.53;40.08,116.32;
#54:
>0:39.52,116.37;39.87,116.42;40.03,116.59;
#55:
>0:40.09,116.52;40.26,116.63;40.48,116.78;
#56:
>0:40.4,116.01;40.12,116.11;39.95,116.3;39.8,116.44;39.61,116.61;39.53,116.71;
#57:
>0:39.95,116.29;39.95,116.25;
#58:
>0:40.58,116.18;40.52,116.31;40.52,116.47;
#59:
>0:39.94,116.04;40.23,116.17;40.32,116.24;40.47,116.17;
#60:
>0:40.44,116.65;40.55,116.48;40.48,116.27;
#61:
>0:40.03,116.26;39.93,116.36;
#62:
>0:39.98,116.25;39.91,116.27;
#63:
>0:39.53,116.29;39.71,116.43;39.77,116.64;39.86,116.78;
#64:
>0:40.06,116.33;39.98,116.38;
#65:
>0:40.46,116.37;40.33,116.48;40.16,116.54;39.99,116.71;
#66:
>0:39.95,116.38;39.98,116.29;
#67:
>0:40.19,116.06;40.06,116.21;39.89,116.25;40.01,116.44;40.19,116.44;40.44,116.71;
#68:
>0:39.79,116.56;39.84,116.44;39.74,116.36;
#69:
>0:40.11,116.14;39.99,116.38;39.91,116.4;39.64,116.35;
#70:
>0:40.0,116.51;40.11,116.6;39.81,116.79;
#71:
>0:40.0,116.31;40.04,116.26;
#72:
>0:39.63,116.11;39.52,116.25;
#73:
>0:39.83,116.52;39.84,116.5;40.24,116.34;
#74:
>0:39.9,116.04;40.0,116.22;39.99,116.27;39.94,116.44;40.09,116.53;40.33,116.74;
#75:
>0:39.89,116.27;39.99,116.33;
#76:
>0:39.9,116.74;39.7,116.62;39.78,116.45;39.67,116.3;39.8,116.31;40.01,116.07;
#77:
>0:39.6,116.72;39.69,116.55;39.82,116.47;39.77,116.26;
#78:
>0:39.99,116.66;39.85,116.52;39.8,116.48;39.8,116.37;40.08,116.13;
#79:
>0:39.54,116.48;39.67,116.33;39.73,116.36;39.86,116.05;
#80:
>0:39.68,116.47;39.77,116.56;39.82,116.44;39.96,116.49;40.23,116.54;40.44,116.62;
#81:
>0:39.96,116.36;40.03,116.29;
#82:
>0:40.24,116.52;39.95,116.37;39.77,116.28;39.55,116.12;
#83:
>0:40.0,116.77;39.84,116.59;39.82,116.45;39.8,116.26;40.21,116.14;
#84:
>0:40.47,116.02;40.31,116.07;40.08,116.05;40.08,116.13;39.87,116.39;
#85:
>0:39.88,116.37;39.91,116.32;
#86:
>0:39.98,116.32;39.97,116.27;
#87:
>0:39.66,116.67;39.84,116.71;40.03,116.76;40.1,116.75;40.29,116.72;
#88:
>0:39.72,116.53;39.7,116.45;39.76,116.36;
#89:
>0:39.91,116.24;39.79,116.37;
#90:
>0:40.05,115.99;40.13,116.11;40.41,116.16;
#91:
>0:39.95,116.59;39.83,116.49;39.52,116.33;39.63,116.24;
#92:
>0:40.52,116.23;40.29,116.21;
#93:
>0:40.57,115.99;40.28,116.06;40.07,116.05;40.23,116.21;39.8,116.37;
#94:
>0:39.65,116.25;39.59,116.13;39.72,116.29;40.09,116.59;
#95:
>0:39.99,116.27;39.88,116.34;
#96:
>0:40.44,116.28;40.54,116.23;40.25,116.2;40.16,116.34;39.86,116.25;
#97:
>0:39.66,116.05;39.54,116.13;39.73,116.25;39.88,116.39;40.38,116.6;
#98:
>0:39.99,116.69;39.77,116.56;39.73,116.4;39.71,116.31;39.81,116.21;39.71,116.06;
#99:
>0:39.94,116.33;39.95,116.26;
#100:
>0:39.57,116.59;39.77,116.64;39.81,116.49;39.96,116.24;
#101:
>0:39.92,116.34;40.03,116.35;
#102:
>0:39.88,116.0;39.87,116.16;39.66,116.34;
#103:
>0:39.9,116.32;40.03,116.29;
#104:
>0:40.4,116.33;40.22,116.41;40.37,116.63;40.19,116.69;
#105:
>0:39.94,116.31;40.01,116.37;
#106:
>0:39.97,116.48;40.0,116.43;
#107:
>0:39.9,116.08;39.9,116.2;40.05,116.37;40.01,116.5;40.06,116.6;40.39,116.66;
