#0:
>0:39.66,116.06;39.56,116.21;39.53,116.38;39.57,116.4;39.56,116.63;39.62,116.74;
#1:
>0:39.63,116.27;39.81,116.39;39.93,116.64;
#2:
>0:40.39,116.65;40.46,116.56;
#3:
>0:39.64,116.72;39.82,116.62;39.95,116.42;
#4:
>0:40.15,116.57;40.19,116.54;
#5:
>0:39.63,116.2;39.74,116.36;39.99,116.15;39.91,116.0;40.41,116.12;
#6:
>0:39.98,116.26;39.89,116.38;
#7:
>0:40.44,116.28;40.39,116.17;40.23,116.15;40.0,116.24;39.85,116.06;
#8:
>0:40.46,116.08;40.26,116.06;
#9:
>0:40.01,116.31;39.87,116.19;40.02,116.26;
#10:
>0:39.7,116.3;39.92,116.25;40.2,116.59;
#11:
>0:40.31,116.53;40.06,116.79;39.97,116.65;
#12:
>0:39.78,116.38;39.78,116.4;40.18,116.49;
#13:
>0:40.06,116.42;40.02,116.31;39.97,116.21;39.8,115.99;
#14:
>0:40.54,116.79;40.56,116.59;40.42,116.48;
#15:
>0:39.83,116.3;39.56,116.34;
#16:
>0:40.14,116.63;40.19,116.61;
#17:
>0:40.31,116.24;40.14,116.25;40.03,116.14;
#18:
>0:40.15,116.59;40.24,116.44;40.13,116.35;40.15,116.22;40.11,116.05;
#19:
>0:40.25,116.51;40.17,116.31;
#20:
>0:39.93,116.4;39.88,116.25;40.11,116.23;40.43,116.36;
#21:
>0:39.56,116.66;39.78,116.55;39.96,116.38;
#22:
>0:39.74,116.13;40.0,116.27;40.06,116.32;
#23:
>0:39.99,116.27;39.97,116.32;
#24:
>0:40.18,116.06;39.89,116.16;39.77,116.31;39.64,116.3;
#25:
>0:39.7,116.59;39.64,116.63;
#26:
>0:39.86,116.44;39.95,116.59;40.01,116.65;
#27:
>0:40.32,116.37;40.17,116.43;39.89,116.49;40.26,116.67;
#28:
>0:40.13,116.17;40.4,116.13;40.44,116.29;40.45,116.43;
#29:
>0:39.52,116.33;39.8,116.16;40.02,116.23;39.98,115.98;40.31,116.22;
#30:
>0:40.27,116.01;40.11,116.07;39.94,116.2;39.79,116.1;
#31:
>0:39.59,116.69;39.82,116.71;40.0,116.57;40.14,116.71;40.33,116.67;
#32:
>0:40.39,116.7;40.22,116.74;40.05,116.77;39.83,116.73;
#33:
>0:40.38,116.74;40.09,116.72;40.19,116.47;
#34:
>0:39.95,116.3;39.93,116.33;
#35:
>0:40.55,116.31;40.29,116.26;40.2,116.51;40.07,116.66;
#36:
>0:39.58,116.72;39.87,116.61;39.96,116.59;40.24,116.75;40.3,116.53;40.49,116.59;
#37:
>0:40.58,116.24;40.52,116.25;40.34,116.26;40.11,116.51;40.24,116.74;
#38:
>0:40.16,116.37;39.89,116.29;
#39:
>0:40.57,116.05;40.42,116.11;40.11,116.24;40.38,116.35;40.11,116.45;40.09,116.71;
#40:
>0:40.55,116.66;40.32,116.65;40.16,116.4;39.98,116.35;39.94,116.28;39.77,116.1;
#41:
>0:40.05,116.32;40.11,116.18;40.0,116.36;
#42:
>0:39.82,116.28;39.91,116.29;39.98,116.49;40.21,116.54;40.58,116.46;
#43:
>0:40.56,116.52;40.38,116.47;40.15,116.33;40.07,116.11;
#44:
>0:39.92,116.77;40.02,116.78;
#45:
>0:40.18,116.16;40.24,116.13;40.18,116.35;40.02,116.3;40.1,116.53;
#46:
>0:39.95,116.53;39.74,116.38;39.51,116.48;
#47:
>0:39.97,116.01;40.08,116.15;
#48:
>0:40.18,116.24;40.24,116.34;39.97,116.29;40.03,116.42;40.39,116.69;
#49:
>0:40.07,116.15;40.29,116.18;40.59,116.34;40.49,116.43;
#50:
>0:39.57,116.74;39.78,116.58;40.02,116.68;40.2,116.7;40.3,116.53;40.43,116.54;
#51:
>0:40.5,116.54;40.49,116.56;
#52:
>0:40.22,116.41;40.04,116.51;39.96,116.26;39.59,116.26;
#53:
>0:40.44,116.18;40.34,116.3;40.21,116.42;40.28,116.48;40.48,116.66;
#54:
>0:40.54,116.28;40.32,116.42;40.1,116.57;39.98,116.73;39.84,116.73;39.6,116.7;
#55:
>0:39.63,116.59;39.78,116.49;39.93,116.3;40.1,116.25;40.4,116.28;40.45,116.3;
#56:
>0:40.03,116.36;39.73,116.36;
#57:
>0:40.51,116.53;40.38,116.39;40.23,116.35;39.98,116.27;39.84,116.16;
#58:
>0:39.8,116.75;39.65,116.53;39.61,116.46;39.52,116.25;
#59:
>0:40.29,116.18;40.38,116.29;40.41,116.52;
#60:
>0:40.37,116.08;40.07,116.21;40.09,116.36;39.85,116.21;
#61:
>0:40.53,116.0;40.4,116.02;
#62:
>0:40.11,116.21;40.1,116.26;39.86,116.29;
#63:
>0:40.29,116.35;40.06,116.45;39.88,116.46;40.35,116.74;
#64:
>0:40.22,116.78;40.19,116.65;40.33,116.47;
#65:
>0:40.12,116.37;40.29,116.12;40.59,116.18;
#66:
>0:39.77,116.34;39.67,116.28;
#67:
>0:39.86,116.44;39.91,116.52;39.94,116.3;40.35,116.33;
#68:
>0:39.9,116.39;40.18,116.63;40.3,116.74;40.5,116.7;
#69:
>0:40.16,116.11;40.2,116.3;39.97,116.32;39.54,116.4;
#70:
>0:40.16,116.47;40.37,116.28;40.4,116.2;
#71:
>0:39.55,116.61;39.7,116.46;39.76,116.57;40.17,116.7;
#72:
>0:39.98,116.42;39.99,116.34;40.02,116.18;
#73:
>0:40.32,116.43;40.1,116.35;39.94,116.37;39.82,116.29;39.61,116.26;
#74:
>0:40.49,116.2;40.36,116.21;
#75:
>0:40.45,116.05;40.34,116.2;40.1,116.31;39.99,116.32;39.72,116.12;39.68,116.48;
#76:
>0:40.42,116.56;40.5,116.69;
#77:
>0:40.23,116.44;40.39,116.33;40.41,116.22;
#78:
>0:39.96,116.53;40.18,116.38;40.25,116.3;40.37,116.12;40.38,116.11;
#79:
>0:40.08,116.31;39.87,116.22;40.01,116.07;39.61,116.05;
#80:
>0:40.07,116.52;40.0,116.49;40.12,116.18;
#81:
>0:39.97,116.35;39.93,116.36;
#82:
>0:39.88,116.27;39.92,116.27;
#83:
>0:40.6,116.63;40.6,116.75;
#84:
>0:39.67,116.37;39.72,116.42;39.99,116.4;39.88,116.65;
#85:
>0:40.37,116.18;40.07,116.25;40.03,116.49;39.75,116.58;39.79,116.77;
#86:
>0:40.42,116.24;40.38,116.12;40.21,116.26;39.95,116.19;
#87:
>0:39.55,116.73;39.83,116.63;39.65,116.43;39.83,116.29;39.96,116.21;39.77,116.06;
#88:
>0:40.25,116.25;40.14,116.49;39.93,116.47;40.3,116.76;
#89:
>0:40.37,116.6;40.12,116.74;40.18,116.63;39.95,116.68;39.68,116.49;
#90:
>0:39.88,116.63;39.86,116.51;39.61,116.5;
#91:
>0:40.11,116.11;39.75,116.26;39.74,116.45;39.74,116.56;39.87,116.72;
#92:
>0:40.48,116.06;40.33,116.24;40.09,116.35;40.02,116.36;39.8,116.2;39.63,116.51;
#93:
>0:39.99,116.5;39.71,116.27;
#94:
>0:39.57,116.28;39.86,116.45;39.98,116.57;
#95:
>0:39.61,116.17;39.78,116.37;39.92,116.0;
#96:
>0:40.35,116.23;40.23,116.38;39.99,116.31;40.0,116.42;40.42,116.78;
#97:
>0:40.45,116.14;40.51,116.17;
#98:
>0:40.47,116.43;40.25,116.27;40.08,116.42;39.95,116.37;
#99:
>0:40.07,116.65;39.89,116.56;
#100:
>0:40.16,116.43;40.32,116.35;40.25,116.24;
#101:
>0:40.58,116.19;40.55,116.13;
#102:
>0:39.57,116.4;39.84,116.3;40.03,116.17;40.02,116.04;40.09,116.07;40.51,116.19;
#103:
>0:39.99,116.23;40.07,116.27;40.33,116.44;40.59,116.51;
#104:
>0:40.36,116.25;40.21,116.51;39.94,116.39;40.37,116.75;
#105:
>0:40.23,116.73;40.16,116.6;
#106:
>0:40.6,116.61;40.41,116.65;40.11,116.56;40.13,116.39;39.72,116.25;
#107:
>0:39.99,116.32;39.87,116.31;
