#0:
>0:39.77,116.7;39.83,116.57;
#1:
>0:39.83,116.54;39.99,116.56;40.13,116.45;40.31,116.46;40.49,116.39;
#2:
>0:39.82,116.15;39.6,116.3;
#3:
>0:39.62,116.09;39.64,116.11;39.79,116.33;40.0,116.32;40.09,116.28;40.45,116.24;
#4:
>0:39.87,116.04;40.03,116.18;40.19,116.3;
#5:
>0:40.47,116.31;40.26,116.25;40.15,116.07;40.17,116.24;39.75,116.38;
#6:
>0:39.83,116.37;39.87,116.17;39.97,115.98;40.13,116.04;40.52,116.23;
#7:
>0:39.55,116.21;39.82,116.29;39.96,116.41;40.07,116.16;
#8:
>0:40.1,116.12;40.06,116.08;
#9:
>0:40.44,115.99;40.37,116.24;40.06,116.35;40.11,116.41;
#10:
>0:39.82,116.01;39.94,116.15;40.14,116.37;40.39,116.29;
#11:
>0:40.55,116.65;40.29,116.52;40.23,116.48;40.03,116.49;
#12:
>0:40.22,116.22;40.4,116.17;40.08,115.99;40.08,116.24;40.33,116.2;40.21,116.05;40.09,116.24;40.37,116.19;40.05,116.47;
#13:
>0:40.04,116.34;39.74,116.33;40.02,116.36;
#14:
>0:39.65,116.79;39.78,116.53;39.83,116.7;40.02,116.69;40.14,116.57;40.51,116.58;
#15:
>0:39.67,116.01;39.58,116.22;39.8,116.29;40.14,116.37;40.17,116.29;40.54,116.22;
#16:
>0:40.02,116.61;40.14,116.54;
#17:
>0:39.84,116.0;39.52,116.0;39.75,116.31;
#18:
>0:40.04,116.33;40.0,116.45;
#19:
>0:40.02,115.98;39.99,116.19;39.61,116.07;
#20:
>0:40.56,116.26;40.25,116.13;40.19,116.07;
#21:
>0:39.97,116.05;40.13,116.16;40.35,116.15;40.42,116.45;
#22:
>0:39.56,116.13;39.87,116.34;39.74,116.21;39.97,115.99;40.16,116.0;40.5,116.24;
#23:
>0:40.27,116.46;40.22,116.64;39.91,116.53;
#24:
>0:39.79,116.72;40.04,116.67;40.08,116.54;40.36,116.48;
#25:
>0:39.56,116.79;39.71,116.73;40.01,116.77;40.11,116.57;40.28,116.44;40.56,116.16;
#26:
>0:39.97,116.42;39.85,116.48;39.72,116.29;39.58,116.09;
#27:
>0:39.69,116.77;39.84,116.63;
#28:
>0:39.79,116.76;40.03,116.67;40.15,116.52;40.33,116.39;40.48,116.42;
#29:
>0:40.06,116.45;39.97,116.38;
#30:
>0:40.2,116.73;40.24,116.53;40.1,116.44;40.26,116.39;40.54,116.19;
#31:
>0:40.09,116.33;39.97,116.44;
#32:
>0:39.83,116.55;39.94,116.57;40.22,116.45;40.33,116.28;
#33:
>0:40.57,116.52;40.36,116.65;40.17,116.63;
#34:
>0:40.56,116.78;40.33,116.55;40.18,116.48;40.59,116.3;
#35:
>0:39.58,115.99;39.72,116.23;39.98,116.42;40.09,116.44;40.35,116.58;40.28,116.72;
#36:
>0:40.6,116.15;40.36,116.13;40.09,116.19;39.99,116.32;39.82,116.23;
#37:
>0:40.59,116.17;40.54,116.3;
#38:
>0:40.56,116.42;40.28,116.33;40.11,116.12;39.87,116.11;39.72,116.32;39.63,116.07;
#39:
>0:39.55,116.73;39.75,116.62;40.05,116.59;39.87,116.41;39.61,116.34;40.0,116.01;
#40:
>0:40.46,116.1;40.58,116.25;40.42,116.23;40.56,116.45;
#41:
>0:40.32,116.02;40.4,116.18;40.12,116.11;39.86,116.47;
#42:
>0:40.6,116.08;40.5,116.2;40.21,116.01;
#43:
>0:40.32,116.02;40.15,116.08;40.19,116.19;39.85,116.46;
#44:
>0:40.58,116.76;40.37,116.63;40.28,116.38;40.56,116.26;40.13,116.2;
#45:
>0:39.91,116.35;39.97,116.31;
#46:
>0:40.28,116.53;40.13,116.47;40.26,116.39;40.49,116.36;40.11,116.07;
#47:
>0:40.0,116.1;40.11,116.1;
#48:
>0:40.06,115.99;39.91,116.13;39.81,116.36;39.73,116.4;
#49:
>0:40.37,116.73;40.2,116.57;40.26,116.61;40.23,116.49;39.96,116.15;
#50:
>0:40.29,116.11;40.5,116.0;
#51:
>0:39.85,116.52;39.83,116.75;39.91,116.73;40.11,116.53;40.54,116.54;
#52:
>0:40.59,116.72;40.32,116.54;40.13,116.47;40.06,116.38;40.13,116.37;39.77,115.99;
#53:
>0:40.44,116.63;40.55,116.67;40.11,116.47;
#54:
>0:40.27,116.61;40.52,116.42;
#55:
>0:39.68,116.75;39.69,116.58;39.54,116.39;39.52,116.36;39.74,116.23;40.21,116.06;
#56:
>0:39.51,116.42;39.76,116.57;40.05,116.55;40.15,116.57;
#57:
>0:39.57,116.42;39.65,116.32;39.85,116.18;39.59,115.98;
#58:
>0:39.95,116.47;39.7,116.5;
#59:
>0:40.4,116.35;40.12,116.11;40.04,116.36;39.91,116.2;39.65,116.04;
#60:
>0:40.25,116.66;40.09,116.65;40.42,116.41;
#61:
>0:40.32,116.33;40.31,116.51;
#62:
>0:40.01,116.16;40.12,116.35;40.4,116.47;40.49,116.57;
#63:
>0:39.7,116.69;40.0,116.74;39.93,116.5;
#64:
>0:40.11,116.62;39.99,116.42;39.69,116.39;39.54,116.26;
#65:
>0:39.73,116.19;40.05,116.42;40.0,116.21;40.12,116.27;40.6,116.56;
#66:
>0:40.53,115.99;40.44,116.24;40.22,116.24;
#67:
>0:40.14,116.39;40.4,116.46;40.32,116.26;40.44,116.0;
#68:
>0:40.36,116.1;40.18,116.23;40.0,116.12;40.19,116.43;
#69:
>0:39.78,116.73;39.96,116.56;40.2,116.45;40.1,116.27;40.16,116.16;
#70:
>0:40.03,116.45;40.03,116.16;40.0,116.38;
#71:
>0:39.74,116.77;39.91,116.66;40.09,116.55;40.03,116.41;40.1,116.4;39.83,115.98;
#72:
>0:40.12,116.39;40.41,116.4;40.58,116.2;
#73:
>0:40.34,116.12;40.07,116.11;40.14,116.18;39.76,116.0;
#74:
>0:39.76,116.16;40.1,116.44;39.82,116.49;39.91,116.48;39.78,116.78;
#75:
>0:40.24,116.64;40.17,116.43;40.04,116.34;39.82,116.23;
#76:
>0:39.67,116.63;39.84,116.71;40.03,116.71;40.09,116.53;40.31,116.28;
#77:
>0:40.14,116.32;39.7,116.31;39.63,115.97;
#78:
>0:39.59,116.08;39.67,116.14;39.66,116.38;39.51,116.51;39.67,116.53;
#79:
>0:40.25,116.62;40.2,116.75;39.98,116.69;39.74,116.66;
#80:
>0:39.62,116.66;39.82,116.61;39.91,116.63;39.81,116.49;39.76,116.31;39.93,116.09;
#81:
>0:39.79,116.22;39.62,116.22;
#82:
>0:40.16,116.37;40.05,116.38;
#83:
>0:40.1,116.1;39.93,116.22;39.71,116.04;39.68,116.15;
#84:
>0:39.71,116.54;39.84,116.53;
#85:
>0:40.28,116.65;40.23,116.44;39.93,116.77;
#86:
>0:39.53,116.27;39.85,116.12;40.03,116.05;40.09,116.05;40.17,116.24;40.48,116.08;
#87:
>0:40.14,116.53;40.02,116.46;39.77,116.45;39.69,116.33;
#88:
>0:39.82,116.55;39.94,116.63;40.22,116.49;40.29,116.47;40.55,116.48;
#89:
>0:39.8,116.63;39.85,116.78;40.0,116.69;40.11,116.61;40.44,116.64;
#90:
>0:39.59,116.17;39.76,116.13;
#91:
>0:39.72,116.41;40.0,116.44;39.98,116.41;40.32,116.12;
#92:
>0:40.02,116.46;39.96,116.33;
#93:
>0:40.18,116.34;39.96,116.12;39.83,116.32;39.66,116.02;
#94:
>0:40.26,116.62;40.1,116.66;39.93,116.76;39.69,116.74;
#95:
>0:39.66,116.56;39.69,116.74;39.97,116.78;40.17,116.78;
#96:
>0:39.57,116.32;39.78,116.49;39.89,116.42;39.73,116.66;
#97:
>0:39.77,116.34;39.79,116.22;39.92,116.45;40.13,116.34;40.51,116.55;
#98:
>0:39.99,116.75;40.17,116.7;40.39,116.78;
#99:
>0:40.04,116.32;39.96,116.21;40.0,116.4;
#100:
>0:40.32,116.33;40.06,116.12;40.01,116.21;
#101:
>0:40.14,116.54;40.24,116.56;40.53,116.29;
#102:
>0:39.8,116.3;39.8,116.17;
#103:
>0:39.71,116.05;39.98,116.13;40.2,116.33;40.29,116.36;
#104:
>0:40.32,116.44;40.17,116.26;39.97,116.39;
#105:
>0:39.89,116.72;40.22,116.61;40.33,116.54;40.22,116.44;40.37,116.26;40.29,116.02;
#106:
>0:39.75,116.16;40.11,116.47;
#107:
>0:40.54,116.77;40.5,116.69;
