#0:
>0:39.97,116.38;39.95,116.35;39.89,116.37;
#1:
>0:40.0,116.29;39.97,116.32;39.96,116.31;39.92,116.35;
#2:
>0:39.96,116.37;39.97,116.4;39.96,116.42;
#3:
>0:39.94,116.35;39.93,116.33;
#4:
>0:39.9,116.4;39.9,116.39;39.91,116.36;
#5:
>0:40.0,116.31;39.97,116.34;39.96,116.33;39.91,116.35;
#6:
>0:39.96,116.38;39.95,116.4;
#7:
>0:40.02,116.34;40.0,116.36;
#8:
>0:39.97,116.38;39.95,116.38;
#9:
>0:39.96,116.29;39.97,116.31;39.96,116.35;39.94,116.37;
#10:
>0:39.99,116.39;39.98,116.36;39.95,116.34;
#11:
>0:40.03,116.41;40.0,116.42;39.99,116.4;39.98,116.39;39.96,116.4;39.89,116.42;
#12:
>0:39.99,116.33;39.96,116.34;39.95,116.36;39.95,116.35;39.99,116.34;
#13:
>0:39.97,116.4;39.97,116.36;39.99,116.36;40.01,116.33;40.03,116.3;
#14:
>0:40.0,116.34;39.99,116.36;39.97,116.33;39.96,116.36;
#15:
>0:39.9,116.33;39.94,116.34;39.94,116.37;39.95,116.4;40.01,116.35;
#16:
>0:40.02,116.34;39.98,116.37;39.96,116.38;
#17:
>0:39.96,116.4;39.96,116.37;40.0,116.35;40.03,116.31;
#18:
>0:39.99,116.34;40.0,116.36;39.98,116.33;39.96,116.35;39.95,116.36;39.99,116.37;39.99,116.34;39.98,116.35;40.0,116.39;40.04,116.37;40.02,116.35;39.99,116.35;39.99,116.32;39.99,116.34;39.99,116.33;39.96,116.33;39.97,116.31;39.98,116.33;39.99,116.37;40.0,116.34;40.0,116.34;
#19:
>0:39.96,116.38;39.94,116.42;39.91,116.41;
#20:
>0:39.97,116.37;39.98,116.33;40.01,116.31;
#21:
>0:40.01,116.34;40.01,116.31;
#22:
>0:40.01,116.32;39.97,116.33;39.95,116.37;39.94,116.37;39.91,116.41;
#23:
>0:39.94,116.39;39.96,116.4;39.96,116.37;40.02,116.41;
#24:
>0:39.99,116.34;40.01,116.32;
#25:
>0:39.98,116.34;39.99,116.37;39.98,116.34;40.0,116.32;39.98,116.34;39.99,116.31;40.0,116.33;39.98,116.31;39.97,116.33;39.98,116.31;39.99,116.35;39.99,116.33;39.98,116.33;39.99,116.33;
#26:
>0:39.98,116.35;39.96,116.35;39.96,116.35;39.89,116.4;
#27:
>0:40.0,116.41;40.03,116.38;
#28:
>0:40.02,116.42;39.98,116.4;39.98,116.36;39.99,116.34;39.98,116.31;39.92,116.3;
#29:
>0:39.98,116.31;39.99,116.34;39.98,116.32;39.99,116.34;39.98,116.32;39.98,116.35;39.95,116.37;
#30:
>0:39.99,116.33;39.98,116.36;39.98,116.34;40.02,116.34;39.99,116.33;39.97,116.35;39.95,116.37;39.97,116.33;39.96,116.35;39.98,116.36;39.98,116.33;39.99,116.31;39.98,116.35;40.0,116.32;39.98,116.35;40.0,116.37;39.98,116.34;39.97,116.34;39.92,116.31;39.96,116.29;39.96,116.32;39.98,116.34;39.98,116.33;39.99,116.33;40.0,116.33;
#31:
>0:39.96,116.38;39.97,116.37;39.98,116.34;40.01,116.33;40.04,116.29;
#32:
>0:39.91,116.32;39.93,116.32;
#33:
>0:39.96,116.3;39.96,116.32;39.97,116.35;39.97,116.37;39.94,116.4;39.92,116.41;
#34:
>0:39.99,116.31;39.99,116.3;
#35:
>0:39.89,116.29;39.92,116.3;
#36:
>0:40.0,116.28;39.98,116.31;39.95,116.33;39.89,116.36;
#37:
>0:39.99,116.32;39.99,116.34;39.98,116.36;39.98,116.39;39.94,116.42;
#38:
>0:39.92,116.35;39.93,116.33;39.92,116.36;39.96,116.38;40.02,116.35;
#39:
>0:39.99,116.33;40.0,116.37;39.99,116.33;39.99,116.31;40.01,116.34;40.0,116.37;39.95,116.36;39.96,116.34;39.94,116.32;39.95,116.34;39.93,116.33;39.92,116.36;39.89,116.38;39.92,116.39;39.95,116.4;39.95,116.38;39.96,116.37;39.98,116.35;
#40:
>0:39.97,116.3;40.0,116.33;39.95,116.35;39.93,116.33;39.89,116.39;
#41:
>0:39.93,116.28;39.96,116.31;39.96,116.34;39.96,116.36;39.99,116.39;40.05,116.42;
#42:
>0:39.93,116.41;39.97,116.38;39.98,116.38;40.0,116.36;
#43:
>0:39.94,116.3;39.95,116.32;39.99,116.35;40.0,116.36;
#44:
>0:39.97,116.32;39.97,116.35;39.92,116.31;
#45:
>0:39.96,116.42;39.92,116.42;39.91,116.42;
#46:
>0:39.97,116.29;40.0,116.33;39.99,116.33;40.0,116.36;39.97,116.38;39.93,116.41;
#47:
>0:39.93,116.31;39.95,116.34;39.95,116.36;39.98,116.36;40.04,116.37;
#48:
>0:39.93,116.36;39.96,116.36;39.95,116.35;39.98,116.31;40.03,116.34;
#49:
>0:39.93,116.37;39.92,116.37;39.92,116.33;
#50:
>0:39.98,116.31;39.99,116.34;39.98,116.31;39.96,116.32;39.93,116.32;39.95,116.33;39.97,116.37;39.96,116.39;39.98,116.42;
#51:
>0:39.99,116.31;39.97,116.33;39.93,116.33;39.95,116.37;
#52:
>0:39.93,116.31;39.96,116.34;39.95,116.37;39.98,116.39;40.03,116.42;
#53:
>0:39.89,116.42;39.92,116.38;39.97,116.39;40.0,116.39;39.98,116.36;40.04,116.36;
#54:
>0:40.01,116.38;40.0,116.37;39.99,116.34;39.94,116.31;
#55:
>0:39.95,116.3;39.95,116.31;39.96,116.35;39.92,116.37;
#56:
>0:39.99,116.35;39.96,116.34;39.99,116.31;39.95,116.29;39.96,116.33;39.99,116.34;39.95,116.34;39.95,116.37;39.97,116.36;40.0,116.34;39.99,116.31;40.0,116.35;
#57:
>0:40.01,116.31;39.97,116.28;39.98,116.32;39.93,116.3;
#58:
>0:40.05,116.39;40.01,116.36;39.99,116.35;39.99,116.34;39.93,116.33;
#59:
>0:40.0,116.36;39.98,116.38;
#60:
>0:39.98,116.34;40.0,116.31;
#61:
>0:39.99,116.33;39.98,116.37;39.99,116.33;39.98,116.33;
#62:
>0:40.0,116.42;40.0,116.41;39.96,116.39;39.94,116.39;39.96,116.4;39.98,116.34;
#63:
>0:39.97,116.38;40.0,116.36;39.95,116.34;
#64:
>0:39.92,116.31;39.95,116.35;39.97,116.37;39.99,116.36;40.0,116.41;
#65:
>0:40.05,116.37;40.02,116.37;39.98,116.37;39.95,116.34;
#66:
>0:39.91,116.36;39.9,116.33;
#67:
>0:39.9,116.36;39.94,116.4;39.92,116.4;
