#0:
>0:39.92,116.32;39.95,116.32;39.97,116.34;40.02,116.32;
#1:
>0:39.91,116.3;39.93,116.31;39.96,116.35;39.99,116.35;39.99,116.37;40.03,116.39;
#2:
>0:39.96,116.29;39.98,116.33;39.98,116.34;40.05,116.36;
#3:
>0:39.99,116.36;39.99,116.34;40.04,116.37;
#4:
>0:39.96,116.38;39.97,116.42;
#5:
>0:40.04,116.28;40.01,116.31;39.99,116.31;39.99,116.35;39.97,116.39;
#6:
>0:40.0,116.37;40.02,116.35;40.01,116.31;40.02,116.3;
#7:
>0:39.92,116.35;39.95,116.36;39.93,116.38;
#8:
>0:39.91,116.28;39.9,116.31;39.9,116.34;39.89,116.36;39.91,116.4;
#9:
>0:40.0,116.34;40.01,116.31;
#10:
>0:39.93,116.29;39.93,116.32;39.97,116.31;
#11:
>0:40.04,116.34;40.01,116.37;39.99,116.36;40.02,116.4;
#12:
>0:40.03,116.41;40.01,116.42;40.02,116.39;40.03,116.36;40.01,116.31;
#13:
>0:39.96,116.35;39.98,116.31;39.98,116.34;40.03,116.36;
#14:
>0:39.98,116.31;39.99,116.33;39.97,116.35;40.01,116.4;40.05,116.4;
#15:
>0:39.98,116.32;39.98,116.34;40.02,116.37;39.99,116.36;40.03,116.41;
#16:
>0:39.93,116.29;39.96,116.33;39.95,116.34;40.01,116.33;
#17:
>0:39.96,116.35;39.99,116.32;40.02,116.3;
#18:
>0:39.9,116.38;39.89,116.37;
#19:
>0:40.0,116.31;39.99,116.35;40.0,116.37;40.03,116.39;
#20:
>0:40.01,116.36;40.0,116.34;39.99,116.34;39.97,116.33;39.91,116.3;
#21:
>0:40.05,116.33;40.02,116.34;39.98,116.32;
#22:
>0:39.92,116.4;39.95,116.42;39.97,116.39;40.0,116.35;
#23:
>0:40.03,116.34;40.0,116.33;39.98,116.33;39.97,116.35;39.97,116.36;39.91,116.39;
#24:
>0:40.05,116.42;40.0,116.42;40.02,116.38;40.03,116.33;
#25:
>0:39.94,116.39;39.94,116.37;
#26:
>0:39.95,116.28;39.99,116.29;39.95,116.31;39.97,116.35;39.95,116.36;39.97,116.41;
#27:
>0:39.94,116.37;39.9,116.34;
#28:
>0:39.93,116.35;39.93,116.37;
#29:
>0:40.05,116.31;40.02,116.33;40.0,116.34;40.01,116.39;
#30:
>0:40.04,116.34;40.02,116.32;39.99,116.29;39.95,116.34;
#31:
>0:40.04,116.42;40.02,116.4;40.01,116.38;40.04,116.34;
#32:
>0:40.04,116.37;40.0,116.39;40.03,116.4;
#33:
>0:39.9,116.38;39.92,116.37;39.95,116.36;39.98,116.36;40.02,116.37;
#34:
>0:39.9,116.4;39.93,116.39;39.95,116.4;
#35:
>0:40.01,116.35;39.99,116.33;39.95,116.33;39.93,116.37;
#36:
>0:40.01,116.31;39.99,116.31;
#37:
>0:40.0,116.4;40.03,116.42;
#38:
>0:39.94,116.32;39.95,116.33;39.98,116.33;40.0,116.3;40.03,116.31;
#39:
>0:39.89,116.34;39.91,116.36;
#40:
>0:39.93,116.4;39.96,116.38;39.93,116.35;
#41:
>0:40.03,116.4;40.02,116.4;40.01,116.39;39.99,116.34;
#42:
>0:40.01,116.29;39.98,116.3;39.96,116.29;39.94,116.3;
#43:
>0:39.94,116.4;39.96,116.41;39.99,116.38;40.02,116.34;
#44:
>0:39.9,116.36;39.93,116.39;39.96,116.4;39.98,116.37;40.01,116.39;40.05,116.33;
#45:
>0:39.98,116.35;39.99,116.36;40.02,116.39;40.01,116.41;40.01,116.42;
#46:
>0:40.03,116.37;40.04,116.34;40.02,116.31;40.05,116.3;
#47:
>0:39.92,116.3;39.92,116.33;39.95,116.33;39.98,116.37;
#48:
>0:39.94,116.41;39.95,116.4;39.92,116.36;
#49:
>0:39.99,116.31;40.0,116.33;40.0,116.37;39.99,116.37;40.0,116.33;39.96,116.37;
#50:
>0:39.98,116.35;39.99,116.34;
#51:
>0:39.94,116.42;39.96,116.41;39.97,116.39;39.94,116.34;
#52:
>0:40.01,116.41;39.99,116.41;39.96,116.41;39.96,116.38;39.89,116.34;
#53:
>0:39.9,116.37;39.94,116.35;39.95,116.36;40.0,116.34;
#54:
>0:39.96,116.3;39.99,116.29;39.97,116.31;39.95,116.35;39.94,116.4;
#55:
>0:39.89,116.32;39.94,116.34;39.97,116.36;39.97,116.39;39.98,116.37;40.04,116.39;
#56:
>0:40.01,116.37;40.0,116.36;39.97,116.34;39.92,116.35;
#57:
>0:40.01,116.39;40.02,116.38;
#58:
>0:40.03,116.32;40.02,116.33;39.97,116.35;39.95,116.35;39.94,116.36;
#59:
>0:39.95,116.37;39.95,116.39;
#60:
>0:40.01,116.31;39.99,116.34;40.02,116.36;39.99,116.36;40.04,116.41;
#61:
>0:39.98,116.39;40.01,116.37;40.03,116.34;
#62:
>0:39.98,116.34;40.02,116.36;39.99,116.4;
#63:
>0:39.93,116.37;39.95,116.36;39.99,116.33;
#64:
>0:39.9,116.34;39.91,116.31;
#65:
>0:39.99,116.34;40.0,116.32;39.98,116.34;39.99,116.33;39.99,116.34;39.98,116.3;39.99,116.34;39.98,116.31;40.0,116.34;40.0,116.36;39.98,116.34;40.0,116.31;39.98,116.33;40.02,116.33;39.99,116.32;
#66:
>0:40.02,116.31;40.0,116.34;39.97,116.36;
#67:
>0:39.92,116.41;39.95,116.42;39.96,116.38;39.91,116.34;
