#0:
>0:39.98,116.35;39.97,116.34;39.98,116.37;39.92,116.38;
#1:
>0:39.96,116.39;39.99,116.38;
#2:
>0:40.02,116.38;40.01,116.42;
#3:
>0:39.92,116.39;39.93,116.38;39.97,116.4;
#4:
>0:39.98,116.33;39.96,116.37;39.97,116.39;
#5:
>0:39.99,116.35;39.99,116.34;39.95,116.36;39.9,116.41;
#6:
>0:40.0,116.38;39.96,116.35;39.99,116.35;40.0,116.33;40.02,116.28;
#7:
>0:39.94,116.4;39.97,116.42;39.99,116.37;
#8:
>0:39.91,116.42;39.91,116.39;39.92,116.37;
#9:
>0:39.94,116.28;39.9,116.31;39.93,116.36;39.91,116.36;
#10:
>0:40.01,116.37;40.0,116.37;40.02,116.34;40.0,116.28;
#11:
>0:40.04,116.38;40.01,116.38;40.03,116.33;
#12:
>0:39.89,116.38;39.93,116.37;39.95,116.36;40.0,116.36;
#13:
>0:39.99,116.35;39.95,116.36;39.96,116.38;
#14:
>0:39.93,116.38;39.9,116.38;39.9,116.35;39.91,116.31;
#15:
>0:39.99,116.4;40.02,116.4;
#16:
>0:39.94,116.37;39.96,116.35;39.9,116.31;
#17:
>0:40.01,116.3;40.03,116.3;40.04,116.31;40.03,116.35;40.03,116.39;
#18:
>0:40.01,116.28;39.97,116.3;39.98,116.34;39.93,116.32;
#19:
>0:40.05,116.4;40.02,116.38;39.98,116.41;
#20:
>0:39.9,116.32;39.92,116.36;39.95,116.36;
#21:
>0:39.99,116.33;39.96,116.36;39.95,116.35;39.97,116.38;39.96,116.4;
#22:
>0:40.04,116.4;40.02,116.38;39.99,116.39;39.95,116.38;
#23:
>0:39.9,116.3;39.92,116.32;39.94,116.34;
#24:
>0:40.01,116.38;40.02,116.42;
#25:
>0:40.0,116.41;40.0,116.39;40.02,116.36;40.02,116.34;
#26:
>0:40.0,116.34;39.99,116.34;39.97,116.34;39.96,116.36;
#27:
>0:40.04,116.28;40.01,116.32;
#28:
>0:39.98,116.29;39.99,116.34;40.04,116.3;
#29:
>0:39.95,116.37;39.99,116.34;40.01,116.31;40.05,116.31;
#30:
>0:40.01,116.29;40.04,116.29;
#31:
>0:39.96,116.4;39.97,116.38;39.99,116.37;39.99,116.34;
#32:
>0:40.02,116.36;39.99,116.39;39.95,116.37;39.94,116.35;39.89,116.41;
#33:
>0:39.93,116.39;39.96,116.36;39.98,116.34;40.0,116.33;40.04,116.29;
#34:
>0:40.01,116.39;40.03,116.35;39.98,116.37;39.96,116.36;39.89,116.4;
#35:
>0:39.99,116.33;39.99,116.36;39.94,116.3;
#36:
>0:39.98,116.33;39.98,116.36;39.96,116.36;39.91,116.4;
#37:
>0:40.01,116.38;40.0,116.42;
#38:
>0:40.01,116.28;39.99,116.3;39.99,116.32;39.94,116.34;39.93,116.38;
#39:
>0:39.91,116.42;39.93,116.39;39.96,116.37;39.97,116.35;40.01,116.33;40.04,116.33;
#40:
>0:40.03,116.28;40.0,116.32;39.98,116.29;39.97,116.37;
#41:
>0:40.01,116.33;40.0,116.33;
#42:
>0:40.0,116.28;40.01,116.33;
#43:
>0:39.95,116.4;39.99,116.38;40.02,116.37;40.02,116.35;
#44:
>0:40.02,116.31;39.99,116.34;39.97,116.35;39.96,116.39;
#45:
>0:39.91,116.31;39.92,116.33;39.96,116.36;40.01,116.38;
#46:
>0:39.93,116.3;39.98,116.32;39.98,116.33;40.0,116.37;
#47:
>0:39.91,116.39;39.93,116.38;39.96,116.38;39.99,116.42;39.99,116.39;40.03,116.39;
#48:
>0:40.0,116.32;40.03,116.33;40.05,116.37;40.02,116.4;
#49:
>0:39.96,116.37;39.99,116.38;39.99,116.39;39.97,116.41;
#50:
>0:39.91,116.29;39.93,116.33;39.92,116.33;39.93,116.36;39.94,116.39;39.94,116.4;
#51:
>0:40.01,116.34;39.99,116.37;
#52:
>0:39.92,116.29;39.91,116.3;
#53:
>0:40.01,116.32;40.0,116.3;39.99,116.28;39.99,116.33;39.91,116.37;
#54:
>0:39.99,116.34;39.93,116.35;39.96,116.36;39.91,116.41;
#55:
>0:39.93,116.28;39.97,116.32;40.0,116.33;40.02,116.29;
#56:
>0:40.04,116.33;40.04,116.35;40.03,116.35;39.99,116.37;39.94,116.32;
#57:
>0:39.94,116.41;39.94,116.38;
#58:
>0:39.93,116.31;39.93,116.31;
#59:
>0:39.96,116.37;39.98,116.37;39.98,116.38;39.99,116.42;
#60:
>0:39.97,116.36;39.98,116.36;39.9,116.37;
#61:
>0:39.96,116.39;39.98,116.39;
#62:
>0:40.02,116.3;40.0,116.29;40.0,116.32;39.98,116.31;39.91,116.29;
#63:
>0:40.04,116.42;40.02,116.39;39.99,116.37;39.98,116.35;39.97,116.33;39.9,116.36;
#64:
>0:40.02,116.38;40.02,116.38;
#65:
>0:39.92,116.36;39.94,116.33;39.93,116.32;40.0,116.3;
#66:
>0:40.04,116.31;40.02,116.29;39.98,116.3;39.97,116.32;39.92,116.33;
#67:
>0:39.98,116.36;39.92,116.35;
