#0:
>0:39.96,116.25;39.95,116.28;39.97,116.31;39.93,116.31;39.94,116.34;
#1:
>0:39.94,116.28;39.98,116.29;
#2:
>0:39.91,116.3;39.93,116.26;39.94,116.26;39.99,116.27;
#3:
>0:39.97,116.26;39.96,116.27;
#4:
>0:39.98,116.34;40.01,116.33;39.99,116.35;40.01,116.33;39.98,116.34;40.01,116.33;40.0,116.33;40.02,116.34;39.99,116.34;40.02,116.36;40.04,116.35;40.01,116.37;39.98,116.34;40.03,116.34;40.0,116.35;40.0,116.33;40.01,116.34;40.0,116.34;39.98,116.34;
#5:
>0:40.01,116.29;39.99,116.31;39.97,116.31;
#6:
>0:40.02,116.29;40.0,116.31;39.96,116.34;39.93,116.37;
#7:
>0:39.98,116.34;40.01,116.35;39.98,116.35;
#8:
>0:39.99,116.25;40.01,116.28;40.05,116.3;40.05,116.31;40.05,116.34;
#9:
>0:39.98,116.28;40.0,116.3;39.96,116.29;39.98,116.32;39.98,116.37;
#10:
>0:40.0,116.35;40.02,116.37;
#11:
>0:40.01,116.33;40.03,116.34;
#12:
>0:39.97,116.29;39.94,116.32;39.93,116.32;
#13:
>0:40.01,116.3;40.0,116.33;39.96,116.32;39.93,116.29;39.92,116.26;
#14:
>0:40.0,116.33;40.01,116.33;39.99,116.35;40.02,116.36;40.03,116.33;40.05,116.31;40.02,116.34;39.99,116.34;39.99,116.33;39.98,116.35;40.0,116.35;
#15:
>0:39.97,116.29;39.99,116.28;40.02,116.27;
#16:
>0:39.99,116.33;40.03,116.32;39.99,116.34;
#17:
>0:39.93,116.26;39.98,116.28;39.99,116.29;40.02,116.31;40.05,116.34;
#18:
>0:39.99,116.34;39.96,116.32;39.95,116.29;39.97,116.28;39.94,116.25;
#19:
>0:39.98,116.35;39.99,116.32;40.0,116.34;40.01,116.34;39.99,116.33;40.03,116.33;39.99,116.35;39.98,116.33;
#20:
>0:39.98,116.32;39.97,116.35;40.01,116.36;
#21:
>0:40.02,116.32;39.99,116.29;39.98,116.26;39.98,116.25;
#22:
>0:39.99,116.34;40.0,116.33;40.0,116.34;39.99,116.32;39.98,116.34;40.02,116.34;39.99,116.33;40.0,116.33;40.0,116.34;40.02,116.33;39.99,116.34;39.98,116.32;40.0,116.34;40.01,116.33;40.03,116.31;40.04,116.29;40.03,116.27;40.04,116.3;40.03,116.28;40.04,116.3;40.03,116.27;40.02,116.3;40.03,116.28;40.03,116.29;40.04,116.26;40.05,116.29;40.05,116.27;40.01,116.29;39.99,116.32;39.99,116.34;39.98,116.34;
#23:
>0:39.94,116.31;39.96,116.3;39.99,116.27;39.99,116.24;
#24:
>0:40.02,116.34;40.0,116.35;40.01,116.33;40.04,116.32;40.02,116.33;39.99,116.33;
#25:
>0:39.91,116.35;39.95,116.33;39.96,116.34;39.97,116.33;39.93,116.27;
#26:
>0:40.02,116.35;40.05,116.34;
#27:
>0:40.05,116.24;40.05,116.28;40.05,116.3;40.05,116.32;40.04,116.34;
#28:
>0:40.02,116.29;39.98,116.31;39.97,116.34;39.94,116.36;39.91,116.36;
#29:
>0:40.03,116.35;40.0,116.35;39.98,116.33;39.97,116.32;39.98,116.28;
#30:
>0:40.01,116.36;39.99,116.35;39.99,116.31;39.96,116.31;39.97,116.28;
#31:
>0:40.02,116.32;39.99,116.32;39.96,116.35;39.95,116.35;
#32:
>0:39.94,116.32;39.93,116.29;
#33:
>0:40.0,116.35;40.0,116.32;39.98,116.34;40.01,116.33;39.98,116.34;40.01,116.33;40.01,116.32;40.0,116.35;
#34:
>0:39.92,116.25;39.94,116.28;39.96,116.3;39.98,116.33;39.99,116.34;40.04,116.32;
#35:
>0:39.91,116.25;39.91,116.28;39.95,116.28;39.97,116.3;39.99,116.32;39.96,116.37;
#36:
>0:39.95,116.36;39.98,116.34;40.0,116.32;40.02,116.33;
#37:
>0:39.98,116.29;40.01,116.3;40.04,116.3;
#38:
>0:39.93,116.25;39.95,116.28;39.96,116.3;39.98,116.32;39.99,116.35;40.03,116.32;
#39:
>0:39.97,116.29;40.0,116.3;
#40:
>0:39.99,116.32;39.96,116.33;
#41:
>0:39.99,116.34;40.0,116.33;39.99,116.34;39.98,116.36;40.01,116.36;40.03,116.35;40.01,116.35;40.0,116.34;39.98,116.34;
#42:
>0:39.91,116.29;39.95,116.27;
#43:
>0:39.96,116.27;39.98,116.25;
#44:
>0:39.97,116.32;39.98,116.3;39.98,116.27;40.0,116.25;
#45:
>0:40.0,116.35;40.02,116.31;40.0,116.33;
#46:
>0:40.03,116.3;40.05,116.26;40.04,116.29;40.03,116.28;40.04,116.24;40.0,116.27;40.02,116.3;39.98,116.35;
#47:
>0:40.02,116.32;40.02,116.35;39.99,116.34;39.96,116.32;39.92,116.3;
#48:
>0:40.03,116.27;40.01,116.3;39.98,116.32;39.97,116.3;
#49:
>0:40.05,116.3;40.04,116.28;40.02,116.24;40.05,116.28;40.03,116.3;39.98,116.33;39.98,116.34;40.0,116.35;
#50:
>0:39.99,116.34;40.01,116.34;40.0,116.34;40.01,116.33;39.98,116.33;40.01,116.34;39.98,116.34;40.01,116.33;40.0,116.35;40.0,116.34;
#51:
>0:39.99,116.34;40.01,116.31;39.98,116.33;
#52:
>0:40.01,116.3;40.0,116.31;39.97,116.31;39.95,116.28;39.91,116.25;
#53:
>0:39.95,116.28;39.97,116.26;39.98,116.28;40.01,116.3;
#54:
>0:40.03,116.35;39.98,116.35;39.96,116.29;
#55:
>0:39.99,116.33;40.01,116.33;39.99,116.34;40.01,116.35;40.03,116.33;40.02,116.33;39.99,116.33;40.02,116.34;40.0,116.35;40.01,116.34;39.98,116.33;40.0,116.34;
#56:
>0:39.99,116.34;39.99,116.31;39.98,116.34;39.98,116.31;40.0,116.34;40.0,116.33;40.04,116.35;40.02,116.33;40.01,116.35;39.99,116.34;40.02,116.34;39.98,116.34;40.0,116.31;40.0,116.33;39.98,116.31;39.98,116.33;40.02,116.34;39.99,116.34;39.98,116.35;
#57:
>0:39.98,116.34;40.01,116.34;39.99,116.34;40.02,116.34;40.0,116.33;40.01,116.34;39.99,116.34;40.02,116.33;39.99,116.33;40.01,116.34;40.0,116.33;40.01,116.31;40.04,116.31;40.02,116.3;39.98,116.35;
#58:
>0:39.92,116.29;39.94,116.31;39.94,116.34;
#59:
>0:40.0,116.33;40.01,116.34;40.0,116.33;40.01,116.33;39.99,116.33;40.02,116.34;39.99,116.33;39.99,116.31;39.98,116.34;40.02,116.35;39.99,116.34;40.02,116.34;40.0,116.34;39.99,116.34;
#60:
>0:39.92,116.32;39.95,116.31;39.98,116.32;39.99,116.32;
#61:
>0:39.96,116.26;39.97,116.27;39.99,116.26;40.05,116.27;
#62:
>0:39.97,116.3;39.99,116.28;40.01,116.27;
#63:
>0:40.0,116.33;40.01,116.33;40.02,116.32;40.03,116.32;40.01,116.33;39.98,116.34;39.99,116.34;
#64:
>0:39.93,116.28;39.95,116.26;39.96,116.26;
#65:
>0:40.02,116.3;39.98,116.32;39.96,116.32;39.94,116.29;39.91,116.24;
#66:
>0:39.95,116.26;39.94,116.27;39.96,116.28;40.0,116.31;40.01,116.35;
#67:
>0:39.92,116.3;39.94,116.27;
#68:
>0:39.96,116.27;39.93,116.27;39.98,116.32;
#69:
>0:39.99,116.34;40.01,116.31;40.0,116.29;40.03,116.28;
#70:
>0:39.98,116.32;39.96,116.33;39.94,116.35;
#71:
>0:39.94,116.28;39.97,116.29;39.99,116.32;39.98,116.33;40.04,116.34;
#72:
>0:40.01,116.32;40.03,116.34;
#73:
>0:39.98,116.28;39.97,116.3;39.97,116.32;
#74:
>0:40.0,116.32;40.0,116.34;40.03,116.32;
#75:
>0:39.98,116.35;40.01,116.36;40.05,116.33;40.03,116.29;
#76:
>0:40.03,116.27;40.02,116.28;
#77:
>0:40.0,116.34;40.02,116.34;40.04,116.33;40.03,116.36;40.03,116.33;40.03,116.33;40.0,116.33;39.99,116.35;40.02,116.34;39.99,116.35;40.01,116.34;40.02,116.31;39.99,116.31;39.99,116.33;40.0,116.35;
#78:
>0:39.99,116.35;40.0,116.31;40.0,116.3;40.0,116.27;
#79:
>0:39.98,116.26;39.95,116.29;39.92,116.26;
#80:
>0:40.0,116.35;39.99,116.32;39.99,116.35;40.02,116.34;39.98,116.34;40.01,116.33;39.98,116.33;39.99,116.31;40.0,116.33;40.02,116.35;40.0,116.34;40.0,116.35;40.0,116.33;40.0,116.34;39.99,116.33;40.02,116.35;40.03,116.34;40.02,116.32;39.98,116.35;
#81:
>0:40.0,116.33;40.01,116.33;40.0,116.34;40.01,116.35;40.0,116.33;40.01,116.33;39.98,116.34;40.01,116.34;39.99,116.34;40.0,116.31;39.96,116.32;39.97,116.28;39.99,116.32;40.0,116.34;39.98,116.34;
#82:
>0:39.99,116.34;39.99,116.31;39.99,116.34;40.02,116.34;39.98,116.34;40.02,116.35;39.99,116.33;40.01,116.35;40.0,116.34;40.01,116.34;39.98,116.34;40.02,116.35;39.99,116.34;40.01,116.33;39.98,116.35;40.0,116.33;40.02,116.31;40.04,116.31;40.01,116.34;40.0,116.34;40.01,116.33;40.0,116.35;40.0,116.35;
#83:
>0:39.98,116.29;39.99,116.27;40.02,116.26;
#84:
>0:39.98,116.27;40.0,116.26;
#85:
>0:40.01,116.26;39.99,116.25;39.96,116.25;39.95,116.26;
#86:
>0:39.92,116.33;39.93,116.36;39.97,116.36;
#87:
>0:39.98,116.34;40.02,116.34;40.0,116.34;40.02,116.34;39.99,116.34;40.01,116.35;40.04,116.34;40.01,116.36;40.03,116.34;40.0,116.31;40.03,116.34;39.98,116.34;40.0,116.34;
#88:
>0:40.04,116.34;40.01,116.33;39.99,116.33;39.96,116.36;39.93,116.35;39.92,116.35;
#89:
>0:39.97,116.25;39.96,116.26;
#90:
>0:40.0,116.33;40.02,116.34;40.02,116.31;40.0,116.34;39.98,116.33;39.98,116.32;39.98,116.34;40.01,116.34;40.0,116.35;40.02,116.33;40.0,116.35;40.0,116.35;
#91:
>0:39.92,116.26;39.91,116.27;39.92,116.3;39.92,116.32;39.92,116.34;
#92:
>0:40.0,116.32;40.0,116.29;40.0,116.27;40.0,116.26;
#93:
>0:39.98,116.34;40.01,116.35;39.99,116.34;40.01,116.34;39.99,116.35;40.01,116.33;40.0,116.35;40.02,116.34;40.0,116.35;40.02,116.34;39.98,116.34;40.02,116.34;40.0,116.35;39.99,116.35;
#94:
>0:40.04,116.29;40.05,116.27;40.0,116.29;39.99,116.32;40.0,116.35;39.98,116.33;40.0,116.33;39.99,116.34;
#95:
>0:39.98,116.35;39.97,116.32;39.99,116.28;
#96:
>0:39.99,116.27;40.02,116.29;40.03,116.31;
#97:
>0:39.94,116.3;39.95,116.32;39.95,116.35;
