#0:
>0:40.02,116.34;39.99,116.33;39.98,116.32;39.99,116.33;39.97,116.35;39.96,116.33;39.98,116.35;40.03,116.33;40.0,116.34;40.01,116.33;39.99,116.33;39.98,116.34;
#1:
>0:39.97,116.37;39.97,116.34;39.96,116.31;
#2:
>0:39.97,116.27;39.95,116.3;39.94,116.32;39.95,116.33;
#3:
>0:40.0,116.34;40.03,116.33;40.0,116.35;39.99,116.33;
#4:
>0:39.99,116.34;40.03,116.34;40.0,116.34;39.99,116.32;40.0,116.34;40.0,116.35;39.99,116.34;40.0,116.34;
#5:
>0:40.02,116.28;40.01,116.29;
#6:
>0:39.94,116.37;39.92,116.34;39.91,116.31;
#7:
>0:39.95,116.24;39.98,116.25;39.94,116.27;39.98,116.32;
#8:
>0:40.04,116.3;40.05,116.31;40.02,116.33;40.0,116.35;39.99,116.34;
#9:
>0:39.99,116.3;39.97,116.31;39.94,116.34;
#10:
>0:39.99,116.34;39.99,116.31;39.99,116.33;40.03,116.33;39.99,116.35;39.98,116.31;39.98,116.34;40.01,116.34;40.0,116.34;40.01,116.34;39.99,116.33;40.02,116.33;40.0,116.34;40.02,116.34;39.98,116.33;40.02,116.33;39.98,116.34;40.0,116.32;40.0,116.34;39.99,116.34;
#11:
>0:40.03,116.24;39.99,116.27;39.96,116.27;39.99,116.31;
#12:
>0:40.0,116.34;40.02,116.35;40.01,116.32;40.04,116.31;40.03,116.28;40.05,116.28;40.0,116.24;39.98,116.25;39.96,116.25;39.99,116.28;39.97,116.25;40.0,116.27;39.97,116.26;39.99,116.28;39.96,116.25;39.94,116.28;39.96,116.29;40.0,116.32;39.99,116.33;40.0,116.32;39.99,116.35;39.99,116.33;40.0,116.35;39.99,116.31;39.98,116.33;39.98,116.32;40.0,116.35;39.97,116.34;40.0,116.33;40.0,116.33;39.99,116.33;40.01,116.34;39.99,116.35;39.99,116.33;40.0,116.35;40.01,116.33;
#13:
>0:40.05,116.36;40.04,116.37;
#14:
>0:40.0,116.35;40.0,116.32;39.99,116.35;40.01,116.33;39.98,116.34;40.0,116.31;40.0,116.35;40.01,116.33;39.98,116.33;40.02,116.33;39.99,116.35;39.98,116.32;39.99,116.35;40.0,116.31;39.98,116.35;39.98,116.35;39.95,116.33;39.97,116.33;40.0,116.34;
#15:
>0:39.93,116.25;39.91,116.27;39.91,116.29;39.91,116.31;
#16:
>0:39.98,116.28;39.98,116.26;40.0,116.26;40.03,116.26;
#17:
>0:39.97,116.31;39.95,116.32;39.96,116.27;
#18:
>0:39.99,116.33;39.99,116.36;40.0,116.34;
#19:
>0:40.01,116.36;40.01,116.34;39.96,116.37;
#20:
>0:39.98,116.31;39.98,116.3;39.94,116.3;39.91,116.3;
#21:
>0:39.91,116.31;39.95,116.33;39.96,116.27;
#22:
>0:39.93,116.35;39.97,116.32;39.99,116.33;40.0,116.3;40.04,116.34;
#23:
>0:39.99,116.34;39.99,116.32;39.99,116.34;39.99,116.34;
#24:
>0:40.03,116.34;39.98,116.34;40.01,116.35;40.0,116.33;40.0,116.37;39.97,116.33;39.99,116.34;40.02,116.34;40.0,116.33;39.98,116.32;40.0,116.34;40.02,116.33;39.99,116.34;39.99,116.34;
#25:
>0:39.94,116.25;39.94,116.27;
#26:
>0:39.99,116.33;40.01,116.33;39.99,116.33;40.02,116.33;39.99,116.34;40.01,116.33;39.98,116.34;40.02,116.33;40.0,116.34;40.02,116.33;40.0,116.35;40.02,116.33;39.99,116.33;40.0,116.35;39.99,116.33;40.03,116.34;40.0,116.33;39.99,116.31;40.0,116.34;40.0,116.33;
#27:
>0:40.01,116.28;39.99,116.28;39.97,116.27;39.96,116.25;39.93,116.25;
#28:
>0:39.93,116.33;39.91,116.35;39.93,116.34;39.97,116.35;39.99,116.33;40.03,116.35;
#29:
>0:40.01,116.28;40.03,116.24;
#30:
>0:39.98,116.34;39.96,116.31;39.91,116.29;
#31:
>0:39.95,116.27;39.98,116.28;40.0,116.31;40.02,116.34;40.01,116.36;
#32:
>0:39.91,116.35;39.94,116.35;39.97,116.33;39.98,116.31;40.01,116.27;
#33:
>0:39.99,116.35;40.02,116.34;39.99,116.33;40.03,116.33;39.99,116.34;39.99,116.33;
#34:
>0:39.95,116.35;39.93,116.34;39.92,116.32;
#35:
>0:39.97,116.32;40.0,116.34;40.02,116.37;
#36:
>0:39.95,116.35;39.97,116.32;39.96,116.3;39.97,116.27;40.01,116.26;
#37:
>0:40.02,116.37;40.01,116.34;39.96,116.36;
#38:
>0:40.0,116.35;40.0,116.33;39.99,116.32;40.0,116.3;40.0,116.27;39.99,116.25;
#39:
>0:40.03,116.34;40.0,116.35;39.99,116.31;39.96,116.29;39.98,116.26;
#40:
>0:39.97,116.36;39.96,116.34;39.98,116.33;39.99,116.3;
#41:
>0:39.98,116.37;39.99,116.35;39.98,116.34;39.99,116.32;39.98,116.27;
#42:
>0:39.98,116.34;39.97,116.37;39.99,116.34;
#43:
>0:39.94,116.37;39.91,116.33;39.91,116.32;
#44:
>0:39.99,116.34;40.03,116.35;40.0,116.35;39.99,116.31;39.99,116.33;40.0,116.31;39.99,116.33;39.99,116.37;39.98,116.34;39.99,116.34;
#45:
>0:39.99,116.34;40.02,116.33;39.98,116.34;40.02,116.34;40.0,116.33;39.99,116.32;39.99,116.34;40.01,116.35;39.99,116.35;40.0,116.33;40.0,116.34;40.01,116.34;39.98,116.33;40.02,116.34;39.98,116.33;40.03,116.33;39.99,116.33;39.99,116.33;39.98,116.34;39.99,116.34;
#46:
>0:39.96,116.29;39.95,116.3;39.92,116.31;
#47:
>0:39.98,116.33;40.02,116.33;39.98,116.34;40.02,116.34;39.99,116.35;40.02,116.34;40.0,116.34;40.0,116.37;40.0,116.34;
#48:
>0:39.91,116.31;39.93,116.31;39.97,116.32;39.95,116.29;39.99,116.33;40.05,116.3;
#49:
>0:40.02,116.35;40.01,116.33;40.0,116.33;40.0,116.31;39.99,116.3;39.97,116.26;
#50:
>0:40.02,116.33;39.99,116.33;40.0,116.36;39.97,116.33;39.99,116.34;40.0,116.31;39.99,116.34;39.98,116.35;
#51:
>0:39.96,116.35;40.0,116.37;40.01,116.34;40.05,116.32;
#52:
>0:39.93,116.29;39.97,116.29;39.91,116.25;
#53:
>0:39.96,116.32;39.98,116.34;40.02,116.37;
#54:
>0:39.98,116.31;39.95,116.32;39.93,116.36;
#55:
>0:40.0,116.35;40.0,116.34;
#56:
>0:39.92,116.33;39.92,116.31;39.94,116.31;39.97,116.3;39.99,116.32;40.04,116.28;
#57:
>0:39.97,116.25;39.95,116.28;39.97,116.29;
#58:
>0:40.05,116.3;40.05,116.28;
#59:
>0:40.02,116.28;40.03,116.26;
#60:
>0:40.03,116.32;39.99,116.31;39.98,116.31;39.93,116.3;39.92,116.32;
#61:
>0:40.04,116.3;40.05,116.26;40.02,116.24;
#62:
>0:40.0,116.33;39.99,116.37;
#63:
>0:40.02,116.33;39.99,116.35;39.99,116.32;40.0,116.34;40.0,116.36;39.98,116.37;39.97,116.35;39.93,116.35;39.96,116.32;39.98,116.32;39.99,116.35;40.02,116.35;40.0,116.34;39.98,116.34;
#64:
>0:40.01,116.31;39.99,116.32;39.99,116.35;39.96,116.35;39.92,116.31;
#65:
>0:39.99,116.33;40.01,116.34;39.99,116.33;40.0,116.35;39.99,116.34;40.01,116.34;40.0,116.33;40.01,116.33;39.99,116.33;40.0,116.31;39.99,116.34;39.98,116.31;39.99,116.34;39.98,116.33;
#66:
>0:39.99,116.31;39.99,116.34;39.94,116.35;
#67:
>0:39.92,116.3;39.94,116.28;39.96,116.25;
#68:
>0:39.99,116.34;40.02,116.34;39.99,116.33;40.0,116.31;39.99,116.33;39.99,116.32;40.01,116.3;40.04,116.27;40.02,116.25;40.05,116.25;40.02,116.27;40.03,116.25;40.03,116.27;40.02,116.26;40.0,116.24;39.96,116.26;39.93,116.27;39.97,116.3;40.0,116.32;40.0,116.34;40.01,116.35;40.0,116.33;39.99,116.31;39.99,116.34;40.0,116.32;40.0,116.33;40.03,116.35;39.98,116.33;40.02,116.34;39.98,116.33;40.0,116.32;39.99,116.34;39.96,116.33;39.99,116.36;40.02,116.33;40.02,116.34;
#69:
>0:40.01,116.27;40.03,116.26;
#70:
>0:40.04,116.3;40.05,116.32;40.05,116.34;39.99,116.33;
#71:
>0:39.93,116.34;39.94,116.31;39.97,116.31;39.98,116.32;
#72:
>0:40.0,116.33;39.99,116.31;39.99,116.33;40.02,116.35;39.99,116.35;40.01,116.34;39.99,116.34;40.03,116.34;39.99,116.35;40.02,116.33;39.99,116.34;39.97,116.33;40.0,116.34;40.01,116.34;39.99,116.34;40.01,116.33;39.99,116.33;40.02,116.34;40.0,116.33;40.0,116.33;
#73:
>0:40.02,116.37;40.02,116.34;39.99,116.34;40.0,116.31;39.96,116.29;39.92,116.25;
#74:
>0:40.01,116.33;39.98,116.35;40.0,116.37;39.97,116.34;39.99,116.35;40.02,116.33;40.0,116.33;40.0,116.32;39.99,116.34;40.01,116.34;40.0,116.35;40.01,116.35;39.98,116.34;39.99,116.34;
#75:
>0:40.02,116.35;39.98,116.35;40.02,116.34;40.0,116.32;
#76:
>0:40.02,116.31;39.99,116.33;39.97,116.32;39.94,116.31;39.92,116.31;
#77:
>0:40.01,116.24;40.0,116.27;39.96,116.28;39.98,116.3;39.91,116.27;
#78:
>0:39.94,116.25;39.97,116.26;39.98,116.27;40.02,116.29;40.05,116.31;
#79:
>0:40.02,116.28;39.99,116.27;39.97,116.27;39.97,116.24;39.93,116.25;
#80:
>0:39.92,116.3;39.92,116.33;39.94,116.31;39.97,116.3;40.01,116.28;
#81:
>0:39.91,116.34;39.95,116.36;39.96,116.34;39.98,116.35;40.01,116.33;40.05,116.34;
#82:
>0:40.01,116.37;40.01,116.33;39.99,116.33;40.0,116.32;39.96,116.3;39.91,116.26;
#83:
>0:39.95,116.27;39.97,116.3;39.94,116.29;39.95,116.32;39.94,116.35;
#84:
>0:39.98,116.34;39.99,116.36;40.01,116.35;40.0,116.34;39.98,116.31;39.99,116.35;39.99,116.33;
#85:
>0:40.02,116.34;39.99,116.36;
#86:
>0:40.0,116.37;40.02,116.34;40.0,116.33;40.02,116.29;
#87:
>0:40.02,116.34;39.98,116.35;39.99,116.31;39.93,116.28;
#88:
>0:40.0,116.33;39.99,116.36;40.0,116.34;
#89:
>0:40.0,116.33;40.03,116.33;39.99,116.34;39.98,116.36;39.98,116.33;
#90:
>0:40.02,116.31;39.99,116.29;39.99,116.26;39.93,116.26;
#91:
>0:40.0,116.33;40.02,116.34;40.01,116.33;40.03,116.34;39.99,116.35;
#92:
>0:39.98,116.24;39.96,116.24;39.94,116.28;39.96,116.29;40.0,116.31;39.99,116.37;
#93:
>0:39.99,116.35;40.0,116.35;40.0,116.35;
#94:
>0:40.04,116.32;40.01,116.29;39.99,116.29;39.97,116.25;
#95:
>0:39.98,116.33;39.98,116.35;39.99,116.33;
#96:
>0:40.0,116.34;40.02,116.33;40.0,116.34;39.98,116.32;39.98,116.34;40.02,116.34;40.0,116.35;40.0,116.32;39.99,116.34;40.02,116.35;39.98,116.35;39.98,116.31;40.0,116.34;39.99,116.31;39.99,116.34;40.01,116.33;39.99,116.34;40.01,116.34;39.99,116.35;40.02,116.33;39.99,116.34;39.99,116.34;
#97:
>0:39.95,116.36;39.92,116.34;39.93,116.31;39.95,116.33;39.96,116.27;
