#0:
>0:40.05,116.31;40.01,116.33;40.01,116.34;39.98,116.28;
#1:
>0:40.02,116.26;39.99,116.25;
#2:
>0:40.02,116.3;40.04,116.32;40.0,116.32;39.95,116.3;
#3:
>0:40.0,116.33;39.96,116.31;39.95,116.29;39.97,116.26;
#4:
>0:39.97,116.3;39.98,116.32;40.03,116.34;
#5:
>0:39.95,116.36;39.96,116.34;39.94,116.3;
#6:
>0:40.0,116.33;39.98,116.37;40.01,116.37;
#7:
>0:39.96,116.29;39.95,116.29;
#8:
>0:39.92,116.32;39.94,116.3;39.97,116.29;39.96,116.31;40.01,116.36;
#9:
>0:39.92,116.3;39.94,116.32;39.96,116.33;39.98,116.32;
#10:
>0:40.05,116.31;40.04,116.34;40.01,116.34;39.99,116.36;39.97,116.34;39.91,116.31;
#11:
>0:39.96,116.31;40.01,116.33;40.02,116.35;
#12:
>0:40.05,116.35;40.02,116.34;40.02,116.33;
#13:
>0:40.05,116.34;40.02,116.34;40.0,116.35;39.96,116.31;
#14:
>0:40.02,116.36;40.04,116.31;40.06,116.32;40.05,116.26;39.99,116.24;
#15:
>0:39.96,116.28;39.98,116.26;40.01,116.29;40.04,116.32;
#16:
>0:39.97,116.28;39.98,116.3;
#17:
>0:40.06,116.29;40.04,116.33;40.0,116.32;39.97,116.27;
#18:
>0:39.92,116.31;39.95,116.29;39.95,116.32;40.0,116.33;
#19:
>0:39.91,116.33;39.95,116.31;39.97,116.35;40.01,116.34;40.01,116.28;
#20:
>0:40.01,116.36;40.01,116.35;39.98,116.35;39.94,116.32;
#21:
>0:39.96,116.26;39.99,116.26;40.01,116.3;40.03,116.33;39.99,116.33;39.96,116.37;
#22:
>0:39.91,116.25;39.95,116.27;
#23:
>0:40.02,116.3;40.03,116.33;40.0,116.32;39.99,116.37;
#24:
>0:39.98,116.35;40.01,116.35;40.03,116.32;40.05,116.32;
#25:
>0:40.0,116.33;40.03,116.32;
#26:
>0:39.94,116.35;39.91,116.33;
#27:
>0:40.01,116.35;40.01,116.34;
#28:
>0:40.0,116.33;39.97,116.33;39.93,116.29;39.98,116.25;
#29:
>0:40.04,116.33;40.01,116.33;40.02,116.35;39.97,116.35;39.96,116.31;39.92,116.3;
#30:
>0:40.01,116.26;39.99,116.24;
#31:
>0:39.91,116.35;39.93,116.31;39.92,116.29;39.94,116.28;
#32:
>0:40.01,116.35;40.02,116.35;40.04,116.34;
#33:
>0:40.02,116.29;40.03,116.34;40.01,116.35;40.0,116.37;
#34:
>0:39.94,116.29;39.96,116.31;40.0,116.33;40.03,116.36;
#35:
>0:40.04,116.34;40.02,116.36;
#36:
>0:39.97,116.35;39.95,116.34;39.92,116.33;39.91,116.3;39.93,116.27;
#37:
>0:39.96,116.31;40.02,116.32;40.02,116.34;
#38:
>0:40.06,116.3;40.03,116.27;40.02,116.26;39.98,116.25;
#39:
>0:39.94,116.26;39.92,116.28;39.93,116.29;
#40:
>0:40.04,116.27;40.02,116.29;40.01,116.33;39.98,116.33;39.94,116.32;
#41:
>0:39.93,116.26;39.93,116.29;39.96,116.32;
#42:
>0:39.91,116.31;39.94,116.29;39.95,116.27;39.97,116.27;40.01,116.27;
#43:
>0:39.96,116.37;39.96,116.36;39.98,116.34;39.96,116.29;
#44:
>0:40.04,116.34;40.03,116.33;40.04,116.32;40.07,116.3;40.04,116.24;
#45:
>0:39.96,116.29;39.99,116.32;40.02,116.34;40.0,116.35;
#46:
>0:39.94,116.31;39.96,116.29;39.99,116.27;40.02,116.28;40.03,116.27;
#47:
>0:39.99,116.36;40.0,116.34;
#48:
>0:40.02,116.25;40.0,116.25;39.96,116.24;39.94,116.25;39.91,116.25;
#49:
>0:39.95,116.28;39.91,116.3;39.92,116.32;39.92,116.36;
#50:
>0:40.03,116.27;40.01,116.29;
#51:
>0:39.91,116.28;39.95,116.3;39.97,116.31;
#52:
>0:39.91,116.29;39.95,116.3;
#53:
>0:40.01,116.33;40.02,116.36;39.99,116.33;40.0,116.35;39.97,116.33;39.98,116.36;39.96,116.34;39.97,116.33;40.01,116.34;40.02,116.35;
#54:
>0:39.97,116.28;39.94,116.31;
#55:
>0:40.03,116.27;40.04,116.29;40.04,116.33;40.02,116.33;39.98,116.36;
#56:
>0:40.02,116.27;40.0,116.25;
#57:
>0:39.91,116.28;39.95,116.29;39.93,116.31;39.96,116.35;39.91,116.36;
#58:
>0:39.99,116.37;40.02,116.36;40.04,116.35;
#59:
>0:39.97,116.36;39.97,116.35;
#60:
>0:39.96,116.25;39.93,116.26;
#61:
>0:39.99,116.34;39.97,116.35;39.98,116.32;39.92,116.28;
#62:
>0:40.05,116.28;40.01,116.29;40.03,116.33;40.01,116.32;39.93,116.33;
#63:
>0:40.06,116.32;40.05,116.28;
#64:
>0:40.01,116.32;39.96,116.3;39.93,116.29;
#65:
>0:39.93,116.33;39.93,116.32;39.91,116.3;39.93,116.28;
#66:
>0:39.97,116.36;40.02,116.35;40.02,116.36;
#67:
>0:39.96,116.36;40.0,116.37;40.0,116.33;
#68:
>0:39.96,116.33;40.0,116.36;
#69:
>0:39.95,116.31;39.98,116.32;
#70:
>0:40.04,116.33;40.03,116.33;39.99,116.3;39.98,116.28;
#71:
>0:39.92,116.28;39.93,116.25;
#72:
>0:40.0,116.35;39.96,116.32;
#73:
>0:39.94,116.36;39.96,116.36;39.96,116.35;39.91,116.3;
#74:
>0:40.01,116.33;39.97,116.32;39.94,116.29;39.91,116.26;
#75:
>0:40.03,116.25;40.01,116.28;39.99,116.3;39.96,116.31;39.96,116.34;39.93,116.35;
#76:
>0:40.05,116.31;40.01,116.33;39.98,116.33;39.97,116.28;
#77:
>0:40.04,116.35;40.02,116.36;40.04,116.32;40.02,116.29;
#78:
>0:39.96,116.34;39.96,116.35;
#79:
>0:40.01,116.34;39.97,116.31;
#80:
>0:39.99,116.28;40.01,116.29;40.01,116.33;40.04,116.33;40.02,116.35;
#81:
>0:40.04,116.33;40.03,116.32;
#82:
>0:39.97,116.35;39.95,116.35;39.91,116.34;
#83:
>0:39.92,116.3;39.95,116.31;
#84:
>0:39.96,116.36;39.92,116.37;39.92,116.34;39.91,116.32;39.95,116.28;
#85:
>0:39.97,116.3;39.98,116.28;40.02,116.25;
#86:
>0:40.06,116.3;40.05,116.28;
#87:
>0:39.95,116.28;39.93,116.3;
#88:
>0:40.05,116.24;40.02,116.26;39.98,116.26;39.96,116.25;39.95,116.24;39.92,116.25;
#89:
>0:39.97,116.36;39.92,116.33;
#90:
>0:40.01,116.34;39.98,116.35;39.97,116.35;39.92,116.28;
#91:
>0:39.96,116.28;39.93,116.31;
#92:
>0:39.92,116.35;39.97,116.36;39.96,116.35;
#93:
>0:40.04,116.36;40.02,116.34;40.04,116.31;40.05,116.3;40.02,116.28;
#94:
>0:39.93,116.26;39.93,116.26;39.97,116.27;39.96,116.29;39.94,116.35;
#95:
>0:40.02,116.3;40.02,116.33;39.97,116.32;
#96:
>0:39.92,116.27;39.92,116.28;39.94,116.33;39.97,116.33;39.91,116.36;
#97:
>0:39.97,116.36;39.95,116.34;39.96,116.35;40.0,116.32;40.01,116.29;40.0,116.26;
