#0:
>0:39.92,116.36;39.95,116.36;39.94,116.34;39.96,116.31;40.0,116.3;40.04,116.28;
#1:
>0:39.99,116.34;40.02,116.34;39.98,116.33;
#2:
>0:39.91,116.29;39.95,116.29;39.96,116.3;
#3:
>0:40.04,116.36;40.02,116.34;39.98,116.33;39.97,116.3;39.94,116.27;39.92,116.25;
#4:
>0:39.97,116.28;40.0,116.3;40.02,116.32;40.0,116.33;40.04,116.36;
#5:
>0:40.04,116.28;40.01,116.3;39.99,116.28;39.97,116.25;
#6:
>0:40.01,116.34;39.99,116.34;40.03,116.33;40.05,116.27;
#7:
>0:39.96,116.37;39.93,116.33;39.94,116.31;39.98,116.31;39.94,116.29;39.96,116.25;
#8:
>0:39.99,116.34;39.96,116.31;40.0,116.3;39.95,116.28;
#9:
>0:39.95,116.32;39.93,116.29;39.92,116.27;
#10:
>0:39.91,116.26;39.95,116.24;39.95,116.27;39.96,116.29;40.02,116.32;
#11:
>0:40.03,116.36;40.02,116.34;40.0,116.32;39.97,116.3;39.95,116.28;39.93,116.26;
#12:
>0:39.92,116.25;39.94,116.25;39.94,116.27;39.96,116.29;39.97,116.33;
#13:
>0:40.0,116.34;39.98,116.31;39.99,116.34;39.99,116.32;40.02,116.35;
#14:
>0:39.99,116.34;39.98,116.34;
#15:
>0:39.99,116.34;40.02,116.34;39.99,116.34;40.02,116.33;40.01,116.35;40.03,116.36;40.02,116.34;39.99,116.35;40.01,116.34;40.0,116.34;40.0,116.32;39.98,116.33;39.96,116.33;39.98,116.36;40.02,116.33;40.0,116.34;39.99,116.34;
#16:
>0:40.04,116.33;40.03,116.31;40.02,116.3;39.98,116.28;
#17:
>0:39.99,116.3;40.0,116.3;
#18:
>0:40.0,116.34;40.03,116.33;40.0,116.33;40.02,116.35;39.99,116.33;40.01,116.33;39.99,116.34;40.02,116.33;40.0,116.35;39.97,116.33;39.98,116.35;39.99,116.33;40.0,116.33;40.0,116.35;39.98,116.32;39.96,116.33;39.99,116.36;39.98,116.35;40.02,116.34;40.0,116.33;40.01,116.34;39.98,116.35;39.98,116.32;39.99,116.35;40.01,116.34;39.98,116.33;39.99,116.32;39.98,116.34;40.01,116.33;39.99,116.35;40.0,116.35;
#19:
>0:40.0,116.33;40.03,116.34;39.98,116.34;40.01,116.34;40.0,116.34;40.02,116.35;39.99,116.33;40.02,116.33;39.99,116.34;40.03,116.34;39.99,116.33;40.03,116.33;40.0,116.34;39.99,116.33;
#20:
>0:39.93,116.29;39.92,116.27;39.97,116.29;
#21:
>0:39.94,116.37;39.93,116.34;39.98,116.34;
#22:
>0:39.98,116.28;39.96,116.28;
#23:
>0:39.91,116.31;39.95,116.33;
#24:
>0:40.0,116.35;40.0,116.33;39.99,116.34;39.99,116.32;40.0,116.34;40.02,116.34;39.99,116.35;40.0,116.35;
#25:
>0:40.0,116.33;40.0,116.28;
#26:
>0:39.98,116.34;40.0,116.33;39.99,116.34;39.99,116.34;
#27:
>0:40.02,116.33;40.0,116.37;
#28:
>0:39.93,116.27;39.93,116.28;39.93,116.32;
#29:
>0:40.02,116.34;39.99,116.33;40.01,116.34;40.0,116.35;39.98,116.32;39.99,116.33;40.02,116.33;39.99,116.35;40.03,116.34;39.99,116.33;40.01,116.34;39.98,116.33;39.98,116.33;
#30:
>0:39.94,116.28;39.98,116.3;39.98,116.32;40.02,116.34;
#31:
>0:39.96,116.35;40.0,116.35;
#32:
>0:39.95,116.34;39.97,116.31;39.95,116.29;39.92,116.28;
#33:
>0:39.98,116.28;39.98,116.26;
#34:
>0:40.04,116.27;40.02,116.29;39.98,116.32;39.97,116.35;
#35:
>0:39.91,116.32;39.93,116.29;39.98,116.27;40.0,116.27;40.01,116.27;
#36:
>0:40.03,116.29;40.01,116.29;
#37:
>0:39.93,116.29;39.95,116.28;39.94,116.25;
#38:
>0:39.98,116.33;40.01,116.33;39.99,116.34;40.02,116.33;39.99,116.34;39.98,116.34;40.0,116.34;
#39:
>0:39.98,116.27;40.02,116.3;40.04,116.3;
#40:
>0:40.0,116.36;40.0,116.33;39.94,116.36;
#41:
>0:39.91,116.37;39.93,116.34;39.96,116.32;39.97,116.3;
#42:
>0:39.93,116.25;39.94,116.25;39.94,116.27;39.97,116.3;39.99,116.3;40.04,116.27;
#43:
>0:39.94,116.27;39.97,116.29;39.99,116.31;40.0,116.34;
#44:
>0:40.02,116.25;40.02,116.27;40.01,116.29;
#45:
>0:39.92,116.37;39.95,116.35;39.96,116.32;39.98,116.29;40.02,116.27;40.02,116.26;
#46:
>0:40.04,116.37;40.02,116.33;39.99,116.35;39.97,116.34;39.96,116.36;39.93,116.34;
#47:
>0:40.04,116.32;40.05,116.35;39.99,116.37;
#48:
>0:39.99,116.31;39.97,116.29;39.98,116.27;
#49:
>0:39.94,116.3;39.95,116.28;40.0,116.32;
#50:
>0:39.91,116.36;39.93,116.36;39.94,116.34;39.91,116.32;39.92,116.29;39.97,116.26;
#51:
>0:40.0,116.36;39.99,116.35;39.96,116.34;39.95,116.37;
#52:
>0:40.0,116.34;40.02,116.34;40.0,116.33;40.03,116.31;40.03,116.3;40.03,116.32;40.01,116.32;39.98,116.35;40.01,116.35;39.98,116.34;40.03,116.34;39.99,116.33;39.98,116.35;
#53:
>0:40.04,116.31;40.01,116.3;
#54:
>0:39.92,116.37;39.93,116.34;39.97,116.32;39.98,116.29;40.03,116.32;40.04,116.27;
#55:
>0:40.01,116.29;39.98,116.28;39.99,116.26;
#56:
>0:39.99,116.26;39.96,116.28;40.0,116.29;40.01,116.32;39.97,116.33;
#57:
>0:40.0,116.35;40.02,116.33;40.0,116.34;40.0,116.32;39.98,116.33;40.01,116.35;39.99,116.33;39.98,116.31;39.99,116.34;39.99,116.33;
#58:
>0:40.02,116.31;40.05,116.34;
#59:
>0:39.99,116.28;39.99,116.29;
#60:
>0:39.99,116.34;40.0,116.34;
#61:
>0:40.05,116.31;40.04,116.33;40.02,116.34;40.0,116.34;39.95,116.36;
#62:
>0:39.98,116.26;39.96,116.26;40.0,116.29;39.96,116.32;
#63:
>0:39.94,116.26;39.95,116.27;39.98,116.29;40.0,116.3;40.04,116.28;
#64:
>0:39.98,116.27;39.97,116.27;
#65:
>0:39.92,116.35;39.95,116.34;39.93,116.31;39.98,116.3;
#66:
>0:39.98,116.34;40.03,116.34;40.0,116.33;40.01,116.33;39.98,116.33;40.02,116.34;39.98,116.33;39.97,116.36;39.95,116.35;39.96,116.35;39.94,116.33;39.92,116.31;39.95,116.33;39.92,116.32;39.95,116.33;39.92,116.33;39.95,116.34;39.92,116.32;39.93,116.33;39.91,116.32;39.95,116.33;39.93,116.32;39.91,116.29;39.94,116.29;39.97,116.32;39.94,116.29;39.93,116.27;39.93,116.3;39.94,116.28;39.97,116.3;39.96,116.31;39.99,116.3;39.96,116.26;39.99,116.29;40.01,116.31;40.04,116.34;40.01,116.34;40.0,116.34;40.02,116.34;39.99,116.35;40.03,116.35;39.99,116.34;39.97,116.37;39.95,116.34;39.94,116.35;39.98,116.36;39.94,116.34;39.96,116.33;40.0,116.31;39.99,116.35;39.98,116.33;
#67:
>0:40.0,116.33;40.0,116.34;
#68:
>0:40.03,116.35;40.01,116.31;40.04,116.29;
#69:
>0:40.02,116.35;39.99,116.33;39.98,116.35;39.95,116.34;39.92,116.3;
#70:
>0:39.95,116.29;39.92,116.32;39.93,116.35;
#71:
>0:39.91,116.26;39.94,116.28;39.97,116.29;40.0,116.29;40.01,116.33;40.04,116.35;
#72:
>0:39.92,116.32;39.95,116.32;39.97,116.32;39.99,116.33;40.02,116.35;
#73:
>0:39.96,116.34;39.96,116.32;
#74:
>0:40.0,116.37;40.0,116.33;39.94,116.33;
#75:
>0:39.94,116.36;39.92,116.35;
#76:
>0:39.97,116.27;39.97,116.28;
#77:
>0:39.98,116.37;39.94,116.34;39.92,116.31;39.91,116.29;39.91,116.27;39.93,116.26;
#78:
>0:40.03,116.35;39.98,116.33;40.0,116.34;39.98,116.34;40.0,116.33;39.98,116.34;40.02,116.36;39.99,116.34;40.02,116.35;40.0,116.35;39.97,116.34;39.99,116.36;39.99,116.35;39.99,116.33;
#79:
>0:39.95,116.28;39.93,116.3;39.93,116.31;39.92,116.34;
#80:
>0:40.0,116.34;39.97,116.32;39.93,116.3;
#81:
>0:39.98,116.34;40.02,116.33;39.99,116.33;39.99,116.32;40.01,116.33;39.99,116.35;39.99,116.31;39.98,116.34;40.0,116.32;39.99,116.33;40.01,116.34;39.99,116.35;40.02,116.34;39.98,116.34;39.99,116.31;40.0,116.34;40.0,116.34;39.99,116.33;40.01,116.34;39.98,116.33;39.99,116.33;
#82:
>0:39.99,116.34;39.99,116.32;40.0,116.34;39.99,116.32;39.99,116.35;40.01,116.33;39.99,116.37;39.97,116.34;40.0,116.35;40.01,116.34;40.0,116.34;39.99,116.35;
#83:
>0:39.98,116.35;39.98,116.36;40.01,116.36;
#84:
>0:40.01,116.35;39.98,116.31;39.97,116.3;39.93,116.28;
#85:
>0:39.92,116.27;39.93,116.24;39.95,116.27;39.97,116.29;39.99,116.29;40.04,116.28;
#86:
>0:39.97,116.35;39.99,116.34;40.01,116.33;
#87:
>0:39.97,116.29;40.0,116.28;40.01,116.32;40.05,116.32;
#88:
>0:40.01,116.37;39.99,116.34;39.98,116.32;39.95,116.36;
#89:
>0:39.95,116.27;39.96,116.29;39.97,116.31;40.01,116.3;
#90:
>0:40.0,116.33;40.01,116.35;39.99,116.34;40.01,116.35;40.0,116.34;40.0,116.33;40.0,116.34;40.01,116.33;40.0,116.33;40.02,116.35;39.99,116.33;40.02,116.33;39.98,116.33;40.0,116.31;39.98,116.33;40.02,116.33;40.0,116.34;40.02,116.34;40.0,116.34;40.01,116.34;39.99,116.34;39.99,116.31;40.0,116.34;40.01,116.33;40.0,116.33;39.99,116.31;39.99,116.33;39.97,116.33;39.99,116.32;40.0,116.34;40.01,116.34;39.98,116.35;40.02,116.33;39.98,116.34;40.0,116.34;39.99,116.35;39.99,116.31;39.98,116.34;40.02,116.34;40.0,116.33;39.99,116.31;39.99,116.33;40.01,116.34;39.99,116.34;39.99,116.31;39.98,116.35;39.99,116.31;40.0,116.34;39.99,116.32;39.99,116.33;39.98,116.32;40.0,116.34;40.01,116.35;39.98,116.34;40.01,116.35;39.99,116.34;39.98,116.31;39.99,116.33;40.01,116.34;39.98,116.34;39.99,116.33;
#91:
>0:39.96,116.27;39.99,116.29;40.01,116.33;40.05,116.27;
#92:
>0:40.01,116.35;40.03,116.32;40.01,116.29;40.01,116.28;40.01,116.26;
#93:
>0:39.91,116.33;39.92,116.31;39.91,116.3;39.91,116.27;39.92,116.26;
#94:
>0:40.04,116.33;40.01,116.29;39.98,116.27;39.96,116.3;39.95,116.27;39.92,116.31;
#95:
>0:40.01,116.32;39.98,116.33;
#96:
>0:40.01,116.25;39.98,116.27;39.97,116.3;39.94,116.29;
#97:
>0:39.94,116.25;39.93,116.26;39.97,116.29;39.99,116.29;40.05,116.27;
