#0:
>0:32.22,85.01;30.5,106.18;31.66,110.04;34.74,126.79;31.01,126.87;
#1:
>0:25.95,88.12;18.78,97.27;24.28,104.27;36.17,114.59;
#2:
>0:43.39,126.88;38.71,120.96;32.07,120.99;32.69,125.99;25.49,125.59;
#3:
>0:29.95,106.2;34.57,111.61;33.35,129.5;
#4:
>0:42.59,116.53;43.42,124.27;
#5:
>0:32.93,77.29;35.4,91.3;43.26,101.72;
#6:
>0:34.38,120.38;33.86,110.5;33.0,102.44;34.89,88.85;33.5,78.36;
#7:
>0:21.71,87.81;25.55,91.74;31.44,78.18;
#8:
>0:33.65,103.65;27.48,107.31;24.29,95.81;21.23,98.05;
#9:
>0:33.61,108.39;34.56,98.06;39.52,88.14;42.09,80.0;
#10:
>0:26.97,96.15;24.18,103.89;23.15,118.88;27.1,128.62;
#11:
>0:33.23,105.58;42.38,121.75;43.78,121.01;
#12:
>0:26.42,111.25;27.84,110.23;35.49,108.86;38.04,117.57;42.64,123.67;
#13:
>0:31.34,108.84;25.43,97.77;
#14:
>0:38.91,102.28;33.77,87.24;
#15:
>0:22.3,98.55;25.74,96.97;28.91,103.2;33.54,111.42;
#16:
>0:29.93,124.56;34.23,113.37;34.34,107.63;44.23,102.5;
#17:
>0:30.99,102.55;26.97,100.46;21.2,86.14;
#18:
>0:42.16,99.75;37.66,92.88;32.91,92.08;31.36,107.65;25.11,77.28;
#19:
>0:33.46,120.13;31.67,102.85;24.12,101.24;20.83,100.09;
#20:
>0:29.23,81.95;24.92,88.68;23.17,94.24;25.77,104.55;25.21,112.86;23.48,125.51;
#21:
>0:31.64,103.78;25.74,119.8;26.5,122.55;
#22:
>0:24.89,101.08;26.79,108.17;25.81,118.1;27.01,122.6;
#23:
>0:30.14,124.75;25.13,120.03;20.55,114.12;
#24:
>0:32.69,88.76;27.89,108.28;26.16,109.58;19.65,118.38;
#25:
>0:39.64,106.94;42.31,104.67;43.99,101.41;41.42,82.22;
#26:
>0:23.3,98.41;28.79,101.75;34.84,108.72;41.1,123.71;
#27:
>0:21.21,100.43;26.13,107.63;31.04,117.64;34.97,115.51;37.93,97.74;
#28:
>0:19.56,80.73;25.89,86.33;19.34,102.75;24.9,109.34;35.21,120.24;38.34,127.16;
#29:
>0:39.81,127.98;33.73,119.4;43.4,105.6;
#30:
>0:28.62,91.39;31.75,100.73;36.01,108.56;41.55,119.24;
#31:
>0:24.69,117.75;30.18,107.13;32.21,103.76;37.27,95.73;
#32:
>0:40.46,122.92;42.2,122.79;
#33:
>0:45.6,119.09;40.79,111.51;36.38,100.82;33.87,88.27;
#34:
>0:45.39,123.44;43.19,120.54;
#35:
>0:29.84,88.74;29.57,107.9;31.43,110.98;42.78,118.11;
#36:
>0:33.7,121.36;23.51,117.92;20.55,118.58;
#37:
>0:43.38,112.76;38.49,104.64;35.46,101.72;30.74,90.32;27.69,80.66;
#38:
>0:25.75,89.63;19.59,96.85;25.73,105.02;32.18,120.45;
#39:
>0:35.46,126.54;32.93,123.88;27.96,107.24;28.07,107.46;26.79,90.43;29.15,83.64;
#40:
>0:24.67,116.49;26.27,108.77;31.2,106.63;32.94,107.03;44.19,113.55;
#41:
>0:33.37,114.44;35.4,121.42;
#42:
>0:21.99,126.78;27.39,114.0;27.96,107.79;35.98,103.96;33.45,96.69;43.01,91.19;
#43:
>0:23.04,96.69;30.12,102.82;34.98,104.04;39.86,127.42;
#44:
>0:39.74,93.19;37.19,84.59;
#45:
>0:20.96,96.34;24.58,97.24;
#46:
>0:31.51,124.48;27.55,105.96;
#47:
>0:34.12,124.68;25.89,117.47;27.05,108.66;21.14,99.44;21.28,85.78;27.55,81.81;
#48:
>0:24.43,129.39;20.57,114.57;
#49:
>0:35.2,117.6;38.15,108.7;43.35,109.13;43.94,100.39;45.68,78.35;
#50:
>0:30.05,104.19;35.05,110.86;38.18,105.31;34.73,129.07;
#51:
>0:23.18,119.78;32.16,121.17;
#52:
>0:23.65,92.92;21.31,96.69;23.02,110.12;35.96,118.33;
#53:
>0:38.15,80.07;36.79,91.81;40.14,99.28;
#54:
>0:31.77,93.38;31.23,105.23;30.1,105.27;32.23,115.48;
#55:
>0:18.71,92.09;22.98,90.16;29.99,80.13;
#56:
>0:26.53,109.05;31.01,105.25;27.58,88.83;
#57:
>0:24.08,79.84;23.99,92.62;19.92,101.14;22.4,105.32;
#58:
>0:32.93,79.66;32.62,86.04;24.5,86.37;
#59:
>0:21.67,92.96;24.16,95.96;28.82,107.8;31.95,126.43;31.04,124.95;
#60:
>0:39.64,77.91;37.74,88.9;33.83,90.67;34.19,108.73;
#61:
>0:41.3,127.13;41.36,119.0;32.21,110.46;
#62:
>0:30.04,126.56;32.67,122.62;
#63:
>0:20.52,91.01;26.72,100.95;31.67,105.67;31.48,108.76;36.79,94.72;
#64:
>0:25.12,120.93;32.67,119.66;36.18,116.45;32.84,105.84;45.42,111.95;
#65:
>0:37.49,129.29;35.99,113.7;30.73,110.22;31.46,101.18;
#66:
>0:40.91,98.49;34.84,97.04;38.37,84.05;
#67:
>0:38.58,126.03;33.39,117.81;30.94,120.35;
#68:
>0:38.64,78.59;40.44,88.71;36.23,90.12;31.26,104.6;34.59,106.88;45.01,126.99;
#69:
>0:39.4,99.91;33.13,95.54;
#70:
>0:24.31,126.98;34.26,121.19;
#71:
>0:41.91,88.64;43.3,80.47;
#72:
>0:44.16,127.48;42.71,114.3;39.34,111.22;28.38,107.55;
#73:
>0:42.77,120.79;44.36,113.45;37.62,107.24;38.45,94.29;37.82,89.78;
#74:
>0:32.01,109.6;25.27,109.4;21.11,105.58;
#75:
>0:42.68,118.88;38.71,119.12;
#76:
>0:31.2,78.31;23.43,89.74;25.31,94.93;26.4,103.72;26.04,113.66;26.34,121.48;
#77:
>0:32.06,117.77;32.55,109.97;34.01,95.55;33.64,89.83;35.34,82.97;
#78:
>0:44.2,118.57;33.64,127.56;30.53,125.94;26.19,125.2;21.08,126.76;
#79:
>0:20.06,80.68;20.05,91.86;26.32,91.48;19.8,100.89;25.85,111.52;18.61,128.98;
#80:
>0:32.75,103.19;28.63,107.18;23.08,93.46;24.06,84.22;
#81:
>0:42.39,122.27;42.94,116.51;
#82:
>0:27.36,86.19;29.49,107.05;31.49,109.97;39.26,102.84;
#83:
>0:24.9,85.02;19.09,99.68;24.42,104.7;35.17,114.27;
#84:
>0:43.71,120.41;41.1,124.16;
#85:
>0:18.57,113.15;23.41,105.2;33.03,117.13;33.62,120.34;37.37,95.12;
#86:
>0:26.29,115.06;30.14,117.34;34.61,117.61;33.51,103.1;41.8,118.16;
#87:
>0:36.07,87.32;30.59,107.75;27.7,103.08;32.02,116.17;31.77,122.35;
#88:
>0:35.81,76.91;31.53,88.93;32.22,92.79;27.56,103.06;25.05,109.69;20.03,123.58;
#89:
>0:43.79,118.49;37.19,105.85;33.34,100.42;28.32,106.85;
#90:
>0:29.64,101.96;34.53,91.79;37.49,80.23;
#91:
>0:27.49,104.2;32.49,107.53;38.7,91.17;
#92:
>0:43.97,85.32;43.25,95.71;
#93:
>0:23.04,126.62;32.57,121.87;36.42,118.5;41.98,122.83;
#94:
>0:38.87,116.3;41.8,119.09;
#95:
>0:20.08,90.54;27.1,96.78;28.26,106.94;36.42,109.98;32.63,121.83;
#96:
>0:35.9,81.37;32.44,84.96;44.87,89.75;
#97:
>0:38.33,126.38;40.61,123.49;
#98:
>0:33.11,105.17;33.31,125.44;24.83,118.08;19.5,117.84;
#99:
>0:42.05,99.31;39.84,110.05;34.19,114.26;31.41,123.93;26.82,122.98;22.38,124.64;
#100:
>0:33.6,124.0;24.58,118.39;21.56,119.38;
#101:
>0:20.95,83.15;25.35,93.09;31.87,108.72;
#102:
>0:21.48,102.04;24.55,95.44;30.39,104.73;33.92,109.32;43.75,120.86;41.46,128.05;
#103:
>0:22.06,86.54;23.78,102.27;31.02,104.39;34.14,106.62;38.34,101.72;
#104:
>0:26.83,128.74;35.55,119.17;35.28,113.76;40.28,108.66;43.57,99.55;44.44,81.49;
#105:
>0:26.34,120.74;33.42,129.46;
#106:
>0:41.91,120.5;39.64,122.22;
#107:
>0:23.7,119.11;26.37,117.17;
#108:
>0:44.57,117.77;40.22,124.74;
#109:
>0:41.52,81.71;38.95,81.76;40.69,86.78;34.55,88.98;29.64,101.55;22.34,80.46;
#110:
>0:40.52,125.56;35.62,112.17;34.56,116.24;
#111:
>0:43.99,121.57;40.63,122.3;
#112:
>0:40.3,120.75;42.0,123.77;
#113:
>0:19.86,111.8;26.3,107.98;25.13,93.87;27.8,106.41;37.14,101.55;
#114:
>0:33.74,79.07;31.39,87.53;
#115:
>0:44.27,128.35;42.47,115.69;39.43,103.54;35.34,94.41;41.15,88.13;41.72,79.99;
#116:
>0:28.16,88.4;31.49,106.54;40.62,102.4;
#117:
>0:34.56,113.2;32.24,120.76;
#118:
>0:34.85,93.02;28.61,106.62;29.62,110.16;33.82,118.38;32.92,120.69;
#119:
>0:27.62,79.4;28.66,85.96;29.42,106.03;31.23,104.76;32.47,120.15;30.69,122.38;
#120:
>0:42.5,102.8;44.13,123.81;35.42,127.36;33.36,124.89;
#121:
>0:19.2,86.62;22.27,81.95;
#122:
>0:27.0,118.72;31.12,129.22;
#123:
>0:20.4,108.44;18.97,101.78;26.18,105.64;31.66,108.09;33.45,94.23;42.27,89.72;
#124:
>0:39.47,121.34;43.0,118.04;
#125:
>0:28.27,77.25;27.55,92.03;28.38,105.88;27.32,110.54;34.99,120.15;
#126:
>0:19.82,102.82;21.79,100.12;26.6,106.3;29.62,108.39;35.65,100.77;45.07,93.17;
#127:
>0:22.28,102.8;20.27,96.63;21.92,88.91;30.36,78.04;
#128:
>0:40.83,117.03;42.36,118.47;
#129:
>0:33.29,95.85;29.32,103.04;41.61,117.87;
#130:
>0:24.55,126.92;33.06,122.18;
#131:
>0:39.92,83.53;40.1,88.46;34.55,89.62;31.98,109.12;33.22,110.18;34.54,127.03;
#132:
>0:33.47,125.78;33.8,119.46;41.28,126.33;
#133:
>0:45.07,93.29;38.28,82.44;35.88,80.81;
#134:
>0:27.23,92.56;31.75,102.75;
#135:
>0:21.43,90.36;26.49,102.67;29.0,108.45;32.07,104.72;40.31,100.86;
#136:
>0:35.7,109.02;35.61,122.36;26.46,114.22;22.62,113.93;
#137:
>0:34.68,83.08;35.3,85.42;27.56,105.61;31.06,103.12;33.09,110.13;34.15,129.31;
#138:
>0:32.68,92.85;31.33,108.3;29.36,108.75;42.98,116.91;
#139:
>0:40.11,121.45;35.63,127.69;31.07,128.34;24.89,128.8;22.19,128.63;
#140:
>0:43.53,117.3;40.55,125.57;
#141:
>0:44.78,95.45;37.21,108.54;33.7,103.53;31.76,107.58;26.82,110.97;20.61,106.85;
#142:
>0:38.32,95.59;34.27,91.38;
#143:
>0:44.38,91.14;37.79,97.83;33.48,103.81;32.11,123.71;24.16,122.85;21.46,121.21;
#144:
>0:36.55,86.07;40.49,100.33;41.09,107.63;
#145:
>0:19.85,129.17;26.35,129.27;32.35,127.62;33.96,116.92;38.72,111.44;42.21,86.94;
#146:
>0:40.8,87.89;32.73,87.04;37.28,111.18;
#147:
>0:43.43,87.63;42.64,78.96;
#148:
>0:20.18,110.0;18.54,103.98;
#149:
>0:34.65,117.37;33.72,121.55;
#150:
>0:20.78,105.19;21.63,97.05;21.75,87.19;
#151:
>0:21.13,105.33;22.83,100.54;26.79,104.14;28.15,105.04;36.51,99.37;41.74,89.09;
#152:
>0:38.5,83.14;37.85,92.45;34.48,88.87;28.55,109.28;34.46,109.21;44.26,124.0;
#153:
>0:41.75,118.0;42.19,121.25;
#154:
>0:44.49,110.83;40.79,101.19;35.5,86.99;27.97,93.22;24.5,85.66;
#155:
>0:20.49,115.76;18.7,107.67;20.66,100.71;21.15,89.97;20.17,77.73;
#156:
>0:40.75,116.02;40.65,124.73;
#157:
>0:21.45,119.34;21.8,116.69;
#158:
>0:26.05,99.33;30.17,101.53;35.49,109.71;
#159:
>0:42.22,110.34;40.99,119.96;36.41,114.43;30.38,114.46;26.46,116.03;
#160:
>0:34.5,82.23;35.33,92.91;43.7,100.65;
#161:
>0:25.1,85.97;19.97,101.62;23.94,110.57;36.22,117.53;
#162:
>0:36.2,122.03;32.6,117.92;41.95,107.77;
#163:
>0:35.65,113.9;28.66,103.0;24.38,98.2;20.88,95.67;
#164:
>0:32.64,90.46;40.03,97.43;38.73,109.76;
#165:
>0:25.83,99.51;26.0,109.23;23.32,112.59;25.49,128.34;
#166:
>0:32.9,126.32;23.22,112.95;23.55,110.14;28.72,106.6;
#167:
>0:19.63,99.1;23.01,101.18;27.66,106.76;35.13,111.2;37.34,109.92;
#168:
>0:27.96,91.83;30.0,100.84;29.24,106.35;34.4,107.47;38.07,125.34;
#169:
>0:28.78,85.5;25.91,83.13;22.03,88.19;
#170:
>0:23.71,77.36;23.73,88.84;19.35,102.35;21.67,105.69;
#171:
>0:33.43,124.61;32.09,118.14;
#172:
>0:20.97,110.67;19.52,110.8;
#173:
>0:28.53,105.98;34.65,110.81;35.74,94.02;45.17,87.44;
#174:
>0:39.79,80.23;40.72,85.82;36.27,85.42;32.1,105.13;
#175:
>0:43.15,81.93;37.34,88.78;33.02,86.87;28.17,106.82;24.0,120.02;
#176:
>0:25.73,81.43;22.84,93.46;
#177:
>0:20.35,120.03;19.37,107.51;20.5,98.91;24.05,86.22;
#178:
>0:28.06,90.16;26.16,84.08;19.06,90.62;
#179:
>0:32.84,81.87;34.33,88.38;30.12,109.09;31.29,109.03;42.96,124.97;
#180:
>0:23.81,108.18;29.95,121.39;
#181:
>0:27.51,92.23;31.55,104.76;34.7,108.13;44.33,102.66;
#182:
>0:28.33,103.79;26.79,105.92;19.13,104.23;
#183:
>0:22.53,101.03;26.02,102.72;27.98,102.21;32.01,110.09;35.78,94.71;45.59,98.92;
#184:
>0:28.17,87.55;25.57,89.67;
#185:
>0:27.09,100.87;30.02,103.74;33.34,105.19;
#186:
>0:29.99,89.27;27.56,107.08;28.2,108.34;34.75,120.7;33.72,127.64;
#187:
>0:22.36,96.56;24.83,109.27;28.06,104.88;
#188:
>0:33.66,109.16;39.15,108.79;42.13,90.42;
#189:
>0:32.78,109.05;31.56,104.8;22.84,103.61;
#190:
>0:33.2,121.74;27.91,114.76;26.43,104.62;18.33,101.18;20.86,88.48;26.19,76.3;
#191:
>0:41.02,88.66;32.33,85.07;30.6,107.08;42.69,116.76;
#192:
>0:18.63,123.21;26.04,114.96;27.26,106.14;36.11,111.11;
#193:
>0:25.9,80.54;21.78,93.56;23.63,89.07;20.06,94.01;26.15,106.82;20.39,121.45;
#194:
>0:34.32,117.5;30.2,107.81;23.38,94.92;18.29,94.17;
#195:
>0:30.95,111.19;24.52,103.16;
#196:
>0:44.41,83.57;39.57,93.25;34.88,87.91;31.65,106.97;32.62,103.6;37.88,128.39;
#197:
>0:45.31,114.27;39.01,121.09;34.33,118.13;32.0,123.6;27.16,118.76;20.83,119.81;
#198:
>0:20.23,87.69;26.14,89.95;30.39,78.14;
#199:
>0:38.59,92.62;35.62,85.97;31.08,100.6;41.04,118.87;
#200:
>0:31.98,86.48;27.92,102.34;37.45,100.38;
#201:
>0:30.48,85.58;29.92,102.48;22.22,93.37;
#202:
>0:36.5,77.55;32.79,86.75;43.45,96.64;
#203:
>0:35.61,108.4;35.75,94.1;39.89,86.96;43.41,77.35;
#204:
>0:40.66,100.41;36.41,92.31;
#205:
>0:19.68,92.31;26.9,96.07;31.85,106.38;
#206:
>0:25.61,108.17;33.97,124.65;35.43,105.05;
#207:
>0:40.85,118.26;34.23,104.88;27.68,107.94;28.94,92.68;
#208:
>0:34.19,93.56;29.44,106.34;24.97,110.92;20.15,117.69;20.48,121.68;
#209:
>0:39.35,86.01;33.25,87.64;27.67,105.08;43.33,119.64;
#210:
>0:27.03,119.01;22.82,119.73;21.63,94.5;
#211:
>0:43.04,102.71;40.62,102.95;33.72,116.36;33.77,124.06;23.59,128.95;
#212:
>0:29.08,108.63;26.44,105.36;19.6,104.58;
#213:
>0:30.32,127.77;36.15,118.96;38.5,110.61;44.54,96.28;
#214:
>0:27.51,84.72;34.31,86.83;33.17,101.78;42.53,104.45;
#215:
>0:41.16,120.86;34.98,113.24;30.68,111.46;29.22,106.88;28.16,86.22;
#216:
>0:41.99,105.8;41.68,118.89;42.37,125.45;
#217:
>0:23.53,102.57;31.19,108.85;35.01,111.46;36.81,111.28;42.6,95.98;
#218:
>0:25.72,87.17;31.56,86.21;32.05,92.93;
#219:
>0:43.89,121.75;40.83,117.54;
#220:
>0:32.92,98.57;31.7,104.91;25.7,117.79;20.45,122.4;
#221:
>0:39.69,122.32;32.01,104.29;30.85,108.82;
#222:
>0:37.46,100.73;40.76,85.61;
#223:
>0:34.36,77.13;35.71,92.57;36.56,97.77;
#224:
>0:42.91,76.78;38.7,85.43;32.68,86.84;27.62,103.85;33.37,104.18;40.88,126.7;
#225:
>0:41.1,79.11;38.35,90.73;33.83,88.72;33.05,107.91;
#226:
>0:18.71,88.67;22.94,94.68;30.05,104.17;32.06,104.39;36.93,101.2;
#227:
>0:28.36,105.62;30.37,109.22;41.5,122.23;
#228:
>0:38.11,97.32;35.04,101.63;
#229:
>0:42.83,117.03;38.51,104.68;43.65,100.39;
#230:
>0:32.84,111.51;38.44,107.43;42.97,100.85;45.15,81.82;
#231:
>0:39.84,108.5;35.07,102.67;40.24,91.73;45.26,83.96;
#232:
>0:37.19,96.37;32.15,96.89;28.7,101.94;24.63,101.42;
#233:
>0:22.54,116.51;23.44,117.39;32.12,123.61;34.12,120.44;40.29,120.67;
#234:
>0:42.54,128.97;38.18,125.7;33.38,123.88;30.48,123.93;23.17,125.0;
#235:
>0:41.09,91.55;34.64,85.5;28.4,102.3;24.22,108.62;21.6,92.62;
#236:
>0:27.08,125.93;31.54,113.24;32.5,105.35;
#237:
>0:33.5,115.07;29.33,107.0;
#238:
>0:28.07,91.26;24.73,78.73;20.57,92.76;
#239:
>0:20.6,78.31;25.97,86.47;25.31,98.3;
#240:
>0:44.9,103.83;37.74,94.23;36.2,91.56;28.39,84.94;
#241:
>0:24.29,87.93;25.48,94.73;23.44,108.57;
#242:
>0:42.55,118.51;40.51,119.38;
#243:
>0:38.52,121.0;40.51,119.45;
#244:
>0:19.92,120.87;27.3,112.42;23.99,103.23;31.58,107.18;37.37,91.99;
#245:
>0:40.73,96.59;33.62,97.68;
#246:
>0:23.25,122.57;30.96,126.86;
#247:
>0:45.14,101.23;38.77,110.52;34.56,118.85;31.7,123.31;24.65,126.84;
#248:
>0:41.64,81.69;36.76,91.88;35.37,91.34;30.03,102.38;35.77,105.72;41.11,129.32;
#249:
>0:38.6,99.25;34.1,90.14;28.82,108.64;23.64,106.24;22.63,87.12;
#250:
>0:44.71,104.88;37.65,95.56;34.28,86.92;30.35,89.93;23.18,87.89;
#251:
>0:26.51,99.68;31.15,105.93;32.91,109.96;34.58,101.21;43.43,102.25;
#252:
>0:22.06,113.31;21.84,107.63;20.06,96.57;21.59,89.55;25.68,78.28;
#253:
>0:42.4,117.59;35.95,107.37;27.61,106.91;25.06,87.2;31.1,77.47;
#254:
>0:43.92,84.23;40.85,88.35;34.76,101.87;27.61,109.13;
#255:
>0:25.51,112.61;25.53,107.14;32.47,123.48;39.05,127.8;
#256:
>0:40.72,124.92;35.08,126.72;32.88,120.79;22.97,120.72;19.09,123.57;
#257:
>0:41.23,106.93;38.03,99.31;35.5,92.48;31.29,108.09;23.56,82.38;
#258:
>0:40.62,125.49;42.24,119.92;
#259:
>0:18.78,78.17;25.36,89.22;28.29,107.51;
#260:
>0:43.7,122.4;41.97,115.26;38.53,103.64;33.43,96.36;32.98,86.99;
#261:
>0:29.79,122.72;31.42,111.51;
#262:
>0:26.43,106.31;26.59,117.34;
#263:
>0:28.94,76.34;33.33,91.84;35.74,96.89;42.58,104.02;
#264:
>0:25.73,128.75;32.84,122.32;32.43,108.56;35.26,101.79;35.62,93.09;
#265:
>0:20.45,113.14;20.95,104.87;18.41,101.45;20.86,87.26;31.77,82.34;
#266:
>0:36.22,120.3;30.07,128.11;
#267:
>0:18.37,119.57;24.8,119.55;26.05,104.48;29.45,110.19;42.15,120.59;
#268:
>0:42.75,122.42;41.72,117.2;
#269:
>0:25.5,80.09;18.29,87.1;
#270:
>0:40.2,88.1;34.04,88.71;36.93,104.17;
#271:
>0:19.33,85.68;19.23,90.1;
#272:
>0:45.62,92.31;36.82,81.51;33.14,81.77;
#273:
>0:20.84,104.99;20.58,97.83;24.53,105.85;31.32,105.27;36.35,96.41;43.78,86.94;
#274:
>0:34.72,110.13;32.88,96.89;39.17,87.02;43.75,82.21;
#275:
>0:19.23,111.79;26.18,109.0;31.85,117.84;32.74,109.58;
#276:
>0:21.17,97.54;19.57,85.24;23.54,79.57;
#277:
>0:34.07,84.69;33.01,93.39;43.09,88.06;
#278:
>0:32.75,112.61;35.37,109.37;36.45,100.68;33.0,92.81;32.55,77.51;
#279:
>0:33.81,124.41;33.9,116.89;
#280:
>0:20.51,106.08;21.66,94.5;26.24,88.94;
#281:
>0:33.43,92.72;29.71,106.13;26.38,107.0;31.95,119.93;
#282:
>0:35.54,101.33;31.38,103.97;22.96,117.38;21.07,121.52;
#283:
>0:44.62,123.86;42.93,120.28;36.85,106.9;43.12,105.01;44.44,99.6;45.49,81.48;
#284:
>0:34.12,127.8;33.63,114.47;32.19,103.39;43.04,98.62;
#285:
>0:18.69,87.35;25.3,96.37;28.11,102.34;31.91,106.15;38.48,96.61;
#286:
>0:25.93,85.74;28.37,105.76;33.24,109.29;37.13,101.2;
#287:
>0:19.12,98.9;19.02,86.08;27.24,83.27;
#288:
>0:18.48,92.44;26.45,93.89;28.63,104.65;33.74,104.11;33.34,125.62;
#289:
>0:27.12,97.28;25.45,105.96;25.12,120.65;23.31,125.92;
#290:
>0:43.28,126.41;42.88,118.01;
#291:
>0:44.91,108.3;39.71,96.74;34.42,89.76;28.47,89.38;
#292:
>0:36.33,114.88;32.01,115.12;23.72,114.68;
#293:
>0:42.1,121.41;34.35,105.05;31.85,108.58;27.82,92.54;
#294:
>0:31.69,83.55;30.39,86.24;30.27,103.22;28.62,105.96;28.82,119.92;32.04,129.34;
#295:
>0:23.23,85.17;28.94,90.29;36.35,89.77;
#296:
>0:40.12,117.31;42.44,125.23;
#297:
>0:41.08,116.31;39.97,125.64;
#298:
>0:27.88,88.94;29.57,107.95;36.2,105.23;41.89,95.99;
#299:
>0:18.98,88.33;18.32,91.08;
#300:
>0:32.66,125.85;24.18,118.87;23.0,107.76;19.28,98.06;22.2,86.71;31.02,82.1;
#301:
>0:22.44,88.45;25.08,97.83;29.62,107.74;31.41,109.03;36.55,106.92;43.6,119.55;
#302:
>0:25.04,87.78;19.83,97.55;24.59,108.37;33.95,115.19;
#303:
>0:45.25,97.42;37.88,111.16;35.18,113.64;31.74,120.68;26.63,124.78;
#304:
>0:42.75,124.23;41.82,122.7;
#305:
>0:40.23,83.95;38.71,90.15;28.49,101.79;
#306:
>0:38.91,82.94;33.94,88.26;28.19,103.35;25.59,107.62;20.79,116.77;
#307:
>0:21.14,85.67;25.29,100.76;31.88,105.29;34.87,107.89;34.23,121.27;
#308:
>0:25.38,90.91;31.26,102.74;
#309:
>0:39.9,119.76;43.37,116.24;
#310:
>0:22.54,90.12;26.74,96.76;27.76,109.44;34.51,118.56;30.78,128.0;
#311:
>0:31.54,76.68;35.42,92.09;38.54,100.37;41.68,87.44;
#312:
>0:26.51,112.02;28.57,107.85;35.24,93.94;35.01,86.1;
#313:
>0:22.29,104.87;18.7,118.45;19.66,122.72;
#314:
>0:37.77,79.4;40.86,93.52;30.12,101.2;
#315:
>0:24.4,90.82;28.78,100.59;31.19,107.17;33.04,103.93;41.9,95.49;
#316:
>0:26.29,123.58;30.62,125.68;
#317:
>0:30.71,78.94;29.29,85.55;30.35,102.36;30.66,110.89;33.84,124.12;30.04,127.11;
#318:
>0:32.28,83.34;35.66,85.34;39.05,96.36;43.36,96.81;37.94,110.17;33.93,129.57;
#319:
>0:44.04,116.5;40.05,124.65;
#320:
>0:26.45,108.13;27.65,109.43;34.63,97.96;
#321:
>0:21.36,129.52;24.86,112.61;31.0,125.75;32.88,120.2;38.47,111.47;
