#0:
>0:40.17,117.77;40.76,117.86;
#1:
>0:26.71,93.37;26.02,99.06;21.68,107.73;
#2:
>0:31.64,114.06;32.95,112.22;41.02,121.93;42.03,120.11;
#3:
>0:31.37,126.54;24.28,113.11;29.79,115.65;37.76,98.38;
#4:
>0:39.03,82.2;39.49,89.94;33.76,92.98;29.9,94.95;18.35,105.78;
#5:
>0:28.49,101.35;34.3,100.94;36.62,101.24;
#6:
>0:43.85,87.77;39.14,94.99;36.12,106.51;28.51,114.55;27.2,120.99;
#7:
>0:25.83,121.89;29.26,113.21;34.71,106.16;36.73,94.61;43.48,101.7;
#8:
>0:27.51,90.75;28.35,88.93;
#9:
>0:39.72,119.81;40.55,120.51;
#10:
>0:22.46,101.66;26.51,108.82;26.75,102.35;34.02,85.61;
#11:
>0:39.96,120.04;40.7,123.22;
#12:
>0:35.58,106.25;29.41,95.23;26.68,93.61;20.97,79.42;
#13:
>0:29.01,114.05;30.17,127.33;18.51,121.25;
#14:
>0:40.51,120.29;44.99,109.07;39.34,122.35;34.96,113.65;38.46,119.04;39.82,99.45;
#15:
>0:41.66,127.33;39.61,125.0;36.3,127.5;28.09,127.4;
#16:
>0:28.3,99.83;28.9,106.42;20.43,111.1;
#17:
>0:35.07,96.5;31.54,106.01;27.06,110.96;21.82,104.12;
#18:
>0:42.09,116.61;41.02,123.29;
#19:
>0:44.5,101.08;47.71,89.47;40.42,85.65;34.1,85.83;25.78,84.64;
#20:
>0:37.61,87.48;34.7,85.71;31.44,96.53;32.35,108.64;37.14,122.16;
#21:
>0:24.24,81.07;26.56,90.18;26.21,101.81;
#22:
>0:42.71,104.36;43.54,124.06;35.71,113.41;31.16,103.01;24.82,124.06;
#23:
>0:21.83,110.59;24.34,119.13;25.89,123.93;31.41,118.24;35.05,117.39;45.66,114.2;
#24:
>0:25.99,108.41;30.09,113.17;34.6,118.16;
#25:
>0:30.78,77.53;30.92,88.4;34.23,90.32;27.9,98.13;28.44,106.49;30.56,124.85;
#26:
>0:31.64,119.28;28.8,127.66;20.14,126.5;
#27:
>0:43.15,98.48;39.69,110.87;33.41,115.98;29.01,114.16;
#28:
>0:37.62,87.63;34.1,85.26;30.01,91.61;23.26,84.09;19.52,82.08;
#29:
>0:29.95,116.51;28.09,115.23;
#30:
>0:43.72,91.22;38.75,98.36;41.88,105.98;41.4,122.73;37.8,129.27;
#31:
>0:34.67,97.31;29.71,96.26;28.89,103.3;21.32,124.3;
#32:
>0:41.89,96.58;39.81,108.03;
#33:
>0:38.83,76.86;43.77,81.96;
#34:
>0:40.2,105.42;35.62,101.96;30.83,88.94;
#35:
>0:29.4,101.45;33.45,101.57;37.96,101.0;
#36:
>0:33.32,115.56;42.84,120.43;
#37:
>0:42.2,120.83;35.01,114.94;29.54,109.05;27.21,124.76;
#38:
>0:39.45,114.48;43.35,121.82;
#39:
>0:44.05,80.46;38.23,79.56;41.14,85.34;34.56,87.15;30.39,92.81;20.81,93.66;
#40:
>0:45.29,99.65;39.62,108.99;43.04,124.19;33.02,125.51;
#41:
>0:36.96,106.66;32.32,95.35;27.87,86.84;23.49,76.32;22.53,83.81;
#42:
>0:38.74,120.57;34.27,115.59;37.12,109.59;33.36,101.7;23.3,83.12;
#43:
>0:24.37,117.06;19.43,120.56;
#44:
>0:45.58,80.88;38.31,81.81;40.89,91.47;34.3,93.7;29.68,92.36;20.63,86.95;
#45:
>0:43.85,94.37;38.73,106.72;
#46:
>0:22.38,116.44;27.12,103.65;29.27,99.05;35.95,91.42;37.68,78.3;
#47:
>0:21.31,117.83;20.46,104.89;29.31,114.74;
#48:
>0:35.37,84.28;30.84,77.55;29.86,86.0;36.13,100.39;29.46,109.25;25.99,126.22;
#49:
>0:42.88,120.5;44.02,120.0;
#50:
>0:39.03,120.05;42.01,114.34;
#51:
>0:20.93,126.21;26.1,115.94;30.89,125.33;
#52:
>0:42.65,106.07;39.91,97.54;40.43,106.29;34.84,112.7;26.17,120.11;
#53:
>0:40.68,105.53;34.11,110.28;29.56,97.09;31.73,108.42;21.5,101.87;
#54:
>0:35.69,96.63;40.46,87.87;39.83,78.75;
#55:
>0:41.54,118.89;43.5,116.91;
#56:
>0:23.3,117.85;23.95,129.37;30.49,112.22;41.08,120.35;
#57:
>0:40.56,82.87;37.7,89.02;35.92,87.35;28.92,102.76;21.25,105.1;
#58:
>0:33.13,115.07;29.74,110.58;26.72,101.9;19.91,87.22;
#59:
>0:23.12,76.28;31.04,78.17;36.12,82.75;38.04,84.74;
#60:
>0:28.1,88.19;35.72,101.91;37.27,102.29;
#61:
>0:21.71,127.0;25.07,125.73;29.79,127.48;
#62:
>0:24.06,80.58;29.91,91.63;35.05,100.41;40.08,110.32;35.98,115.36;41.25,126.83;
#63:
>0:26.45,126.01;31.57,119.9;35.51,108.86;37.72,98.77;46.03,102.48;
#64:
>0:42.2,78.62;47.51,92.82;45.08,98.39;45.53,106.42;
#65:
>0:23.92,87.48;25.95,96.49;28.31,97.0;34.08,105.65;44.17,111.18;
#66:
>0:40.45,118.52;33.35,117.68;27.97,102.82;25.96,96.01;
#67:
>0:33.44,114.03;28.07,107.44;24.77,96.03;19.04,89.13;
#68:
>0:29.91,98.71;32.7,92.53;36.74,76.22;
#69:
>0:26.9,90.18;28.6,77.79;
#70:
>0:21.2,89.52;26.79,100.48;31.56,104.58;
#71:
>0:21.77,104.5;18.84,96.2;20.67,85.16;18.97,83.76;
#72:
>0:25.32,104.81;25.77,94.96;34.44,92.14;
#73:
>0:21.93,89.33;26.05,81.77;29.89,77.48;
#74:
>0:29.1,81.28;33.33,93.67;39.88,92.4;45.31,90.24;
#75:
>0:22.31,85.23;25.02,95.73;30.78,106.72;
#76:
>0:43.45,111.37;38.47,104.45;36.04,116.93;30.34,95.46;
#77:
>0:38.6,99.38;39.65,90.5;37.98,79.88;
#78:
>0:39.93,89.19;32.5,90.24;27.94,92.28;23.62,86.6;
#79:
>0:37.81,107.57;35.87,101.76;27.81,90.37;24.09,82.99;20.87,79.57;
#80:
>0:31.39,87.14;27.8,90.61;
#81:
>0:30.69,83.53;26.44,79.82;24.49,97.87;
#82:
>0:31.11,92.23;34.65,89.51;28.52,101.22;37.8,102.59;
#83:
>0:20.53,81.23;20.03,87.45;26.64,94.44;30.34,101.76;36.86,97.94;
#84:
>0:38.93,93.29;35.8,76.93;31.44,76.27;23.7,76.15;
#85:
>0:22.43,89.78;27.22,94.27;18.39,108.83;
#86:
>0:33.82,90.15;31.91,102.15;26.95,102.51;31.21,110.42;21.36,123.85;
#87:
>0:27.3,92.94;23.65,94.43;19.38,97.99;22.19,112.6;
#88:
>0:32.6,97.01;27.58,105.91;28.65,112.3;
#89:
>0:28.98,91.3;33.57,95.61;41.17,101.01;42.61,94.08;
#90:
>0:18.65,108.39;24.3,119.18;22.54,121.25;
#91:
>0:20.24,89.68;24.53,101.05;21.11,110.0;
#92:
>0:25.22,103.41;23.13,111.94;
#93:
>0:38.72,119.75;37.89,118.74;
#94:
>0:39.21,97.04;32.41,105.36;30.01,102.11;30.6,109.58;22.72,115.28;
#95:
>0:21.94,82.61;27.31,93.28;
#96:
>0:22.4,126.03;25.25,125.2;27.85,114.85;32.75,109.01;35.63,87.03;
#97:
>0:39.1,121.82;35.91,123.08;45.16,106.44;
#98:
>0:36.53,87.34;39.83,95.39;
#99:
>0:32.79,98.95;31.29,98.82;27.62,107.43;21.93,128.32;
#100:
>0:21.06,82.84;18.81,93.29;
#101:
>0:32.44,117.7;29.06,105.03;26.64,96.76;22.47,85.67;18.89,82.29;
#102:
>0:37.68,122.93;41.46,113.6;
#103:
>0:35.42,123.03;41.11,116.58;33.74,109.9;
#104:
>0:45.25,83.76;36.99,84.15;40.3,89.92;32.68,92.41;30.6,91.93;22.5,87.79;
#105:
>0:23.47,108.87;29.68,117.68;34.31,113.5;40.95,122.94;45.02,126.86;
#106:
>0:45.03,98.55;36.96,90.63;32.96,92.11;29.18,98.03;27.95,111.62;20.36,128.85;
#107:
>0:22.54,109.35;24.3,119.4;
#108:
>0:37.62,86.41;41.12,100.74;36.08,102.84;40.01,121.02;
#109:
>0:35.86,114.93;30.16,102.89;25.44,96.82;22.29,86.96;
#110:
>0:23.75,107.59;27.74,114.82;32.15,111.45;37.13,110.91;45.06,105.23;
#111:
>0:29.3,121.05;33.26,116.34;
#112:
>0:38.31,87.35;33.65,85.14;31.12,87.66;
#113:
>0:37.12,127.29;44.81,118.48;42.29,109.12;43.01,94.4;46.77,86.45;45.64,85.96;
#114:
>0:45.3,92.94;40.34,99.76;35.98,110.61;27.49,120.08;
#115:
>0:19.04,117.72;20.5,109.52;26.53,118.02;29.28,117.72;43.88,121.99;
#116:
>0:33.02,108.65;31.43,94.77;27.65,107.17;20.23,104.8;
#117:
>0:43.11,123.61;41.12,124.14;
#118:
>0:42.31,99.34;37.66,111.29;
#119:
>0:40.03,107.24;33.5,99.21;29.33,85.26;29.07,80.35;
#120:
>0:43.57,97.89;36.78,106.95;34.06,118.07;28.28,115.94;
#121:
>0:38.38,96.39;37.26,109.1;45.06,112.81;39.74,126.67;
#122:
>0:27.13,89.03;21.94,93.83;
#123:
>0:19.66,110.68;25.38,95.04;28.17,88.86;32.11,82.07;38.03,82.48;45.55,83.95;
#124:
>0:22.76,76.62;24.85,77.26;31.55,87.95;34.47,99.02;38.87,120.07;
#125:
>0:25.82,112.31;28.01,129.42;
#126:
>0:35.33,116.82;40.17,127.46;43.08,125.47;
#127:
>0:41.42,124.21;45.06,110.87;44.97,97.45;44.88,92.16;44.45,81.72;
#128:
>0:25.28,109.28;26.93,97.56;29.63,94.98;36.55,103.43;45.57,106.65;
#129:
>0:21.78,123.22;23.34,125.16;
#130:
>0:39.42,123.91;43.27,123.45;37.79,104.34;
#131:
>0:45.55,118.48;45.39,119.71;
#132:
>0:39.0,120.32;41.79,122.12;
#133:
>0:30.58,88.77;32.59,76.22;
#134:
>0:27.83,127.23;33.66,122.24;32.29,115.28;43.48,124.88;
#135:
>0:33.83,112.38;30.74,109.77;23.7,107.63;22.91,101.02;22.91,78.94;
#136:
>0:23.75,114.96;31.11,123.12;
#137:
>0:25.15,103.64;24.6,98.87;36.0,88.98;
#138:
>0:40.05,105.72;33.94,108.24;27.96,98.91;26.06,110.29;
#139:
>0:44.67,97.88;40.28,103.29;43.27,123.68;39.01,123.77;
#140:
>0:44.94,110.05;43.05,119.88;34.88,114.99;
#141:
>0:32.39,98.83;39.71,88.46;44.72,87.3;
#142:
>0:28.48,110.63;25.53,110.22;20.32,100.92;
#143:
>0:40.5,126.97;40.72,119.51;28.74,108.6;
#144:
>0:33.94,112.15;30.08,111.1;24.89,95.37;26.65,88.92;
#145:
>0:34.18,103.41;30.78,96.95;24.34,85.28;20.5,91.47;
#146:
>0:22.12,111.07;20.52,102.01;26.54,98.29;34.19,98.68;
#147:
>0:28.94,117.11;25.17,107.78;19.16,95.19;21.12,85.59;
#148:
>0:25.24,84.34;26.79,83.38;
#149:
>0:33.25,126.83;32.46,113.07;34.43,110.06;36.14,100.15;36.39,89.94;32.91,84.32;
#150:
>0:32.73,111.53;32.47,108.54;
#151:
>0:38.58,78.91;36.55,85.16;32.89,100.08;
#152:
>0:22.8,103.27;21.92,97.34;19.92,87.14;
#153:
>0:37.69,82.88;41.14,85.16;36.37,89.03;28.92,97.33;21.39,104.36;
#154:
>0:19.68,105.93;24.76,115.06;
#155:
>0:33.25,127.66;33.64,113.15;31.42,110.47;19.97,114.77;
#156:
>0:18.7,119.76;22.12,107.29;30.95,112.27;
#157:
>0:39.04,127.69;43.31,122.27;28.22,105.34;
#158:
>0:40.32,110.91;35.27,112.88;29.63,110.51;23.51,103.16;18.94,93.88;
#159:
>0:37.58,108.56;33.44,97.85;34.08,93.71;30.76,92.29;21.42,91.01;
#160:
>0:39.72,124.64;41.98,121.27;
#161:
>0:23.06,98.84;30.9,99.8;33.25,85.46;
#162:
>0:36.78,111.08;33.32,96.17;33.13,85.96;24.54,81.31;
#163:
>0:18.55,107.0;21.55,111.04;
#164:
>0:30.82,77.75;29.26,90.83;34.77,95.9;35.79,103.68;
#165:
>0:40.93,101.34;39.22,106.48;35.34,106.52;27.63,97.92;20.96,93.97;
#166:
>0:39.63,77.34;38.28,86.63;32.93,88.73;31.65,89.74;20.85,89.99;
#167:
>0:28.1,115.27;25.44,104.35;21.84,94.48;22.15,85.05;
#168:
>0:39.24,81.51;40.51,93.84;27.74,87.89;
#169:
>0:40.79,91.51;35.35,89.68;29.67,89.91;26.08,92.49;
#170:
>0:19.92,126.02;26.05,123.46;30.22,119.47;32.73,111.29;36.01,115.07;43.93,119.99;
#171:
>0:20.21,117.12;24.72,125.62;
#172:
>0:40.42,129.28;42.71,118.02;35.88,115.55;24.4,109.89;
#173:
>0:24.5,100.31;27.52,87.78;33.5,84.16;37.82,77.26;
#174:
>0:40.42,116.56;43.13,119.73;
#175:
>0:33.9,87.91;39.03,100.51;45.24,96.14;
#176:
>0:32.84,115.62;35.35,115.87;
#177:
>0:32.88,94.38;39.32,106.83;45.05,108.89;
#178:
>0:40.02,87.46;35.2,93.8;28.96,85.66;26.6,79.51;20.66,79.11;
#179:
>0:32.31,76.85;31.55,77.16;28.5,88.45;34.69,100.1;29.75,104.07;24.33,127.15;
#180:
>0:41.19,118.74;40.82,120.08;
#181:
>0:19.75,82.93;27.29,88.59;
#182:
>0:42.07,88.56;37.88,79.8;37.39,91.54;35.71,92.12;25.82,76.03;
#183:
>0:34.34,99.58;39.08,86.64;37.74,80.42;
#184:
>0:30.68,82.6;26.3,76.18;19.4,86.95;22.49,109.27;
#185:
>0:33.01,79.78;32.66,87.05;32.42,93.93;32.62,106.53;
#186:
>0:28.4,77.96;24.03,77.68;18.73,88.66;21.08,107.11;
#187:
>0:19.56,107.01;24.4,94.7;27.8,85.34;36.21,79.45;
#188:
>0:36.77,125.01;43.04,123.77;35.58,118.88;23.91,118.3;
#189:
>0:39.9,120.77;43.03,109.73;43.29,99.2;46.98,87.39;44.96,87.24;
#190:
>0:20.48,121.32;27.34,113.28;31.8,112.31;35.96,104.44;32.81,87.98;
#191:
>0:35.91,117.11;27.62,107.07;23.55,95.51;22.03,91.36;
#192:
>0:18.56,94.65;27.01,85.46;29.51,79.91;
#193:
>0:21.57,90.94;25.28,97.41;21.36,110.5;
#194:
>0:42.12,117.05;41.5,123.37;
#195:
>0:22.14,80.57;24.84,88.64;
#196:
>0:39.83,122.59;41.74,103.37;39.91,106.36;33.28,101.17;24.38,81.12;
#197:
>0:38.73,97.27;33.71,103.72;27.91,95.41;31.79,107.29;21.6,113.39;
#198:
>0:20.58,76.81;22.2,85.5;
#199:
>0:19.97,113.81;24.1,102.8;30.84,97.71;36.57,91.05;38.71,76.4;
#200:
>0:39.6,117.38;34.67,106.66;28.01,98.48;22.97,104.44;
#201:
>0:32.63,117.81;31.85,108.62;23.61,96.97;21.8,88.88;
#202:
>0:43.74,117.72;43.74,120.68;
#203:
>0:41.89,119.98;42.31,123.45;
#204:
>0:30.54,93.35;35.81,101.71;25.24,111.47;
#205:
>0:40.81,85.94;40.72,98.97;33.75,104.47;43.35,123.03;
#206:
>0:23.58,103.09;31.13,117.69;36.09,106.88;34.22,112.4;44.89,103.25;
#207:
>0:43.43,101.47;39.07,111.39;
#208:
>0:30.66,114.51;34.75,108.39;38.75,126.09;
#209:
>0:42.63,103.07;36.81,109.45;36.3,102.2;33.32,92.5;26.3,80.2;
#210:
>0:27.02,102.5;29.66,107.19;34.03,107.54;
#211:
>0:33.49,92.78;30.16,92.46;26.51,84.82;21.32,77.37;
#212:
>0:41.31,90.59;40.79,90.63;35.31,92.97;31.49,100.66;25.43,109.25;
#213:
>0:20.4,91.53;25.7,101.15;20.75,105.01;
#214:
>0:36.73,109.85;36.3,96.9;30.12,89.22;
#215:
>0:32.77,87.89;30.71,99.0;30.25,109.76;
#216:
>0:28.16,116.04;24.91,111.58;22.63,95.71;18.33,91.81;
#217:
>0:31.48,118.11;24.49,110.84;18.91,102.32;20.3,93.54;
#218:
>0:19.68,77.43;25.87,84.04;30.5,82.26;32.51,82.38;38.15,84.14;41.37,87.81;
#219:
>0:36.96,101.45;38.42,104.86;34.96,114.92;28.7,106.52;18.61,114.53;
#220:
>0:45.49,82.09;39.46,86.21;32.56,86.28;28.64,97.14;30.05,111.61;21.8,103.67;
#221:
>0:31.57,107.4;35.49,113.47;
#222:
>0:29.71,114.99;35.44,115.1;39.65,99.62;
#223:
>0:21.35,102.09;25.91,106.76;27.93,107.78;
#224:
>0:20.54,105.33;24.02,100.3;30.7,91.03;36.12,83.43;
#225:
>0:42.58,119.26;42.54,119.35;
#226:
>0:42.12,116.53;39.16,117.19;
#227:
>0:34.85,104.62;28.16,100.01;23.2,94.12;
#228:
>0:43.85,89.43;40.85,97.21;34.05,111.01;29.49,114.5;25.91,122.26;
#229:
>0:42.73,118.75;43.21,115.95;
#230:
>0:24.46,80.29;30.29,85.81;33.46,97.41;40.57,104.25;34.76,112.15;44.32,127.14;
#231:
>0:32.42,127.34;30.62,114.61;24.47,110.44;22.88,99.86;25.91,87.32;
#232:
>0:25.31,113.15;24.27,102.83;31.39,102.27;37.61,92.55;
#233:
>0:27.41,106.17;29.03,116.03;35.17,120.5;40.42,126.64;45.34,128.72;
#234:
>0:23.33,105.58;30.87,114.99;36.23,108.22;34.82,112.28;44.77,127.87;
#235:
>0:35.47,127.21;36.64,117.76;41.86,110.77;43.1,102.69;
#236:
>0:21.24,97.35;24.64,103.3;21.57,106.73;27.45,124.2;
#237:
>0:37.59,109.19;34.99,106.71;
#238:
>0:21.49,100.99;24.51,103.33;30.76,109.47;
#239:
>0:38.79,103.22;35.59,100.84;32.74,93.11;34.5,77.21;
#240:
>0:23.01,108.57;20.62,99.63;21.77,93.76;19.71,83.02;
#241:
>0:40.53,120.82;41.83,118.63;
#242:
>0:27.97,93.39;35.78,100.97;28.26,111.27;19.71,112.82;
#243:
>0:33.43,99.62;28.84,91.12;31.48,78.18;
#244:
>0:37.79,91.86;32.36,88.87;29.1,102.71;25.84,101.45;21.42,95.73;
#245:
>0:37.2,82.22;36.84,90.5;36.35,88.07;31.4,93.91;30.13,107.95;22.04,123.46;
#246:
>0:30.25,83.79;24.84,78.96;28.0,86.07;40.63,104.69;
#247:
>0:19.18,93.28;23.63,100.73;31.22,97.18;32.3,91.42;
#248:
>0:26.67,128.81;24.93,119.35;
#249:
>0:43.08,90.44;37.74,97.52;33.76,108.12;28.08,116.67;27.34,127.5;
#250:
>0:24.46,127.42;32.0,116.82;35.28,109.29;36.72,100.76;44.01,95.72;
#251:
>0:39.69,81.26;32.99,86.89;27.5,94.7;38.48,111.01;
#252:
>0:36.67,85.25;35.63,87.84;27.6,88.65;24.25,89.89;
#253:
>0:40.1,118.43;43.02,108.89;43.48,120.81;33.54,117.67;41.13,117.58;39.98,101.18;
#254:
>0:39.59,116.78;42.64,124.49;
#255:
>0:37.53,78.4;41.72,89.88;
#256:
>0:34.82,94.15;40.6,111.14;43.35,122.75;
#257:
>0:18.74,119.46;23.82,105.56;26.37,101.12;25.1,90.77;
#258:
>0:40.66,124.42;41.22,108.42;42.8,99.79;45.51,85.83;44.15,77.95;
#259:
>0:42.35,94.98;40.46,108.82;36.52,117.84;29.7,118.3;
#260:
>0:41.01,78.92;38.57,92.37;28.15,86.08;
#261:
>0:23.49,81.32;20.85,93.05;21.47,102.37;
#262:
>0:28.44,93.09;32.76,89.26;41.0,90.21;42.94,92.05;
#263:
>0:43.51,119.08;35.55,117.28;38.78,120.89;35.96,119.51;39.75,120.31;38.19,98.83;
#264:
>0:20.88,77.89;20.91,87.48;30.86,91.45;
#265:
>0:40.63,107.55;34.25,99.1;27.43,92.95;27.23,91.6;
#266:
>0:40.78,93.79;36.91,94.94;
#267:
>0:40.18,126.38;39.94,123.38;35.84,117.83;23.43,111.57;
#268:
>0:44.05,112.91;44.36,112.13;
#269:
>0:34.6,79.87;31.9,84.23;30.32,91.95;33.25,96.05;38.99,104.78;41.64,128.1;
#270:
>0:29.62,87.85;29.75,85.12;
#271:
>0:20.83,99.79;23.54,110.48;28.26,112.0;33.25,103.89;
#272:
>0:38.23,92.67;36.21,90.29;30.79,92.67;26.13,78.92;18.59,81.01;
#273:
>0:38.68,128.46;33.43,116.11;30.42,113.67;
#274:
>0:45.21,125.24;40.69,124.64;32.19,128.32;31.47,122.73;24.64,124.12;
#275:
>0:33.4,119.33;30.41,105.88;25.55,121.32;
#276:
>0:25.67,95.78;31.83,92.95;33.53,92.27;
#277:
>0:40.86,119.44;42.1,114.27;
#278:
>0:26.03,104.81;31.57,101.64;
#279:
>0:35.45,90.78;36.88,98.25;
#280:
>0:40.93,118.15;41.0,121.96;
#281:
>0:31.04,84.79;31.18,90.04;33.2,92.6;28.37,95.61;24.89,114.93;
#282:
>0:22.56,105.8;23.07,100.49;30.33,100.28;34.46,96.61;38.71,96.87;44.69,94.55;
#283:
>0:24.48,103.71;29.73,117.11;33.87,104.19;34.57,119.72;43.21,104.34;
#284:
>0:41.81,108.64;38.18,95.28;36.48,92.38;28.43,89.78;24.41,93.61;
#285:
>0:38.31,85.3;32.77,79.91;
#286:
>0:23.5,112.84;31.83,122.75;
#287:
>0:34.69,92.39;31.54,91.32;26.37,76.52;20.24,80.04;
#288:
>0:18.57,93.92;22.44,103.49;19.59,118.44;
#289:
>0:28.73,119.88;32.63,118.34;38.99,102.03;
#290:
>0:20.06,122.46;23.48,128.13;
#291:
>0:42.76,95.85;37.84,107.79;34.18,113.03;31.83,114.46;
#292:
>0:19.2,94.41;27.28,103.76;30.7,105.66;
#293:
>0:30.66,82.96;31.93,90.64;36.22,85.91;28.57,97.61;24.77,119.28;
#294:
>0:40.72,120.86;41.22,117.2;
#295:
>0:25.94,97.96;19.76,96.63;20.56,106.57;26.18,125.72;
#296:
>0:27.69,86.54;32.28,80.29;39.65,83.29;
#297:
>0:20.52,86.77;20.9,98.38;
#298:
>0:43.52,116.83;43.16,119.76;
#299:
>0:34.3,105.94;38.48,97.63;41.47,118.82;
#300:
>0:42.2,122.81;39.65,118.44;
#301:
>0:23.89,83.22;20.57,90.52;18.54,102.29;
#302:
>0:40.2,120.48;41.46,121.21;
#303:
>0:37.76,113.11;42.12,116.98;
#304:
>0:28.87,83.13;32.95,88.07;37.3,91.68;45.66,90.22;
#305:
>0:30.02,108.2;25.41,104.67;20.67,124.36;
#306:
>0:36.95,119.23;40.26,124.99;
#307:
>0:33.31,120.56;28.59,109.22;24.96,95.58;25.32,86.1;
#308:
>0:20.37,111.41;22.59,97.71;
#309:
>0:26.08,108.33;23.92,112.52;
#310:
>0:40.33,119.92;40.68,118.86;
#311:
>0:40.26,122.85;41.18,123.74;
#312:
>0:24.31,110.37;29.69,115.46;33.96,120.39;36.82,126.0;43.95,126.14;
#313:
>0:44.5,128.71;41.09,127.83;43.3,113.51;35.6,101.29;
#314:
>0:33.95,84.38;30.71,82.54;29.57,93.84;33.32,96.79;30.96,108.56;24.64,125.53;
#315:
>0:44.66,101.9;38.1,103.34;35.68,114.04;28.69,120.26;
#316:
>0:42.6,118.52;39.45,102.84;32.64,97.07;34.19,89.08;31.1,89.69;22.32,86.44;
#317:
>0:26.7,83.76;20.26,85.85;20.33,96.32;
#318:
>0:29.96,101.11;27.7,104.39;23.74,120.62;23.33,127.79;
#319:
>0:23.9,107.68;31.95,119.57;33.18,113.36;36.64,127.02;43.88,122.22;
#320:
>0:43.5,124.27;43.22,121.76;
#321:
>0:40.8,120.2;38.97,116.38;
