#0:
>0:33.82,116.76;29.1,112.82;23.72,114.03;
#1:
>0:37.66,85.72;34.08,78.15;34.43,87.33;29.21,98.51;18.36,115.31;
#2:
>0:24.52,84.46;23.54,87.36;27.97,97.56;34.32,109.71;
#3:
>0:40.87,118.52;41.62,124.85;
#4:
>0:39.37,120.48;42.25,103.1;
#5:
>0:44.57,104.9;44.78,96.59;37.35,88.89;35.69,79.18;25.23,81.11;
#6:
>0:35.13,104.35;32.98,106.24;
#7:
>0:43.09,84.68;44.79,82.53;
#8:
>0:40.69,118.23;44.2,108.82;
#9:
>0:40.39,76.76;40.8,76.59;
#10:
>0:41.03,122.43;43.21,116.89;28.69,122.87;
#11:
>0:42.9,118.53;39.27,120.38;
#12:
>0:45.09,108.16;36.91,95.87;34.82,96.67;28.96,102.17;
#13:
>0:39.39,77.34;35.82,91.27;30.62,86.32;26.07,100.61;22.81,117.41;
#14:
>0:41.02,80.86;33.18,88.53;28.3,87.49;
#15:
>0:45.24,126.57;42.09,122.96;
#16:
>0:18.3,110.6;25.32,93.99;30.34,105.14;32.84,124.49;
#17:
>0:25.69,110.0;18.84,94.71;20.84,91.71;
#18:
>0:39.86,92.47;35.47,82.42;30.99,90.31;25.04,81.52;22.84,77.61;
#19:
>0:27.68,88.95;25.14,96.22;28.2,106.92;29.09,115.58;40.02,126.79;
#20:
>0:36.16,93.93;34.62,110.14;41.5,117.18;
#21:
>0:45.45,116.63;38.6,106.58;32.02,94.01;
#22:
>0:41.56,96.6;38.36,105.25;41.47,120.5;
#23:
>0:33.64,110.76;31.92,101.19;32.03,89.9;38.18,83.14;
#24:
>0:33.63,103.03;30.4,103.88;40.9,123.51;
#25:
>0:37.12,117.62;41.26,116.2;
#26:
>0:31.77,115.15;29.03,116.26;
#27:
>0:39.04,120.19;40.71,122.0;
#28:
>0:40.53,120.39;40.33,122.97;
#29:
>0:37.82,103.42;39.77,98.47;35.75,96.34;23.99,89.69;
#30:
>0:39.44,122.85;43.44,119.76;
#31:
>0:39.83,117.19;40.72,116.78;
#32:
>0:23.99,106.42;19.83,97.85;21.63,89.21;
#33:
>0:30.08,95.01;32.74,102.27;
#34:
>0:40.04,79.34;32.1,91.34;27.9,91.86;
#35:
>0:42.98,123.3;37.1,114.46;
#36:
>0:43.65,81.93;38.47,89.0;39.92,94.67;38.71,94.4;
#37:
>0:40.99,125.96;44.14,114.56;40.28,107.69;41.58,101.86;
#38:
>0:38.41,127.23;41.9,121.92;32.25,104.48;31.92,101.09;21.37,94.34;
#39:
>0:31.19,120.08;23.28,107.26;20.24,99.48;19.51,90.78;19.56,84.81;
#40:
>0:37.54,80.58;35.75,86.09;27.9,94.36;26.58,111.22;18.88,114.43;18.37,122.41;
#41:
>0:24.96,96.94;28.31,105.53;31.28,120.43;34.17,113.17;42.0,127.01;
#42:
>0:44.76,109.32;42.38,122.93;33.08,121.35;31.74,123.14;25.77,121.1;
#43:
>0:27.33,110.19;23.91,99.12;29.11,106.45;40.17,126.29;
#44:
>0:38.42,124.73;43.3,117.9;29.92,124.6;
#45:
>0:32.58,122.59;32.49,119.08;44.21,123.94;
#46:
>0:24.79,94.73;28.14,109.68;28.07,118.72;39.78,123.54;
#47:
>0:34.73,115.42;42.68,122.9;28.63,99.68;
#48:
>0:36.03,79.81;36.31,90.34;43.04,78.7;
#49:
>0:37.93,123.36;39.44,121.8;
#50:
>0:33.82,119.88;30.77,104.0;23.95,108.97;20.79,86.63;
#51:
>0:39.52,79.06;35.91,92.28;31.92,91.27;25.18,102.08;19.98,119.17;
#52:
>0:42.88,119.85;41.94,121.49;
#53:
>0:32.63,108.43;32.96,110.99;
#54:
>0:42.03,120.36;42.44,116.34;
#55:
>0:22.14,110.89;24.07,98.19;28.99,87.66;
#56:
>0:43.07,121.15;39.71,113.09;
#57:
>0:37.05,94.24;32.21,95.08;29.25,88.84;
#58:
>0:44.01,91.4;39.92,79.09;
#59:
>0:33.72,119.74;32.71,114.12;
#60:
>0:18.53,76.96;26.61,92.92;30.87,99.83;32.52,87.28;35.79,83.09;44.37,91.1;
#61:
>0:38.82,118.76;43.17,119.13;
#62:
>0:39.36,80.71;34.84,78.98;
#63:
>0:41.16,117.02;39.2,120.62;
#64:
>0:43.21,122.28;40.37,122.18;
#65:
>0:41.03,121.46;39.48,118.28;
#66:
>0:35.54,92.27;29.29,94.67;36.56,108.94;
#67:
>0:39.91,112.55;34.69,109.22;31.7,101.69;23.58,111.63;20.28,91.78;
#68:
>0:43.9,111.43;40.03,94.75;35.92,101.93;29.18,100.75;
#69:
>0:25.55,108.75;31.37,100.6;32.77,100.47;40.43,108.71;43.98,102.21;
#70:
>0:41.13,127.28;45.68,115.12;36.78,107.72;38.36,99.41;35.88,97.84;26.06,79.07;
#71:
>0:36.21,98.56;36.99,106.56;
#72:
>0:35.07,97.81;27.96,88.46;23.72,89.97;22.2,76.66;
#73:
>0:19.11,98.37;25.57,89.01;27.17,78.91;
#74:
>0:41.66,117.3;37.93,118.69;
#75:
>0:18.49,122.82;22.25,116.06;21.86,107.21;24.39,95.92;22.42,91.2;
#76:
>0:27.67,86.79;24.1,87.41;21.16,104.23;
#77:
>0:19.03,117.57;18.46,107.66;29.42,117.13;
#78:
>0:43.87,108.47;41.32,99.14;38.74,93.09;34.96,81.52;23.59,77.96;
#79:
>0:27.45,114.17;30.17,118.58;
#80:
>0:44.54,96.14;38.84,86.41;42.03,79.26;
#81:
>0:25.71,103.9;23.83,113.42;22.84,127.24;
#82:
>0:30.07,102.45;32.5,85.14;35.33,79.45;43.47,91.58;
#83:
>0:24.57,116.77;27.69,118.17;34.07,125.65;33.86,115.06;43.35,118.48;
#84:
>0:34.11,108.53;29.49,105.16;29.28,99.61;18.96,100.74;
#85:
>0:35.15,98.28;28.18,87.87;
#86:
>0:37.92,95.32;33.35,97.23;32.29,76.42;
#87:
>0:28.25,95.68;28.68,108.63;
#88:
>0:25.28,120.32;26.23,105.4;21.18,96.5;19.2,89.25;
#89:
>0:20.36,80.49;23.23,92.58;31.5,97.29;30.66,108.21;
#90:
>0:44.2,111.08;39.68,98.25;32.47,99.88;35.67,111.45;22.84,111.45;
#91:
>0:34.14,78.51;30.84,93.03;23.92,96.62;23.3,104.46;23.39,114.98;23.98,126.31;
#92:
>0:20.86,94.47;24.65,90.73;29.84,76.5;
#93:
>0:39.53,122.74;40.91,123.32;
#94:
>0:40.94,123.09;42.63,124.97;
#95:
>0:39.64,119.57;39.54,117.77;
#96:
>0:40.82,121.04;40.03,121.88;
#97:
>0:39.79,122.77;33.25,122.4;
#98:
>0:40.79,117.4;40.92,119.23;
#99:
>0:32.71,115.97;30.48,127.53;22.84,124.75;20.86,121.99;
#100:
>0:41.42,118.13;43.29,123.47;
#101:
>0:22.93,94.15;31.16,103.8;36.09,119.96;38.93,125.02;43.58,123.1;
#102:
>0:21.43,114.52;19.33,105.92;
#103:
>0:27.31,81.27;31.04,78.88;
#104:
>0:39.39,103.5;34.01,116.13;
#105:
>0:40.7,83.1;34.67,92.03;31.21,95.49;25.86,103.12;19.07,117.43;22.0,123.03;
#106:
>0:41.02,121.96;41.43,118.09;
#107:
>0:33.94,102.79;31.75,106.54;30.89,96.65;22.48,98.5;
#108:
>0:41.87,83.88;43.86,91.49;33.65,102.73;
#109:
>0:32.47,119.77;29.3,118.93;26.24,113.68;
#110:
>0:29.13,83.56;24.21,86.77;19.53,95.86;20.18,111.39;18.6,114.14;19.57,127.21;
#111:
>0:41.23,104.55;42.57,98.92;39.83,90.37;43.08,77.63;
#112:
>0:41.83,120.29;41.28,112.13;
#113:
>0:30.42,122.38;30.06,126.59;
#114:
>0:32.22,85.03;31.75,78.61;
#115:
>0:37.34,126.65;42.98,121.86;32.61,103.17;29.15,94.82;
#116:
>0:37.06,125.28;39.67,124.47;44.27,111.51;44.98,96.25;
#117:
>0:20.91,95.19;27.27,88.32;28.1,100.99;36.51,90.54;35.76,77.86;44.91,89.63;
#118:
>0:19.66,108.52;25.84,96.72;29.46,103.34;28.9,118.81;35.74,113.04;45.1,121.68;
#119:
>0:42.2,122.72;40.96,118.69;
#120:
>0:26.51,104.48;26.7,97.28;30.12,109.59;39.95,118.89;
#121:
>0:29.49,97.93;32.12,92.23;
#122:
>0:44.62,102.37;38.97,87.27;44.23,80.58;
#123:
>0:41.03,80.0;33.77,83.25;
#124:
>0:34.07,128.26;36.48,114.3;44.52,117.62;
#125:
>0:26.7,89.28;28.92,97.24;33.03,87.98;37.08,77.48;
#126:
>0:40.82,123.23;42.97,124.18;
#127:
>0:25.05,128.81;28.1,113.08;35.47,107.85;40.26,99.58;
#128:
>0:32.36,120.69;31.24,119.6;35.25,107.84;30.34,95.26;28.22,90.09;
#129:
>0:43.47,113.59;42.57,121.92;
#130:
>0:34.9,117.63;29.14,123.96;24.64,124.52;21.71,124.15;
#131:
>0:34.18,86.23;28.24,95.16;36.52,103.93;
#132:
>0:36.77,121.44;41.29,123.86;
#133:
>0:33.39,97.74;32.3,106.01;39.91,119.81;
#134:
>0:30.86,109.16;28.87,100.12;33.3,85.9;45.71,86.03;
#135:
>0:41.49,120.46;39.08,116.83;
#136:
>0:42.79,114.86;36.93,107.0;34.44,94.86;
#137:
>0:41.74,97.31;37.17,105.14;33.67,119.25;30.56,125.01;26.47,121.57;
#138:
>0:30.75,116.06;25.26,103.56;20.53,98.0;
#139:
>0:34.23,121.63;34.6,115.65;40.67,116.5;42.65,103.66;42.68,101.2;44.59,80.3;
#140:
>0:27.3,89.05;30.48,97.86;34.96,93.5;40.47,78.47;
#141:
>0:33.12,79.03;38.31,80.59;39.61,101.96;
#142:
>0:42.43,124.85;39.78,122.36;
#143:
>0:39.85,123.83;34.19,103.76;28.75,99.35;26.61,109.65;19.18,93.34;
#144:
>0:37.6,129.04;39.62,118.57;33.42,109.0;31.43,95.1;
#145:
>0:38.38,84.46;34.96,80.73;29.54,90.73;24.34,79.64;20.64,76.11;
#146:
>0:42.5,117.88;39.15,117.86;
#147:
>0:19.0,111.45;23.13,102.03;30.96,86.5;36.24,91.39;40.12,85.63;
#148:
>0:44.43,81.6;41.01,86.78;34.75,83.87;28.29,89.29;26.42,101.27;19.44,94.63;
#149:
>0:33.77,104.64;30.82,108.07;31.25,94.47;20.08,98.31;
#150:
>0:31.19,81.19;24.94,79.6;23.86,89.92;23.41,94.84;29.46,104.79;35.93,125.34;
#151:
>0:42.18,124.85;44.54,121.53;
#152:
>0:18.4,98.37;26.91,106.5;25.29,95.24;30.7,87.83;33.75,87.24;42.53,86.54;
#153:
>0:39.11,119.19;39.43,121.15;
#154:
>0:31.41,90.2;35.94,90.82;
#155:
>0:31.67,109.79;23.96,106.27;22.83,99.95;24.88,84.89;
#156:
>0:28.1,99.08;32.13,85.71;
#157:
>0:32.36,124.6;28.59,115.41;31.85,107.42;29.05,101.76;31.43,89.95;27.88,77.0;
#158:
>0:36.49,118.39;41.9,121.04;44.25,106.86;42.78,99.11;37.82,83.25;
#159:
>0:27.62,113.56;28.07,112.74;
#160:
>0:36.17,91.89;33.38,76.81;
#161:
>0:38.09,97.1;35.24,95.09;30.94,96.11;
#162:
>0:25.61,96.37;31.38,110.34;30.43,115.19;34.78,116.8;41.56,124.88;
#163:
>0:31.77,80.11;30.77,93.27;31.6,99.8;24.44,105.08;23.45,114.09;
#164:
>0:21.22,79.0;24.21,86.95;24.48,101.19;28.96,110.45;33.23,117.69;45.37,104.65;
#165:
>0:39.0,123.28;41.15,118.18;
#166:
>0:21.85,111.58;23.54,116.46;24.68,123.67;
#167:
>0:30.26,115.47;35.78,124.59;39.48,127.96;
#168:
>0:35.25,96.95;38.64,107.2;
#169:
>0:28.12,95.26;24.35,98.03;
#170:
>0:32.98,99.28;36.91,106.2;
#171:
>0:18.92,102.51;19.54,109.23;20.21,120.52;
#172:
>0:44.55,108.14;41.49,96.32;38.99,87.17;34.78,79.37;25.84,80.17;
#173:
>0:20.91,97.43;25.6,88.27;30.35,98.87;33.02,93.3;39.99,109.72;
#174:
>0:39.78,123.72;40.81,117.52;
#175:
>0:35.78,100.79;40.45,105.29;39.73,124.47;
#176:
>0:42.27,113.14;37.56,105.81;39.19,100.63;40.74,88.18;
#177:
>0:34.84,90.35;32.61,81.99;
#178:
>0:36.0,105.89;35.72,116.08;43.93,103.22;
#179:
>0:33.14,96.27;35.47,89.51;28.12,87.69;22.79,111.66;
#180:
>0:30.13,79.76;27.28,86.74;19.99,94.79;21.72,108.99;21.15,117.23;22.26,122.96;
#181:
>0:23.52,123.47;31.85,115.69;36.36,111.18;37.77,102.72;
#182:
>0:20.41,81.76;23.0,91.75;29.65,94.8;33.86,102.72;40.56,104.8;42.05,95.89;
#183:
>0:29.18,93.55;28.98,101.87;34.16,103.12;40.95,123.68;
#184:
>0:34.11,108.16;40.62,94.98;41.36,95.13;
#185:
>0:33.12,101.25;33.79,107.24;38.9,118.76;
#186:
>0:42.93,119.34;39.91,116.65;
#187:
>0:31.8,106.27;25.69,113.93;27.35,128.85;
#188:
>0:42.39,107.68;37.58,101.05;33.45,100.95;31.22,108.84;
#189:
>0:44.62,104.79;42.21,120.27;42.46,129.51;
#190:
>0:30.47,97.4;25.78,108.29;
#191:
>0:26.81,95.62;31.17,104.15;30.76,120.54;42.56,119.41;
#192:
>0:44.84,126.98;39.13,113.7;32.07,106.67;30.05,101.11;25.9,105.72;20.13,90.23;
#193:
>0:39.91,117.21;41.2,122.35;
#194:
>0:41.7,119.22;39.69,121.04;
#195:
>0:33.07,127.56;35.48,118.32;40.36,123.55;41.2,104.71;41.6,101.16;43.8,78.09;
#196:
>0:43.24,118.94;39.76,119.66;
#197:
>0:40.82,124.05;39.73,124.27;
#198:
>0:38.48,85.93;42.11,95.99;44.33,103.43;43.55,116.6;
#199:
>0:43.04,118.09;43.36,122.05;
#200:
>0:22.24,93.9;18.73,103.5;19.66,116.33;
#201:
>0:32.53,115.51;33.16,116.29;
#202:
>0:38.97,116.5;39.28,124.24;
#203:
>0:24.84,98.69;31.93,105.49;31.25,113.83;34.97,116.79;44.91,126.99;
#204:
>0:40.33,77.88;32.06,93.28;30.09,94.24;24.54,106.0;22.31,110.28;
#205:
>0:20.51,105.87;22.88,113.66;25.4,127.68;
#206:
>0:29.41,116.31;23.08,107.63;19.43,98.33;19.56,86.32;18.73,84.13;
#207:
>0:34.97,97.6;39.61,107.55;
#208:
>0:39.41,123.28;40.4,115.72;
#209:
>0:28.7,128.24;23.44,112.25;26.04,103.78;
#210:
>0:29.59,100.87;34.94,100.7;32.81,104.46;28.26,121.15;
#211:
>0:35.82,103.57;37.29,102.73;44.15,94.44;
#212:
>0:37.64,104.01;42.25,121.16;31.08,105.04;
#213:
>0:27.75,117.25;25.05,109.22;19.38,100.68;19.31,86.92;
#214:
>0:19.78,79.53;24.35,89.97;24.91,96.59;35.84,89.3;
#215:
>0:24.67,90.0;20.77,78.08;
#216:
>0:43.74,95.12;38.38,86.02;42.2,78.47;
#217:
>0:22.8,83.56;23.7,86.13;31.36,102.6;33.22,90.77;
#218:
>0:36.07,89.04;29.64,100.04;33.32,109.95;40.27,123.13;
#219:
>0:34.1,83.22;27.48,85.48;26.7,96.19;26.99,108.37;26.41,120.36;24.49,120.79;
#220:
>0:42.54,119.82;43.14,120.74;
#221:
>0:37.56,78.64;34.09,86.75;28.28,93.28;23.22,97.91;19.96,112.24;
#222:
>0:27.41,98.25;25.16,97.64;
#223:
>0:27.43,93.93;23.26,99.56;
#224:
>0:38.42,101.61;32.62,99.14;35.25,114.13;
#225:
>0:44.14,108.37;37.3,94.11;36.31,96.01;31.92,97.97;
#226:
>0:39.65,118.6;41.06,120.81;
#227:
>0:31.94,106.65;31.5,101.54;
#228:
>0:33.21,126.45;27.51,124.68;23.29,117.9;24.57,108.92;20.33,95.37;23.99,81.34;
#229:
>0:37.23,122.6;41.66,118.38;
#230:
>0:40.48,120.3;40.89,122.55;
#231:
>0:39.42,117.05;40.94,124.13;
#232:
>0:42.98,113.42;38.24,103.89;39.52,101.76;32.34,95.1;25.09,89.65;
#233:
>0:26.11,91.85;21.55,95.95;22.64,105.29;22.76,114.92;18.4,124.1;
#234:
>0:38.51,89.55;39.59,91.84;
#235:
>0:39.15,124.68;34.62,113.71;30.24,115.82;
#236:
>0:36.92,108.63;39.44,100.59;43.92,97.48;42.21,83.57;
#237:
>0:39.6,114.09;33.67,103.42;31.96,103.76;26.83,107.75;22.55,87.52;
#238:
>0:39.73,111.96;43.4,120.76;
#239:
>0:42.1,118.35;42.06,123.59;
#240:
>0:28.13,121.5;29.67,129.09;
#241:
>0:30.06,82.21;22.87,92.09;19.77,98.18;21.28,108.26;19.39,120.06;20.57,122.9;
#242:
>0:25.76,118.16;29.7,103.84;
#243:
>0:39.55,122.77;42.37,122.29;
#244:
>0:25.6,79.72;29.71,82.8;
#245:
>0:22.84,112.63;24.98,104.56;28.44,102.04;35.59,86.86;40.32,101.96;
#246:
>0:43.26,121.02;41.65,123.16;
#247:
>0:39.03,95.71;34.89,110.76;30.62,116.13;
#248:
>0:40.01,124.33;39.49,120.05;
#249:
>0:30.02,90.54;32.0,80.91;
#250:
>0:39.01,118.25;42.39,124.85;
#251:
>0:41.86,122.68;41.53,124.81;
#252:
>0:40.18,124.89;41.04,123.61;
#253:
>0:43.93,103.39;42.7,124.65;32.18,121.48;31.69,124.38;27.2,124.62;
#254:
>0:39.58,119.48;43.3,120.24;
#255:
>0:33.98,99.14;28.44,89.41;
#256:
>0:41.11,126.7;45.34,112.53;38.65,111.42;37.05,95.26;40.96,91.72;
#257:
>0:43.05,121.13;41.24,121.85;
#258:
>0:44.17,100.49;37.77,89.31;33.76,84.64;30.72,97.39;
#259:
>0:37.42,122.59;42.61,116.62;
#260:
>0:30.9,121.92;35.31,112.0;42.38,113.85;43.28,106.6;39.67,92.83;
#261:
>0:34.9,112.59;31.76,106.65;26.02,103.65;19.03,97.35;21.73,83.01;
#262:
>0:39.47,122.33;39.6,121.25;
#263:
>0:41.66,117.83;33.86,108.62;29.82,94.26;30.75,85.34;30.27,77.32;
#264:
>0:27.46,117.23;24.53,127.82;20.52,123.81;
#265:
>0:36.63,126.76;41.47,120.61;44.36,108.37;45.33,97.14;43.26,90.18;
#266:
>0:39.18,76.63;35.34,87.61;31.01,89.76;23.1,102.05;21.96,113.78;
#267:
>0:44.16,90.64;41.26,96.72;39.47,90.9;36.34,78.38;26.92,97.11;
#268:
>0:41.85,115.64;39.41,111.3;36.4,102.75;
#269:
>0:33.75,116.08;29.89,107.82;25.03,103.53;20.31,99.49;22.73,81.47;
#270:
>0:30.0,92.05;34.46,87.71;
#271:
>0:40.55,123.32;41.67,117.51;
#272:
>0:37.53,98.67;39.33,94.36;
#273:
>0:38.19,122.72;39.83,120.19;28.59,126.33;
#274:
>0:36.43,81.5;37.75,82.72;36.68,102.74;
#275:
>0:36.82,83.12;36.43,85.89;27.76,91.74;30.55,111.56;
#276:
>0:43.16,122.08;39.97,119.82;
#277:
>0:39.93,117.11;42.98,119.04;
#278:
>0:40.34,127.84;36.55,115.33;28.64,103.07;24.05,102.03;
#279:
>0:32.4,97.12;39.5,110.57;
#280:
>0:33.46,115.04;40.45,118.33;31.16,97.21;
#281:
>0:41.23,122.49;39.53,124.92;
#282:
>0:25.79,120.18;30.19,120.64;36.12,129.43;33.42,117.89;41.91,113.33;
#283:
>0:36.85,127.71;45.58,112.54;39.8,105.41;38.51,96.74;35.17,100.64;26.63,81.95;
#284:
>0:23.62,85.74;29.31,101.88;
#285:
>0:31.42,116.03;31.72,117.98;
#286:
>0:36.87,91.88;33.28,78.2;35.67,87.43;28.46,94.94;22.38,117.45;
#287:
>0:42.71,117.8;34.67,129.6;
#288:
>0:26.18,115.24;28.76,105.07;27.54,101.98;33.32,93.11;44.13,79.32;
#289:
>0:28.02,118.4;27.6,112.37;
#290:
>0:31.87,117.34;30.34,113.47;
#291:
>0:41.1,122.77;41.36,118.3;
#292:
>0:40.39,115.52;40.19,116.84;
#293:
>0:34.11,108.14;34.93,106.49;
#294:
>0:24.33,103.86;25.75,94.71;
#295:
>0:42.2,77.99;36.7,90.18;37.75,97.86;
#296:
>0:29.01,85.76;23.7,86.51;19.78,111.53;
#297:
>0:32.83,97.14;40.14,111.68;35.76,119.48;
#298:
>0:42.49,124.84;42.35,118.81;
#299:
>0:27.59,92.6;33.04,93.81;
#300:
>0:39.28,125.58;38.92,118.31;31.38,124.77;
#301:
>0:28.3,77.79;29.19,92.75;35.85,88.54;39.64,106.93;
#302:
>0:36.88,125.64;43.83,114.95;37.47,108.77;44.81,100.14;
#303:
>0:39.06,120.37;42.7,123.4;
#304:
>0:33.59,106.71;38.56,98.79;43.35,99.3;
#305:
>0:31.02,102.7;28.18,106.89;
#306:
>0:34.47,92.42;32.14,84.7;25.97,92.69;
#307:
>0:25.21,104.14;31.73,95.99;33.4,87.59;34.77,98.8;44.87,98.07;
#308:
>0:40.6,124.77;42.9,124.4;
#309:
>0:36.57,89.35;32.18,97.94;34.84,107.29;40.74,120.48;
#310:
>0:22.07,102.98;23.32,100.48;28.91,93.69;
#311:
>0:29.55,117.3;36.13,121.92;39.54,121.09;
#312:
>0:39.37,119.82;39.53,119.7;
#313:
>0:26.51,83.75;24.19,88.62;28.62,102.02;33.69,107.27;
#314:
>0:20.41,116.06;23.34,103.64;
#315:
>0:27.67,111.94;23.0,103.76;19.09,97.43;
#316:
>0:41.94,118.92;39.67,120.79;
#317:
>0:44.09,93.31;39.49,98.23;32.41,93.0;
#318:
>0:18.81,88.62;26.52,94.37;24.13,105.23;23.61,117.99;23.48,126.0;
#319:
>0:20.02,101.74;20.89,90.65;
#320:
>0:40.58,117.66;35.41,105.06;31.81,123.86;
#321:
>0:28.97,102.12;33.77,85.26;35.82,83.22;41.76,90.74;
