#0:
>0:37.81,120.43;41.68,121.07;
#1:
>0:39.77,116.64;44.18,125.84;32.52,112.3;
#2:
>0:42.99,124.48;41.7,123.86;
#3:
>0:43.06,96.66;39.17,107.66;33.56,120.04;27.61,124.63;
#4:
>0:20.95,78.11;25.19,87.42;25.2,100.1;27.96,104.81;35.67,112.95;37.97,126.85;
#5:
>0:43.1,122.55;42.92,124.05;
#6:
>0:40.96,117.76;40.96,120.96;
#7:
>0:19.06,96.33;24.84,94.85;26.68,86.91;31.49,92.08;41.14,101.43;
#8:
>0:27.49,108.89;31.77,106.3;
#9:
>0:39.88,117.39;38.28,119.37;
#10:
>0:39.69,121.63;37.54,119.11;
#11:
>0:39.51,121.31;41.48,123.92;
#12:
>0:39.1,98.97;38.54,107.9;
#13:
>0:39.5,119.4;42.12,123.71;
#14:
>0:42.7,120.06;39.91,119.89;
#15:
>0:25.64,97.64;32.0,110.53;35.53,112.75;42.24,119.25;43.13,117.57;
#16:
>0:43.37,119.53;42.15,120.28;
#17:
>0:38.59,76.92;34.35,77.96;30.11,78.96;24.18,77.35;19.06,82.39;
#18:
>0:40.26,117.32;39.0,123.42;
#19:
>0:45.04,94.33;45.22,98.4;
#20:
>0:41.64,118.67;42.83,122.08;
#21:
>0:43.42,123.4;39.33,120.85;
#22:
>0:39.35,122.98;35.61,107.65;32.95,118.1;
#23:
>0:29.12,85.95;32.96,95.4;28.59,102.2;41.86,121.57;
#24:
>0:29.25,112.46;29.87,105.73;42.67,124.83;
#25:
>0:26.45,112.53;27.13,111.22;28.12,100.37;28.14,91.93;
#26:
>0:31.25,106.08;27.28,115.26;
#27:
>0:38.7,116.78;41.4,120.05;
#28:
>0:35.31,76.99;37.72,93.34;45.08,96.89;44.04,111.56;45.44,118.46;43.5,126.18;
#29:
>0:40.98,93.2;42.43,96.69;40.55,106.83;
#30:
>0:42.74,123.33;41.07,117.81;
#31:
>0:37.87,117.96;43.13,117.08;
#32:
>0:43.39,119.86;35.61,104.08;33.02,102.89;
#33:
>0:23.89,89.1;27.28,97.07;29.88,90.42;33.97,96.99;43.05,96.9;
#34:
>0:29.41,113.65;29.98,113.32;
#35:
>0:40.21,124.87;41.93,124.24;
#36:
>0:34.08,116.85;35.64,106.15;32.17,99.34;31.75,88.11;
#37:
>0:18.72,118.7;25.81,106.11;30.28,96.21;26.35,86.41;
#38:
>0:24.06,78.08;19.3,89.01;19.07,102.37;21.5,106.34;21.06,120.01;21.28,126.73;
#39:
>0:45.32,127.96;42.81,122.39;
#40:
>0:23.35,87.31;29.53,96.79;
#41:
>0:40.09,123.63;42.39,122.59;
#42:
>0:34.37,99.92;29.84,101.16;26.34,97.65;21.23,87.44;
#43:
>0:24.71,82.02;25.18,91.29;28.85,82.61;35.09,88.62;45.46,84.83;
#44:
>0:40.16,120.18;43.03,117.52;
#45:
>0:43.35,120.1;41.34,116.82;
#46:
>0:42.63,116.97;42.93,112.93;
#47:
>0:37.05,124.76;41.95,121.98;
#48:
>0:38.89,124.12;39.13,123.66;
#49:
>0:40.3,121.13;40.66,121.62;
#50:
>0:39.95,116.89;41.08,112.57;
#51:
>0:40.15,123.48;42.12,120.25;
#52:
>0:30.29,80.92;33.73,86.1;38.46,89.47;41.01,101.89;35.77,106.47;32.56,126.68;
#53:
>0:22.17,84.08;22.85,81.52;31.08,89.06;34.63,98.58;32.63,104.26;34.48,123.71;
#54:
>0:38.19,123.09;34.62,113.21;32.46,110.22;35.27,102.36;29.25,87.79;
#55:
>0:23.4,112.24;30.77,108.29;34.65,102.04;33.55,89.34;43.87,78.38;
#56:
>0:27.53,125.62;32.76,112.31;31.51,107.92;
#57:
>0:39.61,92.64;37.91,96.45;44.05,106.79;
#58:
>0:25.44,93.41;24.76,98.04;26.69,106.3;
#59:
>0:35.09,96.69;41.04,100.95;33.98,108.62;27.79,120.97;
#60:
>0:25.78,92.8;22.73,100.59;22.35,106.96;19.16,113.61;19.7,123.82;
#61:
>0:40.37,126.55;33.56,119.58;41.16,110.57;
#62:
>0:41.83,102.63;36.6,103.94;34.58,105.69;28.44,124.96;
#63:
>0:41.24,124.49;39.44,121.89;
#64:
>0:24.64,98.02;26.42,100.85;
#65:
>0:40.63,123.6;39.28,119.68;
#66:
>0:39.02,116.55;43.41,120.04;
#67:
>0:39.8,118.13;40.61,121.7;
#68:
>0:33.66,100.89;37.36,97.38;35.41,110.86;31.0,122.81;
#69:
>0:40.06,119.31;39.02,121.78;
#70:
>0:39.35,120.66;42.05,121.53;
#71:
>0:44.27,116.08;37.69,120.85;
#72:
>0:36.69,81.92;32.87,79.07;37.0,100.21;
#73:
>0:40.94,122.17;40.68,120.47;
#74:
>0:41.75,77.9;40.0,80.06;35.81,83.36;30.35,80.6;
#75:
>0:41.03,116.81;40.93,117.31;
#76:
>0:40.95,118.93;39.72,114.13;
#77:
>0:26.2,118.22;23.0,103.85;31.3,108.68;39.65,123.76;
#78:
>0:39.82,123.16;39.33,120.65;
#79:
>0:43.08,87.72;40.94,84.27;
#80:
>0:40.94,95.64;35.45,92.67;29.08,77.7;25.96,81.59;
#81:
>0:39.26,108.85;33.51,118.79;34.97,108.83;30.34,114.44;20.27,124.67;
#82:
>0:37.35,116.67;40.49,120.44;
#83:
>0:42.59,118.9;42.5,119.92;
#84:
>0:19.33,98.25;23.16,95.21;19.33,77.68;
#85:
>0:39.49,117.69;36.15,104.81;29.79,107.92;26.62,96.21;26.84,84.46;
#86:
>0:41.27,123.17;43.14,123.35;
#87:
>0:42.79,124.58;41.0,122.29;
#88:
>0:41.23,123.26;39.57,116.23;
#89:
>0:40.47,123.49;33.34,113.1;27.78,111.75;
#90:
>0:40.39,124.44;45.45,104.38;41.53,114.73;40.44,118.98;36.16,113.87;40.58,100.97;
#91:
>0:34.49,97.39;30.87,99.14;23.73,96.73;
#92:
>0:28.12,96.31;23.09,93.29;
#93:
>0:38.41,100.23;44.56,86.7;
#94:
>0:39.63,123.64;40.01,118.67;
#95:
>0:40.68,118.53;40.9,122.76;
#96:
>0:41.26,117.28;43.12,117.38;
#97:
>0:28.81,115.44;31.21,113.29;
#98:
>0:41.58,90.75;38.23,83.74;36.96,76.93;
#99:
>0:38.11,89.16;41.1,95.86;43.79,109.66;
#100:
>0:39.05,123.2;37.91,113.36;
#101:
>0:18.43,93.22;25.45,82.63;27.46,90.1;36.12,100.91;36.23,109.37;42.41,118.99;
#102:
>0:37.32,99.52;33.87,88.87;
#103:
>0:36.23,89.18;35.32,77.51;
#104:
>0:39.05,99.91;33.04,111.61;30.97,111.74;39.06,122.97;
#105:
>0:37.18,119.61;43.34,114.73;
#106:
>0:32.29,91.08;40.14,88.51;37.85,110.53;
#107:
>0:40.63,121.01;39.52,120.71;
#108:
>0:35.05,91.49;32.07,101.85;
#109:
>0:22.86,96.19;30.83,87.55;35.43,100.1;36.73,110.03;
#110:
>0:41.69,120.57;39.97,122.04;
#111:
>0:39.18,123.49;40.97,122.23;
#112:
>0:35.37,109.92;34.07,104.61;
#113:
>0:21.21,110.12;25.78,109.18;28.81,101.46;33.84,103.72;35.69,100.11;43.29,97.05;
#114:
>0:43.05,101.92;40.65,106.65;35.04,105.34;34.76,122.86;
#115:
>0:40.96,94.6;38.68,102.02;
#116:
>0:44.67,126.55;38.94,124.55;33.66,111.32;35.36,101.16;24.62,100.1;
#117:
>0:35.78,95.83;28.93,96.49;24.59,97.78;
#118:
>0:39.9,123.06;41.27,118.0;
#119:
>0:23.68,82.68;30.43,90.42;33.63,97.09;33.66,105.73;39.58,109.11;38.73,128.92;
#120:
>0:41.77,120.03;40.14,124.39;
#121:
>0:38.96,118.79;40.75,121.28;
#122:
>0:43.41,122.92;44.17,121.26;
#123:
>0:26.3,126.58;24.7,114.75;28.56,119.82;36.92,123.06;
#124:
>0:40.91,118.68;41.39,116.44;
#125:
>0:37.23,119.32;42.35,118.09;
#126:
>0:36.98,115.69;40.64,116.57;
#127:
>0:40.19,121.62;41.58,121.95;
#128:
>0:23.55,88.26;31.2,94.57;
#129:
>0:24.52,102.26;28.14,105.26;34.96,118.99;35.57,103.05;42.51,121.3;
#130:
>0:20.7,104.27;26.9,103.47;29.28,105.01;33.89,104.48;
#131:
>0:39.36,121.61;41.62,118.76;
#132:
>0:23.74,123.33;24.26,118.95;24.65,107.71;27.55,94.61;26.25,91.64;
#133:
>0:43.05,85.98;40.14,92.69;40.46,99.0;33.83,108.47;29.28,119.63;22.42,121.8;
#134:
>0:37.68,122.05;43.14,125.14;43.85,102.97;
#135:
>0:18.79,128.21;24.19,120.29;26.29,104.38;33.19,103.81;
#136:
>0:39.93,124.87;39.52,124.03;
#137:
>0:33.58,121.43;40.45,128.72;35.58,114.01;37.53,96.87;
#138:
>0:39.04,100.37;34.8,101.05;
#139:
>0:24.82,79.04;29.01,89.61;33.88,101.43;34.41,107.57;39.69,105.4;39.78,128.49;
#140:
>0:34.98,89.35;34.77,94.89;
#141:
>0:40.83,118.4;42.18,116.21;
#142:
>0:33.84,128.17;40.02,124.74;36.3,117.95;38.8,101.69;
#143:
>0:41.15,121.52;43.01,117.98;
#144:
>0:42.02,118.09;37.03,123.39;
#145:
>0:22.51,90.61;24.62,88.88;23.13,95.95;29.49,103.25;32.57,116.52;43.07,113.01;
#146:
>0:28.7,126.25;28.19,120.87;
#147:
>0:22.6,85.6;22.86,95.05;29.18,95.02;
#148:
>0:41.71,119.36;36.66,121.98;
#149:
>0:42.95,116.77;39.47,121.89;34.36,110.52;34.38,102.64;39.54,82.32;
#150:
>0:19.14,93.7;27.0,94.34;30.87,100.16;
#151:
>0:39.77,96.91;33.52,109.89;28.38,100.54;
#152:
>0:34.53,110.28;35.29,114.86;39.34,100.71;
#153:
>0:41.97,121.88;40.27,113.28;
#154:
>0:30.5,113.32;31.62,118.87;
#155:
>0:38.77,97.28;33.95,107.94;29.11,94.22;
#156:
>0:30.98,111.19;29.62,103.24;
#157:
>0:42.16,118.91;42.45,119.65;
#158:
>0:40.0,120.74;41.36,117.35;
#159:
>0:40.04,124.59;41.29,119.69;
#160:
>0:23.15,115.61;30.9,129.23;33.25,123.98;
#161:
>0:33.87,92.57;34.7,102.22;
#162:
>0:20.23,103.84;21.46,102.15;27.24,86.66;29.5,78.68;32.23,90.71;42.27,99.0;
#163:
>0:39.34,120.19;41.19,120.09;
#164:
>0:35.69,115.02;32.78,107.52;45.04,122.26;
#165:
>0:39.29,121.43;41.05,124.91;
#166:
>0:42.67,95.05;40.36,97.41;
#167:
>0:24.99,123.65;28.4,113.22;35.92,104.02;36.62,94.74;43.02,87.53;
#168:
>0:39.31,126.61;34.07,114.17;42.14,107.56;
#169:
>0:35.89,85.69;35.57,83.89;
#170:
>0:32.02,106.55;34.35,96.25;38.98,87.85;
#171:
>0:45.55,128.3;40.25,128.56;
#172:
>0:24.92,113.32;23.7,103.08;21.75,95.57;
#173:
>0:18.57,115.45;21.48,120.97;
#174:
>0:25.36,123.11;27.15,117.95;24.75,111.71;19.43,94.72;
#175:
>0:44.84,99.05;40.92,86.13;37.4,95.54;33.05,99.67;23.7,101.34;
#176:
>0:37.84,84.92;37.39,99.66;43.41,107.23;
#177:
>0:41.29,117.03;42.48,122.03;
#178:
>0:40.25,86.26;36.78,95.98;32.14,108.08;33.73,115.86;31.55,128.74;
#179:
>0:43.07,104.83;37.99,98.66;35.58,99.77;27.95,98.54;22.9,95.23;22.28,99.3;
#180:
>0:25.13,121.26;26.7,117.71;27.44,113.66;39.86,129.36;
#181:
>0:33.63,107.21;33.75,107.31;
#182:
>0:33.44,80.74;37.22,77.07;42.63,81.29;
#183:
>0:40.4,117.45;42.01,118.75;
#184:
>0:44.09,128.28;42.1,120.69;32.96,105.88;29.59,118.18;29.09,123.27;19.1,124.82;
#185:
>0:20.41,84.96;24.74,100.06;31.88,96.97;
#186:
>0:24.25,89.78;31.25,89.81;35.15,107.61;
#187:
>0:38.36,98.44;36.6,87.59;
#188:
>0:41.01,117.55;40.87,124.88;
#189:
>0:34.47,103.46;33.34,102.8;
#190:
>0:25.61,118.35;25.02,119.65;
#191:
>0:43.02,121.88;39.39,116.78;
#192:
>0:18.75,82.83;26.53,77.36;31.46,88.91;32.94,94.64;33.59,103.58;33.96,128.6;
#193:
>0:40.94,90.66;37.69,101.82;28.1,100.94;
#194:
>0:36.83,127.0;34.83,117.83;
#195:
>0:28.84,86.27;35.78,98.7;38.74,101.03;37.02,96.99;
#196:
>0:28.91,122.56;34.77,119.55;32.28,110.59;30.84,94.91;
#197:
>0:34.08,127.59;41.26,124.39;45.16,104.11;43.48,96.28;44.3,87.3;
#198:
>0:43.08,116.28;40.95,123.25;
#199:
>0:29.88,90.75;23.1,83.69;
#200:
>0:34.32,96.01;30.15,89.05;
#201:
>0:28.36,83.27;26.71,88.01;
#202:
>0:19.25,83.08;20.77,90.87;21.53,102.38;19.82,105.09;18.49,116.9;22.41,128.22;
#203:
>0:26.23,96.61;27.12,102.02;
#204:
>0:25.98,122.16;23.25,112.16;29.7,120.64;32.35,120.16;44.83,114.06;
#205:
>0:39.0,96.52;45.3,99.02;45.63,105.06;39.97,127.8;
#206:
>0:39.62,121.65;42.01,119.2;
#207:
>0:42.83,94.49;41.15,96.93;35.13,95.29;27.53,86.1;
#208:
>0:38.82,114.1;42.34,119.71;
#209:
>0:43.95,116.85;40.84,121.46;37.44,126.44;28.84,119.57;
#210:
>0:24.32,83.09;25.48,89.33;29.66,78.24;36.97,89.82;
#211:
>0:41.67,124.72;32.75,114.27;28.01,113.61;
#212:
>0:38.96,94.56;35.79,104.73;
#213:
>0:44.63,77.52;40.93,91.15;34.1,92.26;27.8,90.75;23.52,92.48;
#214:
>0:31.9,77.31;24.38,83.63;21.6,78.08;
#215:
>0:31.55,106.89;25.74,97.6;21.64,88.57;27.61,80.63;
#216:
>0:30.14,84.1;23.94,80.53;20.24,80.93;
#217:
>0:37.74,116.59;38.14,119.76;
#218:
>0:35.63,113.84;35.99,106.97;32.47,100.22;31.87,90.91;
#219:
>0:40.54,117.69;42.58,121.29;
#220:
>0:41.29,117.05;41.36,116.44;
#221:
>0:42.71,89.67;42.12,95.84;37.85,101.33;34.7,98.42;28.48,99.71;19.7,91.19;
#222:
>0:38.98,121.83;39.67,120.68;
#223:
>0:25.04,89.72;23.51,85.93;
#224:
>0:37.93,98.7;42.11,85.51;
#225:
>0:19.79,113.35;21.34,109.43;
#226:
>0:33.57,97.73;31.23,99.1;
#227:
>0:24.07,126.94;26.55,120.35;35.48,112.56;
#228:
>0:20.52,107.68;20.83,118.61;25.96,114.59;27.65,113.32;33.1,112.84;44.86,105.06;
#229:
>0:36.39,97.37;28.54,96.83;22.94,95.15;22.0,93.01;
#230:
>0:42.08,124.31;41.21,120.86;
#231:
>0:39.93,115.42;42.08,122.59;
#232:
>0:34.82,123.82;42.3,119.74;40.59,110.07;
#233:
>0:19.88,80.42;23.2,84.13;23.37,96.48;
#234:
>0:29.57,78.06;34.31,82.15;36.65,96.52;
#235:
>0:40.13,88.76;45.73,94.23;44.57,106.34;
#236:
>0:39.56,117.95;41.25,121.6;
#237:
>0:42.0,124.5;40.86,120.09;
#238:
>0:40.17,115.6;42.71,119.36;
#239:
>0:41.85,122.01;42.04,121.21;
#240:
>0:40.57,120.27;39.84,123.48;
#241:
>0:34.05,100.07;35.56,89.17;41.36,96.35;
#242:
>0:33.5,78.99;38.59,89.37;45.29,97.69;42.21,108.13;42.96,118.1;42.26,126.8;
#243:
>0:42.83,124.04;43.32,119.8;
#244:
>0:39.89,121.39;36.13,103.68;
#245:
>0:39.98,120.19;40.48,124.31;
#246:
>0:43.25,124.54;41.53,120.27;
#247:
>0:41.65,77.0;40.68,85.79;35.14,88.35;29.09,89.67;25.91,85.82;
#248:
>0:41.73,96.33;38.3,107.78;34.19,106.31;34.29,123.57;
#249:
>0:41.24,124.77;42.06,119.05;
#250:
>0:44.39,116.87;39.52,124.54;
#251:
>0:42.28,121.28;39.5,119.01;
#252:
>0:39.58,121.76;39.99,117.55;
#253:
>0:40.17,118.14;39.26,118.8;
#254:
>0:32.33,90.76;36.85,82.52;
#255:
>0:41.3,118.55;40.24,122.51;
#256:
>0:41.55,119.91;40.8,117.35;
#257:
>0:41.91,117.38;42.19,120.45;
#258:
>0:37.87,129.39;33.48,118.93;28.56,121.37;
#259:
>0:40.28,116.82;41.61,116.53;
#260:
>0:42.08,124.76;40.27,122.67;
#261:
>0:39.23,123.28;40.34,121.34;
#262:
>0:42.11,121.82;41.7,118.78;
#263:
>0:26.73,127.28;27.8,122.08;
#264:
>0:42.98,123.41;39.34,119.89;
#265:
>0:22.51,89.33;19.31,85.26;
#266:
>0:44.48,82.51;37.24,87.13;33.42,102.1;31.33,96.46;26.41,98.33;20.42,96.84;
#267:
>0:42.42,119.5;39.2,118.42;
#268:
>0:23.33,125.67;25.56,113.52;23.96,110.94;27.5,99.45;18.35,93.67;
#269:
>0:23.56,93.84;21.5,98.16;19.95,109.21;19.59,117.49;19.07,124.92;
#270:
>0:42.73,124.62;41.72,119.41;
#271:
>0:22.04,85.11;20.33,95.93;25.98,93.64;33.83,87.43;
#272:
>0:41.62,116.24;40.23,120.28;
#273:
>0:36.92,126.67;41.37,128.39;44.76,111.73;
#274:
>0:31.84,119.5;31.39,120.38;
#275:
>0:20.7,110.35;23.47,110.7;31.3,106.02;33.9,108.4;
#276:
>0:29.28,86.9;28.18,88.07;
#277:
>0:44.6,97.61;45.36,91.48;
#278:
>0:31.82,110.89;35.82,120.28;39.17,103.85;
#279:
>0:39.89,117.74;40.6,116.84;
#280:
>0:42.16,116.32;43.4,119.73;
#281:
>0:19.75,127.6;23.84,116.51;27.1,110.89;34.63,105.09;
#282:
>0:44.53,79.79;40.11,81.0;32.28,89.64;27.56,100.91;
#283:
>0:38.5,90.11;45.33,95.49;39.05,100.7;34.12,111.68;35.09,124.99;
#284:
>0:34.16,127.36;27.95,116.82;28.15,110.4;25.6,94.57;27.08,90.31;
#285:
>0:24.08,78.49;29.48,92.67;32.49,94.75;32.55,103.6;38.67,102.93;37.78,122.91;
#286:
>0:43.11,119.39;41.49,124.06;
#287:
>0:39.71,117.35;44.23,122.69;
#288:
>0:27.59,122.91;27.36,113.07;25.93,105.36;27.52,105.57;35.42,88.33;
#289:
>0:41.5,120.08;40.57,120.11;
#290:
>0:23.55,119.71;28.45,110.63;34.64,97.36;32.62,85.41;41.88,81.51;
#291:
>0:41.38,85.76;41.22,101.03;37.52,94.71;28.06,96.06;
#292:
>0:28.83,82.31;25.85,86.88;26.13,98.32;28.13,103.28;21.27,115.8;
#293:
>0:23.63,105.5;28.68,94.0;34.18,102.87;38.52,96.81;
#294:
>0:33.48,86.55;40.44,96.39;37.33,110.33;
#295:
>0:42.12,116.37;40.84,116.46;
#296:
>0:45.33,94.24;39.6,100.59;36.01,99.24;27.74,90.6;
#297:
>0:36.33,99.23;32.23,109.56;38.06,109.32;39.29,125.68;
#298:
>0:30.03,93.56;31.81,88.06;
#299:
>0:41.98,117.75;42.78,123.22;
#300:
>0:31.43,115.64;31.68,118.32;
#301:
>0:39.2,118.02;39.91,116.85;
#302:
>0:42.43,123.62;41.16,122.85;
#303:
>0:20.17,128.55;23.63,116.19;30.3,117.63;35.05,103.5;
#304:
>0:45.13,86.79;38.34,80.73;39.33,79.82;
#305:
>0:42.73,121.82;43.02,119.56;
#306:
>0:26.88,87.64;26.45,99.46;26.55,111.26;
#307:
>0:36.76,99.68;33.83,106.29;42.38,116.99;39.29,123.21;
#308:
>0:27.09,129.49;26.02,116.51;27.72,116.2;37.23,129.48;
#309:
>0:32.85,119.89;35.88,108.88;25.8,95.99;
#310:
>0:42.19,124.8;41.12,121.87;
#311:
>0:28.18,108.35;33.53,119.47;37.56,107.2;
#312:
>0:43.18,93.53;44.42,96.04;37.22,102.43;35.01,98.03;28.53,96.88;20.8,85.87;
#313:
>0:40.02,84.14;36.8,81.09;
#314:
>0:33.26,84.22;37.77,86.05;43.87,101.23;42.68,105.06;42.67,120.52;41.96,121.04;
#315:
>0:31.97,86.78;36.12,99.25;39.4,101.59;
#316:
>0:19.66,103.68;24.51,103.4;27.8,107.15;36.55,103.32;
#317:
>0:27.78,128.58;32.42,117.73;34.56,106.82;31.67,95.69;
#318:
>0:43.44,120.86;41.92,123.13;
#319:
>0:43.44,110.68;41.66,120.05;34.21,122.18;
#320:
>0:26.36,97.15;19.43,86.42;29.1,79.87;
#321:
>0:42.03,117.68;42.53,117.31;
