#0:
>0:39.57,83.93;32.76,84.38;32.33,91.92;41.02,109.21;
#1:
>0:24.56,127.57;19.39,129.4;25.71,112.07;31.13,98.99;
#2:
>0:41.6,124.37;38.91,124.95;35.73,108.24;27.43,101.73;25.61,85.07;22.03,76.22;
#3:
>0:43.26,78.04;41.79,86.3;38.62,89.12;34.21,97.01;29.16,106.67;33.9,123.37;
#4:
>0:41.34,121.56;39.91,117.38;
#5:
>0:36.85,116.95;40.45,123.6;
#6:
>0:37.58,108.84;29.34,105.52;23.12,107.35;21.98,111.01;
#7:
>0:32.88,102.54;29.45,103.64;24.9,117.71;24.42,125.05;
#8:
>0:37.89,125.56;44.18,122.85;
#9:
>0:34.77,119.4;38.9,111.32;42.54,102.45;41.97,90.91;45.55,78.74;
#10:
>0:36.92,85.51;34.99,80.63;35.58,93.77;29.53,100.0;19.69,85.62;
#11:
>0:33.16,126.59;31.65,119.31;27.35,119.26;26.93,108.78;31.4,88.01;
#12:
>0:45.55,126.06;44.22,125.88;
#13:
>0:41.1,94.81;38.08,89.54;31.82,104.55;
#14:
>0:44.85,121.37;43.66,115.87;35.53,106.29;29.55,98.68;23.15,88.97;
#15:
>0:45.74,128.46;43.04,116.4;36.26,116.03;39.27,94.21;
#16:
>0:32.87,76.02;33.82,93.01;41.0,98.47;35.57,101.01;32.88,117.46;
#17:
>0:36.15,122.66;29.45,115.81;23.52,109.38;25.34,100.61;30.96,90.41;22.63,80.88;
#18:
>0:34.91,100.23;29.08,105.45;40.0,121.0;
#19:
>0:21.74,88.22;25.48,91.64;29.92,91.44;
#20:
>0:44.94,117.39;38.59,121.96;36.08,123.14;29.97,119.83;23.01,117.5;
#21:
>0:19.93,95.74;22.04,107.49;25.82,114.72;27.83,124.82;
#22:
>0:45.07,95.47;44.5,86.44;33.89,80.87;
#23:
>0:40.58,85.71;41.85,82.12;
#24:
>0:18.46,111.03;23.47,105.62;
#25:
>0:25.53,94.83;27.93,111.48;26.96,120.53;24.42,128.96;
#26:
>0:20.05,122.24;27.39,118.14;23.32,106.83;23.77,99.01;27.87,91.35;
#27:
>0:25.4,104.43;28.39,114.39;32.59,119.67;39.46,103.76;42.92,97.66;
#28:
>0:29.14,103.39;25.43,110.98;27.29,91.73;
#29:
>0:29.05,122.28;23.68,118.38;26.5,110.49;31.46,98.69;24.99,101.96;27.32,80.47;
#30:
>0:29.57,124.03;35.01,113.25;36.85,109.6;
#31:
>0:42.63,100.27;43.17,92.74;35.68,84.66;
#32:
>0:28.42,128.1;31.62,127.31;
#33:
>0:28.51,122.6;28.47,113.0;34.92,119.2;37.67,110.12;38.99,102.44;31.29,79.73;
#34:
>0:35.58,107.82;30.71,119.27;26.22,113.12;21.25,113.87;
#35:
>0:39.27,122.4;41.65,119.71;
#36:
>0:32.08,90.42;31.0,97.67;25.91,110.71;
#37:
>0:27.61,77.31;32.93,78.67;37.18,76.2;43.66,83.19;
#38:
>0:33.9,97.21;29.8,105.08;42.74,116.78;
#39:
>0:18.81,128.33;26.57,126.42;31.24,113.99;34.38,118.46;39.48,126.19;
#40:
>0:43.43,120.66;35.53,114.36;39.31,106.11;39.13,98.88;39.1,81.14;
#41:
>0:39.18,119.76;42.32,117.92;
#42:
>0:37.48,128.13;34.08,124.76;30.17,114.86;24.04,109.36;
#43:
>0:26.24,93.83;24.7,95.48;
#44:
>0:26.92,116.1;23.08,105.36;27.14,96.66;30.94,92.92;36.77,83.69;
#45:
>0:22.42,100.01;24.61,102.29;23.28,114.15;
#46:
>0:43.87,76.67;42.2,91.85;36.75,89.38;34.78,97.63;24.43,104.22;
#47:
>0:37.68,119.76;32.08,108.22;29.69,93.97;22.92,87.74;
#48:
>0:36.07,115.62;31.34,113.3;22.89,117.15;19.59,114.04;
#49:
>0:19.17,125.18;26.73,117.29;31.28,117.44;34.66,124.69;
#50:
>0:43.45,123.31;42.05,125.07;
#51:
>0:45.74,102.42;36.62,94.65;40.16,109.87;29.62,120.57;
#52:
>0:41.97,80.5;39.38,92.26;34.95,95.49;27.71,109.99;26.86,112.92;31.17,121.76;
#53:
>0:36.37,90.05;31.79,96.49;34.59,97.27;34.94,118.13;
#54:
>0:18.75,112.69;26.01,108.94;
#55:
>0:38.78,119.44;41.51,124.7;
#56:
>0:38.7,104.22;38.91,99.46;
#57:
>0:31.54,120.58;29.53,110.73;39.71,103.06;
#58:
>0:27.44,127.98;33.54,112.28;38.45,104.01;42.11,96.51;
#59:
>0:19.96,110.15;23.05,115.29;26.6,109.81;28.46,120.05;40.2,106.9;
#60:
>0:22.1,86.62;26.93,86.25;25.51,102.77;35.59,85.86;
#61:
>0:39.26,95.46;39.08,95.66;
#62:
>0:35.73,76.05;34.49,93.16;36.9,95.59;36.33,109.7;
#63:
>0:40.53,78.83;38.41,85.03;36.07,102.03;28.36,104.69;20.65,97.38;
#64:
>0:41.46,118.8;35.89,118.95;35.3,114.29;
#65:
>0:42.08,115.76;40.3,120.97;
#66:
>0:30.47,125.52;31.42,113.99;24.65,116.11;29.4,102.34;
#67:
>0:19.65,107.01;24.45,113.46;24.63,122.16;
#68:
>0:24.31,119.81;30.42,104.2;
#69:
>0:39.34,124.95;43.07,120.05;
#70:
>0:44.27,117.2;40.91,118.29;
#71:
>0:44.37,89.0;37.06,91.1;32.56,94.53;28.02,105.29;25.13,116.57;21.04,97.51;
#72:
>0:24.72,105.45;23.57,100.65;28.94,91.88;19.62,83.74;
#73:
>0:24.0,77.11;24.65,89.87;30.41,102.61;33.36,95.87;36.01,119.22;
#74:
>0:40.33,121.79;36.1,125.79;28.92,108.93;
#75:
>0:27.99,109.87;33.21,94.22;
#76:
>0:33.43,81.6;36.25,88.64;28.44,100.47;22.28,109.87;
#77:
>0:22.16,115.55;22.64,127.78;25.85,113.94;30.86,113.33;34.88,118.29;43.12,112.82;
#78:
>0:29.51,104.44;22.88,108.12;
#79:
>0:44.87,77.74;39.12,79.32;34.68,77.94;34.3,92.21;29.26,97.82;22.5,104.65;
#80:
>0:41.57,90.45;39.94,85.7;32.82,98.0;30.54,102.91;23.24,108.68;20.09,123.17;
#81:
>0:23.98,117.9;30.66,111.65;36.38,108.35;39.42,105.87;44.59,105.26;
#82:
>0:18.85,106.99;26.93,104.57;26.03,113.4;29.32,120.25;39.53,109.13;
#83:
>0:38.01,83.69;35.14,77.2;34.58,89.07;24.78,100.15;
#84:
>0:31.62,90.82;33.46,85.14;39.28,90.38;
#85:
>0:29.77,89.51;27.35,94.7;27.51,109.64;26.41,114.3;25.32,125.36;
#86:
>0:38.88,108.63;37.25,113.31;30.34,119.24;26.6,110.8;
#87:
>0:44.5,110.96;45.14,94.93;
#88:
>0:26.6,83.25;23.23,86.07;31.31,85.02;24.57,98.14;34.34,118.22;
#89:
>0:31.03,123.4;26.05,125.32;
#90:
>0:34.76,86.13;38.15,99.27;41.83,96.35;44.29,103.31;38.47,125.33;
#91:
>0:21.68,106.21;21.12,96.73;26.34,86.25;34.26,89.15;
#92:
>0:39.84,80.14;37.71,92.78;32.35,97.41;38.76,108.25;
#93:
>0:38.5,115.24;33.5,98.39;42.79,100.63;
#94:
>0:40.86,88.37;45.26,82.71;
#95:
>0:34.82,97.46;28.87,87.02;25.8,87.03;
#96:
>0:32.33,101.47;30.51,107.88;34.83,112.42;
#97:
>0:45.5,88.35;38.5,88.52;37.01,77.01;
#98:
>0:32.32,96.07;34.72,101.23;
#99:
>0:24.62,81.06;25.12,88.87;27.67,93.87;27.86,109.56;
#100:
>0:39.66,88.67;36.21,79.9;30.5,82.23;26.38,83.97;
#101:
>0:28.62,107.14;34.39,113.72;
#102:
>0:21.19,112.93;19.62,122.27;27.24,117.57;28.83,114.43;39.86,108.44;
#103:
>0:25.61,87.68;24.98,93.92;29.75,110.77;34.23,118.12;44.29,128.72;
#104:
>0:42.42,117.0;39.55,123.47;
#105:
>0:40.49,116.46;40.74,120.45;
#106:
>0:36.55,85.53;29.26,101.41;
#107:
>0:22.23,99.12;21.04,108.04;22.88,103.58;31.59,121.59;
#108:
>0:31.34,125.99;23.19,112.52;27.41,109.2;28.58,95.07;22.96,88.32;
#109:
>0:40.33,90.56;41.77,92.46;
#110:
>0:40.67,123.93;39.78,124.66;
#111:
>0:33.91,98.68;29.87,92.75;24.52,91.96;
#112:
>0:32.87,80.87;32.79,88.67;37.2,101.58;43.94,97.42;41.28,104.39;43.65,127.06;
#113:
>0:45.13,119.81;40.33,129.46;36.49,124.02;27.51,114.01;29.16,109.4;21.13,96.54;
#114:
>0:34.71,121.8;30.21,113.27;24.14,117.36;20.39,112.03;
#115:
>0:22.46,112.4;26.54,115.38;20.43,97.03;
#116:
>0:45.01,128.41;42.48,123.53;34.74,115.76;40.12,97.02;
#117:
>0:19.77,88.85;25.7,92.37;
#118:
>0:31.1,83.17;33.39,89.7;38.63,94.49;
#119:
>0:42.8,118.93;39.08,123.28;
#120:
>0:41.93,117.36;40.15,119.11;
#121:
>0:36.3,95.92;34.09,101.47;
#122:
>0:33.81,75.98;40.28,79.08;
#123:
>0:20.89,79.42;22.9,88.34;31.62,98.09;
#124:
>0:18.96,112.53;26.43,110.58;28.62,98.18;32.62,92.32;40.64,84.58;44.68,76.21;
#125:
>0:21.68,124.65;24.93,124.82;30.64,120.59;34.25,126.11;
#126:
>0:38.95,88.24;34.45,102.07;27.84,103.55;26.01,120.17;20.9,118.51;
#127:
>0:36.48,80.58;28.77,84.34;24.6,76.01;20.13,77.31;
#128:
>0:41.24,118.23;40.74,121.98;
#129:
>0:19.28,76.55;19.14,82.54;
#130:
>0:31.48,77.0;35.85,93.77;40.42,95.27;
#131:
>0:37.85,121.51;33.3,128.8;31.85,115.38;25.57,103.15;
#132:
>0:38.94,118.2;39.26,116.74;
#133:
>0:44.8,88.35;45.43,98.78;44.65,110.55;42.66,118.74;
#134:
>0:40.61,118.72;42.07,118.12;
#135:
>0:32.99,78.34;33.3,93.6;38.7,100.87;36.99,112.16;
#136:
>0:31.3,124.08;25.73,115.03;26.84,109.53;27.9,98.17;26.17,86.88;
#137:
>0:31.22,122.78;30.03,116.39;28.59,104.55;
#138:
>0:32.31,93.54;41.15,82.33;
#139:
>0:27.36,93.28;27.93,88.82;31.75,94.4;32.43,98.56;45.29,98.95;
#140:
>0:20.64,89.19;26.09,93.27;31.0,86.34;35.57,89.01;37.91,89.05;
#141:
>0:21.88,77.69;24.16,90.25;23.56,94.61;35.66,86.96;
#142:
>0:25.62,126.3;28.15,113.92;35.83,118.6;40.52,106.17;41.78,102.63;
#143:
>0:43.13,118.39;39.59,122.58;
#144:
>0:38.5,87.48;32.58,77.74;27.45,79.0;27.06,83.52;
#145:
>0:30.78,87.91;30.09,100.85;33.94,94.33;24.36,115.79;
#146:
>0:27.91,119.08;37.64,112.5;38.37,103.56;45.0,107.46;
#147:
>0:41.99,121.65;40.49,120.43;
#148:
>0:45.66,78.06;45.55,83.28;
#149:
>0:18.75,79.39;18.65,90.65;18.58,100.33;
#150:
>0:39.34,102.56;35.89,101.53;30.97,106.59;40.21,123.85;
#151:
>0:32.74,112.93;39.73,107.45;30.36,100.69;
#152:
>0:36.67,109.5;34.03,114.89;30.85,129.02;24.56,128.88;
#153:
>0:42.33,121.09;39.48,128.38;42.13,118.19;34.08,96.02;
#154:
>0:41.43,120.55;38.01,109.77;35.88,115.89;40.84,97.43;
#155:
>0:29.99,115.97;27.61,114.68;
#156:
>0:39.72,121.93;32.79,114.03;36.35,103.07;24.99,94.81;
#157:
>0:34.99,118.38;44.15,121.42;43.98,122.22;
#158:
>0:42.9,121.68;41.93,119.53;
#159:
>0:29.91,107.49;26.4,107.17;
#160:
>0:30.44,119.04;35.65,113.93;38.37,105.63;45.06,101.48;
#161:
>0:42.07,116.59;42.9,118.28;
#162:
>0:27.05,113.21;26.47,105.4;30.42,106.52;39.4,123.53;
#163:
>0:26.85,97.19;26.83,109.11;
#164:
>0:35.34,118.08;30.8,113.09;23.9,116.25;
#165:
>0:39.28,86.54;32.52,94.3;29.1,108.53;38.82,122.29;
#166:
>0:44.11,121.02;37.32,126.36;33.28,121.02;29.77,113.98;31.8,109.4;21.33,126.76;
#167:
>0:44.7,125.78;43.16,122.79;35.46,117.89;38.71,106.68;40.7,101.96;35.14,82.83;
#168:
>0:33.31,88.45;31.33,98.33;23.51,102.77;19.2,94.9;
#169:
>0:31.46,117.1;31.65,111.84;
#170:
>0:42.91,116.28;42.28,122.84;
#171:
>0:35.43,85.92;33.89,81.38;
#172:
>0:30.57,124.66;33.79,111.84;41.0,103.51;
#173:
>0:28.84,113.11;35.04,120.29;37.45,106.74;41.53,100.42;
#174:
>0:39.55,115.52;32.76,115.88;36.86,112.67;26.64,96.77;
#175:
>0:29.75,113.56;25.49,119.4;23.25,99.49;
#176:
>0:31.39,87.06;33.29,87.3;37.39,102.69;42.98,108.98;
#177:
>0:40.33,107.04;40.65,119.19;32.72,122.07;
#178:
>0:41.66,116.62;41.97,120.57;
#179:
>0:38.71,124.04;35.53,128.26;28.26,115.95;27.38,106.82;
#180:
>0:27.25,76.45;30.56,92.33;23.68,100.33;28.65,104.2;34.82,116.75;29.44,129.02;
#181:
>0:23.6,110.05;31.26,111.14;35.93,113.98;39.77,95.97;
#182:
>0:40.29,86.36;32.46,79.63;29.12,82.95;23.28,81.67;
#183:
>0:26.89,86.37;26.67,79.35;
#184:
>0:26.83,89.66;31.78,87.41;28.24,95.4;39.69,101.07;
#185:
>0:27.41,95.43;31.74,104.8;36.35,117.01;39.44,122.93;
#186:
>0:33.73,80.64;32.85,85.87;30.25,94.2;27.08,99.03;34.04,119.8;
#187:
>0:35.42,115.99;31.37,109.87;27.19,107.92;19.74,107.13;
#188:
>0:40.26,120.84;40.9,119.85;
#189:
>0:23.75,93.39;30.86,94.12;32.97,100.77;32.86,116.87;
#190:
>0:37.78,112.37;38.54,108.13;42.47,104.6;
#191:
>0:40.81,120.02;39.71,119.24;
#192:
>0:28.82,118.13;31.17,105.57;29.72,98.75;
#193:
>0:39.7,122.9;32.59,118.62;38.73,104.67;38.92,100.25;33.47,85.77;32.04,81.87;
#194:
>0:39.83,121.57;39.0,125.05;
#195:
>0:24.38,86.98;28.16,100.37;32.84,102.34;34.84,116.42;
#196:
>0:23.52,88.66;29.33,91.42;36.1,88.69;38.43,109.96;
#197:
>0:23.7,91.39;31.08,95.56;34.56,102.73;31.13,106.63;34.22,122.83;
#198:
>0:27.34,92.46;25.19,100.95;31.31,105.16;36.33,113.2;44.75,113.36;
#199:
>0:24.65,120.59;19.07,124.63;
#200:
>0:39.38,124.68;41.44,123.89;
#201:
>0:22.26,98.86;25.09,94.97;29.08,88.48;
#202:
>0:35.96,106.33;29.22,107.14;
#203:
>0:40.26,119.31;41.94,116.24;
#204:
>0:29.46,83.2;34.09,81.17;37.24,83.08;
#205:
>0:18.71,113.88;21.85,129.5;
#206:
>0:23.98,93.35;22.86,88.87;
#207:
>0:21.98,81.91;25.02,82.05;
#208:
>0:29.53,107.89;35.01,96.96;38.35,101.43;32.27,78.53;
#209:
>0:38.37,92.32;32.35,79.62;30.01,94.95;
#210:
>0:25.04,109.35;31.87,100.04;32.38,100.21;37.49,100.0;42.01,89.42;
#211:
>0:36.86,78.27;32.79,87.36;31.8,93.6;
#212:
>0:32.69,89.35;37.19,97.27;42.52,97.21;41.9,107.23;38.09,125.07;
#213:
>0:28.09,118.65;31.92,108.84;33.85,114.39;43.17,114.43;
#214:
>0:39.54,127.32;32.7,121.37;31.57,118.64;25.77,109.66;
#215:
>0:43.64,85.71;42.34,92.88;
#216:
>0:38.41,97.22;37.02,108.69;35.03,109.79;29.56,101.71;19.63,85.98;
#217:
>0:25.82,96.75;29.34,91.94;20.87,78.13;
#218:
>0:44.55,104.35;40.25,100.84;36.97,91.53;28.32,78.28;
#219:
>0:23.57,81.5;24.5,87.79;31.31,93.97;28.55,106.15;
#220:
>0:30.24,122.59;33.95,117.32;40.62,103.81;42.85,98.58;
#221:
>0:35.05,110.82;29.06,117.95;27.28,109.57;
#222:
>0:30.8,95.76;30.21,97.61;
#223:
>0:32.79,90.62;33.11,78.64;
#224:
>0:28.42,80.76;23.32,89.09;
#225:
>0:38.06,114.59;33.39,115.64;38.85,121.95;
#226:
>0:18.64,129.09;23.89,112.74;29.85,117.1;28.84,110.4;34.74,112.69;43.62,113.4;
#227:
>0:25.0,87.41;30.56,94.13;33.46,96.56;31.74,103.71;19.84,126.45;
#228:
>0:29.61,89.82;29.84,78.83;
#229:
>0:37.51,123.27;34.52,128.19;29.75,123.05;
#230:
>0:35.62,77.14;35.54,90.52;38.96,102.26;37.22,109.05;29.69,114.74;
#231:
>0:20.55,77.48;26.23,83.13;
#232:
>0:42.33,105.47;45.53,97.62;
#233:
>0:30.89,117.85;33.52,118.61;
#234:
>0:23.29,108.32;21.58,115.45;
#235:
>0:28.46,123.32;30.27,122.2;
#236:
>0:31.55,116.25;27.52,110.29;22.46,128.91;
#237:
>0:35.43,100.63;29.11,105.72;34.86,112.01;45.3,122.67;
#238:
>0:33.13,88.08;31.36,87.76;
#239:
>0:18.8,114.88;23.42,107.26;31.9,118.2;32.52,119.53;40.43,124.11;42.17,117.67;
#240:
>0:33.83,88.47;30.31,100.11;34.65,95.42;34.03,113.09;
#241:
>0:31.17,76.07;33.31,87.82;38.5,98.98;34.1,95.8;29.29,108.13;34.21,129.34;
#242:
>0:31.46,94.16;28.94,110.71;
#243:
>0:41.04,110.15;35.29,114.92;30.27,126.19;23.01,121.99;
#244:
>0:41.03,118.28;40.23,119.84;
#245:
>0:35.06,111.47;37.65,111.29;
#246:
>0:41.33,109.19;45.09,113.69;32.63,119.05;
#247:
>0:37.97,107.07;34.59,100.06;
#248:
>0:36.06,76.0;34.21,88.66;36.44,98.56;
#249:
>0:23.24,93.72;26.79,90.03;
#250:
>0:24.78,107.38;20.13,113.47;
#251:
>0:20.06,104.15;21.96,98.97;27.09,91.38;35.97,88.52;
#252:
>0:38.64,100.56;34.69,100.51;
#253:
>0:36.84,107.44;35.28,98.22;
#254:
>0:25.36,89.58;28.74,83.45;32.09,79.1;36.67,82.38;42.39,82.35;
#255:
>0:18.61,109.99;23.86,111.02;23.55,98.02;29.77,103.54;32.16,115.86;41.54,117.25;
#256:
>0:34.02,88.61;32.48,79.79;
#257:
>0:41.06,81.28;41.03,87.46;33.41,102.3;36.3,107.55;
#258:
>0:22.28,78.33;18.44,89.7;21.34,102.03;26.0,99.92;32.0,104.91;22.04,127.17;
#259:
>0:42.23,120.71;39.0,124.08;
#260:
>0:41.4,123.96;41.71,123.2;
#261:
>0:43.55,89.96;40.7,79.8;
#262:
>0:29.31,124.25;33.67,117.56;41.08,110.16;43.04,112.98;
#263:
>0:40.89,117.73;43.0,117.69;
#264:
>0:36.87,128.01;33.63,124.76;30.56,114.25;27.81,106.83;21.14,126.16;
#265:
>0:37.57,122.58;32.91,118.18;
#266:
>0:40.07,121.2;41.46,116.97;
#267:
>0:21.22,121.31;24.98,117.17;29.55,113.32;32.23,122.28;
#268:
>0:33.75,79.26;33.7,78.5;
#269:
>0:35.26,114.25;38.1,104.37;39.31,97.11;40.55,85.68;
#270:
>0:32.58,97.37;29.64,109.51;35.44,113.84;
#271:
>0:26.28,80.54;31.51,91.24;23.89,99.08;30.76,103.74;35.5,108.47;28.88,126.59;
#272:
>0:44.27,118.05;34.05,112.27;
#273:
>0:19.14,95.88;20.73,104.79;24.88,109.34;31.91,123.69;
#274:
>0:40.5,118.26;40.98,116.51;
#275:
>0:42.83,120.42;40.38,117.46;
#276:
>0:25.47,97.62;27.99,111.03;37.49,109.51;
#277:
>0:31.58,112.45;27.08,117.65;26.31,94.98;
#278:
>0:33.61,85.04;27.98,77.65;24.55,81.01;
#279:
>0:34.57,85.66;33.16,76.88;
#280:
>0:27.93,113.38;26.4,118.11;26.41,103.91;18.93,91.86;
#281:
>0:41.81,119.04;40.87,118.54;
#282:
>0:42.57,122.06;42.23,120.22;
#283:
>0:25.04,124.85;28.77,115.46;36.36,116.19;39.87,108.56;43.11,104.66;
#284:
>0:39.74,116.47;41.28,124.32;
#285:
>0:19.37,120.85;23.49,119.26;27.12,107.85;36.5,97.06;
#286:
>0:42.46,101.8;43.73,103.81;42.49,114.36;
#287:
>0:42.31,124.84;36.1,108.17;30.31,109.71;
#288:
>0:34.21,120.14;29.83,118.43;27.4,119.09;
#289:
>0:32.95,83.04;37.4,77.49;
#290:
>0:23.11,118.14;21.56,125.59;
#291:
>0:33.96,79.66;32.98,92.46;33.53,101.07;
#292:
>0:28.33,79.29;25.18,86.37;24.85,100.65;
#293:
>0:44.46,120.47;39.01,117.97;
#294:
>0:27.73,115.62;28.39,104.99;21.93,127.18;
#295:
>0:23.98,102.11;29.57,111.41;35.43,110.11;
#296:
>0:27.81,95.61;23.87,100.74;
#297:
>0:24.18,118.49;28.8,126.22;
#298:
>0:39.45,122.54;42.39,116.75;
#299:
>0:18.35,104.38;23.03,108.47;23.55,91.9;
#300:
>0:35.33,120.2;38.97,124.37;45.61,124.03;
#301:
>0:44.66,114.46;40.96,121.34;34.85,121.7;29.1,112.76;31.26,106.03;18.98,102.25;
#302:
>0:38.3,99.77;39.37,101.94;
#303:
>0:19.59,81.08;27.13,92.64;27.1,101.09;29.77,110.36;33.56,115.85;40.68,125.86;
#304:
>0:38.75,120.08;41.84,121.3;32.56,116.16;
#305:
>0:21.53,77.3;26.3,83.79;31.17,84.71;36.07,82.07;38.35,82.65;45.39,83.28;
#306:
>0:35.35,114.51;38.55,113.7;34.96,99.6;39.57,102.41;36.91,76.42;
#307:
>0:20.29,79.34;22.36,86.99;
#308:
>0:40.79,88.24;34.77,80.78;30.81,80.62;27.27,83.81;
#309:
>0:44.24,113.28;39.84,121.76;34.84,125.35;31.61,125.83;23.69,126.95;
#310:
>0:31.74,101.61;25.52,97.31;
#311:
>0:29.57,96.89;34.62,93.32;
#312:
>0:24.66,79.23;23.85,89.3;31.65,85.14;37.98,84.83;
#313:
>0:34.27,93.55;39.71,94.96;34.61,101.28;36.25,118.19;
#314:
>0:37.78,99.63;36.05,102.14;30.56,108.08;24.54,113.47;
#315:
>0:28.79,94.29;28.94,105.09;
#316:
>0:30.38,91.25;31.11,84.54;
#317:
>0:39.6,116.82;38.95,121.61;
#318:
>0:35.56,120.31;37.51,103.16;30.72,101.83;
#319:
>0:35.22,86.23;29.46,83.62;25.61,82.56;20.74,84.75;
#320:
>0:40.48,115.63;39.58,122.78;
#321:
>0:44.0,89.71;38.56,88.32;34.07,96.76;31.96,110.48;35.23,123.85;
