#0:
>0:40.4,111.5;39.89,100.53;36.07,102.33;26.08,115.21;
#1:
>0:44.4,103.07;36.71,114.8;32.05,125.55;29.59,124.18;
#2:
>0:32.34,118.5;28.07,118.07;23.97,112.25;
#3:
>0:30.9,121.22;30.85,120.11;
#4:
>0:31.17,125.37;29.0,122.18;
#5:
>0:22.63,109.43;24.36,116.06;18.36,125.01;
#6:
>0:39.1,118.26;40.41,121.32;
#7:
>0:25.14,98.28;27.77,85.6;34.47,85.44;37.05,87.65;
#8:
>0:36.52,100.42;38.52,103.1;38.83,117.44;
#9:
>0:36.13,80.49;28.7,93.05;28.13,100.31;31.97,108.01;28.26,113.06;
#10:
>0:30.87,123.66;24.8,124.23;
#11:
>0:31.49,107.12;27.58,109.8;
#12:
>0:19.9,112.24;23.95,103.34;27.66,106.76;32.1,96.2;40.27,123.5;
#13:
>0:37.3,110.08;32.34,119.8;28.76,118.4;
#14:
>0:39.82,121.24;40.02,124.05;
#15:
>0:28.52,116.13;31.06,117.67;
#16:
>0:41.41,97.94;37.23,92.75;36.56,88.78;31.57,88.64;23.25,85.96;
#17:
>0:35.85,118.11;42.28,117.84;
#18:
>0:20.7,107.17;23.25,103.61;27.45,108.19;34.83,101.5;40.92,94.28;
#19:
>0:26.85,125.2;30.8,125.08;
#20:
>0:39.74,116.61;38.09,115.69;
#21:
>0:35.07,128.48;35.69,115.97;42.2,103.6;
#22:
>0:24.38,95.19;26.47,94.21;
#23:
>0:37.6,107.82;33.72,95.73;27.55,90.32;25.8,78.82;
#24:
>0:41.39,112.97;40.1,123.43;34.98,124.65;28.41,126.35;23.82,126.2;
#25:
>0:42.54,122.09;41.51,116.61;
#26:
>0:19.79,77.76;23.81,91.76;26.16,84.64;29.41,85.09;35.09,88.86;45.14,90.55;
#27:
>0:33.92,107.8;40.16,98.6;
#28:
>0:22.83,110.26;26.83,103.93;30.38,109.11;33.38,115.26;
#29:
>0:34.47,113.16;40.16,121.08;
#30:
>0:42.46,90.97;40.04,101.87;35.75,94.22;27.86,105.54;25.78,87.58;
#31:
>0:22.91,97.51;28.45,106.49;35.64,103.43;
#32:
>0:40.3,124.23;42.25,117.21;
#33:
>0:44.21,90.93;42.63,94.57;36.73,76.79;
#34:
>0:18.29,125.44;24.34,114.73;29.17,107.58;33.69,96.37;
#35:
>0:39.16,99.61;33.49,102.44;31.71,108.27;23.04,115.3;22.23,125.29;
#36:
>0:24.88,94.76;23.88,99.37;
#37:
>0:23.0,127.41;21.77,126.68;
#38:
>0:44.98,83.52;45.36,81.89;
#39:
>0:40.63,119.37;43.18,123.5;
#40:
>0:43.23,110.42;39.2,102.92;41.03,97.12;36.56,101.96;24.32,113.62;
#41:
>0:37.97,115.2;39.49,116.25;
#42:
>0:26.0,127.64;29.23,117.25;34.25,119.68;33.44,105.85;40.9,100.34;32.35,84.23;
#43:
>0:28.64,109.25;34.44,110.5;36.44,116.85;41.23,126.67;
#44:
>0:31.05,98.45;23.17,98.54;21.86,81.52;
#45:
>0:40.54,79.26;44.06,90.69;38.88,95.82;30.94,103.82;
#46:
>0:27.8,108.77;34.04,101.01;40.51,109.16;41.28,115.87;
#47:
>0:40.23,116.56;42.57,116.49;
#48:
>0:35.53,99.7;35.74,90.92;27.5,86.53;20.09,92.56;
#49:
>0:40.37,91.66;37.86,78.34;
#50:
>0:24.59,83.78;27.5,84.96;36.22,97.07;40.28,109.93;45.53,106.34;
#51:
>0:43.01,121.41;42.14,120.47;
#52:
>0:42.29,124.62;39.88,120.07;
#53:
>0:41.13,107.54;33.51,102.68;28.03,105.69;24.96,95.46;20.1,83.4;
#54:
>0:25.15,120.81;22.05,112.21;21.92,103.59;18.69,100.27;
#55:
>0:21.08,127.18;26.72,117.56;27.71,103.7;36.43,104.05;38.4,94.7;42.05,78.41;
#56:
>0:40.23,116.58;39.34,124.42;
#57:
>0:31.73,114.56;29.77,119.33;
#58:
>0:40.53,90.85;34.56,91.75;28.68,92.89;26.34,92.18;
#59:
>0:23.53,88.24;31.06,80.01;32.1,85.68;37.58,82.11;44.9,78.01;
#60:
>0:43.06,118.27;42.49,121.35;
#61:
>0:31.69,113.79;28.3,128.35;21.29,122.99;
#62:
>0:21.69,79.79;27.0,91.82;23.9,100.77;27.02,105.94;
#63:
>0:40.7,123.95;37.97,113.82;
#64:
>0:35.38,105.02;40.44,121.14;
#65:
>0:43.77,100.46;40.42,87.41;35.49,93.11;28.59,91.14;25.57,87.03;
#66:
>0:43.13,88.05;40.31,95.64;36.58,94.96;
#67:
>0:25.05,98.81;31.22,96.81;27.79,91.8;35.68,95.17;44.52,101.61;
#68:
>0:22.79,76.27;24.93,85.19;26.27,101.23;
#69:
>0:38.73,78.92;33.93,80.57;29.1,78.53;
#70:
>0:26.6,95.3;20.8,85.41;19.65,84.39;
#71:
>0:38.9,85.92;39.22,95.72;36.13,98.7;31.26,110.08;18.98,92.94;
#72:
>0:42.07,101.59;37.52,93.62;32.32,80.72;31.58,79.48;
#73:
>0:27.25,85.09;29.82,76.85;32.22,94.97;
#74:
>0:25.37,107.34;30.01,102.06;
#75:
>0:40.18,120.46;43.35,123.04;
#76:
>0:39.01,118.88;40.09,114.67;
#77:
>0:34.43,120.15;28.99,108.65;30.52,101.58;
#78:
>0:34.46,116.61;34.85,103.0;38.28,98.54;31.22,86.1;
#79:
>0:39.83,114.29;39.12,118.6;
#80:
>0:31.99,120.71;30.87,113.35;
#81:
>0:44.06,112.58;36.63,127.8;34.11,123.14;29.65,123.7;22.96,126.2;
#82:
>0:39.84,110.84;34.42,95.58;28.59,104.7;26.77,87.65;
#83:
>0:31.49,95.44;35.68,96.97;35.1,105.54;36.8,129.39;
#84:
>0:38.45,116.67;40.5,120.03;
#85:
>0:42.81,122.55;41.37,122.6;
#86:
>0:39.74,120.61;41.13,118.51;
#87:
>0:28.68,121.21;28.65,113.43;35.13,116.7;34.86,108.42;39.18,101.91;37.97,80.87;
#88:
>0:39.91,121.0;40.98,117.89;
#89:
>0:26.27,94.94;31.47,94.54;31.7,85.06;35.35,95.98;44.03,98.32;
#90:
>0:23.42,99.46;31.77,89.14;33.54,86.83;38.68,87.85;
#91:
>0:42.36,124.63;42.79,121.39;
#92:
>0:43.25,118.85;42.92,116.73;
#93:
>0:34.74,110.94;32.7,106.44;
#94:
>0:40.46,120.63;42.02,121.69;
#95:
>0:39.16,112.42;37.65,115.94;
#96:
>0:31.63,109.53;35.6,103.0;
#97:
>0:45.44,126.73;38.13,127.17;
#98:
>0:39.64,122.09;43.3,122.87;
#99:
>0:21.85,111.15;24.07,113.23;24.59,129.07;
#100:
>0:41.91,116.44;42.32,121.39;
#101:
>0:27.15,88.27;23.39,82.85;33.18,76.33;
#102:
>0:26.76,112.56;28.73,114.16;
#103:
>0:29.73,81.39;32.88,88.37;37.49,88.36;
#104:
>0:40.34,123.46;42.83,117.14;
#105:
>0:22.58,105.51;24.37,117.04;18.43,129.14;
#106:
>0:41.54,82.11;39.89,90.82;38.52,102.28;32.87,96.38;26.67,119.32;
#107:
>0:25.04,86.23;29.04,96.05;32.21,96.36;37.76,106.74;42.0,111.97;
#108:
>0:39.47,124.44;39.57,122.47;
#109:
>0:39.13,124.34;40.37,124.16;
#110:
>0:20.19,97.9;26.69,109.63;29.5,113.27;29.56,124.2;
#111:
>0:39.51,119.38;39.65,120.71;
#112:
>0:37.67,121.16;32.13,123.46;29.27,121.11;23.11,111.82;18.6,125.1;
#113:
>0:18.64,127.08;25.38,115.96;24.86,110.94;
#114:
>0:39.34,100.54;40.05,104.05;33.56,112.95;44.94,124.49;
#115:
>0:41.16,124.92;43.21,123.46;
#116:
>0:39.85,121.58;39.13,124.2;
#117:
>0:33.29,114.66;29.76,114.77;26.11,118.61;
#118:
>0:20.53,104.97;25.2,98.62;25.31,92.0;33.74,90.46;
#119:
>0:42.29,120.37;39.32,120.24;
#120:
>0:20.71,102.93;21.41,108.15;
#121:
>0:18.68,116.36;24.09,108.67;29.51,104.9;33.43,96.0;37.38,104.5;45.38,86.37;
#122:
>0:27.96,82.83;27.82,86.58;32.18,94.95;
#123:
>0:42.77,122.16;41.96,119.66;
#124:
>0:18.37,107.22;25.68,102.51;31.47,101.71;32.18,96.27;
#125:
>0:24.59,107.2;28.05,108.39;34.36,102.51;37.28,100.95;
#126:
>0:39.57,122.16;43.23,118.39;
#127:
>0:42.68,116.55;43.51,104.45;
#128:
>0:31.21,104.3;34.71,106.01;33.17,112.52;41.89,120.01;
#129:
>0:30.67,119.25;33.19,110.87;34.83,99.7;
#130:
>0:29.02,91.0;26.29,98.99;18.6,103.69;
#131:
>0:26.37,119.79;18.47,119.6;26.18,98.48;
#132:
>0:37.62,97.59;33.86,91.72;32.14,96.05;29.06,103.07;21.35,110.4;
#133:
>0:36.47,119.72;33.2,115.5;
#134:
>0:37.84,82.17;42.94,86.17;35.0,97.84;
#135:
>0:31.39,112.74;29.87,113.25;
#136:
>0:26.02,116.43;27.43,113.11;
#137:
>0:44.01,77.84;36.82,80.74;35.68,78.3;30.38,82.15;24.55,80.32;21.51,83.61;
#138:
>0:20.71,120.38;23.42,110.22;30.02,103.7;32.49,106.55;39.01,111.47;
#139:
>0:35.59,123.36;33.16,112.65;40.6,123.44;36.87,101.94;
#140:
>0:41.7,118.79;41.9,117.44;
#141:
>0:42.35,90.12;39.37,97.04;34.19,85.97;29.79,88.98;26.14,99.98;22.83,80.74;
#142:
>0:28.93,111.99;28.95,114.78;
#143:
>0:26.75,89.77;30.43,96.2;36.44,100.88;32.44,119.3;
#144:
>0:19.82,122.39;24.48,112.82;29.9,118.2;35.72,118.49;39.08,119.31;
#145:
>0:41.7,119.91;39.27,118.74;
#146:
>0:30.64,128.44;32.99,128.45;35.66,113.99;44.37,118.76;
#147:
>0:33.81,114.56;43.2,123.91;
#148:
>0:31.0,116.39;30.36,112.27;
#149:
>0:42.05,121.56;40.93,120.8;
#150:
>0:27.27,96.26;28.26,96.55;27.6,103.91;33.92,99.72;44.49,101.71;
#151:
>0:40.56,124.01;41.4,123.11;
#152:
>0:43.24,123.29;37.18,114.35;
#153:
>0:42.52,90.71;37.99,94.73;36.15,93.77;29.59,91.69;26.68,94.73;21.85,80.48;
#154:
>0:39.0,120.95;41.85,119.51;
#155:
>0:45.11,121.33;42.6,121.98;35.48,105.34;31.5,103.47;25.05,102.91;19.72,107.2;
#156:
>0:25.03,114.27;27.63,106.45;34.66,101.86;37.65,107.18;43.73,87.62;
#157:
>0:40.79,114.05;39.44,118.29;
#158:
>0:21.91,111.31;23.79,95.46;24.29,88.27;32.7,90.56;
#159:
>0:35.81,125.5;33.86,120.17;44.46,106.82;
#160:
>0:43.18,95.18;38.08,105.89;35.71,119.73;30.9,127.36;
#161:
>0:28.91,105.67;32.07,108.56;35.76,114.21;43.76,125.75;
#162:
>0:40.25,116.25;39.2,120.06;
#163:
>0:41.27,124.7;42.43,122.4;
#164:
>0:18.65,111.01;25.32,120.62;31.55,122.11;33.55,123.16;38.44,121.0;
#165:
>0:24.67,78.33;30.33,86.69;32.38,88.77;35.96,99.03;41.12,108.59;42.43,122.01;
#166:
>0:39.68,124.47;40.28,124.72;
#167:
>0:44.21,110.56;36.97,107.75;43.53,121.0;
#168:
>0:41.04,125.24;32.68,116.36;30.95,112.36;28.06,122.98;19.84,112.85;
#169:
>0:42.94,123.33;37.82,117.44;
#170:
>0:23.4,86.49;24.09,77.0;34.37,94.63;
#171:
>0:40.96,93.56;36.67,88.45;
#172:
>0:25.11,96.58;22.65,104.62;27.06,120.57;21.64,124.7;
#173:
>0:40.66,121.57;39.22,120.66;
#174:
>0:35.26,110.19;35.12,104.02;
#175:
>0:31.88,106.77;35.55,110.4;37.34,95.18;45.26,83.76;
#176:
>0:38.73,84.81;44.93,88.06;45.75,94.9;42.0,110.85;
#177:
>0:40.8,124.34;41.56,120.92;
#178:
>0:31.8,79.27;24.99,76.96;
#179:
>0:25.96,80.75;30.22,88.48;33.46,88.43;
#180:
>0:20.04,102.9;26.16,98.96;26.36,93.78;33.6,92.06;
#181:
>0:45.47,126.96;44.6,121.85;
#182:
>0:26.06,102.58;27.62,103.71;
#183:
>0:41.61,124.74;40.51,118.57;
#184:
>0:25.91,88.25;18.95,100.42;25.53,107.3;19.59,113.85;
#185:
>0:44.96,123.61;44.78,127.18;
#186:
>0:37.16,121.09;34.07,112.09;29.1,106.62;
#187:
>0:26.48,90.46;28.11,80.96;
#188:
>0:38.22,120.05;39.69,124.33;
#189:
>0:21.23,78.75;23.79,90.55;28.1,101.39;32.2,99.58;41.05,104.62;33.06,121.04;
#190:
>0:27.86,117.73;36.43,118.36;35.77,110.61;37.76,98.21;41.61,80.42;
#191:
>0:37.47,122.58;35.53,106.51;31.59,98.95;
#192:
>0:40.44,83.26;35.35,79.21;32.0,78.19;24.48,80.14;
#193:
>0:28.57,109.06;26.85,98.69;20.18,91.57;21.26,78.79;
#194:
>0:40.29,120.38;45.0,108.12;
#195:
>0:41.88,83.48;38.46,85.83;39.44,94.4;
#196:
>0:43.45,120.54;39.56,116.54;
#197:
>0:37.31,122.83;33.61,115.94;35.17,105.21;37.03,94.94;32.6,86.61;31.06,78.09;
#198:
>0:28.8,118.05;31.17,116.37;
#199:
>0:36.79,81.87;36.43,84.16;30.0,81.98;
#200:
>0:39.96,123.22;41.1,123.21;
#201:
>0:26.91,77.52;28.41,86.09;27.27,98.69;20.68,111.39;19.56,112.39;
#202:
>0:42.29,117.04;41.89,125.06;
#203:
>0:45.35,107.33;42.94,117.2;35.32,121.31;29.22,126.58;24.47,124.97;
#204:
>0:31.28,93.79;33.54,89.68;35.46,98.03;39.1,117.36;
#205:
>0:40.48,124.33;41.54,124.27;
#206:
>0:42.16,123.33;42.13,117.05;
#207:
>0:23.77,100.4;29.53,95.79;29.84,110.78;33.71,99.51;45.36,100.31;
#208:
>0:28.33,87.52;33.95,102.66;39.92,109.29;43.53,118.51;
#209:
>0:28.36,124.07;23.01,114.7;26.33,109.19;
#210:
>0:40.22,123.87;39.17,123.14;
#211:
>0:25.64,81.3;27.89,89.59;35.31,79.73;
#212:
>0:43.45,89.47;36.75,96.9;35.5,98.66;29.85,105.9;25.54,91.57;
#213:
>0:42.25,108.98;41.01,104.8;43.39,124.35;
#214:
>0:23.41,96.01;22.6,104.94;23.96,117.34;26.13,122.89;
#215:
>0:37.77,93.71;38.53,102.61;36.27,90.53;30.16,87.32;18.84,91.95;
#216:
>0:37.06,85.49;32.64,90.39;27.79,92.1;26.42,86.21;
#217:
>0:40.7,118.41;40.16,117.14;
#218:
>0:42.98,122.49;41.99,124.12;
#219:
>0:33.94,111.06;38.93,99.56;
#220:
>0:40.93,100.33;37.77,87.93;42.04,92.7;
#221:
>0:41.6,110.31;40.73,106.71;42.13,125.22;
#222:
>0:44.49,90.94;40.62,98.93;33.79,101.54;28.3,110.92;24.98,98.51;20.74,77.68;
#223:
>0:19.54,106.7;23.99,113.67;25.32,123.26;
#224:
>0:41.37,111.11;38.12,104.21;39.28,96.86;36.52,94.26;24.59,113.2;
#225:
>0:31.46,113.36;34.04,120.59;43.19,120.35;
#226:
>0:33.6,109.53;35.09,111.04;
#227:
>0:26.13,103.23;28.41,106.97;34.92,107.58;33.2,111.84;43.4,120.89;
#228:
>0:21.37,124.47;18.85,125.75;
#229:
>0:27.92,105.53;32.12,111.3;33.23,116.77;41.33,119.84;
#230:
>0:28.55,111.65;32.55,109.41;40.85,122.01;
#231:
>0:24.86,118.61;28.61,120.37;
#232:
>0:18.32,105.09;26.87,109.32;29.5,109.85;32.66,96.51;38.96,102.3;
#233:
>0:40.23,119.09;39.68,121.7;
#234:
>0:28.95,120.89;25.48,117.26;22.7,113.14;23.24,107.88;25.4,94.35;26.4,76.31;
#235:
>0:38.2,97.74;36.16,95.66;31.71,91.7;
#236:
>0:36.0,97.65;40.5,108.66;40.17,114.13;
#237:
>0:40.48,114.67;40.96,118.59;
#238:
>0:41.44,81.84;39.29,87.16;39.12,97.45;35.28,102.6;27.14,113.34;
#239:
>0:41.97,119.31;41.45,117.48;
#240:
>0:43.13,115.22;41.28,124.51;
#241:
>0:31.86,122.9;26.01,113.78;22.03,119.27;23.73,107.2;25.73,101.42;25.98,78.21;
#242:
>0:38.57,81.33;43.56,81.79;
#243:
>0:33.58,84.85;30.14,87.81;28.83,101.93;30.13,104.35;29.56,115.75;29.55,123.96;
#244:
>0:41.7,117.29;41.3,109.63;36.78,103.52;34.91,92.06;
#245:
>0:25.16,88.02;31.94,79.67;
#246:
>0:40.8,115.39;43.43,112.92;
#247:
>0:24.5,79.82;29.34,80.78;32.89,92.47;40.19,81.58;44.58,83.8;
#248:
>0:42.89,118.52;42.09,119.33;
#249:
>0:38.89,117.8;43.53,109.65;
#250:
>0:30.54,120.75;36.3,113.18;33.22,106.3;33.44,100.15;
#251:
>0:24.75,91.79;19.72,89.6;
#252:
>0:26.43,81.71;28.14,90.43;35.2,93.81;
#253:
>0:34.58,82.7;37.47,89.1;43.37,97.74;42.88,107.14;
#254:
>0:26.34,78.29;31.31,91.18;35.72,82.35;
#255:
>0:45.2,102.4;38.42,90.12;34.2,83.52;28.08,83.8;
#256:
>0:38.88,105.0;37.4,100.93;34.08,95.28;30.34,107.55;21.38,120.29;
#257:
>0:19.71,111.9;27.39,105.61;
#258:
>0:41.6,122.83;43.14,117.75;
#259:
>0:38.99,119.79;42.14,121.24;
#260:
>0:39.29,99.8;34.29,104.11;32.95,112.44;43.75,125.95;
#261:
>0:41.89,121.44;34.0,109.95;28.47,108.98;25.06,106.57;
#262:
>0:19.59,88.58;25.87,87.55;28.63,90.42;
#263:
>0:19.63,115.23;22.84,127.77;29.27,123.57;34.02,121.33;36.94,123.22;
#264:
>0:23.12,115.89;28.28,103.42;35.23,100.35;30.23,87.33;37.77,79.73;
#265:
>0:22.16,83.44;25.15,91.66;30.85,98.0;33.31,95.63;39.83,103.83;36.45,120.86;
#266:
>0:21.7,125.29;26.08,117.06;31.32,107.19;32.97,95.35;
#267:
>0:40.31,124.66;41.53,122.76;
#268:
>0:40.48,123.01;42.73,117.82;
#269:
>0:38.97,120.64;38.89,119.82;
#270:
>0:23.81,110.94;31.04,111.32;36.26,94.06;40.56,95.61;
#271:
>0:33.05,113.92;35.03,108.54;39.56,97.3;29.36,93.73;
#272:
>0:28.92,128.19;24.98,124.87;
#273:
>0:42.67,120.38;41.38,122.75;
#274:
>0:42.46,111.88;41.14,124.01;
#275:
>0:34.29,83.71;27.65,87.65;32.57,89.9;34.79,100.96;25.77,112.44;
#276:
>0:39.89,120.4;39.58,116.41;
#277:
>0:34.09,116.49;39.17,121.25;
#278:
>0:19.38,79.0;25.82,87.88;28.0,97.01;33.22,94.56;36.72,104.16;44.25,113.95;
#279:
>0:41.14,122.76;41.92,113.13;
#280:
>0:34.67,97.55;39.86,108.15;45.71,90.28;
#281:
>0:43.19,123.46;44.57,128.97;
#282:
>0:30.63,105.37;36.43,104.09;36.98,126.16;
#283:
>0:33.07,92.81;36.29,102.28;43.17,100.95;
#284:
>0:41.61,118.12;40.41,118.4;
#285:
>0:39.25,123.62;35.65,120.37;27.84,109.91;25.64,94.18;
#286:
>0:18.72,124.36;27.14,116.16;22.68,115.72;26.97,109.16;24.2,89.81;
#287:
>0:28.31,120.24;36.37,112.02;42.5,122.77;42.42,101.16;
#288:
>0:45.21,101.13;39.13,91.09;36.09,90.24;29.86,86.57;23.96,88.19;
#289:
>0:42.01,118.36;40.09,120.86;
#290:
>0:31.97,107.52;35.11,104.73;32.6,113.49;44.56,129.23;
#291:
>0:31.59,81.96;33.8,89.25;38.68,92.56;
#292:
>0:42.42,123.7;42.86,116.82;
#293:
>0:32.87,115.15;41.26,120.79;32.44,107.61;45.48,89.82;
#294:
>0:33.05,126.21;29.57,123.16;23.3,126.28;
#295:
>0:35.61,107.15;40.08,96.43;37.87,88.41;
#296:
>0:20.96,127.93;26.57,120.88;27.6,121.42;32.29,129.3;
#297:
>0:26.87,91.95;29.63,99.5;34.03,99.14;39.35,107.9;42.55,121.87;
#298:
>0:39.19,120.26;36.6,120.48;
#299:
>0:22.72,121.25;23.89,117.48;21.33,113.53;23.2,109.53;27.13,88.73;
#300:
>0:41.97,129.41;44.61,114.36;
#301:
>0:45.12,118.11;37.92,126.56;32.49,126.87;30.31,124.38;26.21,127.03;
#302:
>0:40.13,83.8;44.76,89.96;36.64,101.45;29.8,103.9;
#303:
>0:31.1,81.18;29.29,87.41;39.93,79.29;
#304:
>0:43.05,121.53;39.68,121.12;
#305:
>0:38.28,89.02;39.16,80.15;
#306:
>0:42.89,99.93;37.4,91.58;36.33,89.38;31.31,90.62;27.14,86.83;
#307:
>0:41.53,116.68;40.13,120.58;
#308:
>0:25.62,116.33;27.71,119.31;33.05,117.35;36.95,118.38;
#309:
>0:43.06,119.99;41.12,117.09;
#310:
>0:34.68,78.89;36.8,90.27;41.52,100.58;41.55,108.56;
#311:
>0:27.53,81.71;33.27,87.66;39.69,91.25;
#312:
>0:41.82,116.9;39.6,119.49;
#313:
>0:41.07,117.88;40.96,124.77;
#314:
>0:42.54,119.18;41.41,120.68;
#315:
>0:35.42,94.09;34.55,106.56;
#316:
>0:28.31,117.58;30.7,116.28;
#317:
>0:42.95,123.82;41.36,120.02;
#318:
>0:39.51,118.83;43.37,121.62;
#319:
>0:40.87,121.64;37.3,118.45;
#320:
>0:31.23,123.64;28.41,128.19;
#321:
>0:39.76,123.84;41.43,117.98;
