#0:
>0:40.1,116.46;40.09,116.49;40.04,116.41;
#1:
>0:39.99,116.37;39.94,116.37;
#2:
>0:39.85,116.32;39.95,116.34;40.02,116.3;39.99,116.3;40.04,116.3;40.21,116.33;
#3:
>0:39.85,116.38;39.89,116.4;
#4:
>0:40.0,116.38;39.92,116.38;
#5:
>0:40.16,116.4;40.15,116.39;40.07,116.45;39.99,116.39;
#6:
>0:39.86,116.39;39.9,116.4;
#7:
>0:40.05,116.36;40.11,116.41;40.14,116.43;
#8:
>0:39.98,116.37;40.0,116.38;
#9:
>0:39.95,116.44;39.95,116.43;
#10:
>0:40.19,116.43;40.14,116.43;40.06,116.39;40.02,116.36;39.95,116.36;39.91,116.33;
#11:
>0:40.03,116.31;40.03,116.36;
#12:
>0:39.98,116.36;40.0,116.37;
#13:
>0:39.93,116.35;40.03,116.36;39.96,116.36;39.97,116.36;39.94,116.35;40.03,116.36;39.99,116.35;
#14:
>0:39.87,116.44;39.97,116.42;
#15:
>0:40.03,116.35;40.01,116.36;
#16:
>0:40.01,116.36;40.03,116.37;
#17:
>0:40.2,116.49;40.12,116.42;40.1,116.41;40.14,116.35;40.15,116.33;
#18:
>0:39.99,116.34;40.02,116.32;
#19:
>0:40.18,116.28;40.13,116.31;40.09,116.34;40.09,116.39;39.98,116.38;39.85,116.43;
#20:
>0:40.18,116.32;40.1,116.38;
#21:
>0:40.08,116.34;40.11,116.38;
#22:
>0:40.01,116.37;40.0,116.35;
#23:
>0:40.01,116.33;40.01,116.29;39.91,116.29;
#24:
>0:39.97,116.35;40.09,116.38;
#25:
>0:40.01,116.35;40.01,116.34;
#26:
>0:40.15,116.44;40.04,116.4;40.06,116.35;
#27:
>0:40.0,116.31;40.02,116.28;
#28:
>0:40.02,116.36;40.02,116.32;
#29:
>0:40.13,116.48;40.08,116.43;40.02,116.38;39.94,116.37;
#30:
>0:39.9,116.4;39.9,116.42;
#31:
>0:39.96,116.27;40.02,116.32;40.05,116.29;
#32:
>0:40.02,116.36;40.0,116.34;
#33:
>0:40.0,116.33;39.98,116.38;40.03,116.37;
#34:
>0:39.97,116.36;40.01,116.37;
#35:
>0:40.01,116.38;39.91,116.36;
#36:
>0:39.96,116.44;39.94,116.45;
#37:
>0:40.02,116.37;39.91,116.36;
#38:
>0:40.18,116.46;40.11,116.47;40.08,116.45;39.98,116.42;39.93,116.4;
#39:
>0:39.93,116.4;39.93,116.37;39.9,116.34;39.89,116.3;
#40:
>0:39.93,116.43;39.91,116.42;39.97,116.35;
#41:
>0:40.12,116.34;40.04,116.36;40.0,116.37;
#42:
>0:39.98,116.36;40.03,116.36;
#43:
>0:39.98,116.34;39.97,116.37;
#44:
>0:40.0,116.37;40.01,116.36;
#45:
>0:40.14,116.48;40.13,116.44;40.1,116.39;40.13,116.34;40.15,116.33;
#46:
>0:39.96,116.36;39.99,116.38;40.0,116.34;
#47:
>0:39.99,116.37;40.04,116.34;
#48:
>0:39.89,116.43;39.92,116.46;40.02,116.49;40.05,116.49;40.14,116.48;
#49:
>0:40.0,116.37;40.0,116.38;
#50:
>0:40.15,116.32;40.07,116.3;40.01,116.37;
#51:
>0:40.03,116.35;40.01,116.36;
#52:
>0:40.04,116.48;40.12,116.42;40.04,116.4;39.99,116.38;40.03,116.31;40.16,116.28;
#53:
>0:40.1,116.38;40.09,116.37;40.0,116.37;39.99,116.3;
#54:
>0:39.98,116.31;40.0,116.37;39.93,116.39;
#55:
>0:40.22,116.36;40.19,116.35;
#56:
>0:40.12,116.33;40.06,116.36;40.13,116.39;40.11,116.43;40.17,116.46;
#57:
>0:39.95,116.34;39.98,116.35;
#58:
>0:40.12,116.46;40.08,116.48;40.09,116.45;39.92,116.41;
#59:
>0:39.96,116.37;40.02,116.33;
#60:
>0:40.19,116.27;40.15,116.3;
#61:
>0:40.01,116.33;39.99,116.32;
#62:
>0:40.1,116.27;40.07,116.3;40.15,116.33;40.16,116.39;
#63:
>0:40.18,116.37;40.11,116.33;
#64:
>0:40.18,116.36;40.21,116.41;
#65:
>0:39.99,116.28;40.08,116.29;40.15,116.33;40.07,116.34;40.13,116.43;
#66:
>0:40.0,116.38;39.94,116.38;
#67:
>0:39.98,116.35;39.99,116.32;
#68:
>0:39.92,116.35;39.99,116.34;39.95,116.37;40.0,116.35;
#69:
>0:40.0,116.35;40.03,116.36;
#70:
>0:40.07,116.47;40.15,116.45;40.08,116.39;40.03,116.36;40.06,116.33;
#71:
>0:39.85,116.39;39.86,116.41;
#72:
>0:40.03,116.36;39.98,116.36;
#73:
>0:39.93,116.34;39.94,116.33;40.01,116.38;39.98,116.36;
#74:
>0:40.16,116.46;40.11,116.44;40.1,116.38;40.15,116.37;40.14,116.33;
#75:
>0:39.99,116.37;39.96,116.38;40.03,116.44;39.87,116.48;
#76:
>0:39.98,116.28;39.95,116.33;39.98,116.36;
#77:
>0:40.14,116.45;40.05,116.38;40.08,116.35;
#78:
>0:39.97,116.48;40.0,116.43;39.98,116.41;39.95,116.41;40.01,116.37;39.99,116.3;
#79:
>0:39.86,116.35;39.95,116.35;39.98,116.34;
#80:
>0:40.02,116.37;39.98,116.36;
#81:
>0:39.89,116.46;39.89,116.44;39.88,116.39;39.9,116.37;39.94,116.36;39.86,116.27;
#82:
>0:40.09,116.47;40.11,116.49;40.12,116.41;
#83:
>0:39.99,116.49;40.03,116.43;40.14,116.4;40.21,116.38;40.18,116.31;40.16,116.3;
#84:
>0:39.96,116.36;40.0,116.36;
#85:
>0:40.03,116.34;39.98,116.35;
#86:
>0:40.17,116.31;40.13,116.35;40.05,116.39;40.01,116.4;39.92,116.42;39.87,116.39;
#87:
>0:40.12,116.48;40.04,116.47;40.06,116.4;
#88:
>0:39.96,116.36;39.99,116.35;40.03,116.35;
#89:
>0:39.91,116.33;40.01,116.36;
#90:
>0:39.86,116.39;39.85,116.4;
#91:
>0:39.92,116.38;40.0,116.35;39.98,116.33;40.0,116.27;40.05,116.29;40.08,116.35;
#92:
>0:39.92,116.37;39.91,116.36;39.93,116.31;40.02,116.36;
#93:
>0:40.03,116.35;39.97,116.35;
#94:
>0:39.99,116.35;40.02,116.33;
#95:
>0:40.19,116.38;40.16,116.41;
#96:
>0:40.16,116.47;40.21,116.43;40.14,116.45;40.07,116.4;40.01,116.31;
#97:
>0:40.18,116.3;40.14,116.35;40.08,116.39;40.08,116.44;
#98:
>0:39.97,116.37;40.03,116.36;
#99:
>0:40.01,116.32;40.01,116.35;39.94,116.4;
#100:
>0:40.1,116.49;40.07,116.43;40.08,116.4;
#101:
>0:39.97,116.38;39.98,116.35;40.02,116.37;
#102:
>0:40.21,116.34;40.16,116.34;40.04,116.32;40.02,116.37;39.96,116.33;
#103:
>0:40.07,116.47;40.13,116.46;40.16,116.42;
#104:
>0:39.99,116.35;40.03,116.36;
#105:
>0:39.91,116.3;39.94,116.3;39.95,116.33;39.92,116.36;39.95,116.38;39.97,116.47;
#106:
>0:39.99,116.34;40.01,116.34;
#107:
>0:40.01,116.34;39.97,116.35;
#108:
>0:39.98,116.35;39.99,116.34;
#109:
>0:39.98,116.38;39.99,116.36;
#110:
>0:39.98,116.43;40.09,116.41;40.12,116.44;40.2,116.48;
#111:
>0:39.87,116.41;39.91,116.4;
#112:
>0:40.1,116.32;40.07,116.38;40.02,116.37;
#113:
>0:40.18,116.49;40.1,116.47;40.07,116.48;40.08,116.43;40.02,116.45;39.89,116.48;
#114:
>0:39.86,116.41;39.85,116.38;
#115:
>0:39.97,116.36;40.02,116.37;
#116:
>0:40.03,116.31;40.02,116.38;
#117:
>0:40.0,116.36;40.03,116.35;
#118:
>0:40.07,116.36;40.05,116.39;39.97,116.41;
#119:
>0:39.98,116.36;40.02,116.36;
#120:
>0:40.22,116.28;40.1,116.32;40.06,116.37;40.16,116.4;40.05,116.43;40.04,116.46;
#121:
>0:40.06,116.32;39.99,116.37;39.97,116.32;39.87,116.27;
#122:
>0:40.19,116.48;40.16,116.47;40.06,116.47;
#123:
>0:40.02,116.35;39.99,116.35;
#124:
>0:40.03,116.33;39.99,116.38;40.08,116.4;40.12,116.45;40.14,116.46;
#125:
>0:40.1,116.35;40.12,116.36;
#126:
>0:39.96,116.42;39.92,116.43;
#127:
>0:40.02,116.42;40.07,116.4;40.09,116.43;40.17,116.38;
#128:
>0:39.94,116.36;39.94,116.37;
#129:
>0:39.97,116.33;39.95,116.29;
#130:
>0:39.91,116.37;40.02,116.35;39.98,116.36;
#131:
>0:39.9,116.46;39.92,116.45;39.94,116.41;39.99,116.37;
#132:
>0:39.92,116.37;40.0,116.34;40.03,116.36;
#133:
>0:39.99,116.35;39.98,116.34;
#134:
>0:40.01,116.37;40.0,116.37;
#135:
>0:39.92,116.34;40.03,116.36;40.0,116.39;
#136:
>0:39.97,116.48;39.86,116.44;
#137:
>0:40.18,116.3;40.11,116.33;40.05,116.31;40.0,116.38;39.95,116.31;
#138:
>0:40.03,116.48;40.09,116.42;40.15,116.45;
#139:
>0:39.98,116.36;39.95,116.34;
#140:
>0:39.98,116.37;39.94,116.35;
#141:
>0:40.0,116.35;39.94,116.37;
#142:
>0:39.98,116.37;39.99,116.36;
#143:
>0:39.88,116.47;39.88,116.47;
#144:
>0:40.06,116.33;40.0,116.38;
#145:
>0:39.95,116.36;40.03,116.36;
#146:
>0:40.13,116.48;40.05,116.49;40.1,116.45;40.08,116.39;40.03,116.34;
#147:
>0:39.95,116.33;40.02,116.36;40.02,116.4;
#148:
>0:39.99,116.33;40.03,116.37;
#149:
>0:40.12,116.32;40.04,116.32;40.02,116.37;40.07,116.41;40.21,116.47;
#150:
>0:40.04,116.28;40.11,116.32;39.99,116.37;
#151:
>0:40.03,116.37;40.0,116.33;
#152:
>0:39.98,116.31;39.99,116.3;39.86,116.29;
#153:
>0:40.16,116.32;40.07,116.36;40.04,116.41;40.09,116.42;40.07,116.47;
#154:
>0:39.98,116.36;39.99,116.37;
#155:
>0:40.09,116.38;39.98,116.39;39.92,116.38;39.91,116.35;
#156:
>0:40.07,116.32;39.99,116.35;
#157:
>0:40.13,116.28;40.08,116.28;39.99,116.28;
#158:
>0:40.03,116.32;39.98,116.37;39.96,116.36;40.02,116.34;
#159:
>0:39.94,116.37;39.99,116.36;
#160:
>0:40.02,116.37;39.93,116.37;
#161:
>0:40.09,116.32;40.0,116.37;39.93,116.34;39.85,116.3;
#162:
>0:39.89,116.36;39.87,116.35;
#163:
>0:40.0,116.45;39.99,116.4;39.92,116.4;39.88,116.35;39.87,116.28;
#164:
>0:40.17,116.42;40.11,116.45;40.06,116.4;40.03,116.41;39.97,116.41;39.86,116.31;
#165:
>0:40.01,116.37;40.02,116.37;
#166:
>0:40.19,116.47;40.13,116.46;40.07,116.44;39.98,116.38;39.94,116.41;39.86,116.37;
#167:
>0:40.0,116.45;39.96,116.43;39.96,116.41;39.93,116.37;39.91,116.28;
#168:
>0:39.96,116.39;39.9,116.36;40.01,116.38;
#169:
>0:40.0,116.35;40.0,116.38;
#170:
>0:40.17,116.48;40.11,116.49;40.09,116.48;
#171:
>0:39.98,116.38;40.0,116.36;
#172:
>0:39.99,116.37;39.95,116.37;
#173:
>0:39.9,116.39;39.88,116.41;
#174:
>0:39.95,116.36;39.99,116.37;
#175:
>0:39.97,116.37;40.03,116.36;40.0,116.32;40.01,116.34;
#176:
>0:40.12,116.46;40.09,116.48;40.01,116.45;39.94,116.42;
#177:
>0:40.0,116.38;40.02,116.34;
#178:
>0:40.02,116.34;40.03,116.35;40.05,116.41;40.16,116.42;40.13,116.48;
#179:
>0:39.98,116.35;39.94,116.38;
#180:
>0:39.85,116.36;39.91,116.36;
#181:
>0:40.09,116.31;40.15,116.37;
#182:
>0:40.0,116.36;40.0,116.34;
#183:
>0:39.88,116.44;39.85,116.42;39.87,116.37;39.92,116.32;
#184:
>0:40.13,116.47;40.09,116.47;40.14,116.43;40.09,116.39;40.01,116.33;
#185:
>0:39.93,116.37;39.98,116.36;39.98,116.35;
#186:
>0:40.09,116.4;40.14,116.45;40.12,116.48;
#187:
>0:39.96,116.37;40.03,116.35;39.99,116.35;
#188:
>0:39.99,116.36;39.97,116.38;
#189:
>0:40.0,116.33;40.03,116.3;39.98,116.3;
#190:
>0:40.22,116.46;40.15,116.46;40.04,116.47;
#191:
>0:39.93,116.36;40.02,116.35;40.01,116.35;
#192:
>0:40.03,116.35;40.03,116.35;
#193:
>0:40.11,116.36;40.05,116.38;
#194:
>0:39.98,116.36;39.99,116.35;
#195:
>0:40.02,116.36;39.97,116.38;
#196:
>0:40.02,116.34;39.91,116.35;
#197:
>0:39.87,116.41;39.88,116.35;39.96,116.31;40.0,116.31;40.15,116.37;
#198:
>0:40.03,116.34;39.97,116.32;40.14,116.34;
#199:
>0:39.93,116.36;40.01,116.36;
#200:
>0:40.17,116.33;40.14,116.33;40.04,116.33;39.98,116.37;39.97,116.33;
#201:
>0:39.93,116.38;39.99,116.37;40.06,116.32;
#202:
>0:39.98,116.28;40.05,116.28;40.0,116.31;39.98,116.36;40.12,116.43;
#203:
>0:39.98,116.36;39.98,116.38;
#204:
>0:39.88,116.43;39.94,116.45;39.96,116.4;40.02,116.44;40.04,116.4;40.19,116.49;
#205:
>0:39.94,116.32;40.03,116.36;
#206:
>0:39.99,116.35;39.98,116.35;
#207:
>0:40.03,116.35;40.03,116.37;
#208:
>0:40.08,116.35;40.1,116.36;
#209:
>0:40.06,116.41;39.98,116.38;39.94,116.36;39.89,116.4;
#210:
>0:39.91,116.38;39.99,116.38;40.01,116.35;
#211:
>0:40.09,116.31;40.0,116.35;
#212:
>0:39.94,116.35;39.92,116.36;
#213:
>0:39.94,116.37;40.01,116.36;
#214:
>0:40.15,116.42;40.07,116.39;40.01,116.36;39.96,116.32;
#215:
>0:39.86,116.41;39.86,116.41;
#216:
>0:40.01,116.35;39.99,116.35;
#217:
>0:39.93,116.37;39.99,116.35;
#218:
>0:39.88,116.41;39.91,116.4;
#219:
>0:40.03,116.36;39.99,116.36;
#220:
>0:40.17,116.44;40.1,116.45;40.09,116.4;40.03,116.36;39.96,116.36;39.85,116.29;
#221:
>0:39.97,116.29;39.93,116.32;40.02,116.36;
#222:
>0:39.99,116.35;40.01,116.36;
#223:
>0:40.08,116.4;39.99,116.39;39.97,116.38;39.89,116.36;
#224:
>0:40.04,116.38;39.99,116.37;
#225:
>0:40.16,116.45;40.04,116.41;40.07,116.38;
#226:
>0:39.87,116.4;39.85,116.41;
#227:
>0:40.18,116.32;40.13,116.34;
#228:
>0:39.93,116.44;39.97,116.38;
#229:
>0:40.02,116.38;40.0,116.35;
#230:
>0:40.2,116.38;40.15,116.38;40.06,116.36;40.06,116.34;39.95,116.38;
#231:
>0:39.98,116.35;39.95,116.37;
#232:
>0:39.91,116.47;39.85,116.43;39.96,116.45;39.97,116.44;40.05,116.39;40.17,116.42;
#233:
>0:39.97,116.34;39.92,116.37;
#234:
>0:39.92,116.37;39.98,116.34;
#235:
>0:40.01,116.35;39.95,116.35;
#236:
>0:40.14,116.39;40.08,116.35;39.99,116.37;40.0,116.28;
#237:
>0:40.0,116.37;39.99,116.36;
#238:
>0:40.02,116.35;39.97,116.38;39.88,116.38;
#239:
>0:39.99,116.36;40.0,116.35;
#240:
>0:40.0,116.35;40.03,116.38;
#241:
>0:40.03,116.32;40.01,116.35;
#242:
>0:39.86,116.4;39.9,116.35;39.95,116.38;39.91,116.37;
#243:
>0:40.17,116.44;40.14,116.42;40.04,116.39;39.99,116.41;39.96,116.41;39.86,116.32;
#244:
>0:40.06,116.39;40.14,116.42;40.12,116.46;
#245:
>0:40.05,116.27;40.12,116.31;40.05,116.32;39.99,116.34;40.05,116.45;
#246:
>0:39.97,116.37;40.0,116.37;
#247:
>0:40.17,116.46;40.13,116.42;40.08,116.41;40.06,116.42;40.01,116.45;39.87,116.47;
#248:
>0:39.94,116.34;39.98,116.35;39.95,116.35;39.99,116.37;
#249:
>0:40.01,116.38;40.09,116.42;
#250:
>0:40.03,116.35;40.01,116.35;
#251:
>0:39.99,116.47;40.07,116.45;40.14,116.39;40.16,116.36;40.18,116.32;40.2,116.3;
#252:
>0:40.06,116.41;40.03,116.38;39.96,116.36;
#253:
>0:39.96,116.44;39.94,116.45;
#254:
>0:40.03,116.35;40.02,116.35;
#255:
>0:39.99,116.35;39.93,116.35;
#256:
>0:40.01,116.36;39.99,116.33;40.16,116.33;
#257:
>0:39.98,116.3;39.99,116.33;39.91,116.35;40.0,116.37;40.08,116.42;40.02,116.47;
#258:
>0:40.09,116.35;40.07,116.34;
#259:
>0:39.96,116.47;40.02,116.46;40.08,116.46;40.07,116.44;40.17,116.37;
#260:
>0:39.93,116.28;39.92,116.33;40.0,116.34;40.09,116.41;40.08,116.42;39.96,116.48;
#261:
>0:39.98,116.34;39.99,116.37;
#262:
>0:39.91,116.27;39.93,116.29;40.02,116.32;39.98,116.27;40.07,116.3;40.2,116.32;
#263:
>0:39.92,116.35;40.02,116.34;39.86,116.36;
#264:
>0:40.15,116.33;40.05,116.36;40.09,116.38;40.03,116.41;39.9,116.39;
#265:
>0:39.97,116.35;40.0,116.31;
#266:
>0:40.03,116.37;40.02,116.36;
#267:
>0:40.07,116.39;40.05,116.4;
#268:
>0:39.96,116.36;39.98,116.36;40.05,116.42;40.11,116.45;40.16,116.41;
#269:
>0:39.98,116.37;39.94,116.37;
#270:
>0:40.01,116.37;40.0,116.38;
#271:
>0:39.92,116.35;40.01,116.35;40.01,116.35;
#272:
>0:39.97,116.3;39.97,116.32;39.93,116.35;39.97,116.36;40.07,116.42;40.02,116.48;
#273:
>0:39.99,116.36;40.0,116.37;
#274:
>0:39.91,116.4;39.92,116.36;
#275:
>0:40.02,116.37;40.01,116.37;
#276:
>0:40.0,116.29;40.0,116.34;39.93,116.33;40.01,116.37;40.05,116.4;40.18,116.46;
#277:
>0:39.99,116.38;39.98,116.38;
#278:
>0:39.98,116.31;40.0,116.28;40.06,116.3;40.02,116.37;
#279:
>0:39.98,116.35;39.92,116.38;
#280:
>0:40.0,116.37;40.01,116.38;
#281:
>0:39.95,116.37;39.92,116.35;
#282:
>0:39.88,116.37;39.88,116.42;
#283:
>0:39.98,116.36;39.97,116.35;40.0,116.28;
#284:
>0:39.98,116.35;40.08,116.39;40.02,116.38;39.89,116.41;
#285:
>0:39.87,116.45;39.91,116.44;
#286:
>0:39.92,116.36;40.02,116.36;
#287:
>0:39.99,116.36;40.01,116.35;
#288:
>0:40.14,116.41;40.06,116.42;39.97,116.39;
#289:
>0:40.21,116.29;40.14,116.33;40.06,116.34;39.99,116.38;39.93,116.4;39.9,116.45;
#290:
>0:39.86,116.36;39.9,116.41;
#291:
>0:39.9,116.3;39.95,116.34;40.0,116.35;40.09,116.4;40.12,116.39;
#292:
>0:40.22,116.43;40.11,116.45;40.08,116.4;40.0,116.35;39.93,116.35;39.88,116.32;
#293:
>0:39.98,116.36;40.0,116.36;
#294:
>0:39.94,116.35;40.03,116.36;
#295:
>0:39.98,116.35;39.97,116.35;
#296:
>0:40.02,116.36;40.03,116.36;
#297:
>0:40.06,116.34;40.05,116.34;
#298:
>0:39.98,116.36;40.02,116.35;
#299:
>0:39.97,116.35;40.0,116.37;
#300:
>0:39.88,116.4;39.87,116.39;
#301:
>0:40.0,116.37;40.02,116.37;
#302:
>0:40.22,116.3;40.11,116.28;40.07,116.29;40.03,116.27;
#303:
>0:40.0,116.32;40.01,116.32;
#304:
>0:39.97,116.34;39.95,116.32;40.01,116.35;39.98,116.35;
#305:
>0:40.03,116.35;39.98,116.34;
#306:
>0:40.09,116.4;39.97,116.37;
#307:
>0:40.02,116.36;40.0,116.37;
#308:
>0:40.2,116.28;40.11,116.29;40.08,116.27;40.02,116.3;
#309:
>0:40.01,116.35;40.02,116.37;
#310:
>0:40.03,116.34;39.95,116.35;40.02,116.29;
#311:
>0:40.19,116.49;40.14,116.43;40.15,116.42;40.13,116.37;40.13,116.33;
#312:
>0:39.97,116.42;40.04,116.45;40.15,116.44;
#313:
>0:39.87,116.32;39.94,116.35;40.03,116.38;40.04,116.45;40.06,116.46;
#314:
>0:39.98,116.34;40.09,116.41;40.13,116.41;
#315:
>0:40.01,116.34;39.99,116.3;
#316:
>0:39.91,116.37;39.95,116.36;
#317:
>0:40.02,116.28;39.94,116.31;40.03,116.35;
#318:
>0:40.15,116.47;40.05,116.48;40.04,116.44;39.94,116.39;
#319:
>0:39.92,116.35;40.0,116.35;39.97,116.36;40.01,116.36;
#320:
>0:40.03,116.36;39.93,116.38;
#321:
>0:39.98,116.32;40.02,116.35;39.92,116.39;
#322:
>0:39.98,116.38;40.07,116.45;40.15,116.39;40.21,116.44;
#323:
>0:39.87,116.29;39.86,116.31;39.92,116.34;40.01,116.37;40.02,116.44;
#324:
>0:39.99,116.36;39.96,116.37;
#325:
>0:39.97,116.35;40.01,116.36;
#326:
>0:40.19,116.46;40.12,116.48;40.04,116.49;40.07,116.42;40.02,116.43;39.85,116.46;
#327:
>0:40.02,116.35;40.03,116.36;
#328:
>0:40.2,116.46;40.14,116.46;40.08,116.47;
#329:
>0:40.03,116.34;39.99,116.33;
#330:
>0:40.07,116.31;40.0,116.36;
#331:
>0:39.88,116.36;39.94,116.34;40.0,116.34;40.09,116.41;
#332:
>0:40.15,116.32;40.04,116.34;40.0,116.36;40.04,116.41;39.98,116.46;
#333:
>0:40.02,116.37;40.09,116.4;40.15,116.4;
#334:
>0:40.0,116.45;40.06,116.46;
#335:
>0:39.93,116.37;39.92,116.35;
#336:
>0:39.86,116.41;39.86,116.38;
#337:
>0:40.02,116.37;39.91,116.36;
#338:
>0:39.97,116.36;39.98,116.37;
#339:
>0:39.97,116.35;39.99,116.36;39.99,116.38;
#340:
>0:40.06,116.31;40.14,116.31;40.09,116.41;
#341:
>0:40.21,116.38;40.1,116.36;40.07,116.37;40.08,116.42;39.92,116.35;
#342:
>0:39.94,116.36;39.97,116.35;
#343:
>0:40.0,116.37;39.95,116.37;
#344:
>0:39.96,116.38;40.03,116.35;39.99,116.38;
#345:
>0:39.98,116.37;39.92,116.36;39.87,116.37;39.86,116.39;
#346:
>0:39.87,116.45;39.91,116.49;40.0,116.48;40.05,116.46;40.13,116.46;
#347:
>0:40.04,116.42;40.11,116.44;40.13,116.48;
#348:
>0:40.05,116.32;40.12,116.34;40.06,116.42;
#349:
>0:40.06,116.47;40.0,116.42;40.07,116.42;39.98,116.34;40.01,116.31;40.12,116.3;
#350:
>0:39.98,116.37;40.03,116.38;
#351:
>0:39.98,116.31;40.0,116.38;
#352:
>0:40.0,116.37;40.03,116.38;
#353:
>0:39.97,116.35;40.02,116.33;
#354:
>0:40.03,116.37;39.95,116.36;
#355:
>0:40.0,116.32;40.01,116.3;39.88,116.3;
#356:
>0:39.94,116.38;39.99,116.36;39.99,116.35;
#357:
>0:39.97,116.37;39.98,116.35;
#358:
>0:40.14,116.49;40.07,116.49;39.99,116.44;40.09,116.41;39.99,116.33;
#359:
>0:39.86,116.29;39.96,116.34;40.0,116.35;40.05,116.4;40.15,116.4;
#360:
>0:39.92,116.36;39.93,116.35;
#361:
>0:39.99,116.35;40.02,116.37;
#362:
>0:40.0,116.36;40.03,116.37;
#363:
>0:40.0,116.36;40.03,116.36;
#364:
>0:39.88,116.39;39.9,116.39;
#365:
>0:40.01,116.35;40.03,116.37;
#366:
>0:40.03,116.37;40.02,116.37;
#367:
>0:40.0,116.35;40.01,116.35;
#368:
>0:39.93,116.35;39.95,116.34;
#369:
>0:40.0,116.35;40.07,116.41;40.13,116.4;
#370:
>0:39.99,116.35;40.01,116.37;
#371:
>0:39.89,116.38;39.86,116.35;39.99,116.35;
#372:
>0:40.05,116.46;40.07,116.44;40.07,116.41;40.09,116.37;
#373:
>0:40.03,116.32;40.03,116.27;40.09,116.27;40.19,116.31;
#374:
>0:39.97,116.35;40.01,116.36;
#375:
>0:39.99,116.38;39.99,116.37;
#376:
>0:39.88,116.4;39.87,116.4;
#377:
>0:40.03,116.29;40.08,116.29;40.13,116.31;40.07,116.34;40.14,116.43;
#378:
>0:40.01,116.38;39.94,116.35;
#379:
>0:39.99,116.37;39.96,116.37;
#380:
>0:39.9,116.41;39.86,116.39;
#381:
>0:39.95,116.45;40.0,116.44;40.07,116.4;40.04,116.42;40.2,116.36;
#382:
>0:40.04,116.29;40.1,116.31;40.07,116.33;39.99,116.36;40.08,116.45;
#383:
>0:40.13,116.34;40.07,116.4;40.07,116.43;39.93,116.43;
#384:
>0:39.95,116.37;39.99,116.37;
#385:
>0:40.18,116.34;40.15,116.32;40.08,116.34;40.01,116.32;
#386:
>0:40.07,116.38;40.04,116.39;
#387:
>0:39.98,116.34;40.03,116.36;
#388:
>0:39.95,116.37;39.97,116.37;39.95,116.34;39.99,116.37;39.98,116.37;
#389:
>0:39.99,116.35;39.92,116.35;
#390:
>0:40.15,116.28;40.07,116.28;40.14,116.36;
#391:
>0:39.88,116.38;39.87,116.34;
#392:
>0:39.93,116.39;40.0,116.41;39.98,116.35;
#393:
>0:40.03,116.38;40.01,116.35;
#394:
>0:39.98,116.36;40.0,116.38;
#395:
>0:39.99,116.34;40.03,116.36;
#396:
>0:39.99,116.36;40.04,116.39;40.02,116.41;39.9,116.39;
#397:
>0:39.94,116.45;39.96,116.39;39.87,116.35;39.99,116.36;
#398:
>0:39.94,116.34;40.01,116.37;40.07,116.41;40.12,116.44;40.18,116.4;
#399:
>0:40.09,116.4;40.05,116.44;40.01,116.44;39.91,116.49;
#400:
>0:40.01,116.35;39.99,116.31;40.13,116.34;
#401:
>0:40.08,116.42;39.98,116.42;39.97,116.38;
