#0:
>0:35.67,117.87;38.26,119.27;35.93,121.58;38.55,123.18;38.31,124.69;35.95,127.08;
#1:
>0:34.58,119.2;36.57,118.5;35.17,122.18;34.32,123.73;33.24,127.54;
#2:
>0:41.54,117.76;41.12,117.47;37.11,119.79;
#3:
>0:39.36,117.45;40.52,118.85;
#4:
>0:37.75,119.09;37.75,117.74;40.95,119.72;
#5:
>0:37.32,127.02;37.12,124.21;39.36,122.41;
#6:
>0:31.67,121.1;34.15,118.36;35.1,119.02;38.52,120.07;36.81,117.21;42.1,119.63;
#7:
>0:32.58,127.87;33.24,124.4;34.18,123.99;36.8,123.4;
#8:
>0:35.95,119.72;36.91,118.5;39.52,118.2;
#9:
>0:36.85,122.53;38.55,125.91;35.73,127.19;
#10:
>0:34.73,117.98;35.0,118.42;38.65,120.23;
#11:
>0:42.35,116.3;40.11,117.01;38.47,120.09;
#12:
>0:32.33,127.4;33.61,125.84;34.47,122.75;33.12,120.67;
#13:
>0:37.44,122.64;38.33,126.0;34.92,127.97;
#14:
>0:37.48,125.39;37.61,126.63;33.81,123.76;
#15:
>0:31.68,125.02;33.59,127.44;35.65,125.57;35.93,128.07;38.83,126.1;
#16:
>0:33.63,122.13;33.04,121.44;
#17:
>0:35.92,120.6;36.83,123.24;37.44,125.21;35.83,126.67;
#18:
>0:40.31,117.36;40.43,118.2;
#19:
>0:38.28,124.16;38.48,125.9;35.63,126.16;
#20:
>0:31.51,122.26;33.15,121.02;34.3,118.76;33.75,116.64;
#21:
>0:37.93,122.11;38.96,119.1;
#22:
>0:39.35,125.09;36.92,122.97;36.33,120.79;34.01,119.33;33.06,116.92;
#23:
>0:36.39,120.01;38.31,116.56;
#24:
>0:42.42,120.85;40.56,123.52;37.41,125.53;37.22,127.7;35.5,125.68;31.91,122.69;
#25:
>0:42.31,127.67;39.92,127.52;37.03,124.29;37.38,126.5;35.21,125.45;32.71,122.5;
#26:
>0:40.62,121.8;40.28,121.45;
#27:
>0:38.32,120.07;38.26,120.53;
#28:
>0:41.66,116.61;42.37,120.02;
#29:
>0:38.02,127.17;39.49,127.89;
#30:
>0:38.56,127.04;37.25,127.48;
#31:
>0:33.03,122.5;34.98,120.52;37.11,123.41;38.93,124.26;43.6,128.66;
#32:
>0:36.14,123.43;34.16,122.61;31.13,121.78;
#33:
>0:36.3,127.97;36.96,125.55;39.32,125.96;37.3,121.98;
#34:
>0:41.99,117.19;41.65,119.89;38.76,119.67;40.66,122.03;40.48,122.99;40.46,127.97;
#35:
>0:37.95,118.46;36.75,120.21;36.6,124.14;
#36:
>0:43.11,128.12;40.57,124.44;
#37:
>0:41.14,124.66;40.18,123.01;41.68,124.22;39.17,119.52;
#38:
>0:40.92,116.29;40.94,119.86;39.39,119.85;38.04,120.68;35.81,120.62;32.51,124.77;
#39:
>0:38.1,120.98;39.02,123.98;41.65,125.8;
#40:
>0:40.25,119.5;40.88,120.88;
#41:
>0:41.03,120.77;41.61,121.18;42.25,117.11;
#42:
>0:31.55,125.33;32.26,127.88;33.34,124.6;38.13,121.09;
#43:
>0:33.19,117.55;34.89,119.46;38.08,120.96;
#44:
>0:41.19,117.82;36.83,117.86;37.39,119.83;36.37,121.59;33.02,123.23;34.23,126.66;
#45:
>0:39.66,118.62;41.75,119.17;
#46:
>0:42.66,127.36;40.53,127.93;38.15,126.09;35.42,124.48;34.03,125.23;31.26,124.28;
#47:
>0:40.8,116.5;40.29,119.93;37.18,118.81;34.93,119.64;34.6,119.36;
#48:
>0:32.47,117.43;34.57,119.79;36.48,116.94;37.81,119.64;
#49:
>0:31.21,122.41;32.13,121.67;33.13,119.52;35.66,117.77;37.86,118.17;42.03,118.27;
#50:
>0:42.5,128.43;38.74,127.64;37.32,123.55;
#51:
>0:41.74,118.42;40.3,118.73;38.3,118.39;36.07,119.49;33.57,118.73;
#52:
>0:40.01,118.62;41.08,117.91;
#53:
>0:32.16,117.97;33.36,118.37;35.83,118.58;36.03,121.61;38.41,122.72;43.06,124.42;
#54:
>0:31.31,126.54;34.7,126.62;36.11,126.92;37.18,125.98;39.33,126.13;42.14,126.62;
#55:
>0:39.55,119.08;41.73,117.58;
#56:
>0:39.21,126.53;38.42,125.25;34.87,124.52;33.73,124.13;33.49,119.32;
#57:
>0:31.3,127.6;33.61,124.39;34.99,122.71;34.57,122.91;34.56,118.7;
#58:
>0:31.36,124.36;33.09,123.97;36.3,120.93;37.95,118.25;
#59:
>0:35.28,118.31;38.0,119.22;40.61,117.98;
#60:
>0:33.96,121.76;35.05,123.0;35.2,125.98;36.45,126.83;
#61:
>0:40.56,127.53;37.6,125.34;37.18,127.15;35.13,126.07;31.68,122.82;
#62:
>0:33.22,125.31;36.72,126.65;37.85,124.63;39.41,126.14;41.44,126.7;
#63:
>0:32.95,120.49;36.28,122.81;
#64:
>0:36.2,126.35;36.68,125.42;
#65:
>0:40.25,123.13;43.27,123.27;
#66:
>0:35.56,125.87;34.36,124.95;31.57,122.97;34.22,119.46;
#67:
>0:31.02,125.63;33.02,123.92;36.09,121.56;38.07,119.87;
#68:
>0:42.67,123.9;40.1,123.34;37.0,125.24;36.83,127.57;34.37,123.3;
#69:
>0:36.65,122.3;34.67,123.82;33.84,127.14;
#70:
>0:36.01,122.29;37.89,121.38;37.49,119.54;
#71:
>0:33.4,124.95;33.29,122.92;
#72:
>0:36.47,116.58;37.92,120.18;40.71,117.45;
#73:
>0:32.67,119.96;31.16,121.72;34.32,118.41;38.01,122.03;
#74:
>0:35.51,125.52;35.52,126.77;
#75:
>0:38.87,127.48;39.39,125.62;42.92,125.01;41.64,122.09;41.73,120.9;42.06,116.31;
#76:
>0:33.0,121.3;34.76,118.4;36.37,118.32;39.18,118.42;
#77:
>0:32.51,121.27;34.21,118.5;35.42,123.52;
#78:
>0:38.41,118.61;35.9,118.51;36.62,123.11;
#79:
>0:40.14,117.87;40.09,117.03;
#80:
>0:41.35,126.06;40.16,123.44;41.1,121.92;
#81:
>0:33.56,125.54;36.58,123.28;33.2,123.03;32.44,120.57;31.28,116.4;
#82:
>0:32.27,120.63;31.72,121.56;33.71,119.65;35.26,120.06;38.55,119.87;42.03,122.09;
#83:
>0:36.04,127.87;36.36,127.4;
#84:
>0:35.79,122.72;37.32,125.11;37.36,124.07;40.89,124.29;
#85:
>0:36.33,123.08;36.28,122.34;
#86:
>0:34.0,119.24;33.73,121.5;34.65,123.02;
#87:
>0:39.13,124.87;37.22,125.42;37.73,120.26;
#88:
>0:33.24,116.67;34.86,119.75;37.91,121.84;37.73,122.3;
#89:
>0:42.39,126.69;39.74,128.04;36.94,125.77;38.65,126.82;34.94,124.22;32.14,125.81;
#90:
>0:36.55,118.33;34.67,121.18;31.55,120.53;
#91:
>0:40.34,117.27;41.63,117.4;
#92:
>0:34.3,121.02;35.88,123.61;35.76,126.09;
#93:
>0:41.77,117.01;40.66,116.92;
#94:
>0:39.46,123.51;36.84,125.63;36.01,127.66;
#95:
>0:39.64,125.42;38.17,123.54;35.87,121.11;33.83,119.22;
#96:
>0:41.65,120.64;38.91,118.74;38.31,119.61;35.22,119.95;
#97:
>0:33.71,126.78;36.75,125.87;35.64,127.55;37.1,124.86;41.65,125.56;
#98:
>0:36.79,118.89;36.95,116.98;
#99:
>0:37.25,123.81;36.63,120.77;34.84,119.04;
#100:
>0:43.59,127.75;40.17,127.58;37.68,125.67;38.62,121.96;
#101:
>0:34.18,120.98;32.46,121.84;36.72,116.96;
#102:
>0:35.39,118.74;37.01,118.32;38.91,118.62;
#103:
>0:35.71,125.29;35.54,126.02;
#104:
>0:33.37,125.9;36.41,122.24;37.26,121.13;
#105:
>0:42.29,128.95;38.76,126.88;37.4,124.74;37.3,126.54;35.16,125.81;31.99,124.51;
#106:
>0:34.68,117.89;36.69,120.2;37.18,121.12;36.36,122.03;37.65,123.83;37.47,126.4;
#107:
>0:32.44,128.12;33.92,124.77;36.66,122.84;37.39,121.67;41.21,122.04;41.53,117.8;
#108:
>0:33.52,122.61;31.87,121.64;32.74,120.7;31.17,117.38;
#109:
>0:40.36,124.23;42.98,123.83;40.94,121.02;
#110:
>0:32.22,124.16;33.87,121.51;35.71,123.99;38.58,120.25;41.65,122.03;40.76,121.68;
#111:
>0:40.02,117.88;37.16,119.15;35.31,118.42;33.56,120.11;
#112:
>0:38.42,123.86;37.09,124.67;35.92,126.39;
#113:
>0:33.61,126.09;35.87,123.42;36.92,121.19;41.7,121.65;41.4,117.77;
#114:
>0:37.21,118.69;39.39,117.76;
#115:
>0:34.16,125.52;36.47,122.31;37.13,121.06;41.06,121.14;
#116:
>0:36.75,119.45;37.58,120.34;36.63,122.0;37.62,123.76;38.52,127.21;
#117:
>0:34.5,121.77;33.19,120.1;36.12,117.44;37.43,117.03;41.68,118.75;
#118:
>0:41.71,119.76;41.5,116.52;38.05,116.3;35.5,116.38;
#119:
>0:34.69,125.62;35.28,127.21;37.28,127.63;
#120:
>0:38.79,125.98;37.26,124.46;38.04,120.33;
#121:
>0:34.34,116.75;35.62,120.14;37.15,120.17;38.53,118.03;41.93,118.91;
#122:
>0:43.25,124.43;40.71,120.4;38.62,125.25;
#123:
>0:38.84,119.38;41.09,121.45;40.33,123.71;41.88,125.33;
#124:
>0:40.94,119.35;40.83,117.92;
#125:
>0:42.66,129.06;40.34,126.87;36.91,122.23;
#126:
>0:41.54,118.05;41.01,118.79;
#127:
>0:40.62,121.67;39.92,123.64;41.74,124.4;41.76,126.24;
#128:
>0:42.24,123.92;41.32,121.95;40.86,119.5;41.83,116.58;
#129:
>0:31.79,121.85;33.57,119.14;34.9,119.32;38.56,119.93;39.64,118.76;
#130:
>0:32.97,128.03;34.89,124.24;35.43,126.21;37.32,124.23;40.95,124.68;
#131:
>0:42.09,117.92;41.59,118.77;42.4,120.88;39.56,123.38;35.48,125.93;
#132:
>0:39.27,118.45;41.11,120.71;
#133:
>0:42.16,120.6;42.54,123.83;
#134:
>0:37.97,127.34;36.77,125.99;32.98,123.69;31.53,123.25;32.45,119.65;
#135:
>0:32.38,122.52;31.08,121.3;32.97,119.22;35.06,119.72;36.9,119.73;41.3,118.47;
#136:
>0:35.26,121.49;38.05,123.74;37.09,124.93;36.01,128.02;
#137:
>0:34.18,126.5;35.13,125.1;33.19,125.33;33.66,121.9;
#138:
>0:34.39,127.6;32.3,127.89;34.28,124.54;34.6,120.8;
#139:
>0:36.85,117.31;41.46,117.89;41.16,118.4;
#140:
>0:31.03,127.09;34.01,127.0;35.34,126.16;37.34,125.03;39.66,125.3;43.2,128.6;
#141:
>0:39.28,126.18;39.77,125.93;36.89,123.24;40.43,123.43;40.05,122.15;42.2,116.62;
#142:
>0:34.2,116.85;36.22,120.18;37.99,118.91;37.72,122.83;
#143:
>0:37.91,118.57;37.55,116.91;40.89,118.97;
#144:
>0:38.0,120.54;36.86,120.11;38.51,117.6;
#145:
>0:40.47,119.16;42.44,119.9;
#146:
>0:32.94,127.39;35.71,124.55;35.26,127.39;37.75,125.93;41.78,126.01;
#147:
>0:41.45,116.29;40.76,116.42;37.96,116.84;36.51,116.71;
#148:
>0:34.09,116.35;35.73,118.75;37.57,119.82;38.3,116.42;40.65,119.71;
#149:
>0:41.44,121.9;40.36,121.51;
#150:
>0:33.94,116.26;36.5,119.19;37.29,118.09;39.99,121.98;
#151:
>0:37.45,118.19;37.57,118.33;36.6,120.73;35.02,122.88;34.72,123.81;31.31,126.54;
#152:
>0:34.18,117.91;36.58,119.02;37.23,119.38;37.77,123.7;
#153:
>0:38.54,121.81;36.62,124.1;35.18,125.15;
