#0:
>0:39.78,119.58;39.55,119.74;39.54,120.42;39.21,120.16;
#1:
>0:39.94,118.76;40.06,119.75;40.15,120.24;
#2:
>0:39.67,119.43;39.88,118.68;39.8,117.25;40.07,116.7;
#3:
>0:39.68,118.42;39.72,118.28;
#4:
>0:38.99,118.83;39.24,118.05;39.42,118.85;39.61,118.91;39.88,118.54;40.16,119.5;
#5:
>0:39.14,119.76;39.46,118.08;39.78,118.12;39.9,117.82;40.05,116.81;
#6:
>0:39.31,118.15;39.49,118.24;
#7:
>0:38.9,120.6;39.19,119.4;39.26,118.1;39.33,118.77;39.67,119.18;39.99,119.96;
#8:
>0:39.9,118.46;39.6,117.19;39.46,116.65;
#9:
>0:40.28,116.18;40.0,116.44;
#10:
>0:39.23,119.62;39.22,118.66;39.57,119.38;
#11:
>0:39.74,117.32;39.75,118.61;39.55,119.45;
#12:
>0:39.79,119.62;39.9,120.7;39.66,120.22;39.2,119.98;
#13:
>0:40.07,117.15;39.96,116.93;
#14:
>0:39.55,121.4;39.73,120.3;39.73,120.63;39.75,119.7;39.96,118.72;39.66,116.46;
#15:
>0:39.84,121.55;39.59,120.48;39.46,119.35;39.21,118.75;
#16:
>0:39.24,119.31;39.19,118.84;39.61,119.24;
#17:
>0:39.16,119.29;39.2,120.65;
#18:
>0:39.04,117.89;39.12,118.22;39.48,118.13;39.63,118.53;39.88,119.5;40.09,119.45;
#19:
>0:39.27,116.33;39.28,117.25;39.16,118.48;39.33,118.79;39.71,120.3;
#20:
>0:39.18,116.41;39.11,117.86;39.14,118.1;39.25,119.73;39.02,120.42;39.01,121.56;
#21:
>0:39.9,121.33;39.67,120.27;
#22:
>0:39.05,119.57;39.25,119.12;39.2,120.98;
#23:
>0:40.13,116.65;40.17,116.45;
#24:
>0:40.04,116.55;40.01,116.34;
#25:
>0:40.12,116.55;40.15,116.72;
#26:
>0:39.48,119.34;39.12,120.4;39.05,118.89;
#27:
>0:39.77,116.82;39.68,116.67;39.33,117.61;39.09,116.72;
#28:
>0:39.23,117.42;39.36,116.24;39.6,117.97;39.82,118.55;40.17,119.39;
#29:
>0:39.77,120.48;39.6,119.53;39.34,118.71;39.4,117.14;
#30:
>0:39.13,121.49;38.93,121.27;39.0,119.87;39.08,118.01;
#31:
>0:39.79,121.52;39.56,120.07;39.41,119.34;39.27,119.9;38.96,117.99;
#32:
>0:39.27,121.15;39.31,119.84;39.71,118.9;39.41,118.81;39.76,118.68;39.74,116.99;
#33:
>0:39.6,117.23;39.35,118.37;39.68,118.5;39.5,119.68;39.14,121.12;
#34:
>0:38.88,118.6;39.28,118.07;39.51,118.17;39.63,117.99;39.92,116.95;
#35:
>0:39.96,116.75;40.17,116.52;
#36:
>0:40.08,116.8;39.86,116.34;
#37:
>0:39.89,121.63;39.68,120.17;39.41,120.44;
#38:
>0:39.97,117.98;39.89,119.77;39.61,119.84;39.51,119.67;39.24,120.36;39.04,118.77;
#39:
>0:40.17,117.19;39.97,116.62;
#40:
>0:39.26,119.33;39.51,118.24;39.67,119.32;39.8,121.33;
#41:
>0:39.58,119.94;39.48,119.76;39.34,118.83;39.36,117.75;39.3,117.02;
#42:
>0:39.92,121.47;39.67,120.26;39.37,120.01;
#43:
>0:40.1,116.33;40.22,116.22;
#44:
>0:39.21,117.12;39.2,118.72;39.39,118.14;39.55,119.48;39.6,121.33;
#45:
>0:39.76,117.16;39.79,118.83;39.37,118.69;39.75,120.45;
#46:
>0:40.11,116.43;40.0,117.11;
#47:
>0:39.77,120.11;39.78,120.45;
#48:
>0:40.16,117.22;40.01,116.69;
#49:
>0:39.82,116.26;39.59,116.72;39.48,118.05;
#50:
>0:40.1,117.16;40.13,116.36;
#51:
>0:39.19,118.66;39.14,117.54;
#52:
>0:39.28,117.48;39.24,118.75;39.32,118.49;39.7,119.55;39.72,121.04;
#53:
>0:40.04,117.64;39.78,118.07;
#54:
>0:40.02,120.41;40.13,120.6;
#55:
>0:39.96,116.63;40.07,116.31;
#56:
>0:39.91,118.24;39.66,119.23;
#57:
>0:39.58,121.48;39.88,120.55;39.74,119.18;40.0,118.86;39.91,118.27;39.69,116.59;
#58:
>0:38.9,119.39;39.26,118.93;38.98,117.78;
#59:
>0:39.07,121.63;38.88,121.17;
#60:
>0:39.15,116.52;39.1,117.5;39.14,118.56;39.36,118.47;39.81,120.45;
#61:
>0:39.34,116.74;39.67,117.82;39.42,118.5;39.77,118.87;39.26,120.51;
#62:
>0:38.87,120.59;39.14,119.12;39.4,118.23;39.75,118.12;39.75,116.64;
#63:
>0:39.07,121.29;39.03,120.2;39.33,121.58;
#64:
>0:39.86,116.24;39.72,116.76;39.34,117.08;39.15,117.14;38.96,117.89;
#65:
>0:39.92,120.48;39.8,120.77;39.3,121.34;
#66:
>0:39.74,117.29;39.75,118.35;39.38,119.66;39.26,120.73;38.99,121.64;
#67:
>0:39.3,120.87;39.43,120.42;39.65,120.27;
#68:
>0:39.29,119.91;39.28,118.94;39.18,118.12;39.19,117.5;39.3,116.16;
#69:
>0:39.52,121.49;39.82,120.22;40.08,119.36;40.1,118.7;40.07,117.87;
#70:
>0:40.11,119.06;39.91,119.15;
#71:
>0:40.15,117.37;40.05,118.48;40.13,119.2;39.8,120.23;39.33,121.16;
#72:
>0:40.14,121.43;39.86,120.86;40.16,120.72;39.84,119.45;39.97,118.72;39.87,116.9;
#73:
>0:39.14,121.31;39.03,120.96;39.05,120.41;39.25,118.65;
#74:
>0:40.15,118.21;39.82,119.81;40.05,120.33;
#75:
>0:38.97,118.1;39.21,118.25;39.4,118.82;39.67,119.54;39.94,121.27;
#76:
>0:40.1,117.0;39.8,116.65;39.77,117.13;39.76,119.07;
#77:
>0:39.97,117.23;40.09,116.9;
#78:
>0:39.37,121.1;39.39,120.5;38.95,119.21;
#79:
>0:40.14,117.83;39.9,116.65;39.57,116.62;39.5,117.72;39.14,117.91;38.93,118.87;
#80:
>0:39.75,120.36;39.81,119.49;39.59,119.81;39.88,118.46;39.81,116.44;
#81:
>0:39.95,117.07;40.08,116.35;
#82:
>0:39.15,118.31;39.48,119.77;
#83:
>0:38.87,121.14;38.94,121.59;
#84:
>0:39.8,116.84;39.52,116.85;39.36,118.14;
#85:
>0:39.61,121.26;39.32,120.21;39.28,119.14;39.03,118.21;39.06,117.72;
#86:
>0:39.97,117.0;39.96,117.18;
#87:
>0:40.16,120.0;39.86,119.37;40.03,118.01;39.74,117.09;
#88:
>0:40.02,119.51;40.07,118.74;39.68,119.69;
#89:
>0:39.42,120.88;39.37,120.07;38.96,119.51;
#90:
>0:39.91,117.32;39.72,118.11;39.65,119.47;
#91:
>0:40.06,117.04;40.11,116.5;
#92:
>0:39.91,116.27;39.57,116.59;39.4,117.89;39.14,116.57;
#93:
>0:39.62,118.96;39.85,118.04;40.05,117.26;
#94:
>0:39.12,121.11;38.98,120.75;38.93,120.14;39.12,118.1;
#95:
>0:39.6,119.21;39.7,118.37;
#96:
>0:40.07,120.94;39.78,119.88;39.55,119.42;39.4,118.4;39.21,117.05;39.24,116.25;
#97:
>0:39.41,117.86;39.36,118.25;39.69,119.41;39.78,120.72;39.47,121.35;
#98:
>0:39.42,116.6;39.63,117.31;39.92,117.51;40.03,117.69;
#99:
>0:39.38,118.76;39.33,119.06;
#100:
>0:39.08,116.31;39.22,117.43;39.22,118.79;39.39,118.32;39.69,118.92;40.04,121.07;
#101:
>0:40.01,120.38;39.73,119.37;40.09,118.34;
#102:
>0:40.07,116.34;40.11,116.96;
#103:
>0:40.15,116.97;40.0,116.97;
#104:
>0:40.08,116.83;39.95,116.92;
#105:
>0:39.23,117.01;39.2,117.75;39.21,118.48;39.4,118.25;39.59,119.24;39.31,121.14;
#106:
>0:39.19,119.91;39.16,119.04;39.15,118.0;39.1,117.82;39.09,116.17;
#107:
>0:39.1,119.56;39.11,118.31;39.38,118.19;39.86,118.59;
#108:
>0:39.9,121.24;39.55,120.03;
#109:
>0:39.13,121.45;39.51,120.28;39.65,120.37;
#110:
>0:39.58,119.69;39.91,118.57;40.07,117.1;
#111:
>0:38.92,116.18;39.3,117.97;39.24,118.78;39.41,118.1;39.28,120.74;
#112:
>0:38.9,117.49;39.11,118.63;39.15,119.24;
#113:
>0:39.99,116.5;40.15,117.18;
#114:
>0:39.17,121.64;39.37,119.89;39.72,119.05;39.77,118.4;40.09,117.41;
#115:
>0:39.92,116.59;39.64,116.63;39.51,117.36;39.34,118.6;39.63,120.26;
#116:
>0:38.88,118.45;38.89,117.62;
#117:
>0:40.14,116.65;40.34,117.0;
#118:
>0:38.9,118.48;39.27,119.73;
#119:
>0:39.0,119.7;39.25,118.63;39.32,117.36;39.35,116.69;
#120:
>0:40.29,116.62;40.27,116.93;
#121:
>0:39.42,120.07;39.67,119.13;39.75,118.86;39.99,117.56;
#122:
>0:39.98,119.93;39.8,119.27;39.79,118.69;39.78,117.77;
#123:
>0:39.09,116.57;39.18,117.23;39.29,118.46;39.28,119.22;38.9,120.47;38.87,120.81;
#124:
>0:40.16,117.03;39.76,117.43;40.13,117.0;
#125:
>0:40.01,117.09;40.04,118.6;40.14,119.21;39.88,120.65;39.52,121.3;
#126:
>0:38.93,116.44;39.15,117.7;39.29,118.23;39.33,118.46;39.61,119.58;40.11,121.24;
#127:
>0:39.81,121.39;39.66,120.66;39.89,119.06;39.49,118.52;
#128:
>0:40.03,116.81;40.05,116.8;
#129:
>0:40.16,120.39;39.77,119.24;39.55,119.7;39.77,117.26;
#130:
>0:38.87,116.72;38.96,117.6;
#131:
>0:39.79,121.29;39.58,120.47;
#132:
>0:40.17,116.32;39.98,116.54;
#133:
>0:40.06,116.9;39.76,116.79;39.72,116.7;39.35,117.83;39.3,117.49;38.93,118.76;
#134:
>0:39.91,117.07;39.82,118.29;39.32,119.47;39.22,119.24;
#135:
>0:40.02,116.35;40.08,116.45;
#136:
>0:40.14,116.72;40.05,116.51;
#137:
>0:39.35,120.24;39.64,118.96;39.8,118.2;40.17,117.09;
#138:
>0:39.79,117.84;39.67,118.07;39.77,119.44;
#139:
>0:39.07,117.24;39.19,118.73;
#140:
>0:39.76,120.43;39.68,119.31;39.36,118.08;39.34,117.76;
#141:
>0:38.95,120.82;38.91,121.06;
#142:
>0:39.46,119.31;39.23,118.23;39.12,117.63;
#143:
>0:39.36,121.61;39.64,121.05;39.85,121.54;
#144:
>0:39.77,118.13;40.16,118.6;39.91,119.97;
#145:
>0:39.01,117.89;39.24,118.84;39.49,118.15;39.79,118.09;39.85,119.17;40.09,118.44;
#146:
>0:39.0,121.35;39.03,121.39;
#147:
>0:39.68,116.25;39.33,117.63;39.82,118.26;39.57,119.26;39.87,120.71;
#148:
>0:39.76,121.27;39.75,120.44;40.03,120.27;39.79,118.98;39.75,117.61;
#149:
>0:39.22,120.16;39.23,119.14;39.17,118.68;39.1,117.2;39.14,116.19;
#150:
>0:39.75,119.82;39.8,118.59;
#151:
>0:39.73,116.79;39.36,117.95;39.51,118.8;
#152:
>0:39.42,121.24;39.69,120.75;39.87,121.63;
#153:
>0:39.89,118.61;39.79,117.42;
#154:
>0:39.09,119.64;39.5,118.45;39.69,117.2;39.93,117.7;40.1,117.54;
#155:
>0:40.05,120.81;39.83,120.48;39.72,119.7;39.42,118.68;39.22,117.15;39.07,116.53;
#156:
>0:39.71,118.53;39.44,118.87;39.27,120.52;
#157:
>0:39.42,121.57;39.63,121.12;39.95,120.76;
#158:
>0:38.93,119.98;39.17,121.49;39.37,121.26;39.59,120.96;39.84,120.36;39.98,118.44;
#159:
>0:39.07,119.45;39.1,119.79;39.52,118.69;39.55,117.97;
#160:
>0:39.02,119.45;38.93,118.69;39.06,117.6;
#161:
>0:39.65,121.33;39.88,120.16;39.78,118.92;40.08,118.73;39.79,117.17;40.12,116.92;
#162:
>0:39.62,117.15;39.48,118.4;39.56,119.82;39.89,119.07;39.65,120.77;
#163:
>0:39.03,121.34;38.98,119.97;39.21,119.78;39.45,118.52;39.83,117.26;
#164:
>0:39.05,116.95;39.24,117.45;
#165:
>0:38.97,119.19;39.26,119.28;39.49,118.61;39.56,120.13;
#166:
>0:39.84,117.15;39.67,116.69;39.42,117.61;39.2,117.17;39.06,117.99;
#167:
>0:39.21,116.28;38.93,117.75;39.22,118.64;39.41,118.31;39.27,119.87;
#168:
>0:39.88,118.44;39.58,117.24;39.33,116.76;
#169:
>0:38.87,118.01;39.23,118.46;39.4,118.6;39.7,117.26;39.87,118.66;40.06,119.21;
#170:
>0:39.64,116.75;39.41,116.76;
#171:
>0:39.97,116.95;39.99,116.63;
#172:
>0:40.09,119.94;40.07,120.5;
#173:
>0:39.87,118.11;40.0,118.42;39.91,119.88;
#174:
>0:38.91,118.29;39.09,119.35;39.2,118.86;39.46,118.89;39.91,119.39;
#175:
>0:39.25,118.48;38.99,117.44;38.88,116.17;
#176:
>0:38.88,121.67;38.86,121.32;
#177:
>0:39.74,118.38;40.09,118.56;
#178:
>0:39.09,118.13;39.13,117.59;
#179:
>0:39.9,116.18;39.65,116.15;39.44,117.07;39.26,117.74;38.88,117.46;
#180:
>0:40.17,116.75;40.08,116.75;
#181:
>0:39.32,116.56;39.71,117.11;39.91,118.31;39.54,119.38;
#182:
>0:40.08,117.74;40.05,118.78;39.88,119.62;39.57,119.86;39.17,120.36;
#183:
>0:40.08,116.53;40.05,116.65;
#184:
>0:39.37,117.19;39.5,118.35;39.7,119.62;39.79,120.49;39.39,121.28;
#185:
>0:39.85,116.21;39.82,116.72;
#186:
>0:40.11,117.28;39.85,116.7;39.55,116.74;39.36,117.18;39.12,116.3;
#187:
>0:39.47,118.4;39.48,118.29;
#188:
>0:39.13,118.83;39.48,118.08;39.54,119.29;39.82,120.23;
#189:
>0:39.95,117.22;39.97,116.57;
#190:
>0:39.35,118.93;39.15,119.93;
#191:
>0:40.14,117.19;39.82,117.03;39.97,117.16;39.95,116.5;40.01,116.83;39.94,116.81;39.63,116.55;39.83,118.33;
#192:
>0:39.44,119.39;39.2,118.36;39.22,117.52;
#193:
>0:40.1,116.34;40.17,116.81;
#194:
>0:39.94,118.58;39.56,117.93;39.5,117.01;
#195:
>0:39.13,116.14;39.43,116.26;39.63,116.43;39.88,116.16;39.97,117.02;
#196:
>0:40.09,116.53;40.08,116.36;
#197:
>0:39.52,117.33;39.18,118.65;39.06,119.46;
#198:
>0:39.94,120.08;39.64,118.92;39.45,118.82;39.44,117.1;
#199:
>0:39.13,119.54;39.19,118.87;39.72,119.8;
#200:
>0:39.11,121.66;39.03,121.35;38.93,120.41;39.09,119.16;39.2,118.63;39.01,116.75;
#201:
>0:39.97,117.06;40.08,117.02;
#202:
>0:39.26,119.61;39.28,118.49;39.58,119.19;
#203:
>0:40.07,117.17;40.11,116.4;
#204:
>0:39.05,117.8;39.2,118.4;39.45,119.72;39.34,120.3;
#205:
>0:40.02,116.87;40.2,116.99;
#206:
>0:39.74,116.14;39.6,116.93;39.41,117.42;39.09,117.64;39.04,117.46;
#207:
>0:40.09,116.98;40.01,116.33;
#208:
>0:39.38,116.51;39.11,116.7;38.99,116.83;
#209:
>0:40.16,117.18;40.0,116.99;
#210:
>0:39.13,119.4;39.28,118.77;39.61,119.66;
#211:
>0:38.93,117.79;39.21,118.49;39.32,118.14;39.54,119.08;39.74,118.8;40.13,118.58;
#212:
>0:40.17,116.81;40.29,116.67;
#213:
>0:40.05,117.02;39.96,116.4;
#214:
>0:39.84,121.21;39.77,120.53;39.5,120.83;
#215:
>0:39.53,116.15;39.48,117.65;39.39,118.45;
#216:
>0:40.16,119.3;39.77,120.08;39.61,120.35;
#217:
>0:39.79,118.12;39.74,117.5;40.12,117.22;
#218:
>0:39.74,120.72;39.73,118.96;39.45,118.12;39.16,117.46;39.06,116.63;
#219:
>0:40.03,116.86;40.16,117.03;
#220:
>0:40.03,116.54;39.99,116.56;
#221:
>0:39.55,121.44;39.33,121.54;39.08,121.64;
#222:
>0:39.46,120.95;39.27,121.61;
#223:
>0:39.67,119.43;39.91,119.21;39.99,119.78;
#224:
>0:39.84,116.46;39.99,116.69;
#225:
>0:40.08,116.73;39.88,116.13;39.93,117.36;39.94,119.33;
#226:
>0:38.89,118.6;39.25,117.74;39.34,116.52;
#227:
>0:40.16,116.41;40.09,116.17;
#228:
>0:39.1,121.63;39.32,120.52;39.54,120.67;
#229:
>0:40.02,119.6;39.88,120.55;39.54,119.28;
#230:
>0:39.67,119.79;39.79,118.31;39.86,117.82;40.15,116.89;
#231:
>0:39.11,118.74;39.5,118.89;39.7,119.54;39.88,120.35;
#232:
>0:39.06,120.85;38.92,121.09;
#233:
>0:39.96,116.34;40.05,117.21;
#234:
>0:40.23,116.6;40.05,116.38;
#235:
>0:39.16,121.56;38.9,121.02;38.88,120.36;39.08,118.59;
#236:
>0:39.19,118.77;39.38,118.32;39.57,117.36;39.77,118.36;40.15,119.33;
#237:
>0:40.07,121.51;39.81,121.02;40.06,120.01;39.91,118.66;
#238:
>0:40.01,118.45;39.88,119.03;39.59,120.72;39.42,119.55;39.24,120.49;38.92,118.82;
#239:
>0:40.02,117.47;40.03,118.16;39.81,119.0;39.7,120.19;39.23,120.41;
#240:
>0:40.09,117.01;40.13,116.48;
#241:
>0:39.69,117.86;39.35,116.22;
#242:
>0:39.75,116.24;39.65,116.36;39.43,118.72;
#243:
>0:39.01,117.22;39.1,118.47;39.51,118.73;39.76,118.83;39.91,117.22;40.17,116.54;
#244:
>0:39.29,121.44;38.89,120.85;39.14,118.96;
#245:
>0:39.94,116.96;39.52,116.61;39.4,118.09;
#246:
>0:39.87,118.72;39.68,117.41;
#247:
>0:40.09,121.27;39.84,121.28;39.65,120.16;39.92,118.98;39.63,117.71;
#248:
>0:39.4,118.59;39.36,118.77;
#249:
>0:39.88,118.4;39.68,118.35;39.41,118.89;
#250:
>0:39.04,120.79;39.12,120.59;39.35,119.45;39.69,118.18;39.88,117.48;40.06,117.82;
#251:
>0:39.86,117.86;39.73,116.55;39.46,116.92;
#252:
>0:39.27,118.33;39.23,119.07;39.05,120.21;38.98,120.98;
#253:
>0:39.24,120.85;39.01,121.48;39.23,119.01;
#254:
>0:39.85,118.29;39.69,118.18;39.5,118.17;
#255:
>0:39.56,119.0;39.84,119.46;40.01,118.31;
#256:
>0:38.88,117.29;39.15,118.57;39.3,118.27;39.63,118.11;39.8,117.35;40.11,117.02;
#257:
>0:39.16,119.06;39.16,118.29;39.66,119.73;
#258:
>0:39.05,116.61;39.21,116.98;39.43,116.35;39.53,117.02;39.94,116.91;
#259:
>0:39.18,117.52;39.17,118.37;39.35,118.53;39.68,118.93;39.53,121.19;
#260:
>0:39.26,118.61;39.41,118.74;39.56,119.75;39.74,119.2;40.01,119.24;
#261:
>0:40.13,116.83;40.14,116.39;
#262:
>0:40.05,118.63;39.91,117.62;39.65,117.26;
#263:
>0:39.92,116.28;39.62,116.37;39.36,117.61;39.23,117.81;39.01,118.49;
#264:
>0:39.96,116.43;39.94,117.72;39.83,118.78;39.36,119.38;39.1,119.61;
#265:
>0:40.01,116.75;40.06,116.41;
#266:
>0:39.48,118.75;39.39,118.96;
#267:
>0:39.31,117.18;39.71,118.38;39.43,119.69;39.14,119.96;39.06,121.1;
#268:
>0:40.13,117.12;40.05,116.58;
#269:
>0:39.92,116.29;39.69,116.4;39.37,117.69;39.09,117.71;38.88,118.79;
#270:
>0:39.81,116.55;39.7,116.39;39.43,117.24;39.47,118.48;39.6,120.07;
#271:
>0:39.22,121.04;39.42,120.69;
#272:
>0:39.04,119.34;39.26,119.3;39.49,118.54;39.63,118.69;39.94,117.47;40.01,116.56;
#273:
>0:40.0,117.32;39.81,116.63;39.61,116.74;39.42,117.56;39.13,117.07;38.98,118.59;
#274:
>0:39.73,119.9;39.44,120.43;
#275:
>0:38.88,116.29;39.09,117.09;39.13,118.77;39.63,117.3;
#276:
>0:39.51,118.66;39.67,119.32;39.83,120.28;39.77,120.89;
#277:
>0:39.85,116.18;39.73,116.38;39.43,117.53;39.23,116.13;
#278:
>0:38.89,117.32;38.88,118.9;
#279:
>0:39.46,116.68;39.38,117.18;
#280:
>0:39.87,119.44;40.02,120.39;
#281:
>0:39.59,116.14;39.85,117.51;39.99,118.7;
#282:
>0:40.27,117.02;40.11,116.49;
#283:
>0:40.3,116.88;40.16,117.03;
#284:
>0:40.15,117.18;39.76,116.27;39.65,117.03;39.44,117.21;39.12,117.11;39.06,118.01;
#285:
>0:39.19,116.15;39.13,117.7;39.25,118.38;39.24,118.93;38.91,120.55;39.48,121.21;
#286:
>0:39.94,116.8;39.56,116.77;39.46,118.11;
#287:
>0:39.99,121.6;39.84,120.38;39.57,119.53;39.51,118.72;39.26,117.75;38.93,116.35;
