#0:
>0:39.35,117.15;39.43,118.8;39.45,119.71;
#1:
>0:39.93,116.89;39.55,117.04;39.35,116.75;39.21,116.47;38.89,118.66;
#2:
>0:39.13,120.57;39.43,120.94;39.55,120.73;39.77,119.76;40.1,120.95;
#3:
>0:39.02,119.37;39.23,119.63;39.32,119.27;39.51,118.05;39.67,117.68;40.17,119.57;
#4:
>0:39.53,116.21;40.05,116.68;
#5:
>0:39.73,117.45;39.65,116.37;39.33,116.77;38.98,118.06;
#6:
>0:39.44,116.85;39.09,116.9;38.99,117.96;
#7:
>0:39.41,116.88;39.58,116.57;
#8:
>0:39.62,116.42;39.86,117.19;39.98,118.77;
#9:
>0:38.88,118.91;39.24,118.29;39.49,118.83;39.35,119.74;39.84,120.46;
#10:
>0:39.66,119.24;39.6,118.13;39.67,117.16;
#11:
>0:39.43,120.4;39.13,119.14;
#12:
>0:40.14,117.87;40.17,118.39;
#13:
>0:39.09,120.5;38.97,119.99;39.08,119.54;39.11,118.61;38.96,116.95;
#14:
>0:39.4,117.56;39.47,117.33;
#15:
>0:40.14,119.69;39.78,118.79;39.65,117.68;39.56,116.8;
#16:
>0:39.11,119.94;39.48,120.72;
#17:
>0:39.88,120.45;39.58,119.53;39.45,119.0;
#18:
>0:40.04,116.9;40.02,117.04;39.91,117.06;39.96,118.41;39.87,119.67;39.71,121.07;
#19:
>0:40.12,121.45;40.04,120.39;40.09,119.42;40.14,118.84;40.11,117.48;
#20:
>0:39.29,118.5;39.08,118.59;38.94,120.73;
#21:
>0:39.37,117.61;39.41,118.53;39.39,119.8;
#22:
>0:39.78,120.29;40.14,119.0;40.13,118.59;
#23:
>0:39.34,118.89;39.63,117.36;39.9,116.88;40.07,117.64;
#24:
>0:40.02,118.11;39.86,119.06;
#25:
>0:39.3,117.95;39.48,117.19;
#26:
>0:39.73,119.6;39.74,119.97;40.1,121.19;
#27:
>0:38.88,121.38;38.91,120.42;39.0,119.71;39.13,119.1;39.35,118.74;39.7,116.71;
#28:
>0:39.72,118.76;39.47,117.31;39.48,116.33;
#29:
>0:39.2,116.82;39.1,117.07;39.11,118.12;38.92,118.67;38.98,119.54;39.22,120.92;
#30:
>0:38.92,117.86;39.22,116.41;39.23,117.72;39.37,117.11;39.54,118.07;40.1,119.36;
#31:
>0:38.88,116.64;39.29,116.41;39.09,117.09;39.21,118.11;39.16,120.07;
#32:
>0:40.0,121.66;39.83,120.57;40.1,119.28;39.95,118.59;39.78,117.07;40.08,116.67;
#33:
>0:39.14,117.16;39.37,117.64;39.52,118.87;39.8,120.09;
#34:
>0:40.12,118.01;40.15,117.26;
#35:
>0:40.08,117.21;39.61,116.68;39.49,116.76;39.29,117.44;
#36:
>0:39.07,116.18;39.09,116.65;39.24,117.46;39.28,117.98;39.2,119.98;
#37:
>0:39.15,117.31;39.5,117.96;39.57,118.16;39.63,119.18;39.95,121.56;
#38:
>0:39.48,119.39;39.59,120.5;39.8,120.17;
#39:
>0:40.05,116.53;39.92,116.9;39.67,116.5;39.5,116.95;39.14,117.81;38.96,118.24;
#40:
>0:39.23,119.83;39.05,120.55;38.96,119.82;39.13,118.24;39.26,116.99;
#41:
>0:39.16,120.89;39.42,120.16;39.16,118.96;39.43,119.6;39.57,117.79;
#42:
>0:39.69,117.39;39.42,118.56;39.35,119.71;
#43:
>0:40.07,120.74;39.77,119.66;
#44:
>0:39.03,121.43;38.94,120.65;39.11,120.45;39.48,121.51;39.95,120.63;
#45:
>0:39.34,120.14;39.21,119.75;
#46:
>0:39.52,117.25;39.61,116.16;39.42,116.73;38.89,118.48;
#47:
>0:39.1,116.13;39.28,117.44;
#48:
>0:38.94,120.66;39.09,119.76;39.46,118.71;39.59,117.08;40.11,117.1;40.16,117.7;
#49:
>0:40.15,116.97;40.12,116.51;
#50:
>0:39.65,116.87;39.35,116.56;39.74,118.89;
#51:
>0:40.04,120.21;39.89,119.73;
#52:
>0:40.17,119.64;40.07,119.94;39.62,120.12;
#53:
>0:39.8,118.51;39.81,119.58;39.83,119.95;39.38,120.83;
#54:
>0:39.79,120.28;39.7,119.46;
#55:
>0:39.14,120.7;39.43,119.87;
#56:
>0:39.14,120.12;39.43,119.34;39.55,119.4;39.56,117.7;
#57:
>0:40.09,116.87;39.99,116.88;
#58:
>0:40.0,120.03;39.74,119.21;
#59:
>0:40.08,117.8;39.74,117.68;39.68,117.19;
#60:
>0:39.45,121.59;39.26,120.59;38.98,120.06;38.91,119.73;39.1,118.66;38.9,116.94;
#61:
>0:39.88,120.5;39.59,119.25;
#62:
>0:39.61,119.9;39.34,119.59;
#63:
>0:39.54,118.92;39.78,119.88;40.03,120.31;
#64:
>0:40.12,117.2;40.17,116.9;
#65:
>0:40.02,119.36;39.93,118.31;39.56,119.27;39.44,119.01;
#66:
>0:39.68,116.13;39.38,117.76;39.49,118.35;
#67:
>0:40.0,121.08;40.11,120.67;40.16,119.48;40.06,118.69;39.97,117.47;
#68:
>0:39.8,117.83;40.02,118.53;39.99,119.62;
#69:
>0:39.24,120.95;39.52,119.94;39.6,119.18;39.62,118.42;39.94,117.31;
#70:
>0:38.99,121.34;38.92,120.87;
#71:
>0:39.14,119.04;39.33,118.32;
#72:
>0:39.46,117.55;39.26,116.19;39.01,116.6;
#73:
>0:39.79,117.52;39.66,118.32;39.39,119.21;
#74:
>0:39.68,118.17;39.81,117.31;40.02,116.56;
#75:
>0:40.1,116.74;39.97,116.55;
#76:
>0:39.47,121.52;39.12,120.3;
#77:
>0:39.74,117.93;39.69,118.74;39.51,118.52;39.22,118.66;
#78:
>0:38.95,119.75;39.2,118.98;39.42,119.42;39.35,118.24;39.9,116.73;
#79:
>0:39.08,116.13;39.4,116.54;
#80:
>0:39.7,119.55;39.77,120.54;39.77,121.13;
#81:
>0:39.53,118.56;39.79,118.25;39.39,120.4;
#82:
>0:39.47,116.17;39.09,117.06;39.57,118.24;
#83:
>0:40.16,117.24;40.11,116.42;
#84:
>0:40.14,119.75;39.79,118.37;39.69,117.49;39.7,116.49;
#85:
>0:39.55,117.29;39.59,116.58;39.47,116.63;39.0,116.95;
#86:
>0:39.99,116.82;40.04,116.4;
#87:
>0:40.05,116.85;39.83,117.57;39.65,118.02;39.59,119.2;39.32,120.1;38.97,120.15;
#88:
>0:40.05,117.2;40.14,117.18;
#89:
>0:39.29,118.45;39.44,118.3;39.28,119.35;38.93,121.1;
#90:
>0:39.06,120.53;39.12,120.95;39.24,119.87;39.43,121.07;39.8,121.41;
#91:
>0:39.42,119.99;39.19,119.57;39.48,118.65;39.3,117.77;
#92:
>0:39.51,117.31;39.64,118.5;39.74,117.3;
#93:
>0:39.86,118.03;40.14,117.58;40.28,116.32;
#94:
>0:39.7,116.52;40.0,117.32;40.14,116.56;
#95:
>0:40.05,117.18;40.1,116.48;
#96:
>0:40.15,116.7;40.03,117.15;
#97:
>0:39.56,116.8;39.31,117.09;
#98:
>0:39.01,121.6;38.87,120.22;39.18,119.96;39.56,120.89;
#99:
>0:38.98,117.83;39.14,116.54;
#100:
>0:39.6,121.51;39.78,120.09;40.06,119.01;40.07,118.84;40.11,117.65;
#101:
>0:39.16,116.96;39.25,117.45;
#102:
>0:39.14,119.06;39.39,118.02;
#103:
>0:40.13,120.02;39.93,118.91;
#104:
>0:39.5,117.24;39.2,118.34;38.92,119.31;
#105:
>0:39.87,117.49;39.96,117.0;39.82,117.78;40.16,118.16;39.81,119.48;39.72,121.14;
#106:
>0:39.98,117.19;40.11,116.7;
#107:
>0:39.15,117.84;39.36,117.46;39.59,118.21;39.83,120.66;
#108:
>0:39.39,116.42;39.09,117.94;39.49,117.23;39.66,118.05;39.88,119.61;39.68,121.18;
#109:
>0:39.74,117.49;39.52,118.44;39.32,118.7;39.29,118.26;
#110:
>0:40.17,117.02;40.05,116.51;
#111:
>0:39.93,120.36;39.62,119.24;39.36,118.14;39.42,117.15;
#112:
>0:40.04,121.08;39.83,119.83;39.52,118.99;39.35,118.33;39.21,117.74;38.95,116.39;
#113:
>0:40.12,121.5;39.86,119.87;39.52,119.32;39.38,118.74;39.11,117.67;39.01,116.36;
#114:
>0:39.24,121.09;39.16,119.91;39.03,120.45;38.95,119.59;39.18,118.89;38.9,116.54;
#115:
>0:39.91,121.03;39.91,120.67;39.89,119.58;
#116:
>0:40.08,116.59;40.16,117.0;
#117:
>0:39.19,121.22;39.5,119.85;39.53,119.36;39.68,118.4;39.76,117.51;
#118:
>0:40.12,117.67;39.86,117.48;39.67,117.13;
#119:
>0:40.07,120.19;39.74,119.65;
#120:
>0:39.16,117.49;39.3,117.98;39.51,118.27;39.27,119.24;38.87,120.83;
#121:
>0:39.55,120.72;39.72,119.34;39.54,118.11;39.69,117.17;
#122:
>0:39.24,117.59;39.31,117.81;39.71,118.67;39.9,120.04;
#123:
>0:39.48,117.8;39.12,118.3;
#124:
>0:39.81,119.41;39.81,118.15;
#125:
>0:39.05,120.11;39.25,120.95;39.35,121.26;
#126:
>0:39.17,116.75;39.29,117.95;39.19,118.49;39.02,118.32;38.92,119.73;39.14,121.45;
#127:
>0:40.15,116.75;39.97,117.61;
#128:
>0:39.0,120.4;39.26,120.81;39.23,120.22;39.56,121.11;
#129:
>0:39.32,116.81;39.14,117.5;39.09,118.12;39.01,119.69;
#130:
>0:39.14,120.41;39.5,119.85;39.61,120.14;
#131:
>0:39.53,121.05;39.33,120.57;39.22,119.85;38.89,120.15;
#132:
>0:39.84,120.34;39.67,121.14;39.48,121.5;
#133:
>0:40.0,117.13;39.74,117.51;39.68,117.97;
#134:
>0:40.1,116.41;40.08,116.42;
#135:
>0:40.16,119.14;39.98,118.08;39.61,120.51;
#136:
>0:39.2,120.98;39.34,120.06;39.21,119.51;39.46,118.94;39.37,118.68;39.66,116.46;
#137:
>0:39.16,116.3;39.35,116.69;
#138:
>0:39.21,116.35;39.13,117.83;39.5,117.16;39.9,119.4;
#139:
>0:39.76,118.45;39.72,118.43;
#140:
>0:40.1,116.99;40.16,117.13;40.11,117.35;40.01,118.3;39.86,119.06;39.63,121.36;
#141:
>0:39.11,117.4;39.31,117.92;39.67,118.92;
#142:
>0:40.15,116.72;39.79,117.71;40.06,118.21;39.84,118.15;39.76,119.69;39.99,121.01;
#143:
>0:39.51,121.24;39.23,120.23;38.97,120.54;38.92,119.14;39.14,118.71;39.04,116.55;
#144:
>0:39.34,119.35;39.28,120.33;38.88,120.96;
#145:
>0:39.51,120.89;39.18,120.11;38.93,120.43;38.88,119.04;39.19,118.49;38.93,116.83;
#146:
>0:38.87,120.28;39.03,118.91;39.46,119.51;
#147:
>0:39.7,116.86;39.3,117.04;39.57,117.75;39.84,118.63;40.04,120.67;
#148:
>0:39.86,120.7;39.69,119.82;39.35,118.8;39.19,117.1;39.42,116.34;
#149:
>0:39.11,116.22;39.47,116.41;39.37,117.96;39.93,118.61;
#150:
>0:39.0,119.98;38.97,121.57;
#151:
>0:38.94,118.59;39.25,118.79;39.51,118.67;39.66,118.38;39.83,119.17;
#152:
>0:39.53,121.09;39.88,120.13;39.99,120.23;
#153:
>0:40.08,116.73;39.53,117.17;39.52,118.38;
#154:
>0:39.63,117.04;39.41,116.31;39.61,117.29;39.76,118.64;40.04,120.22;
#155:
>0:39.57,118.08;39.85,118.16;39.56,119.5;40.16,121.12;
#156:
>0:40.26,116.93;39.83,117.97;39.97,117.99;39.92,118.01;39.69,120.36;
#157:
>0:39.4,117.41;39.66,118.1;39.85,119.14;
#158:
>0:39.59,120.36;39.43,119.43;39.28,118.21;39.23,117.61;39.29,117.03;
#159:
>0:39.77,119.83;39.65,119.06;39.39,118.53;39.59,117.19;39.37,116.31;
#160:
>0:39.89,120.01;39.68,121.48;39.42,121.19;
#161:
>0:39.22,117.54;39.36,117.44;39.66,118.77;39.74,120.47;
#162:
>0:39.65,119.8;39.36,118.06;39.11,118.92;39.04,121.23;
#163:
>0:39.59,118.93;39.91,120.54;40.09,121.05;
#164:
>0:40.15,117.6;39.88,117.49;39.59,117.96;
#165:
>0:39.67,119.14;39.58,120.04;39.65,120.95;
#166:
>0:39.73,119.82;39.91,119.87;39.96,120.66;
#167:
>0:39.48,121.4;39.14,121.41;38.92,121.34;
#168:
>0:40.1,121.3;39.78,121.6;39.55,121.59;39.43,120.8;
#169:
>0:39.83,118.51;39.71,117.49;39.6,116.13;39.44,116.96;38.93,116.97;
#170:
>0:40.1,119.35;39.83,118.75;39.6,117.24;39.73,116.82;
#171:
>0:39.44,117.77;39.28,117.77;
#172:
>0:39.19,117.26;39.51,117.11;39.66,118.89;39.83,120.1;
#173:
>0:38.94,120.89;39.03,120.01;38.98,119.77;39.26,118.88;39.3,118.34;39.61,116.94;
#174:
>0:39.01,116.15;39.26,116.29;39.34,116.68;39.66,117.95;39.85,117.68;
#175:
>0:39.98,116.78;40.1,116.96;
#176:
>0:39.19,120.05;39.5,120.61;
#177:
>0:40.12,119.64;40.1,118.53;39.94,118.37;39.31,118.17;
#178:
>0:40.02,116.86;40.14,116.63;
#179:
>0:39.67,117.03;39.32,116.14;39.57,117.48;39.74,118.62;40.08,120.44;
#180:
>0:39.05,121.11;39.05,119.87;39.1,119.87;39.56,121.57;
#181:
>0:39.91,118.77;39.57,119.55;39.32,118.45;39.09,118.72;
#182:
>0:39.67,116.7;39.3,116.98;39.19,116.84;38.91,117.11;
#183:
>0:39.72,118.87;39.9,117.37;39.94,116.73;
#184:
>0:39.37,117.06;39.68,118.34;39.87,117.49;
#185:
>0:39.98,117.75;39.89,117.19;39.73,117.32;
#186:
>0:39.18,119.21;38.9,120.3;
#187:
>0:39.92,117.93;40.14,118.45;39.83,118.43;40.01,119.56;40.0,121.12;
#188:
>0:39.51,118.99;39.69,118.7;
#189:
>0:39.42,116.22;39.13,117.33;39.01,118.87;39.03,118.98;39.21,119.99;
#190:
>0:40.16,116.69;40.06,117.0;
#191:
>0:40.06,116.65;39.96,117.0;
#192:
>0:40.16,119.56;39.85,120.35;
#193:
>0:39.42,121.29;39.22,119.83;38.9,120.65;38.93,119.79;39.19,117.33;
#194:
>0:38.95,118.08;39.25,117.98;39.09,117.27;39.47,117.76;39.87,119.8;
#195:
>0:40.34,116.86;40.01,117.22;
#196:
>0:38.93,116.23;39.28,116.76;39.09,117.17;39.16,118.23;39.18,120.01;
#197:
>0:40.16,118.83;39.92,118.23;39.64,119.63;39.67,121.57;
#198:
>0:39.54,119.04;39.47,119.24;39.19,119.65;
#199:
>0:39.59,117.95;39.89,118.17;39.87,119.5;40.08,120.42;
#200:
>0:40.0,116.62;40.07,116.3;
#201:
>0:39.18,121.04;39.47,119.83;39.22,119.47;39.48,119.06;39.32,118.35;39.52,116.81;
#202:
>0:39.21,120.28;39.52,118.99;39.69,118.13;39.77,117.63;39.97,117.57;
#203:
>0:39.69,119.45;39.79,120.16;40.0,120.21;
#204:
>0:39.15,117.68;39.43,117.32;39.69,118.59;39.53,119.03;40.12,121.37;
#205:
>0:39.48,117.92;39.65,118.71;39.78,118.61;
#206:
>0:39.61,117.21;39.43,118.59;39.25,119.15;39.11,120.3;39.13,121.5;
#207:
>0:38.97,116.74;39.17,117.01;39.19,117.91;39.26,118.33;39.24,120.03;
#208:
>0:39.31,121.34;39.2,120.62;39.02,120.61;38.9,119.0;39.29,117.87;
#209:
>0:38.97,119.36;39.13,118.37;39.31,118.42;39.68,116.14;
#210:
>0:39.31,119.19;39.09,118.47;38.95,118.25;
#211:
>0:39.42,119.96;39.17,119.56;39.55,118.46;
#212:
>0:38.98,118.21;39.15,118.03;39.22,119.64;39.59,119.11;
#213:
>0:39.64,118.11;39.71,119.82;39.22,118.96;
#214:
>0:39.6,119.78;39.87,120.15;39.98,118.59;
#215:
>0:39.12,121.25;39.43,120.66;39.15,119.27;39.45,119.33;39.71,117.83;
#216:
>0:38.94,121.52;39.28,121.1;
#217:
>0:39.48,116.8;39.29,117.41;39.16,118.9;39.36,119.51;
#218:
>0:39.25,117.0;39.29,117.75;39.36,117.07;39.63,118.47;40.11,118.95;
#219:
>0:39.29,117.74;39.41,117.8;39.58,118.7;39.59,120.22;
#220:
>0:38.89,118.65;38.89,118.97;39.14,118.64;39.32,118.28;39.83,118.95;
#221:
>0:39.7,117.11;39.67,116.21;39.38,116.76;38.93,117.7;
#222:
>0:38.93,119.25;39.26,118.07;39.18,117.6;39.58,118.21;
#223:
>0:39.05,120.16;39.25,120.98;39.13,120.33;39.33,120.83;39.73,121.1;40.14,119.8;
#224:
>0:40.14,116.98;40.12,116.69;
#225:
>0:39.99,120.99;40.16,121.45;
#226:
>0:38.99,120.41;39.23,121.64;39.46,120.87;
#227:
>0:39.19,116.21;39.09,117.83;39.32,117.16;39.59,118.0;39.46,120.15;
#228:
>0:39.39,121.5;39.47,121.47;
#229:
>0:39.42,117.09;39.35,116.69;39.91,116.77;
#230:
>0:40.08,116.72;40.3,116.21;
#231:
>0:39.59,117.72;39.59,116.63;39.48,116.28;39.04,118.14;
#232:
>0:40.1,116.71;40.02,116.77;
#233:
>0:39.19,117.38;39.43,117.82;39.52,119.26;
#234:
>0:40.04,119.75;39.82,118.46;39.58,117.63;39.56,116.36;
#235:
>0:40.16,119.62;40.07,120.17;39.63,120.21;
#236:
>0:39.7,119.76;39.74,120.01;40.07,120.91;
#237:
>0:39.48,121.18;39.1,120.59;38.9,120.47;38.92,119.62;39.29,117.36;
#238:
>0:39.6,119.07;39.81,120.3;40.12,120.29;
#239:
>0:39.33,117.27;39.52,118.88;39.85,118.46;
#240:
>0:39.01,119.99;39.22,121.53;39.47,120.84;
#241:
>0:40.03,117.84;39.99,118.77;
#242:
>0:39.09,119.3;39.29,120.29;39.46,121.33;39.74,121.47;
#243:
>0:39.84,117.08;40.0,118.06;39.9,118.69;39.6,120.72;
#244:
>0:39.44,117.51;39.65,118.63;39.9,119.22;
#245:
>0:39.5,118.83;39.56,117.77;39.51,116.5;
#246:
>0:39.07,121.34;38.92,120.0;39.12,120.12;39.57,121.53;
#247:
>0:39.7,118.11;39.55,118.92;
#248:
>0:39.19,118.22;39.22,117.71;39.5,117.03;
#249:
>0:39.98,116.76;40.02,116.64;
#250:
>0:39.89,121.04;39.55,120.25;39.32,119.22;39.1,119.24;
#251:
>0:39.33,117.75;39.29,118.79;38.89,119.48;
#252:
>0:40.06,116.31;40.04,116.69;
#253:
>0:39.44,116.98;39.12,117.49;39.35,117.24;39.59,118.61;39.52,119.8;39.52,121.4;
#254:
>0:39.96,116.77;40.11,116.77;
#255:
>0:39.05,117.62;39.25,118.37;39.36,118.17;39.47,119.67;39.95,120.67;
#256:
>0:39.71,118.31;39.34,119.39;39.27,118.83;39.07,119.07;
#257:
>0:39.32,119.98;39.14,119.22;39.31,118.35;39.73,117.08;39.46,116.51;
#258:
>0:39.11,117.31;39.41,117.29;39.63,118.69;39.66,120.63;
#259:
>0:40.03,116.57;40.11,116.46;39.75,117.29;40.1,118.64;39.83,119.95;
#260:
>0:39.56,117.31;39.48,118.2;39.18,119.54;
#261:
>0:40.01,117.1;40.16,116.4;
#262:
>0:39.11,121.57;39.42,120.19;39.2,119.37;39.37,118.27;39.67,117.69;39.57,116.99;
#263:
>0:39.09,121.31;39.45,120.43;39.16,119.72;39.4,119.64;39.6,117.2;
#264:
>0:39.12,117.23;39.38,116.76;
#265:
>0:39.42,116.31;39.69,117.19;39.78,118.27;39.8,119.5;39.62,120.17;39.55,121.31;
#266:
>0:40.17,117.21;39.91,117.72;39.56,117.11;
#267:
>0:39.25,119.84;39.03,120.2;39.05,119.54;39.17,118.69;39.09,116.37;
#268:
>0:39.32,116.25;39.69,117.55;39.73,118.69;40.08,119.38;40.15,120.56;39.69,121.41;
#269:
>0:39.02,121.54;38.91,121.36;
#270:
>0:39.68,117.75;39.69,116.53;39.3,116.73;39.02,117.33;
#271:
>0:39.01,117.04;39.22,116.41;39.33,116.63;39.59,117.35;39.98,116.72;
#272:
>0:39.49,119.81;39.64,119.07;39.31,118.87;38.94,117.02;
#273:
>0:39.97,119.85;39.85,119.08;39.87,118.12;39.62,119.43;39.36,118.46;38.99,118.26;
#274:
>0:39.53,120.11;39.72,119.76;39.55,118.54;
#275:
>0:39.99,119.72;39.98,120.57;39.6,120.05;
#276:
>0:39.63,118.21;39.94,118.66;40.02,119.36;
#277:
>0:39.03,121.65;38.96,120.18;38.94,119.42;39.1,119.34;39.5,118.48;39.96,116.5;
#278:
>0:40.15,116.82;40.13,116.45;
#279:
>0:40.0,117.05;39.97,117.66;39.78,118.0;
#280:
>0:40.04,121.18;39.76,120.07;39.72,120.44;
#281:
>0:38.88,120.62;39.06,119.0;39.15,118.3;39.66,118.75;
#282:
>0:39.5,119.41;39.23,118.66;39.11,117.15;39.17,116.8;
#283:
>0:40.1,119.64;39.78,118.79;39.69,119.08;39.5,118.22;39.42,119.16;38.87,118.16;
#284:
>0:40.04,116.39;40.07,116.51;
#285:
>0:39.46,116.26;39.18,117.44;39.19,118.89;39.31,118.77;39.28,119.13;39.23,121.45;
#286:
>0:39.58,119.8;39.61,118.09;39.93,117.76;
#287:
>0:38.95,116.92;39.27,116.86;39.51,116.56;39.58,117.12;39.69,116.44;40.11,116.62;
