#0:
>0:39.4,119.18;39.27,120.25;
#1:
>0:39.77,121.45;39.7,121.2;39.33,120.98;39.24,120.8;
#2:
>0:39.82,119.69;40.13,118.75;40.12,117.36;39.95,116.34;
#3:
>0:40.16,116.78;40.04,116.36;
#4:
>0:38.9,117.1;39.23,118.64;39.31,116.5;
#5:
>0:40.12,116.66;39.76,116.64;
#6:
>0:39.07,121.29;39.17,121.33;39.33,121.64;39.5,120.18;39.75,119.03;
#7:
>0:39.66,116.35;39.68,117.38;39.38,117.21;38.96,118.93;
#8:
>0:40.05,116.62;40.07,116.5;
#9:
>0:40.17,116.32;40.15,116.52;
#10:
>0:40.21,116.37;40.09,116.6;
#11:
>0:40.13,117.18;39.97,118.41;39.93,118.41;39.77,118.98;39.94,121.3;
#12:
>0:39.99,117.35;40.02,116.68;
#13:
>0:39.89,120.01;39.56,121.61;39.45,121.61;
#14:
>0:39.81,119.95;39.63,121.02;39.45,119.92;39.29,119.33;39.01,120.28;
#15:
>0:40.05,116.91;40.15,117.15;40.01,116.86;
#16:
>0:39.73,117.44;39.74,118.11;40.17,119.05;39.79,119.39;40.01,120.78;
#17:
>0:39.42,119.87;39.71,120.17;
#18:
>0:39.56,117.96;39.41,117.81;39.28,118.01;39.37,119.66;39.46,121.1;
#19:
>0:40.16,116.95;40.12,116.7;
#20:
>0:39.64,118.22;39.67,118.14;
#21:
>0:39.79,118.91;39.55,120.08;39.47,119.15;39.21,118.33;38.97,119.89;
#22:
>0:40.12,116.31;40.07,117.59;40.15,118.61;39.79,118.69;40.16,119.9;
#23:
>0:39.61,119.54;39.69,119.91;39.46,118.91;39.05,119.07;
#24:
>0:40.04,116.19;40.16,116.61;
#25:
>0:39.95,118.79;39.91,119.78;39.56,120.06;39.51,119.45;38.88,119.81;
#26:
>0:39.33,121.66;39.15,120.17;39.03,119.68;38.93,118.88;
#27:
>0:39.47,118.34;39.25,117.27;39.14,116.16;
#28:
>0:40.05,116.72;40.11,116.91;
#29:
>0:40.13,117.67;39.99,118.32;39.81,118.67;39.53,117.62;39.26,117.54;
#30:
>0:40.11,117.41;40.14,118.46;39.91,119.57;
#31:
>0:39.16,120.42;39.2,120.96;39.42,120.37;39.56,120.59;39.97,118.64;
#32:
>0:39.93,118.75;39.63,117.67;39.36,116.64;
#33:
>0:38.97,118.22;39.19,119.74;39.22,120.46;39.68,119.59;
#34:
>0:39.22,120.63;39.38,120.68;39.55,119.4;39.42,118.66;39.44,116.62;
#35:
>0:39.55,118.02;39.85,119.0;40.05,120.74;40.09,121.61;
#36:
>0:40.14,116.41;40.04,116.4;
#37:
>0:40.14,116.58;40.04,116.35;
#38:
>0:40.05,116.9;40.07,116.69;
#39:
>0:39.22,118.69;39.09,119.72;39.69,119.83;
#40:
>0:40.21,116.7;40.03,116.71;
#41:
>0:39.17,118.29;39.04,118.74;
#42:
>0:40.1,119.63;39.94,118.47;39.56,117.65;39.39,117.62;39.14,117.19;
#43:
>0:39.11,120.23;39.39,121.54;
#44:
>0:39.33,119.65;39.54,119.02;
#45:
>0:40.16,116.88;40.08,117.12;
#46:
>0:40.11,120.31;39.75,120.59;39.59,119.37;39.51,118.33;39.39,117.79;38.95,117.31;
#47:
>0:39.72,118.47;39.61,118.53;
#48:
>0:39.76,119.48;40.05,118.49;39.96,117.39;40.08,117.28;
#49:
>0:39.81,120.65;39.56,119.73;39.66,120.05;39.3,119.63;38.93,117.94;
#50:
>0:39.38,116.17;39.3,117.17;39.24,117.33;39.44,119.12;
#51:
>0:39.47,119.6;39.59,119.77;
#52:
>0:39.07,119.46;39.22,118.63;39.31,119.25;39.63,120.41;39.74,121.25;40.11,120.9;
#53:
>0:39.53,119.28;39.95,119.41;40.08,118.93;
#54:
>0:39.19,117.93;39.22,118.61;39.26,119.36;39.17,119.91;
#55:
>0:39.05,121.27;38.97,121.4;
#56:
>0:39.56,118.03;39.71,118.26;
#57:
>0:40.16,116.74;39.95,116.81;
#58:
>0:39.78,119.44;39.54,120.0;39.46,119.44;39.22,119.72;
#59:
>0:39.88,121.14;39.62,121.57;39.41,121.17;39.26,121.37;
#60:
>0:40.06,118.19;39.77,118.01;
#61:
>0:39.41,117.64;39.17,117.88;39.28,119.82;
#62:
>0:39.99,120.04;39.9,119.77;40.01,118.85;40.17,117.88;39.72,116.72;
#63:
>0:39.19,116.23;39.45,117.73;39.23,117.12;39.23,118.47;39.11,120.12;
#64:
>0:40.04,116.29;40.25,116.74;
#65:
>0:39.37,117.02;39.62,116.16;
#66:
>0:39.91,116.84;39.66,117.85;39.41,117.72;39.18,118.83;39.46,120.71;
#67:
>0:39.29,118.35;39.13,117.65;39.26,116.54;
#68:
>0:39.89,119.15;39.72,120.57;39.54,121.3;
#69:
>0:40.06,116.38;40.04,116.42;
#70:
>0:40.05,116.9;40.01,116.15;
#71:
>0:38.91,119.25;39.21,118.24;39.48,117.4;39.7,117.81;39.91,116.63;
#72:
>0:40.05,116.17;40.13,117.84;39.94,118.22;
#73:
>0:39.44,117.31;39.54,118.43;
#74:
>0:39.3,119.77;39.15,120.61;
#75:
>0:40.03,116.15;39.99,116.97;
#76:
>0:40.16,120.29;39.85,120.4;39.61,119.48;39.67,120.46;39.44,119.48;38.9,117.39;
#77:
>0:39.96,116.76;39.95,116.53;
#78:
>0:39.03,117.67;39.27,118.64;39.41,119.07;39.47,120.05;39.66,119.19;40.15,118.52;
#79:
>0:40.16,116.59;40.02,116.96;
#80:
>0:40.23,116.93;40.15,116.63;
#81:
>0:39.83,119.62;40.06,118.76;39.99,117.36;40.13,116.28;
#82:
>0:38.91,118.72;39.02,119.37;39.08,118.49;39.55,117.77;
#83:
>0:39.02,121.28;38.94,119.98;39.06,119.43;39.09,117.99;39.66,117.62;
#84:
>0:40.13,116.88;40.31,117.03;
#85:
>0:40.16,116.2;39.78,116.2;
#86:
>0:40.0,116.85;40.11,116.59;
#87:
>0:39.04,120.78;39.2,120.45;39.49,119.26;
#88:
>0:40.05,116.23;39.99,117.55;40.12,116.96;
#89:
>0:40.11,116.41;40.18,116.59;
#90:
>0:39.99,116.83;40.03,116.22;
#91:
>0:39.99,116.83;40.15,116.4;
#92:
>0:39.07,118.99;39.09,118.48;39.5,117.41;39.69,117.09;39.77,116.68;
#93:
>0:39.99,116.4;40.03,116.35;
#94:
>0:39.22,116.54;39.36,117.2;39.24,118.3;39.24,119.64;39.28,120.45;39.35,121.52;
#95:
>0:40.0,116.45;40.01,116.66;
#96:
>0:40.17,116.2;40.01,117.04;
#97:
>0:39.94,120.67;39.62,119.2;39.55,120.64;39.44,119.14;39.02,119.0;
#98:
>0:40.1,116.84;40.03,116.65;
#99:
>0:40.11,116.29;40.01,116.69;
#100:
>0:39.94,120.63;39.93,120.61;
#101:
>0:39.26,117.08;39.5,116.56;39.64,116.22;
#102:
>0:40.1,116.27;40.15,117.62;40.04,116.72;
#103:
>0:39.57,118.05;39.7,119.38;
#104:
>0:40.06,116.42;40.16,116.5;
#105:
>0:39.97,116.76;39.98,116.34;
#106:
>0:39.75,117.47;39.98,117.19;40.14,118.79;40.14,120.56;
#107:
>0:39.88,118.82;39.6,117.13;39.45,117.05;
#108:
>0:40.13,116.62;40.07,116.39;
#109:
>0:39.15,118.97;39.3,118.59;39.12,117.18;39.17,116.37;
#110:
>0:40.05,116.85;39.97,116.27;
#111:
>0:39.58,117.92;39.38,117.45;39.09,118.76;39.31,119.45;39.47,121.38;
#112:
>0:39.75,116.21;39.67,117.33;39.44,117.77;39.31,116.4;38.92,118.58;
#113:
>0:40.06,116.72;40.13,116.22;
#114:
>0:39.65,116.8;39.58,117.16;39.43,117.83;38.99,119.19;
#115:
>0:38.94,120.9;39.29,120.29;39.49,121.42;39.33,120.12;39.69,120.14;40.12,118.48;
#116:
>0:39.57,117.02;39.72,117.77;39.38,117.89;38.93,118.92;
#117:
>0:39.21,117.31;39.08,118.66;39.36,119.26;39.71,119.97;40.05,119.99;
#118:
>0:39.84,119.97;39.67,119.62;39.37,118.82;39.36,117.31;39.51,116.7;
#119:
>0:40.07,116.81;40.04,116.76;
#120:
>0:40.11,116.29;40.08,116.75;
#121:
>0:40.03,119.53;40.13,117.99;39.89,117.61;
#122:
>0:39.8,119.47;40.0,118.82;39.68,117.06;
#123:
>0:39.04,117.69;39.27,118.35;39.1,119.24;39.49,120.63;
#124:
>0:40.03,121.61;39.96,119.98;39.58,119.8;
#125:
>0:40.16,116.4;40.16,116.25;
#126:
>0:39.99,116.5;40.0,116.18;
#127:
>0:38.89,118.21;38.96,119.76;39.19,118.72;39.32,117.57;39.76,117.81;
#128:
>0:39.64,118.57;39.79,117.05;39.66,116.4;
#129:
>0:38.96,120.22;38.98,119.41;39.19,118.15;39.18,117.37;39.22,116.31;
#130:
>0:39.06,118.11;39.28,119.13;39.47,120.2;
#131:
>0:40.0,116.65;40.23,116.95;
#132:
>0:39.84,119.19;40.01,118.11;40.06,117.41;40.06,116.41;
#133:
>0:38.94,121.1;39.06,120.97;
#134:
>0:39.68,119.64;39.49,118.21;39.1,118.16;
#135:
>0:39.18,120.54;39.0,119.06;39.1,118.28;39.35,117.2;
#136:
>0:40.14,116.17;40.07,116.97;
#137:
>0:39.32,116.47;39.27,116.94;38.96,116.62;
#138:
>0:40.12,116.59;40.04,116.91;
#139:
>0:39.52,120.99;39.48,120.2;39.65,119.83;39.2,118.12;
#140:
>0:39.91,117.49;39.55,118.67;39.52,118.35;39.15,118.74;
#141:
>0:40.16,117.47;40.12,116.9;
#142:
>0:39.91,118.06;39.88,119.1;39.53,120.24;39.33,119.43;38.87,119.7;
#143:
>0:40.03,116.92;40.09,116.76;
#144:
>0:39.57,117.07;39.49,117.53;39.24,118.52;39.49,119.58;39.5,121.51;
#145:
>0:40.06,116.43;40.05,116.83;
#146:
>0:39.99,121.46;40.16,120.17;39.84,120.25;39.52,118.15;
#147:
>0:39.93,120.17;40.04,119.26;39.92,118.46;39.3,117.28;
#148:
>0:40.15,116.25;40.08,116.8;
#149:
>0:39.95,117.57;39.62,118.7;39.39,118.1;39.2,118.69;
#150:
>0:39.08,116.28;39.35,117.71;39.29,117.89;39.23,118.8;39.23,120.2;
#151:
>0:38.87,117.23;39.11,116.26;39.41,116.73;39.55,116.54;
#152:
>0:39.51,117.36;39.28,118.78;39.41,119.13;39.45,120.29;39.81,120.91;
#153:
>0:39.49,117.99;39.52,117.47;39.83,117.69;40.01,116.14;
#154:
>0:40.16,116.69;40.08,116.61;
#155:
>0:39.97,116.74;40.03,116.51;
#156:
>0:39.26,117.11;39.16,118.65;39.37,119.45;39.55,120.67;40.02,119.87;
#157:
>0:39.93,117.11;39.55,118.67;
#158:
>0:39.51,117.1;39.63,117.96;39.95,117.36;
#159:
>0:40.0,116.93;39.84,116.64;
#160:
>0:40.01,119.87;39.75,120.6;39.71,121.46;
#161:
>0:39.33,120.74;39.58,120.76;
#162:
>0:39.28,120.85;39.08,120.2;38.87,119.37;
#163:
>0:40.08,116.31;39.99,116.77;
#164:
>0:39.47,121.32;39.29,120.12;39.23,119.54;
#165:
>0:39.66,116.76;39.68,117.63;39.36,117.13;39.1,118.59;39.1,119.23;39.21,120.75;
#166:
>0:40.08,116.87;40.0,116.41;
#167:
>0:39.2,118.76;39.08,118.97;
#168:
>0:39.97,116.24;39.99,116.9;
#169:
>0:40.09,116.88;39.95,116.33;
#170:
>0:39.81,116.51;39.93,116.45;
#171:
>0:38.96,118.02;39.25,119.36;39.39,120.58;
#172:
>0:40.06,116.71;40.0,116.47;
#173:
>0:39.32,116.37;39.21,117.83;
#174:
>0:39.95,118.9;39.58,120.33;39.68,120.92;
#175:
>0:39.32,119.3;39.33,120.37;39.76,121.29;
#176:
>0:40.14,116.44;39.87,116.89;
#177:
>0:40.1,116.19;40.09,116.63;
#178:
>0:39.62,116.95;39.56,117.7;39.35,117.62;38.91,119.71;
#179:
>0:39.46,118.01;39.21,117.97;39.18,116.52;
#180:
>0:39.64,121.0;39.47,120.05;39.71,120.52;39.25,118.58;
#181:
>0:39.59,116.43;39.56,117.07;39.78,118.26;39.92,118.92;39.73,120.31;39.59,121.41;
#182:
>0:40.13,116.49;39.98,116.31;
#183:
>0:40.1,116.9;40.11,116.14;
#184:
>0:38.89,118.69;38.86,119.0;38.87,120.07;38.87,121.62;
#185:
>0:39.76,119.55;40.16,118.27;40.14,117.95;40.09,116.35;
#186:
>0:40.04,116.42;40.02,117.67;40.1,116.24;
#187:
>0:39.39,116.5;39.46,117.3;
#188:
>0:40.05,116.96;40.14,116.91;
#189:
>0:39.89,120.11;39.55,119.15;39.33,117.98;39.5,117.31;39.45,116.39;
#190:
>0:39.71,119.09;39.32,120.22;39.19,120.31;
#191:
>0:39.34,121.01;39.39,120.15;39.73,120.6;40.0,120.62;
#192:
>0:39.59,120.43;39.45,119.82;39.28,118.07;39.28,117.13;39.19,117.0;
#193:
>0:40.16,117.35;39.92,117.48;39.71,117.76;39.47,117.09;39.25,117.95;38.89,117.7;
#194:
>0:39.76,118.57;39.95,118.41;
#195:
>0:40.11,117.04;40.17,116.2;
#196:
>0:38.89,117.46;39.09,118.69;39.31,117.39;39.65,117.73;39.86,117.31;40.12,118.85;
#197:
>0:39.4,117.18;39.65,117.52;39.87,118.41;40.04,117.49;
#198:
>0:40.01,116.81;40.12,116.86;
#199:
>0:40.14,117.43;39.85,117.31;
#200:
>0:39.27,118.65;39.15,119.63;39.41,119.88;
#201:
>0:40.0,116.54;40.16,116.93;
#202:
>0:39.91,118.24;39.59,119.26;39.31,120.1;39.24,119.42;39.04,120.89;
#203:
>0:39.76,117.52;39.99,117.56;39.97,118.22;40.05,120.01;
#204:
>0:39.84,117.67;39.57,118.86;39.33,118.81;39.12,118.11;
#205:
>0:40.15,116.2;40.14,116.66;
#206:
>0:40.01,119.32;39.92,119.0;39.58,120.61;39.44,119.7;39.28,118.72;38.94,120.7;
#207:
>0:39.95,116.18;40.07,116.41;
#208:
>0:39.54,120.47;39.4,119.42;39.14,118.52;39.47,117.35;39.01,116.98;
#209:
>0:40.05,116.98;40.16,116.75;
#210:
>0:39.49,117.27;39.27,118.84;39.32,119.4;39.58,120.08;
#211:
>0:39.65,118.99;39.41,120.22;39.25,120.16;
#212:
>0:40.16,117.01;40.16,116.67;
#213:
>0:39.87,120.15;39.7,119.32;39.45,120.75;
#214:
>0:39.96,116.39;39.95,117.35;39.99,118.1;39.77,118.68;39.99,119.94;
#215:
>0:39.7,119.72;39.71,119.9;39.28,118.04;
#216:
>0:40.02,116.52;40.03,116.97;
#217:
>0:39.19,120.45;39.51,121.59;
#218:
>0:39.75,120.51;39.61,119.02;39.51,118.88;39.33,117.05;38.9,119.01;
#219:
>0:39.69,118.01;39.67,118.76;
#220:
>0:40.04,118.51;39.81,119.35;39.57,120.52;39.48,120.01;39.23,119.99;
#221:
>0:39.13,117.81;39.18,118.46;39.34,119.58;39.57,120.71;40.12,120.24;
#222:
>0:39.98,120.21;39.74,119.64;39.67,120.25;39.32,119.86;
#223:
>0:40.12,116.24;40.17,116.59;
#224:
>0:40.08,121.65;39.97,120.05;39.84,119.09;40.11,118.53;39.86,117.87;
#225:
>0:38.91,120.03;38.95,121.4;
#226:
>0:39.02,120.9;38.88,121.31;
#227:
>0:39.23,117.62;39.42,116.32;39.58,116.82;
#228:
>0:40.04,116.96;39.76,116.86;40.04,116.39;40.07,116.77;
#229:
>0:39.31,117.95;39.7,117.87;39.87,118.17;40.15,117.49;
#230:
>0:40.02,116.75;40.08,117.03;
#231:
>0:38.88,116.23;39.16,116.33;39.48,117.55;39.11,119.72;
#232:
>0:40.16,116.64;40.01,116.68;
#233:
>0:39.15,120.62;39.47,119.78;39.65,118.24;39.82,117.54;40.05,116.5;
#234:
>0:39.55,118.9;39.52,118.5;
#235:
>0:40.16,117.04;39.95,116.7;
#236:
>0:39.07,116.67;39.18,116.14;39.45,117.26;39.3,118.94;
#237:
>0:40.02,116.91;40.05,116.45;
#238:
>0:39.24,120.17;39.36,119.32;39.65,118.55;
#239:
>0:40.01,116.66;40.07,116.25;
#240:
>0:40.24,116.94;40.04,116.75;
#241:
>0:39.05,121.11;38.95,121.42;
#242:
>0:39.89,119.82;40.15,119.28;40.11,118.74;40.15,117.53;39.63,116.17;
#243:
>0:40.03,116.99;40.01,116.36;
#244:
>0:40.04,121.37;39.79,120.66;39.73,119.17;39.44,118.07;39.33,117.52;38.92,118.52;
#245:
>0:39.99,116.79;40.0,116.91;
#246:
>0:39.69,117.09;39.81,118.01;40.13,117.92;
#247:
>0:39.28,121.28;39.44,121.18;39.4,120.36;39.22,119.48;39.34,117.31;
#248:
>0:39.04,118.35;39.21,119.14;
#249:
>0:40.05,116.27;40.1,116.83;
#250:
>0:38.88,120.95;39.16,119.84;39.48,120.86;39.42,120.37;39.6,118.95;39.97,118.9;
#251:
>0:39.71,118.82;39.79,118.92;39.98,120.54;40.09,121.35;
#252:
>0:39.22,120.65;39.31,120.13;39.59,120.27;39.89,119.2;39.95,117.5;
#253:
>0:39.48,117.07;39.37,117.5;
#254:
>0:39.47,121.03;39.65,120.88;39.84,121.61;40.08,121.22;
#255:
>0:39.99,116.72;39.85,116.9;
#256:
>0:39.14,120.26;39.38,121.32;39.48,120.35;39.77,119.51;
#257:
>0:38.96,118.75;39.29,119.29;39.42,120.36;
#258:
>0:39.6,117.62;39.84,118.54;40.07,117.9;
#259:
>0:39.96,117.04;40.03,116.8;
#260:
>0:40.06,120.41;39.82,121.56;39.57,119.21;
#261:
>0:39.3,119.53;39.59,120.61;
#262:
>0:39.52,117.98;39.71,118.27;
#263:
>0:39.03,121.5;39.3,119.86;39.47,119.11;39.6,118.22;39.87,117.47;40.21,116.18;
#264:
>0:39.99,116.5;40.08,116.5;
#265:
>0:39.89,121.6;40.11,120.18;39.95,118.98;40.01,118.86;40.0,117.61;39.59,116.3;
#266:
>0:40.1,116.83;39.98,116.51;
#267:
>0:40.04,116.47;40.01,116.53;
#268:
>0:39.67,120.98;39.83,120.15;39.96,119.36;39.93,118.2;39.78,117.45;39.97,116.53;
#269:
>0:39.41,118.22;39.47,118.63;
#270:
>0:39.03,118.27;38.88,119.8;39.1,118.58;39.34,117.91;39.76,117.38;
#271:
>0:40.09,119.99;39.97,120.13;
#272:
>0:39.11,117.16;39.5,116.8;39.63,116.58;
#273:
>0:40.15,116.66;40.03,116.37;
#274:
>0:39.81,116.8;39.63,117.8;39.49,117.07;39.35,116.76;39.07,118.63;
#275:
>0:39.29,118.58;39.16,119.75;39.49,120.14;
#276:
>0:39.29,116.76;39.4,117.92;
#277:
>0:39.45,121.06;39.26,120.47;39.03,119.56;38.95,118.21;
#278:
>0:39.12,118.73;39.17,119.35;39.48,120.14;
#279:
>0:39.23,121.1;39.32,121.21;39.52,119.84;
#280:
>0:39.76,119.62;39.63,118.56;
#281:
>0:38.87,118.06;39.1,119.61;39.12,119.92;39.72,119.32;
#282:
>0:39.29,118.59;39.36,117.25;
#283:
>0:39.11,120.98;39.5,120.34;39.67,119.4;39.92,118.54;
#284:
>0:40.12,116.39;39.74,116.44;
#285:
>0:38.95,121.49;38.97,121.15;
#286:
>0:40.05,118.43;39.95,118.45;
#287:
>0:39.46,120.3;39.64,121.62;
