#0:
>0:38.93,120.28;39.21,119.56;39.45,119.69;
#1:
>0:39.95,119.27;39.9,120.21;39.65,119.59;39.16,119.72;
#2:
>0:39.87,121.14;39.83,120.56;39.62,119.21;39.46,120.04;39.02,118.25;
#3:
>0:39.85,121.42;39.83,120.02;39.4,120.4;
#4:
>0:39.71,118.18;39.78,117.8;39.99,116.26;
#5:
>0:39.42,119.47;39.71,118.2;39.79,118.53;
#6:
>0:39.33,121.12;39.18,120.41;38.94,121.74;
#7:
>0:40.14,119.08;39.82,119.87;39.53,119.14;39.35,120.13;39.15,120.36;38.9,117.99;
#8:
>0:39.86,117.4;39.78,118.71;39.31,119.18;
#9:
>0:39.02,119.43;39.09,118.11;39.51,119.96;
#10:
>0:39.07,120.43;39.16,119.45;
#11:
>0:39.89,117.42;39.53,116.17;39.34,117.12;39.21,116.63;39.07,116.17;
#12:
>0:39.62,121.58;39.64,120.6;39.6,119.31;
#13:
>0:40.0,118.04;40.09,117.53;
#14:
>0:39.83,120.26;39.61,119.39;39.35,118.42;39.58,117.61;39.18,116.61;
#15:
>0:39.97,117.28;40.12,116.53;
#16:
>0:38.99,116.93;39.13,117.14;39.08,118.09;39.45,119.76;39.77,119.5;
#17:
>0:40.01,117.47;40.04,118.71;39.91,119.06;
#18:
>0:39.98,116.62;40.08,117.19;
#19:
>0:40.04,117.03;39.79,116.64;39.55,117.45;39.64,116.26;39.27,117.28;
#20:
>0:39.67,118.57;39.58,117.25;39.2,118.11;
#21:
>0:39.5,117.52;39.16,118.47;39.09,118.98;
#22:
>0:40.14,117.05;39.99,117.34;40.02,116.54;
#23:
>0:38.87,117.92;39.24,118.41;39.32,119.4;39.79,118.19;39.92,118.22;
#24:
>0:39.41,119.93;39.28,119.95;39.08,119.59;39.34,118.35;39.3,116.4;
#25:
>0:39.96,120.51;39.88,119.62;39.66,119.06;39.31,118.97;
#26:
>0:39.9,118.45;39.73,119.47;39.59,120.13;
#27:
>0:40.12,116.82;40.16,116.91;
#28:
>0:40.02,118.72;39.84,117.23;
#29:
>0:40.06,120.63;39.77,119.62;39.74,118.65;39.5,117.13;
#30:
>0:39.42,119.05;39.09,118.14;39.01,118.21;38.93,116.89;
#31:
>0:39.78,118.14;39.68,118.81;
#32:
>0:40.07,120.84;39.92,120.43;39.67,119.01;39.69,120.19;39.41,119.95;38.98,119.65;
#33:
>0:38.99,119.7;39.1,119.59;39.47,117.47;
#34:
>0:39.97,117.38;39.77,116.95;39.63,116.29;
#35:
>0:39.33,119.81;39.67,118.75;39.93,117.79;40.15,116.89;
#36:
>0:38.95,120.21;39.22,119.7;39.42,119.42;39.62,118.96;39.83,119.26;
#37:
>0:39.7,118.43;39.66,117.61;39.46,116.45;
#38:
>0:39.66,119.34;39.38,120.73;39.25,121.11;
#39:
>0:38.9,119.17;39.29,118.89;39.31,119.83;
#40:
>0:39.87,119.61;40.11,119.62;39.94,118.37;39.72,116.69;
#41:
>0:39.54,116.48;39.42,117.82;39.26,117.27;
#42:
>0:39.34,119.31;39.19,118.22;
#43:
>0:40.1,121.12;39.75,120.13;39.6,119.06;39.37,119.58;
#44:
>0:39.36,119.6;39.64,119.35;39.68,118.21;39.61,116.87;
#45:
>0:39.53,120.35;39.92,119.55;39.8,118.6;
#46:
>0:39.12,116.79;39.37,117.61;39.39,118.05;
#47:
>0:40.12,121.57;39.88,119.98;39.62,118.92;39.79,118.7;39.4,117.35;
#48:
>0:38.89,121.95;39.19,120.86;39.5,121.25;
#49:
>0:38.87,119.49;39.11,118.8;39.43,120.04;
#50:
>0:39.84,119.63;39.61,119.18;39.41,118.94;
#51:
>0:39.86,118.61;39.85,117.07;40.03,116.92;
#52:
>0:38.87,121.52;39.21,120.63;39.16,119.55;39.42,118.44;39.94,117.31;
#53:
>0:39.76,118.35;39.94,119.13;40.15,119.55;39.95,121.38;
#54:
>0:39.51,120.14;39.53,118.96;39.71,118.5;40.1,118.28;
#55:
>0:39.56,119.46;39.52,120.15;39.11,120.8;
#56:
>0:39.27,121.5;39.3,119.89;39.58,119.33;39.81,118.4;
#57:
>0:39.98,117.62;39.83,116.37;39.72,117.41;39.48,117.96;39.17,116.72;39.06,116.69;
#58:
>0:39.2,120.8;39.43,121.58;39.66,120.91;39.74,119.83;40.0,120.82;
#59:
>0:39.53,117.0;39.35,117.44;39.18,117.21;
#60:
>0:39.44,116.27;39.19,117.0;39.01,117.77;39.1,118.52;39.28,120.51;
#61:
>0:39.47,121.28;39.16,119.9;
#62:
>0:39.78,118.82;39.75,118.57;
#63:
>0:40.07,119.7;39.94,119.3;39.93,120.77;
#64:
>0:40.01,117.12;40.07,116.65;
#65:
>0:38.96,117.69;39.18,118.0;39.47,119.82;39.45,119.98;39.65,121.46;40.02,119.56;
#66:
>0:39.98,117.07;39.79,116.77;39.95,116.9;40.01,117.83;39.9,116.68;39.86,118.63;
#67:
>0:39.84,120.01;39.7,119.11;39.36,118.01;39.13,117.16;
#68:
>0:39.13,117.97;39.12,118.68;39.7,119.54;
#69:
>0:39.92,119.25;39.85,118.39;40.0,118.43;39.82,116.75;
#70:
>0:39.39,117.73;39.23,118.88;38.88,117.68;
#71:
>0:39.35,118.51;39.19,117.61;39.0,116.84;
#72:
>0:40.01,117.17;39.88,116.92;
#73:
>0:39.42,116.83;39.66,116.4;39.7,118.74;
#74:
>0:39.59,120.95;39.39,121.45;39.19,120.38;39.24,119.35;38.95,118.42;39.03,116.96;
#75:
>0:39.99,119.34;39.89,120.21;39.65,120.97;
#76:
>0:39.59,117.47;39.74,117.92;39.62,118.21;39.62,120.27;
#77:
>0:39.48,121.59;39.7,121.23;
#78:
>0:39.76,120.89;39.8,119.85;
#79:
>0:39.36,118.06;39.65,118.84;39.8,119.66;39.76,120.93;
#80:
>0:39.84,116.34;39.66,117.77;39.83,117.27;39.56,119.15;
#81:
>0:38.94,116.68;39.23,117.47;39.47,118.63;39.58,118.83;39.82,119.43;39.92,121.08;
#82:
>0:40.16,121.66;39.87,120.46;39.52,119.76;39.47,118.52;39.35,117.78;39.17,116.98;
#83:
>0:39.58,117.95;39.55,116.2;39.32,117.97;38.94,119.3;
#84:
>0:39.48,118.1;39.38,117.15;39.41,116.5;
#85:
>0:40.11,116.55;39.82,116.86;39.65,117.47;39.9,118.82;39.42,119.66;39.0,120.12;
#86:
>0:39.94,119.17;39.99,118.53;
#87:
>0:38.88,119.46;38.88,118.98;
#88:
>0:40.04,119.24;39.82,119.0;39.92,121.29;
#89:
>0:40.16,116.7;39.98,116.73;
#90:
>0:40.09,118.27;40.08,117.82;
#91:
>0:39.83,118.48;39.65,117.41;39.72,116.79;
#92:
>0:39.13,119.74;39.37,119.75;39.86,118.3;39.88,119.63;40.06,121.17;
#93:
>0:39.1,120.0;39.09,119.01;39.33,119.44;39.69,118.56;40.09,118.64;
#94:
>0:40.04,119.93;39.74,119.78;39.68,118.23;39.41,117.33;
#95:
>0:38.98,120.52;39.25,119.16;39.39,119.74;
#96:
>0:40.01,119.19;39.85,119.93;39.71,119.09;39.47,119.21;
#97:
>0:38.88,118.11;38.95,117.37;39.41,119.22;
#98:
>0:39.08,120.44;39.24,119.51;39.49,118.93;
#99:
>0:39.7,119.69;39.62,120.42;39.29,120.31;
#100:
>0:38.97,119.27;38.87,119.09;
#101:
>0:39.0,119.01;39.26,118.69;39.36,119.8;39.6,119.06;39.75,118.1;40.08,118.47;
#102:
>0:39.51,119.96;39.66,120.19;39.83,119.83;
#103:
>0:39.37,121.07;39.11,119.94;39.47,120.02;38.99,118.12;
#104:
>0:39.26,118.6;39.26,117.83;
#105:
>0:39.71,120.34;39.77,119.75;40.0,118.48;
#106:
>0:38.92,117.61;39.25,118.89;39.31,119.28;39.59,119.46;39.81,119.3;
#107:
>0:39.1,118.03;39.46,119.59;39.68,118.0;39.79,119.04;39.96,117.26;
#108:
>0:39.66,117.84;39.78,118.26;39.35,119.69;39.52,120.51;
#109:
>0:39.27,121.49;39.16,120.07;39.25,119.42;39.42,118.45;39.17,117.93;
#110:
>0:38.96,116.93;39.27,117.24;39.33,118.56;39.64,118.85;39.76,119.42;39.89,121.07;
#111:
>0:39.76,119.45;39.71,119.96;39.66,120.93;
#112:
>0:40.13,119.85;39.77,120.96;39.65,121.63;39.5,121.5;39.27,120.53;39.06,121.72;
#113:
>0:39.9,120.35;39.89,120.51;
#114:
>0:39.76,118.31;40.13,119.5;
#115:
>0:39.97,116.93;40.01,116.74;
#116:
>0:39.91,117.99;39.88,118.36;
#117:
>0:39.86,117.89;39.66,116.85;39.44,117.56;39.28,116.37;39.01,116.57;
#118:
>0:39.65,117.28;39.49,116.53;39.38,117.26;38.95,118.58;
#119:
>0:39.68,116.91;39.85,117.07;39.66,118.27;39.95,119.3;40.13,120.39;40.02,120.83;
#120:
>0:38.98,116.22;39.2,117.41;39.1,118.59;39.35,119.4;39.09,120.39;
#121:
>0:39.77,116.75;39.73,117.73;39.87,117.41;39.64,119.66;
#122:
>0:39.89,117.63;40.0,116.8;
#123:
>0:39.73,117.96;39.88,118.82;39.36,119.18;39.71,119.79;39.72,121.04;
#124:
>0:39.11,117.58;39.02,118.8;39.07,119.08;
#125:
>0:39.5,120.67;39.72,119.69;39.81,118.44;40.12,118.73;
#126:
>0:39.78,120.88;39.93,120.59;39.62,119.22;39.67,118.89;39.51,117.5;
#127:
>0:40.17,119.52;39.77,119.02;39.91,121.34;
#128:
>0:39.76,118.65;39.46,119.53;39.45,119.9;39.08,119.59;
#129:
>0:39.11,121.44;39.51,120.91;39.63,121.35;39.86,119.94;40.15,120.87;
#130:
>0:39.31,121.34;39.62,120.12;39.89,119.41;40.16,119.21;40.08,117.35;
#131:
>0:39.74,119.47;39.79,118.5;39.38,119.77;39.11,120.02;
#132:
>0:39.43,121.29;39.1,120.6;39.23,119.04;39.48,118.16;39.3,117.34;39.68,116.79;
#133:
>0:39.94,121.56;39.81,120.32;39.64,119.61;39.69,118.16;39.33,117.68;
#134:
>0:39.23,116.13;39.41,117.73;39.52,117.38;
#135:
>0:39.98,120.13;39.89,121.61;39.67,120.89;39.36,121.54;
#136:
>0:40.15,121.14;39.85,119.96;39.55,119.69;39.36,118.23;39.37,117.3;39.16,116.47;
#137:
>0:38.97,120.71;39.19,119.42;39.51,119.32;39.72,118.05;39.76,117.2;
#138:
>0:39.3,118.5;39.47,119.78;
#139:
>0:39.94,119.3;39.58,119.27;39.44,119.44;
#140:
>0:39.44,116.63;39.39,116.62;
#141:
>0:40.03,119.84;39.94,120.91;39.55,121.53;39.5,120.05;39.14,120.55;39.08,122.09;
#142:
>0:39.72,116.74;39.33,116.64;
#143:
>0:38.93,119.74;39.29,118.58;39.38,117.21;39.55,116.17;39.75,116.57;
#144:
>0:39.52,117.22;39.65,118.21;39.33,119.25;39.73,120.16;
#145:
>0:39.02,116.68;39.18,117.2;39.47,118.03;39.81,118.26;39.93,119.41;39.98,121.52;
#146:
>0:38.92,118.41;38.95,117.71;39.03,116.29;
#147:
>0:39.56,117.84;39.8,118.27;40.04,118.17;
#148:
>0:38.94,118.48;39.05,117.65;38.87,116.42;
#149:
>0:39.54,119.01;39.47,120.52;39.12,121.6;
#150:
>0:40.08,117.23;39.94,117.02;39.57,117.7;39.5,117.28;39.26,117.52;
#151:
>0:39.91,117.75;39.68,118.05;39.41,119.38;39.38,120.0;
#152:
>0:39.96,120.23;40.09,119.17;
#153:
>0:39.98,116.28;39.8,116.92;39.55,117.18;39.39,116.39;39.18,117.12;
#154:
>0:39.55,116.73;39.78,117.61;40.13,118.67;
#155:
>0:39.19,118.49;39.45,119.51;39.74,118.28;
#156:
>0:40.05,117.83;40.12,118.41;39.98,119.71;
#157:
>0:39.09,120.31;39.22,121.35;
#158:
>0:40.16,116.4;40.06,116.91;
#159:
>0:39.52,121.01;39.3,120.02;39.29,119.61;39.3,118.61;39.69,117.79;39.85,116.4;
#160:
>0:39.39,119.28;39.64,119.16;39.5,118.13;39.22,116.38;
#161:
>0:39.64,119.7;39.39,118.49;39.51,117.35;39.34,116.13;
#162:
>0:38.93,119.8;39.18,118.05;39.34,118.5;
#163:
>0:39.56,120.77;39.83,119.85;
#164:
>0:38.9,118.17;39.19,117.29;39.34,116.3;39.59,116.64;39.75,116.96;
#165:
>0:39.71,119.6;39.43,120.41;
#166:
>0:38.88,122.08;39.24,121.47;39.25,119.87;39.22,118.18;
#167:
>0:39.44,116.47;39.66,116.96;39.79,118.74;
#168:
>0:40.05,117.25;39.85,116.28;39.61,117.77;39.52,116.3;
#169:
>0:39.21,116.93;39.0,117.84;39.18,118.35;39.42,119.14;39.7,119.21;39.91,121.16;
#170:
>0:39.78,119.69;39.71,119.91;39.61,121.29;
#171:
>0:39.13,120.13;39.15,121.02;
#172:
>0:39.25,119.48;39.5,119.01;39.71,118.75;39.86,119.78;40.02,119.21;
#173:
>0:39.58,116.28;39.34,116.74;
#174:
>0:39.27,121.19;39.13,120.55;39.12,119.11;39.34,118.78;39.33,117.56;39.66,116.96;
#175:
>0:39.52,121.34;39.31,120.75;39.1,120.06;
#176:
>0:40.1,118.75;39.78,117.67;
#177:
>0:39.24,120.01;38.88,119.03;
#178:
>0:39.01,122.14;38.87,120.19;
#179:
>0:39.01,118.91;39.29,118.6;39.34,119.13;39.64,118.28;39.88,117.85;
#180:
>0:39.8,118.37;40.09,118.76;
#181:
>0:40.11,117.31;39.76,117.05;39.55,117.05;39.33,116.78;
#182:
>0:39.81,118.4;39.5,119.42;39.29,120.28;39.25,121.04;
#183:
>0:38.9,119.9;39.12,118.97;39.43,118.4;39.46,117.86;39.52,116.43;
#184:
>0:39.02,121.56;39.23,120.27;39.11,119.46;39.6,118.22;
#185:
>0:40.09,116.83;39.98,116.48;
#186:
>0:39.52,116.96;39.92,117.42;39.97,118.67;40.01,119.3;39.81,119.01;39.78,121.56;
#187:
>0:39.76,117.14;39.7,117.99;39.33,118.93;39.62,119.4;39.52,121.32;
#188:
>0:39.52,121.56;39.42,119.86;39.26,119.28;39.49,118.29;39.34,117.46;39.18,116.33;
#189:
>0:39.46,118.94;39.82,118.83;39.78,117.71;40.05,116.61;
#190:
>0:39.82,118.69;39.54,117.81;39.35,117.09;39.15,116.25;38.98,116.62;
#191:
>0:39.9,116.41;39.52,117.57;39.73,118.52;39.55,119.12;
#192:
>0:39.53,119.66;39.41,119.98;
#193:
>0:39.19,116.96;39.51,117.4;39.59,117.22;
#194:
>0:39.24,119.95;39.25,119.02;39.34,119.47;39.78,118.59;39.99,117.98;
#195:
>0:39.27,119.03;39.46,119.6;39.79,118.81;39.93,119.24;40.13,121.0;
#196:
>0:40.13,116.4;39.91,116.4;39.85,118.4;
#197:
>0:39.66,118.4;39.72,118.21;
#198:
>0:39.28,117.77;39.3,117.61;39.55,117.7;
#199:
>0:40.14,117.08;39.92,116.13;39.68,117.18;39.33,116.33;
#200:
>0:39.96,120.84;39.87,121.53;39.72,121.08;39.46,121.19;39.15,121.01;
#201:
>0:39.35,118.28;39.64,118.18;
#202:
>0:39.16,120.79;39.18,120.59;39.17,119.82;39.35,118.14;39.14,117.73;
#203:
>0:38.97,119.38;39.24,119.03;39.32,117.29;
#204:
>0:39.12,120.34;39.33,120.11;
#205:
>0:40.0,117.42;39.94,116.23;39.68,116.47;
#206:
>0:39.75,119.06;40.12,118.83;
#207:
>0:39.83,116.87;39.71,117.5;39.39,116.48;39.26,116.65;39.08,116.21;
#208:
>0:39.32,121.65;39.29,120.71;38.99,122.16;
#209:
>0:39.41,118.03;39.42,117.46;39.04,118.08;
#210:
>0:39.97,121.24;39.85,121.05;39.62,121.3;39.36,121.53;39.28,120.89;
#211:
>0:39.05,116.44;39.28,117.48;39.17,118.4;39.7,119.12;
#212:
>0:39.23,116.97;39.05,117.16;39.16,118.29;39.43,119.54;39.71,119.72;39.85,121.17;
#213:
>0:40.16,118.56;39.99,117.95;
#214:
>0:40.07,121.24;39.88,121.44;39.7,120.83;39.41,121.51;39.24,120.99;
#215:
>0:39.3,120.74;38.91,119.31;
#216:
>0:39.32,120.75;39.6,120.47;39.36,120.74;39.22,119.68;39.07,117.96;
#217:
>0:39.99,120.29;39.92,120.88;39.66,120.81;39.42,121.59;
#218:
>0:39.98,116.37;39.95,116.92;39.54,117.46;39.46,116.67;39.21,116.69;38.92,116.49;
#219:
>0:39.89,117.21;39.67,116.71;39.45,117.6;39.27,116.78;38.89,116.34;
#220:
>0:39.58,116.4;39.76,117.86;39.77,118.0;40.12,118.64;39.94,119.41;39.9,120.89;
#221:
>0:39.03,116.22;39.15,117.22;39.5,116.46;39.57,116.38;39.77,117.39;39.97,116.66;
#222:
>0:39.13,117.79;39.4,116.68;39.62,116.42;39.81,118.06;
#223:
>0:40.02,116.53;39.97,116.56;
#224:
>0:39.02,118.68;39.21,117.52;39.36,116.9;
#225:
>0:39.59,117.23;39.49,117.55;39.22,118.34;38.98,119.18;38.92,121.78;
#226:
>0:39.04,118.19;39.04,117.32;39.24,118.32;39.46,119.2;39.79,119.32;
#227:
>0:38.94,119.22;39.26,118.11;39.48,120.5;
#228:
>0:39.69,116.49;39.8,117.38;40.03,118.84;40.09,119.21;39.83,119.17;39.82,121.45;
#229:
>0:39.31,116.88;39.3,116.74;
#230:
>0:39.78,121.24;39.89,120.24;39.99,119.2;39.8,119.15;39.76,117.12;
#231:
>0:39.43,118.81;39.21,118.62;39.19,120.06;
#232:
>0:39.79,119.47;40.06,118.79;
#233:
>0:40.15,117.27;39.85,116.51;39.53,117.52;39.31,116.23;39.16,117.42;
#234:
>0:38.89,119.38;39.16,118.89;39.36,120.13;
#235:
>0:39.99,120.48;40.0,119.66;39.84,118.27;40.06,117.48;
#236:
>0:39.63,117.21;39.92,117.78;39.79,119.44;
#237:
>0:38.97,119.44;39.12,120.13;
#238:
>0:38.97,118.27;39.0,117.06;39.32,119.07;
#239:
>0:39.26,117.78;39.38,118.56;39.71,118.84;39.94,119.33;40.04,121.06;
#240:
>0:39.47,120.37;39.47,119.96;
#241:
>0:39.63,119.38;39.36,119.93;39.12,121.07;
#242:
>0:38.88,121.9;39.15,120.45;39.09,119.48;39.3,118.6;39.8,118.22;
#243:
>0:39.84,118.56;39.84,118.88;
#244:
>0:39.49,117.44;39.56,116.95;39.74,117.55;40.12,119.49;
#245:
>0:38.99,122.07;39.16,119.88;39.1,119.11;39.44,119.3;39.76,120.6;
#246:
>0:40.08,118.93;39.81,118.1;39.81,117.65;39.35,117.88;
#247:
>0:39.45,116.9;39.16,116.15;38.99,116.6;
#248:
>0:39.01,120.08;39.16,119.77;39.45,118.63;39.53,117.83;39.72,116.2;
#249:
>0:40.13,117.61;39.83,116.5;39.58,116.31;
#250:
>0:39.84,118.56;39.57,119.41;39.5,120.73;
#251:
>0:39.46,118.04;39.65,117.18;39.34,116.47;
#252:
>0:39.02,117.17;39.1,116.54;
#253:
>0:39.67,117.05;39.37,117.97;39.3,118.61;38.96,119.36;39.03,122.1;
#254:
>0:40.09,116.29;40.12,117.13;40.1,116.35;
#255:
>0:38.88,117.86;39.14,118.63;39.51,119.73;39.56,118.96;39.94,119.34;
#256:
>0:40.15,117.29;39.82,116.71;39.54,117.7;39.48,116.87;39.15,117.67;38.9,119.76;
#257:
>0:39.44,117.41;39.14,117.91;38.96,117.86;
#258:
>0:40.15,121.61;40.03,120.54;
#259:
>0:39.56,117.67;39.47,116.65;39.28,118.19;
#260:
>0:39.85,118.75;39.85,118.64;39.36,118.21;
#261:
>0:40.07,116.43;40.14,116.27;
#262:
>0:40.09,117.13;40.05,116.41;
#263:
>0:39.85,118.39;39.61,119.17;39.49,120.09;
#264:
>0:39.72,116.83;39.83,117.23;39.68,118.41;39.43,119.66;39.9,120.29;
#265:
>0:40.06,117.38;39.84,116.52;39.72,117.89;39.55,116.17;39.15,117.92;
#266:
>0:39.13,118.14;39.48,117.4;39.72,116.13;39.86,117.95;39.97,117.01;
#267:
>0:40.1,116.61;39.98,116.68;
#268:
>0:39.08,117.15;39.23,118.18;39.36,119.14;39.76,118.03;39.78,118.38;
#269:
>0:39.08,119.46;39.22,118.68;39.46,119.68;39.64,117.14;
#270:
>0:39.1,117.31;39.44,116.89;39.72,117.04;39.79,117.15;40.12,116.5;
#271:
>0:39.44,120.9;39.17,119.94;39.5,119.91;39.18,119.79;39.7,117.36;
#272:
>0:39.24,121.43;39.49,120.74;39.68,120.13;39.85,120.08;39.98,120.6;
#273:
>0:39.4,118.75;39.27,118.39;38.98,118.82;
#274:
>0:39.89,116.58;39.67,117.77;
#275:
>0:40.1,118.53;40.04,117.89;39.79,116.67;39.71,117.38;39.25,117.95;
#276:
>0:39.1,118.91;39.48,118.69;39.44,117.8;
#277:
>0:39.08,121.28;39.24,120.3;39.34,120.18;39.8,120.06;
#278:
>0:39.0,119.75;39.28,118.84;39.51,120.12;
#279:
>0:40.13,120.96;39.9,120.73;39.64,119.26;39.46,119.68;
#280:
>0:39.85,117.12;39.82,118.46;39.31,119.32;
#281:
>0:39.09,118.39;39.11,117.99;
#282:
>0:39.07,116.29;39.28,117.16;39.13,118.49;39.72,119.76;
#283:
>0:39.29,118.85;39.48,119.52;39.76,118.18;
#284:
>0:39.49,120.87;39.61,120.32;39.81,119.65;39.82,118.07;40.02,117.8;
#285:
>0:40.03,120.97;39.73,121.51;
#286:
>0:40.07,119.92;40.17,119.49;39.79,118.71;40.02,117.86;
#287:
>0:40.13,121.54;39.88,121.03;39.52,120.94;39.3,121.46;
