#0:
>0:40.01,116.33;40.03,116.28;
#1:
>0:40.06,116.44;40.07,116.36;
#2:
>0:39.71,116.27;39.82,116.5;39.93,116.7;40.08,116.78;40.13,116.84;
#3:
>0:40.02,116.3;40.05,116.34;
#4:
>0:40.0,116.45;40.03,116.35;
#5:
>0:39.9,116.24;40.03,116.43;
#6:
>0:40.17,116.61;40.02,116.77;39.95,116.64;39.81,116.86;
#7:
>0:40.16,116.41;40.03,116.5;40.08,116.43;39.96,116.36;40.09,116.38;40.07,116.46;
#8:
>0:40.09,116.38;40.06,116.44;40.15,116.33;
#9:
>0:40.04,116.35;39.95,116.23;40.09,116.33;39.99,116.41;
#10:
>0:40.02,116.38;39.87,116.34;40.07,116.23;39.86,116.34;40.1,116.38;
#11:
>0:40.06,116.34;39.93,116.23;40.08,116.46;39.97,116.35;40.03,116.34;39.93,116.31;40.09,116.37;40.16,116.46;
#12:
>0:40.14,116.42;40.34,116.43;40.15,116.8;
#13:
>0:40.09,116.73;39.9,116.64;39.85,116.47;39.61,116.41;
#14:
>0:39.99,116.38;40.08,116.4;
#15:
>0:39.98,116.39;39.85,116.29;40.02,116.36;
#16:
>0:40.01,116.42;39.99,116.34;
#17:
>0:40.08,116.35;39.97,116.26;40.11,116.37;
#18:
>0:40.0,116.41;40.12,116.47;40.1,116.07;
#19:
>0:40.18,116.82;40.14,116.69;40.12,116.44;40.34,116.45;40.0,116.12;
#20:
>0:39.66,116.03;39.74,116.22;39.84,115.97;39.96,116.15;40.13,116.17;
#21:
>0:39.97,116.3;40.0,116.33;
#22:
>0:39.65,116.14;39.84,116.04;39.85,116.04;40.05,115.89;40.21,116.28;
#23:
>0:40.23,116.18;40.2,116.22;40.08,116.11;40.08,116.41;39.74,116.49;
#24:
>0:39.82,116.63;39.74,116.43;40.1,116.68;
#25:
>0:39.98,116.25;40.02,116.4;
#26:
>0:39.9,116.3;40.08,116.42;40.1,116.33;
#27:
>0:39.92,116.27;40.03,116.4;
#28:
>0:40.13,116.24;39.98,116.41;
#29:
>0:39.87,116.29;40.06,116.39;
#30:
>0:39.69,116.07;39.78,116.07;39.93,116.22;39.89,116.0;40.04,115.96;40.28,115.93;
#31:
>0:40.17,116.46;40.03,116.5;40.12,116.24;40.02,116.4;
#32:
>0:39.8,116.62;39.61,116.5;39.66,116.23;39.66,116.18;
#33:
>0:40.24,116.8;40.23,116.76;
#34:
>0:40.03,116.32;40.06,116.46;
#35:
>0:39.95,116.11;40.04,116.2;40.12,116.53;
#36:
>0:39.9,116.84;40.08,116.79;
#37:
>0:39.62,115.93;39.83,116.17;39.98,115.97;
#38:
>0:40.07,116.34;40.09,116.4;
#39:
>0:40.03,116.37;40.04,116.46;
#40:
>0:39.98,116.45;40.09,116.28;
#41:
>0:40.05,115.97;40.07,116.18;39.99,116.44;40.1,116.48;
#42:
>0:40.0,116.43;39.99,116.42;
#43:
>0:40.0,116.65;39.96,116.58;39.85,116.45;
#44:
>0:40.03,116.35;40.03,116.33;
#45:
>0:39.98,116.34;40.08,116.21;40.01,116.36;
#46:
>0:40.0,116.38;40.1,116.38;40.09,116.28;
#47:
>0:39.62,116.8;39.83,116.66;39.87,116.79;40.09,116.85;40.2,116.67;40.29,116.81;
#48:
>0:39.7,116.73;39.84,116.67;39.76,116.47;39.89,116.53;40.21,116.41;
#49:
>0:40.09,116.45;40.01,116.4;
#50:
>0:39.92,116.22;40.05,116.43;40.07,116.36;
#51:
>0:40.2,116.29;40.1,116.41;40.19,116.42;39.93,116.81;
#52:
>0:40.2,116.57;40.13,116.44;40.16,116.32;
#53:
>0:39.68,116.2;39.74,116.06;39.9,116.18;
#54:
>0:39.98,116.21;39.93,116.16;
#55:
>0:40.0,116.45;39.91,116.32;39.95,116.34;
#56:
>0:39.96,116.32;40.02,116.33;
#57:
>0:39.94,116.33;39.85,116.45;
#58:
>0:39.74,116.83;39.95,116.71;39.98,116.79;40.11,116.64;40.28,116.67;
#59:
>0:40.09,116.58;39.96,116.86;
#60:
>0:39.66,116.21;39.74,116.29;
#61:
>0:40.07,116.31;39.89,116.27;40.0,116.36;39.87,116.27;39.98,116.32;
#62:
>0:40.33,116.86;40.12,116.57;40.21,116.39;39.95,116.34;
#63:
>0:40.07,116.43;39.96,116.28;40.09,116.34;
#64:
>0:40.04,116.37;39.88,116.27;40.0,116.41;
#65:
>0:39.99,116.45;40.02,116.45;
#66:
>0:39.96,116.36;39.98,116.37;40.19,116.19;40.3,115.98;
#67:
>0:40.27,115.89;40.3,115.97;
#68:
>0:40.02,116.42;39.87,116.34;39.96,116.22;
#69:
>0:40.23,116.68;40.33,116.49;40.09,116.68;
#70:
>0:40.02,116.37;40.0,116.35;
#71:
>0:40.04,116.3;40.21,116.54;
#72:
>0:40.19,116.78;40.04,116.82;39.96,116.62;39.84,116.42;
#73:
>0:40.12,116.13;40.09,116.37;40.01,116.39;39.93,116.56;39.72,116.45;
#74:
>0:39.84,116.82;39.95,116.66;40.06,116.55;40.2,116.6;
#75:
>0:39.64,116.66;39.68,116.45;39.65,116.23;39.73,116.21;40.08,116.01;
#76:
>0:40.05,116.44;40.1,116.33;
#77:
>0:40.08,116.14;39.88,116.33;40.18,116.4;
#78:
>0:40.12,116.39;40.02,116.31;
#79:
>0:39.97,116.43;39.81,116.64;
#80:
>0:39.66,115.9;39.84,116.13;39.77,116.22;39.97,116.5;39.89,116.65;39.93,116.73;
#81:
>0:40.09,116.38;40.09,116.35;
#82:
>0:40.02,116.09;39.91,116.38;39.76,116.43;39.84,116.56;
#83:
>0:40.22,116.19;40.11,116.25;40.05,116.2;39.78,116.46;
#84:
>0:39.64,116.44;39.66,116.35;39.79,116.16;39.88,116.21;40.16,116.17;
#85:
>0:39.98,116.31;40.0,116.44;
#86:
>0:40.08,116.34;39.85,116.22;40.06,116.53;40.21,116.44;40.0,116.44;
#87:
>0:40.01,116.38;40.07,116.35;
#88:
>0:39.95,116.05;40.0,115.99;39.99,116.16;40.03,116.46;
#89:
>0:39.98,116.34;39.88,116.28;39.98,116.34;40.13,116.5;40.04,116.4;
#90:
>0:39.91,116.28;39.98,116.31;
#91:
>0:40.18,116.13;39.99,116.42;39.91,116.31;39.74,116.5;39.9,116.86;
#92:
>0:39.9,116.32;40.0,116.41;
#93:
>0:40.07,116.41;40.1,116.52;40.03,116.38;39.99,116.38;
#94:
>0:39.72,116.15;39.77,116.13;39.9,116.11;39.95,115.9;40.06,115.96;40.26,115.99;
#95:
>0:40.01,116.38;39.95,116.37;39.89,116.23;
#96:
>0:39.89,116.53;40.09,116.6;40.15,116.46;
#97:
>0:39.7,116.44;39.84,116.45;39.87,116.79;
#98:
>0:39.98,116.34;39.96,116.35;39.88,116.24;
#99:
>0:40.18,116.83;40.13,116.67;
#100:
>0:39.7,116.43;39.64,116.22;39.81,116.11;39.93,116.15;40.13,116.26;
#101:
>0:39.93,116.09;39.9,115.89;40.14,116.21;
#102:
>0:39.64,116.85;39.76,116.55;39.73,116.4;40.08,116.49;
#103:
>0:40.1,116.26;40.02,116.41;
#104:
>0:39.64,116.75;39.85,116.6;39.72,116.51;39.67,116.28;39.72,116.06;
#105:
>0:39.88,116.34;39.98,116.39;39.88,116.31;
#106:
>0:39.64,115.9;39.77,116.15;39.93,116.32;40.03,116.37;40.17,116.49;40.25,116.71;
#107:
>0:40.22,116.69;40.15,116.54;40.1,116.37;
#108:
>0:40.28,116.8;40.14,116.75;40.25,116.62;40.13,116.35;
#109:
>0:39.72,116.65;39.71,116.41;39.62,116.27;
#110:
>0:39.76,116.75;39.67,116.79;
#111:
>0:40.06,116.46;40.04,116.35;
#112:
>0:40.1,116.33;40.07,116.37;
#113:
>0:40.22,116.21;40.0,116.4;39.98,116.47;39.86,116.68;39.85,116.72;
#114:
>0:39.9,116.73;39.98,116.69;
#115:
>0:39.87,116.3;40.01,116.31;39.95,116.24;40.07,116.39;
#116:
>0:40.1,116.84;40.24,116.81;
#117:
>0:40.25,116.04;40.27,116.01;
#118:
>0:40.15,116.31;40.1,116.49;
#119:
>0:40.07,116.77;39.94,116.68;39.77,116.7;39.82,116.51;39.67,116.29;39.84,115.98;
#120:
>0:39.86,116.27;39.83,116.53;
#121:
>0:39.89,116.33;40.05,116.31;
#122:
>0:39.72,116.05;39.84,116.17;39.76,116.33;39.97,116.46;39.8,116.71;39.89,116.79;
#123:
>0:40.05,116.36;40.09,116.54;40.24,116.22;
#124:
>0:40.09,116.01;40.08,116.11;39.99,116.37;40.03,116.44;40.14,116.42;40.15,116.79;
#125:
>0:39.99,116.31;40.16,116.23;
#126:
>0:39.62,116.78;39.79,116.6;39.68,116.52;39.74,116.53;39.74,116.15;
#127:
>0:40.32,116.43;40.22,116.3;40.02,116.11;39.86,116.19;39.77,116.12;
#128:
>0:39.72,116.02;39.84,116.14;39.77,116.22;
#129:
>0:39.98,116.36;39.91,116.27;
#130:
>0:40.15,116.44;40.19,116.61;40.03,116.51;40.14,116.48;39.99,116.51;40.1,116.35;40.02,116.35;
#131:
>0:39.72,116.45;39.71,116.34;39.83,116.1;39.92,116.07;40.12,116.22;
#132:
>0:40.25,116.06;40.17,116.34;40.08,116.06;39.87,116.18;39.73,115.96;39.69,116.08;
#133:
>0:39.75,116.04;39.88,116.07;40.09,116.1;
#134:
>0:39.63,115.91;39.75,116.19;39.9,116.3;40.03,116.4;40.22,116.51;40.11,116.81;
#135:
>0:40.05,116.31;40.04,116.5;40.11,116.39;40.07,116.46;
#136:
>0:40.31,116.83;40.14,116.7;
#137:
>0:40.07,116.38;40.02,116.46;
#138:
>0:40.21,116.53;39.99,116.47;40.09,116.35;40.15,116.41;40.32,116.42;40.17,116.34;40.0,116.16;39.96,116.3;40.03,116.47;40.12,116.42;40.12,116.67;40.19,116.47;40.14,116.44;
#139:
>0:39.91,116.7;39.91,116.69;
#140:
>0:39.97,116.37;39.98,116.39;
#141:
>0:39.81,116.85;39.91,116.83;40.03,116.86;40.13,116.63;40.31,116.69;
#142:
>0:39.94,116.33;40.06,116.42;40.15,116.53;39.98,116.45;
#143:
>0:39.9,116.29;39.99,116.25;39.96,116.38;
#144:
>0:40.03,116.33;40.01,116.37;
#145:
>0:40.15,116.39;40.17,116.59;40.08,116.79;39.8,116.6;
#146:
>0:40.3,116.85;40.16,116.73;40.0,116.83;40.12,116.47;
#147:
>0:39.65,116.61;39.75,116.42;39.83,116.58;39.99,116.84;
#148:
>0:39.61,115.93;39.8,116.13;39.89,116.33;40.09,116.35;40.12,116.54;40.22,116.83;
#149:
>0:39.61,116.04;39.76,116.13;39.85,115.93;40.07,116.03;
#150:
>0:40.34,116.57;40.34,116.49;40.1,116.67;
#151:
>0:40.04,116.47;40.04,116.54;
#152:
>0:40.05,116.16;40.1,115.9;40.33,115.99;
#153:
>0:40.28,116.38;40.33,116.52;40.15,116.35;39.88,116.03;
#154:
>0:40.04,116.32;40.02,116.44;
#155:
>0:39.94,116.23;40.11,116.26;40.09,116.32;
#156:
>0:40.07,116.4;40.03,116.41;
#157:
>0:39.62,116.68;39.76,116.5;39.83,116.67;40.07,116.63;
#158:
>0:40.14,116.45;40.07,116.61;40.05,116.32;
#159:
>0:40.0,116.32;39.9,116.26;
#160:
>0:39.99,116.36;40.06,116.43;
#161:
>0:40.06,116.36;39.99,116.33;
#162:
>0:40.27,116.72;40.17,116.74;40.19,116.38;
#163:
>0:40.16,115.98;40.06,116.19;39.85,116.36;39.88,116.39;
#164:
>0:39.97,116.26;40.09,116.39;
#165:
>0:39.9,116.49;39.84,116.55;39.62,116.3;
#166:
>0:39.79,116.41;39.82,116.6;39.86,116.76;40.03,116.79;40.3,116.56;
#167:
>0:39.92,116.34;40.02,116.35;
#168:
>0:40.07,116.45;39.88,116.27;39.97,116.38;
#169:
>0:40.16,116.68;40.18,116.39;40.15,116.3;
#170:
>0:39.7,116.51;39.72,116.28;39.83,116.17;40.0,116.4;
#171:
>0:39.91,116.1;39.8,116.15;39.78,116.38;39.96,116.54;39.87,116.73;
#172:
>0:39.66,116.68;39.65,116.4;39.71,116.36;39.81,116.18;39.71,115.99;
#173:
>0:40.31,115.93;40.3,116.19;
#174:
>0:39.96,116.28;40.07,116.35;
#175:
>0:40.21,116.5;40.0,116.44;39.99,116.37;39.97,116.3;40.01,116.3;39.97,116.24;40.09,116.34;39.98,116.32;
#176:
>0:39.81,116.86;39.61,116.84;
#177:
>0:39.94,116.6;39.97,116.59;
#178:
>0:39.94,116.37;40.02,116.43;
#179:
>0:39.82,116.36;39.86,116.22;
#180:
>0:40.09,116.64;39.96,116.49;39.84,116.32;39.7,116.16;
#181:
>0:40.02,116.5;39.89,116.7;39.73,116.87;
#182:
>0:39.89,116.72;39.79,116.68;39.77,116.47;39.8,116.27;
#183:
>0:40.18,116.86;40.06,116.78;40.19,116.69;40.08,116.42;39.98,116.41;40.31,116.04;
#184:
>0:40.0,116.4;39.89,116.29;39.98,116.36;
#185:
>0:40.03,116.34;39.94,116.28;40.06,116.42;39.91,116.25;
#186:
>0:39.99,116.43;40.0,116.47;39.9,116.4;40.09,116.63;39.99,116.5;39.87,116.26;
#187:
>0:40.02,116.74;40.1,116.58;40.14,116.42;40.33,116.46;40.03,116.12;
#188:
>0:39.99,116.33;40.08,116.26;
#189:
>0:39.99,116.37;40.12,116.36;
#190:
>0:40.05,116.39;39.86,116.24;39.94,116.45;40.0,116.4;
#191:
>0:39.79,116.82;39.65,116.63;39.84,116.46;39.64,116.24;39.84,116.17;39.7,115.99;
#192:
>0:40.22,116.05;40.03,116.08;39.94,116.37;39.75,116.2;39.71,116.35;
#193:
>0:39.91,116.81;40.07,116.64;
#194:
>0:40.08,116.46;40.04,116.4;40.09,116.33;
#195:
>0:40.17,116.4;40.18,116.64;40.15,116.74;
#196:
>0:39.92,116.08;39.98,115.97;
#197:
>0:40.04,116.03;40.04,116.09;40.0,116.31;39.86,116.24;39.82,116.68;
#198:
>0:40.03,116.5;40.21,116.48;40.17,116.87;
#199:
>0:39.7,116.08;39.75,116.21;39.93,116.07;40.06,115.92;40.14,116.27;
#200:
>0:39.85,116.24;40.07,116.46;
#201:
>0:40.07,116.31;39.89,116.24;39.88,116.29;
#202:
>0:40.01,116.37;40.19,116.49;
#203:
>0:40.06,116.42;39.98,116.39;
#204:
>0:40.1,116.77;40.15,116.69;40.17,116.54;39.86,116.27;
#205:
>0:40.09,116.34;40.03,116.46;
#206:
>0:40.19,116.48;39.99,116.59;40.02,116.38;39.82,116.68;
#207:
>0:39.92,116.05;40.05,116.19;39.87,116.32;39.92,116.44;40.07,116.64;40.01,116.73;
#208:
>0:39.69,116.45;39.65,116.32;39.77,116.19;40.07,116.43;
#209:
>0:39.61,115.94;39.73,116.08;39.9,116.04;
#210:
>0:40.18,116.17;40.04,116.34;39.98,116.52;39.87,116.56;39.81,116.8;
#211:
>0:40.11,116.1;40.01,115.92;
#212:
>0:40.06,116.38;40.01,116.35;
#213:
>0:40.22,116.2;40.02,116.34;39.92,116.42;39.76,116.56;39.69,116.66;
#214:
>0:40.01,116.33;39.88,116.25;40.07,116.32;
#215:
>0:39.84,116.14;39.75,116.03;
#216:
>0:39.98,116.32;39.85,116.26;40.0,116.32;39.96,116.37;40.04,116.32;40.02,116.41;39.86,116.55;40.18,116.54;
#217:
>0:40.01,116.37;40.01,116.37;
#218:
>0:39.68,116.51;39.62,116.24;39.8,116.22;39.89,116.21;40.19,116.29;
#219:
>0:39.68,116.26;39.73,116.2;39.74,116.25;39.96,116.43;40.18,116.55;
#220:
>0:39.84,116.62;39.8,116.81;39.89,116.83;40.2,116.67;
#221:
>0:40.03,116.42;39.99,116.34;
#222:
>0:39.88,116.36;40.1,116.38;40.01,116.35;
#223:
>0:39.99,116.43;39.95,116.34;40.05,116.4;
#224:
>0:40.14,116.52;40.08,116.54;40.18,116.45;40.0,116.39;
#225:
>0:40.06,116.26;40.0,116.46;40.08,116.4;39.94,116.37;39.98,116.49;40.05,116.46;40.09,116.38;
#226:
>0:39.83,116.46;39.97,116.57;40.01,116.73;40.1,116.75;
#227:
>0:39.98,116.42;40.07,116.3;
#228:
>0:40.0,116.4;40.06,116.46;
#229:
>0:40.03,116.42;39.87,116.27;40.01,116.42;40.01,116.3;
#230:
>0:40.01,116.37;40.06,116.38;
#231:
>0:40.02,116.39;40.03,116.44;
#232:
>0:39.91,116.3;40.08,116.34;
#233:
>0:40.01,116.32;40.03,116.47;40.03,116.45;
#234:
>0:40.14,116.26;40.07,116.42;40.05,116.59;40.09,116.79;
#235:
>0:40.23,116.65;40.11,116.51;
#236:
>0:40.09,116.42;39.87,116.26;40.07,116.51;39.88,116.31;
#237:
>0:40.06,116.4;40.01,116.36;
#238:
>0:39.83,116.34;39.87,116.15;40.05,116.19;
#239:
>0:40.01,116.32;39.88,116.26;40.06,116.38;40.08,116.33;
#240:
>0:39.7,116.4;39.64,116.22;39.74,116.16;39.97,116.11;40.02,116.03;40.25,115.92;
#241:
>0:40.08,116.32;39.97,116.34;40.01,116.38;39.85,116.35;40.09,116.35;40.19,116.39;
#242:
>0:40.03,116.39;40.17,116.45;40.06,116.37;
#243:
>0:40.09,116.32;39.86,116.38;40.01,116.37;
#244:
>0:40.0,116.33;39.97,116.24;39.99,116.45;39.94,116.32;40.05,116.42;
#245:
>0:40.17,116.27;40.07,116.41;40.1,116.56;
#246:
>0:40.06,116.4;39.92,116.37;40.06,116.44;
#247:
>0:40.05,115.98;40.05,116.17;40.04,116.34;39.97,116.32;39.79,116.56;
#248:
>0:39.67,115.89;39.74,116.17;39.96,116.1;39.87,116.02;40.13,116.09;
#249:
>0:40.04,116.45;39.91,116.37;40.01,116.36;
#250:
>0:40.07,116.41;39.95,116.28;39.91,116.36;
#251:
>0:39.94,116.34;40.08,116.42;
#252:
>0:40.02,116.3;39.86,116.3;40.07,116.32;40.03,116.44;
#253:
>0:40.09,116.25;40.07,116.36;
#254:
>0:40.0,116.26;39.97,116.38;39.99,116.45;40.16,116.47;
#255:
>0:40.26,116.62;40.18,116.65;40.0,116.43;40.02,116.18;
#256:
>0:39.99,116.11;39.89,116.26;40.2,116.5;
#257:
>0:39.98,116.39;40.1,116.37;
#258:
>0:39.62,116.42;39.67,116.32;39.65,116.2;
#259:
>0:40.26,116.78;40.13,116.75;39.99,116.81;40.13,116.39;
#260:
>0:40.28,115.93;40.16,116.01;40.21,116.35;
#261:
>0:39.63,116.41;39.67,116.54;
#262:
>0:39.9,116.36;39.98,116.36;
#263:
>0:40.05,116.4;40.03,116.42;40.09,116.35;
#264:
>0:40.06,116.39;39.9,116.27;40.07,116.41;39.99,116.46;
#265:
>0:40.04,116.32;39.86,116.28;40.09,116.34;
#266:
>0:39.86,116.78;39.76,116.7;39.76,116.52;39.71,116.24;39.67,116.11;
#267:
>0:39.94,116.03;39.88,116.06;
#268:
>0:39.78,116.86;39.72,116.58;39.66,116.52;39.7,116.24;39.82,116.12;39.66,115.93;
#269:
>0:40.09,116.37;40.08,116.41;
#270:
>0:40.08,116.34;39.94,116.25;40.08,116.35;
#271:
>0:39.84,116.5;39.7,116.36;39.78,116.07;39.71,116.05;
#272:
>0:40.01,116.42;40.07,116.39;
#273:
>0:39.71,116.87;39.76,116.67;39.62,116.46;39.8,116.54;39.77,116.2;
#274:
>0:39.72,116.54;39.64,116.22;39.83,116.13;39.9,116.21;40.18,116.01;
#275:
>0:40.17,116.43;39.99,116.48;39.89,116.66;40.01,116.61;40.1,116.31;
#276:
>0:39.75,116.53;39.95,116.49;40.03,116.71;40.14,116.46;40.24,116.11;
#277:
>0:40.14,116.07;40.09,116.35;40.03,116.41;39.86,116.63;39.78,116.72;
#278:
>0:40.26,116.24;40.34,116.52;40.16,116.4;39.91,116.81;
#279:
>0:40.08,116.31;40.03,116.49;40.09,116.37;
#280:
>0:40.2,116.02;40.02,116.2;39.88,116.28;39.92,116.52;
#281:
>0:40.02,116.41;40.04,116.37;
#282:
>0:39.89,116.35;40.06,116.46;
#283:
>0:40.34,116.82;40.11,116.56;40.01,116.44;39.93,116.35;
#284:
>0:40.27,116.82;40.2,116.64;40.0,116.44;39.88,116.23;
#285:
>0:40.04,116.39;39.87,116.33;40.06,116.54;39.86,116.27;
#286:
>0:39.93,116.32;39.91,116.51;
#287:
>0:39.99,116.39;39.97,116.26;39.99,116.36;40.2,116.4;40.06,116.44;40.12,116.43;40.3,116.54;40.13,116.47;40.17,116.41;
#288:
>0:39.98,116.44;40.1,116.4;40.22,116.39;39.96,116.34;
#289:
>0:40.03,116.4;39.99,116.38;40.27,116.4;
#290:
>0:39.89,116.32;40.0,116.45;39.92,116.36;39.99,116.4;40.04,116.15;40.01,116.44;
#291:
>0:40.3,116.07;40.13,116.37;40.04,116.2;39.97,116.14;39.75,116.18;39.6,116.23;
#292:
>0:40.06,116.3;40.06,116.33;
#293:
>0:39.89,116.04;40.02,116.06;40.01,116.46;40.3,116.51;
#294:
>0:40.09,116.32;39.96,116.33;40.1,116.37;
#295:
>0:40.28,115.99;40.22,115.96;40.18,116.32;
#296:
>0:40.18,116.31;40.02,116.47;
#297:
>0:39.62,116.51;39.76,116.49;39.96,116.73;
#298:
>0:39.95,116.75;39.92,116.56;39.82,116.69;39.95,116.42;39.79,116.28;39.88,115.97;
#299:
>0:39.71,116.27;39.84,116.16;39.79,115.94;40.05,116.06;
#300:
>0:40.1,116.07;39.85,116.14;
#301:
>0:40.18,116.46;40.04,116.36;39.88,116.09;
#302:
>0:39.87,116.85;39.81,116.87;39.72,116.77;
#303:
>0:39.66,116.1;39.85,116.14;39.77,116.25;39.99,116.61;
#304:
>0:40.06,116.39;40.09,116.43;
#305:
>0:40.05,116.43;40.04,116.48;40.04,116.31;39.97,116.31;40.08,116.31;40.01,116.44;
#306:
>0:40.08,116.45;40.04,116.26;
#307:
>0:40.05,116.41;39.98,116.45;
#308:
>0:39.77,116.28;39.93,116.23;
#309:
>0:40.34,115.95;40.17,115.91;40.22,116.36;
#310:
>0:40.0,116.3;39.86,116.32;39.96,116.34;
#311:
>0:39.64,116.14;39.79,116.21;39.92,116.17;39.92,116.04;40.07,115.99;40.24,116.0;
#312:
>0:40.03,116.31;40.03,116.45;
#313:
>0:39.92,116.23;40.06,116.4;
#314:
>0:39.92,116.46;39.81,116.56;39.62,116.23;
#315:
>0:40.02,116.44;39.95,116.59;40.06,116.66;39.96,116.74;40.09,116.72;40.21,116.58;39.99,116.73;40.19,116.61;40.13,116.5;
#316:
>0:39.91,115.93;40.02,116.13;40.16,116.03;40.26,116.25;
#317:
>0:40.03,116.3;40.06,116.3;
#318:
>0:40.07,116.39;39.98,116.46;
#319:
>0:40.05,116.28;39.96,116.22;40.03,116.36;40.08,116.31;
#320:
>0:40.04,116.43;39.93,116.3;39.98,116.46;40.01,116.47;39.98,116.42;
#321:
>0:40.28,116.23;40.31,116.41;40.13,116.34;40.09,116.08;39.86,116.25;39.69,116.63;
#322:
>0:40.09,116.35;40.06,116.17;40.06,116.33;
#323:
>0:40.16,116.49;40.04,116.46;40.0,116.36;39.92,116.28;40.08,116.45;40.0,116.34;
#324:
>0:40.02,116.32;39.87,116.38;40.03,116.31;
#325:
>0:40.31,115.92;40.11,116.03;40.21,116.29;
#326:
>0:39.94,116.38;40.07,116.4;
#327:
>0:39.78,116.73;39.89,116.68;40.0,116.58;40.2,116.6;
#328:
>0:40.24,115.95;40.19,116.02;40.19,116.24;
#329:
>0:40.01,116.71;40.06,116.54;40.05,116.31;39.98,116.12;
#330:
>0:40.1,116.23;39.91,116.26;39.98,116.31;40.07,116.43;
#331:
>0:39.99,116.44;39.98,116.32;
#332:
>0:40.18,116.41;40.07,116.39;39.99,116.4;40.08,116.51;40.01,116.44;40.06,116.44;
#333:
>0:39.86,116.7;40.05,116.68;40.1,116.49;39.99,116.44;40.29,115.91;
#334:
>0:40.22,116.53;40.29,116.43;40.11,116.73;
#335:
>0:39.99,116.4;40.07,116.31;
#336:
>0:39.7,115.93;39.74,116.17;39.96,116.07;40.03,116.02;
#337:
>0:40.2,115.95;39.99,116.16;39.91,116.29;39.91,116.39;
#338:
>0:40.02,116.39;40.07,116.34;
#339:
>0:40.09,116.45;40.08,116.34;
#340:
>0:39.69,116.72;39.81,116.65;39.97,116.78;40.02,116.86;40.15,116.59;40.28,116.79;
#341:
>0:40.02,116.87;40.11,116.67;40.16,116.43;40.34,116.39;40.02,116.21;
#342:
>0:40.01,116.45;39.94,116.35;39.98,116.44;40.05,116.35;
#343:
>0:40.0,116.46;40.02,116.44;
#344:
>0:40.06,116.41;40.2,116.7;
#345:
>0:39.89,116.26;40.01,116.46;40.09,116.46;40.12,116.7;
#346:
>0:40.11,116.22;40.02,116.34;
#347:
>0:39.99,116.34;39.91,116.24;40.0,116.32;40.06,116.32;
#348:
>0:39.95,116.25;39.88,116.43;
#349:
>0:39.61,116.09;39.66,116.35;39.97,116.14;
#350:
>0:40.02,116.74;40.16,116.71;40.01,116.39;39.75,116.28;
#351:
>0:39.69,115.99;39.84,116.09;39.77,116.31;39.87,116.06;40.16,116.3;
#352:
>0:39.61,116.81;39.8,116.61;39.75,116.5;40.04,116.51;
#353:
>0:39.66,116.7;39.63,116.52;39.74,116.41;40.02,116.71;
#354:
>0:39.98,116.44;39.93,116.38;40.06,116.35;39.93,116.37;40.14,116.41;
#355:
>0:40.08,116.36;40.0,116.32;
#356:
>0:40.02,116.34;40.06,116.37;
#357:
>0:40.03,116.25;40.06,116.31;
#358:
>0:39.86,115.99;40.02,116.03;40.21,116.18;40.33,116.05;
#359:
>0:40.06,116.39;40.05,116.35;
#360:
>0:39.79,116.65;39.89,116.74;40.1,116.81;40.12,116.65;40.3,116.84;
#361:
>0:39.74,115.9;39.84,116.1;39.68,116.34;
#362:
>0:40.02,116.4;39.95,116.35;40.05,116.31;
#363:
>0:39.98,116.36;40.01,116.31;
#364:
>0:40.07,116.38;40.07,116.45;
#365:
>0:40.16,116.55;40.22,116.44;
#366:
>0:39.7,116.52;39.65,116.38;39.7,116.2;
#367:
>0:40.04,116.36;40.05,116.37;
#368:
>0:39.71,116.78;39.75,116.63;39.86,116.47;40.09,116.48;40.18,116.46;40.32,116.09;
#369:
>0:40.04,116.43;40.06,116.5;40.24,116.36;
#370:
>0:40.09,116.46;40.22,116.51;39.97,116.54;
#371:
>0:39.83,116.74;39.95,116.81;40.07,116.72;40.18,116.65;40.31,116.73;
#372:
>0:40.23,116.21;40.16,116.25;40.05,116.18;39.97,116.2;39.79,116.07;39.71,116.09;
#373:
>0:40.03,116.37;40.04,116.32;
#374:
>0:40.04,116.41;40.14,116.53;40.02,116.35;
#375:
>0:39.98,116.36;40.07,116.32;
#376:
>0:40.21,116.07;40.17,116.04;
#377:
>0:40.12,116.34;40.02,116.33;40.13,116.71;
#378:
>0:39.98,116.31;39.88,116.24;
#379:
>0:39.63,116.75;39.85,116.56;39.82,116.46;40.1,116.53;
#380:
>0:39.99,116.34;39.88,116.22;
#381:
>0:39.75,116.87;39.93,116.7;40.07,116.63;40.21,116.43;40.34,116.18;
#382:
>0:40.02,116.41;39.99,116.45;
#383:
>0:40.07,116.41;39.89,116.22;39.88,116.23;
#384:
>0:39.67,116.07;39.75,116.06;39.84,116.04;39.92,116.12;40.17,116.31;
#385:
>0:40.32,116.02;40.13,116.15;40.18,116.22;39.99,116.06;39.74,116.41;
#386:
>0:39.98,116.39;39.99,116.42;
#387:
>0:40.07,116.38;39.95,116.37;40.03,116.4;39.89,116.37;40.06,116.41;40.16,116.54;40.21,116.49;
#388:
>0:40.03,116.72;40.18,116.65;40.0,116.41;40.18,116.26;39.99,116.18;39.89,115.91;
#389:
>0:39.66,116.39;39.68,116.29;39.79,116.11;39.76,115.94;
#390:
>0:40.04,116.45;40.02,116.36;
#391:
>0:39.73,116.65;39.73,116.55;
#392:
>0:40.08,116.43;40.06,116.61;40.33,116.42;
#393:
>0:40.02,116.37;39.89,116.38;40.07,116.32;
#394:
>0:39.98,116.42;39.99,116.34;
#395:
>0:40.09,116.45;40.06,116.32;
#396:
>0:39.66,116.41;39.67,116.36;39.84,116.14;40.06,115.93;
#397:
>0:40.05,116.47;40.2,116.42;40.16,116.2;
#398:
>0:40.07,116.44;39.94,116.27;39.99,116.3;39.97,116.25;40.01,116.32;40.06,116.44;
#399:
>0:40.07,116.41;40.06,116.4;
#400:
>0:40.15,116.36;40.0,116.46;40.13,116.54;40.06,116.31;39.87,116.36;40.06,116.38;40.02,116.31;
#401:
>0:40.25,116.75;40.2,116.71;39.99,116.74;39.92,116.57;39.74,116.59;39.63,116.26;
#402:
>0:40.33,116.65;40.19,116.6;40.16,116.42;40.29,116.24;40.12,116.01;
#403:
>0:40.13,116.45;40.03,116.48;39.93,116.8;
#404:
>0:40.07,116.39;39.92,116.23;40.05,116.28;40.01,116.38;
#405:
>0:39.63,116.61;39.82,116.74;
#406:
>0:40.09,115.91;40.06,116.1;39.92,116.27;
#407:
>0:40.08,116.45;40.04,116.35;
#408:
>0:40.05,116.36;39.91,116.25;39.94,116.28;
#409:
>0:40.0,116.44;39.98,116.44;
#410:
>0:40.07,116.38;39.85,116.34;40.07,116.44;
#411:
>0:39.99,116.34;39.91,116.38;
#412:
>0:39.86,116.3;40.04,116.39;
#413:
>0:40.09,116.05;40.03,116.13;39.88,116.35;
#414:
>0:40.06,116.39;39.93,116.29;39.89,116.31;
#415:
>0:40.06,116.4;40.0,116.37;
#416:
>0:39.68,116.3;39.83,116.48;39.95,116.64;40.07,116.84;40.13,116.73;
#417:
>0:40.09,116.46;40.15,116.53;40.26,116.48;
#418:
>0:39.97,116.27;39.97,116.33;
#419:
>0:39.63,116.53;39.65,116.23;39.77,116.08;39.87,116.14;40.2,115.97;
#420:
>0:40.25,116.16;40.13,116.36;40.02,116.11;39.87,116.43;
#421:
>0:40.05,116.41;40.1,116.35;
#422:
>0:39.61,116.6;39.7,116.4;39.63,116.24;
#423:
>0:40.17,116.43;40.2,116.55;40.19,116.4;39.98,116.66;39.99,116.46;
#424:
>0:40.13,116.57;39.99,116.47;39.93,116.64;39.83,116.75;
#425:
>0:39.99,116.38;39.98,116.4;
#426:
>0:40.08,116.32;40.08,116.47;40.21,116.41;39.89,116.32;
#427:
>0:39.98,116.46;39.9,116.33;40.08,116.37;
#428:
>0:39.7,116.12;39.84,115.98;39.92,116.01;40.05,115.95;40.13,116.26;
#429:
>0:39.86,116.25;40.07,116.31;
#430:
>0:40.21,116.15;40.08,116.31;39.93,116.3;39.94,116.47;39.79,116.78;
#431:
>0:39.9,115.9;40.03,115.93;40.2,116.15;40.33,116.12;
#432:
>0:39.63,116.5;39.67,116.35;39.6,116.17;
#433:
>0:39.78,116.44;39.87,116.66;40.03,116.79;40.18,116.75;
#434:
>0:40.34,116.56;40.33,116.46;40.19,116.28;40.05,116.13;39.73,116.07;
#435:
>0:39.98,116.25;39.93,116.23;40.09,116.33;40.07,116.3;
#436:
>0:39.99,116.36;39.95,116.23;40.0,116.39;40.1,116.32;39.89,116.3;40.06,116.39;40.16,116.45;
#437:
>0:39.7,116.36;39.85,116.21;39.89,116.22;40.05,116.47;40.19,116.67;
#438:
>0:39.91,116.37;40.01,116.39;40.03,116.43;
#439:
>0:39.99,116.33;39.94,116.34;40.03,116.36;39.93,116.33;39.99,116.45;
#440:
>0:39.85,116.26;40.01,116.4;40.09,116.1;40.03,116.32;
#441:
>0:40.34,116.75;40.17,116.84;40.15,116.52;
#442:
>0:40.02,116.4;40.0,116.49;
#443:
>0:39.62,116.75;39.68,116.57;39.73,116.39;39.88,116.3;40.11,116.32;
#444:
>0:40.03,116.32;39.92,116.37;39.92,116.35;
#445:
>0:40.07,116.41;40.06,116.53;40.01,116.36;40.08,116.46;
#446:
>0:40.07,116.33;40.04,116.44;
#447:
>0:39.64,116.38;39.76,116.45;39.78,116.65;39.95,116.86;
#448:
>0:40.06,116.37;40.03,116.37;
#449:
>0:40.27,115.94;40.19,115.99;40.15,116.38;
#450:
>0:40.09,116.38;40.07,116.53;40.07,116.33;
#451:
>0:39.63,115.93;39.83,116.14;39.75,116.02;40.05,116.0;
#452:
>0:39.98,116.4;40.06,116.46;
#453:
>0:40.23,116.39;40.22,116.53;40.09,116.45;39.99,116.46;39.81,116.19;
#454:
>0:40.03,116.08;39.97,116.06;39.78,116.13;39.66,116.17;
#455:
>0:39.87,116.28;39.89,116.41;39.92,116.32;
#456:
>0:40.04,116.31;40.04,116.44;39.88,116.68;40.01,116.66;40.08,116.42;40.01,116.37;40.02,116.37;
#457:
>0:40.19,116.1;40.1,115.91;
#458:
>0:39.69,116.65;39.74,116.75;
#459:
>0:39.62,116.63;39.73,116.77;39.95,116.87;40.02,116.72;40.1,116.76;
#460:
>0:40.13,116.28;40.08,116.37;40.14,116.58;
#461:
>0:39.7,115.9;39.76,116.15;39.92,116.35;
#462:
>0:39.89,116.13;39.84,116.1;39.64,116.48;
#463:
>0:40.19,115.98;40.33,116.08;40.32,116.32;40.33,116.38;40.2,116.65;
#464:
>0:40.08,116.22;39.91,116.24;39.97,116.27;
#465:
>0:39.83,116.41;39.97,116.5;40.03,116.41;40.13,116.19;
#466:
>0:39.94,116.37;39.99,116.46;
#467:
>0:39.95,116.35;40.0,116.26;39.95,116.33;39.92,116.41;40.06,116.63;40.07,116.38;
#468:
>0:40.31,116.37;40.24,116.54;40.19,116.42;39.9,116.81;
#469:
>0:39.98,116.25;40.09,116.3;
#470:
>0:40.02,116.45;39.9,116.37;40.06,116.45;
#471:
>0:39.89,116.43;39.79,116.33;39.67,116.28;
#472:
>0:39.61,116.03;39.79,116.2;39.97,116.08;39.99,116.03;
#473:
>0:39.85,116.8;39.85,116.58;40.08,116.62;40.21,116.62;
#474:
>0:40.03,116.07;39.88,116.15;39.81,116.15;39.66,116.07;
#475:
>0:40.26,116.57;40.2,116.7;40.17,116.84;40.03,116.83;39.86,116.7;39.63,116.75;
#476:
>0:40.31,116.47;40.2,116.24;40.09,116.17;39.89,116.16;39.83,116.01;39.67,116.06;
#477:
>0:39.85,115.99;40.0,116.15;40.17,116.03;40.23,116.28;
#478:
>0:40.08,116.48;40.14,116.41;40.13,116.53;
#479:
>0:40.14,116.54;40.19,116.67;40.19,116.49;40.2,116.59;40.16,116.53;40.04,116.41;
#480:
>0:40.02,116.45;40.0,116.36;39.9,116.16;
#481:
>0:40.2,116.46;40.07,116.51;39.98,116.33;40.04,116.33;
#482:
>0:39.98,116.37;39.92,116.35;
#483:
>0:39.95,116.54;39.92,116.4;
#484:
>0:40.05,116.44;40.05,116.39;
#485:
>0:40.03,116.21;40.07,116.37;40.33,116.04;
#486:
>0:40.05,116.35;40.02,116.51;39.88,116.3;
#487:
>0:39.71,116.43;39.82,116.52;39.86,116.84;
#488:
>0:39.68,116.84;39.8,116.7;39.76,116.48;40.07,116.5;
#489:
>0:40.02,116.37;40.03,116.34;
#490:
>0:40.22,116.03;40.14,115.97;40.28,116.17;40.25,116.23;40.31,116.44;40.18,116.79;
#491:
>0:39.84,116.14;39.85,115.96;
#492:
>0:39.98,116.64;40.16,116.45;
#493:
>0:40.22,116.16;40.17,116.05;
#494:
>0:39.61,116.22;39.77,116.18;39.75,116.31;40.08,116.49;
#495:
>0:40.15,116.43;40.06,116.41;40.19,116.42;40.03,116.52;39.85,116.54;40.01,116.4;39.91,116.51;40.1,116.47;40.16,116.43;40.04,116.63;40.18,116.43;40.0,116.39;40.05,116.67;40.12,116.51;
#496:
>0:40.31,115.98;40.21,115.94;40.19,116.37;
#497:
>0:40.0,116.51;40.18,116.37;40.08,116.14;39.84,115.98;
#498:
>0:40.08,116.3;39.95,116.29;39.95,116.25;
#499:
>0:40.02,116.4;39.98,116.21;40.08,116.4;
#500:
>0:39.81,116.45;39.78,116.58;39.61,116.79;
#501:
>0:39.97,116.24;40.04,116.38;
#502:
>0:40.03,116.37;40.08,116.33;
#503:
>0:40.16,116.22;40.06,116.38;40.1,116.61;
#504:
>0:40.22,116.54;40.07,116.39;
#505:
>0:40.02,116.33;39.97,116.36;39.99,116.35;
#506:
>0:40.0,116.58;40.1,116.49;40.26,116.41;40.0,116.08;
#507:
>0:39.85,116.28;39.93,116.51;
#508:
>0:39.95,116.13;39.97,116.15;
#509:
>0:39.65,116.79;39.84,116.73;
#510:
>0:40.0,116.41;40.04,116.38;
#511:
>0:39.75,116.39;39.62,116.27;39.82,116.11;39.79,116.05;
#512:
>0:40.34,116.44;40.22,116.27;40.04,116.15;39.94,115.96;
#513:
>0:39.74,116.15;39.8,116.35;39.87,116.4;40.17,116.45;
#514:
>0:40.17,116.4;40.1,116.64;40.17,116.39;40.0,116.42;
#515:
>0:40.14,116.41;40.0,116.48;40.16,116.52;39.98,116.4;40.07,116.33;40.08,116.39;
#516:
>0:39.66,116.25;39.8,116.5;39.94,116.57;40.07,116.76;40.15,116.74;
#517:
>0:39.87,116.27;40.04,116.25;
#518:
>0:40.09,116.3;39.89,116.33;
#519:
>0:39.88,116.07;40.0,116.07;40.01,116.44;
#520:
>0:39.75,116.44;39.62,116.31;39.74,116.06;39.73,116.04;
#521:
>0:40.16,116.09;40.11,115.9;
#522:
>0:40.16,116.47;40.1,116.37;39.96,116.37;40.0,116.42;40.12,116.23;
#523:
>0:39.62,116.61;39.75,116.47;39.88,116.5;40.08,116.57;
#524:
>0:40.09,116.15;39.92,116.33;39.99,116.47;
#525:
>0:40.0,116.46;40.0,116.25;
#526:
>0:40.0,116.36;40.01,116.11;40.04,116.36;
#527:
>0:40.05,116.39;40.02,116.2;39.92,116.22;39.96,116.26;
#528:
>0:40.05,116.4;39.97,116.66;
#529:
>0:40.12,116.54;40.15,116.61;40.15,116.87;40.29,116.87;
#530:
>0:40.3,116.85;40.15,116.73;40.22,116.68;40.21,116.38;
#531:
>0:40.05,116.46;39.88,116.38;40.02,116.42;40.07,116.53;40.16,116.45;
#532:
>0:40.03,116.4;40.01,116.41;40.05,116.4;
#533:
>0:40.1,116.47;39.86,116.7;39.78,116.71;
#534:
>0:40.09,116.36;39.95,116.32;
#535:
>0:40.0,116.35;40.19,116.54;40.0,116.46;
#536:
>0:40.2,116.39;40.21,116.71;40.1,116.47;39.99,116.53;40.11,116.46;40.15,116.69;40.21,116.41;
#537:
>0:39.97,116.35;39.86,116.55;
#538:
>0:39.99,116.43;39.86,116.33;39.92,116.33;
#539:
>0:40.04,115.97;40.06,116.16;40.06,116.25;40.04,116.43;39.86,116.61;39.77,116.77;
#540:
>0:40.21,116.62;40.04,116.5;
#541:
>0:39.89,116.27;40.01,116.46;
#542:
>0:40.15,116.29;40.07,116.39;
#543:
>0:40.1,116.44;40.01,116.45;39.91,116.35;
#544:
>0:40.04,116.65;39.94,116.77;
#545:
>0:40.05,116.36;39.92,116.25;39.98,116.29;
#546:
>0:40.01,116.43;39.94,116.37;40.0,116.3;39.94,116.36;40.06,116.33;40.06,116.39;
#547:
>0:39.63,116.09;39.78,116.18;39.83,116.31;39.89,116.42;39.92,116.86;
#548:
>0:39.77,116.45;39.76,116.56;39.92,116.8;40.09,116.77;40.29,116.62;
#549:
>0:40.01,116.31;40.09,116.12;40.02,116.43;
#550:
>0:39.67,116.48;39.64,116.31;39.81,116.07;39.87,116.21;40.19,116.38;
#551:
>0:40.01,116.3;40.18,116.4;
#552:
>0:40.18,116.54;40.0,116.3;40.03,116.34;
#553:
>0:39.98,116.76;39.89,116.62;39.75,116.58;39.65,116.45;39.69,116.27;39.79,115.93;
#554:
>0:40.07,116.35;40.0,116.32;
#555:
>0:40.08,116.49;39.89,116.67;39.85,116.41;
#556:
>0:40.01,116.77;40.22,116.69;40.2,116.42;40.27,116.44;40.14,116.31;39.96,115.93;
#557:
>0:40.04,116.3;40.07,116.44;40.18,116.52;40.15,116.5;
