#0:
>0:39.91,116.79;40.08,116.63;40.13,116.57;40.3,116.7;
#1:
>0:40.14,116.15;39.98,116.02;39.93,115.89;39.8,116.08;39.71,115.98;
#2:
>0:40.07,116.24;39.98,116.52;39.95,116.3;40.0,116.33;40.06,116.37;
#3:
>0:40.02,116.37;39.86,116.31;39.87,116.3;
#4:
>0:40.09,116.36;39.96,116.31;40.07,116.39;39.89,116.32;
#5:
>0:40.02,116.27;40.01,116.5;40.07,116.35;39.94,116.36;40.07,116.26;40.11,116.53;
#6:
>0:40.05,116.28;39.9,116.37;
#7:
>0:40.02,116.35;40.09,116.39;40.22,116.44;40.01,116.29;
#8:
>0:40.2,116.11;40.27,115.93;
#9:
>0:40.23,116.4;40.14,116.47;39.98,116.52;
#10:
>0:40.21,116.45;40.07,116.51;
#11:
>0:40.03,116.35;40.08,116.44;39.98,116.31;
#12:
>0:40.0,116.35;39.93,116.37;40.02,116.22;
#13:
>0:39.87,116.34;40.04,116.25;
#14:
>0:40.25,116.13;40.16,116.07;40.11,116.36;40.09,116.15;39.78,116.36;
#15:
>0:40.24,116.79;40.26,116.59;40.19,116.55;40.15,116.26;
#16:
>0:39.97,116.32;40.08,116.25;40.0,116.37;
#17:
>0:40.04,116.3;39.97,116.34;40.04,116.28;
#18:
>0:40.31,116.52;40.11,116.24;
#19:
>0:39.95,116.35;40.03,116.27;40.09,116.27;
#20:
>0:40.09,116.33;39.91,116.37;40.0,116.37;40.08,116.24;
#21:
>0:39.9,116.29;40.09,116.49;39.97,116.37;
#22:
>0:40.05,116.25;39.95,116.35;40.04,116.3;
#23:
>0:40.02,116.41;39.99,116.31;
#24:
>0:40.07,116.34;39.97,116.32;40.08,116.23;40.09,116.27;
#25:
>0:40.02,116.37;39.98,116.38;40.07,116.28;
#26:
>0:40.09,116.26;39.91,116.32;40.0,116.54;
#27:
>0:39.83,116.84;39.88,116.6;39.89,116.39;
#28:
>0:40.0,116.34;39.94,116.36;40.03,116.24;40.07,116.27;
#29:
>0:40.09,116.32;39.95,116.22;39.91,116.32;
#30:
>0:40.2,116.65;39.98,116.73;
#31:
>0:40.01,116.25;39.9,116.35;40.02,116.22;
#32:
>0:40.01,116.38;40.03,116.31;
#33:
>0:40.04,116.25;40.07,116.35;
#34:
>0:40.11,116.16;40.3,116.36;40.34,116.54;40.34,116.7;
#35:
>0:40.09,116.31;40.06,116.23;
#36:
>0:39.99,116.28;39.91,116.22;39.98,116.31;40.02,116.32;
#37:
>0:40.0,116.3;40.09,116.33;
#38:
>0:40.01,116.33;39.85,116.28;40.07,116.3;40.0,116.42;40.07,116.35;
#39:
>0:40.19,116.24;40.1,116.33;
#40:
>0:39.9,116.27;40.02,116.22;
#41:
>0:40.03,116.3;39.89,116.32;40.07,116.31;
#42:
>0:40.02,116.36;39.92,116.45;40.07,116.35;
#43:
>0:40.05,116.32;39.9,116.25;39.98,116.32;40.05,116.23;
#44:
>0:40.1,116.25;40.0,116.3;
#45:
>0:40.03,116.38;39.87,116.25;39.95,116.33;
#46:
>0:39.9,116.38;40.1,116.33;40.1,116.35;
#47:
>0:39.93,116.22;40.09,116.27;39.97,116.22;40.06,116.31;39.98,116.26;
#48:
>0:39.84,116.06;39.96,116.24;39.9,116.53;40.07,116.71;39.89,116.87;
#49:
>0:40.21,116.77;40.07,116.71;39.91,116.72;39.79,116.61;
#50:
>0:39.84,116.63;39.95,116.39;40.06,116.3;40.2,116.3;
#51:
>0:40.02,116.22;39.92,116.37;40.05,116.23;
#52:
>0:39.99,116.26;39.86,116.46;39.98,116.23;
#53:
>0:40.04,116.29;39.95,116.29;40.07,116.37;
#54:
>0:40.22,116.15;40.13,115.91;40.03,116.12;39.85,116.38;
#55:
>0:40.01,116.34;39.87,116.26;40.06,116.35;
#56:
>0:40.05,116.35;39.93,116.23;40.01,116.27;40.06,116.22;
#57:
>0:40.22,116.36;40.17,116.23;40.01,116.12;39.92,116.4;
#58:
>0:40.06,116.31;39.86,116.52;40.01,116.25;
#59:
>0:40.02,116.24;40.08,116.36;
#60:
>0:40.25,115.99;40.26,116.13;40.26,116.35;40.34,116.47;40.3,116.57;40.33,116.82;
#61:
>0:40.02,116.38;39.89,116.35;39.99,116.36;39.98,116.35;
#62:
>0:39.93,116.31;40.05,116.53;39.95,116.24;
#63:
>0:39.73,116.28;39.85,116.17;39.78,116.37;39.88,116.43;40.15,116.43;
#64:
>0:40.08,116.34;40.05,116.06;40.21,116.03;
#65:
>0:39.64,116.46;39.7,116.25;39.65,116.08;39.83,115.95;
#66:
>0:39.8,116.55;39.78,116.31;39.88,116.47;39.99,116.47;40.34,116.48;
#67:
>0:40.05,116.36;39.94,116.38;40.06,116.24;40.01,116.34;
#68:
>0:40.25,116.74;40.29,116.68;40.16,116.44;39.94,116.43;
#69:
>0:40.01,116.28;39.88,116.32;40.03,116.26;40.05,116.22;
#70:
>0:40.1,116.83;40.31,116.65;
#71:
>0:40.01,116.32;40.03,116.44;39.99,116.33;
#72:
>0:40.08,116.32;40.05,116.54;40.0,116.28;
#73:
>0:39.65,116.05;39.68,116.08;39.94,116.03;
#74:
>0:40.04,116.34;39.89,116.27;40.02,116.37;40.03,116.29;
#75:
>0:39.82,116.06;39.87,116.22;39.98,116.54;40.18,116.65;40.3,116.83;
#76:
>0:39.98,116.33;39.87,116.33;
#77:
>0:40.12,116.51;40.01,116.4;40.08,116.74;
#78:
>0:39.62,116.07;39.77,116.22;
#79:
>0:39.92,116.38;40.06,116.36;39.99,116.25;
#80:
>0:39.99,116.26;39.97,116.33;40.09,116.27;
#81:
>0:40.07,116.32;40.07,116.44;40.01,116.22;
#82:
>0:39.94,116.33;40.08,116.3;40.03,116.38;
#83:
>0:40.02,116.3;39.97,116.31;40.0,116.34;40.0,116.53;40.21,116.42;40.14,116.71;40.18,116.47;40.2,116.44;
#84:
>0:39.86,116.37;40.0,116.35;39.99,116.36;
#85:
>0:39.9,116.36;40.04,116.34;40.02,116.09;40.02,116.37;
#86:
>0:40.07,116.31;40.04,116.06;40.01,116.23;
#87:
>0:40.32,116.14;40.1,116.29;39.98,116.52;39.97,116.49;39.73,116.49;39.61,116.53;
#88:
>0:40.0,116.34;39.92,116.44;40.09,116.25;
#89:
>0:40.05,116.22;39.98,116.26;40.1,116.47;39.83,116.66;
#90:
>0:39.98,116.34;39.96,116.27;39.97,116.38;
#91:
>0:39.62,116.24;39.84,116.18;39.85,116.24;39.97,116.54;40.2,116.4;
#92:
>0:40.13,116.51;40.32,116.29;
#93:
>0:40.03,116.24;39.99,116.39;39.86,116.39;39.9,116.26;
#94:
>0:39.88,116.36;40.08,116.23;40.09,116.36;
#95:
>0:40.03,116.36;39.92,116.36;
#96:
>0:39.94,116.33;39.94,116.39;39.98,116.23;40.0,116.33;
#97:
>0:39.89,116.65;39.75,116.45;
#98:
>0:39.86,116.54;40.09,116.63;40.12,116.73;40.24,116.76;
#99:
>0:40.01,116.27;39.97,116.36;40.07,116.36;
#100:
>0:40.03,116.53;39.98,116.32;
#101:
>0:39.99,116.29;39.93,116.4;39.98,116.25;
#102:
>0:39.96,116.3;39.99,116.24;
#103:
>0:39.85,116.79;39.82,116.77;39.72,116.75;
#104:
>0:40.03,116.32;39.9,116.54;40.1,116.3;
#105:
>0:39.98,116.38;39.91,116.35;40.05,116.27;
#106:
>0:40.13,116.43;40.02,116.53;40.08,116.24;39.93,116.3;39.95,116.47;39.99,116.3;39.94,116.3;40.03,116.22;39.96,116.29;40.01,116.3;39.92,116.28;39.99,116.3;39.87,116.35;40.03,116.35;40.09,116.22;
#107:
>0:40.21,116.32;40.09,116.49;40.2,116.47;40.01,116.82;
#108:
>0:40.13,116.76;40.02,116.8;
#109:
>0:39.99,116.38;39.91,116.31;40.08,116.27;
#110:
>0:40.23,116.82;40.34,116.62;40.2,116.67;40.11,116.52;
#111:
>0:39.95,116.83;39.82,116.87;39.65,116.82;
#112:
>0:39.66,116.67;39.82,116.42;39.77,116.24;39.62,116.34;39.8,115.99;
#113:
>0:40.0,116.06;39.98,116.28;39.98,116.48;39.74,116.61;
#114:
>0:39.91,116.39;39.82,116.31;39.7,116.07;
#115:
>0:40.08,116.35;39.93,116.36;40.01,116.37;39.97,116.31;40.01,116.32;40.1,116.24;
#116:
>0:40.01,116.34;39.88,116.3;40.09,116.27;40.02,116.46;40.13,116.42;39.99,116.26;40.21,116.41;
#117:
>0:40.3,115.95;40.11,115.95;
#118:
>0:40.06,116.27;39.87,116.25;40.03,116.34;39.96,116.37;40.07,116.33;
#119:
>0:40.07,116.26;39.92,116.26;39.98,116.24;39.88,116.24;39.98,116.34;39.98,116.37;
#120:
>0:39.75,116.08;39.82,116.0;39.91,116.02;40.05,115.93;40.31,116.26;
#121:
>0:40.06,116.53;40.03,116.37;
#122:
>0:40.0,116.28;39.86,116.32;40.01,116.25;
#123:
>0:39.74,116.12;39.71,116.22;
#124:
>0:40.04,116.24;39.97,116.27;40.05,116.29;
#125:
>0:40.02,116.23;39.99,116.26;
#126:
>0:40.0,116.23;39.97,116.37;39.99,116.33;
#127:
>0:40.09,116.36;39.92,116.37;40.01,116.23;
#128:
>0:39.68,116.14;39.76,116.13;39.84,116.37;39.73,116.52;39.71,116.82;
#129:
>0:40.02,116.33;39.9,116.26;40.04,116.35;39.86,116.32;40.01,116.36;
#130:
>0:39.99,116.23;39.97,116.22;40.03,116.23;
#131:
>0:40.01,116.24;39.93,116.28;39.94,116.45;
#132:
>0:40.0,116.35;40.05,116.32;
#133:
>0:40.03,116.35;39.88,116.26;40.08,116.25;40.03,116.28;
#134:
>0:39.98,116.24;39.9,116.35;39.96,116.25;
#135:
>0:39.86,116.48;40.07,116.5;40.0,116.22;40.05,116.23;
#136:
>0:40.03,116.23;39.91,116.36;40.04,116.28;39.95,116.35;40.09,116.31;39.92,116.4;40.13,116.55;
#137:
>0:39.99,116.33;40.08,116.25;
#138:
>0:40.29,116.69;40.21,116.58;40.12,116.44;39.98,116.35;39.76,116.33;
#139:
>0:40.03,116.34;40.04,116.26;
#140:
>0:40.16,116.46;40.29,116.31;
#141:
>0:40.01,116.23;40.0,116.35;
#142:
>0:39.99,116.38;40.09,116.27;
#143:
>0:40.06,116.22;40.02,116.47;39.98,116.37;
#144:
>0:40.11,116.53;40.03,116.49;
#145:
>0:40.05,115.94;40.03,116.07;39.89,116.29;39.98,116.48;
#146:
>0:40.23,116.79;40.27,116.68;40.11,116.53;39.96,116.43;
#147:
>0:39.78,116.75;39.96,116.66;39.96,116.45;
#148:
>0:40.05,116.36;39.89,116.37;40.08,116.22;
#149:
>0:40.03,116.23;39.96,116.36;40.1,116.37;
#150:
>0:39.97,116.27;40.06,116.36;40.03,116.46;40.11,116.41;40.14,116.62;40.17,116.44;40.07,116.54;40.15,116.57;
#151:
>0:40.09,115.9;40.1,116.16;39.96,116.36;40.01,116.51;
#152:
>0:40.01,116.24;40.01,116.5;40.02,116.29;
#153:
>0:39.86,116.78;40.0,116.58;40.11,116.57;40.3,116.68;
#154:
>0:40.03,116.36;39.91,116.27;
#155:
>0:40.07,116.26;40.02,116.31;
#156:
>0:40.05,116.23;39.9,116.27;39.95,116.44;40.04,116.26;40.1,116.39;
#157:
>0:40.16,116.5;39.99,116.24;
#158:
>0:40.01,116.25;40.03,116.24;
#159:
>0:40.28,116.63;40.11,116.69;40.11,116.54;40.0,116.33;39.79,116.49;
#160:
>0:40.21,116.77;40.34,116.56;40.31,116.44;40.26,116.28;
#161:
>0:40.14,116.12;40.17,116.29;40.09,116.2;39.77,116.26;
#162:
>0:40.15,116.5;39.98,116.26;40.08,116.24;
#163:
>0:39.94,116.18;39.82,116.14;39.8,116.36;39.73,116.54;39.66,116.75;
#164:
>0:40.05,116.33;40.01,116.38;
#165:
>0:39.75,116.8;39.87,116.67;39.87,116.4;
#166:
>0:40.04,116.51;39.99,116.56;40.11,116.71;40.13,116.54;
#167:
>0:39.62,116.48;39.68,116.22;39.83,116.21;39.96,115.96;40.1,115.97;
#168:
>0:40.12,116.84;40.32,116.71;
#169:
>0:39.75,116.03;39.96,115.99;39.78,116.18;40.04,116.45;
#170:
>0:39.96,116.49;39.98,116.38;39.99,116.33;
#171:
>0:39.89,116.55;40.02,116.51;
#172:
>0:40.06,116.23;40.01,116.43;40.01,116.36;39.99,116.49;
#173:
>0:40.3,116.45;40.26,116.66;40.02,116.47;
#174:
>0:39.99,116.34;39.98,116.41;40.02,116.37;
#175:
>0:39.9,116.3;40.0,116.33;
#176:
>0:40.01,115.91;40.12,116.01;40.27,116.37;
#177:
>0:39.99,116.29;39.87,116.32;39.9,116.33;
#178:
>0:39.93,116.82;39.94,116.55;39.76,116.59;39.85,116.43;39.97,116.16;
#179:
>0:40.07,116.36;39.88,116.42;40.0,116.37;
#180:
>0:40.07,116.29;39.95,116.37;40.04,116.34;40.08,116.25;
#181:
>0:39.63,116.73;39.79,116.61;39.87,116.85;40.07,116.82;
#182:
>0:40.02,116.23;39.93,116.24;40.09,116.24;
#183:
>0:39.99,116.26;40.1,116.5;40.13,116.46;40.17,116.59;40.21,116.46;39.98,116.25;
#184:
>0:39.88,116.41;39.85,116.61;39.6,116.72;
#185:
>0:40.07,116.38;39.9,116.34;39.91,116.27;
#186:
>0:39.98,116.32;39.93,116.3;40.09,116.33;40.0,116.37;
#187:
>0:39.89,116.25;40.02,116.34;40.06,116.24;
#188:
>0:40.1,116.33;39.89,116.27;40.08,116.25;39.97,116.28;39.88,116.24;
#189:
>0:40.31,116.46;40.13,116.44;40.02,116.24;
#190:
>0:40.07,116.0;40.18,115.96;40.23,116.25;
#191:
>0:40.28,116.29;40.22,116.5;39.99,116.45;40.03,116.84;
#192:
>0:39.98,116.23;39.88,116.31;40.02,116.22;39.99,116.29;
#193:
>0:40.03,116.3;40.01,116.53;40.1,116.36;40.01,116.26;
#194:
>0:40.08,116.32;40.01,116.53;39.98,116.26;
#195:
>0:40.01,116.34;40.05,116.52;40.07,116.32;
#196:
>0:40.24,116.1;40.14,116.22;40.14,116.29;39.99,116.21;39.88,116.25;39.65,116.33;
#197:
>0:40.04,116.24;40.08,116.34;
#198:
>0:40.09,116.25;39.9,116.25;40.04,116.32;
#199:
>0:39.98,116.08;39.93,116.38;40.05,116.25;39.9,116.67;
#200:
>0:39.92,116.31;40.04,116.29;39.9,116.47;40.08,116.28;
#201:
>0:40.01,116.38;39.89,116.41;40.09,116.26;
#202:
>0:40.07,116.26;40.03,116.27;
#203:
>0:40.09,116.3;39.93,116.29;39.86,116.27;
#204:
>0:40.05,116.32;39.94,116.36;40.05,116.32;39.85,116.23;40.07,116.36;39.91,116.45;40.19,116.42;
#205:
>0:39.93,116.7;39.81,116.65;39.77,116.51;39.69,116.24;39.89,115.96;
#206:
>0:39.91,116.34;40.01,116.23;
#207:
>0:40.23,116.74;40.32,116.7;40.21,116.53;39.86,116.54;
#208:
>0:40.32,116.87;40.1,116.86;
#209:
>0:40.18,116.48;40.17,116.56;40.12,116.44;40.3,116.43;40.12,116.48;
#210:
>0:40.0,116.23;40.22,116.42;40.1,116.23;
#211:
>0:40.04,116.35;40.0,116.29;
#212:
>0:40.01,116.25;39.88,116.45;40.03,116.5;39.97,116.26;
#213:
>0:40.07,116.27;40.05,116.35;
#214:
>0:40.06,116.27;40.04,116.23;
#215:
>0:40.0,116.24;39.87,116.25;40.1,116.3;39.91,116.24;39.92,116.42;
#216:
>0:40.25,116.01;40.12,115.93;
#217:
>0:40.08,116.32;39.99,116.39;39.98,116.25;
#218:
>0:39.86,116.34;40.06,116.07;
#219:
>0:39.9,116.74;40.02,116.6;40.16,116.55;40.31,116.59;
#220:
>0:40.25,116.07;40.18,116.3;40.02,116.4;39.97,116.46;39.73,116.54;39.69,116.4;
#221:
>0:40.06,116.26;39.9,116.26;40.01,116.25;40.04,116.25;
#222:
>0:39.93,116.36;40.04,116.25;39.88,116.34;40.03,116.26;
#223:
>0:40.01,116.3;39.98,116.22;
#224:
>0:40.07,116.29;39.91,116.54;40.05,116.27;
#225:
>0:40.04,116.04;40.04,116.13;39.86,116.31;40.02,116.47;
#226:
>0:40.06,116.24;40.1,116.43;40.05,116.22;
#227:
>0:39.88,116.5;40.0,116.23;
#228:
>0:40.05,116.27;40.08,116.37;
#229:
>0:40.08,116.22;39.87,116.35;40.0,116.24;39.94,116.37;40.03,116.37;39.87,116.29;40.08,116.36;40.1,116.51;
#230:
>0:40.09,116.36;39.99,116.52;40.01,116.34;
#231:
>0:40.0,116.28;39.89,116.25;39.95,116.33;
#232:
>0:40.14,116.57;40.17,116.45;40.07,116.31;
#233:
>0:39.98,116.3;40.05,116.43;40.11,116.5;39.93,116.38;
#234:
>0:40.28,116.37;40.17,116.5;40.1,116.26;40.05,116.44;39.81,116.87;
#235:
>0:40.01,115.95;40.0,116.1;39.89,115.94;39.66,116.19;
#236:
>0:40.28,116.85;40.26,116.67;40.12,116.5;
#237:
>0:39.94,116.82;39.9,116.63;39.78,116.68;39.76,116.51;39.86,116.2;
#238:
>0:40.13,116.49;40.03,116.32;40.08,116.25;
#239:
>0:39.95,116.51;40.05,116.29;39.92,116.34;39.98,116.32;40.19,116.49;40.11,116.41;
#240:
>0:40.01,116.34;40.05,116.26;
#241:
>0:39.89,116.62;39.81,116.7;39.75,116.41;39.77,116.19;
#242:
>0:40.05,116.29;40.02,116.39;40.16,116.42;40.21,116.44;
#243:
>0:39.82,115.95;39.77,116.16;39.75,116.28;39.84,116.49;39.78,116.57;
#244:
>0:40.08,116.38;39.98,116.25;
#245:
>0:39.92,116.22;40.02,116.24;39.98,116.24;
#246:
>0:40.05,116.32;40.08,116.3;
#247:
>0:40.01,116.3;40.08,116.24;
#248:
>0:40.05,116.34;40.06,116.25;
#249:
>0:40.09,116.25;40.05,116.31;
#250:
>0:39.97,116.26;39.88,116.42;40.01,116.31;40.05,116.28;
#251:
>0:40.03,116.27;39.9,116.38;40.04,116.23;
#252:
>0:40.29,116.84;40.16,116.86;
#253:
>0:40.0,116.3;40.04,116.22;
#254:
>0:40.08,116.29;39.93,116.31;
#255:
>0:40.34,116.73;40.25,116.69;40.2,116.56;40.11,116.37;
#256:
>0:39.99,116.35;40.06,116.23;
#257:
>0:40.1,116.28;39.93,116.48;40.07,116.32;
#258:
>0:40.05,116.37;39.86,116.39;39.98,116.34;
#259:
>0:40.0,116.22;39.94,116.36;40.06,116.25;
#260:
>0:40.04,116.28;39.97,116.22;40.0,116.25;39.95,116.24;39.86,116.43;
#261:
>0:40.2,116.0;40.02,116.12;39.99,116.35;39.97,116.49;
#262:
>0:40.03,116.38;39.97,116.35;40.04,116.3;39.92,116.32;40.0,116.35;40.07,116.23;
#263:
>0:39.88,116.23;40.09,116.21;
#264:
>0:40.2,116.09;40.02,116.35;
#265:
>0:40.1,116.29;40.03,116.5;40.07,116.28;
#266:
>0:39.71,116.18;39.79,116.22;39.78,116.53;39.82,116.7;
#267:
>0:39.9,116.69;40.08,116.53;40.17,116.5;40.28,116.24;40.15,116.0;
#268:
>0:39.91,116.65;39.79,116.51;
#269:
>0:40.11,116.39;40.16,116.66;40.13,116.5;39.98,116.43;40.02,116.27;39.9,116.24;39.92,116.35;
#270:
>0:40.01,116.31;40.0,116.52;40.07,116.28;
#271:
>0:39.99,116.35;40.09,116.43;
#272:
>0:39.97,116.24;40.06,116.36;40.03,116.33;
#273:
>0:40.31,116.12;40.12,116.38;40.22,116.48;
#274:
>0:40.02,116.28;39.91,116.38;39.97,116.51;39.99,116.22;40.1,116.31;
#275:
>0:40.03,116.27;39.87,116.26;40.06,116.25;40.01,116.23;
#276:
>0:40.07,116.28;39.86,116.33;40.05,116.34;
#277:
>0:40.02,116.36;40.05,116.32;
#278:
>0:40.21,115.9;40.22,116.08;
#279:
>0:39.87,116.36;40.01,116.23;40.03,116.37;
#280:
>0:40.08,116.25;39.96,116.4;40.05,116.33;
#281:
>0:39.95,116.84;40.05,116.64;40.21,116.65;40.26,116.68;
#282:
>0:39.88,116.23;40.06,116.34;39.99,116.33;
#283:
>0:39.75,116.25;39.9,116.52;39.92,116.61;
#284:
>0:40.24,116.63;40.33,116.46;40.22,116.41;40.02,116.25;39.78,116.3;
#285:
>0:39.85,116.72;40.07,116.64;40.09,116.51;40.02,116.3;40.08,116.19;40.26,115.89;
#286:
>0:40.18,116.72;40.1,116.58;40.06,116.47;39.73,116.59;
#287:
>0:39.86,115.94;39.82,116.1;39.64,116.25;39.8,116.35;39.61,116.63;
#288:
>0:40.17,116.52;40.04,116.44;40.2,116.42;40.09,116.5;40.04,116.25;40.02,116.27;
#289:
>0:40.1,116.51;40.09,116.41;40.03,116.27;40.11,116.47;
#290:
>0:40.05,116.69;40.04,116.39;39.81,116.22;
#291:
>0:39.66,116.74;39.84,116.65;39.95,116.8;39.99,116.79;
#292:
>0:40.11,116.38;40.09,116.41;40.03,116.36;40.04,116.26;
#293:
>0:39.92,116.41;39.75,116.59;39.7,116.75;
#294:
>0:39.95,116.23;39.86,116.45;40.07,116.23;40.02,116.29;
#295:
>0:40.33,116.88;40.21,116.67;40.07,116.48;39.89,116.29;39.8,116.41;39.61,116.12;
#296:
>0:40.03,116.29;40.08,116.35;
#297:
>0:39.86,116.37;40.08,116.27;39.98,116.46;40.04,116.3;
#298:
>0:39.76,116.26;39.69,116.53;
#299:
>0:39.98,116.23;40.08,116.33;
#300:
>0:39.86,116.26;40.04,116.27;40.06,116.28;
#301:
>0:40.08,116.42;40.1,116.23;
#302:
>0:40.07,116.37;39.87,116.28;39.99,116.22;39.89,116.36;40.09,116.37;39.95,116.4;40.11,116.48;
#303:
>0:40.22,116.73;40.34,116.57;40.22,116.64;40.25,116.36;
#304:
>0:40.09,116.27;39.97,116.24;39.87,116.43;40.07,116.24;39.98,116.24;
#305:
>0:40.05,116.36;39.9,116.36;40.1,116.22;40.0,116.38;
#306:
>0:39.88,116.31;40.0,116.25;39.87,116.36;39.98,116.36;39.96,116.25;40.07,116.35;
#307:
>0:40.05,116.35;39.93,116.25;39.86,116.22;
#308:
>0:39.91,116.28;40.01,116.25;
#309:
>0:40.02,116.35;39.92,116.48;
#310:
>0:39.8,116.27;39.8,116.5;40.0,116.36;
#311:
>0:40.0,116.07;40.07,116.33;40.07,116.44;39.8,116.63;
#312:
>0:40.02,116.26;39.97,116.35;40.01,116.37;40.06,116.42;39.88,116.54;40.21,116.46;
#313:
>0:39.91,116.14;39.9,116.3;40.03,116.2;40.23,116.16;
#314:
>0:40.08,116.24;40.07,116.38;40.08,116.32;
#315:
>0:39.86,116.37;39.95,116.39;40.01,116.28;40.07,116.22;
#316:
>0:39.85,116.27;39.78,116.54;39.66,116.35;
#317:
>0:40.06,116.31;39.93,116.3;
#318:
>0:40.02,116.09;40.0,116.04;40.32,116.04;
#319:
>0:40.2,116.12;40.01,116.02;
#320:
>0:39.92,116.83;39.79,116.75;39.68,116.76;
#321:
>0:39.99,116.38;40.08,116.51;40.2,116.52;40.21,116.65;40.26,116.51;40.24,116.79;
#322:
>0:40.07,116.28;40.07,116.28;
#323:
>0:40.27,116.02;40.27,116.13;40.29,116.22;40.26,116.43;40.33,116.59;40.28,116.72;
#324:
>0:40.07,116.3;39.92,116.26;40.0,116.34;
#325:
>0:40.09,116.28;39.93,116.29;40.01,116.26;
#326:
>0:39.99,116.31;40.05,116.34;
#327:
>0:39.85,116.37;40.0,116.34;40.02,116.29;
#328:
>0:40.26,116.72;40.23,116.66;40.14,116.65;40.07,116.23;
#329:
>0:40.04,116.24;39.86,116.33;40.03,116.29;40.04,116.38;
#330:
>0:39.99,116.29;39.98,116.3;
#331:
>0:39.93,116.54;40.08,116.5;40.03,116.38;39.93,115.95;
#332:
>0:40.2,116.52;40.13,116.7;40.17,116.48;40.05,116.51;40.1,116.24;39.88,116.25;40.07,116.35;39.9,116.3;40.01,116.34;39.89,116.28;40.01,116.36;39.91,116.25;40.02,116.32;40.03,116.23;
#333:
>0:40.23,116.45;40.29,116.68;40.21,116.49;39.85,116.44;
#334:
>0:39.92,116.26;40.07,116.25;40.05,116.3;
#335:
>0:40.04,116.33;39.92,116.36;40.06,116.26;40.02,116.27;
#336:
>0:40.09,116.23;39.9,116.22;40.04,116.3;40.03,116.23;
#337:
>0:39.99,116.32;39.94,116.33;40.07,116.31;40.01,116.33;
#338:
>0:39.84,116.0;39.93,116.2;40.05,116.34;40.15,116.39;40.32,116.68;
#339:
>0:39.98,116.35;39.91,116.37;40.06,116.34;
#340:
>0:40.0,116.25;39.88,116.26;40.07,116.26;39.86,116.25;39.86,116.46;
#341:
>0:40.04,116.24;39.9,116.32;39.88,116.37;
#342:
>0:40.04,116.34;40.01,116.4;40.1,116.27;40.09,116.31;
#343:
>0:39.92,116.87;39.87,116.64;39.79,116.62;39.74,116.55;39.93,116.16;
#344:
>0:40.08,116.34;39.99,116.47;40.03,116.37;
#345:
>0:40.24,116.67;40.2,116.63;40.12,116.4;40.03,116.36;39.78,116.32;
#346:
>0:40.05,116.32;40.06,116.28;
#347:
>0:40.28,116.33;40.12,116.3;40.07,116.12;39.92,116.49;
#348:
>0:39.99,116.3;39.92,116.44;40.07,116.37;
#349:
>0:40.01,116.26;40.07,116.23;
#350:
>0:40.19,115.99;40.04,116.11;39.9,116.28;
#351:
>0:39.99,116.29;39.91,116.3;40.03,116.3;
#352:
>0:39.86,116.77;39.95,116.61;40.06,116.4;40.06,116.23;40.08,116.15;40.27,116.02;
#353:
>0:40.0,116.33;39.91,116.42;40.02,116.22;
#354:
>0:40.05,116.32;39.86,116.46;40.06,116.26;
#355:
>0:40.09,116.33;39.99,116.3;
#356:
>0:40.07,116.36;39.85,116.29;40.04,116.28;40.01,116.26;
#357:
>0:40.02,116.4;40.11,116.51;40.13,116.61;40.18,116.52;40.14,116.43;
#358:
>0:40.32,116.68;40.17,116.43;40.0,116.44;40.05,116.36;39.73,116.27;
#359:
>0:39.82,116.54;39.61,116.52;
#360:
>0:40.07,116.33;39.9,116.27;
#361:
>0:40.26,116.64;40.2,116.59;40.18,116.37;
#362:
>0:40.02,116.28;39.96,116.36;39.99,116.35;40.0,116.26;
#363:
>0:40.07,116.36;39.92,116.31;39.93,116.02;
#364:
>0:40.1,116.36;40.07,116.25;
#365:
>0:40.21,116.17;40.17,115.93;39.85,116.0;
#366:
>0:39.92,116.28;39.8,116.51;39.61,116.3;
#367:
>0:39.91,116.24;40.04,116.36;
#368:
>0:39.89,116.38;39.98,116.35;39.86,116.22;39.99,116.32;40.03,116.24;
#369:
>0:39.9,116.29;40.02,116.48;40.14,116.44;39.99,116.28;
#370:
>0:40.04,116.34;40.08,116.27;
#371:
>0:39.98,116.3;39.92,116.22;40.06,116.34;40.01,116.28;
#372:
>0:40.03,116.36;39.9,116.26;
#373:
>0:39.88,116.6;39.74,116.83;
#374:
>0:39.88,116.23;40.07,116.24;39.98,116.32;
#375:
>0:40.07,116.3;40.08,116.34;
#376:
>0:39.85,116.27;40.05,116.24;40.08,116.46;40.13,116.52;40.14,116.56;40.14,116.51;40.12,116.65;40.21,116.59;
#377:
>0:40.08,116.35;39.99,116.34;
#378:
>0:40.27,116.51;40.12,116.5;40.0,116.53;39.86,116.7;39.78,116.68;
#379:
>0:40.05,116.61;40.14,116.58;40.26,116.41;40.33,116.1;
#380:
>0:40.08,116.27;39.89,116.27;39.86,116.25;
#381:
>0:40.01,116.23;40.04,116.22;
#382:
>0:40.17,116.54;40.08,116.26;
#383:
>0:39.82,116.31;39.74,116.43;39.84,116.55;
#384:
>0:39.96,116.24;40.04,116.24;40.01,116.45;40.08,116.33;
#385:
>0:40.05,116.27;40.09,116.39;39.97,116.29;40.03,116.34;40.05,116.38;
#386:
>0:39.98,116.24;39.96,116.47;40.0,116.44;39.99,116.36;40.06,116.32;
#387:
>0:40.04,116.26;40.1,116.29;
#388:
>0:40.09,116.26;40.07,116.34;
#389:
>0:39.9,116.87;39.92,116.55;39.82,116.55;39.85,116.4;39.97,116.1;
#390:
>0:40.08,116.24;39.88,116.34;40.07,116.37;40.09,116.26;
#391:
>0:39.86,116.87;40.03,116.63;40.13,116.58;40.33,116.67;
#392:
>0:40.05,116.28;39.87,116.31;40.04,116.34;
#393:
>0:39.78,116.86;39.89,116.56;40.06,116.52;40.07,116.31;
#394:
>0:40.01,116.26;39.89,116.26;
#395:
>0:40.03,116.34;40.03,116.43;39.99,116.25;
#396:
>0:39.99,116.26;39.94,116.26;40.04,116.29;40.01,116.22;
#397:
>0:39.69,116.32;39.84,116.16;39.89,116.04;40.09,116.04;40.15,116.34;
#398:
>0:39.89,116.34;40.06,116.23;39.9,116.25;40.0,116.38;40.02,116.23;
#399:
>0:40.05,116.32;39.96,116.38;
#400:
>0:39.94,116.35;40.02,116.3;39.88,116.37;40.03,116.3;
#401:
>0:40.01,116.22;39.96,116.34;
#402:
>0:39.97,116.22;39.85,116.31;
#403:
>0:39.65,116.53;39.67,116.37;
#404:
>0:40.08,116.25;39.88,116.37;
#405:
>0:40.08,116.3;39.95,116.26;40.05,116.41;
#406:
>0:39.99,116.32;40.04,116.35;
#407:
>0:40.15,116.45;40.16,116.66;40.21,116.54;40.01,116.35;
#408:
>0:39.86,116.29;39.99,116.34;40.01,116.22;
#409:
>0:40.0,116.34;39.99,116.31;
#410:
>0:40.09,116.26;39.98,116.38;
#411:
>0:39.95,116.56;39.91,116.44;40.08,116.45;40.26,116.4;
#412:
>0:40.22,116.39;40.03,116.33;40.0,116.37;
#413:
>0:40.27,116.35;40.15,116.4;40.02,116.32;40.05,116.54;39.77,116.74;
#414:
>0:40.26,116.72;40.15,116.79;
#415:
>0:40.03,116.34;39.99,116.34;
#416:
>0:40.06,116.28;40.01,116.38;
#417:
>0:40.1,116.52;40.09,116.36;
#418:
>0:39.89,116.22;39.83,116.06;39.73,116.36;39.73,116.54;39.68,116.86;
#419:
>0:39.91,116.3;40.03,116.37;40.07,116.38;
#420:
>0:40.09,116.27;39.88,116.25;40.0,116.31;
#421:
>0:39.97,116.32;40.06,116.22;39.98,116.53;40.02,116.24;
#422:
>0:40.16,116.54;40.0,116.52;40.21,116.45;40.08,116.51;40.1,116.52;40.01,116.49;40.18,116.39;40.14,116.63;40.1,116.41;39.99,116.49;40.07,116.24;40.08,116.35;
#423:
>0:40.09,115.94;40.03,116.1;39.89,115.91;39.66,116.13;
#424:
>0:40.04,116.28;39.96,116.34;40.02,116.25;40.02,116.34;
#425:
>0:40.04,116.23;39.86,116.38;39.96,116.42;40.06,116.3;
#426:
>0:39.96,116.62;40.02,116.5;40.18,116.44;40.15,116.15;
#427:
>0:39.98,116.32;39.99,116.34;
#428:
>0:39.91,116.3;39.98,116.35;40.09,116.16;40.03,116.29;
#429:
>0:40.33,116.01;40.19,116.18;40.1,115.98;39.86,115.92;
#430:
>0:40.24,116.8;40.26,116.65;40.22,116.43;39.95,116.39;
#431:
>0:40.09,116.22;39.95,116.26;39.86,116.33;
#432:
>0:39.97,116.31;39.98,116.27;39.98,116.24;
#433:
>0:40.0,116.7;39.97,116.86;
#434:
>0:39.87,116.31;40.06,116.24;
#435:
>0:40.02,116.25;40.09,116.54;40.0,116.27;
#436:
>0:40.06,116.25;40.01,116.23;
#437:
>0:39.99,116.31;39.95,116.35;39.95,116.33;
#438:
>0:39.91,116.32;40.06,116.31;
#439:
>0:39.73,116.79;39.93,116.56;39.99,116.44;40.17,116.51;40.28,116.53;
#440:
>0:40.03,116.31;40.02,116.48;40.0,116.31;39.91,116.29;40.03,116.25;40.05,116.23;
#441:
>0:40.09,116.36;39.9,116.22;40.1,116.36;
#442:
>0:39.93,116.33;40.03,116.36;
#443:
>0:39.98,116.25;40.06,116.23;
#444:
>0:40.14,116.21;40.1,115.96;39.88,116.25;
#445:
>0:40.06,116.33;40.02,116.37;
#446:
>0:40.06,116.36;40.09,116.29;
#447:
>0:40.2,116.18;40.12,116.22;40.07,116.11;39.88,116.04;39.65,116.25;
#448:
>0:40.0,116.24;40.06,116.31;
#449:
>0:40.08,116.24;39.93,116.33;40.05,116.37;40.06,116.44;39.9,116.27;
#450:
>0:40.02,116.23;39.89,116.29;
#451:
>0:39.98,116.31;40.08,116.24;
#452:
>0:40.21,116.39;40.13,116.68;40.35,116.45;40.23,116.74;
#453:
>0:40.01,116.28;39.99,116.28;
#454:
>0:40.0,116.24;39.86,116.33;40.16,116.46;
#455:
>0:40.05,116.23;40.05,116.39;40.04,116.25;
#456:
>0:39.84,116.32;39.77,116.19;39.94,116.05;40.01,115.98;40.29,115.9;
#457:
>0:40.14,116.31;40.02,116.06;39.97,115.94;
#458:
>0:40.16,116.52;40.02,116.34;
#459:
>0:40.01,116.34;39.89,116.27;40.08,116.51;39.85,116.38;
#460:
>0:39.89,116.79;39.91,116.67;39.77,116.63;39.76,116.47;39.9,116.12;
#461:
>0:39.91,116.54;40.04,116.45;40.1,116.28;40.04,116.46;40.02,116.23;40.2,116.5;
#462:
>0:39.69,116.54;39.73,116.33;39.77,116.16;39.9,115.98;40.22,115.91;
#463:
>0:39.98,116.33;40.03,116.26;
#464:
>0:40.08,116.25;40.01,116.52;40.18,116.44;40.04,116.35;40.22,116.49;
#465:
>0:40.02,116.24;39.9,116.31;39.86,116.03;
#466:
>0:39.88,116.78;39.93,116.7;39.73,116.69;39.73,116.51;39.94,116.09;
#467:
>0:40.04,116.34;39.93,116.34;40.03,116.24;39.85,116.23;40.03,116.22;39.94,116.24;39.85,116.38;
#468:
>0:40.04,116.24;40.09,116.31;
#469:
>0:40.13,116.01;40.05,116.12;39.94,116.31;39.85,116.41;
#470:
>0:39.99,116.3;39.92,116.24;40.02,116.38;39.88,116.33;39.99,116.38;39.99,116.28;
#471:
>0:40.01,116.32;39.94,116.32;40.07,116.24;40.03,116.35;
#472:
>0:40.01,116.25;40.02,116.26;
#473:
>0:40.0,116.34;39.97,116.34;40.03,116.54;
#474:
>0:39.94,116.73;39.81,116.8;39.6,116.75;
#475:
>0:39.97,116.69;39.94,116.41;40.04,116.32;
#476:
>0:39.98,116.29;40.01,116.5;40.06,116.29;
#477:
>0:40.25,116.67;40.18,116.58;40.2,116.41;39.99,116.29;39.84,116.26;
#478:
>0:39.91,116.39;39.73,116.38;39.73,116.05;
#479:
>0:40.03,116.28;40.01,116.31;
#480:
>0:40.17,116.16;40.29,116.28;40.3,116.53;40.28,116.57;40.27,116.85;
#481:
>0:40.22,116.2;40.28,116.32;40.28,116.45;40.3,116.68;40.31,116.78;
#482:
>0:40.16,116.77;39.98,116.71;39.88,116.62;39.76,116.55;39.64,116.57;
#483:
>0:40.08,116.31;40.07,116.27;
#484:
>0:40.07,116.36;40.06,116.42;39.99,116.34;
#485:
>0:40.03,116.27;40.15,116.42;
#486:
>0:40.07,116.29;39.9,116.52;40.03,116.26;
#487:
>0:39.71,116.24;39.82,116.19;39.94,116.03;39.98,116.05;40.12,116.37;
#488:
>0:40.1,116.35;39.96,116.3;40.11,116.41;
#489:
>0:39.93,116.39;39.74,116.57;39.72,116.74;
#490:
>0:39.71,116.82;39.73,116.67;39.73,116.47;39.67,116.26;39.69,116.19;
#491:
>0:39.65,116.86;39.76,116.61;39.92,116.44;40.06,116.48;40.13,116.65;
#492:
>0:40.27,116.47;40.15,116.63;
#493:
>0:39.9,116.36;40.04,116.34;
#494:
>0:40.06,116.29;39.88,116.32;40.1,116.34;39.99,116.25;
#495:
>0:39.92,116.37;39.98,116.26;
#496:
>0:40.35,116.79;40.21,116.64;40.12,116.49;40.09,116.36;39.9,116.25;39.66,116.64;
#497:
>0:40.06,116.37;39.85,116.37;40.0,116.34;40.02,116.33;
#498:
>0:40.18,116.49;40.08,116.37;40.0,116.23;
#499:
>0:40.0,116.52;40.2,116.54;40.12,116.63;40.27,116.44;40.23,116.59;40.21,116.46;
#500:
>0:39.91,115.96;40.02,116.01;40.22,116.17;40.25,116.02;
#501:
>0:40.03,116.37;39.92,116.48;39.98,116.47;40.0,116.38;40.19,116.47;
#502:
>0:40.01,116.32;40.04,116.46;39.97,116.36;40.03,116.28;40.02,116.31;
#503:
>0:40.28,116.82;40.28,116.7;40.17,116.52;39.95,116.5;
#504:
>0:40.07,116.48;39.95,116.22;39.8,116.4;39.71,116.2;
#505:
>0:39.93,116.36;39.94,116.46;39.89,116.27;
#506:
>0:39.99,116.36;39.96,116.27;40.03,116.26;40.0,116.23;
#507:
>0:39.78,116.16;39.9,116.23;40.1,116.25;39.99,116.5;39.92,116.81;
#508:
>0:39.87,116.3;40.05,116.49;39.99,116.24;39.99,116.31;
#509:
>0:39.74,116.09;39.87,115.97;40.07,116.06;
#510:
>0:40.05,116.23;40.0,116.28;
#511:
>0:39.95,116.25;40.01,116.34;40.09,116.25;
#512:
>0:40.08,116.36;40.22,116.45;
#513:
>0:39.99,116.38;40.01,116.34;
#514:
>0:40.05,116.32;40.1,116.27;
#515:
>0:40.06,116.36;39.99,116.27;
#516:
>0:39.86,116.31;40.01,116.2;
#517:
>0:39.92,116.34;40.03,116.06;
#518:
>0:40.02,116.33;39.92,116.31;40.02,116.27;40.0,116.34;
#519:
>0:39.98,116.26;39.91,116.26;39.99,116.33;39.98,116.34;
#520:
>0:39.98,116.29;40.02,116.33;
#521:
>0:40.08,116.33;40.03,116.54;39.98,116.23;
#522:
>0:40.04,116.3;39.89,116.26;40.08,116.38;40.01,116.31;
#523:
>0:39.94,116.49;40.08,116.49;40.19,116.54;40.08,116.3;
#524:
>0:40.2,116.43;40.02,116.53;40.22,116.38;40.2,116.54;
#525:
>0:40.07,116.38;39.9,116.52;40.03,116.24;
#526:
>0:40.09,116.26;40.1,116.25;
#527:
>0:39.86,116.37;40.1,116.33;39.88,116.27;40.0,116.22;
#528:
>0:40.26,116.52;40.18,116.32;40.13,116.21;40.29,116.02;
#529:
>0:40.17,116.47;40.21,116.57;40.17,116.42;40.05,116.23;
#530:
>0:40.28,116.06;40.17,116.21;40.18,116.04;40.0,116.11;39.76,116.37;
#531:
>0:39.97,116.84;39.92,116.57;39.81,116.61;39.73,116.46;39.86,116.07;
#532:
>0:39.98,116.35;40.07,116.5;40.02,116.28;
#533:
>0:40.2,116.38;40.09,116.51;40.18,116.49;40.08,116.78;
#534:
>0:40.06,115.96;39.87,116.17;
#535:
>0:40.23,116.31;40.17,116.25;40.05,116.18;39.9,116.24;
#536:
>0:40.05,116.23;40.06,116.29;
#537:
>0:39.98,116.24;39.88,116.37;
#538:
>0:40.03,116.25;39.9,116.36;
#539:
>0:40.09,116.22;40.07,116.22;
#540:
>0:40.17,116.44;40.09,116.54;39.9,116.25;40.07,116.26;40.1,116.39;40.21,116.39;40.23,116.52;40.27,116.65;40.29,116.5;40.2,116.54;40.15,116.64;40.2,116.51;40.16,116.52;
#541:
>0:40.04,116.5;40.17,116.46;40.18,116.62;40.31,116.42;40.25,116.58;40.23,116.73;40.3,116.58;40.31,116.51;40.22,116.44;40.12,116.49;
#542:
>0:39.93,116.05;39.89,116.28;40.03,116.28;39.9,116.6;
#543:
>0:39.87,116.49;39.84,116.29;39.66,116.37;39.83,115.97;
#544:
>0:40.29,116.87;40.33,116.61;40.27,116.46;40.12,116.45;
#545:
>0:40.27,116.76;40.14,116.66;40.02,116.85;39.94,116.65;39.73,116.59;39.62,116.55;
#546:
>0:39.82,116.35;39.92,116.45;40.03,116.59;
#547:
>0:40.04,116.3;39.95,116.24;40.09,116.32;39.94,116.29;39.89,116.35;
#548:
>0:39.99,115.9;40.16,115.97;40.33,116.3;
#549:
>0:40.13,116.59;40.15,116.5;40.09,116.31;
#550:
>0:40.34,116.21;40.22,116.19;40.18,116.05;40.09,116.15;39.86,116.34;39.68,116.35;
#551:
>0:39.98,116.27;39.93,116.34;40.05,116.36;39.95,116.37;40.04,116.27;40.1,116.29;
#552:
>0:40.29,116.25;40.21,116.44;40.03,116.3;40.07,116.51;39.77,116.8;
#553:
>0:40.07,116.23;40.08,116.47;39.94,116.37;
#554:
>0:39.89,115.99;39.91,116.18;
#555:
>0:40.05,116.36;39.93,116.3;
#556:
>0:40.12,116.4;40.13,116.6;40.22,116.43;40.07,116.55;40.01,116.34;39.94,116.36;39.96,116.36;
#557:
>0:40.08,116.23;39.86,116.35;
