#0:
>0:40.03,116.7;40.02,116.5;
#1:
>0:39.77,116.47;39.85,116.4;39.85,116.42;39.87,116.52;39.98,116.62;
#2:
>0:39.98,116.3;40.06,116.32;40.03,116.35;40.06,116.34;40.06,116.4;
#3:
>0:39.86,116.41;39.88,116.53;39.94,116.33;
#4:
>0:39.85,116.56;39.84,116.45;39.89,116.46;39.97,116.4;40.06,116.31;
#5:
>0:40.07,116.33;40.02,116.31;
#6:
>0:39.87,116.41;39.82,116.57;
#7:
>0:39.78,116.36;39.83,116.44;39.91,116.58;39.95,116.51;39.99,116.58;40.03,116.58;
#8:
>0:40.04,116.4;39.97,116.29;39.94,116.39;40.03,116.34;40.05,116.33;40.06,116.31;
#9:
>0:40.04,116.4;40.0,116.43;39.96,116.6;
#10:
>0:39.93,116.3;39.99,116.35;40.02,116.46;40.06,116.68;
#11:
>0:39.95,116.21;39.98,116.37;40.06,116.27;
#12:
>0:39.94,116.55;39.87,116.42;39.86,116.32;39.82,116.21;
#13:
>0:40.02,116.38;40.01,116.31;
#14:
>0:40.03,116.34;40.07,116.46;39.99,116.57;39.91,116.54;
#15:
>0:39.91,116.49;39.82,116.55;39.77,116.51;39.85,116.76;
#16:
>0:40.07,116.21;40.01,116.3;39.98,116.26;39.95,116.25;39.82,116.29;
#17:
>0:39.87,116.62;39.84,116.69;39.86,116.41;
#18:
>0:40.02,116.31;40.0,116.35;
#19:
>0:39.99,116.37;40.06,116.39;
#20:
>0:39.97,116.34;39.96,116.37;40.03,116.32;40.03,116.31;40.02,116.39;40.03,116.38;40.05,116.31;
#21:
>0:39.77,116.39;39.84,116.42;39.9,116.59;39.93,116.68;40.02,116.52;40.02,116.57;
#22:
>0:39.95,116.24;39.94,116.34;40.03,116.3;39.97,116.52;
#23:
>0:39.9,116.46;39.86,116.34;39.84,116.25;
#24:
>0:39.91,116.37;39.82,116.24;
#25:
>0:39.95,116.2;40.04,116.33;39.94,116.45;
#26:
>0:40.03,116.49;40.04,116.58;
#27:
>0:40.07,116.35;40.02,116.47;40.01,116.56;39.95,116.69;39.89,116.71;
#28:
>0:40.06,116.62;39.98,116.74;
#29:
>0:39.85,116.21;39.87,116.3;
#30:
>0:39.92,116.36;39.92,116.43;40.01,116.52;40.05,116.64;40.06,116.78;
#31:
>0:40.04,116.24;40.02,116.37;40.04,116.44;
#32:
>0:39.95,116.65;39.93,116.59;39.88,116.45;39.96,116.38;39.93,116.27;
#33:
>0:39.95,116.74;39.97,116.75;
#34:
>0:39.91,116.27;39.88,116.37;39.84,116.4;39.82,116.44;39.92,116.67;
#35:
>0:40.01,116.37;40.06,116.39;
#36:
>0:39.85,116.33;39.86,116.49;39.86,116.55;39.84,116.65;
#37:
>0:40.02,116.27;39.96,116.37;40.02,116.39;39.99,116.43;39.92,116.7;
#38:
>0:40.07,116.74;39.99,116.67;39.93,116.52;39.88,116.41;39.83,116.32;39.85,116.29;
#39:
>0:39.95,116.69;40.0,116.51;40.07,116.5;40.04,116.38;
#40:
>0:39.92,116.65;40.01,116.56;40.07,116.47;40.06,116.3;
#41:
>0:39.86,116.53;39.89,116.55;39.89,116.63;40.01,116.78;
#42:
>0:39.84,116.49;39.91,116.58;39.96,116.51;40.0,116.42;
#43:
>0:39.84,116.8;39.88,116.71;39.9,116.6;39.87,116.52;39.83,116.4;
#44:
>0:39.96,116.28;39.93,116.27;
#45:
>0:40.04,116.63;40.06,116.78;
#46:
>0:39.91,116.67;39.9,116.54;39.88,116.43;40.0,116.34;
#47:
>0:39.9,116.66;39.96,116.53;39.98,116.43;40.05,116.36;
#48:
>0:39.87,116.3;39.96,116.37;40.02,116.32;39.98,116.47;40.02,116.61;
#49:
>0:39.9,116.5;39.91,116.58;
#50:
>0:40.01,116.4;39.93,116.37;40.0,116.32;40.04,116.32;40.03,116.21;40.04,116.35;40.03,116.25;40.04,116.35;
#51:
>0:40.05,116.67;39.99,116.72;
#52:
>0:39.99,116.35;39.98,116.43;39.93,116.55;
#53:
>0:39.8,116.51;39.84,116.47;39.92,116.34;39.9,116.2;
#54:
>0:39.93,116.72;39.99,116.73;
#55:
>0:39.89,116.69;39.82,116.79;
#56:
>0:39.83,116.68;39.89,116.7;
#57:
>0:39.94,116.66;40.01,116.57;40.07,116.49;40.06,116.39;
#58:
>0:39.97,116.32;40.04,116.37;40.05,116.28;40.03,116.39;40.05,116.36;
#59:
>0:39.97,116.61;39.92,116.6;39.88,116.6;39.83,116.36;
#60:
>0:39.97,116.23;39.91,116.22;39.84,116.27;39.8,116.34;
#61:
>0:40.02,116.39;40.0,116.33;39.92,116.42;
#62:
>0:39.82,116.46;39.86,116.36;
#63:
>0:39.97,116.66;39.95,116.59;39.97,116.48;
#64:
>0:39.92,116.67;39.89,116.64;39.92,116.52;39.94,116.33;
#65:
>0:39.97,116.55;39.92,116.4;39.94,116.32;39.87,116.23;
#66:
>0:40.01,116.36;40.06,116.38;39.99,116.55;
#67:
>0:39.78,116.27;39.83,116.29;39.89,116.32;39.95,116.25;40.04,116.38;
#68:
>0:39.9,116.71;39.89,116.64;39.87,116.58;39.92,116.41;39.97,116.31;39.87,116.21;
#69:
>0:40.01,116.33;39.99,116.45;39.92,116.59;
#70:
>0:39.81,116.2;39.87,116.32;39.85,116.42;39.91,116.56;39.82,116.65;
#71:
>0:40.02,116.33;40.04,116.23;40.07,116.31;39.99,116.35;
#72:
>0:39.9,116.76;39.9,116.68;39.91,116.53;39.98,116.48;
#73:
>0:40.0,116.35;40.06,116.32;40.01,116.6;
#74:
>0:40.04,116.63;40.02,116.64;39.97,116.51;39.9,116.4;39.86,116.39;39.81,116.27;
#75:
>0:40.01,116.37;40.02,116.32;
#76:
>0:40.07,116.42;40.02,116.57;39.94,116.7;39.92,116.77;39.85,116.73;39.8,116.7;
#77:
>0:39.99,116.39;40.06,116.34;40.04,116.25;40.05,116.37;39.99,116.32;40.07,116.32;40.04,116.34;
#78:
>0:40.06,116.3;40.05,116.26;40.07,116.32;40.01,116.43;
#79:
>0:40.01,116.39;40.02,116.35;
#80:
>0:39.97,116.38;40.03,116.39;40.0,116.33;40.01,116.29;39.93,116.37;40.03,116.39;
#81:
>0:39.9,116.65;39.86,116.75;
#82:
>0:40.01,116.47;39.96,116.54;39.9,116.69;39.85,116.79;
#83:
>0:39.88,116.54;39.96,116.58;39.94,116.4;
#84:
>0:40.03,116.38;40.02,116.35;40.04,116.31;
#85:
>0:39.91,116.68;39.86,116.73;
#86:
>0:40.07,116.42;40.0,116.57;39.94,116.45;39.96,116.51;39.85,116.34;
#87:
>0:39.96,116.78;39.99,116.69;
#88:
>0:39.8,116.39;39.84,116.46;
#89:
>0:40.07,116.4;40.0,116.46;40.01,116.57;40.01,116.62;40.01,116.74;
#90:
>0:39.91,116.66;39.93,116.73;39.98,116.8;
#91:
>0:39.82,116.78;39.89,116.65;39.88,116.54;39.9,116.48;39.88,116.34;
#92:
>0:40.02,116.34;40.04,116.31;40.04,116.29;40.07,116.36;40.05,116.3;40.01,116.37;40.04,116.4;40.05,116.33;
#93:
>0:39.98,116.34;40.03,116.37;
#94:
>0:39.88,116.72;39.9,116.65;40.01,116.66;
#95:
>0:39.83,116.58;39.89,116.58;39.94,116.56;39.97,116.43;
#96:
>0:39.8,116.73;39.82,116.64;39.88,116.57;39.88,116.49;39.94,116.31;39.87,116.21;
#97:
>0:39.84,116.71;39.89,116.73;39.87,116.66;39.88,116.52;39.82,116.39;
#98:
>0:40.06,116.32;40.0,116.44;
#99:
>0:39.91,116.76;39.9,116.66;39.93,116.74;40.07,116.69;
#100:
>0:39.81,116.55;39.83,116.62;
#101:
>0:40.05,116.63;40.07,116.76;
#102:
>0:40.04,116.3;40.04,116.28;40.03,116.39;40.02,116.38;
#103:
>0:39.91,116.63;39.96,116.75;40.02,116.63;40.04,116.65;
#104:
>0:39.86,116.34;39.9,116.31;39.94,116.2;39.98,116.32;40.07,116.24;
#105:
>0:39.99,116.58;40.01,116.63;39.94,116.58;39.83,116.68;
#106:
>0:39.97,116.63;40.0,116.53;
#107:
>0:39.76,116.49;39.85,116.37;39.86,116.46;39.91,116.5;40.01,116.62;
#108:
>0:39.95,116.36;39.95,116.45;39.94,116.6;
#109:
>0:40.03,116.34;40.0,116.48;39.95,116.49;40.0,116.37;
#110:
>0:40.04,116.35;40.01,116.32;39.97,116.34;
#111:
>0:40.03,116.75;40.05,116.76;
#112:
>0:39.89,116.66;39.91,116.58;39.88,116.41;40.02,116.4;
#113:
>0:40.04,116.36;40.07,116.23;40.03,116.39;40.07,116.25;40.04,116.39;40.07,116.28;39.98,116.38;39.99,116.41;39.96,116.43;39.96,116.34;40.02,116.39;40.04,116.34;40.04,116.28;40.01,116.32;39.92,116.38;40.06,116.39;
#114:
>0:39.92,116.21;39.91,116.38;39.84,116.32;39.82,116.5;39.91,116.67;
#115:
>0:39.84,116.66;39.76,116.67;
#116:
>0:39.91,116.53;39.93,116.55;39.92,116.31;
#117:
>0:40.01,116.39;40.0,116.4;
#118:
>0:39.78,116.37;39.86,116.47;39.91,116.45;39.95,116.39;39.97,116.44;
#119:
>0:39.93,116.51;39.99,116.45;40.06,116.33;
#120:
>0:40.03,116.35;40.01,116.32;39.93,116.47;
#121:
>0:39.8,116.7;39.77,116.64;39.86,116.68;39.83,116.59;39.8,116.38;
#122:
>0:39.87,116.4;39.9,116.55;39.96,116.62;39.95,116.76;
#123:
>0:39.9,116.57;39.93,116.56;39.95,116.63;40.05,116.68;
#124:
>0:40.05,116.22;39.97,116.34;40.05,116.3;39.97,116.56;
#125:
>0:40.04,116.5;40.01,116.55;39.93,116.54;
#126:
>0:39.88,116.76;39.84,116.7;39.77,116.75;
#127:
>0:39.95,116.22;39.99,116.34;40.06,116.43;40.03,116.59;
#128:
>0:40.07,116.38;39.98,116.44;39.96,116.56;39.92,116.69;39.82,116.64;39.81,116.59;
#129:
>0:39.78,116.48;39.83,116.54;39.87,116.57;39.94,116.51;40.02,116.41;40.03,116.63;
#130:
>0:39.94,116.24;39.92,116.39;39.82,116.31;39.84,116.47;39.92,116.65;
#131:
>0:39.88,116.39;39.82,116.45;39.83,116.52;39.8,116.67;
#132:
>0:39.97,116.37;40.04,116.37;
#133:
>0:39.82,116.62;39.85,116.52;39.97,116.79;
