#0:
>0:39.9,116.59;39.89,116.6;
#1:
>0:39.94,116.29;39.92,116.33;40.03,116.27;
#2:
>0:39.98,116.49;40.06,116.45;40.02,116.58;39.88,116.73;
#3:
>0:39.91,116.8;39.9,116.67;39.78,116.66;
#4:
>0:39.81,116.44;39.83,116.31;39.86,116.28;39.9,116.28;40.01,116.35;
#5:
>0:39.82,116.27;39.92,116.34;39.93,116.45;39.97,116.58;40.02,116.68;
#6:
>0:39.82,116.7;39.9,116.55;39.87,116.43;39.89,116.4;
#7:
>0:39.9,116.3;39.91,116.4;39.85,116.54;39.91,116.53;39.86,116.75;
#8:
>0:39.99,116.61;39.96,116.62;39.87,116.52;39.85,116.5;39.89,116.28;
#9:
>0:39.78,116.21;39.86,116.37;39.76,116.43;39.89,116.55;
#10:
>0:39.93,116.66;39.94,116.6;39.9,116.44;39.86,116.31;39.86,116.28;
#11:
>0:39.99,116.44;39.95,116.31;39.96,116.27;
#12:
>0:39.77,116.64;39.84,116.56;39.89,116.57;
#13:
>0:40.05,116.45;40.03,116.31;40.04,116.23;40.06,116.33;
#14:
>0:39.85,116.55;39.88,116.45;39.88,116.33;
#15:
>0:40.04,116.36;40.07,116.3;39.98,116.35;40.03,116.32;40.0,116.38;
#16:
>0:39.95,116.37;40.01,116.21;40.03,116.31;
#17:
>0:39.78,116.27;39.85,116.39;39.88,116.42;39.95,116.54;40.01,116.58;
#18:
>0:40.06,116.49;39.98,116.6;39.95,116.46;39.91,116.44;39.82,116.23;
#19:
>0:39.77,116.34;39.86,116.44;39.9,116.52;39.95,116.58;
#20:
>0:39.91,116.32;39.96,116.44;40.02,116.55;40.04,116.56;40.01,116.71;
#21:
>0:39.99,116.61;39.95,116.58;39.9,116.46;39.91,116.37;
#22:
>0:39.95,116.33;39.98,116.48;40.04,116.41;39.99,116.52;39.98,116.7;
#23:
>0:39.88,116.22;39.93,116.24;39.93,116.35;40.07,116.48;
#24:
>0:40.07,116.5;40.01,116.67;39.96,116.6;39.9,116.7;
#25:
>0:39.78,116.34;39.85,116.48;39.9,116.51;39.95,116.53;
#26:
>0:39.83,116.68;39.91,116.78;39.94,116.77;
#27:
>0:39.78,116.52;39.85,116.46;39.82,116.35;39.92,116.21;39.96,116.36;40.04,116.2;
#28:
>0:39.79,116.38;39.81,116.45;39.87,116.56;39.93,116.52;
#29:
>0:39.92,116.78;39.9,116.74;39.87,116.7;39.93,116.52;39.83,116.36;
#30:
>0:39.85,116.63;39.82,116.77;
#31:
>0:39.89,116.26;39.87,116.31;39.84,116.33;39.78,116.5;39.77,116.51;39.81,116.76;
#32:
>0:39.95,116.24;39.95,116.37;39.88,116.36;39.96,116.58;
#33:
>0:39.97,116.69;39.93,116.8;
#34:
>0:40.03,116.25;40.07,116.33;40.05,116.22;40.07,116.31;40.06,116.3;
#35:
>0:39.83,116.49;39.84,116.33;39.96,116.36;
#36:
>0:39.92,116.54;39.92,116.65;
#37:
>0:39.89,116.8;39.88,116.65;39.97,116.58;39.84,116.49;
#38:
>0:39.93,116.23;39.9,116.37;39.84,116.33;39.8,116.47;39.78,116.55;39.83,116.77;
#39:
>0:40.03,116.45;39.98,116.57;40.06,116.7;
#40:
>0:39.83,116.59;39.87,116.58;39.79,116.32;
#41:
>0:39.96,116.28;39.98,116.4;40.03,116.43;40.02,116.57;39.94,116.69;40.06,116.76;
#42:
>0:39.99,116.28;39.96,116.36;40.06,116.45;
#43:
>0:39.99,116.52;39.96,116.69;39.87,116.74;39.82,116.64;
#44:
>0:40.07,116.34;39.97,116.32;
#45:
>0:39.94,116.33;39.9,116.44;39.83,116.51;39.8,116.65;39.79,116.8;
#46:
>0:40.01,116.76;39.92,116.77;39.91,116.57;
#47:
>0:39.85,116.59;39.88,116.54;
#48:
>0:39.79,116.25;39.84,116.21;39.85,116.37;39.95,116.38;
#49:
>0:40.0,116.68;39.93,116.61;39.98,116.53;40.0,116.46;39.93,116.29;
#50:
>0:39.9,116.29;39.96,116.37;40.0,116.3;40.02,116.27;
#51:
>0:39.91,116.78;39.84,116.69;
#52:
>0:40.03,116.57;40.01,116.47;39.94,116.44;39.9,116.44;39.85,116.54;
#53:
>0:40.06,116.4;40.06,116.24;40.0,116.31;40.07,116.37;39.98,116.32;40.07,116.33;40.07,116.29;40.03,116.34;40.06,116.22;40.02,116.33;40.06,116.31;40.07,116.26;40.05,116.33;40.04,116.22;40.03,116.34;
#54:
>0:39.93,116.75;39.89,116.77;39.88,116.64;39.96,116.58;39.91,116.41;39.89,116.28;
#55:
>0:40.0,116.57;39.96,116.5;
#56:
>0:40.04,116.5;39.98,116.59;40.04,116.64;40.02,116.51;40.01,116.49;39.95,116.32;40.06,116.36;
#57:
>0:39.8,116.36;39.86,116.28;39.83,116.32;39.87,116.22;39.94,116.35;40.05,116.46;
#58:
>0:39.91,116.36;39.84,116.37;39.8,116.51;
#59:
>0:40.06,116.41;40.0,116.58;40.04,116.51;40.01,116.72;
#60:
>0:39.95,116.77;39.96,116.66;40.02,116.54;40.01,116.5;39.88,116.31;
#61:
>0:39.85,116.28;39.84,116.34;39.79,116.48;39.85,116.54;39.9,116.68;
#62:
>0:40.01,116.32;40.07,116.35;40.0,116.39;40.03,116.33;
#63:
>0:40.03,116.28;40.03,116.39;40.0,116.44;40.03,116.42;39.97,116.53;40.02,116.76;
#64:
>0:40.01,116.33;40.04,116.38;40.06,116.34;
#65:
>0:39.93,116.56;39.92,116.49;39.83,116.35;39.76,116.21;
#66:
>0:39.84,116.56;39.91,116.49;39.88,116.37;
#67:
>0:39.76,116.23;39.85,116.34;39.78,116.47;39.8,116.56;39.77,116.66;39.86,116.79;
#68:
>0:39.78,116.74;39.83,116.73;39.9,116.71;
#69:
>0:39.93,116.45;39.89,116.56;39.87,116.69;39.86,116.73;
#70:
>0:40.03,116.31;39.97,116.41;40.05,116.47;39.95,116.66;
#71:
>0:39.92,116.36;39.88,116.38;
#72:
>0:40.01,116.64;40.07,116.76;
#73:
>0:39.92,116.21;39.91,116.23;39.85,116.24;
#74:
>0:39.99,116.39;40.05,116.33;
#75:
>0:39.79,116.55;39.85,116.42;39.85,116.4;
#76:
>0:39.93,116.8;39.88,116.74;39.88,116.7;39.82,116.59;39.8,116.36;
#77:
>0:40.0,116.33;39.95,116.34;40.0,116.4;40.05,116.33;40.03,116.29;40.03,116.32;
#78:
>0:39.89,116.48;39.87,116.59;
#79:
>0:39.86,116.63;39.88,116.55;39.92,116.43;39.97,116.45;
#80:
>0:39.92,116.52;39.94,116.49;39.82,116.33;
#81:
>0:40.05,116.34;40.05,116.26;40.03,116.33;40.03,116.2;39.97,116.35;40.07,116.33;40.03,116.23;40.07,116.31;40.04,116.38;
#82:
>0:39.96,116.46;39.87,116.46;39.84,116.43;
#83:
>0:39.92,116.27;39.96,116.38;40.07,116.24;
#84:
>0:40.07,116.29;40.05,116.34;40.0,116.41;39.92,116.43;
#85:
>0:39.97,116.42;40.04,116.33;
#86:
>0:39.89,116.74;39.9,116.62;39.87,116.58;39.83,116.48;39.83,116.34;39.97,116.24;
#87:
>0:40.01,116.37;40.01,116.35;
#88:
>0:40.05,116.35;40.02,116.39;40.04,116.32;39.98,116.33;40.01,116.31;
#89:
>0:39.84,116.4;39.82,116.23;39.89,116.22;40.02,116.4;
#90:
>0:39.98,116.77;39.93,116.72;39.9,116.75;
#91:
>0:40.02,116.61;39.99,116.8;
#92:
>0:39.9,116.62;39.92,116.61;
#93:
>0:39.86,116.56;39.89,116.54;
#94:
>0:39.93,116.69;40.0,116.71;
#95:
>0:40.06,116.31;40.01,116.49;40.07,116.49;39.99,116.53;39.96,116.71;
#96:
>0:39.86,116.71;39.81,116.65;
#97:
>0:39.88,116.4;39.9,116.42;39.84,116.58;39.89,116.68;
#98:
>0:40.02,116.33;40.03,116.31;40.05,116.23;39.97,116.27;40.06,116.22;40.03,116.4;40.05,116.31;
#99:
>0:39.95,116.47;39.99,116.56;39.96,116.65;40.03,116.79;
#100:
>0:40.0,116.2;39.93,116.4;40.03,116.41;
#101:
>0:39.79,116.39;39.82,116.28;
#102:
>0:39.99,116.34;40.05,116.36;
#103:
>0:39.87,116.37;39.93,116.25;
#104:
>0:39.99,116.79;39.95,116.68;39.91,116.55;39.85,116.49;39.78,116.48;
#105:
>0:39.84,116.68;39.79,116.54;
#106:
>0:39.99,116.46;40.06,116.47;39.99,116.6;39.93,116.71;
#107:
>0:39.92,116.67;39.9,116.53;
#108:
>0:40.0,116.33;39.97,116.42;39.87,116.5;39.89,116.64;
#109:
>0:39.8,116.38;39.76,116.49;39.86,116.52;39.9,116.52;39.83,116.72;
#110:
>0:40.02,116.43;39.92,116.34;39.95,116.27;
#111:
>0:39.77,116.35;39.86,116.3;
#112:
>0:39.81,116.52;39.85,116.42;39.83,116.35;39.89,116.26;39.96,116.37;40.04,116.41;
#113:
>0:40.01,116.46;39.92,116.34;39.92,116.22;
#114:
>0:40.04,116.78;39.98,116.73;39.95,116.79;39.87,116.7;39.89,116.66;39.76,116.66;
#115:
>0:39.84,116.59;39.88,116.55;39.8,116.39;
#116:
>0:40.0,116.38;40.06,116.32;40.02,116.24;40.05,116.4;40.02,116.32;
#117:
>0:39.82,116.49;39.89,116.47;
#118:
>0:39.8,116.23;39.87,116.21;39.86,116.38;39.82,116.58;
#119:
>0:39.82,116.52;39.87,116.6;
#120:
>0:39.88,116.37;39.89,116.48;39.86,116.53;39.9,116.67;
#121:
>0:40.0,116.61;39.94,116.69;39.89,116.52;39.86,116.47;39.92,116.22;
#122:
>0:40.06,116.33;40.03,116.47;
#123:
>0:39.98,116.29;40.02,116.39;40.07,116.48;
#124:
>0:40.06,116.39;40.06,116.21;40.0,116.32;40.07,116.35;40.01,116.38;
#125:
>0:39.87,116.35;39.86,116.34;39.77,116.46;39.78,116.57;39.78,116.75;
#126:
>0:39.8,116.39;39.84,116.25;39.86,116.38;39.88,116.26;39.92,116.4;40.04,116.48;
#127:
>0:39.89,116.35;39.93,116.46;40.02,116.51;40.06,116.56;39.98,116.77;
#128:
>0:39.88,116.33;39.93,116.45;40.0,116.59;
#129:
>0:40.06,116.42;39.98,116.59;39.96,116.41;39.9,116.47;39.84,116.26;
#130:
>0:40.06,116.34;39.99,116.35;39.99,116.33;
#131:
>0:39.89,116.72;39.82,116.7;
#132:
>0:39.91,116.33;39.88,116.47;39.84,116.6;39.89,116.59;39.86,116.74;
#133:
>0:40.07,116.43;39.98,116.53;40.05,116.56;40.0,116.75;
