#0:
>0:39.97,116.25;39.93,116.36;39.88,116.46;39.83,116.55;39.77,116.59;39.8,116.78;
#1:
>0:40.03,116.74;40.02,116.68;40.0,116.79;39.87,116.64;
#2:
>0:40.04,116.39;40.04,116.22;40.03,116.34;40.03,116.24;40.06,116.36;40.03,116.33;
#3:
>0:39.93,116.25;39.93,116.34;40.04,116.39;
#4:
>0:40.04,116.4;40.04,116.21;40.06,116.31;40.04,116.28;39.99,116.36;39.93,116.39;39.91,116.48;39.96,116.38;39.97,116.35;40.05,116.31;40.04,116.28;40.04,116.31;
#5:
>0:40.02,116.35;39.99,116.36;
#6:
>0:39.77,116.22;39.84,116.4;39.81,116.44;39.89,116.37;40.02,116.48;
#7:
>0:40.0,116.24;40.05,116.23;
#8:
>0:40.03,116.38;40.0,116.35;
#9:
>0:40.06,116.25;40.03,116.38;39.99,116.3;39.94,116.57;
#10:
>0:39.85,116.62;39.86,116.54;39.79,116.41;39.9,116.38;
#11:
>0:40.02,116.37;39.96,116.45;39.88,116.59;39.95,116.67;
#12:
>0:39.76,116.22;39.86,116.37;39.79,116.5;39.86,116.41;39.89,116.64;
#13:
>0:39.89,116.34;39.95,116.42;39.92,116.56;39.96,116.59;40.03,116.71;
#14:
>0:40.03,116.32;40.04,116.23;39.97,116.36;40.0,116.28;39.94,116.31;39.93,116.38;
#15:
>0:40.01,116.28;39.96,116.33;39.9,116.37;39.83,116.22;
#16:
>0:39.78,116.26;39.83,116.3;39.83,116.46;39.88,116.36;39.94,116.37;40.02,116.35;
#17:
>0:40.01,116.31;40.02,116.34;
#18:
>0:39.94,116.24;39.95,116.31;39.88,116.46;39.82,116.59;39.76,116.51;39.83,116.8;
#19:
>0:39.84,116.42;39.83,116.46;
#20:
>0:40.0,116.47;39.99,116.53;39.95,116.66;39.95,116.72;
#21:
>0:39.84,116.72;39.77,116.67;
#22:
>0:40.06,116.32;40.07,116.29;39.97,116.32;
#23:
>0:39.81,116.31;39.83,116.33;39.88,116.31;
#24:
>0:39.79,116.63;39.76,116.75;
#25:
>0:40.03,116.33;39.97,116.36;
#26:
>0:40.05,116.35;40.07,116.22;40.01,116.31;
#27:
>0:39.95,116.64;40.01,116.68;40.05,116.58;40.06,116.31;
#28:
>0:40.0,116.33;39.99,116.4;
#29:
>0:39.95,116.57;39.91,116.41;39.93,116.33;39.98,116.2;
#30:
>0:39.83,116.71;39.88,116.63;
#31:
>0:39.9,116.78;39.83,116.68;39.82,116.59;39.84,116.47;39.86,116.33;
#32:
>0:39.9,116.69;39.92,116.55;
#33:
>0:39.77,116.27;39.83,116.31;39.83,116.43;39.91,116.53;39.97,116.69;40.07,116.71;
#34:
>0:40.02,116.54;39.98,116.41;39.93,116.33;39.88,116.4;39.85,116.3;
#35:
>0:40.05,116.31;39.98,116.46;39.97,116.55;39.87,116.64;39.89,116.78;
#36:
>0:40.04,116.31;39.99,116.39;
#37:
>0:39.78,116.48;39.85,116.42;39.89,116.54;39.92,116.52;39.98,116.73;
#38:
>0:39.79,116.24;39.85,116.36;39.83,116.49;39.88,116.32;39.99,116.5;
#39:
>0:39.89,116.66;39.91,116.56;39.9,116.44;
#40:
>0:39.76,116.36;39.83,116.44;39.8,116.5;39.78,116.59;39.77,116.78;
#41:
>0:40.05,116.28;39.98,116.34;39.96,116.24;39.9,116.4;39.82,116.22;
#42:
>0:40.07,116.37;40.04,116.3;
#43:
>0:40.04,116.39;40.07,116.29;40.05,116.31;40.07,116.25;40.07,116.32;40.06,116.26;40.02,116.35;40.05,116.35;39.99,116.38;39.94,116.32;40.02,116.35;40.06,116.37;40.07,116.34;
#44:
>0:39.86,116.53;39.89,116.57;39.96,116.44;39.99,116.27;
#45:
>0:39.93,116.23;39.96,116.31;39.91,116.45;39.9,116.56;39.93,116.53;39.98,116.75;
#46:
>0:40.04,116.4;40.0,116.21;39.97,116.4;
#47:
>0:39.78,116.49;39.8,116.55;39.82,116.65;39.94,116.51;
#48:
>0:39.88,116.67;39.9,116.53;39.92,116.42;40.03,116.31;
#49:
>0:39.91,116.53;39.93,116.58;39.93,116.4;
#50:
>0:39.96,116.69;39.89,116.7;
#51:
>0:39.92,116.29;39.89,116.39;39.92,116.22;39.77,116.29;
#52:
>0:39.99,116.74;39.93,116.7;39.92,116.62;39.96,116.46;
#53:
>0:40.0,116.32;39.96,116.39;39.9,116.32;39.94,116.41;39.91,116.45;39.95,116.36;39.89,116.48;39.89,116.34;39.94,116.41;40.01,116.45;40.0,116.58;39.96,116.78;
#54:
>0:40.07,116.33;40.03,116.25;40.05,116.33;40.04,116.24;39.99,116.32;40.04,116.38;40.06,116.36;
#55:
>0:39.83,116.33;39.85,116.47;39.78,116.48;39.78,116.55;39.86,116.79;
#56:
>0:40.06,116.53;40.0,116.4;39.93,116.38;39.88,116.35;39.82,116.23;
#57:
>0:40.05,116.29;39.98,116.39;39.95,116.5;39.97,116.58;40.04,116.68;
#58:
>0:40.0,116.31;39.99,116.36;
#59:
>0:39.8,116.27;39.85,116.36;39.84,116.44;39.9,116.56;39.87,116.63;
#60:
>0:39.96,116.79;39.89,116.64;39.84,116.67;39.77,116.68;
#61:
>0:40.02,116.76;39.94,116.71;39.95,116.63;40.01,116.54;39.92,116.41;39.97,116.25;
#62:
>0:40.02,116.72;39.94,116.71;39.87,116.67;
#63:
>0:39.97,116.76;39.87,116.63;39.82,116.68;39.81,116.63;
#64:
>0:39.99,116.41;39.95,116.49;
#65:
>0:40.01,116.71;39.94,116.75;39.89,116.69;
#66:
>0:40.07,116.39;40.03,116.22;
#67:
>0:39.98,116.39;40.03,116.32;40.06,116.21;40.02,116.32;40.07,116.24;40.06,116.35;
#68:
>0:39.84,116.76;39.84,116.62;39.88,116.54;39.92,116.44;40.05,116.34;
#69:
>0:40.02,116.37;40.03,116.22;40.03,116.38;40.06,116.32;
#70:
>0:39.98,116.58;39.93,116.56;
#71:
>0:40.0,116.78;39.97,116.63;39.94,116.56;39.91,116.5;39.88,116.31;
#72:
>0:40.03,116.37;40.05,116.29;39.98,116.37;40.03,116.31;40.03,116.23;40.06,116.4;40.05,116.28;40.03,116.35;40.0,116.36;40.04,116.33;40.05,116.26;40.07,116.33;40.03,116.32;
#73:
>0:39.82,116.32;39.86,116.49;39.88,116.53;39.96,116.53;40.05,116.65;
#74:
>0:39.76,116.78;39.85,116.66;39.91,116.53;
#75:
>0:39.89,116.35;39.92,116.38;
#76:
>0:39.84,116.44;39.82,116.51;
#77:
>0:39.78,116.74;39.82,116.63;39.91,116.54;39.96,116.6;39.93,116.36;
#78:
>0:39.94,116.5;39.89,116.37;39.84,116.27;
#79:
>0:39.86,116.48;39.76,116.43;39.77,116.53;39.9,116.74;
#80:
>0:39.8,116.22;39.85,116.38;39.83,116.5;39.88,116.6;39.87,116.64;
#81:
>0:39.77,116.75;39.87,116.63;39.82,116.55;39.96,116.48;
#82:
>0:39.96,116.22;39.9,116.37;39.94,116.41;39.9,116.54;40.01,116.62;
#83:
>0:40.04,116.6;40.04,116.46;
#84:
>0:40.0,116.63;40.01,116.59;39.97,116.44;40.04,116.35;
#85:
>0:39.93,116.45;39.87,116.4;39.83,116.22;
#86:
>0:39.89,116.25;39.83,116.22;
#87:
>0:39.99,116.35;40.02,116.39;40.02,116.38;
#88:
>0:39.87,116.61;39.82,116.6;
#89:
>0:40.03,116.33;40.05,116.21;40.06,116.31;40.02,116.36;
#90:
>0:39.83,116.73;39.8,116.62;
#91:
>0:39.83,116.71;39.87,116.7;39.88,116.56;39.94,116.44;40.02,116.36;40.05,116.24;
#92:
>0:39.76,116.47;39.77,116.36;
#93:
>0:40.02,116.58;39.92,116.65;39.93,116.77;
#94:
>0:39.76,116.65;39.85,116.58;39.89,116.51;39.94,116.42;40.0,116.23;
#95:
>0:40.01,116.34;40.03,116.37;40.06,116.39;
#96:
>0:40.04,116.31;40.06,116.21;
#97:
>0:39.96,116.22;39.96,116.34;39.89,116.39;39.96,116.45;40.0,116.69;
#98:
>0:40.06,116.49;40.04,116.38;
#99:
>0:40.01,116.31;40.04,116.31;40.07,116.21;40.02,116.31;
#100:
>0:40.06,116.36;40.04,116.23;40.02,116.31;39.98,116.35;40.03,116.32;40.07,116.33;
#101:
>0:40.07,116.28;39.98,116.36;39.96,116.49;39.97,116.51;40.06,116.63;
#102:
>0:39.85,116.27;39.88,116.38;39.95,116.47;40.02,116.27;
#103:
>0:39.91,116.34;39.96,116.37;
#104:
>0:39.9,116.64;39.93,116.61;
#105:
>0:40.0,116.53;39.97,116.46;39.9,116.47;39.91,116.23;
#106:
>0:39.85,116.25;39.81,116.32;39.85,116.35;39.82,116.59;
#107:
>0:40.04,116.64;39.97,116.61;39.98,116.57;39.95,116.44;39.89,116.22;
#108:
>0:39.98,116.57;39.94,116.61;39.93,116.53;39.88,116.49;39.76,116.42;
#109:
>0:40.04,116.79;39.98,116.67;39.95,116.53;39.87,116.44;39.84,116.33;
#110:
>0:39.98,116.57;39.94,116.62;39.95,116.52;39.82,116.6;
#111:
>0:39.81,116.6;39.82,116.78;39.83,116.69;39.89,116.53;39.97,116.48;40.05,116.36;
#112:
>0:40.03,116.5;39.99,116.61;
#113:
>0:40.0,116.52;39.95,116.52;
#114:
>0:40.03,116.54;40.07,116.46;
#115:
>0:39.99,116.55;39.94,116.58;
#116:
>0:40.0,116.4;40.04,116.23;40.04,116.39;40.05,116.34;
#117:
>0:39.99,116.32;40.07,116.35;40.05,116.22;40.03,116.35;
#118:
>0:39.79,116.75;39.83,116.66;39.84,116.53;39.8,116.5;39.77,116.36;
#119:
>0:40.01,116.46;40.01,116.57;39.9,116.66;
#120:
>0:40.06,116.73;40.02,116.66;39.94,116.53;39.92,116.46;
#121:
>0:40.04,116.73;39.98,116.65;39.94,116.65;
#122:
>0:39.8,116.63;39.82,116.74;39.83,116.64;39.91,116.54;39.97,116.47;40.03,116.31;
#123:
>0:39.86,116.71;39.84,116.69;39.87,116.52;39.97,116.4;40.01,116.37;40.05,116.3;
#124:
>0:40.04,116.26;40.0,116.38;39.95,116.43;39.93,116.57;40.05,116.69;
#125:
>0:39.96,116.41;40.01,116.52;39.88,116.61;
#126:
>0:40.01,116.35;40.03,116.39;40.04,116.32;
#127:
>0:40.01,116.62;39.94,116.51;39.88,116.59;39.87,116.5;39.88,116.22;
#128:
>0:39.98,116.24;39.96,116.34;39.89,116.36;39.97,116.52;
#129:
>0:39.78,116.77;39.82,116.63;39.88,116.59;39.9,116.47;
#130:
>0:40.02,116.31;40.0,116.28;39.93,116.39;40.06,116.33;
#131:
>0:39.78,116.66;39.85,116.54;39.84,116.46;39.82,116.31;
#132:
>0:40.03,116.28;40.0,116.39;39.96,116.38;39.91,116.34;39.82,116.25;
#133:
>0:39.93,116.57;39.9,116.42;39.92,116.31;40.02,116.21;
