#0:
>0:39.96,116.17;39.95,116.22;39.91,116.21;39.96,116.31;
#1:
>0:39.96,116.17;40.0,116.17;40.02,116.23;
#2:
>0:39.93,116.26;39.95,116.19;39.96,116.18;
#3:
>0:39.98,116.38;39.97,116.33;39.98,116.36;39.99,116.32;39.98,116.37;39.98,116.34;
#4:
>0:40.09,116.13;40.06,116.18;40.06,116.22;40.06,116.23;40.02,116.29;39.99,116.37;
#5:
>0:40.01,116.17;40.01,116.22;39.94,116.22;
#6:
>0:39.97,116.37;39.99,116.31;39.97,116.37;39.99,116.34;
#7:
>0:40.05,116.26;40.03,116.23;39.98,116.28;39.94,116.33;39.91,116.24;
#8:
>0:39.92,116.23;39.91,116.28;39.91,116.31;40.0,116.35;
#9:
>0:39.98,116.33;39.99,116.33;
#10:
>0:39.96,116.24;39.94,116.25;
#11:
>0:40.06,116.23;40.04,116.28;40.06,116.33;40.04,116.36;
#12:
>0:39.98,116.34;39.98,116.34;
#13:
>0:39.91,116.31;39.93,116.35;39.95,116.36;39.98,116.34;40.03,116.35;
#14:
>0:39.93,116.29;39.92,116.35;
#15:
>0:39.96,116.36;39.91,116.3;39.93,116.25;39.95,116.28;39.92,116.18;
#16:
>0:40.01,116.36;39.98,116.32;39.95,116.28;39.92,116.2;39.96,116.17;
#17:
>0:39.98,116.36;39.97,116.32;40.03,116.33;
#18:
>0:40.03,116.25;39.98,116.27;39.94,116.3;
#19:
>0:39.91,116.21;39.93,116.24;39.95,116.3;39.99,116.36;
#20:
>0:39.99,116.31;39.99,116.38;39.97,116.3;39.98,116.35;39.99,116.38;
#21:
>0:39.95,116.13;39.97,116.13;
#22:
>0:39.92,116.35;39.92,116.31;39.91,116.28;39.91,116.21;
#23:
>0:39.97,116.33;39.97,116.38;39.98,116.3;39.99,116.38;40.01,116.35;39.99,116.36;
#24:
>0:39.97,116.3;39.99,116.3;
#25:
>0:39.99,116.19;40.0,116.23;39.97,116.29;40.02,116.3;
#26:
>0:40.08,116.12;40.06,116.19;40.04,116.17;40.01,116.22;39.99,116.28;39.98,116.38;
#27:
>0:39.97,116.15;40.0,116.11;40.05,116.17;
#28:
>0:39.95,116.19;39.99,116.16;40.01,116.18;40.01,116.23;40.07,116.14;
#29:
>0:39.92,116.34;39.93,116.31;39.95,116.32;40.01,116.31;
#30:
>0:40.05,116.12;40.07,116.17;40.07,116.21;40.08,116.29;40.08,116.3;40.07,116.35;
#31:
>0:39.96,116.13;39.93,116.11;39.92,116.16;39.93,116.21;39.95,116.3;
#32:
>0:40.04,116.11;40.06,116.17;40.06,116.17;40.06,116.27;
#33:
>0:39.95,116.1;39.93,116.13;39.95,116.21;
#34:
>0:39.99,116.29;39.94,116.3;
#35:
>0:39.98,116.34;39.99,116.3;
#36:
>0:40.05,116.16;40.02,116.23;40.01,116.27;
#37:
>0:39.97,116.28;39.97,116.22;
#38:
>0:39.95,116.2;39.98,116.15;40.01,116.12;40.04,116.13;
#39:
>0:39.97,116.34;40.01,116.35;40.04,116.34;
#40:
>0:40.06,116.28;40.04,116.23;40.08,116.17;
#41:
>0:40.0,116.24;40.01,116.26;
#42:
>0:40.05,116.13;40.0,116.13;39.97,116.11;40.0,116.16;39.92,116.11;
#43:
>0:39.94,116.12;39.97,116.13;40.02,116.12;40.06,116.1;40.07,116.2;
#44:
>0:39.94,116.32;39.99,116.35;
#45:
>0:39.91,116.29;39.91,116.32;
#46:
>0:40.06,116.3;40.04,116.24;40.02,116.21;39.98,116.18;39.94,116.15;
#47:
>0:40.08,116.18;40.05,116.13;40.01,116.14;39.99,116.11;39.96,116.13;
#48:
>0:40.03,116.32;40.01,116.36;39.98,116.29;39.96,116.26;39.91,116.21;
#49:
>0:39.94,116.24;39.96,116.28;
#50:
>0:39.98,116.32;39.95,116.32;39.95,116.27;39.95,116.2;39.96,116.26;39.98,116.22;39.98,116.15;39.98,116.12;
#51:
>0:39.92,116.33;39.96,116.33;39.98,116.33;39.99,116.34;40.03,116.38;
#52:
>0:40.0,116.11;40.01,116.15;40.0,116.21;39.99,116.25;39.95,116.31;40.01,116.37;
#53:
>0:39.97,116.29;39.97,116.31;
#54:
>0:39.92,116.21;39.9,116.28;39.94,116.27;39.99,116.2;40.05,116.17;
#55:
>0:39.94,116.15;39.91,116.12;
#56:
>0:40.01,116.38;40.04,116.34;40.07,116.3;40.07,116.21;
#57:
>0:40.05,116.31;40.08,116.25;40.04,116.2;40.01,116.17;
#58:
>0:39.96,116.37;39.92,116.33;39.92,116.25;39.96,116.21;
#59:
>0:39.91,116.23;39.93,116.25;39.96,116.3;39.97,116.34;
#60:
>0:39.95,116.12;39.98,116.12;40.02,116.11;40.05,116.14;40.08,116.19;
#61:
>0:39.98,116.29;39.96,116.33;
#62:
>0:39.97,116.32;39.94,116.3;
#63:
>0:40.07,116.22;40.05,116.2;40.01,116.15;
#64:
>0:40.06,116.3;40.05,116.28;40.0,116.22;39.97,116.18;39.95,116.1;
#65:
>0:40.04,116.35;40.0,116.3;40.0,116.26;39.97,116.26;39.97,116.24;39.96,116.12;
#66:
>0:39.98,116.19;39.99,116.24;39.95,116.3;39.99,116.36;
#67:
>0:39.93,116.2;39.91,116.2;
#68:
>0:39.96,116.31;39.97,116.32;39.99,116.34;40.04,116.36;
#69:
>0:39.91,116.2;39.91,116.29;39.97,116.27;
#70:
>0:39.99,116.18;39.99,116.21;40.02,116.24;
#71:
>0:39.96,116.13;39.98,116.12;40.02,116.13;40.04,116.14;40.08,116.21;
#72:
>0:40.09,116.11;40.08,116.18;40.06,116.21;40.06,116.28;
#73:
>0:39.95,116.14;39.93,116.12;39.93,116.16;39.91,116.22;39.93,116.26;39.96,116.25;39.91,116.29;39.97,116.32;
#74:
>0:39.97,116.35;39.99,116.31;
#75:
>0:39.98,116.25;40.03,116.31;40.06,116.34;
#76:
>0:39.98,116.15;39.94,116.15;
#77:
>0:39.91,116.28;39.94,116.27;
#78:
>0:39.93,116.36;39.96,116.31;39.94,116.26;39.93,116.19;
#79:
>0:40.0,116.19;39.99,116.14;
#80:
>0:39.94,116.31;39.98,116.37;
#81:
>0:40.06,116.24;40.03,116.21;40.0,116.27;39.97,116.26;39.96,116.26;
#82:
>0:39.94,116.37;39.97,116.29;39.95,116.25;40.0,116.21;39.99,116.17;39.98,116.13;
#83:
>0:40.05,116.25;40.01,116.22;39.97,116.16;
#84:
>0:39.98,116.29;39.99,116.37;40.0,116.29;39.99,116.34;40.03,116.37;40.0,116.37;
#85:
>0:39.94,116.19;39.94,116.12;
#86:
>0:40.06,116.34;40.05,116.31;40.05,116.24;
#87:
>0:39.98,116.33;39.99,116.37;
#88:
>0:39.91,116.32;39.92,116.36;39.95,116.36;40.01,116.37;
#89:
>0:40.04,116.17;40.0,116.23;39.99,116.26;39.95,116.29;39.94,116.35;
#90:
>0:40.04,116.25;40.02,116.23;39.97,116.26;39.95,116.21;39.93,116.14;
#91:
>0:40.04,116.17;40.02,116.19;39.99,116.25;39.97,116.2;39.92,116.15;
#92:
>0:39.98,116.12;40.0,116.18;39.94,116.19;39.98,116.19;39.97,116.13;
#93:
>0:40.02,116.14;40.0,116.17;40.01,116.24;39.99,116.27;39.94,116.29;40.0,116.34;
#94:
>0:40.03,116.17;40.02,116.2;40.01,116.28;
#95:
>0:40.04,116.13;40.02,116.19;40.0,116.24;39.97,116.28;39.93,116.17;
#96:
>0:40.0,116.29;39.99,116.3;39.96,116.26;39.91,116.25;
#97:
>0:40.01,116.36;39.99,116.3;39.97,116.32;39.94,116.28;39.97,116.21;39.96,116.12;
#98:
>0:39.97,116.31;39.97,116.3;
#99:
>0:39.99,116.37;39.98,116.37;
#100:
>0:40.04,116.35;40.08,116.31;
#101:
>0:39.95,116.33;39.94,116.26;39.95,116.19;39.91,116.19;
