#0:
>0:39.99,116.28;39.94,116.24;39.91,116.19;
#1:
>0:40.0,116.34;40.01,116.3;40.02,116.27;40.0,116.2;
#2:
>0:39.98,116.33;40.02,116.37;
#3:
>0:40.07,116.25;40.07,116.3;40.04,116.29;39.98,116.21;
#4:
>0:40.04,116.21;40.02,116.19;39.99,116.12;
#5:
>0:39.96,116.19;39.99,116.17;40.01,116.16;
#6:
>0:40.08,116.1;40.04,116.14;
#7:
>0:39.98,116.21;40.0,116.27;39.99,116.32;
#8:
>0:39.96,116.37;39.97,116.3;40.01,116.32;40.03,116.33;40.07,116.27;
#9:
>0:40.01,116.2;40.0,116.24;
#10:
>0:40.01,116.24;39.98,116.25;39.96,116.32;39.93,116.27;
#11:
>0:39.94,116.28;39.99,116.3;39.97,116.34;40.05,116.36;
#12:
>0:39.96,116.35;39.98,116.33;39.97,116.28;40.0,116.27;40.05,116.21;40.08,116.11;
#13:
>0:40.07,116.33;40.06,116.38;40.03,116.38;40.02,116.38;39.94,116.33;
#14:
>0:39.94,116.33;39.97,116.3;40.01,116.31;40.03,116.26;
#15:
>0:40.06,116.16;40.08,116.1;40.03,116.11;39.97,116.15;
#16:
>0:39.99,116.33;39.98,116.33;
#17:
>0:40.06,116.3;40.04,116.33;40.01,116.32;39.97,116.29;39.94,116.25;
#18:
>0:39.94,116.21;39.98,116.2;
#19:
>0:39.95,116.22;39.99,116.18;40.01,116.13;
#20:
>0:40.05,116.12;40.0,116.11;39.98,116.16;39.95,116.14;
#21:
>0:39.98,116.32;39.98,116.32;
#22:
>0:39.99,116.34;39.98,116.29;39.99,116.31;
#23:
>0:40.02,116.38;39.99,116.3;39.97,116.28;39.98,116.21;39.97,116.19;
#24:
>0:39.96,116.26;39.99,116.3;40.0,116.3;40.04,116.34;
#25:
>0:39.98,116.21;40.01,116.26;39.99,116.31;
#26:
>0:39.98,116.23;40.0,116.21;40.05,116.24;
#27:
>0:39.94,116.21;39.93,116.23;
#28:
>0:39.97,116.35;39.98,116.32;
#29:
>0:39.99,116.31;39.97,116.29;
#30:
>0:39.99,116.36;39.99,116.3;39.99,116.28;39.97,116.33;
#31:
>0:39.97,116.16;39.98,116.21;40.01,116.27;40.05,116.31;40.03,116.34;
#32:
>0:40.07,116.17;40.06,116.24;
#33:
>0:40.04,116.12;40.0,116.15;39.98,116.19;39.95,116.23;39.94,116.3;
#34:
>0:40.01,116.38;39.98,116.32;39.98,116.27;40.01,116.27;40.05,116.22;40.0,116.13;
#35:
>0:39.98,116.14;39.99,116.16;39.95,116.23;39.94,116.27;39.97,116.32;39.99,116.35;39.97,116.3;39.95,116.33;39.99,116.29;40.0,116.37;39.97,116.32;39.98,116.37;39.98,116.32;39.99,116.34;39.98,116.29;40.01,116.31;39.97,116.31;39.97,116.35;39.98,116.29;39.98,116.35;39.97,116.32;39.97,116.35;39.98,116.31;39.99,116.35;39.97,116.33;40.02,116.31;40.03,116.31;40.07,116.34;40.09,116.32;40.08,116.25;40.08,116.29;40.04,116.35;
#36:
>0:39.99,116.32;39.99,116.37;39.98,116.33;39.98,116.33;
#37:
>0:40.08,116.22;40.04,116.25;40.03,116.32;40.02,116.31;39.97,116.24;39.93,116.32;
#38:
>0:40.0,116.14;39.94,116.12;39.99,116.12;39.97,116.17;39.95,116.11;39.97,116.12;39.97,116.14;
#39:
>0:39.97,116.32;39.98,116.34;
#40:
>0:40.08,116.18;40.07,116.22;
#41:
>0:40.08,116.35;40.07,116.31;40.08,116.38;40.07,116.33;40.06,116.37;40.07,116.31;40.03,116.27;40.08,116.28;40.08,116.31;40.06,116.29;40.03,116.28;40.03,116.33;40.09,116.35;40.08,116.31;40.08,116.27;40.07,116.31;40.04,116.28;40.08,116.26;40.07,116.32;40.06,116.33;39.97,116.34;
#42:
>0:39.94,116.28;39.98,116.22;39.99,116.17;39.97,116.11;
#43:
>0:39.98,116.11;39.97,116.18;39.98,116.14;
#44:
>0:39.94,116.13;40.0,116.11;39.99,116.19;39.94,116.21;39.96,116.26;39.99,116.3;39.98,116.3;
#45:
>0:40.07,116.21;40.06,116.25;40.01,116.32;
#46:
>0:39.99,116.36;40.01,116.29;40.05,116.3;40.07,116.32;
#47:
>0:39.99,116.3;39.99,116.37;39.97,116.29;39.99,116.35;
#48:
>0:39.95,116.25;39.98,116.31;
#49:
>0:39.92,116.34;39.95,116.33;39.95,116.32;39.91,116.2;
#50:
>0:39.94,116.36;39.98,116.33;40.02,116.29;40.04,116.3;40.08,116.25;
#51:
>0:39.97,116.13;39.97,116.19;39.95,116.22;39.92,116.26;39.91,116.33;
#52:
>0:40.01,116.17;40.06,116.15;40.06,116.21;
#53:
>0:40.0,116.27;40.06,116.24;40.06,116.18;
#54:
>0:39.96,116.26;39.99,116.22;39.98,116.15;39.97,116.14;
#55:
>0:40.02,116.26;39.99,116.2;
#56:
>0:40.04,116.1;40.01,116.17;39.98,116.21;39.95,116.25;39.96,116.31;39.95,116.33;
#57:
>0:39.98,116.38;39.99,116.31;
#58:
>0:40.01,116.24;40.01,116.19;40.02,116.13;
#59:
>0:39.94,116.25;39.98,116.27;
#60:
>0:39.91,116.31;39.96,116.33;39.99,116.3;39.97,116.36;40.04,116.36;
#61:
>0:39.95,116.26;39.98,116.2;39.99,116.19;39.97,116.14;
#62:
>0:39.93,116.3;39.93,116.36;
#63:
>0:39.95,116.35;39.97,116.29;39.99,116.24;40.0,116.25;40.05,116.21;40.07,116.14;
#64:
>0:39.98,116.24;39.99,116.27;
#65:
>0:39.98,116.32;39.99,116.35;
#66:
>0:39.96,116.23;39.92,116.2;
#67:
>0:40.06,116.31;40.06,116.26;
#68:
>0:40.0,116.17;39.97,116.19;40.02,116.26;39.95,116.3;
#69:
>0:39.94,116.13;39.91,116.18;39.93,116.24;39.92,116.26;39.98,116.33;
#70:
>0:39.97,116.37;39.99,116.33;
#71:
>0:40.0,116.17;40.04,116.18;40.06,116.23;
#72:
>0:40.02,116.28;40.0,116.29;
#73:
>0:39.98,116.32;39.96,116.3;39.94,116.32;
#74:
>0:39.96,116.29;39.98,116.28;39.98,116.2;39.99,116.15;
#75:
>0:39.97,116.28;40.0,116.25;
#76:
>0:40.0,116.32;40.05,116.29;40.02,116.25;40.03,116.2;39.99,116.13;
#77:
>0:40.0,116.12;39.97,116.12;39.99,116.18;39.92,116.26;
#78:
>0:39.97,116.29;40.0,116.32;39.99,116.26;40.02,116.27;40.04,116.22;39.99,116.11;
#79:
>0:40.0,116.26;39.99,116.2;
#80:
>0:39.95,116.11;39.91,116.19;39.92,116.2;39.93,116.28;39.91,116.24;39.92,116.28;39.92,116.29;39.97,116.31;
#81:
>0:39.95,116.25;39.95,116.29;40.02,116.31;
#82:
>0:40.05,116.32;40.01,116.29;39.97,116.31;
#83:
>0:40.06,116.21;40.08,116.15;40.04,116.14;40.01,116.13;39.97,116.18;39.91,116.24;
#84:
>0:39.94,116.27;39.98,116.22;39.98,116.16;39.99,116.12;
#85:
>0:40.03,116.28;40.02,116.29;40.0,116.37;
#86:
>0:40.07,116.11;40.05,116.16;40.01,116.2;39.98,116.27;39.94,116.31;39.99,116.37;
#87:
>0:39.94,116.21;39.91,116.27;39.93,116.29;
#88:
>0:40.0,116.36;39.98,116.31;
#89:
>0:39.95,116.25;39.99,116.24;
#90:
>0:39.98,116.38;40.02,116.38;39.99,116.31;
#91:
>0:39.97,116.37;39.98,116.31;39.98,116.37;39.98,116.32;40.0,116.37;39.98,116.33;39.98,116.34;
#92:
>0:39.98,116.34;39.98,116.36;
#93:
>0:40.05,116.37;40.0,116.32;39.99,116.25;40.02,116.28;40.05,116.23;39.97,116.14;
#94:
>0:40.01,116.12;40.04,116.18;
#95:
>0:40.02,116.31;40.04,116.37;
#96:
>0:39.97,116.31;39.99,116.34;39.98,116.29;40.0,116.33;40.0,116.32;
#97:
>0:39.98,116.13;39.99,116.17;39.95,116.24;39.95,116.26;39.98,116.21;40.02,116.29;39.97,116.25;40.01,116.24;39.97,116.21;40.0,116.24;40.05,116.23;40.09,116.28;40.08,116.3;40.06,116.25;40.07,116.31;40.08,116.37;40.05,116.36;40.0,116.32;39.98,116.24;40.0,116.29;39.98,116.22;39.96,116.24;40.0,116.22;40.02,116.28;40.05,116.2;40.07,116.28;40.09,116.33;40.04,116.25;40.08,116.24;40.07,116.3;40.03,116.33;40.05,116.34;
#98:
>0:40.01,116.14;39.98,116.17;39.97,116.22;39.95,116.27;40.01,116.33;
#99:
>0:39.93,116.26;39.95,116.29;39.99,116.32;40.01,116.3;40.06,116.31;40.06,116.3;
#100:
>0:39.99,116.32;39.97,116.34;
#101:
>0:39.97,116.29;40.01,116.32;39.98,116.3;
