#0:
>0:39.91,116.16;39.96,116.22;39.98,116.26;40.02,116.3;40.06,116.35;
#1:
>0:40.0,116.25;40.0,116.26;
#2:
>0:39.97,116.38;40.01,116.3;39.97,116.35;39.97,116.35;39.97,116.34;39.99,116.33;39.95,116.36;39.97,116.35;39.98,116.36;39.97,116.33;40.0,116.37;39.97,116.33;39.99,116.4;39.97,116.37;
#3:
>0:40.09,116.17;40.06,116.2;40.05,116.26;40.0,116.27;39.94,116.21;
#4:
>0:40.0,116.12;40.0,116.15;40.03,116.22;40.03,116.26;40.09,116.3;
#5:
>0:40.02,116.11;39.97,116.15;
#6:
>0:40.08,116.21;40.05,116.24;40.05,116.31;40.04,116.37;
#7:
>0:39.93,116.23;39.94,116.27;39.98,116.23;40.01,116.28;40.04,116.26;
#8:
>0:40.06,116.31;40.05,116.34;40.01,116.3;39.97,116.38;
#9:
>0:39.99,116.25;39.99,116.23;40.0,116.27;40.08,116.27;
#10:
>0:39.98,116.28;40.01,116.25;40.05,116.28;
#11:
>0:39.97,116.2;40.01,116.27;40.01,116.32;
#12:
>0:39.98,116.32;39.96,116.3;39.92,116.36;39.95,116.34;39.92,116.35;39.96,116.36;39.91,116.35;39.94,116.37;39.91,116.37;40.0,116.4;
#13:
>0:40.04,116.31;40.04,116.27;40.04,116.24;
#14:
>0:40.06,116.16;40.06,116.22;40.04,116.25;40.02,116.33;39.94,116.32;
#15:
>0:40.05,116.26;40.04,116.3;40.0,116.34;39.94,116.36;
#16:
>0:40.0,116.36;40.03,116.31;
#17:
>0:39.97,116.39;39.97,116.33;39.97,116.29;40.01,116.28;40.07,116.17;
#18:
>0:40.03,116.22;40.08,116.27;
#19:
>0:40.01,116.11;39.97,116.18;
#20:
>0:39.99,116.2;40.01,116.26;40.0,116.31;
#21:
>0:39.99,116.19;39.97,116.1;40.02,116.11;40.06,116.14;
#22:
>0:39.96,116.3;39.93,116.24;39.91,116.24;
#23:
>0:39.95,116.13;39.97,116.15;39.97,116.11;40.05,116.11;
#24:
>0:40.04,116.15;40.0,116.22;40.03,116.28;40.02,116.25;39.97,116.39;
#25:
>0:39.97,116.35;39.94,116.35;39.98,116.33;39.98,116.36;39.99,116.35;
#26:
>0:40.08,116.3;40.04,116.34;40.02,116.31;39.98,116.2;
#27:
>0:40.04,116.31;40.06,116.25;40.02,116.26;40.09,116.17;
#28:
>0:40.04,116.26;40.05,116.32;40.01,116.34;
#29:
>0:39.96,116.22;39.98,116.25;40.01,116.27;40.04,116.25;
#30:
>0:40.06,116.2;40.08,116.25;
#31:
>0:39.99,116.25;40.01,116.25;40.04,116.22;40.08,116.21;
#32:
>0:39.91,116.24;39.95,116.2;39.96,116.25;39.98,116.24;40.04,116.2;
#33:
>0:39.91,116.26;39.91,116.22;39.92,116.19;
#34:
>0:39.95,116.28;39.91,116.26;
#35:
>0:40.01,116.3;40.02,116.32;
#36:
>0:39.96,116.34;40.0,116.35;39.97,116.28;39.94,116.21;39.95,116.17;
#37:
>0:39.97,116.16;39.94,116.2;39.92,116.25;
#38:
>0:39.97,116.36;39.98,116.31;
#39:
>0:39.96,116.11;39.92,116.14;39.94,116.13;39.92,116.13;39.94,116.14;39.98,116.18;39.98,116.14;39.99,116.18;39.99,116.23;40.0,116.32;
#40:
>0:40.01,116.34;39.97,116.36;
#41:
>0:39.93,116.33;39.96,116.36;39.99,116.37;
#42:
>0:39.91,116.11;39.91,116.11;
#43:
>0:39.97,116.35;40.01,116.32;39.98,116.27;39.98,116.17;
#44:
>0:40.01,116.24;40.05,116.18;
#45:
>0:40.0,116.36;39.98,116.33;40.02,116.33;40.02,116.28;40.05,116.24;39.98,116.12;
#46:
>0:40.07,116.26;40.08,116.31;40.05,116.34;40.0,116.35;
#47:
>0:39.97,116.36;39.98,116.34;39.98,116.36;39.97,116.32;39.99,116.38;40.01,116.32;39.98,116.37;39.99,116.35;39.97,116.35;
#48:
>0:39.98,116.32;39.94,116.29;39.93,116.23;
#49:
>0:39.98,116.34;39.99,116.35;
#50:
>0:40.02,116.28;40.03,116.24;40.07,116.15;
#51:
>0:39.94,116.38;39.97,116.38;40.02,116.31;
#52:
>0:40.04,116.34;40.02,116.29;40.0,116.28;40.07,116.23;
#53:
>0:40.06,116.35;40.03,116.35;40.0,116.29;40.0,116.34;40.01,116.32;39.97,116.27;39.97,116.21;39.97,116.27;39.99,116.22;40.01,116.25;40.05,116.22;40.08,116.28;40.06,116.29;40.05,116.34;40.02,116.31;40.06,116.32;40.0,116.34;40.02,116.3;40.0,116.32;39.99,116.27;39.96,116.3;39.91,116.37;39.96,116.32;40.0,116.31;40.02,116.32;39.99,116.32;39.97,116.36;40.01,116.35;39.96,116.34;39.98,116.37;
#54:
>0:39.98,116.2;40.01,116.19;39.94,116.12;
#55:
>0:40.0,116.34;39.99,116.36;
#56:
>0:40.01,116.2;40.02,116.26;40.06,116.28;
#57:
>0:40.04,116.2;40.06,116.29;
#58:
>0:39.93,116.29;39.96,116.3;39.97,116.26;
#59:
>0:40.06,116.37;40.03,116.32;40.04,116.26;40.0,116.25;40.04,116.21;40.05,116.13;
#60:
>0:39.97,116.34;39.98,116.35;
#61:
>0:40.01,116.35;40.0,116.33;
#62:
>0:39.98,116.34;40.02,116.33;39.99,116.27;39.98,116.16;
#63:
>0:40.06,116.16;40.0,116.24;40.04,116.28;39.99,116.31;
#64:
>0:40.05,116.33;40.04,116.25;40.05,116.21;
#65:
>0:40.02,116.27;39.98,116.22;39.99,116.15;39.98,116.14;
#66:
>0:40.05,116.34;40.01,116.33;40.04,116.26;
#67:
>0:40.06,116.17;40.02,116.22;40.01,116.26;39.97,116.35;39.92,116.37;
#68:
>0:40.0,116.35;39.98,116.35;39.96,116.37;39.92,116.34;39.96,116.35;39.93,116.38;39.94,116.29;39.91,116.37;39.94,116.36;39.97,116.35;39.98,116.37;
#69:
>0:39.92,116.36;39.95,116.31;39.93,116.29;39.91,116.21;39.95,116.19;
#70:
>0:40.06,116.37;40.03,116.32;40.08,116.28;40.07,116.21;40.08,116.15;40.08,116.13;
#71:
>0:39.96,116.11;39.99,116.19;39.98,116.24;40.02,116.26;39.98,116.28;39.99,116.2;40.02,116.25;40.0,116.32;39.99,116.35;
#72:
>0:40.03,116.28;40.05,116.28;
#73:
>0:39.99,116.12;40.02,116.12;39.98,116.19;40.02,116.25;
#74:
>0:39.91,116.26;39.96,116.24;39.95,116.28;39.98,116.23;40.05,116.23;
#75:
>0:40.03,116.31;40.03,116.25;40.0,116.27;40.08,116.19;
#76:
>0:40.06,116.29;40.05,116.37;40.02,116.3;39.97,116.21;
#77:
>0:39.96,116.13;39.99,116.19;40.02,116.18;40.0,116.22;40.04,116.32;
#78:
>0:39.95,116.35;39.99,116.32;40.01,116.26;40.02,116.21;
#79:
>0:40.01,116.36;40.01,116.29;40.02,116.27;
#80:
>0:40.05,116.15;40.03,116.2;40.0,116.28;39.99,116.34;39.93,116.35;
#81:
>0:39.93,116.26;39.94,116.2;39.96,116.26;39.97,116.26;40.03,116.22;
#82:
>0:39.93,116.11;39.95,116.14;39.99,116.16;40.01,116.15;40.03,116.24;
#83:
>0:39.92,116.35;39.95,116.34;39.98,116.34;39.99,116.31;40.05,116.29;
#84:
>0:40.09,116.26;40.06,116.2;
#85:
>0:40.04,116.29;40.05,116.37;
#86:
>0:39.91,116.34;39.96,116.31;39.99,116.37;
#87:
>0:39.95,116.14;39.92,116.16;39.92,116.24;
#88:
>0:39.99,116.36;39.99,116.33;
#89:
>0:39.97,116.11;40.02,116.1;
#90:
>0:40.02,116.15;40.02,116.13;40.08,116.16;
#91:
>0:39.99,116.37;39.99,116.34;39.96,116.34;39.93,116.35;39.95,116.35;39.92,116.37;39.99,116.35;
#92:
>0:39.92,116.37;39.95,116.36;39.97,116.35;39.98,116.26;39.99,116.24;40.04,116.14;
#93:
>0:39.98,116.37;39.98,116.32;
#94:
>0:40.07,116.25;40.06,116.33;
#95:
>0:40.0,116.3;40.03,116.32;
#96:
>0:40.0,116.24;39.97,116.22;39.99,116.18;39.92,116.15;
#97:
>0:40.01,116.23;40.04,116.27;40.06,116.31;40.07,116.37;
#98:
>0:39.93,116.26;39.94,116.25;39.99,116.21;39.99,116.26;40.0,116.28;40.09,116.25;
#99:
>0:40.04,116.11;40.03,116.18;
#100:
>0:39.99,116.34;39.99,116.28;40.0,116.28;40.06,116.17;
#101:
>0:39.95,116.12;39.97,116.19;39.99,116.2;40.01,116.26;40.06,116.27;
