#0:
>0:40.01,116.16;39.99,116.22;39.95,116.27;39.95,116.33;39.94,116.34;
#1:
>0:39.91,116.36;39.95,116.37;39.95,116.34;39.99,116.26;40.01,116.2;40.09,116.22;
#2:
>0:40.0,116.12;39.96,116.11;39.93,116.16;39.92,116.2;39.94,116.32;
#3:
>0:40.07,116.27;40.06,116.28;
#4:
>0:39.99,116.26;40.0,116.3;
#5:
>0:40.06,116.28;40.05,116.31;40.02,116.31;39.97,116.28;39.95,116.29;
#6:
>0:40.05,116.25;40.01,116.32;
#7:
>0:39.94,116.15;39.98,116.23;39.94,116.28;39.96,116.31;39.95,116.37;
#8:
>0:40.09,116.35;40.09,116.32;40.04,116.32;39.99,116.28;
#9:
>0:39.91,116.18;39.91,116.19;
#10:
>0:40.06,116.23;40.0,116.22;39.98,116.15;39.95,116.19;39.92,116.22;
#11:
>0:39.98,116.36;39.94,116.38;
#12:
>0:39.95,116.36;39.94,116.27;39.94,116.2;39.93,116.19;
#13:
>0:40.05,116.11;40.07,116.13;40.07,116.2;
#14:
>0:40.06,116.21;40.07,116.24;40.07,116.29;40.08,116.34;
#15:
>0:40.0,116.33;40.04,116.36;39.99,116.34;39.94,116.33;
#16:
>0:39.91,116.36;39.97,116.32;39.97,116.27;40.03,116.28;40.04,116.25;
#17:
>0:39.93,116.22;39.93,116.17;39.95,116.13;
#18:
>0:40.0,116.18;39.98,116.22;39.94,116.24;
#19:
>0:39.93,116.29;39.94,116.2;39.95,116.18;
#20:
>0:39.98,116.35;40.0,116.32;
#21:
>0:40.05,116.38;40.04,116.29;40.02,116.33;39.99,116.27;40.02,116.22;40.07,116.1;
#22:
>0:40.05,116.11;40.07,116.17;40.08,116.23;40.06,116.29;40.07,116.3;40.08,116.36;
#23:
>0:39.99,116.28;39.98,116.32;
#24:
>0:39.97,116.21;40.02,116.17;40.02,116.21;40.08,116.26;
#25:
>0:39.95,116.26;39.94,116.34;40.0,116.24;
#26:
>0:39.95,116.36;39.99,116.32;40.0,116.4;
#27:
>0:40.05,116.26;40.07,116.22;
#28:
>0:40.02,116.26;40.06,116.32;40.01,116.38;
#29:
>0:39.95,116.28;39.97,116.3;39.98,116.28;40.0,116.2;40.04,116.17;40.07,116.18;
#30:
>0:40.04,116.14;40.03,116.15;
#31:
>0:39.93,116.2;39.92,116.17;39.94,116.14;
#32:
>0:39.91,116.21;39.93,116.32;39.99,116.25;
#33:
>0:39.97,116.14;39.94,116.13;39.94,116.16;39.97,116.23;39.97,116.29;
#34:
>0:40.06,116.24;40.05,116.28;40.02,116.31;39.99,116.26;39.97,116.21;39.94,116.3;
#35:
>0:39.97,116.34;39.96,116.31;39.94,116.28;
#36:
>0:39.95,116.19;39.97,116.17;
#37:
>0:40.06,116.18;40.03,116.22;40.0,116.25;39.96,116.33;39.95,116.34;
#38:
>0:39.91,116.17;39.96,116.21;39.99,116.25;40.03,116.29;40.04,116.33;40.09,116.36;
#39:
>0:39.93,116.29;39.95,116.36;39.98,116.26;39.97,116.21;40.01,116.22;40.07,116.16;
#40:
>0:40.03,116.18;39.97,116.21;39.95,116.29;
#41:
>0:39.98,116.15;39.94,116.19;39.92,116.23;
#42:
>0:40.09,116.34;40.09,116.33;40.07,116.26;40.03,116.23;40.05,116.24;40.01,116.3;39.99,116.26;39.99,116.23;39.99,116.15;40.02,116.17;40.02,116.23;40.05,116.24;40.0,116.16;40.02,116.2;39.99,116.18;40.0,116.13;39.97,116.12;40.02,116.19;40.05,116.24;40.01,116.17;40.05,116.24;40.0,116.15;40.05,116.21;40.02,116.24;40.06,116.2;40.01,116.17;40.04,116.23;40.05,116.26;40.0,116.31;39.98,116.34;
#43:
>0:39.97,116.36;40.0,116.33;40.01,116.3;39.97,116.38;
#44:
>0:40.02,116.18;40.05,116.24;40.01,116.28;
#45:
>0:39.98,116.19;40.02,116.15;40.03,116.24;40.08,116.27;40.04,116.34;
#46:
>0:39.98,116.3;40.02,116.31;40.03,116.35;40.09,116.25;
#47:
>0:39.98,116.31;39.94,116.25;
#48:
>0:39.99,116.21;39.97,116.18;40.01,116.18;40.07,116.29;
#49:
>0:39.95,116.34;39.98,116.32;40.04,116.38;
#50:
>0:40.05,116.12;40.06,116.15;40.07,116.23;40.07,116.25;40.08,116.33;
#51:
>0:40.03,116.23;40.02,116.23;40.01,116.28;40.04,116.39;
#52:
>0:39.98,116.32;40.01,116.38;
#53:
>0:39.95,116.22;39.96,116.28;39.96,116.32;39.94,116.37;
#54:
>0:40.05,116.15;40.05,116.23;40.02,116.28;
#55:
>0:39.91,116.2;39.94,116.17;39.98,116.21;40.01,116.23;40.03,116.29;
#56:
>0:39.93,116.14;39.95,116.17;39.96,116.22;39.99,116.26;
#57:
>0:39.96,116.24;39.94,116.27;39.98,116.34;39.94,116.37;
#58:
>0:40.07,116.15;40.03,116.2;40.0,116.22;39.97,116.25;39.97,116.22;39.94,116.32;
#59:
>0:39.98,116.18;39.94,116.22;39.96,116.28;39.98,116.31;39.96,116.36;
#60:
>0:40.09,116.22;40.04,116.17;40.04,116.21;40.0,116.22;39.94,116.18;
#61:
>0:39.93,116.29;39.96,116.23;39.92,116.15;
#62:
>0:40.03,116.36;40.04,116.3;40.0,116.33;39.99,116.22;
#63:
>0:39.94,116.23;39.99,116.28;40.0,116.31;
#64:
>0:39.91,116.34;39.96,116.35;39.98,116.35;
#65:
>0:40.03,116.34;40.1,116.35;40.08,116.27;
#66:
>0:39.95,116.25;39.99,116.36;40.02,116.3;40.05,116.33;40.09,116.29;
#67:
>0:40.0,116.33;39.98,116.28;40.03,116.19;
#68:
>0:39.99,116.36;40.01,116.3;40.01,116.37;40.09,116.26;
#69:
>0:39.99,116.12;40.0,116.17;40.04,116.19;40.01,116.25;
#70:
>0:40.06,116.18;40.03,116.21;40.04,116.25;40.04,116.29;40.04,116.34;
#71:
>0:39.99,116.21;40.02,116.23;39.95,116.11;
#72:
>0:40.08,116.15;40.06,116.24;40.06,116.27;40.07,116.35;
#73:
>0:40.06,116.28;40.06,116.21;40.01,116.23;39.97,116.18;39.95,116.15;39.91,116.19;
#74:
>0:39.92,116.38;39.96,116.3;39.93,116.3;39.93,116.22;
#75:
>0:40.0,116.38;39.99,116.35;39.97,116.35;39.96,116.32;39.94,116.31;39.93,116.34;39.95,116.37;39.99,116.36;
#76:
>0:40.03,116.37;40.04,116.3;39.99,116.26;
#77:
>0:39.97,116.34;39.98,116.33;40.04,116.36;39.98,116.35;39.98,116.35;39.95,116.33;39.97,116.37;
#78:
>0:40.08,116.12;40.06,116.15;40.05,116.23;40.03,116.25;40.0,116.33;39.99,116.35;
#79:
>0:39.95,116.38;39.98,116.34;40.05,116.37;40.03,116.37;
#80:
>0:40.0,116.32;39.98,116.37;39.97,116.34;39.97,116.24;39.99,116.23;40.02,116.23;39.97,116.19;39.98,116.13;
#81:
>0:39.96,116.16;39.99,116.2;39.94,116.28;39.96,116.34;39.95,116.36;
#82:
>0:40.02,116.37;40.06,116.33;40.06,116.25;40.03,116.21;40.03,116.15;
#83:
>0:40.01,116.17;39.97,116.21;39.94,116.24;39.94,116.32;
#84:
>0:39.98,116.33;39.95,116.37;39.93,116.31;
#85:
>0:39.94,116.21;39.92,116.18;39.95,116.12;
#86:
>0:40.0,116.16;39.97,116.24;39.94,116.23;39.93,116.22;
#87:
>0:39.99,116.14;39.96,116.15;39.96,116.16;39.96,116.28;
#88:
>0:40.06,116.22;40.04,116.16;40.03,116.11;
#89:
>0:40.0,116.15;39.98,116.24;39.94,116.28;39.94,116.32;
#90:
>0:39.97,116.22;40.02,116.24;40.05,116.31;40.05,116.34;
#91:
>0:40.05,116.18;40.04,116.21;40.03,116.25;40.05,116.32;40.05,116.33;
#92:
>0:39.91,116.11;39.95,116.13;39.97,116.13;40.02,116.18;40.06,116.18;
#93:
>0:40.05,116.28;40.01,116.32;39.97,116.28;39.99,116.22;39.94,116.27;
#94:
>0:40.05,116.34;40.1,116.36;40.1,116.35;40.04,116.2;
#95:
>0:39.94,116.26;39.96,116.33;39.98,116.26;40.02,116.16;
#96:
>0:39.96,116.26;39.99,116.23;40.0,116.21;40.03,116.12;
#97:
>0:40.06,116.31;40.06,116.25;40.06,116.22;
#98:
>0:39.94,116.16;39.98,116.2;39.96,116.26;39.95,116.34;39.96,116.37;
#99:
>0:40.04,116.35;40.04,116.37;40.1,116.34;
#100:
>0:40.02,116.12;40.0,116.13;40.02,116.21;
#101:
>0:40.06,116.25;40.03,116.22;40.01,116.17;40.01,116.21;39.94,116.14;
