#0:
>0:41.17,119.83;40.77,119.5;
#1:
>0:36.11,128.81;39.21,124.98;35.83,132.31;33.97,141.17;
#2:
>0:41.96,116.37;41.54,118.9;
#3:
>0:37.47,132.13;38.03,134.86;
#4:
>0:34.77,137.54;36.79,134.9;
#5:
>0:42.19,119.9;40.89,117.4;
#6:
>0:39.88,117.34;41.69,119.32;
#7:
>0:27.8,129.82;30.21,135.66;33.44,137.25;34.52,140.28;38.75,138.64;
#8:
>0:34.09,133.87;31.55,131.63;31.9,125.38;33.24,120.51;32.11,116.51;
#9:
>0:40.3,118.03;41.0,117.68;
#10:
>0:30.71,122.56;33.65,127.53;36.73,133.54;37.61,138.03;
#11:
>0:28.13,119.51;31.7,122.34;33.52,125.3;37.44,130.15;39.41,126.23;
#12:
>0:33.41,137.12;35.19,141.47;40.87,141.73;
#13:
>0:40.18,116.83;39.73,117.47;
#14:
>0:33.88,119.02;31.92,117.17;29.58,122.5;
#15:
>0:28.96,131.03;32.06,127.03;
#16:
>0:34.89,132.82;31.96,134.18;
#17:
>0:35.89,121.52;34.27,127.66;30.04,133.72;29.05,132.98;
#18:
>0:39.38,129.66;37.67,137.53;35.42,125.3;
#19:
>0:35.81,132.21;33.51,127.88;31.41,122.15;28.53,115.86;
#20:
>0:27.05,121.1;27.4,128.58;32.52,130.04;35.46,136.72;35.04,139.95;
#21:
>0:32.36,141.45;32.44,136.46;28.02,130.39;26.25,129.18;24.62,122.64;26.35,116.43;
#22:
>0:33.57,133.02;32.14,138.22;
#23:
>0:26.08,131.29;28.48,125.3;29.74,121.61;28.01,119.27;
#24:
>0:29.52,140.35;30.55,141.31;35.24,135.91;32.85,139.68;39.85,140.95;
#25:
>0:25.78,123.91;28.88,120.33;30.56,127.86;
#26:
>0:40.52,139.71;39.61,141.16;
#27:
>0:40.39,116.77;42.18,116.49;
#28:
>0:30.45,131.57;32.74,125.16;35.52,130.58;38.4,128.1;
#29:
>0:40.79,117.3;40.12,117.48;
#30:
>0:24.6,128.73;25.7,122.53;27.53,124.72;30.19,120.03;35.96,123.73;
#31:
>0:36.92,123.48;36.84,117.0;
#32:
>0:42.43,120.57;41.21,116.22;
#33:
>0:27.67,138.11;32.1,130.2;30.25,126.59;
#34:
>0:35.44,126.1;36.94,132.07;30.31,138.11;
#35:
>0:35.25,139.97;31.68,142.32;
#36:
>0:26.22,141.38;28.2,135.3;30.82,137.69;35.12,136.43;37.36,135.49;
#37:
>0:30.98,127.85;31.87,122.43;
#38:
>0:31.52,141.45;32.64,140.63;
#39:
>0:32.37,119.25;30.31,121.86;37.84,127.79;
#40:
>0:42.59,119.43;41.54,116.29;
#41:
>0:34.88,133.08;30.07,134.89;27.46,142.18;26.39,142.65;
#42:
>0:31.98,132.0;34.21,128.3;38.14,132.8;39.91,125.01;
#43:
>0:28.28,141.67;31.11,140.73;32.55,135.06;28.14,131.24;25.06,124.31;
#44:
>0:28.0,137.91;32.38,131.51;33.05,132.64;
#45:
>0:42.07,118.14;41.82,116.87;
#46:
>0:34.53,123.0;33.76,116.88;29.29,116.93;
#47:
>0:25.24,129.23;24.51,132.94;
#48:
>0:40.28,137.7;40.32,138.69;
#49:
>0:41.13,117.34;41.15,116.47;
#50:
>0:26.53,142.39;27.77,134.72;31.62,132.95;31.92,128.2;
#51:
>0:29.12,136.14;29.04,132.21;
#52:
>0:39.97,129.51;35.84,127.67;34.47,123.42;32.29,123.58;
#53:
>0:35.02,133.22;30.14,137.51;28.69,137.4;24.71,136.47;
#54:
>0:38.41,142.02;39.55,140.9;
#55:
>0:32.47,129.16;27.43,129.48;27.85,136.74;31.76,142.37;
#56:
>0:28.62,125.53;27.35,132.66;
#57:
>0:33.55,119.65;31.29,121.7;34.68,126.93;37.88,132.15;35.9,138.0;
#58:
>0:33.82,130.35;32.42,127.81;34.28,123.62;35.0,118.37;
#59:
>0:30.12,123.13;34.56,122.12;34.22,118.96;40.4,120.4;
#60:
>0:41.56,116.92;41.17,119.6;
#61:
>0:27.59,116.67;32.38,122.75;34.45,126.14;37.82,133.01;39.17,125.01;
#62:
>0:27.06,141.44;29.97,133.94;30.56,130.15;27.46,131.85;31.55,121.43;
#63:
>0:40.59,118.74;41.85,117.36;
#64:
>0:37.22,122.04;32.82,129.28;39.41,132.72;
#65:
>0:40.93,126.49;40.38,131.3;
#66:
>0:31.36,118.26;32.12,121.25;35.94,127.85;
#67:
>0:40.18,136.61;36.23,132.89;33.6,125.96;31.32,124.29;28.62,116.42;
#68:
>0:32.3,138.11;30.18,129.61;27.61,127.57;
#69:
>0:27.3,121.42;32.2,125.01;33.97,129.58;36.17,136.26;
#70:
>0:40.05,117.02;41.1,120.39;
#71:
>0:41.37,117.48;40.01,118.47;
#72:
>0:30.18,134.71;33.92,134.86;33.64,138.87;38.9,138.72;
#73:
>0:31.44,140.05;30.13,136.9;29.86,130.84;26.34,127.82;25.07,124.41;32.42,116.18;
#74:
>0:32.89,121.47;37.57,126.02;39.04,132.63;40.08,136.61;
#75:
>0:34.19,127.15;33.81,125.91;
#76:
>0:27.12,139.84;25.91,136.47;27.12,130.65;27.37,127.55;31.91,122.62;26.22,119.39;
#77:
>0:40.18,125.65;37.28,133.58;33.41,137.87;30.55,140.67;
#78:
>0:33.08,117.48;30.38,121.11;29.87,121.43;25.45,132.91;
#79:
>0:27.49,122.51;32.65,128.09;35.36,132.65;36.26,137.27;36.41,141.32;
#80:
>0:36.9,127.1;32.95,123.22;30.05,120.35;
#81:
>0:30.54,120.99;35.07,125.36;36.87,132.03;36.57,136.67;
#82:
>0:42.67,118.78;41.41,119.95;
#83:
>0:35.82,120.93;36.92,118.23;
#84:
>0:29.44,134.94;31.0,129.76;34.35,124.91;34.56,124.37;
#85:
>0:29.4,122.15;30.21,128.6;34.03,132.88;37.9,135.73;36.57,142.47;
#86:
>0:32.88,134.55;36.64,133.55;
#87:
>0:26.51,122.44;27.09,125.55;
#88:
>0:41.83,118.23;42.24,117.0;
#89:
>0:41.34,118.32;41.73,119.6;
#90:
>0:25.98,134.77;29.61,136.2;32.61,136.46;32.74,135.71;36.5,134.79;
#91:
>0:41.9,119.97;41.29,116.9;
#92:
>0:28.89,139.24;32.06,140.23;31.37,134.23;35.46,125.39;
#93:
>0:39.08,132.71;36.02,126.15;38.79,121.77;
#94:
>0:24.71,117.07;28.21,119.26;
#95:
>0:29.88,124.89;27.22,133.38;28.75,136.74;30.59,141.94;
#96:
>0:25.98,142.34;28.89,134.18;31.62,131.34;34.11,127.2;35.76,122.55;41.41,119.93;
#97:
>0:41.69,118.76;40.88,118.68;
#98:
>0:25.88,138.99;27.67,139.09;30.95,138.99;33.26,139.97;37.56,141.54;
#99:
>0:33.16,121.29;36.64,129.08;40.55,128.42;33.11,136.44;
#100:
>0:27.48,142.73;29.27,139.17;
#101:
>0:42.73,118.11;41.42,118.32;
#102:
>0:34.73,135.18;33.03,139.99;40.63,139.11;
#103:
>0:36.48,122.92;40.35,123.64;
#104:
>0:40.66,132.98;35.85,131.05;34.95,129.71;
#105:
>0:24.95,140.79;28.29,135.32;30.12,130.87;35.43,125.94;38.17,124.36;42.23,118.33;
#106:
>0:24.85,134.26;28.69,139.6;
#107:
>0:34.21,133.44;32.52,125.13;33.2,120.75;38.06,118.84;
#108:
>0:40.16,116.88;39.88,116.86;
#109:
>0:41.92,118.29;40.84,117.99;
#110:
>0:34.22,125.87;34.15,129.08;
#111:
>0:31.06,136.4;31.86,141.92;
#112:
>0:42.46,117.5;41.88,116.85;
#113:
>0:42.56,118.28;42.37,119.35;
#114:
>0:40.09,120.25;40.25,118.33;
#115:
>0:39.59,131.38;37.28,126.9;
#116:
>0:27.46,141.18;30.79,138.12;35.26,129.48;30.92,126.74;34.38,123.29;37.89,116.67;
#117:
>0:31.58,124.86;34.43,128.43;36.43,129.51;33.13,141.57;
#118:
>0:35.94,132.83;33.47,127.45;31.98,123.63;27.65,117.53;
#119:
>0:30.34,119.92;29.01,120.45;25.66,125.18;25.61,130.85;26.31,135.1;
#120:
>0:40.21,119.51;42.07,120.58;
#121:
>0:42.32,119.67;42.71,116.78;
#122:
>0:32.83,137.44;34.81,140.7;
#123:
>0:31.89,127.52;32.96,123.32;33.41,116.01;
#124:
>0:30.28,123.49;34.91,128.89;37.1,133.68;39.12,137.47;
#125:
>0:27.95,134.09;32.47,131.53;35.04,124.82;36.91,124.72;
#126:
>0:29.85,117.44;32.48,123.66;28.37,124.94;29.84,131.08;27.64,136.89;31.15,138.51;
#127:
>0:27.94,117.83;30.3,123.16;33.61,123.44;36.16,130.02;
#128:
>0:26.27,131.31;28.45,136.55;32.33,136.74;35.42,137.99;36.55,136.21;
#129:
>0:41.58,117.72;42.27,116.91;
#130:
>0:25.64,137.3;28.96,130.13;25.67,124.84;29.59,124.44;
#131:
>0:42.71,120.37;41.42,116.65;
#132:
>0:38.17,116.04;41.06,120.24;38.84,121.49;35.95,127.26;37.25,130.97;33.91,139.72;
#133:
>0:41.54,116.19;40.8,117.28;
#134:
>0:42.43,119.91;41.94,119.93;
#135:
>0:28.0,140.19;32.24,135.17;35.26,136.73;35.66,130.95;36.39,126.62;40.61,117.0;
#136:
>0:25.67,126.23;27.48,129.31;32.4,137.38;34.84,135.62;37.06,135.29;
#137:
>0:42.35,120.25;40.42,118.07;
#138:
>0:33.33,136.28;34.48,139.5;
#139:
>0:31.87,117.03;34.8,122.82;36.02,126.11;38.46,129.86;40.68,136.06;
#140:
>0:40.89,132.34;37.4,128.31;35.2,121.0;30.4,122.83;
#141:
>0:40.62,129.53;36.79,133.25;33.33,138.17;31.04,134.0;28.13,130.93;25.17,131.51;
#142:
>0:33.14,117.41;30.21,122.79;35.22,125.06;38.55,131.44;
#143:
>0:37.64,115.81;41.56,117.64;39.8,120.5;38.23,127.38;36.3,131.08;33.13,139.73;
#144:
>0:33.83,137.69;37.45,136.97;
#145:
>0:34.29,127.11;38.13,130.36;35.35,137.6;30.53,141.36;
#146:
>0:41.62,119.19;41.81,116.19;
#147:
>0:30.27,117.03;33.7,123.94;38.06,123.12;
#148:
>0:28.08,141.37;30.04,141.93;34.49,137.92;36.09,132.61;39.59,126.57;
#149:
>0:42.21,119.08;41.95,116.68;
#150:
>0:33.25,141.32;30.16,135.26;28.99,132.92;26.51,126.26;28.72,122.41;
#151:
>0:31.65,130.93;33.11,128.14;37.09,131.08;38.69,126.16;
#152:
>0:39.8,116.53;40.1,116.76;
#153:
>0:26.95,138.25;27.73,131.48;25.95,128.49;29.7,124.25;
#154:
>0:30.49,139.33;32.84,139.5;36.26,141.17;
#155:
>0:29.77,130.94;31.42,136.36;34.09,137.29;37.95,135.83;39.3,136.19;
#156:
>0:33.61,134.29;30.01,131.67;31.98,124.78;34.5,121.39;31.41,116.66;
#157:
>0:41.69,117.44;39.82,122.88;37.06,126.75;36.03,132.21;37.37,136.28;
#158:
>0:37.99,140.34;33.28,134.48;30.39,135.38;28.18,133.53;30.82,124.63;
#159:
>0:39.63,127.98;37.51,122.6;33.14,118.42;35.32,120.28;31.51,117.09;24.63,116.85;
#160:
>0:35.12,125.01;32.61,124.9;28.0,128.52;
#161:
>0:33.72,120.7;34.89,121.5;
#162:
>0:33.65,121.21;30.31,128.01;30.01,132.1;
#163:
>0:40.69,120.07;41.4,119.69;
#164:
>0:27.09,122.67;28.56,125.33;30.45,129.7;34.65,135.32;38.19,140.48;
#165:
>0:27.14,139.45;27.4,133.87;31.99,133.09;29.5,131.38;31.16,121.61;
#166:
>0:30.41,128.12;33.24,128.37;37.75,130.97;33.04,141.37;
#167:
>0:41.17,117.12;42.43,120.16;
#168:
>0:34.63,119.89;30.09,123.1;34.6,127.08;40.59,130.46;
#169:
>0:38.48,136.13;35.81,133.13;
#170:
>0:37.9,120.29;39.75,128.25;38.26,132.08;
#171:
>0:38.44,124.47;40.26,120.85;
#172:
>0:35.83,127.23;35.37,122.58;
#173:
>0:34.59,121.79;33.66,123.69;
#174:
>0:32.74,124.89;30.75,126.18;
#175:
>0:27.47,125.3;30.84,130.99;34.72,125.94;37.75,126.83;
#176:
>0:41.33,119.0;42.5,119.84;
#177:
>0:40.84,118.88;41.1,117.16;
#178:
>0:38.29,120.9;37.92,127.06;37.12,130.37;32.11,136.36;
#179:
>0:27.42,126.72;31.69,128.51;33.71,125.37;
#180:
>0:33.55,120.88;37.13,126.61;36.76,129.67;32.44,136.51;
#181:
>0:27.51,139.61;32.56,139.26;27.87,137.14;33.4,128.38;
#182:
>0:31.59,129.51;29.42,136.04;
#183:
>0:38.79,133.85;35.7,133.73;34.56,138.16;32.51,138.7;
#184:
>0:36.94,137.62;35.9,133.21;37.81,125.59;
#185:
>0:40.88,131.14;37.06,132.81;34.96,129.64;
#186:
>0:28.61,120.0;32.38,122.25;28.92,124.95;32.1,131.93;28.51,134.06;32.3,139.36;
#187:
>0:28.37,137.46;28.89,133.22;29.38,127.51;27.41,121.29;29.19,118.05;
#188:
>0:37.6,138.76;37.01,133.96;36.71,132.68;38.88,126.7;
#189:
>0:35.88,130.1;36.7,129.87;
#190:
>0:28.03,140.66;31.39,141.07;32.68,134.3;38.18,129.71;
#191:
>0:42.1,118.91;39.87,119.63;
#192:
>0:26.5,133.86;26.52,131.83;27.43,124.93;32.53,123.01;25.18,116.72;
#193:
>0:41.22,117.93;42.19,120.43;
#194:
>0:42.07,117.69;36.89,123.3;33.12,124.92;31.69,133.13;27.23,130.4;26.17,129.46;
#195:
>0:37.99,136.46;33.21,138.56;31.38,141.81;28.31,141.87;26.9,142.27;
#196:
>0:29.72,140.54;32.3,134.02;28.23,129.59;31.58,124.82;
#197:
>0:35.66,129.65;35.35,135.05;31.71,137.75;27.49,137.97;
#198:
>0:37.67,118.1;34.18,123.53;30.65,118.48;29.15,121.48;
#199:
>0:34.34,131.62;30.63,125.27;34.05,122.93;32.16,117.0;
#200:
>0:41.52,119.89;39.75,118.93;
#201:
>0:40.36,131.58;36.44,129.09;34.58,124.08;31.67,118.1;28.49,121.48;
#202:
>0:41.57,120.57;40.9,118.02;
#203:
>0:42.12,119.93;40.13,117.59;
#204:
>0:40.0,118.89;41.31,119.1;
#205:
>0:42.14,116.84;40.41,120.43;
#206:
>0:35.27,129.34;30.77,127.5;35.28,122.09;33.92,117.21;
#207:
>0:28.59,142.41;32.61,135.42;33.27,130.87;30.5,127.85;33.52,122.35;37.42,119.8;
#208:
>0:35.83,128.76;36.82,123.91;
#209:
>0:28.97,116.85;30.73,120.89;33.03,125.72;36.3,129.41;40.42,128.94;
#210:
>0:40.5,132.47;36.41,136.53;34.91,135.45;31.04,137.51;29.53,137.47;27.2,136.68;
#211:
>0:42.12,116.18;40.03,119.63;
#212:
>0:37.32,117.27;39.48,122.19;35.7,126.31;35.71,129.32;30.04,135.16;
#213:
>0:32.0,116.6;32.55,121.98;29.08,127.5;32.17,131.15;27.51,136.35;30.55,139.45;
#214:
>0:40.6,120.08;40.8,117.81;
#215:
>0:40.91,116.57;40.06,120.05;
#216:
>0:24.97,134.75;26.54,133.25;
#217:
>0:31.04,124.34;33.88,118.56;
#218:
>0:36.01,120.38;33.22,118.63;34.31,120.38;29.2,117.02;
#219:
>0:41.9,117.46;42.24,116.47;
#220:
>0:41.02,120.13;41.29,119.67;
#221:
>0:40.06,139.85;37.09,137.3;35.11,131.35;31.2,125.04;28.12,121.41;25.19,118.21;
#222:
>0:28.69,136.93;30.7,140.82;34.85,139.74;35.69,139.44;
#223:
>0:36.11,117.63;33.73,122.43;32.33,118.73;27.76,116.35;26.91,124.01;
#224:
>0:36.37,122.14;33.89,118.45;33.39,120.94;28.17,119.25;
#225:
>0:40.13,117.41;40.48,118.1;
#226:
>0:33.74,136.42;36.15,133.31;40.82,132.17;36.63,124.72;
#227:
>0:40.16,125.56;37.53,131.9;34.91,133.92;30.73,134.42;28.63,128.29;
#228:
>0:41.13,120.06;42.27,119.69;
#229:
>0:38.92,142.12;36.58,135.26;34.28,132.29;31.54,136.49;29.15,125.18;
#230:
>0:32.64,118.26;34.26,122.61;35.84,123.65;
#231:
>0:42.04,119.44;41.55,117.08;
#232:
>0:39.48,126.83;35.89,133.8;34.16,136.72;30.98,136.94;29.32,125.63;
#233:
>0:36.84,139.21;35.2,134.98;32.31,137.21;27.81,133.15;31.32,124.48;
#234:
>0:33.94,121.96;33.08,117.35;42.25,117.53;
#235:
>0:38.53,140.18;39.12,135.63;38.1,131.59;38.24,124.82;40.15,127.24;40.52,119.53;
#236:
>0:39.97,133.57;40.46,128.71;34.43,127.47;
#237:
>0:42.21,118.2;40.71,117.44;
#238:
>0:30.79,142.32;31.54,136.41;28.06,132.1;29.55,127.75;31.23,125.81;34.87,118.79;
#239:
>0:41.54,119.85;42.45,117.33;
#240:
>0:40.62,117.4;41.0,119.92;
#241:
>0:31.48,134.55;32.21,129.78;27.64,132.4;31.47,122.13;
#242:
>0:33.54,137.07;34.76,141.63;39.61,142.75;
#243:
>0:29.13,122.45;30.23,129.08;33.51,133.03;37.28,136.49;36.86,142.74;
#244:
>0:33.71,119.09;30.91,123.34;33.54,128.2;38.46,132.18;
#245:
>0:34.65,127.27;38.12,120.8;41.04,119.1;
#246:
>0:36.59,117.15;33.28,123.85;30.65,116.71;29.16,117.01;25.92,121.8;
#247:
>0:40.07,142.78;36.52,135.55;33.55,129.38;30.04,124.77;34.64,123.33;30.52,119.92;
#248:
>0:30.48,123.63;34.74,122.3;37.29,117.08;
#249:
>0:30.03,127.5;34.8,121.75;28.48,116.37;
#250:
>0:24.97,120.91;27.42,120.8;30.0,117.49;34.76,122.88;
#251:
>0:40.77,119.43;42.18,120.58;
#252:
>0:40.19,116.4;41.08,118.28;
#253:
>0:40.6,120.54;41.64,118.58;
#254:
>0:39.84,132.99;37.0,134.0;34.02,126.54;
#255:
>0:34.64,121.37;34.1,126.62;
#256:
>0:34.78,137.49;34.71,139.6;
#257:
>0:29.84,119.52;26.81,122.46;24.54,129.19;25.51,133.07;25.47,136.12;
#258:
>0:37.59,130.44;34.28,135.29;35.25,140.35;
#259:
>0:33.47,119.99;32.35,119.73;28.68,123.85;
#260:
>0:24.77,141.36;28.24,134.65;31.56,132.41;33.43,127.46;37.88,128.49;
#261:
>0:40.76,140.44;36.15,135.51;35.01,131.18;32.5,127.8;27.54,120.61;26.87,118.32;
#262:
>0:36.22,130.34;37.62,138.32;
#263:
>0:27.77,129.81;32.27,134.86;32.93,135.01;
#264:
>0:28.75,127.99;30.54,125.4;30.16,117.51;
#265:
>0:28.59,128.81;28.87,131.57;
#266:
>0:39.99,117.77;40.69,116.72;
#267:
>0:41.33,116.83;42.41,119.06;
#268:
>0:42.31,118.46;40.96,120.15;
#269:
>0:40.04,127.97;35.71,121.55;33.08,119.62;34.12,122.28;32.71,118.2;26.19,119.62;
#270:
>0:26.3,131.95;28.1,128.4;31.5,131.31;33.91,125.2;36.36,126.75;
#271:
>0:41.76,118.81;42.28,118.41;
#272:
>0:26.75,138.22;27.71,136.88;31.07,137.67;34.7,138.22;37.87,137.2;
#273:
>0:32.8,124.93;32.35,128.57;28.1,128.24;26.18,127.21;
#274:
>0:34.29,140.83;31.45,141.46;
#275:
>0:28.33,129.34;31.64,127.47;35.06,120.56;37.37,128.9;38.79,121.16;
#276:
>0:27.78,129.04;30.77,129.0;35.17,125.3;
#277:
>0:38.42,141.12;39.56,135.08;36.26,137.22;37.94,129.99;38.01,124.83;40.67,117.74;
#278:
>0:34.01,137.84;31.65,135.87;28.0,131.47;26.22,121.24;
#279:
>0:37.84,120.79;39.09,124.51;37.78,128.34;33.42,137.09;
#280:
>0:42.44,120.35;38.06,122.11;34.54,120.97;30.38,116.43;28.26,121.12;
#281:
>0:30.74,139.93;31.73,141.5;
#282:
>0:40.48,137.32;37.71,129.87;34.63,125.78;35.03,124.17;
#283:
>0:36.66,135.05;32.96,137.23;32.85,140.17;27.94,134.38;
#284:
>0:27.39,133.17;31.4,136.53;34.17,134.64;36.68,137.62;39.26,136.8;
#285:
>0:27.65,136.65;31.83,131.2;29.15,131.52;25.5,123.34;
#286:
>0:38.25,128.4;37.13,133.07;33.73,133.86;31.08,141.5;
#287:
>0:29.16,130.14;26.83,137.05;
#288:
>0:25.79,119.69;25.6,123.31;29.21,121.34;31.94,126.53;36.78,126.68;
#289:
>0:38.42,129.48;36.8,136.6;35.79,131.27;30.94,135.85;
#290:
>0:32.79,128.27;32.71,132.48;
#291:
>0:41.78,117.92;40.34,119.87;
#292:
>0:41.71,120.1;41.12,118.27;
#293:
>0:38.63,124.69;35.59,124.3;
#294:
>0:26.62,121.75;29.19,120.78;32.4,125.05;
#295:
>0:40.86,117.15;42.68,118.83;
#296:
>0:26.22,126.38;29.57,123.95;
#297:
>0:39.94,118.81;40.39,116.42;
#298:
>0:25.25,139.12;26.42,136.22;24.6,132.78;
#299:
>0:41.51,118.19;40.91,117.62;
#300:
>0:41.23,120.05;39.76,116.39;
#301:
>0:27.84,135.11;31.43,130.28;32.05,127.71;
#302:
>0:40.2,120.28;35.64,123.85;33.79,129.24;30.67,129.39;
#303:
>0:42.27,117.97;40.13,119.32;
#304:
>0:39.85,116.61;40.04,120.17;
#305:
>0:24.66,136.41;26.26,131.18;
#306:
>0:33.38,130.17;30.53,128.43;34.13,123.92;30.66,117.59;
#307:
>0:26.37,122.69;26.19,125.05;
#308:
>0:41.47,119.57;40.72,119.02;
#309:
>0:41.57,118.4;41.22,118.38;
#310:
>0:33.93,126.9;36.55,129.98;37.52,136.07;37.45,141.97;
#311:
>0:33.07,137.94;30.18,137.63;
#312:
>0:27.41,132.25;29.86,135.79;
#313:
>0:41.65,116.56;40.84,116.22;
#314:
>0:29.16,131.88;32.71,129.12;33.72,120.5;37.86,128.31;38.55,120.83;
#315:
>0:34.55,132.15;30.12,128.62;35.23,124.25;35.11,118.37;
#316:
>0:41.75,116.8;40.04,118.56;
#317:
>0:34.57,122.0;37.31,126.22;40.1,131.95;39.82,137.53;
#318:
>0:41.45,120.43;40.56,119.32;
#319:
>0:40.39,116.78;41.47,119.45;
#320:
>0:39.18,142.76;36.95,134.64;34.47,129.63;31.74,127.8;28.53,124.27;27.17,118.91;
#321:
>0:34.79,128.02;33.05,129.52;34.28,135.43;
#322:
>0:38.79,123.75;36.42,125.55;33.87,133.36;31.72,135.97;27.51,131.17;24.51,130.2;
#323:
>0:26.53,141.6;29.79,137.27;30.24,130.22;29.62,132.75;32.52,121.37;
#324:
>0:42.79,117.12;41.61,117.74;
#325:
>0:30.88,129.25;34.59,121.67;29.04,117.43;
#326:
>0:41.28,119.44;41.82,117.83;
#327:
>0:40.78,117.89;42.46,120.65;
#328:
>0:35.57,133.19;39.25,128.38;
#329:
>0:26.88,142.55;24.73,135.72;24.77,131.38;29.02,125.08;31.33,120.33;25.76,119.43;
#330:
>0:37.05,135.05;34.74,133.68;32.98,124.8;33.9,123.23;
#331:
>0:29.35,115.8;25.19,124.3;26.62,128.07;24.86,131.9;25.43,136.93;
#332:
>0:38.09,135.07;35.53,133.3;37.99,125.49;
#333:
>0:33.26,122.68;30.21,118.16;31.92,122.24;26.1,132.6;
#334:
>0:27.73,139.3;31.63,140.29;34.29,135.69;
#335:
>0:42.31,118.74;40.68,120.07;
#336:
>0:42.18,117.33;40.55,117.92;
#337:
>0:40.16,120.6;42.27,118.29;
#338:
>0:29.47,136.77;30.84,131.98;28.87,133.08;24.87,122.09;
#339:
>0:36.66,122.22;37.23,117.34;
#340:
>0:28.62,126.35;32.29,130.2;34.57,136.84;34.88,139.11;40.56,141.52;
#341:
>0:41.66,117.22;42.5,118.9;
#342:
>0:33.86,119.68;36.25,124.04;40.95,116.61;
#343:
>0:41.55,118.3;39.89,117.16;
#344:
>0:37.82,132.81;35.06,126.61;32.57,124.37;29.17,119.51;
#345:
>0:28.58,125.45;27.31,133.78;
#346:
>0:27.53,125.52;31.45,127.47;33.85,120.44;36.67,119.77;
#347:
>0:40.17,120.41;41.81,118.63;
#348:
>0:39.86,119.95;41.13,120.9;
#349:
>0:27.57,125.08;32.54,130.64;34.17,127.81;35.92,130.13;39.42,128.04;
#350:
>0:34.54,123.46;36.0,127.21;36.13,131.82;33.6,137.57;30.01,139.09;
#351:
>0:42.97,118.31;41.29,119.91;
#352:
>0:36.27,127.41;35.53,132.65;32.96,137.8;32.35,138.86;
#353:
>0:26.46,127.01;25.38,124.47;28.38,120.48;32.59,118.49;37.53,123.1;
#354:
>0:25.74,120.94;29.78,120.76;28.09,125.34;35.35,122.78;
#355:
>0:34.33,137.37;31.49,135.29;27.57,136.44;
#356:
>0:29.79,142.61;31.79,141.78;31.08,133.84;27.42,133.21;25.36,120.34;
#357:
>0:29.16,132.37;32.04,134.86;35.29,135.52;36.94,135.77;38.94,134.3;
#358:
>0:39.97,116.67;39.99,116.19;
#359:
>0:34.14,120.16;37.07,122.65;
#360:
>0:41.41,120.49;42.37,118.35;
#361:
>0:36.26,134.9;34.04,133.9;32.01,136.07;28.12,134.22;27.02,135.9;
#362:
>0:38.03,140.84;36.15,138.66;
#363:
>0:26.5,139.23;24.71,135.41;24.81,129.63;29.31,128.08;30.69,121.19;25.26,120.14;
#364:
>0:42.34,117.13;41.87,116.83;
#365:
>0:37.56,121.23;32.84,125.23;
#366:
>0:40.68,120.49;39.8,118.38;
#367:
>0:32.83,123.1;36.62,126.48;39.55,129.34;38.92,137.97;
#368:
>0:35.41,131.72;31.28,125.0;34.58,124.74;31.54,117.72;
#369:
>0:27.96,130.03;29.71,127.56;29.28,124.31;27.62,118.81;
#370:
>0:31.13,123.73;33.17,120.48;
#371:
>0:40.66,136.84;36.18,129.79;
#372:
>0:40.74,124.56;36.96,122.45;33.13,120.75;
#373:
>0:41.08,119.41;42.44,117.83;
#374:
>0:32.76,138.43;32.57,140.07;
#375:
>0:26.09,128.45;27.1,131.14;27.09,135.1;26.63,142.36;
#376:
>0:42.12,117.11;41.52,119.04;
#377:
>0:35.59,120.4;33.44,129.28;
#378:
>0:34.68,124.55;36.98,127.67;35.89,133.78;32.35,134.66;
#379:
>0:29.16,137.0;31.33,130.95;32.5,127.74;
#380:
>0:40.52,120.12;42.18,117.54;
#381:
>0:27.18,115.87;26.42,120.96;25.56,125.68;
#382:
>0:41.95,118.59;40.17,119.71;
#383:
>0:36.24,130.27;37.04,136.75;
#384:
>0:42.1,116.35;41.68,119.31;
#385:
>0:37.96,134.94;34.9,133.09;31.96,128.92;27.82,120.91;26.47,116.29;
#386:
>0:41.18,117.41;36.73,123.49;33.6,128.79;31.8,130.19;27.86,136.21;25.39,142.14;
#387:
>0:41.67,120.64;41.47,119.88;
#388:
>0:36.83,126.24;34.59,123.16;30.28,118.75;32.17,121.23;26.39,116.22;
#389:
>0:33.1,136.45;30.7,136.33;29.84,135.38;26.77,134.41;
#390:
>0:42.09,120.98;40.8,116.44;
#391:
>0:33.27,126.23;30.27,132.62;28.37,131.27;
#392:
>0:41.93,118.58;41.2,117.49;
#393:
>0:29.93,138.18;29.32,130.36;27.71,125.25;27.29,122.92;28.71,119.78;
#394:
>0:36.38,138.89;32.81,134.8;31.35,138.35;31.68,131.35;26.39,125.36;
#395:
>0:26.88,128.55;26.06,123.61;25.2,118.51;
#396:
>0:27.78,134.28;27.34,132.86;29.85,127.44;29.43,120.84;29.6,115.79;
#397:
>0:40.11,118.52;42.2,117.48;
#398:
>0:35.76,139.99;33.06,134.38;34.09,133.37;
#399:
>0:40.06,129.79;36.33,126.64;33.08,121.78;33.39,118.13;29.89,122.85;
#400:
>0:41.39,118.63;41.42,118.02;
#401:
>0:40.88,119.77;41.02,120.36;
#402:
>0:40.39,119.11;42.18,119.6;
#403:
>0:30.87,122.88;32.77,124.14;38.21,120.11;
#404:
>0:34.11,117.51;32.55,123.38;27.39,121.86;24.69,123.28;
#405:
>0:34.19,136.24;35.38,141.35;40.83,139.96;
#406:
>0:34.44,117.56;31.91,122.29;33.38,128.76;40.11,129.7;
#407:
>0:25.84,138.32;27.28,140.05;31.7,133.93;33.46,137.53;33.58,141.88;39.88,141.4;
#408:
>0:35.52,116.0;38.3,122.74;37.48,124.85;36.03,131.68;38.18,136.14;
#409:
>0:24.84,133.24;29.31,131.49;31.24,129.51;
#410:
>0:38.09,141.15;35.84,135.06;36.71,133.7;40.88,129.95;38.34,129.09;36.88,118.99;
#411:
>0:27.45,134.84;30.22,130.84;29.01,129.94;24.56,123.34;
#412:
>0:40.36,117.02;41.87,117.34;
#413:
>0:36.99,117.19;34.29,121.83;32.62,115.85;29.02,117.66;25.54,123.52;
#414:
>0:38.91,129.13;36.29,126.87;36.53,129.63;31.09,136.44;
#415:
>0:32.44,118.15;34.25,115.94;36.15,124.88;
#416:
>0:38.08,140.48;34.9,137.47;30.48,133.86;28.3,132.33;32.27,122.76;
#417:
>0:32.75,140.62;30.71,141.35;
#418:
>0:27.42,126.68;28.22,133.44;28.91,137.51;32.15,138.64;
#419:
>0:37.66,129.12;33.93,122.53;30.38,116.73;32.32,122.95;24.67,117.35;
#420:
>0:40.88,123.69;38.14,123.79;34.85,121.74;31.71,118.69;27.56,124.25;
#421:
>0:40.79,119.56;41.08,119.41;
#422:
>0:39.78,123.7;38.15,127.41;34.47,130.55;32.47,136.69;29.25,130.87;25.55,130.75;
#423:
>0:30.98,123.93;33.05,124.12;33.9,117.23;40.41,116.68;
#424:
>0:35.21,116.65;33.84,120.07;
#425:
>0:41.5,119.87;41.43,118.55;
#426:
>0:27.44,131.13;32.24,128.57;
#427:
>0:42.16,116.46;42.12,119.36;
#428:
>0:39.77,130.85;36.35,125.63;34.29,123.38;31.83,116.65;29.43,123.3;
#429:
>0:26.3,117.89;26.89,122.51;29.4,122.83;32.67,128.83;29.33,132.19;27.76,141.97;
#430:
>0:35.41,130.42;31.76,138.05;27.44,139.65;26.49,140.14;
#431:
>0:42.55,118.29;42.72,118.61;
#432:
>0:34.88,130.23;30.68,124.89;34.16,124.22;30.72,118.36;
#433:
>0:24.61,136.07;29.86,132.89;25.36,125.34;29.22,120.81;
#434:
>0:41.99,119.1;40.57,116.53;
#435:
>0:35.27,124.06;36.38,127.64;37.23,130.99;34.48,135.36;31.6,138.9;
#436:
>0:32.09,141.07;32.82,137.29;36.9,133.96;
#437:
>0:29.88,127.25;31.82,131.22;34.65,128.41;35.81,125.96;
#438:
>0:38.22,139.11;35.49,137.17;31.61,138.11;31.27,132.42;25.11,125.8;
#439:
>0:25.95,127.74;25.1,129.32;
#440:
>0:40.84,119.47;41.08,119.06;
#441:
>0:28.07,129.06;31.73,131.94;34.07,126.26;37.15,126.89;
#442:
>0:34.78,132.65;32.23,135.3;29.71,138.58;26.01,140.46;
#443:
>0:38.71,128.92;39.02,132.48;
#444:
>0:28.77,116.6;31.48,121.93;34.42,124.62;36.66,131.17;
#445:
>0:39.37,128.0;35.74,132.18;33.66,135.24;30.04,137.78;29.88,130.79;
#446:
>0:34.97,122.51;36.66,127.65;39.6,125.99;36.19,130.33;34.57,140.89;
#447:
>0:28.59,130.33;32.15,136.06;
#448:
>0:39.88,133.04;36.33,135.27;34.5,134.46;30.2,134.05;28.01,137.44;25.51,135.91;
#449:
>0:28.84,118.65;31.09,122.45;29.37,126.19;31.88,133.13;29.03,136.72;30.31,142.63;
#450:
>0:31.29,117.24;33.68,117.73;36.87,119.41;40.81,120.3;
#451:
>0:33.93,121.36;35.84,126.78;38.67,127.02;34.89,134.78;
#452:
>0:38.91,138.91;38.68,135.78;36.61,132.36;37.51,124.77;40.67,124.94;42.43,119.14;
#453:
>0:31.8,131.68;34.69,126.35;35.71,122.02;39.49,117.17;
#454:
>0:38.49,139.63;38.01,135.35;33.39,136.54;31.42,134.29;28.52,134.39;25.07,134.77;
#455:
>0:25.83,140.59;27.28,134.67;29.99,129.33;32.91,126.38;37.24,126.26;
#456:
>0:41.73,116.33;40.66,119.53;
#457:
>0:28.12,126.08;29.27,132.69;
#458:
>0:40.22,118.48;40.59,117.42;
#459:
>0:31.6,115.86;33.48,122.67;36.02,125.09;41.98,121.7;
#460:
>0:30.82,127.12;29.79,127.89;25.94,126.57;
#461:
>0:29.02,129.94;31.67,136.63;33.02,134.21;36.94,135.5;38.24,134.77;
#462:
>0:40.5,119.52;41.37,117.99;
#463:
>0:26.34,129.81;28.75,135.42;30.93,136.03;33.02,134.44;35.56,134.91;39.09,136.81;
#464:
>0:25.37,140.81;28.37,138.15;32.6,132.28;32.42,125.48;34.0,124.15;30.25,118.6;
#465:
>0:40.81,119.83;41.73,119.33;
#466:
>0:35.35,133.84;31.73,134.95;27.7,135.21;25.91,137.68;
#467:
>0:40.59,117.89;40.25,120.33;
#468:
>0:29.07,125.98;30.92,125.61;35.44,123.55;36.71,121.79;
#469:
>0:26.43,122.96;29.35,124.52;30.06,128.85;32.93,120.74;33.77,117.76;41.61,116.77;
#470:
>0:30.79,133.64;33.25,128.33;37.96,132.99;40.76,125.01;
#471:
>0:31.48,120.95;34.27,128.03;38.11,132.58;37.97,134.63;
#472:
>0:37.03,123.07;35.53,118.05;
#473:
>0:31.8,129.17;30.03,128.92;
#474:
>0:40.58,129.59;36.26,127.72;32.98,120.58;30.4,119.24;28.01,122.48;
#475:
>0:29.75,130.68;32.36,137.01;35.35,135.62;
#476:
>0:25.65,129.43;28.62,128.62;30.08,127.01;
#477:
>0:41.14,119.59;40.25,118.97;
#478:
>0:29.76,116.27;25.58,117.41;
#479:
>0:42.28,119.3;41.13,116.79;
#480:
>0:39.81,116.32;40.73,118.87;
#481:
>0:41.27,118.37;41.13,119.73;
#482:
>0:29.54,125.53;32.2,125.73;31.6,116.95;
#483:
>0:33.67,132.65;34.09,128.17;32.81,120.74;
#484:
>0:28.27,141.69;24.82,138.24;
#485:
>0:30.72,130.01;27.25,131.5;27.22,122.13;
#486:
>0:26.21,127.72;24.98,133.59;30.9,123.78;
#487:
>0:42.7,116.3;40.18,118.06;
#488:
>0:37.83,124.69;40.27,120.4;37.85,127.31;32.97,134.34;
#489:
>0:41.43,117.98;40.28,120.07;
#490:
>0:41.89,119.35;41.04,118.56;
#491:
>0:41.18,116.3;40.83,119.37;
#492:
>0:30.3,135.77;33.17,136.48;34.17,141.67;38.8,141.39;
#493:
>0:42.72,117.75;40.51,118.59;
#494:
>0:41.22,116.17;42.45,116.73;
#495:
>0:40.28,118.8;39.13,121.14;36.54,125.19;36.01,129.59;35.79,135.95;
#496:
>0:24.81,123.79;28.91,124.12;31.93,126.08;
#497:
>0:25.0,119.65;25.23,121.52;29.81,123.35;28.37,125.13;28.36,132.63;27.71,141.77;
#498:
>0:38.6,134.75;37.87,132.7;34.83,136.23;33.15,138.82;28.18,141.27;
#499:
>0:39.15,129.79;37.99,131.43;35.03,133.58;
#500:
>0:36.67,118.66;38.45,122.26;36.77,127.69;35.94,133.79;37.31,137.78;
#501:
>0:30.73,130.62;27.82,127.29;28.86,120.76;27.63,116.46;
#502:
>0:25.21,131.44;27.85,126.22;31.4,126.55;30.89,118.73;
#503:
>0:41.93,119.18;41.96,117.56;
#504:
>0:41.45,117.06;41.59,119.07;
#505:
>0:40.02,119.74;41.96,119.98;
#506:
>0:26.3,131.78;28.6,136.29;31.86,137.33;33.88,133.83;36.7,136.29;38.34,135.02;
#507:
>0:34.1,125.45;36.84,132.15;34.2,134.5;31.43,138.98;
#508:
>0:37.92,135.39;38.63,142.12;
#509:
>0:33.53,136.6;36.97,129.92;38.52,131.36;
#510:
>0:41.17,117.16;41.41,116.14;
#511:
>0:28.68,134.16;25.31,137.95;
#512:
>0:42.37,120.29;42.51,119.38;
#513:
>0:33.46,125.06;35.51,121.43;39.83,122.09;
#514:
>0:31.75,123.24;32.84,126.9;38.13,129.98;37.2,134.14;36.52,138.52;
#515:
>0:40.11,125.95;35.53,131.41;33.54,136.11;31.49,133.9;29.81,126.09;
#516:
>0:37.4,120.28;38.06,127.25;
#517:
>0:24.78,136.32;29.22,138.29;32.71,134.87;35.15,135.04;36.96,137.48;
#518:
>0:36.26,139.58;35.04,135.43;32.24,138.01;29.95,133.68;32.36,123.99;
#519:
>0:42.28,116.15;41.1,118.94;
#520:
>0:37.56,131.03;33.07,137.26;30.71,137.26;29.65,136.08;
#521:
>0:41.4,119.68;40.76,117.28;
#522:
>0:24.79,120.24;24.71,121.08;26.15,127.65;
#523:
>0:33.76,129.86;30.43,128.55;34.7,123.88;33.89,120.03;
#524:
>0:25.24,137.31;27.57,139.98;31.13,139.08;34.13,139.24;
#525:
>0:39.89,120.53;40.51,123.97;
#526:
>0:28.51,126.87;31.7,133.65;35.24,124.91;36.22,126.91;
#527:
>0:39.99,130.42;38.84,124.85;35.26,126.68;
#528:
>0:40.73,117.81;36.14,120.9;35.43,125.25;32.56,132.99;
#529:
>0:40.36,120.03;40.53,116.53;
#530:
>0:32.44,142.18;32.71,141.64;
#531:
>0:38.92,142.33;37.99,135.24;33.69,133.13;32.14,126.77;27.64,122.25;25.92,117.1;
#532:
>0:36.16,120.58;34.96,127.72;38.85,130.07;
#533:
>0:26.12,123.57;28.76,129.03;30.14,129.41;34.52,136.93;36.6,140.53;
#534:
>0:37.44,121.01;36.94,116.47;
#535:
>0:42.48,119.17;40.8,119.79;
#536:
>0:36.32,126.41;39.55,128.34;40.18,118.64;
#537:
>0:29.97,126.48;30.25,130.28;34.42,136.58;32.76,142.77;39.68,142.03;
#538:
>0:34.31,138.72;30.36,140.67;31.64,135.24;33.45,128.32;
#539:
>0:40.77,124.68;36.48,127.71;38.67,126.55;34.93,135.22;
#540:
>0:35.84,135.12;33.21,141.49;32.57,140.01;27.29,142.73;26.46,142.38;
#541:
>0:24.71,130.36;29.35,125.58;30.16,132.69;33.39,127.38;36.56,129.27;
#542:
>0:40.26,118.45;41.99,119.4;
#543:
>0:30.06,131.53;29.5,131.05;26.21,120.88;
#544:
>0:40.96,118.14;42.06,116.32;
#545:
>0:40.06,119.03;41.69,120.51;
#546:
>0:26.99,116.34;26.89,123.67;26.53,126.9;
#547:
>0:40.79,136.59;36.9,129.86;35.3,126.81;31.61,124.24;27.8,118.73;
#548:
>0:33.7,116.32;31.7,122.77;29.74,122.33;26.54,123.0;
#549:
>0:41.15,116.26;41.2,117.64;
#550:
>0:27.55,117.38;32.03,120.61;34.15,120.32;36.94,126.95;38.91,123.93;
#551:
>0:42.44,118.04;41.4,118.97;
#552:
>0:30.14,118.01;32.92,122.44;37.2,128.12;39.74,130.52;
#553:
>0:25.62,141.6;28.46,139.92;31.07,141.97;33.43,139.45;35.77,139.82;
#554:
>0:28.5,119.04;25.3,119.69;
#555:
>0:29.8,127.69;28.1,132.09;27.88,133.88;30.33,139.9;
#556:
>0:38.67,141.44;36.38,137.81;33.08,131.83;32.52,126.93;29.45,122.95;24.59,117.9;
#557:
>0:34.71,123.22;36.24,124.79;39.47,130.99;38.71,135.68;
#558:
>0:26.72,123.48;28.97,127.18;32.43,129.5;29.8,135.12;30.76,140.3;
#559:
>0:35.85,136.28;32.94,136.14;32.31,136.4;28.58,133.99;
#560:
>0:30.71,136.36;34.46,130.93;36.92,129.09;40.31,121.71;
#561:
>0:38.95,120.35;37.48,118.13;34.31,117.8;
#562:
>0:26.05,124.23;29.8,125.97;31.04,130.7;33.79,135.82;36.16,140.13;
#563:
>0:29.64,127.38;27.74,129.75;
#564:
>0:27.8,120.88;30.0,125.82;34.03,131.46;37.82,135.14;37.54,140.64;
#565:
>0:41.63,117.25;42.28,120.2;
#566:
>0:27.58,141.07;31.41,137.15;33.96,137.45;35.04,139.44;40.19,140.85;
#567:
>0:25.73,130.82;28.63,127.45;31.83,128.47;31.63,118.75;
#568:
>0:34.86,136.95;35.47,140.99;
#569:
>0:28.24,118.06;31.85,122.08;34.4,122.24;35.74,127.85;34.58,135.05;
#570:
>0:36.9,137.15;33.46,134.4;31.12,135.92;27.68,135.64;
#571:
>0:27.42,142.49;28.7,138.95;
#572:
>0:35.68,117.66;34.03,116.12;33.25,124.29;30.77,117.69;27.08,116.3;
#573:
>0:40.6,119.37;42.16,119.92;
#574:
>0:41.42,117.75;40.61,117.09;
#575:
>0:35.02,137.87;37.12,135.24;
#576:
>0:35.18,130.55;37.63,137.24;
#577:
>0:41.48,116.69;40.36,117.01;
#578:
>0:35.94,129.79;33.3,125.91;31.1,122.16;27.51,116.54;
#579:
>0:28.95,139.3;30.06,140.76;35.26,135.4;35.86,135.84;
#580:
>0:40.45,117.41;40.5,119.71;
#581:
>0:25.29,132.85;27.86,135.67;32.68,138.34;34.08,136.62;35.51,135.51;38.5,135.67;
#582:
>0:30.85,116.07;32.91,123.44;36.33,128.08;40.39,130.49;40.99,138.21;
#583:
>0:32.53,142.83;30.87,135.5;29.57,131.72;29.42,126.14;30.48,126.63;34.78,120.09;
#584:
>0:26.71,124.46;27.86,117.6;31.36,117.82;
#585:
>0:37.34,127.5;33.5,131.12;
#586:
>0:28.31,134.37;27.33,133.7;
#587:
>0:40.43,133.26;36.64,125.77;37.75,123.61;35.83,119.54;
#588:
>0:26.95,140.17;29.53,134.29;32.03,130.6;34.38,125.73;38.09,123.75;40.35,118.04;
#589:
>0:26.77,125.82;26.89,132.83;
#590:
>0:24.76,142.28;28.76,137.52;30.17,131.63;35.3,128.37;38.06,121.06;40.57,119.86;
#591:
>0:40.04,120.25;40.46,119.02;
#592:
>0:27.81,117.33;30.74,123.8;34.66,126.07;37.03,130.79;33.02,134.9;30.81,138.91;
#593:
>0:39.44,137.05;37.93,132.36;33.53,127.69;30.85,124.66;27.76,118.56;
#594:
>0:25.07,130.04;29.67,125.64;31.18,131.61;33.92,126.93;35.7,125.31;
#595:
>0:40.96,116.63;40.74,120.29;
#596:
>0:37.44,119.09;35.73,122.64;
#597:
>0:25.26,138.66;25.03,137.9;24.6,133.11;27.9,126.39;32.37,122.21;24.51,116.43;
#598:
>0:41.65,120.52;40.01,118.36;
#599:
>0:40.31,121.56;35.82,120.71;33.68,121.39;
#600:
>0:42.23,118.59;40.97,119.25;
#601:
>0:40.83,118.14;42.3,118.45;
#602:
>0:33.25,125.53;37.34,133.68;39.44,129.06;
#603:
>0:24.55,138.6;27.55,136.88;32.42,134.19;33.24,138.24;37.25,138.26;
#604:
>0:35.04,126.33;31.01,131.12;27.54,133.44;
#605:
>0:37.03,137.05;39.28,130.55;
#606:
>0:42.06,117.94;40.27,116.37;
#607:
>0:40.78,131.88;38.17,129.22;33.31,127.87;31.57,126.86;27.94,126.13;
#608:
>0:34.13,126.57;31.54,133.7;27.88,130.59;
#609:
>0:39.04,130.75;39.98,125.1;35.31,127.19;
#610:
>0:42.71,118.53;42.25,120.15;
#611:
>0:40.27,118.84;40.76,116.32;
#612:
>0:40.67,141.35;40.21,135.91;
#613:
>0:42.49,119.78;41.41,118.41;
#614:
>0:36.71,121.7;37.94,116.54;
#615:
>0:37.99,140.69;33.55,138.09;30.16,133.59;30.98,127.52;
#616:
>0:34.69,141.89;31.26,140.14;27.84,134.74;32.79,125.24;
#617:
>0:40.33,118.75;40.86,116.57;
#618:
>0:30.04,116.11;32.37,121.62;35.43,128.29;37.03,130.17;34.89,136.91;31.08,139.26;
#619:
>0:42.8,117.52;40.05,118.67;
#620:
>0:28.58,133.06;30.89,137.4;33.74,137.79;35.86,136.22;39.32,137.06;
#621:
>0:40.87,120.24;41.8,116.63;
#622:
>0:40.0,123.02;36.14,121.99;
#623:
>0:28.0,120.99;31.86,125.35;34.72,133.74;38.18,134.38;
#624:
>0:29.59,131.76;32.08,134.23;35.38,137.0;
#625:
>0:39.8,118.81;42.2,120.28;
#626:
>0:36.87,135.55;33.64,135.91;32.08,137.68;27.51,134.51;
#627:
>0:30.99,115.89;34.7,122.92;35.76,121.01;
#628:
>0:29.83,137.08;30.44,132.96;32.39,124.91;
#629:
>0:40.24,119.58;41.74,117.58;
#630:
>0:40.11,123.44;35.61,123.21;33.23,124.17;
#631:
>0:40.7,142.64;37.49,136.32;33.95,130.51;31.65,125.38;34.53,121.54;29.96,118.81;
#632:
>0:29.28,137.02;29.96,132.53;
#633:
>0:35.38,116.82;30.18,118.57;29.45,122.53;
#634:
>0:38.39,124.4;37.95,120.4;34.05,124.38;
#635:
>0:40.23,118.03;42.47,118.24;
#636:
>0:40.44,132.17;39.6,127.71;37.06,131.14;34.2,137.14;27.51,132.05;
#637:
>0:41.3,118.81;41.19,117.05;
#638:
>0:34.95,124.54;33.69,119.15;27.48,116.08;
#639:
>0:29.1,137.61;30.78,133.51;32.83,132.06;
#640:
>0:40.76,118.21;40.3,116.35;
#641:
>0:26.67,118.48;26.63,122.26;27.61,123.77;29.13,132.19;
#642:
>0:31.27,139.83;34.34,140.49;35.68,138.58;
#643:
>0:26.75,128.12;25.39,131.27;
#644:
>0:39.95,140.42;39.63,135.08;
#645:
>0:41.24,116.95;42.46,120.2;
#646:
>0:42.5,119.29;40.64,118.96;
#647:
>0:39.98,126.4;36.57,131.41;34.45,137.09;30.7,139.56;
#648:
>0:33.24,134.0;31.03,134.21;28.59,138.3;
#649:
>0:30.47,142.2;32.08,136.2;29.77,130.17;29.88,128.81;30.89,125.55;32.26,118.05;
#650:
>0:30.23,135.89;32.02,129.94;29.76,131.85;30.64,121.36;
#651:
>0:29.01,137.47;29.39,139.17;35.32,138.18;
#652:
>0:39.67,133.69;36.67,138.05;34.14,135.59;31.41,135.42;28.51,136.62;27.09,135.29;
#653:
>0:34.71,137.71;32.33,129.48;32.59,127.1;34.26,122.57;30.0,116.09;
#654:
>0:40.62,128.14;35.55,132.23;34.63,137.03;32.04,136.3;27.5,130.3;
#655:
>0:35.07,116.18;31.35,122.81;33.22,127.43;38.29,132.19;
#656:
>0:36.38,138.14;40.23,142.17;
#657:
>0:32.75,116.18;36.48,122.38;36.44,124.89;
#658:
>0:28.84,127.34;30.17,129.87;35.16,135.68;37.35,136.32;40.95,136.93;
#659:
>0:40.88,119.16;40.96,116.43;
#660:
>0:41.74,116.43;40.66,118.97;
#661:
>0:36.1,120.99;34.83,126.91;
#662:
>0:32.27,127.71;27.56,126.78;26.74,126.32;
#663:
>0:40.34,118.53;40.21,117.99;
#664:
>0:31.52,117.83;34.37,123.07;36.65,127.79;38.28,132.84;39.07,134.47;
#665:
>0:34.13,122.29;34.78,117.72;29.28,116.62;
#666:
>0:40.0,116.39;42.49,118.42;
#667:
>0:39.03,121.94;38.07,129.09;40.16,127.13;32.91,137.38;
#668:
>0:25.06,124.18;28.38,126.06;31.24,132.15;32.84,136.55;37.78,141.12;
#669:
>0:27.88,128.52;30.56,130.4;33.06,136.9;
#670:
>0:26.07,138.63;25.78,138.8;
#671:
>0:28.62,127.82;30.02,133.27;33.17,126.28;36.89,129.25;
#672:
>0:37.83,133.12;38.5,125.13;
#673:
>0:40.09,118.23;39.95,120.53;
#674:
>0:37.97,137.85;40.0,140.87;
#675:
>0:25.83,122.44;28.62,127.87;30.71,133.78;34.75,137.23;33.16,138.75;
#676:
>0:27.12,123.0;27.78,127.64;32.34,129.94;34.12,138.2;33.58,142.13;
#677:
>0:42.2,120.23;43.14,120.74;
#678:
>0:41.84,117.29;42.23,119.08;
#679:
>0:30.83,121.23;32.93,128.18;37.34,130.66;35.86,135.25;
#680:
>0:33.9,137.3;35.72,135.56;
#681:
>0:37.35,134.3;40.09,138.93;
#682:
>0:29.73,137.68;27.11,133.02;
#683:
>0:36.84,117.1;39.25,121.17;35.7,128.42;36.65,131.78;37.32,136.31;
#684:
>0:24.77,139.47;24.61,134.83;26.07,133.03;29.7,124.92;29.99,123.89;24.56,116.19;
#685:
>0:31.77,121.51;31.29,116.78;24.59,119.82;
#686:
>0:36.93,122.32;33.77,127.27;39.79,131.35;
#687:
>0:38.67,132.31;40.52,126.96;37.7,131.22;34.6,134.62;27.66,130.14;
#688:
>0:34.13,133.52;32.53,126.84;35.03,122.93;37.98,117.8;
#689:
>0:29.07,126.21;30.65,132.09;35.24,126.82;36.78,127.5;
#690:
>0:42.3,117.81;40.29,119.31;
#691:
>0:41.17,116.24;41.52,118.67;
#692:
>0:31.78,134.21;32.72,131.69;29.11,129.82;31.54,124.68;
#693:
>0:26.84,130.38;27.27,128.08;32.06,128.68;30.07,116.6;
#694:
>0:33.34,134.55;30.51,135.63;31.53,133.3;25.65,127.51;
#695:
>0:29.94,133.43;31.4,134.79;35.19,136.83;
#696:
>0:34.62,135.46;37.17,137.72;
#697:
>0:40.22,116.38;41.7,120.29;
#698:
>0:28.64,138.67;32.44,139.26;34.99,136.29;33.36,140.14;40.6,141.95;
#699:
>0:39.38,123.64;35.66,121.62;33.9,121.53;
#700:
>0:42.21,119.64;42.41,119.38;
#701:
>0:38.41,141.78;35.54,137.04;34.0,132.81;32.34,126.8;34.37,124.06;27.84,118.8;
#702:
>0:27.32,135.82;28.1,132.91;
#703:
>0:33.86,115.9;35.93,119.28;41.32,118.3;
#704:
>0:35.34,134.19;33.13,140.73;38.76,141.8;
#705:
>0:40.73,118.09;40.63,118.66;
#706:
>0:41.92,119.3;42.36,117.7;
#707:
>0:41.03,117.51;42.33,118.22;
#708:
>0:27.06,117.62;24.91,124.64;27.65,122.01;33.19,123.06;
#709:
>0:42.43,119.78;39.03,123.6;36.44,128.65;38.23,130.06;35.92,136.85;
#710:
>0:30.02,124.14;27.61,124.18;26.43,131.05;
#711:
>0:36.23,129.72;33.42,138.25;31.02,135.69;28.5,125.33;
#712:
>0:41.26,116.64;40.3,118.81;
#713:
>0:36.3,135.21;39.3,130.13;
#714:
>0:34.34,129.92;32.71,138.35;27.76,140.64;26.27,139.43;
#715:
>0:36.2,140.74;35.28,136.29;33.63,132.45;
#716:
>0:36.99,136.42;34.61,141.73;32.1,141.8;29.21,138.73;27.22,141.63;
#717:
>0:35.36,118.06;30.41,121.0;29.0,123.49;25.74,124.06;
#718:
>0:38.12,123.37;33.97,127.77;40.25,130.38;
#719:
>0:41.23,118.12;40.11,118.31;
#720:
>0:28.63,118.44;24.75,123.77;
#721:
>0:25.84,123.63;28.63,126.5;32.46,131.36;32.82,136.22;38.09,140.66;
#722:
>0:42.11,117.42;41.59,120.58;
#723:
>0:39.97,118.84;41.32,118.43;
#724:
>0:25.54,116.37;28.31,118.95;
#725:
>0:35.71,118.56;33.6,117.21;34.2,123.71;30.81,116.19;25.99,117.29;
#726:
>0:39.27,121.1;40.35,123.04;
#727:
>0:25.09,131.05;28.81,128.12;30.13,131.29;33.15,126.83;37.26,127.61;
#728:
>0:41.3,119.36;42.11,116.22;
#729:
>0:27.73,128.97;32.19,128.52;35.06,126.3;36.98,131.06;39.63,126.27;
#730:
>0:37.12,142.81;35.14,136.44;
#731:
>0:40.07,120.38;41.77,118.29;
#732:
>0:41.4,117.44;41.59,120.49;
#733:
>0:40.5,131.28;38.09,126.43;33.7,123.32;31.78,122.63;
#734:
>0:25.67,136.71;26.27,133.3;28.14,128.52;31.52,124.25;25.87,116.87;
#735:
>0:28.84,118.89;32.08,122.41;34.1,126.53;37.97,129.62;40.89,128.67;
#736:
>0:26.45,128.63;29.34,132.98;31.09,132.39;35.41,133.35;
#737:
>0:24.77,142.13;27.74,137.21;29.41,141.71;30.61,139.49;35.54,131.55;
#738:
>0:33.48,131.54;30.62,126.34;33.34,123.28;37.52,118.96;
#739:
>0:34.03,134.57;32.51,130.47;32.57,126.08;34.62,121.39;30.64,119.35;
#740:
>0:32.38,123.55;33.89,125.43;37.27,130.48;32.86,133.93;27.5,139.13;
#741:
>0:32.97,138.0;34.37,141.41;39.86,138.8;
#742:
>0:40.19,119.14;42.09,116.52;
#743:
>0:24.51,139.78;24.71,134.11;24.52,130.61;28.52,129.03;31.92,124.34;26.36,119.44;
#744:
>0:36.08,134.43;33.7,131.62;33.19,128.46;35.42,120.25;
#745:
>0:34.72,122.15;33.51,119.89;42.34,119.75;
#746:
>0:40.14,141.43;40.18,137.41;36.48,132.86;37.34,126.66;40.6,125.89;41.56,116.18;
#747:
>0:27.36,141.2;31.34,138.61;30.66,138.33;27.86,132.72;26.9,124.04;
#748:
>0:28.34,137.07;24.9,133.19;
#749:
>0:30.22,139.09;28.2,141.61;
#750:
>0:34.64,133.33;31.57,138.31;
#751:
>0:30.11,123.23;32.06,119.54;
#752:
>0:30.23,136.8;34.04,140.34;
#753:
>0:40.2,118.45;37.16,123.84;34.31,126.74;31.76,131.63;29.68,137.06;
#754:
>0:24.78,119.09;27.62,120.44;30.72,126.86;32.9,130.75;
#755:
>0:40.8,117.27;42.22,117.84;
#756:
>0:29.82,131.97;31.47,136.16;33.53,136.1;33.06,141.61;39.8,142.02;
#757:
>0:38.34,137.28;36.25,132.73;34.85,125.6;31.16,123.46;27.39,119.22;
#758:
>0:41.51,119.27;42.23,120.44;
#759:
>0:30.04,132.7;27.54,136.26;27.08,139.86;
#760:
>0:26.72,122.75;29.49,121.31;31.49,128.65;34.69,124.05;37.7,126.08;38.9,122.58;
#761:
>0:32.27,121.99;35.09,124.63;
#762:
>0:36.53,131.53;35.84,137.93;
#763:
>0:40.23,129.48;39.36,126.91;35.81,132.5;35.15,137.51;28.8,130.09;
#764:
>0:41.23,117.95;41.55,117.5;
#765:
>0:37.28,137.06;33.57,133.65;30.33,136.29;27.45,130.78;24.66,120.55;
#766:
>0:33.29,137.65;36.54,134.78;
#767:
>0:31.95,141.87;30.66,134.14;27.65,130.43;27.84,125.95;30.91,127.18;31.82,117.38;
#768:
>0:37.21,124.66;34.68,124.98;38.51,133.49;
#769:
>0:29.51,140.54;28.46,137.94;29.1,129.44;27.43,124.87;29.54,122.03;29.46,116.58;
#770:
>0:37.47,137.68;38.2,129.87;37.89,125.34;
#771:
>0:33.83,127.01;37.27,122.68;39.56,122.54;
#772:
>0:40.34,120.58;42.07,118.35;
#773:
>0:29.68,123.31;30.03,128.49;32.76,133.43;35.66,136.68;
#774:
>0:30.09,131.02;28.04,129.8;30.89,122.4;
#775:
>0:37.97,116.48;38.76,123.21;38.57,127.28;39.82,132.88;39.62,135.57;
#776:
>0:28.07,115.93;26.92,121.75;25.03,127.87;25.01,130.4;27.21,136.68;
#777:
>0:28.14,139.43;31.9,142.26;34.89,140.03;
#778:
>0:41.4,120.19;42.29,118.84;
#779:
>0:35.71,129.03;35.93,122.4;
#780:
>0:40.36,117.7;36.33,122.52;33.88,127.78;30.85,129.52;28.41,133.81;26.69,133.59;
#781:
>0:38.5,130.08;35.75,125.17;33.32,128.03;31.36,128.96;
