#0:
>0:39.51,116.79;39.73,116.61;39.63,116.51;39.88,116.35;39.33,116.17;39.47,116.09;
#1:
>0:39.49,116.85;39.45,116.63;40.08,116.78;
#2:
>0:39.17,116.02;38.96,116.2;38.78,116.27;
#3:
>0:39.54,116.48;39.65,116.66;
#4:
>0:38.79,116.29;39.19,116.36;39.06,115.95;
#5:
>0:39.07,116.04;39.36,116.08;39.05,116.34;
#6:
>0:39.88,116.04;40.14,116.06;
#7:
>0:38.83,116.03;39.0,116.18;39.55,116.06;39.77,116.26;40.18,116.38;40.55,116.72;
#8:
>0:39.1,116.36;39.53,116.48;39.48,116.73;39.05,116.79;
#9:
>0:40.33,116.11;40.0,116.13;
#10:
>0:39.98,116.42;39.77,116.35;
#11:
>0:40.24,116.64;39.94,116.62;39.93,116.54;39.32,116.34;
#12:
>0:40.46,116.25;40.23,116.07;39.75,115.99;39.55,115.99;
#13:
>0:39.4,116.62;39.95,116.82;40.14,116.79;40.29,116.76;
#14:
>0:40.52,116.18;40.13,115.97;39.77,116.04;39.57,115.99;
#15:
>0:39.91,116.35;39.99,116.31;
#16:
>0:39.95,116.16;40.03,116.36;39.99,116.55;40.34,116.6;40.41,116.83;
#17:
>0:40.04,116.28;39.79,116.53;39.97,116.39;40.11,116.34;39.94,116.27;
#18:
>0:39.21,116.4;39.02,116.24;
#19:
>0:38.84,116.55;39.16,116.35;39.48,116.4;
#20:
>0:39.5,116.6;39.83,116.62;39.76,116.52;39.51,116.23;
#21:
>0:40.1,116.36;40.16,116.45;
#22:
>0:40.07,116.48;39.9,116.48;40.2,116.3;39.76,116.14;39.78,116.39;
#23:
>0:40.37,116.41;40.03,116.2;39.92,116.44;39.45,116.72;
#24:
>0:40.3,115.99;40.49,116.16;40.47,116.39;40.08,116.36;39.49,116.71;
#25:
>0:40.28,116.63;40.02,116.65;40.27,116.36;
#26:
>0:40.16,115.98;40.39,116.15;40.42,116.4;40.03,116.42;40.28,116.5;40.14,116.85;
#27:
>0:39.87,116.65;39.69,116.55;39.15,116.43;
#28:
>0:40.36,116.35;39.95,116.32;40.02,116.54;40.42,116.83;
#29:
>0:39.37,116.33;39.98,116.38;39.67,116.52;39.07,116.88;
#30:
>0:39.36,116.17;39.85,116.39;39.62,116.54;40.41,116.67;
#31:
>0:40.05,116.02;40.38,116.18;40.31,116.37;39.72,116.49;
#32:
>0:40.06,116.44;39.95,116.37;40.16,116.3;39.8,116.35;
#33:
>0:39.04,116.27;39.48,116.56;39.52,116.69;39.19,116.86;
#34:
>0:38.84,116.61;39.09,116.88;39.36,116.74;
#35:
>0:38.92,116.45;39.21,116.41;39.07,116.26;39.87,116.24;
#36:
>0:39.36,116.38;39.64,116.12;40.0,116.33;40.3,116.68;
#37:
>0:38.82,116.42;39.07,116.27;
#38:
>0:39.87,116.17;39.98,116.41;39.97,116.35;39.59,116.55;38.66,116.74;
#39:
>0:40.31,116.1;40.53,116.05;
#40:
>0:38.73,116.52;39.15,116.71;39.34,116.62;39.89,116.68;
#41:
>0:40.12,116.49;39.68,116.52;39.44,116.37;
#42:
>0:39.78,116.59;39.74,116.54;39.43,116.66;38.85,116.6;
#43:
>0:40.41,116.63;40.02,116.77;39.64,116.69;39.33,116.45;39.44,116.64;38.9,116.67;
#44:
>0:39.98,116.62;39.74,116.6;39.35,116.46;39.22,116.54;
#45:
>0:38.74,116.84;39.24,116.6;39.44,116.49;39.39,116.34;39.37,116.2;39.6,116.1;
#46:
>0:39.33,116.37;39.78,116.25;40.01,116.1;40.43,115.99;
#47:
>0:40.5,116.67;40.32,116.43;40.28,116.37;40.0,116.39;39.7,116.07;
#48:
>0:39.45,116.69;39.81,116.81;40.17,116.85;40.49,116.76;
#49:
>0:39.65,116.56;39.83,116.65;
#50:
>0:40.55,116.22;40.08,116.37;
#51:
>0:39.43,116.5;40.0,116.29;39.93,116.22;40.16,116.07;
#52:
>0:39.96,116.41;39.87,116.5;
#53:
>0:39.65,115.98;39.77,116.22;40.07,116.41;39.78,116.49;39.16,116.69;
#54:
>0:38.81,116.77;39.03,116.75;39.43,116.83;39.49,116.59;40.07,116.87;
#55:
>0:39.88,116.49;40.21,116.28;40.54,116.65;
#56:
>0:38.78,116.89;39.1,116.6;39.55,116.43;40.03,116.44;40.01,116.23;
#57:
>0:39.07,116.07;39.42,116.12;39.44,116.39;
#58:
>0:39.23,116.85;39.59,116.76;39.65,116.63;40.17,116.44;
#59:
>0:40.35,116.73;40.45,116.62;
#60:
>0:40.09,116.86;40.06,116.76;
#61:
>0:39.5,116.74;39.74,116.72;39.64,116.49;39.98,116.46;39.41,116.2;38.83,116.01;
#62:
>0:40.05,116.45;39.99,116.31;39.94,116.47;
#63:
>0:39.91,116.31;39.76,116.49;39.8,116.41;
#64:
>0:40.27,116.79;40.11,116.69;39.96,116.44;39.84,116.47;39.56,116.25;39.3,116.02;
#65:
>0:39.44,116.7;39.13,116.57;38.85,116.36;38.91,116.23;
#66:
>0:39.68,116.04;39.62,116.15;40.03,116.2;39.99,116.34;40.38,116.72;
#67:
>0:40.01,116.31;40.23,116.52;40.22,116.52;
#68:
>0:40.5,116.04;40.51,115.98;
#69:
>0:40.53,116.85;40.38,116.73;
#70:
>0:39.34,116.51;39.31,116.72;39.34,116.8;
#71:
>0:40.06,116.38;40.01,116.34;
#72:
>0:40.1,116.33;40.07,116.47;39.81,116.45;39.39,116.73;38.71,116.8;
#73:
>0:39.6,116.03;39.74,116.24;40.01,116.14;39.56,116.44;
#74:
>0:39.8,116.45;39.85,116.52;40.1,116.35;39.97,116.49;39.76,116.47;
#75:
>0:40.22,116.05;40.25,116.15;40.52,116.31;40.17,116.31;39.66,116.51;39.83,116.8;
#76:
>0:39.19,116.68;39.42,116.66;39.83,116.53;
#77:
>0:39.84,116.46;39.68,116.57;39.85,116.36;39.95,116.37;
#78:
>0:40.25,116.64;39.94,116.62;40.01,116.53;39.29,116.34;
#79:
>0:40.01,116.01;40.52,116.22;40.34,116.37;40.21,116.34;40.23,116.47;39.81,116.81;
#80:
>0:40.12,115.98;39.8,116.24;39.8,116.49;
#81:
>0:38.75,116.83;38.84,116.7;38.82,116.44;39.22,116.27;39.01,116.21;38.89,115.96;
#82:
>0:39.18,116.2;39.04,116.34;39.4,116.42;39.1,116.61;
#83:
>0:39.91,116.5;40.14,116.54;40.04,116.46;39.23,116.09;
#84:
>0:40.35,116.78;40.55,116.67;
#85:
>0:40.22,116.2;40.23,116.37;40.0,116.48;39.74,116.56;40.28,116.87;
#86:
>0:39.14,116.29;39.29,116.55;39.87,116.65;
#87:
>0:38.66,116.38;39.11,116.19;39.45,115.96;39.82,115.99;40.2,116.32;
#88:
>0:40.04,116.56;39.61,116.62;39.46,116.8;
#89:
>0:40.07,115.99;40.47,116.11;40.51,116.4;40.19,116.33;39.49,116.62;
#90:
>0:40.4,116.18;40.02,115.97;39.82,116.1;39.44,116.07;
#91:
>0:39.78,116.55;40.0,116.55;39.57,116.13;
#92:
>0:39.41,116.82;39.54,116.61;40.03,116.82;
#93:
>0:39.87,116.6;39.47,116.45;39.33,116.68;38.83,116.8;
#94:
>0:40.49,116.39;40.01,116.11;39.89,116.44;39.9,116.47;39.52,116.65;38.76,116.63;
#95:
>0:40.2,116.47;39.96,116.66;40.18,116.76;
#96:
>0:40.51,116.55;40.33,116.28;39.81,116.49;
#97:
>0:40.01,116.45;39.8,116.53;39.95,116.39;
#98:
>0:39.47,116.32;39.83,116.44;
#99:
>0:39.26,116.26;39.25,115.98;39.58,115.98;39.98,116.07;
