#0:
>0:39.06,116.83;39.41,116.73;39.62,116.56;39.39,116.31;
#1:
>0:39.9,116.3;39.83,116.24;39.77,116.27;39.93,116.28;39.7,116.52;
#2:
>0:40.27,115.97;40.32,116.09;
#3:
>0:40.27,115.97;40.03,116.02;39.87,116.09;39.57,116.24;
#4:
>0:40.33,116.57;40.51,116.3;40.19,116.24;40.2,116.34;40.03,116.56;39.79,116.32;40.05,116.36;39.79,116.37;39.86,116.49;39.86,116.34;39.72,116.25;39.62,116.37;39.62,116.38;
#5:
>0:39.78,116.33;39.75,116.39;
#6:
>0:40.02,116.62;39.86,116.54;39.81,116.33;39.4,116.45;38.79,116.77;
#7:
>0:40.48,116.78;40.51,116.73;40.31,116.53;40.5,116.28;40.46,116.18;
#8:
>0:39.27,116.02;39.36,116.21;39.73,116.1;40.06,116.12;
#9:
>0:40.44,116.07;40.0,116.04;39.63,116.11;39.73,116.39;39.67,116.45;39.34,116.76;
#10:
>0:39.65,116.39;39.64,116.49;39.99,116.28;39.72,116.42;
#11:
>0:40.23,116.28;40.1,116.32;
#12:
>0:40.25,116.39;40.46,116.49;40.0,116.61;39.34,116.5;
#13:
>0:39.63,116.28;40.08,116.29;39.68,116.31;39.61,116.29;
#14:
>0:39.44,116.67;39.85,116.56;39.68,116.31;40.1,116.22;39.92,116.06;
#15:
>0:39.91,116.33;39.54,116.44;
#16:
>0:39.77,116.31;39.63,116.41;
#17:
>0:39.6,116.07;40.04,116.01;39.82,116.22;39.74,116.4;39.37,116.62;
#18:
>0:39.74,116.32;40.23,116.29;
#19:
>0:39.82,116.15;39.65,116.37;39.74,116.51;39.44,116.46;40.02,116.88;
#20:
>0:40.34,116.44;40.07,116.52;40.12,116.13;
#21:
>0:40.53,116.11;40.47,116.17;
#22:
>0:39.4,116.15;39.69,116.32;40.02,116.38;40.17,116.51;39.87,116.79;
#23:
>0:40.13,116.66;39.91,116.49;
#24:
>0:38.77,115.97;39.21,116.24;39.57,116.35;39.64,116.5;40.22,116.48;40.26,116.63;
#25:
>0:40.21,116.41;40.14,116.37;
#26:
>0:40.03,116.4;39.74,116.3;40.04,116.25;39.96,116.51;
#27:
>0:40.02,116.39;39.93,116.42;
#28:
>0:39.94,116.35;40.13,116.33;
#29:
>0:39.83,116.32;39.82,116.19;
#30:
>0:39.59,116.27;39.61,116.19;39.68,115.98;40.4,116.08;
#31:
>0:39.39,116.31;39.3,116.58;40.05,116.48;
#32:
>0:39.67,116.42;39.73,116.46;39.83,116.35;
#33:
>0:39.76,116.63;39.33,116.6;40.14,116.38;
#34:
>0:40.07,116.46;40.08,116.32;39.4,116.5;
#35:
>0:40.09,116.16;40.04,116.27;39.82,116.35;39.53,116.44;38.78,116.68;
#36:
>0:39.94,116.73;39.65,116.51;39.82,116.42;
#37:
>0:40.06,116.42;39.94,116.39;
#38:
>0:39.81,116.41;39.86,116.34;
#39:
>0:39.57,116.21;39.27,116.32;39.32,116.33;39.12,116.69;
#40:
>0:40.51,116.51;40.0,116.49;40.09,116.26;
#41:
>0:39.8,116.35;39.74,116.33;
#42:
>0:40.12,116.38;39.95,116.28;
#43:
>0:40.0,116.47;40.11,116.67;39.45,116.68;
#44:
>0:40.1,116.12;40.23,116.29;39.72,116.36;39.37,116.46;38.77,116.85;
#45:
>0:38.86,116.37;38.99,116.21;39.51,116.27;
#46:
>0:39.82,116.33;39.64,116.39;
#47:
>0:39.72,116.3;39.71,116.32;
#48:
>0:40.48,116.5;39.99,116.55;40.22,116.24;
#49:
>0:40.04,116.89;40.49,116.79;40.34,116.44;
#50:
>0:39.95,116.45;40.09,116.63;40.02,116.87;
#51:
>0:39.57,116.02;39.55,116.02;
#52:
>0:39.06,116.48;39.16,116.42;39.31,116.28;39.73,116.06;
#53:
>0:38.95,116.77;39.25,116.6;39.59,116.74;
#54:
>0:38.79,116.42;39.25,116.37;38.89,116.63;
#55:
>0:40.08,116.36;40.21,116.36;
#56:
>0:39.08,116.85;39.49,116.83;39.79,116.82;40.18,116.72;40.42,116.84;
#57:
>0:39.82,116.39;39.7,116.27;
#58:
>0:40.09,116.35;40.06,116.35;
#59:
>0:40.52,116.04;40.05,116.06;39.65,116.0;39.74,116.24;39.04,116.02;
#60:
>0:39.85,116.7;39.54,116.43;39.19,116.32;39.17,116.12;
#61:
>0:40.08,116.72;40.48,116.44;
#62:
>0:39.84,116.53;39.34,116.6;39.78,116.75;
#63:
>0:39.85,116.34;39.65,116.27;
#64:
>0:40.09,116.62;40.06,116.67;
#65:
>0:40.49,116.22;40.0,116.31;
#66:
>0:39.62,116.34;39.63,116.28;
#67:
>0:39.3,116.3;39.18,116.12;
#68:
>0:38.68,116.33;39.14,116.38;38.8,116.58;
#69:
>0:39.79,116.35;39.62,116.32;
#70:
>0:40.12,116.84;39.86,116.71;39.94,116.47;39.36,116.3;
#71:
>0:39.63,116.39;39.72,116.34;
#72:
>0:39.11,115.99;39.03,116.07;
#73:
>0:39.02,116.59;39.42,116.83;39.62,116.86;40.19,116.71;40.51,116.55;
#74:
>0:39.16,116.62;39.31,116.78;39.71,116.77;40.15,116.61;40.45,116.42;
#75:
>0:39.38,116.37;39.78,116.25;39.61,116.0;
#76:
>0:40.52,116.76;40.21,116.63;39.91,116.42;39.55,116.54;
#77:
>0:39.64,116.41;39.84,116.41;
#78:
>0:39.29,116.36;39.35,116.5;40.07,116.43;
#79:
>0:39.66,116.29;39.71,116.52;39.6,116.42;
#80:
>0:40.23,116.77;39.65,116.81;
#81:
>0:39.73,116.42;39.95,116.32;
#82:
>0:39.74,116.3;39.88,116.43;39.83,116.34;
#83:
>0:38.96,116.1;38.67,116.25;39.21,116.35;39.85,116.56;
#84:
>0:40.43,115.97;39.96,116.09;39.87,116.21;39.44,116.23;39.32,116.07;38.68,116.08;
#85:
>0:39.89,116.36;39.85,116.31;
#86:
>0:39.06,116.84;39.5,116.65;39.74,116.5;40.1,116.32;40.25,116.28;
#87:
>0:39.24,116.85;38.84,116.6;39.27,116.43;38.78,116.34;
#88:
>0:40.35,116.04;40.01,115.99;39.74,116.23;39.51,116.13;39.34,116.09;38.71,116.05;
#89:
>0:39.66,116.17;39.61,116.35;39.79,116.54;39.55,116.68;
#90:
>0:39.97,116.38;39.97,116.54;39.54,116.45;
#91:
>0:39.98,116.51;40.02,116.35;40.22,116.19;39.86,116.06;39.76,116.17;39.73,116.38;39.88,116.29;
#92:
>0:39.95,116.28;40.16,116.33;
#93:
>0:38.96,116.05;38.75,116.13;39.09,116.4;39.7,116.5;
#94:
>0:38.76,116.09;38.93,116.12;38.94,116.34;38.79,116.5;
#95:
>0:39.66,116.33;39.73,116.28;
#96:
>0:38.85,116.87;39.01,116.67;39.56,116.52;39.77,116.53;
#97:
>0:40.29,116.05;40.17,116.04;40.26,116.19;40.28,116.38;40.36,116.56;40.45,116.77;
#98:
>0:40.43,116.48;40.08,116.65;39.7,116.41;
#99:
>0:39.38,116.22;39.11,116.29;39.5,116.28;39.21,116.62;
