#0:
>0:40.38,116.72;40.05,116.54;40.45,116.38;
#1:
>0:38.75,116.43;38.86,116.31;38.67,116.19;38.72,116.05;
#2:
>0:39.15,116.74;39.31,116.6;39.79,116.56;40.16,116.36;
#3:
>0:40.35,116.23;39.96,116.03;39.82,116.13;39.56,116.16;39.34,116.41;38.66,116.37;
#4:
>0:39.61,116.24;39.91,116.45;40.49,116.5;
#5:
>0:39.91,116.48;39.68,116.44;39.98,116.41;
#6:
>0:40.53,116.14;40.4,116.4;40.21,116.5;40.41,116.48;40.23,116.82;
#7:
>0:40.4,116.57;40.06,116.31;39.84,116.26;39.55,115.97;39.17,116.0;
#8:
>0:40.06,116.7;39.93,116.88;39.49,116.75;
#9:
>0:39.8,116.41;39.89,116.42;
#10:
>0:39.34,116.39;39.47,116.48;39.8,116.53;40.5,116.49;
#11:
>0:39.29,116.46;39.45,116.38;
#12:
>0:39.39,115.96;39.58,116.16;38.88,116.19;
#13:
>0:40.17,116.16;40.25,115.95;
#14:
>0:40.2,116.03;39.77,116.2;39.98,116.48;40.21,116.27;40.44,116.6;
#15:
>0:39.52,116.01;39.73,116.23;39.94,116.37;40.14,116.47;40.5,116.71;
#16:
>0:39.68,116.03;39.34,116.12;
#17:
>0:40.01,116.85;39.7,116.65;39.42,116.51;39.81,116.46;39.82,116.18;
#18:
>0:40.33,115.97;40.38,116.2;40.24,116.35;40.41,116.51;39.98,116.72;
#19:
>0:40.25,116.21;40.04,116.03;39.8,116.12;39.59,116.36;
#20:
>0:38.71,116.16;39.0,116.08;39.45,116.21;
#21:
>0:39.96,116.54;40.1,116.69;
#22:
>0:39.5,116.07;39.57,116.22;39.39,116.39;39.2,116.5;39.78,116.58;
#23:
>0:40.11,116.64;40.37,116.81;
#24:
>0:38.91,116.86;39.25,116.71;39.5,116.43;39.44,116.29;
#25:
>0:39.57,116.77;39.46,116.59;38.76,116.52;
#26:
>0:39.22,116.28;38.96,116.53;
#27:
>0:39.9,116.36;40.07,116.4;40.45,116.23;39.98,116.05;40.06,116.44;
#28:
>0:39.12,116.68;39.26,116.65;
#29:
>0:39.0,116.46;39.3,116.65;39.84,116.42;
#30:
>0:39.07,116.11;39.42,116.11;39.96,116.4;39.97,116.36;40.07,116.59;
#31:
>0:39.02,116.42;39.22,116.13;
#32:
>0:38.76,116.83;38.98,116.73;39.59,116.48;39.48,116.38;
#33:
>0:40.0,116.42;39.99,116.39;40.51,116.66;
#34:
>0:39.92,116.53;39.69,116.53;39.45,116.71;
#35:
>0:39.82,116.41;39.81,116.48;
#36:
>0:38.9,116.29;38.68,116.22;39.18,116.32;39.3,116.48;40.12,116.42;
#37:
>0:40.42,116.49;40.19,116.29;39.73,116.26;
#38:
>0:38.65,116.34;38.99,116.39;
#39:
>0:38.73,116.19;39.13,116.37;39.09,116.47;39.14,116.61;39.16,116.81;
#40:
>0:39.96,116.34;40.07,116.3;
#41:
>0:40.39,116.55;40.22,116.32;39.78,116.21;39.39,115.96;39.05,116.0;
#42:
>0:39.5,116.74;39.84,116.86;39.85,116.58;40.49,116.83;
#43:
>0:40.02,116.61;40.08,116.88;39.7,116.58;39.54,116.57;39.84,116.71;40.21,116.7;40.07,116.34;
#44:
>0:39.99,116.35;39.32,116.2;39.32,116.35;39.36,116.47;39.65,116.46;39.83,116.49;40.2,116.32;39.96,116.38;40.13,116.28;39.95,116.37;40.03,116.35;40.15,116.55;39.78,116.44;40.12,116.3;40.31,116.36;40.0,116.46;40.13,116.33;40.4,116.24;40.22,116.09;40.0,116.42;
#45:
>0:39.9,116.45;39.93,116.41;39.96,116.48;39.81,116.52;39.75,116.6;40.08,116.71;40.21,116.76;39.69,116.7;40.12,116.73;40.12,116.48;39.94,116.38;39.9,116.19;39.41,116.2;39.6,116.4;39.94,116.41;
#46:
>0:39.86,116.44;39.89,116.37;
#47:
>0:40.25,116.29;40.16,116.44;39.61,116.66;
#48:
>0:39.66,116.61;39.33,116.52;39.27,116.3;38.94,116.21;
#49:
>0:39.42,116.79;39.6,116.67;39.86,116.58;40.05,116.51;39.98,116.39;40.14,116.1;
#50:
>0:38.68,116.11;38.99,116.34;38.96,116.4;39.14,116.54;39.78,116.84;
#51:
>0:38.68,116.44;38.98,116.35;39.59,116.13;39.85,116.0;40.17,115.97;
#52:
>0:40.37,116.87;40.36,116.69;40.07,116.54;40.42,116.28;
#53:
>0:39.34,116.14;39.59,116.34;39.19,116.46;39.6,116.71;39.57,116.8;
#54:
>0:39.32,116.06;39.5,116.18;39.76,116.36;40.22,116.43;40.52,116.64;
#55:
>0:39.8,116.6;39.45,116.47;
#56:
>0:39.42,116.16;39.82,116.49;40.21,116.27;40.51,116.38;
#57:
>0:40.28,116.59;40.01,116.57;40.55,116.37;
#58:
>0:39.29,116.27;39.01,116.57;39.71,116.68;
#59:
>0:40.46,116.71;40.17,116.57;40.39,116.37;
#60:
>0:39.18,116.65;39.38,116.56;39.4,116.41;
#61:
>0:39.38,116.32;39.51,116.12;40.12,116.47;
#62:
>0:40.2,116.0;39.64,116.13;39.9,116.39;39.94,116.31;40.07,116.65;
#63:
>0:38.65,116.0;39.26,116.16;39.55,116.18;39.83,116.35;40.16,116.38;40.37,116.44;
#64:
>0:40.29,116.39;40.5,116.26;40.0,116.05;39.7,116.25;39.11,116.54;
#65:
>0:38.96,116.84;39.23,116.67;39.13,116.45;
#66:
>0:40.41,116.73;40.22,116.65;40.12,116.43;40.41,116.22;
#67:
>0:39.08,116.0;39.6,116.15;39.81,116.38;39.83,116.53;40.17,116.62;
#68:
>0:40.1,116.56;40.02,116.29;39.86,116.21;39.05,116.22;
#69:
>0:40.22,116.68;39.8,116.85;39.46,116.79;39.17,116.79;38.67,116.89;
#70:
>0:39.8,116.7;39.48,116.48;
#71:
>0:40.06,116.71;40.09,116.86;39.37,116.75;
#72:
>0:39.07,116.54;39.09,116.34;39.46,116.2;
#73:
>0:39.28,116.07;39.04,116.25;39.39,116.23;39.59,116.44;
#74:
>0:39.31,115.99;39.74,116.23;39.29,116.25;39.53,116.45;
#75:
>0:40.38,116.8;40.43,116.7;40.38,116.45;
#76:
>0:39.33,116.74;39.8,116.83;39.68,116.58;39.21,116.33;
#77:
>0:39.19,116.35;39.3,116.46;39.85,116.65;40.08,116.51;40.52,116.41;
#78:
>0:40.05,116.37;40.51,116.51;40.29,116.73;40.12,116.82;
#79:
>0:40.5,116.06;40.43,116.11;
#80:
>0:40.3,116.08;40.37,116.08;
#81:
>0:39.42,116.09;39.54,116.25;40.07,116.34;40.17,116.31;39.97,116.68;
#82:
>0:40.54,116.11;40.34,116.22;40.51,116.36;39.93,116.43;40.35,116.63;
#83:
>0:39.86,116.03;39.65,116.24;39.54,116.17;38.91,116.19;
#84:
>0:40.04,116.38;39.84,116.49;40.11,116.53;40.15,116.31;40.53,116.18;40.12,116.01;39.97,116.49;
#85:
>0:39.28,116.04;39.53,116.15;39.84,116.49;40.12,116.39;40.18,116.59;
#86:
>0:39.56,116.86;39.66,116.86;39.65,116.65;40.23,116.79;
#87:
>0:39.95,116.42;40.23,116.4;40.26,116.52;40.21,116.59;39.77,116.39;
#88:
>0:40.45,116.07;40.51,116.22;40.4,116.4;40.04,116.53;40.53,116.7;
#89:
>0:40.33,116.65;39.95,116.47;39.77,116.37;39.55,116.11;39.21,115.99;38.68,116.08;
#90:
>0:40.41,116.74;40.52,116.73;40.2,116.59;40.02,116.44;40.26,116.17;
#91:
>0:39.83,116.79;39.38,116.76;39.05,116.81;38.76,116.74;
#92:
>0:38.77,116.34;39.04,116.55;38.79,116.59;
#93:
>0:39.97,116.5;39.92,116.39;40.47,116.31;40.49,116.16;40.07,116.03;39.87,116.14;39.57,116.24;39.98,116.42;40.03,116.33;39.84,116.37;40.0,116.44;
#94:
>0:39.91,116.84;39.75,116.63;39.88,116.43;
#95:
>0:39.94,116.62;39.65,116.85;39.35,116.75;39.26,116.85;
#96:
>0:40.07,116.35;39.8,116.43;
#97:
>0:39.81,116.35;40.01,116.48;39.78,116.31;39.66,116.48;39.95,116.42;39.88,116.4;
#98:
>0:38.68,116.48;39.08,116.64;39.0,116.82;
#99:
>0:39.65,116.44;39.82,116.59;39.19,116.44;
