#0:
>0:38.93,115.96;39.1,116.21;39.44,116.35;39.97,116.32;40.06,116.33;40.54,116.42;
#1:
>0:39.5,116.84;40.12,116.82;40.23,116.58;40.47,116.6;40.07,116.13;
#2:
>0:39.91,116.43;40.16,116.32;
#3:
>0:40.48,116.8;39.93,116.7;39.99,116.54;39.88,116.52;39.3,116.31;38.95,116.02;
#4:
>0:39.14,116.86;39.54,116.8;38.79,116.51;
#5:
>0:40.04,116.13;40.37,116.25;
#6:
>0:39.88,116.41;39.84,116.28;39.96,116.51;
#7:
>0:38.72,116.71;39.07,116.42;
#8:
>0:38.87,116.79;39.04,116.6;39.46,116.54;39.92,116.39;40.23,116.24;40.19,116.0;
#9:
>0:40.11,116.37;39.98,116.39;39.85,116.46;39.94,116.23;40.08,116.6;
#10:
>0:39.79,115.99;40.07,116.32;39.96,116.27;39.71,116.48;39.57,116.72;
#11:
>0:38.8,116.06;39.2,116.14;39.42,116.35;39.87,116.43;39.96,116.4;40.42,116.31;
#12:
>0:39.05,116.16;39.41,116.31;
#13:
>0:39.06,116.25;38.78,116.0;
#14:
>0:39.82,116.75;39.95,116.67;39.98,116.58;39.83,116.26;
#15:
>0:39.03,116.41;39.36,116.39;38.71,116.02;
#16:
>0:40.08,116.48;40.05,116.41;
#17:
>0:38.98,116.44;39.54,116.32;
#18:
>0:40.63,116.7;40.08,116.85;
#19:
>0:40.28,116.4;40.4,116.22;39.69,116.54;
#20:
>0:39.99,116.8;39.94,116.68;40.07,116.46;39.53,116.3;
#21:
>0:40.44,116.8;40.0,116.64;40.22,116.55;39.92,116.51;39.3,116.16;38.81,116.02;
#22:
>0:39.0,116.3;39.55,116.57;39.97,116.83;
#23:
>0:39.38,116.74;40.12,116.73;40.12,116.65;40.35,116.58;39.99,116.24;
#24:
>0:38.77,115.96;39.25,116.01;
#25:
>0:39.9,116.0;39.96,116.27;40.2,116.41;39.79,116.51;39.6,116.46;38.87,116.79;
#26:
>0:40.42,116.31;40.05,116.34;39.61,116.52;39.93,116.45;39.41,116.49;38.73,116.79;
#27:
>0:38.75,116.19;39.02,116.37;39.54,116.57;39.83,116.78;40.21,116.65;
#28:
>0:40.12,116.05;39.73,116.02;39.9,116.24;39.16,116.2;
#29:
>0:38.98,116.12;39.31,116.29;39.84,116.44;39.88,116.7;39.67,116.88;
#30:
>0:39.91,116.17;40.17,116.28;39.67,116.51;39.85,116.73;
#31:
>0:40.22,116.59;39.93,116.61;39.83,116.45;39.17,116.48;
#32:
>0:39.96,116.34;40.5,116.31;
#33:
>0:39.91,116.31;39.55,115.98;
#34:
>0:39.34,116.57;39.34,116.68;
#35:
>0:40.2,116.07;39.77,116.14;39.97,116.3;40.41,116.6;40.03,116.72;39.93,116.86;
#36:
>0:39.75,116.83;39.42,116.8;39.03,116.6;39.11,116.29;
#37:
>0:39.65,116.43;39.46,116.52;39.05,116.33;38.96,116.09;
#38:
>0:40.13,116.58;39.61,116.47;
#39:
>0:38.69,116.65;39.26,116.56;39.36,116.33;
#40:
>0:39.41,116.71;39.62,116.45;40.12,116.47;40.11,116.36;40.36,116.0;
#41:
>0:39.44,116.66;39.6,116.53;
#42:
>0:40.08,116.48;39.99,116.18;
#43:
>0:39.17,116.37;39.11,116.5;
#44:
>0:40.09,116.48;40.06,116.12;39.32,116.39;40.03,116.44;
#45:
>0:39.02,116.0;39.29,116.1;39.82,115.96;40.05,116.06;40.42,116.01;
#46:
>0:38.67,115.98;39.19,116.21;39.49,116.19;40.07,116.12;40.04,116.26;
#47:
>0:40.45,116.35;40.02,116.24;39.94,116.46;39.6,116.47;39.07,116.77;
#48:
>0:39.52,116.42;39.66,116.43;39.88,116.69;39.67,116.89;
#49:
>0:40.0,116.41;40.0,116.39;
#50:
>0:38.86,116.43;39.16,116.42;39.43,116.18;39.93,116.14;
#51:
>0:39.33,116.12;39.08,116.34;38.7,116.43;38.91,116.72;38.75,116.87;
#52:
>0:40.04,116.4;39.81,116.5;
#53:
>0:40.07,116.05;39.87,116.01;39.92,116.27;40.05,116.37;39.92,116.67;
#54:
>0:39.52,116.78;40.01,116.68;40.22,116.7;40.45,116.64;
#55:
>0:39.25,116.06;39.45,116.26;39.47,116.38;39.04,116.55;39.18,116.71;39.48,116.86;
#56:
>0:39.64,116.57;39.54,116.54;39.01,116.4;38.86,116.04;
#57:
>0:38.98,116.18;39.19,116.22;
#58:
>0:40.01,116.8;39.92,116.67;40.29,116.41;
#59:
>0:38.94,116.03;39.24,116.13;39.07,116.34;39.64,116.42;
#60:
>0:40.06,116.56;40.25,116.54;39.88,116.82;
#61:
>0:39.35,116.88;40.09,116.72;39.96,116.72;40.04,116.4;
#62:
>0:39.05,116.71;38.82,116.54;38.9,116.37;
#63:
>0:39.31,116.26;40.12,116.39;40.09,116.63;39.99,116.71;40.44,116.79;
#64:
>0:38.78,116.16;38.96,116.08;39.56,115.98;
#65:
>0:39.37,116.78;39.09,116.68;39.1,116.43;38.98,116.31;
#66:
>0:39.82,116.46;39.79,116.24;40.04,116.45;
#67:
>0:39.35,116.36;39.83,116.44;39.86,116.77;39.74,116.81;
#68:
>0:39.85,115.96;39.6,116.01;
#69:
>0:39.89,116.52;39.95,116.77;
#70:
>0:39.98,116.62;40.01,116.32;40.06,116.47;39.25,116.64;
#71:
>0:39.96,116.18;40.03,116.22;39.99,116.5;
#72:
>0:40.11,116.36;39.87,116.41;39.81,116.18;39.35,116.31;38.79,116.28;
#73:
>0:40.42,116.7;40.05,116.58;39.96,116.53;39.8,116.57;39.02,116.6;
#74:
>0:39.49,116.61;39.16,116.48;38.9,116.45;38.92,116.17;
#75:
>0:40.19,116.55;39.96,116.82;39.44,116.58;39.0,116.61;
#76:
>0:39.57,116.52;39.21,116.5;38.68,116.52;
#77:
>0:38.72,116.06;39.02,116.24;39.37,116.3;39.82,116.46;40.19,116.62;40.14,116.8;
#78:
>0:39.2,116.74;39.35,116.85;38.99,116.7;38.97,116.31;
#79:
>0:39.79,116.01;39.41,116.17;
#80:
>0:40.13,116.44;39.83,116.46;39.52,116.47;39.08,116.42;38.78,116.42;
#81:
>0:40.5,116.55;40.02,116.66;39.85,116.75;
#82:
>0:39.01,116.71;39.45,116.72;39.84,116.77;40.03,116.73;
#83:
>0:38.7,116.73;39.19,116.53;39.4,116.32;
#84:
>0:40.16,116.52;39.97,116.69;39.29,116.72;39.22,116.71;
#85:
>0:40.35,116.0;40.38,116.15;40.27,116.39;40.42,116.59;
#86:
>0:39.1,116.39;39.55,116.48;39.94,116.8;
#87:
>0:38.91,116.32;39.25,116.19;39.53,116.09;39.83,116.01;
#88:
>0:38.82,116.72;39.18,116.51;38.7,116.35;38.81,116.11;39.28,115.97;
#89:
>0:40.01,116.16;39.5,115.97;
#90:
>0:38.85,116.53;39.03,116.63;39.45,116.84;39.7,116.75;
#91:
>0:40.54,116.23;40.38,116.39;39.85,116.16;
#92:
>0:40.08,116.4;39.31,116.25;
#93:
>0:39.38,116.44;39.98,116.77;40.03,116.49;
#94:
>0:38.73,115.96;38.93,116.15;38.69,116.41;
#95:
>0:39.86,116.12;39.36,115.97;
#96:
>0:39.92,116.27;39.92,116.28;39.49,116.53;
#97:
>0:38.68,116.21;39.22,116.4;39.12,116.24;39.81,116.57;
#98:
>0:38.67,116.34;39.15,116.13;39.49,116.06;39.62,116.08;40.08,116.09;
#99:
>0:39.96,116.56;39.85,116.5;39.39,116.48;39.27,116.38;38.76,116.04;
