#0:
>0:39.73,116.37;39.96,116.31;39.9,116.28;
#1:
>0:39.85,116.41;39.8,116.38;
#2:
>0:40.25,116.17;40.02,116.37;39.63,116.31;39.88,116.53;39.28,116.72;
#3:
>0:39.84,116.3;40.21,116.49;40.01,116.27;40.53,116.3;39.73,116.36;
#4:
>0:40.37,116.09;40.35,115.96;
#5:
>0:38.92,116.03;39.24,116.01;39.37,116.03;39.29,116.14;40.13,116.09;
#6:
>0:39.76,116.39;39.66,116.2;39.64,116.04;
#7:
>0:40.16,116.02;39.68,116.12;39.7,116.28;39.91,116.51;39.25,116.63;
#8:
>0:39.34,116.88;39.39,116.59;38.98,116.44;39.54,116.32;39.58,116.21;
#9:
>0:40.08,116.27;39.8,116.32;
#10:
>0:39.47,115.99;39.6,116.18;39.68,116.14;40.25,116.38;
#11:
>0:39.75,116.32;39.84,116.19;39.84,116.4;
#12:
>0:38.84,116.67;39.06,116.64;
#13:
>0:39.55,116.25;39.62,116.14;39.96,116.18;40.35,116.21;
#14:
>0:39.84,116.33;39.81,116.2;39.38,116.39;39.44,116.47;39.77,116.52;40.02,116.43;39.84,116.29;
#15:
>0:39.81,116.33;39.87,116.15;39.88,116.37;
#16:
>0:39.91,116.88;39.99,116.58;40.29,116.43;
#17:
>0:39.9,116.33;39.54,116.32;38.99,116.36;
#18:
>0:38.78,116.33;39.13,116.25;39.45,116.02;39.55,116.22;40.01,116.49;
#19:
>0:38.68,116.86;39.03,116.79;
#20:
>0:39.61,116.29;39.39,116.47;39.73,116.39;
#21:
>0:39.21,116.78;39.34,116.63;39.91,116.47;40.0,116.34;40.37,116.21;
#22:
>0:39.47,116.17;39.71,116.25;40.03,116.29;
#23:
>0:39.75,116.67;40.2,116.49;40.17,116.28;39.72,116.39;40.03,115.98;
#24:
>0:39.57,116.45;39.47,116.42;40.2,116.27;
#25:
>0:38.76,116.8;39.24,116.59;39.59,116.52;39.9,116.41;
#26:
>0:40.27,116.49;40.39,116.67;40.35,116.88;
#27:
>0:39.9,116.17;39.7,116.39;39.46,116.46;
#28:
>0:40.53,116.31;40.16,116.2;39.81,116.04;39.37,116.0;
#29:
>0:39.76,116.36;39.91,116.48;39.69,116.37;39.81,116.48;39.9,116.35;40.13,116.33;39.78,116.35;39.29,116.49;39.74,116.5;40.17,116.31;40.04,116.17;40.13,116.28;40.03,116.14;39.7,116.31;
#30:
>0:39.9,116.31;39.5,116.33;39.3,116.49;39.78,116.33;
#31:
>0:40.12,116.3;40.48,116.3;40.12,116.36;40.01,116.43;39.96,116.54;
#32:
>0:40.38,116.02;40.38,116.08;
#33:
>0:39.73,116.15;39.96,116.07;40.37,115.97;
#34:
>0:39.13,116.33;39.59,116.3;39.66,116.31;40.14,116.65;
#35:
>0:39.79,116.32;39.63,116.4;
#36:
>0:40.21,116.04;39.69,116.08;39.29,116.12;39.65,116.54;
#37:
>0:39.84,116.41;39.72,116.26;40.04,116.11;40.53,116.18;
#38:
>0:40.19,116.4;39.66,116.4;39.54,116.51;39.28,116.15;
#39:
>0:39.47,116.64;39.21,116.51;39.54,116.31;39.88,116.12;39.61,116.0;
#40:
>0:39.76,116.21;39.33,116.42;39.04,116.32;
#41:
>0:38.78,116.34;39.14,116.26;39.58,116.15;
#42:
>0:40.17,116.34;40.03,116.28;
#43:
>0:39.02,116.39;39.12,116.12;
#44:
>0:40.3,116.08;40.53,115.99;
#45:
>0:39.91,116.31;39.29,116.37;39.22,116.41;
#46:
>0:40.26,116.13;39.98,116.41;39.88,116.28;
#47:
>0:40.29,116.25;40.47,116.29;40.02,116.34;40.48,116.67;
#48:
>0:40.39,116.13;39.98,116.27;39.79,116.38;
#49:
>0:39.16,115.95;39.54,116.18;39.82,115.98;
#50:
>0:39.44,116.17;39.72,116.31;40.17,116.35;
#51:
>0:39.24,116.56;39.3,116.34;
#52:
>0:40.0,116.02;39.77,116.11;39.52,116.37;39.02,116.43;
#53:
>0:40.06,116.38;40.43,116.38;40.27,115.98;
#54:
>0:39.02,116.31;39.2,116.19;
#55:
>0:39.12,116.8;39.47,116.79;39.43,116.62;39.9,116.69;40.25,116.72;
#56:
>0:39.7,116.67;39.93,116.54;40.33,116.49;40.05,116.11;
#57:
>0:40.3,116.19;40.11,116.4;39.83,116.39;39.43,116.68;
#58:
>0:39.65,116.11;39.35,116.3;39.3,116.45;39.69,116.58;
#59:
>0:39.92,116.28;39.8,116.28;
#60:
>0:39.84,116.29;39.69,116.42;40.12,116.35;39.8,116.37;39.77,116.45;39.63,116.37;39.68,116.45;40.07,116.55;40.14,116.73;39.8,116.64;40.14,116.55;39.9,116.63;40.08,116.44;40.12,116.28;39.89,116.36;40.04,116.27;40.52,116.36;40.01,116.31;39.66,116.39;
#61:
>0:40.41,116.75;40.14,116.58;39.8,116.71;39.45,116.7;39.22,116.64;
#62:
>0:39.81,116.81;39.3,116.63;39.22,116.52;39.15,116.3;39.16,116.23;
#63:
>0:40.53,116.67;40.38,116.67;
#64:
>0:39.74,116.81;39.56,116.66;39.11,116.43;39.04,116.38;39.24,116.25;
#65:
>0:38.9,116.25;38.8,116.07;39.19,116.09;39.29,116.14;39.7,116.23;40.48,116.07;
#66:
>0:40.19,116.13;40.16,116.3;39.76,116.57;39.56,116.64;38.72,116.41;
#67:
>0:39.98,116.73;39.89,116.6;39.56,116.62;39.11,116.62;
#68:
>0:39.67,116.1;39.55,116.21;39.82,116.34;39.62,116.53;40.13,116.45;39.93,116.88;
#69:
>0:39.01,115.99;39.45,116.21;39.66,116.2;40.05,116.3;
#70:
>0:39.87,116.35;40.02,116.29;40.22,116.52;40.21,116.37;39.63,116.39;40.15,116.32;39.74,116.29;39.36,116.5;39.69,116.49;39.77,116.44;
#71:
>0:40.02,116.28;40.01,116.19;40.06,116.39;39.68,116.3;40.02,116.52;
#72:
>0:39.94,116.4;40.06,116.37;
#73:
>0:39.63,116.33;39.99,116.4;39.78,116.29;40.15,116.37;39.96,116.52;40.12,116.35;39.79,116.35;39.73,116.4;
#74:
>0:39.64,116.59;39.62,116.69;
#75:
>0:39.55,116.7;39.22,116.55;38.79,116.44;
#76:
>0:39.7,116.16;39.48,116.3;39.02,116.31;
#77:
>0:39.12,116.72;39.43,116.84;39.65,116.61;
#78:
>0:39.8,116.27;40.08,116.33;39.73,116.28;40.19,116.3;40.45,116.39;39.62,116.32;
#79:
>0:39.26,116.5;39.35,116.35;39.73,116.48;
#80:
>0:40.0,116.54;40.32,116.54;40.02,116.35;40.46,116.07;
#81:
>0:40.06,115.99;40.14,116.14;39.94,116.29;
#82:
>0:39.89,116.67;39.54,116.71;39.28,116.49;38.96,116.15;
#83:
>0:40.36,116.27;39.99,116.21;39.98,116.41;39.36,116.28;
#84:
>0:39.69,116.36;39.86,116.28;
#85:
>0:39.61,116.14;39.55,116.38;39.28,116.41;
#86:
>0:38.94,116.38;39.07,116.55;39.42,116.45;
#87:
>0:39.17,116.63;39.32,116.67;39.78,116.66;40.19,116.37;
#88:
>0:39.68,116.44;39.67,116.6;
#89:
>0:39.87,116.38;39.86,116.17;40.0,116.22;40.12,116.31;39.91,116.27;39.74,116.39;
#90:
>0:40.27,116.1;40.09,116.2;39.9,116.28;40.19,116.29;40.18,116.61;
#91:
>0:38.74,116.02;39.0,116.2;39.52,116.35;39.79,116.48;40.0,116.63;40.26,116.84;
#92:
>0:38.72,116.83;39.14,116.62;39.52,116.59;39.1,116.33;
#93:
>0:39.19,116.63;39.37,116.61;39.62,116.67;39.92,116.4;
#94:
>0:39.97,116.33;39.74,116.36;40.21,116.57;39.78,116.88;
#95:
>0:40.51,116.12;40.14,116.41;39.69,116.54;39.42,116.7;39.02,116.62;
#96:
>0:40.0,116.28;40.35,116.42;40.52,116.11;
#97:
>0:39.6,116.39;39.95,116.35;39.71,116.32;
#98:
>0:39.0,116.45;39.45,116.32;39.77,116.39;40.21,116.19;
#99:
>0:39.67,116.17;39.58,116.37;39.23,116.42;
