#0:
>0:40.04,116.69;39.63,116.56;39.95,116.45;
#1:
>0:38.73,116.76;39.21,116.58;39.26,116.45;39.55,116.35;39.12,116.19;39.21,116.0;
#2:
>0:40.51,116.0;40.21,116.04;39.75,116.04;39.32,116.02;
#3:
>0:38.84,116.49;39.25,116.56;39.34,116.42;39.31,116.12;40.07,116.43;40.55,116.53;
#4:
>0:39.89,116.61;39.5,116.49;39.18,116.36;38.91,116.4;
#5:
>0:39.25,116.79;39.33,116.69;39.71,116.48;39.95,116.46;
#6:
>0:39.41,116.39;39.82,116.45;40.0,116.45;40.63,116.52;
#7:
>0:38.76,116.0;39.28,116.26;39.51,116.38;39.75,116.53;39.95,116.62;
#8:
>0:40.4,116.26;40.31,116.37;39.6,116.08;
#9:
>0:39.87,116.5;39.6,116.55;39.44,116.66;39.52,116.8;
#10:
>0:40.51,116.87;40.11,116.71;39.85,116.58;39.51,116.51;39.66,116.14;
#11:
>0:38.83,116.28;39.04,116.17;39.3,115.97;39.69,116.25;39.77,116.02;40.37,116.01;
#12:
>0:39.92,116.43;40.14,116.57;39.67,116.66;39.41,116.45;39.16,116.38;39.23,116.48;39.41,116.61;39.04,116.6;39.15,116.8;39.56,116.64;39.1,116.59;38.89,116.59;39.1,116.66;39.0,116.78;38.97,116.62;39.58,116.6;39.75,116.69;39.5,116.52;39.21,116.37;39.51,116.25;39.9,116.47;40.01,116.55;39.89,116.73;39.58,116.53;39.1,116.38;39.99,116.44;
#13:
>0:38.67,116.28;38.75,116.58;
#14:
>0:39.03,116.06;39.54,116.26;39.55,116.27;
#15:
>0:40.41,116.74;40.17,116.51;39.83,116.6;39.4,116.44;39.13,116.83;
#16:
>0:39.37,116.1;39.23,116.1;38.95,116.41;
#17:
>0:39.49,116.02;39.31,116.23;
#18:
>0:40.11,116.41;40.12,116.35;40.12,116.71;
#19:
>0:40.11,116.45;39.81,116.59;39.4,116.5;39.6,116.4;38.81,115.98;
#20:
>0:39.92,116.24;40.01,116.51;39.83,116.48;39.46,116.45;38.93,116.43;
#21:
>0:38.69,116.01;38.77,116.35;39.13,116.33;39.08,116.56;38.83,116.63;
#22:
>0:39.27,116.14;39.32,116.06;39.56,116.23;40.14,116.51;
#23:
>0:39.89,116.08;39.69,115.98;
#24:
>0:39.93,116.46;39.96,116.55;39.63,116.69;39.56,116.43;39.08,116.31;40.03,116.43;
#25:
>0:40.12,116.44;39.88,116.47;39.38,116.68;39.44,116.77;
#26:
>0:39.91,116.76;39.66,116.61;39.39,116.46;39.26,116.32;39.21,116.25;
#27:
>0:39.84,116.53;40.09,116.46;39.79,116.73;39.3,116.56;39.05,116.34;39.36,116.15;39.18,115.98;40.04,116.41;
#28:
>0:40.11,116.77;39.64,116.61;39.51,116.52;39.0,116.41;
#29:
>0:38.74,116.84;39.0,116.66;39.3,116.7;
#30:
>0:39.33,116.52;39.16,116.38;39.31,116.21;39.64,116.08;
#31:
>0:39.44,116.04;39.68,116.2;40.16,116.22;
#32:
>0:39.58,116.85;39.78,116.68;39.53,116.57;39.06,116.35;39.03,116.15;
#33:
>0:38.81,116.5;39.05,116.56;39.37,116.67;
#34:
>0:39.17,116.4;39.3,116.13;39.54,116.05;
#35:
>0:40.03,116.35;39.79,116.58;39.37,116.28;
#36:
>0:39.28,116.76;39.56,116.7;39.68,116.54;
#37:
>0:39.57,116.56;40.08,116.42;40.19,116.55;
#38:
>0:38.88,116.31;39.28,116.42;38.78,116.49;
#39:
>0:39.2,116.37;39.3,116.21;40.11,116.47;39.97,116.55;40.53,116.27;
#40:
>0:40.6,116.03;40.09,116.05;39.74,116.09;39.57,116.01;
#41:
>0:40.28,116.2;39.99,116.37;39.61,116.54;
#42:
>0:39.77,116.73;39.95,116.87;40.4,116.88;
#43:
>0:39.81,116.52;40.01,116.46;
#44:
>0:39.16,116.59;39.04,116.57;39.29,116.32;
#45:
>0:38.68,116.27;39.23,116.39;
#46:
>0:39.17,116.03;39.5,116.21;39.41,116.39;
#47:
>0:40.14,116.12;39.91,116.1;39.29,116.42;
#48:
>0:40.16,116.55;40.2,116.49;40.34,116.17;
#49:
>0:40.27,116.38;39.85,116.52;39.55,116.42;
#50:
>0:39.93,116.18;39.74,115.98;39.45,116.25;39.28,116.3;38.78,116.55;
#51:
>0:39.89,116.16;39.69,116.18;
#52:
>0:39.93,116.52;40.6,116.63;40.38,116.74;
#53:
>0:39.85,116.82;39.34,116.81;
#54:
>0:39.44,116.11;38.99,116.03;
#55:
>0:38.93,116.05;39.07,116.26;39.4,116.06;39.98,116.52;
#56:
>0:38.92,116.81;39.28,116.63;39.57,116.75;
#57:
>0:38.78,115.96;39.12,116.12;39.44,116.41;39.82,116.46;39.44,116.6;39.59,116.83;
#58:
>0:40.07,116.01;39.63,116.12;39.46,116.3;39.67,116.43;39.56,116.72;39.24,116.76;
#59:
>0:39.75,116.52;39.42,116.6;39.15,116.67;38.92,116.88;
#60:
>0:39.03,116.81;39.46,116.87;39.68,116.64;39.37,116.47;39.26,116.42;39.07,116.06;
#61:
>0:40.4,116.69;40.58,116.64;
#62:
>0:39.43,116.79;39.62,116.6;39.56,116.5;39.22,116.3;39.17,116.22;
#63:
>0:39.44,116.68;39.67,116.79;
#64:
>0:39.85,116.06;39.35,116.22;39.99,116.4;39.77,116.49;
#65:
>0:40.44,116.52;40.12,116.36;40.27,116.41;39.78,116.0;
#66:
>0:38.91,116.3;39.25,116.24;
#67:
>0:39.08,116.73;39.28,116.53;39.29,116.52;40.09,116.39;
#68:
>0:39.62,116.11;39.46,116.38;39.49,116.47;
#69:
>0:38.97,115.99;38.76,115.97;
#70:
>0:39.36,116.62;39.72,116.64;39.34,116.54;38.98,116.27;39.34,115.96;
#71:
>0:39.64,116.12;39.56,116.36;39.83,116.53;40.21,116.51;40.46,116.8;
#72:
>0:40.08,116.49;40.07,116.48;39.91,116.6;39.52,116.51;39.25,116.41;39.5,116.24;39.84,116.07;39.7,116.24;39.65,115.97;39.63,116.17;39.89,115.98;39.86,116.24;39.53,116.4;39.93,116.52;
#73:
>0:40.41,116.72;40.45,116.54;40.08,116.71;39.57,116.51;
#74:
>0:39.81,116.23;39.75,115.97;
#75:
>0:38.8,116.66;39.2,116.69;39.21,116.52;39.69,116.55;
#76:
>0:40.21,116.48;40.23,116.41;
#77:
>0:38.96,116.75;38.98,116.58;39.17,116.56;39.51,116.38;39.08,116.29;39.63,116.05;
#78:
>0:40.45,116.68;40.07,116.49;39.98,116.41;39.37,116.22;39.41,116.06;
#79:
>0:39.33,116.04;39.82,116.22;39.84,116.11;40.43,115.99;
#80:
>0:39.64,116.78;39.93,116.76;40.47,116.74;
#81:
>0:39.97,116.48;40.12,116.56;40.27,116.41;
#82:
>0:40.62,116.52;40.02,116.73;39.79,116.55;39.63,116.62;39.2,116.33;
#83:
>0:40.23,116.73;40.01,116.76;39.71,116.85;39.29,116.67;38.99,116.69;38.69,116.85;
#84:
>0:38.98,116.36;39.09,116.54;39.13,116.7;38.82,116.78;
#85:
>0:39.98,116.85;39.79,116.63;
#86:
>0:38.92,116.28;39.01,116.3;38.99,116.47;39.33,116.8;
#87:
>0:38.99,116.17;39.32,116.19;
#88:
>0:40.16,116.47;40.21,116.34;40.02,116.7;
#89:
>0:39.05,116.04;39.54,116.16;39.66,116.03;
#90:
>0:40.51,116.81;39.99,116.8;39.82,116.82;
#91:
>0:39.48,116.25;39.9,116.38;40.19,116.43;
#92:
>0:40.07,116.48;40.07,116.48;39.61,116.64;39.54,116.49;39.26,116.36;39.42,116.16;39.98,116.5;40.07,116.4;
#93:
>0:39.45,116.51;40.03,116.5;40.1,116.22;40.48,116.07;
#94:
>0:38.98,116.29;39.28,116.56;39.55,116.6;39.32,116.76;
#95:
>0:39.85,116.21;39.65,116.14;
#96:
>0:38.74,116.49;39.22,116.46;39.33,116.28;39.58,116.18;39.88,116.07;40.64,116.05;
#97:
>0:40.05,116.43;40.14,116.51;40.16,116.18;
#98:
>0:38.69,116.43;39.14,116.71;39.57,116.74;39.85,116.84;
#99:
>0:40.65,116.05;40.19,116.26;40.15,116.42;39.69,116.54;39.47,116.6;39.55,116.74;
