#0:
>0:40.04,116.4;39.86,116.58;39.48,116.62;39.27,116.85;
#1:
>0:38.69,116.33;38.9,116.36;39.36,116.39;
#2:
>0:38.88,116.84;39.26,116.78;39.41,116.77;39.72,116.88;
#3:
>0:39.84,116.5;40.22,116.7;
#4:
>0:40.08,116.66;40.29,116.61;
#5:
>0:39.86,116.37;40.08,116.53;
#6:
>0:38.66,116.46;39.21,116.69;39.47,116.82;39.65,116.74;
#7:
>0:40.15,116.19;40.45,116.4;40.0,116.53;
#8:
>0:40.48,115.98;40.08,116.25;39.78,116.23;39.42,116.3;39.84,116.68;
#9:
>0:39.93,116.15;39.72,116.05;39.92,116.22;39.31,116.35;38.89,116.33;
#10:
>0:39.79,116.48;40.06,116.65;40.19,116.78;
#11:
>0:38.69,116.65;39.19,116.6;39.19,116.85;39.33,116.85;39.86,116.67;40.53,116.69;
#12:
>0:40.45,116.05;40.06,116.26;40.0,116.41;
#13:
>0:39.53,116.45;39.99,116.45;39.95,116.37;40.12,116.05;
#14:
>0:39.63,116.07;39.88,116.16;39.6,116.36;39.48,116.53;38.93,116.71;
#15:
>0:39.95,116.69;39.9,116.52;
#16:
>0:40.03,116.24;39.38,116.28;39.36,116.51;39.27,116.59;39.55,116.77;
#17:
>0:40.23,116.51;39.79,116.51;40.08,116.53;39.48,116.31;38.66,116.56;
#18:
>0:39.46,116.71;39.22,116.52;38.9,116.7;
#19:
>0:40.06,116.51;40.05,116.53;
#20:
>0:39.58,116.04;38.98,116.23;38.92,116.34;38.92,116.56;
#21:
>0:40.25,116.64;40.03,116.55;
#22:
>0:38.76,116.33;39.26,116.57;39.54,116.42;39.84,116.3;40.23,116.11;
#23:
>0:39.6,116.68;39.68,116.65;40.16,116.67;
#24:
>0:39.41,116.66;39.28,116.54;
#25:
>0:39.92,116.56;40.28,116.44;40.38,116.32;40.52,116.0;
#26:
>0:39.29,116.02;40.07,116.25;40.21,116.35;40.4,116.35;
#27:
>0:40.0,116.45;40.52,116.46;40.38,116.34;40.3,116.0;
#28:
>0:39.18,116.24;39.03,116.38;39.04,116.5;
#29:
>0:39.94,116.48;39.31,116.42;39.44,116.47;38.79,116.58;
#30:
>0:40.12,116.52;39.94,116.41;
#31:
>0:40.45,116.22;40.23,116.17;40.02,116.34;39.29,116.12;
#32:
>0:39.13,116.34;38.78,116.51;
#33:
>0:40.53,116.11;40.32,116.21;
#34:
>0:38.86,115.96;39.21,116.26;39.22,116.39;39.11,116.55;
#35:
>0:39.77,115.98;39.41,116.05;
#36:
>0:39.46,116.71;39.34,116.57;
#37:
>0:40.4,116.72;39.99,116.57;40.03,116.5;39.86,116.46;39.44,116.36;38.93,116.25;
#38:
>0:39.78,116.61;39.92,116.78;
#39:
>0:39.29,116.12;39.06,116.4;39.28,116.48;39.06,116.66;
#40:
>0:40.09,116.6;39.89,116.81;39.51,116.8;39.54,116.7;38.69,116.39;
#41:
>0:40.35,116.4;40.5,116.43;40.01,116.71;39.6,116.84;
#42:
>0:40.14,116.63;40.06,116.54;40.07,116.46;39.34,116.38;39.84,115.99;
#43:
>0:40.05,116.74;39.74,116.58;39.36,116.45;39.32,116.58;38.95,116.35;
#44:
>0:38.99,116.27;38.83,116.53;39.12,116.69;
#45:
>0:39.24,116.43;39.24,116.46;
#46:
>0:38.67,116.74;39.04,116.75;39.51,116.87;39.83,116.58;40.11,116.48;40.29,116.42;
#47:
>0:39.42,116.66;39.1,116.54;
#48:
>0:39.59,116.03;39.19,116.16;38.98,116.29;39.13,116.54;
#49:
>0:40.04,116.43;40.12,116.5;
#50:
>0:39.35,116.86;39.78,116.66;39.98,116.65;
#51:
>0:39.54,116.64;39.19,116.43;
#52:
>0:39.98,116.49;40.13,116.41;
#53:
>0:39.24,116.27;39.47,116.35;39.17,116.7;
#54:
>0:39.48,116.3;40.07,116.53;39.71,116.7;39.8,116.74;
#55:
>0:39.19,116.21;39.01,116.27;39.11,116.57;
#56:
>0:40.01,116.46;40.01,116.39;
#57:
>0:40.38,116.28;40.38,116.43;40.0,116.57;40.38,116.88;
#58:
>0:39.94,116.77;39.89,116.59;39.42,116.69;
#59:
>0:38.75,116.05;39.17,116.26;39.52,116.03;39.73,115.99;40.21,116.19;40.43,116.45;
#60:
>0:39.59,116.64;39.12,116.57;39.03,116.37;39.54,116.17;38.83,115.98;
#61:
>0:40.0,116.51;40.0,116.37;39.31,116.38;39.55,116.49;38.77,116.88;
#62:
>0:39.23,116.14;39.42,116.04;39.83,116.02;39.78,116.24;40.47,116.16;
#63:
>0:39.28,116.29;39.41,116.37;39.9,116.28;40.11,116.19;
#64:
>0:39.67,115.96;40.02,116.31;39.44,116.37;39.48,116.55;38.71,116.62;
#65:
>0:39.94,116.32;39.87,116.55;39.3,116.69;39.11,116.87;
#66:
>0:40.14,116.63;39.85,116.55;40.03,116.45;40.07,116.26;
#67:
>0:39.8,116.57;39.74,116.58;39.78,116.88;
#68:
>0:38.84,116.27;39.23,116.11;39.58,115.97;39.71,116.08;
#69:
>0:39.52,116.2;39.88,115.98;
#70:
>0:39.24,116.59;39.43,116.46;40.06,116.52;
#71:
>0:40.06,116.55;40.32,116.53;40.34,116.39;40.35,116.03;
#72:
>0:40.07,116.34;39.96,116.35;40.07,116.48;39.69,116.82;
#73:
>0:38.84,116.28;39.11,116.09;39.46,116.03;39.83,116.05;
#74:
>0:39.23,116.29;39.18,116.2;39.52,116.06;40.06,116.17;
#75:
>0:40.34,116.83;39.92,116.79;39.97,116.62;39.62,116.89;38.99,116.62;
#76:
>0:40.31,116.75;39.97,116.6;39.77,116.52;39.39,116.36;39.27,116.11;
#77:
>0:40.33,116.69;39.98,116.44;39.85,116.43;39.5,116.3;39.7,116.02;
#78:
>0:39.87,116.54;39.87,116.4;40.14,116.15;
#79:
>0:39.78,116.71;39.29,116.48;39.28,116.64;38.85,116.43;
#80:
>0:40.45,116.87;40.21,116.83;39.95,116.68;39.8,116.81;39.26,116.59;
#81:
>0:39.96,116.77;39.87,116.72;39.37,116.61;
#82:
>0:39.55,116.09;39.66,116.09;40.04,116.23;39.5,116.41;39.84,116.65;
#83:
>0:40.12,116.19;39.79,116.17;
#84:
>0:38.82,116.78;38.73,116.63;
#85:
>0:40.2,116.69;40.36,116.57;40.01,116.51;40.47,116.5;39.99,116.69;40.45,116.43;39.99,116.44;
#86:
>0:38.69,116.22;39.21,116.0;39.33,115.97;39.67,116.02;
#87:
>0:39.42,115.98;39.07,116.18;39.18,116.32;38.98,116.51;
#88:
>0:38.92,115.97;38.71,116.25;
#89:
>0:40.03,116.44;39.44,116.35;39.49,116.44;38.7,116.52;
#90:
>0:39.88,115.97;40.07,116.26;39.29,116.05;38.79,116.08;
#91:
>0:39.62,116.68;40.02,116.46;40.4,116.56;40.06,116.13;
#92:
>0:38.84,116.85;39.23,116.65;39.08,116.78;39.39,116.85;39.96,116.47;
#93:
>0:39.42,116.69;38.98,116.53;38.87,116.52;
#94:
>0:39.82,115.98;39.57,116.18;39.26,116.31;38.9,116.29;
#95:
>0:38.87,116.3;39.07,116.07;39.44,116.03;39.85,116.06;
#96:
>0:40.0,116.16;40.41,116.35;40.02,116.51;
#97:
>0:38.71,116.28;39.08,115.99;39.57,116.07;39.84,115.99;
#98:
>0:39.8,116.24;40.14,116.29;39.92,116.53;
#99:
>0:38.98,116.02;39.56,116.11;39.43,116.29;39.39,116.42;
