#0:
>0:39.75,116.43;39.92,116.35;40.09,116.22;39.99,116.16;40.22,116.14;
#1:
>0:39.79,116.35;39.97,116.4;39.82,116.34;
#2:
>0:39.96,116.37;39.88,116.47;39.84,116.58;
#3:
>0:39.85,116.4;39.89,116.37;39.84,116.34;39.93,116.41;39.87,116.5;39.97,116.42;39.96,116.47;40.08,116.51;40.02,116.6;40.2,116.62;40.4,116.56;
#4:
>0:40.3,116.07;40.1,116.2;
#5:
>0:39.92,116.31;40.01,116.43;40.12,116.43;40.14,116.64;
#6:
>0:39.79,116.4;39.76,116.38;
#7:
>0:40.03,116.26;39.97,116.25;39.81,116.32;
#8:
>0:40.08,116.13;39.93,116.28;39.94,116.4;39.95,116.45;39.76,116.58;
#9:
>0:40.28,116.55;40.38,116.61;40.29,116.45;40.32,116.32;
#10:
>0:40.16,116.61;40.25,116.48;40.42,116.35;40.39,116.28;40.42,116.21;
#11:
>0:39.87,116.38;39.95,116.4;39.86,116.39;39.77,116.41;
#12:
>0:39.84,116.3;39.97,116.25;39.99,116.36;40.13,116.38;40.31,116.44;40.43,116.57;
#13:
>0:39.79,116.41;39.87,116.51;
#14:
>0:39.93,116.41;39.92,116.38;
#15:
>0:39.86,116.37;39.96,116.37;
#16:
>0:39.81,116.44;39.89,116.51;40.05,116.42;40.18,116.18;
#17:
>0:40.1,116.48;40.02,116.57;39.96,116.63;
#18:
>0:40.27,116.19;40.24,116.32;40.25,116.43;
#19:
>0:39.78,116.09;39.85,116.13;39.95,116.22;39.89,116.29;40.09,116.43;40.04,116.61;
#20:
>0:40.24,116.63;40.2,116.58;39.99,116.56;40.06,116.53;39.81,116.61;
#21:
>0:39.86,116.43;39.95,116.37;
#22:
>0:39.95,116.32;39.95,116.19;
#23:
>0:40.25,116.25;40.31,116.41;40.2,116.23;39.93,116.27;
#24:
>0:40.43,116.53;40.25,116.33;40.15,116.23;40.02,116.27;39.9,116.28;39.81,116.11;
#25:
>0:40.15,116.48;40.22,116.36;
#26:
>0:39.97,116.4;39.94,116.49;40.16,116.57;
#27:
>0:39.85,116.4;39.76,116.33;
#28:
>0:39.93,116.23;39.9,116.12;
#29:
>0:40.06,116.42;40.2,116.33;40.29,116.44;40.12,116.46;40.06,116.51;39.92,116.39;39.93,116.37;
#30:
>0:39.76,116.48;39.91,116.5;40.04,116.4;40.11,116.13;
#31:
>0:39.86,116.42;39.93,116.36;
#32:
>0:40.39,116.48;40.3,116.45;40.14,116.53;40.07,116.51;39.91,116.45;
#33:
>0:39.86,116.41;39.75,116.4;
#34:
>0:39.79,116.63;39.94,116.51;40.04,116.39;40.08,116.29;40.15,116.14;40.35,116.1;
#35:
>0:40.02,116.05;40.09,116.15;40.16,116.12;40.01,116.23;40.03,116.47;
#36:
>0:40.31,116.16;40.31,116.26;40.21,116.37;
#37:
>0:40.03,116.41;40.05,116.23;40.14,116.27;39.88,116.11;
#38:
>0:40.14,116.5;40.08,116.5;39.96,116.4;39.85,116.24;39.83,116.03;
#39:
>0:40.34,116.58;40.21,116.45;40.13,116.51;40.09,116.47;39.97,116.42;39.8,116.38;39.93,116.4;39.91,116.41;
#40:
>0:39.96,116.5;39.96,116.5;
#41:
>0:40.23,116.03;40.1,116.12;
#42:
>0:40.34,116.55;40.24,116.46;40.1,116.46;40.02,116.59;39.97,116.58;
#43:
>0:39.94,116.37;39.88,116.51;40.21,116.57;
#44:
>0:40.09,116.51;39.95,116.41;39.76,116.49;
#45:
>0:40.37,116.02;40.23,116.19;40.11,116.29;39.99,116.29;40.04,116.4;39.83,116.33;
#46:
>0:39.99,116.13;39.95,116.26;39.94,116.43;
#47:
>0:40.27,116.31;40.13,116.43;40.03,116.38;
#48:
>0:39.78,116.15;39.93,116.24;40.06,116.37;40.13,116.38;40.23,116.31;
#49:
>0:39.75,116.36;39.82,116.36;
#50:
>0:39.97,116.33;39.94,116.33;
#51:
>0:39.93,116.36;39.94,116.42;
#52:
>0:39.83,116.37;39.96,116.37;39.76,116.32;39.78,116.08;
#53:
>0:39.91,116.33;39.96,116.37;
#54:
>0:40.01,116.02;39.87,116.17;39.9,116.29;39.96,116.37;39.83,116.49;
#55:
>0:39.98,116.45;39.88,116.36;39.84,116.51;
#56:
>0:40.39,116.38;40.42,116.45;40.26,116.33;40.07,116.29;
#57:
>0:39.91,116.4;39.78,116.41;
#58:
>0:40.12,116.6;40.32,116.46;40.39,116.38;40.38,116.3;40.34,116.2;
#59:
>0:40.24,116.11;40.14,116.13;40.07,116.32;39.88,116.31;39.82,116.44;
#60:
>0:40.23,116.17;40.3,116.29;
#61:
>0:40.42,116.27;40.27,116.38;40.43,116.53;
#62:
>0:40.22,116.13;40.26,116.24;40.3,116.43;
#63:
>0:39.75,116.42;39.83,116.34;
#64:
>0:39.81,116.38;39.93,116.41;
#65:
>0:40.4,116.39;40.22,116.53;40.13,116.55;40.13,116.48;40.08,116.5;39.87,116.57;
#66:
>0:40.06,116.32;40.02,116.43;
#67:
>0:40.35,116.11;40.22,116.04;40.19,116.2;40.06,116.22;39.92,116.31;39.79,116.34;
#68:
>0:40.23,116.41;40.13,116.24;40.03,116.31;39.89,116.46;
#69:
>0:40.36,116.13;40.24,116.06;40.11,116.19;40.07,116.24;39.91,116.33;
#70:
>0:39.79,116.22;39.96,116.19;40.07,116.43;
#71:
>0:39.85,116.55;39.91,116.48;39.96,116.41;
#72:
>0:40.03,116.31;39.98,116.36;
#73:
>0:39.84,116.64;39.96,116.55;39.88,116.49;40.19,116.41;
#74:
>0:39.77,116.39;39.77,116.35;
#75:
>0:39.92,116.34;39.93,116.34;
#76:
>0:39.84,116.42;39.79,116.42;
#77:
>0:39.87,116.17;39.91,116.24;40.1,116.3;
#78:
>0:39.79,116.03;39.89,116.2;40.02,116.31;40.2,116.23;40.27,116.29;40.44,116.24;
#79:
>0:39.86,116.29;39.94,116.23;40.0,116.34;40.15,116.42;40.32,116.44;40.42,116.63;
#80:
>0:40.38,116.53;40.32,116.44;40.19,116.49;40.0,116.51;39.88,116.51;
#81:
>0:39.82,116.36;39.98,116.33;39.89,116.51;40.05,116.52;40.16,116.49;40.36,116.52;
#82:
>0:40.27,116.09;40.22,116.06;
#83:
>0:40.0,116.14;40.19,116.19;40.05,116.39;
#84:
>0:39.97,116.62;39.97,116.46;40.08,116.55;40.27,116.61;
#85:
>0:39.76,116.33;39.88,116.36;39.93,116.46;39.78,116.39;39.87,116.37;39.86,116.38;39.96,116.46;
#86:
>0:39.92,116.35;39.98,116.39;
#87:
>0:40.42,116.47;40.3,116.44;40.19,116.5;40.01,116.47;39.87,116.51;
#88:
>0:39.93,116.37;39.96,116.43;
#89:
>0:40.05,116.05;39.97,116.17;39.97,116.3;39.87,116.41;39.81,116.49;
#90:
>0:40.26,116.32;40.25,116.37;40.16,116.29;40.04,116.24;39.79,116.41;
#91:
>0:39.75,116.35;39.83,116.34;
#92:
>0:39.93,116.36;39.92,116.53;39.75,116.54;
#93:
>0:39.88,116.4;39.88,116.51;40.16,116.61;
#94:
>0:40.34,116.58;40.25,116.52;40.21,116.56;40.16,116.52;39.94,116.54;
#95:
>0:40.26,116.15;40.13,116.29;40.21,116.37;40.12,116.38;40.05,116.6;
#96:
>0:39.9,116.41;39.86,116.43;39.8,116.33;
#97:
>0:40.36,116.02;40.4,116.21;40.18,116.12;
#98:
>0:39.99,116.1;40.1,116.04;40.22,116.14;40.16,116.27;40.36,116.49;
#99:
>0:40.08,116.31;39.97,116.39;
#100:
>0:39.92,116.4;39.85,116.31;39.89,116.21;
#101:
>0:40.01,116.23;39.95,116.32;40.18,116.48;
#102:
>0:40.34,116.57;40.24,116.5;40.27,116.36;40.02,116.27;
#103:
>0:40.02,116.08;40.18,116.03;40.3,116.13;40.11,116.23;40.38,116.46;
#104:
>0:39.87,116.17;39.98,116.32;40.05,116.22;40.13,116.28;40.26,116.25;40.4,116.23;
#105:
>0:40.36,116.45;40.25,116.33;40.16,116.61;
#106:
>0:39.97,116.4;39.86,116.34;
#107:
>0:39.84,116.34;39.77,116.42;
#108:
>0:39.94,116.33;39.95,116.53;39.85,116.33;
#109:
>0:39.87,116.39;39.78,116.36;39.84,116.33;
#110:
>0:40.0,116.4;40.08,116.25;39.89,116.29;39.79,116.29;39.96,116.42;
#111:
>0:40.06,116.05;40.2,116.19;40.02,116.22;40.07,116.34;40.13,116.46;40.41,116.61;
#112:
>0:39.84,116.34;39.78,116.39;
#113:
>0:40.23,116.14;40.13,116.29;40.09,116.32;39.94,116.3;39.76,116.19;
#114:
>0:40.22,116.28;40.28,116.38;40.2,116.24;40.04,116.31;39.79,116.43;
#115:
>0:40.27,116.36;40.13,116.33;40.18,116.27;40.08,116.31;39.76,116.26;
#116:
>0:39.9,116.48;39.94,116.49;
#117:
>0:40.09,116.45;39.98,116.39;39.76,116.46;
#118:
>0:39.81,116.41;39.95,116.42;39.77,116.38;
#119:
>0:39.89,116.38;39.89,116.52;40.14,116.62;
#120:
>0:39.77,116.38;39.82,116.42;
#121:
>0:40.42,116.17;40.42,116.16;
#122:
>0:40.43,116.26;40.37,116.38;40.34,116.44;40.39,116.6;
#123:
>0:39.86,116.33;39.86,116.4;
#124:
>0:40.43,116.39;40.28,116.22;
#125:
>0:39.95,116.39;39.88,116.33;
#126:
>0:39.86,116.35;39.95,116.42;
#127:
>0:40.32,116.58;40.44,116.46;40.28,116.33;40.15,116.24;40.19,116.18;
#128:
>0:40.44,116.11;40.42,116.19;40.12,116.13;
#129:
>0:40.05,116.4;40.07,116.32;40.29,116.53;
#130:
>0:40.4,116.36;40.33,116.51;40.33,116.6;
#131:
>0:39.8,116.4;39.96,116.38;
#132:
>0:40.41,116.37;40.37,116.51;40.3,116.42;40.05,116.2;
#133:
>0:39.91,116.6;39.82,116.55;39.89,116.43;40.08,116.38;40.19,116.28;39.91,116.09;
#134:
>0:40.37,116.21;40.26,116.09;40.11,116.22;40.06,116.23;39.94,116.29;39.78,116.11;
#135:
>0:39.97,116.41;39.9,116.49;
#136:
>0:40.17,116.43;40.3,116.47;40.39,116.49;
#137:
>0:40.42,116.12;40.25,116.14;40.15,116.31;40.35,116.45;
#138:
>0:40.16,116.06;40.05,116.22;39.87,116.32;39.92,116.36;
#139:
>0:40.43,116.52;40.28,116.4;40.17,116.27;
#140:
>0:40.11,116.39;40.11,116.5;39.98,116.52;39.85,116.38;
#141:
>0:40.38,116.51;40.41,116.4;
#142:
>0:40.23,116.51;40.21,116.48;40.01,116.47;39.9,116.47;
#143:
>0:40.2,116.14;40.3,116.23;40.38,116.4;
#144:
>0:39.77,116.4;39.98,116.38;40.06,116.53;
#145:
>0:40.31,116.33;40.15,116.24;40.09,116.39;
#146:
>0:39.83,116.43;39.78,116.35;
#147:
>0:39.86,116.43;39.97,116.34;39.84,116.37;
#148:
>0:40.0,116.21;39.94,116.25;39.96,116.38;39.91,116.49;39.8,116.64;
#149:
>0:39.86,116.22;39.89,116.29;40.05,116.33;40.15,116.38;40.27,116.44;40.39,116.6;
#150:
>0:39.91,116.43;39.96,116.41;
#151:
>0:40.14,116.2;40.25,116.28;40.35,116.32;
#152:
>0:39.92,116.07;40.01,116.14;40.15,116.31;40.24,116.41;
#153:
>0:39.88,116.44;39.94,116.41;
#154:
>0:40.11,116.58;40.31,116.51;40.4,116.35;40.39,116.24;
#155:
>0:39.76,116.27;39.91,116.19;40.08,116.42;
#156:
>0:39.83,116.39;39.98,116.42;
#157:
>0:39.98,116.49;39.9,116.36;
#158:
>0:40.31,116.52;40.1,116.49;40.06,116.49;39.91,116.34;39.8,116.16;
#159:
>0:40.28,116.23;40.32,116.37;40.2,116.27;39.89,116.27;
#160:
>0:40.16,116.03;40.32,116.14;40.28,116.32;
#161:
>0:39.82,116.37;39.96,116.35;39.76,116.35;39.87,116.45;40.07,116.51;40.21,116.36;40.24,116.43;40.13,116.43;40.26,116.48;40.18,116.61;40.38,116.6;
#162:
>0:39.82,116.34;39.8,116.52;39.81,116.41;
#163:
>0:39.83,116.41;39.88,116.34;
#164:
>0:39.78,116.43;39.93,116.37;
#165:
>0:40.1,116.4;40.27,116.35;40.14,116.26;40.06,116.09;
#166:
>0:40.4,116.14;40.32,116.04;40.31,116.15;40.07,116.17;
#167:
>0:39.82,116.33;39.83,116.36;
