#0:
>0:40.09,116.61;40.13,116.47;
#1:
>0:39.84,116.45;39.89,116.48;39.97,116.53;39.93,116.5;
#2:
>0:40.19,116.45;40.22,116.33;40.11,116.27;40.01,116.2;40.24,116.1;
#3:
>0:39.88,116.6;40.08,116.55;
#4:
>0:40.21,116.61;40.21,116.54;40.21,116.4;
#5:
>0:39.88,116.45;39.89,116.38;40.09,116.12;
#6:
>0:40.0,116.47;40.02,116.43;39.78,116.5;
#7:
>0:39.91,116.37;39.93,116.41;
#8:
>0:40.35,116.34;40.27,116.5;40.2,116.24;
#9:
>0:40.09,116.39;39.99,116.23;40.05,116.22;39.99,116.03;
#10:
>0:40.03,116.49;40.13,116.38;40.3,116.37;40.33,116.34;
#11:
>0:40.24,116.32;40.43,116.15;40.34,116.02;
#12:
>0:40.28,116.2;40.14,116.26;40.04,116.22;
#13:
>0:40.08,116.61;39.93,116.57;39.79,116.43;39.78,116.31;39.77,116.17;
#14:
>0:40.41,116.17;40.23,116.21;40.12,116.19;40.03,116.15;39.96,116.13;39.85,116.21;
#15:
>0:40.05,116.5;40.1,116.53;40.0,116.26;
#16:
>0:39.87,116.48;39.83,116.4;
#17:
>0:40.0,116.62;40.21,116.51;40.14,116.33;40.08,116.23;40.09,116.15;
#18:
>0:40.2,116.29;40.0,116.34;40.1,116.46;
#19:
>0:39.87,116.47;39.87,116.44;
#20:
>0:39.96,116.03;39.86,116.13;39.95,116.18;40.05,116.35;
#21:
>0:39.93,116.4;40.01,116.35;39.89,116.16;
#22:
>0:40.0,116.48;40.2,116.35;40.21,116.4;40.41,116.39;
#23:
>0:40.08,116.54;40.12,116.44;
#24:
>0:39.83,116.43;39.91,116.43;
#25:
>0:40.13,116.05;40.07,116.21;40.08,116.26;39.84,116.37;
#26:
>0:40.38,116.09;40.3,116.21;40.16,116.26;40.23,116.24;40.22,116.36;40.07,116.54;
#27:
>0:40.21,116.61;40.37,116.52;40.41,116.34;40.34,116.26;40.43,116.18;
#28:
>0:39.94,116.25;40.01,116.41;
#29:
>0:40.26,116.36;40.37,116.26;40.33,116.14;40.43,116.04;
#30:
>0:39.82,116.58;39.86,116.5;39.91,116.36;39.8,116.29;39.78,116.16;
#31:
>0:39.87,116.62;40.04,116.6;40.04,116.53;40.24,116.63;
#32:
>0:40.08,116.18;40.12,116.18;40.23,116.13;
#33:
>0:40.15,116.38;40.31,116.24;40.27,116.15;
#34:
>0:40.39,116.38;40.3,116.41;40.12,116.41;
#35:
>0:40.2,116.25;40.3,116.23;40.38,116.27;
#36:
>0:40.37,116.39;40.26,116.39;40.16,116.24;40.2,116.05;
#37:
>0:40.0,116.59;40.17,116.49;40.22,116.39;40.41,116.62;
#38:
>0:40.25,116.46;40.15,116.6;40.08,116.44;39.94,116.44;
#39:
>0:39.95,116.06;40.03,116.21;40.1,116.32;40.25,116.31;40.41,116.51;
#40:
>0:40.28,116.29;40.21,116.4;40.3,116.45;40.28,116.59;
#41:
>0:39.83,116.15;39.94,116.16;39.96,116.26;40.11,116.03;
#42:
>0:40.12,116.3;40.24,116.22;40.28,116.43;40.21,116.54;
#43:
>0:40.05,116.52;40.19,116.35;40.23,116.24;40.42,116.19;
#44:
>0:40.33,116.46;40.26,116.37;40.17,116.23;40.08,116.17;39.94,116.24;
#45:
>0:39.95,116.46;40.0,116.42;39.91,116.42;
#46:
>0:40.41,116.17;40.21,116.32;40.15,116.42;40.08,116.23;39.98,116.44;
#47:
>0:39.99,116.48;40.14,116.37;40.32,116.22;40.36,116.17;
#48:
>0:39.91,116.46;39.98,116.4;
#49:
>0:39.83,116.45;39.91,116.45;
#50:
>0:40.26,116.21;40.39,116.28;40.35,116.33;
#51:
>0:40.32,116.6;40.1,116.48;40.27,116.42;40.2,116.28;40.26,116.3;40.32,116.04;
#52:
>0:39.84,116.46;39.87,116.41;
#53:
>0:40.43,116.57;40.35,116.43;40.29,116.35;40.32,116.29;
#54:
>0:40.42,116.03;40.31,116.17;40.19,116.25;40.21,116.3;40.24,116.35;40.01,116.55;
#55:
>0:39.87,116.4;39.94,116.47;40.02,116.2;
#56:
>0:40.43,116.06;40.24,116.12;40.16,116.28;40.03,116.42;39.97,116.44;
#57:
>0:40.04,116.41;39.88,116.48;39.76,116.58;
#58:
>0:40.39,116.55;40.42,116.5;40.24,116.52;40.21,116.33;40.19,116.2;
#59:
>0:39.9,116.45;39.95,116.42;
#60:
>0:39.79,116.09;39.82,116.17;39.88,116.19;39.91,116.46;
#61:
>0:40.38,116.05;40.28,116.12;40.11,116.31;40.08,116.14;40.02,116.29;39.86,116.48;
#62:
>0:40.29,116.05;40.37,116.12;40.39,116.27;
#63:
>0:40.08,116.34;39.91,116.41;39.84,116.48;
#64:
>0:40.03,116.41;39.99,116.29;39.99,116.22;40.05,116.05;
#65:
>0:40.26,116.53;40.42,116.34;40.43,116.31;40.33,116.22;
#66:
>0:40.38,116.13;40.3,116.28;40.24,116.37;40.13,116.51;
#67:
>0:39.97,116.41;40.07,116.38;39.88,116.21;
#68:
>0:40.09,116.05;40.18,116.06;40.12,116.16;40.1,116.38;
#69:
>0:40.05,116.09;40.19,116.03;40.2,116.13;40.22,116.23;40.23,116.4;40.14,116.57;
#70:
>0:39.91,116.45;39.87,116.4;
#71:
>0:40.36,116.1;40.31,116.03;40.13,116.07;
#72:
>0:40.21,116.59;40.0,116.44;39.89,116.4;39.76,116.49;
#73:
>0:40.0,116.56;39.93,116.51;39.88,116.45;39.77,116.25;39.79,116.16;
#74:
>0:39.94,116.45;39.95,116.39;
#75:
>0:39.92,116.34;39.92,116.44;
#76:
>0:39.99,116.3;40.03,116.42;39.99,116.48;
#77:
>0:40.14,116.28;40.24,116.34;
#78:
>0:39.85,116.4;39.94,116.41;39.84,116.45;
#79:
>0:39.98,116.47;39.86,116.39;
#80:
>0:39.94,116.58;39.96,116.49;
#81:
>0:39.86,116.49;39.93,116.39;40.08,116.35;40.2,116.36;40.3,116.39;40.43,116.36;
#82:
>0:40.0,116.23;40.08,116.41;40.07,116.52;
#83:
>0:39.89,116.3;40.0,116.31;40.09,116.22;40.31,116.06;
#84:
>0:39.94,116.38;39.83,116.41;
#85:
>0:40.25,116.5;40.19,116.48;40.0,116.56;39.92,116.61;
#86:
>0:39.93,116.02;39.79,116.12;39.89,116.13;40.04,116.36;
#87:
>0:40.16,116.37;40.32,116.27;40.26,116.18;
#88:
>0:39.95,116.54;39.98,116.47;40.11,116.44;40.18,116.34;40.4,116.51;
#89:
>0:40.11,116.25;40.0,116.41;40.02,116.51;
#90:
>0:40.14,116.27;40.25,116.27;40.39,116.29;
#91:
>0:40.23,116.53;40.39,116.59;
#92:
>0:40.0,116.15;40.17,116.19;40.31,116.21;
#93:
>0:39.93,116.26;39.87,116.38;39.81,116.53;
#94:
>0:40.09,116.53;40.1,116.34;40.23,116.26;40.38,116.24;
#95:
>0:40.2,116.45;40.32,116.43;40.13,116.3;39.99,116.18;40.31,116.05;
#96:
>0:40.19,116.32;40.27,116.26;40.28,116.37;40.38,116.59;
#97:
>0:39.87,116.42;39.92,116.31;
#98:
>0:39.94,116.56;40.09,116.49;40.13,116.5;40.3,116.46;
#99:
>0:39.88,116.03;39.88,116.18;39.8,116.26;40.04,116.36;
#100:
>0:40.08,116.41;39.99,116.4;39.95,116.58;
#101:
>0:40.19,116.6;40.07,116.44;39.88,116.48;39.76,116.44;
#102:
>0:40.03,116.52;40.12,116.53;40.1,116.39;39.9,116.15;
#103:
>0:40.09,116.37;39.99,116.26;40.1,116.19;40.04,116.03;
#104:
>0:39.94,116.37;39.85,116.38;
#105:
>0:40.36,116.33;40.27,116.5;40.2,116.34;
#106:
>0:39.84,116.27;39.82,116.13;39.75,116.11;
#107:
>0:40.21,116.02;40.34,116.21;40.39,116.25;40.38,116.4;
#108:
>0:39.94,116.58;39.98,116.45;40.05,116.36;39.9,116.26;39.99,116.19;40.25,116.06;
#109:
>0:40.1,116.57;40.0,116.51;39.98,116.51;39.78,116.3;
#110:
>0:40.4,116.54;40.39,116.45;40.2,116.64;
#111:
>0:39.92,116.47;39.93,116.29;
#112:
>0:39.84,116.37;39.86,116.46;
#113:
>0:40.04,116.52;40.03,116.34;
#114:
>0:39.84,116.39;39.95,116.42;39.93,116.49;
#115:
>0:39.9,116.43;39.98,116.41;
#116:
>0:40.37,116.55;40.41,116.56;
#117:
>0:39.85,116.39;39.98,116.5;
#118:
>0:39.86,116.41;39.91,116.41;
#119:
>0:39.96,116.36;39.93,116.37;
#120:
>0:39.99,116.42;39.84,116.37;
#121:
>0:39.95,116.11;40.02,116.12;40.14,116.24;40.26,116.25;40.41,116.51;
#122:
>0:40.05,116.1;40.18,116.08;40.17,116.13;40.28,116.22;40.22,116.37;40.36,116.57;
#123:
>0:40.28,116.27;40.13,116.21;40.01,116.13;39.92,116.45;
#124:
>0:39.89,116.43;39.95,116.34;
#125:
>0:40.03,116.38;39.94,116.39;
#126:
>0:39.77,116.58;39.81,116.5;39.95,116.48;39.88,116.47;40.03,116.14;
#127:
>0:40.37,116.32;40.25,116.3;
#128:
>0:39.79,116.25;39.88,116.16;39.98,116.03;
#129:
>0:40.22,116.55;40.15,116.52;40.32,116.37;40.16,116.31;40.18,116.22;
#130:
>0:39.84,116.02;39.93,116.11;40.05,116.03;
#131:
>0:40.35,116.63;40.38,116.44;40.28,116.41;40.15,116.27;40.28,116.21;
#132:
>0:39.91,116.41;39.96,116.38;
#133:
>0:39.89,116.22;39.98,116.41;40.03,116.36;40.33,116.64;
#134:
>0:39.92,116.08;39.91,116.16;40.04,116.28;
#135:
>0:39.89,116.59;39.86,116.45;39.96,116.44;39.96,116.24;
#136:
>0:40.35,116.28;40.22,116.18;40.19,116.06;39.98,116.02;
#137:
>0:40.13,116.24;40.22,116.25;40.37,116.24;
#138:
>0:39.86,116.43;40.02,116.39;
#139:
>0:40.02,116.43;39.96,116.41;39.83,116.49;
#140:
>0:40.32,116.57;40.16,116.46;40.1,116.35;39.92,116.27;39.85,116.17;39.78,116.08;
#141:
>0:39.9,116.37;39.91,116.41;
#142:
>0:39.84,116.4;39.97,116.42;
#143:
>0:40.43,116.3;40.27,116.19;40.18,116.09;40.1,116.06;
#144:
>0:40.27,116.57;40.11,116.45;40.09,116.57;39.88,116.52;
#145:
>0:40.37,116.5;40.25,116.46;40.18,116.24;
#146:
>0:39.87,116.29;39.87,116.45;40.07,116.46;40.22,116.61;
#147:
>0:40.3,116.5;40.38,116.4;40.35,116.31;40.36,116.14;40.39,116.02;
#148:
>0:40.36,116.37;40.27,116.34;40.11,116.23;40.17,116.07;
#149:
>0:39.88,116.31;40.04,116.29;39.99,116.16;40.31,116.1;
#150:
>0:40.4,116.58;40.36,116.49;40.34,116.42;
#151:
>0:39.86,116.38;39.87,116.38;
#152:
>0:40.03,116.55;40.17,116.52;40.3,116.38;40.32,116.27;
#153:
>0:40.1,116.43;40.02,116.34;
#154:
>0:40.0,116.45;40.01,116.62;40.17,116.51;40.3,116.52;
#155:
>0:39.99,116.18;40.09,116.31;40.07,116.36;40.13,116.49;40.43,116.63;
#156:
>0:40.31,116.51;40.28,116.39;40.2,116.31;40.18,116.15;
#157:
>0:40.03,116.04;40.19,116.17;40.14,116.29;
#158:
>0:39.92,116.03;39.94,116.15;39.85,116.28;39.88,116.37;40.1,116.53;
#159:
>0:40.37,116.44;40.27,116.37;40.16,116.22;40.06,116.14;39.9,116.23;
#160:
>0:40.02,116.51;39.86,116.44;39.83,116.25;39.76,116.21;39.77,116.07;
#161:
>0:39.84,116.46;39.97,116.39;39.99,116.52;39.9,116.33;39.93,116.52;
#162:
>0:40.2,116.07;40.01,116.21;
#163:
>0:40.24,116.63;40.19,116.5;40.05,116.35;40.09,116.27;
#164:
>0:40.31,116.11;40.4,116.18;40.44,116.24;
#165:
>0:40.01,116.51;39.95,116.58;
#166:
>0:40.18,116.32;40.03,116.19;39.96,116.05;
#167:
>0:39.94,116.4;39.86,116.37;
