#0:
>0:40.37,116.53;40.3,116.48;40.2,116.58;40.0,116.35;
#1:
>0:39.99,116.19;40.09,116.32;40.0,116.42;
#2:
>0:39.93,116.47;40.03,116.31;40.0,116.22;40.03,116.1;
#3:
>0:39.92,116.64;39.98,116.63;
#4:
>0:40.11,116.41;40.02,116.33;40.15,116.27;40.38,116.02;
#5:
>0:40.43,116.38;40.32,116.28;40.18,116.13;40.07,116.06;
#6:
>0:40.29,116.53;40.15,116.55;40.2,116.53;39.89,116.62;
#7:
>0:40.4,116.61;40.25,116.56;40.19,116.47;40.36,116.32;
#8:
>0:40.21,116.08;40.17,116.15;40.06,116.19;39.9,116.18;39.77,116.28;
#9:
>0:39.94,116.34;39.87,116.36;
#10:
>0:39.91,116.42;39.95,116.46;
#11:
>0:40.01,116.13;39.91,116.29;39.95,116.39;40.07,116.47;40.15,116.63;
#12:
>0:40.1,116.63;40.0,116.52;39.97,116.44;39.94,116.29;39.9,116.16;39.92,116.05;
#13:
>0:40.33,116.01;40.28,116.12;40.17,116.23;40.03,116.32;39.94,116.45;
#14:
>0:39.91,116.42;39.9,116.47;
#15:
>0:39.91,116.33;39.87,116.47;
#16:
>0:39.9,116.39;39.98,116.4;
#17:
>0:39.84,116.43;39.96,116.38;
#18:
>0:39.78,116.26;39.86,116.23;
#19:
>0:40.0,116.62;40.15,116.44;
#20:
>0:39.85,116.33;39.75,116.5;39.98,116.54;
#21:
>0:39.85,116.45;39.97,116.34;
#22:
>0:39.91,116.56;39.87,116.58;
#23:
>0:40.41,116.38;40.24,116.27;40.16,116.21;40.09,116.08;
#24:
>0:40.3,116.05;40.15,116.19;40.01,116.29;
#25:
>0:39.81,116.43;39.89,116.39;39.86,116.41;39.96,116.4;39.92,116.42;39.91,116.54;
#26:
>0:39.99,116.42;39.93,116.44;
#27:
>0:39.87,116.43;40.0,116.42;40.19,116.26;40.23,116.38;
#28:
>0:39.81,116.1;39.94,116.14;40.06,116.27;40.15,116.37;40.14,116.51;
#29:
>0:39.97,116.61;40.07,116.46;40.03,116.43;
#30:
>0:39.83,116.44;39.92,116.39;
#31:
>0:40.13,116.51;40.06,116.48;
#32:
>0:39.99,116.62;40.17,116.45;
#33:
>0:39.9,116.43;39.97,116.35;39.92,116.53;40.05,116.34;40.28,116.2;
#34:
>0:40.37,116.59;40.24,116.59;40.11,116.44;40.37,116.29;
#35:
>0:39.89,116.32;39.89,116.42;40.09,116.54;40.29,116.56;
#36:
>0:40.33,116.5;40.42,116.42;40.32,116.26;40.2,116.21;40.08,116.1;
#37:
>0:40.0,116.55;39.97,116.54;
#38:
>0:39.87,116.33;39.82,116.43;
#39:
>0:39.92,116.2;40.05,116.1;
#40:
>0:40.28,116.33;40.12,116.29;40.05,116.17;39.9,116.21;39.85,116.29;
#41:
>0:39.87,116.19;39.75,116.14;39.91,116.44;
#42:
>0:40.17,116.36;40.07,116.38;39.93,116.44;39.83,116.42;
#43:
>0:39.96,116.47;39.84,116.36;
#44:
>0:39.84,116.1;39.92,116.19;40.02,116.16;40.18,116.09;40.26,116.14;40.33,116.16;
#45:
>0:40.32,116.36;40.23,116.44;39.99,116.24;
#46:
>0:40.32,116.3;40.1,116.21;39.99,116.22;
#47:
>0:40.31,116.34;40.2,116.44;40.01,116.59;
#48:
>0:39.96,116.53;39.99,116.38;40.12,116.24;40.22,116.26;40.35,116.5;
#49:
>0:39.91,116.6;39.98,116.44;40.18,116.34;40.23,116.3;
#50:
>0:40.16,116.63;40.16,116.49;40.37,116.5;
#51:
>0:40.26,116.17;40.31,116.11;40.04,116.21;
#52:
>0:39.97,116.09;40.07,116.11;40.21,116.19;40.25,116.13;
#53:
>0:40.36,116.26;40.24,116.4;40.14,116.47;40.05,116.47;39.95,116.59;
#54:
>0:40.34,116.07;40.32,116.14;40.27,116.27;
#55:
>0:40.23,116.23;40.1,116.34;40.16,116.53;
#56:
>0:39.83,116.45;39.9,116.35;39.89,116.5;40.07,116.35;40.3,116.2;
#57:
>0:39.96,116.54;40.09,116.44;39.98,116.49;40.04,116.34;40.12,116.27;40.37,116.03;
#58:
>0:40.07,116.48;40.2,116.59;40.28,116.58;
#59:
>0:39.83,116.09;39.76,116.19;39.85,116.23;39.87,116.44;40.07,116.47;
#60:
>0:40.17,116.01;40.09,116.16;39.9,116.27;39.9,116.46;39.78,116.5;
#61:
>0:39.86,116.28;39.86,116.31;
#62:
>0:40.04,116.4;39.97,116.43;
#63:
>0:39.8,116.25;39.93,116.45;39.98,116.45;40.06,116.33;40.31,116.26;
#64:
>0:40.01,116.54;40.1,116.53;
#65:
>0:39.77,116.51;39.9,116.46;
#66:
>0:39.81,116.46;39.88,116.41;40.05,116.4;
#67:
>0:40.04,116.23;40.1,116.34;40.1,116.47;
#68:
>0:40.32,116.63;40.39,116.63;
#69:
>0:39.95,116.43;39.82,116.41;
#70:
>0:40.25,116.48;40.19,116.61;40.11,116.44;40.04,116.47;
#71:
>0:39.91,116.45;39.84,116.47;
#72:
>0:40.39,116.56;40.23,116.57;40.33,116.4;
#73:
>0:39.9,116.43;39.88,116.39;
#74:
>0:40.35,116.49;40.24,116.48;40.14,116.42;40.04,116.36;39.93,116.45;39.87,116.47;
#75:
>0:39.95,116.41;39.91,116.43;
#76:
>0:39.97,116.31;39.88,116.39;39.98,116.48;
#77:
>0:40.27,116.46;40.2,116.36;40.06,116.31;39.89,116.27;39.81,116.1;
#78:
>0:40.26,116.15;40.18,116.3;39.99,116.28;40.01,116.4;39.81,116.51;
#79:
>0:39.91,116.4;39.93,116.43;
#80:
>0:40.1,116.61;40.18,116.46;40.26,116.35;40.38,116.41;40.23,116.27;40.12,116.05;
#81:
>0:39.87,116.45;39.78,116.45;40.02,116.52;
#82:
>0:40.4,116.51;40.39,116.43;40.29,116.27;40.12,116.21;40.05,116.05;
#83:
>0:40.05,116.61;40.2,116.45;40.08,116.51;39.83,116.26;
#84:
>0:39.98,116.45;39.83,116.46;
#85:
>0:40.26,116.06;40.17,116.2;40.01,116.12;39.97,116.31;39.91,116.53;
#86:
>0:39.92,116.46;39.78,116.51;39.94,116.45;39.97,116.33;
#87:
>0:39.9,116.24;40.03,116.2;40.15,116.11;40.23,116.08;40.41,116.11;
#88:
>0:39.76,116.06;39.86,116.17;39.86,116.22;39.9,116.48;39.88,116.42;40.12,116.56;
#89:
>0:40.3,116.54;40.24,116.48;40.02,116.42;
#90:
>0:40.35,116.03;40.4,116.07;
#91:
>0:39.96,116.45;39.88,116.48;
#92:
>0:40.17,116.14;40.09,116.12;40.05,116.37;
#93:
>0:40.44,116.58;40.33,116.56;
#94:
>0:39.82,116.23;39.9,116.16;40.0,116.29;40.02,116.14;40.23,116.02;
#95:
>0:39.86,116.35;39.93,116.46;
#96:
>0:39.96,116.44;39.81,116.51;39.82,116.39;
#97:
>0:40.35,116.61;40.23,116.59;40.3,116.51;40.21,116.42;40.0,116.34;39.85,116.45;
#98:
>0:40.38,116.27;40.32,116.28;40.28,116.09;
#99:
>0:39.87,116.24;39.93,116.37;39.96,116.49;39.89,116.54;
#100:
>0:39.77,116.49;39.87,116.49;
#101:
>0:40.22,116.37;40.43,116.51;40.27,116.63;
#102:
>0:40.33,116.49;40.22,116.46;40.15,116.61;40.12,116.45;40.03,116.44;39.84,116.43;
#103:
>0:40.01,116.12;40.04,116.28;40.05,116.36;39.96,116.43;40.07,116.58;
#104:
>0:40.12,116.33;39.98,116.23;39.88,116.17;39.87,116.11;
#105:
>0:40.3,116.18;40.27,116.01;40.13,116.18;40.08,116.15;39.78,116.16;
#106:
>0:39.89,116.44;39.88,116.45;
#107:
>0:39.92,116.28;39.94,116.41;39.89,116.48;
#108:
>0:39.83,116.62;39.91,116.47;40.03,116.35;40.12,116.42;
#109:
>0:39.95,116.48;39.87,116.42;
#110:
>0:39.97,116.42;39.91,116.39;
#111:
>0:39.85,116.1;39.83,116.17;39.84,116.3;39.84,116.4;39.97,116.41;40.14,116.63;
#112:
>0:40.01,116.62;40.12,116.44;
#113:
>0:40.43,116.57;40.25,116.64;40.14,116.56;40.16,116.44;40.08,116.5;39.81,116.45;
#114:
>0:40.35,116.63;40.25,116.64;40.11,116.48;40.01,116.41;40.15,116.28;40.06,116.04;
#115:
>0:40.07,116.61;39.87,116.47;39.89,116.35;39.76,116.31;39.85,116.12;
#116:
>0:40.21,116.24;40.18,116.12;40.08,116.24;
#117:
>0:39.85,116.48;39.88,116.44;
#118:
>0:40.33,116.34;40.29,116.37;40.16,116.34;
#119:
>0:40.22,116.26;40.16,116.18;40.0,116.29;
#120:
>0:39.88,116.4;39.84,116.38;
#121:
>0:40.18,116.57;40.16,116.53;40.29,116.54;40.42,116.36;40.21,116.3;40.17,116.09;
#122:
>0:40.03,116.37;39.87,116.34;40.09,116.55;
#123:
>0:39.81,116.42;39.96,116.39;39.81,116.43;39.94,116.37;40.07,116.52;39.96,116.54;39.93,116.47;
#124:
>0:40.37,116.16;40.28,116.12;40.11,116.02;
#125:
>0:40.32,116.39;40.14,116.51;39.98,116.61;
#126:
>0:40.37,116.63;40.3,116.63;40.19,116.46;40.34,116.25;
#127:
>0:39.91,116.42;39.86,116.41;
#128:
>0:40.28,116.41;40.15,116.53;40.03,116.57;
#129:
>0:40.32,116.48;40.39,116.64;
#130:
>0:39.94,116.43;39.82,116.45;
#131:
>0:39.79,116.13;39.94,116.31;40.04,116.34;40.11,116.23;40.23,116.34;
#132:
>0:39.9,116.33;39.95,116.39;39.96,116.13;
#133:
>0:40.37,116.36;40.34,116.47;
#134:
>0:40.19,116.38;40.08,116.35;40.12,116.3;40.05,116.02;
#135:
>0:39.95,116.5;40.0,116.41;40.2,116.3;40.26,116.17;40.37,116.14;
#136:
>0:39.98,116.01;40.1,116.14;40.31,116.32;40.27,116.37;40.27,116.45;
#137:
>0:39.92,116.05;40.03,116.08;40.11,116.16;40.28,116.21;
#138:
>0:40.3,116.37;40.38,116.51;40.26,116.58;
#139:
>0:39.77,116.14;39.97,116.06;
#140:
>0:40.43,116.33;40.27,116.32;40.1,116.13;40.04,116.12;39.91,116.24;39.83,116.03;
#141:
>0:40.34,116.1;40.33,116.02;
#142:
>0:40.03,116.58;39.92,116.63;40.05,116.45;39.76,116.29;
#143:
>0:40.16,116.61;40.13,116.52;
#144:
>0:40.2,116.01;40.29,116.12;40.35,116.25;40.32,116.31;40.31,116.41;40.38,116.62;
#145:
>0:40.22,116.08;40.16,116.2;40.0,116.2;39.96,116.2;39.75,116.31;
#146:
>0:39.79,116.55;39.94,116.51;39.98,116.45;40.06,116.43;40.06,116.22;
#147:
>0:39.87,116.22;40.02,116.27;40.2,116.33;40.32,116.49;
#148:
>0:40.38,116.5;40.26,116.61;
#149:
>0:40.15,116.51;40.08,116.53;
#150:
>0:40.34,116.58;40.32,116.55;40.27,116.47;40.1,116.4;40.05,116.37;39.85,116.51;
#151:
>0:39.77,116.48;39.95,116.51;40.0,116.38;40.07,116.18;
#152:
>0:40.19,116.35;40.18,116.36;
#153:
>0:39.99,116.43;40.21,116.23;40.25,116.15;40.35,116.19;
#154:
>0:40.17,116.51;40.32,116.48;40.43,116.34;40.33,116.19;
#155:
>0:39.97,116.41;39.87,116.51;
#156:
>0:40.12,116.29;40.1,116.34;40.22,116.47;
#157:
>0:40.31,116.22;40.11,116.18;40.04,116.16;
#158:
>0:40.34,116.07;40.29,116.14;40.25,116.29;
#159:
>0:39.95,116.46;39.93,116.45;
#160:
>0:39.97,116.47;40.09,116.5;40.14,116.64;40.23,116.64;
#161:
>0:40.02,116.36;39.93,116.34;39.98,116.62;
#162:
>0:40.43,116.11;40.26,116.15;40.2,116.23;40.01,116.28;39.91,116.45;
#163:
>0:40.39,116.07;40.23,116.11;40.19,116.2;40.06,116.14;39.91,116.26;39.82,116.04;
#164:
>0:40.37,116.25;40.26,116.33;40.14,116.48;40.01,116.62;
#165:
>0:39.94,116.47;39.91,116.41;40.05,116.45;40.11,116.57;40.43,116.45;
#166:
>0:39.94,116.46;39.98,116.28;
#167:
>0:39.87,116.51;39.89,116.63;
