#0:
>0:39.95,116.15;39.82,116.26;39.79,116.36;
#1:
>0:39.78,116.41;39.82,116.36;
#2:
>0:39.89,116.47;39.97,116.42;40.01,116.36;39.94,116.14;
#3:
>0:39.84,116.36;39.77,116.36;
#4:
>0:39.88,116.41;39.94,116.46;40.0,116.44;40.28,116.48;
#5:
>0:39.86,116.42;39.88,116.39;
#6:
>0:39.77,116.42;39.76,116.41;
#7:
>0:39.83,116.47;39.81,116.57;
#8:
>0:40.36,116.5;40.37,116.36;40.38,116.23;40.15,116.13;
#9:
>0:39.97,116.1;39.99,116.15;40.0,116.02;40.1,116.15;40.34,116.17;
#10:
>0:39.85,116.35;39.87,116.34;
#11:
>0:40.37,116.38;40.31,116.25;40.17,116.19;40.05,116.21;
#12:
>0:40.1,116.63;40.14,116.55;40.21,116.44;40.43,116.23;
#13:
>0:40.05,116.31;40.2,116.29;40.31,116.23;
#14:
>0:40.25,116.08;40.12,116.16;40.22,116.13;40.23,116.42;
#15:
>0:39.82,116.37;39.87,116.36;
#16:
>0:39.78,116.4;39.87,116.34;39.77,116.38;
#17:
>0:39.87,116.21;40.0,116.28;40.1,116.25;40.24,116.39;40.22,116.63;
#18:
>0:39.83,116.43;39.97,116.26;
#19:
>0:39.93,116.34;39.81,116.37;39.96,116.32;39.84,116.36;
#20:
>0:39.97,116.35;39.91,116.38;
#21:
>0:40.19,116.56;40.11,116.53;40.13,116.41;40.0,116.26;40.23,116.14;
#22:
>0:39.76,116.34;39.95,116.4;
#23:
>0:40.07,116.52;40.2,116.44;40.32,116.42;
#24:
>0:39.78,116.53;39.77,116.57;
#25:
>0:40.36,116.1;40.26,116.15;40.12,116.3;40.16,116.33;40.01,116.39;39.77,116.5;
#26:
>0:40.36,116.41;40.23,116.32;40.31,116.13;40.22,116.11;
#27:
>0:39.84,116.4;39.86,116.41;
#28:
>0:40.4,116.55;40.28,116.57;40.15,116.51;40.1,116.39;39.98,116.36;39.79,116.62;
#29:
>0:39.81,116.13;39.98,116.02;40.03,116.17;40.15,116.28;40.31,116.31;
#30:
>0:39.96,116.27;40.06,116.19;
#31:
>0:39.98,116.38;39.9,116.47;39.99,116.53;40.3,116.47;
#32:
>0:40.43,116.54;40.24,116.55;40.41,116.59;40.31,116.64;40.38,116.59;40.24,116.57;40.17,116.51;40.02,116.42;39.92,116.48;39.92,116.34;39.93,116.44;39.9,116.4;39.91,116.43;
#33:
>0:39.81,116.59;39.87,116.44;40.01,116.38;40.05,116.27;40.23,116.13;
#34:
>0:40.25,116.43;40.14,116.28;40.06,116.21;40.02,116.1;39.85,116.05;
#35:
>0:40.35,116.58;40.26,116.63;40.2,116.44;39.98,116.41;40.05,116.21;
#36:
>0:40.41,116.2;40.23,116.02;40.17,116.14;39.99,116.25;39.97,116.33;39.85,116.3;
#37:
>0:39.97,116.33;39.93,116.37;
#38:
>0:39.9,116.37;39.97,116.48;39.9,116.43;39.82,116.34;39.76,116.36;
#39:
>0:40.08,116.24;40.21,116.32;40.25,116.31;
#40:
>0:40.33,116.11;40.21,116.22;
#41:
>0:39.96,116.39;39.9,116.41;
#42:
>0:39.95,116.36;39.77,116.35;
#43:
>0:39.76,116.39;39.75,116.4;
#44:
>0:39.89,116.12;40.03,116.23;39.77,116.41;
#45:
>0:40.37,116.11;40.21,116.21;40.19,116.3;
#46:
>0:40.36,116.06;40.4,116.17;40.42,116.25;
#47:
>0:39.97,116.37;39.78,116.43;
#48:
>0:40.21,116.11;40.2,116.13;40.22,116.12;40.21,116.24;40.25,116.37;40.12,116.61;
#49:
>0:40.3,116.36;40.14,116.5;40.06,116.64;
#50:
>0:39.86,116.28;39.88,116.32;40.05,116.12;40.02,116.09;40.21,116.18;
#51:
>0:40.36,116.02;40.26,116.15;40.22,116.24;40.2,116.28;40.26,116.5;
#52:
>0:39.95,116.33;39.88,116.42;
#53:
>0:39.94,116.42;39.97,116.39;
#54:
>0:39.78,116.37;39.77,116.39;
#55:
>0:39.81,116.43;39.83,116.42;
#56:
>0:40.03,116.61;40.21,116.63;40.3,116.46;40.39,116.27;
#57:
>0:39.91,116.44;40.08,116.35;40.03,116.3;40.18,116.25;40.35,116.02;
#58:
>0:40.14,116.31;40.05,116.35;
#59:
>0:40.26,116.58;40.17,116.46;40.03,116.42;40.08,116.29;39.88,116.24;40.02,116.08;
#60:
>0:40.06,116.6;39.98,116.45;40.06,116.4;40.01,116.24;40.28,116.13;
#61:
>0:39.79,116.37;39.93,116.41;
#62:
>0:39.91,116.37;39.89,116.43;
#63:
>0:40.12,116.26;40.1,116.43;40.13,116.46;
#64:
>0:39.89,116.33;40.0,116.53;39.89,116.58;
#65:
>0:39.89,116.4;39.93,116.42;
#66:
>0:39.88,116.34;39.92,116.5;40.07,116.44;40.29,116.46;
#67:
>0:39.76,116.35;39.86,116.35;
#68:
>0:39.94,116.5;39.77,116.42;
#69:
>0:40.14,116.44;39.98,116.53;
#70:
>0:40.15,116.36;40.32,116.35;40.39,116.26;40.21,116.05;
#71:
>0:40.35,116.49;40.37,116.39;40.31,116.4;40.2,116.17;
#72:
>0:40.28,116.06;40.19,116.14;40.03,116.24;39.92,116.24;39.85,116.51;
#73:
>0:39.92,116.15;39.94,116.06;40.0,116.14;40.2,116.28;40.35,116.29;
#74:
>0:39.88,116.26;40.09,116.13;40.21,116.25;40.27,116.27;
#75:
>0:39.87,116.58;39.79,116.6;39.94,116.5;39.88,116.36;40.02,116.31;39.88,116.07;
#76:
>0:39.85,116.36;39.84,116.42;
#77:
>0:39.87,116.25;39.78,116.34;
#78:
>0:39.79,116.37;39.96,116.33;
#79:
>0:39.95,116.33;39.9,116.38;
#80:
>0:39.85,116.12;39.9,116.03;40.09,116.13;40.11,116.3;40.25,116.37;40.33,116.4;
#81:
>0:39.78,116.4;39.81,116.35;
#82:
>0:39.96,116.61;39.85,116.58;39.9,116.45;40.04,116.33;40.05,116.27;39.91,116.04;
#83:
>0:39.81,116.23;39.79,116.43;39.94,116.4;39.98,116.51;40.29,116.52;
#84:
>0:40.06,116.06;40.15,116.18;
#85:
>0:40.15,116.22;40.02,116.13;39.93,116.21;39.77,116.18;
#86:
>0:40.12,116.63;39.98,116.51;39.9,116.36;39.81,116.25;
#87:
>0:39.85,116.38;39.89,116.4;
#88:
>0:39.89,116.61;40.02,116.43;40.15,116.42;
#89:
>0:39.91,116.38;39.87,116.39;
#90:
>0:39.83,116.39;39.93,116.36;
#91:
>0:40.01,116.2;40.01,116.09;40.21,116.17;40.39,116.12;
#92:
>0:39.98,116.14;39.99,116.25;39.75,116.34;
#93:
>0:40.4,116.55;40.38,116.47;40.36,116.36;
#94:
>0:40.06,116.37;39.88,116.51;39.8,116.55;
#95:
>0:40.39,116.57;40.25,116.63;40.18,116.44;40.08,116.42;40.05,116.21;
#96:
>0:39.76,116.46;39.82,116.59;
#97:
>0:39.87,116.49;39.88,116.38;40.21,116.6;
#98:
>0:39.77,116.19;39.81,116.22;
#99:
>0:39.88,116.36;39.97,116.42;
#100:
>0:40.41,116.04;40.37,116.05;
#101:
>0:40.29,116.49;40.13,116.51;40.0,116.41;39.9,116.43;39.76,116.33;
#102:
>0:40.34,116.22;40.23,116.37;40.13,116.51;40.07,116.34;39.88,116.46;39.85,116.36;
#103:
>0:39.78,116.57;39.82,116.53;39.9,116.4;
#104:
>0:39.87,116.38;39.85,116.39;
#105:
>0:39.81,116.41;39.9,116.4;
#106:
>0:39.83,116.34;39.77,116.34;
#107:
>0:40.03,116.2;40.18,116.26;40.24,116.42;
#108:
>0:40.39,116.21;40.25,116.06;40.12,116.17;40.01,116.27;39.9,116.3;39.76,116.32;
#109:
>0:39.88,116.48;39.92,116.39;
#110:
>0:39.91,116.48;40.05,116.44;40.15,116.64;40.25,116.54;40.36,116.52;
#111:
>0:40.4,116.02;40.23,116.16;40.17,116.17;
#112:
>0:40.21,116.07;40.3,116.21;40.25,116.31;
#113:
>0:39.78,116.05;39.96,116.15;39.97,116.25;39.9,116.4;39.98,116.5;40.12,116.55;
#114:
>0:40.14,116.1;40.13,116.21;40.07,116.24;39.94,116.31;39.93,116.34;40.12,116.64;
#115:
>0:39.76,116.37;39.97,116.4;
#116:
>0:39.88,116.41;39.89,116.34;
#117:
>0:39.92,116.56;40.09,116.57;40.11,116.63;
#118:
>0:39.79,116.38;39.85,116.41;
#119:
>0:39.76,116.42;39.92,116.39;
#120:
>0:39.99,116.24;39.94,116.29;
#121:
>0:40.42,116.54;40.24,116.59;40.15,116.63;40.02,116.5;40.15,116.57;40.05,116.44;40.11,116.6;40.05,116.6;40.16,116.64;40.08,116.56;39.94,116.64;39.81,116.61;39.96,116.38;
#122:
>0:39.77,116.31;39.91,116.27;40.05,116.4;40.02,116.3;40.31,116.15;
#123:
>0:40.42,116.49;40.44,116.38;40.13,116.26;
#124:
>0:39.86,116.43;39.96,116.38;
#125:
>0:40.15,116.54;40.08,116.36;40.0,116.29;40.02,116.22;
#126:
>0:40.35,116.62;40.23,116.64;40.33,116.56;40.3,116.59;40.13,116.44;39.99,116.38;40.07,116.28;40.08,116.34;40.01,116.23;39.93,116.34;
#127:
>0:39.93,116.38;39.96,116.36;
#128:
>0:39.78,116.1;39.89,116.18;40.07,116.33;39.98,116.29;39.95,116.35;40.15,116.61;
#129:
>0:39.76,116.34;39.97,116.33;
#130:
>0:40.28,116.06;40.11,116.04;40.05,116.1;
#131:
>0:39.87,116.29;39.76,116.29;
#132:
>0:39.9,116.34;39.76,116.36;39.87,116.33;39.88,116.49;39.77,116.42;
#133:
>0:39.86,116.38;39.9,116.39;
#134:
>0:40.04,116.55;40.12,116.47;40.23,116.43;40.31,116.27;40.37,116.19;
#135:
>0:39.97,116.52;39.9,116.42;
#136:
>0:39.86,116.34;39.85,116.34;
#137:
>0:39.95,116.35;39.78,116.33;
#138:
>0:40.26,116.04;40.11,116.21;40.05,116.26;40.15,116.23;40.21,116.34;40.21,116.61;
#139:
>0:40.1,116.34;40.28,116.33;
#140:
>0:39.93,116.39;39.93,116.42;
#141:
>0:39.86,116.35;39.87,116.37;
#142:
>0:40.2,116.12;40.0,116.31;39.89,116.42;
#143:
>0:39.77,116.38;39.88,116.33;
#144:
>0:39.92,116.36;39.95,116.37;
#145:
>0:40.05,116.31;39.91,116.24;39.96,116.4;40.1,116.6;
#146:
>0:39.81,116.29;39.85,116.23;
#147:
>0:39.94,116.33;39.88,116.33;
#148:
>0:39.88,116.38;39.84,116.39;39.85,116.4;
#149:
>0:39.78,116.34;39.91,116.32;39.8,116.39;
#150:
>0:40.05,116.51;39.96,116.37;39.8,116.3;39.81,116.14;
#151:
>0:39.79,116.58;39.8,116.51;39.98,116.47;40.08,116.52;40.24,116.53;
#152:
>0:40.42,116.51;40.41,116.42;40.26,116.25;40.12,116.23;40.2,116.03;
#153:
>0:40.1,116.33;40.12,116.37;40.18,116.5;
#154:
>0:39.92,116.5;40.05,116.39;39.88,116.43;39.88,116.35;
#155:
>0:39.94,116.07;40.07,116.14;40.11,116.27;40.33,116.34;
#156:
>0:39.84,116.35;39.76,116.43;
#157:
>0:39.8,116.43;39.89,116.36;
#158:
>0:40.22,116.38;40.16,116.54;40.16,116.39;39.93,116.22;
#159:
>0:40.0,116.3;40.0,116.23;
#160:
>0:39.91,116.41;39.87,116.41;
#161:
>0:40.28,116.14;40.17,116.3;40.14,116.37;40.05,116.33;39.87,116.55;
#162:
>0:39.95,116.05;39.98,116.22;40.12,116.31;40.27,116.33;
#163:
>0:40.17,116.12;40.23,116.12;40.33,116.09;
#164:
>0:40.33,116.21;40.28,116.01;40.12,116.15;40.06,116.25;39.94,116.26;39.81,116.28;
#165:
>0:40.12,116.09;40.13,116.13;40.27,116.14;40.25,116.43;
#166:
>0:40.22,116.1;40.18,116.14;40.0,116.22;39.96,116.26;
#167:
>0:39.75,116.32;39.94,116.29;
