#0:
>0:157.25,116.18;96.99,116.19;
#1:
>0:297.34,116.01;379.69,116.05;281.97,116.07;290.9,116.18;
#2:
>0:87.86,116.33;139.99,116.29;202.23,116.19;168.32,116.29;245.72,116.22;370.27,116.19;
#3:
>0:52.71,116.38;84.21,116.35;
#4:
>0:273.6,116.3;190.41,116.35;118.89,116.26;57.65,116.35;
#5:
>0:333.35,116.32;263.78,116.27;177.23,116.26;153.77,116.18;133.45,116.05;
#6:
>0:127.72,116.0;200.16,116.08;223.57,116.16;
#7:
>0:60.01,116.35;60.8,116.34;
#8:
>0:70.78,116.37;42.64,116.34;
#9:
>0:124.9,116.0;168.16,116.08;242.86,116.16;338.3,116.13;390.58,116.2;
#10:
>0:96.09,116.32;71.35,116.37;
#11:
>0:88.7,116.09;67.47,116.16;64.99,116.18;
#12:
>0:253.3,116.24;177.57,116.27;173.34,116.35;43.28,116.3;
#13:
>0:114.51,116.19;64.3,116.12;193.73,116.08;
#14:
>0:149.4,116.04;194.4,116.09;220.72,116.15;336.89,116.17;
#15:
>0:322.37,116.27;291.15,116.19;370.01,116.17;290.53,116.1;380.64,116.05;
#16:
>0:41.85,116.35;54.85,116.35;
#17:
>0:45.99,116.34;52.08,116.33;
#18:
>0:74.56,116.35;73.12,116.38;
#19:
>0:378.61,116.21;356.96,116.25;322.3,116.32;226.44,116.34;116.8,116.27;
#20:
>0:44.88,116.28;125.97,116.26;166.23,116.21;206.36,116.29;303.51,116.23;
#21:
>0:339.83,116.04;370.84,116.11;398.01,116.15;
#22:
>0:197.21,116.22;197.16,116.26;55.63,116.23;
#23:
>0:97.64,116.32;82.81,116.35;
#24:
>0:55.05,116.35;125.83,116.27;201.5,116.2;215.79,116.24;243.35,116.19;351.44,116.2;
#25:
>0:82.24,116.35;92.6,116.34;
#26:
>0:144.9,116.06;144.97,116.12;66.15,116.11;67.7,116.26;
#27:
>0:120.4,116.1;168.08,116.15;277.97,116.14;206.25,116.23;193.23,116.35;
#28:
>0:358.43,116.34;289.74,116.28;301.77,116.18;335.33,116.15;167.91,116.05;
#29:
>0:42.91,116.31;46.01,116.35;
#30:
>0:309.14,116.31;258.54,116.26;265.24,116.22;283.2,116.23;368.51,116.1;
#31:
>0:95.65,116.35;95.9,116.34;
#32:
>0:226.4,116.06;272.2,116.16;165.48,116.23;221.38,116.26;
#33:
>0:78.48,116.36;53.09,116.33;
#34:
>0:184.8,116.25;118.39,116.18;246.2,116.17;
#35:
>0:237.43,116.24;292.04,116.25;
#36:
>0:45.88,116.31;73.19,116.3;
#37:
>0:98.3,116.33;91.53,116.33;
#38:
>0:144.31,116.11;206.69,116.01;222.34,116.11;304.62,116.04;
#39:
>0:335.84,116.25;222.9,116.33;
#40:
>0:182.89,116.26;131.57,116.2;180.01,116.12;262.71,116.15;231.1,116.0;
#41:
>0:344.02,116.29;305.06,116.27;302.59,116.18;255.56,116.06;
#42:
>0:46.73,116.02;140.28,116.02;184.28,116.08;216.06,116.14;298.93,116.16;
#43:
>0:50.26,116.31;78.3,116.34;
#44:
>0:162.96,116.09;116.82,116.01;45.08,116.06;
#45:
>0:356.53,115.99;310.48,116.1;332.96,116.14;235.31,116.2;182.02,116.19;180.16,116.32;
#46:
>0:97.3,116.32;57.08,116.33;
#47:
>0:329.33,116.07;327.23,116.17;227.37,116.23;169.41,116.23;189.73,116.3;
#48:
>0:332.05,116.03;321.96,116.1;
#49:
>0:321.01,116.34;248.17,116.29;178.77,116.26;150.48,116.19;198.78,116.08;
#50:
>0:46.26,116.35;97.9,116.3;
#51:
>0:163.81,116.1;142.5,116.14;40.6,116.22;43.05,116.25;81.45,116.37;
#52:
>0:306.97,116.09;256.46,115.99;215.33,116.08;124.41,116.04;58.23,116.01;
#53:
>0:332.94,116.21;225.33,116.12;218.03,116.13;
#54:
>0:309.42,116.26;247.28,116.17;187.2,116.15;183.05,116.08;179.53,116.03;
#55:
>0:57.34,116.38;68.61,116.35;
#56:
>0:118.85,116.05;196.23,116.05;224.28,116.06;296.03,116.02;
#57:
>0:65.33,116.32;92.56,116.33;
#58:
>0:79.27,116.32;88.47,116.32;
#59:
>0:287.54,116.06;377.75,116.02;
#60:
>0:286.34,116.07;321.36,116.17;336.52,116.22;342.2,116.26;
#61:
>0:74.05,116.35;60.32,116.35;
#62:
>0:90.45,116.32;84.63,116.34;
#63:
>0:40.23,116.31;85.88,116.34;
#64:
>0:54.83,116.11;109.03,116.12;159.53,116.22;73.5,116.24;112.34,116.33;
#65:
>0:127.5,116.05;144.04,116.0;
#66:
>0:146.96,116.06;100.78,116.12;111.69,116.2;
#67:
>0:49.67,116.34;95.49,116.33;
#68:
>0:189.29,116.27;135.49,116.23;242.13,116.12;
#69:
>0:168.49,116.17;104.76,116.23;71.05,116.24;75.98,116.33;
#70:
>0:68.07,116.33;73.01,116.32;
#71:
>0:154.52,116.26;135.64,116.32;
#72:
>0:80.05,116.3;82.2,116.32;
#73:
>0:51.53,116.31;53.54,116.35;
#74:
>0:92.12,116.08;41.71,116.02;141.54,116.01;187.69,116.0;240.39,116.06;388.15,116.07;
#75:
>0:289.37,116.16;234.61,116.21;205.37,116.18;140.85,116.17;
#76:
>0:44.17,116.1;88.44,116.0;100.24,116.04;196.78,116.04;259.61,116.07;373.7,116.06;
#77:
>0:345.27,116.16;330.26,116.13;230.33,116.18;165.85,116.22;149.55,116.31;
#78:
>0:98.95,116.16;115.64,116.1;174.86,116.05;261.2,116.09;
#79:
>0:308.16,116.15;236.53,116.2;201.04,116.18;180.53,116.33;
#80:
>0:73.82,116.07;74.37,116.16;103.05,116.21;57.7,116.28;79.73,116.34;
#81:
>0:93.62,116.07;143.23,116.0;161.9,116.09;165.5,116.16;331.36,116.15;
#82:
>0:197.14,116.29;113.01,116.23;104.59,116.15;
#83:
>0:378.43,116.28;329.5,116.25;312.74,116.19;229.46,116.08;
#84:
>0:68.29,116.3;90.01,116.33;
#85:
>0:74.88,116.33;46.91,116.35;
#86:
>0:232.79,116.13;199.04,116.2;211.3,116.28;47.24,116.29;
#87:
>0:126.21,116.14;152.39,116.13;
#88:
>0:350.03,116.24;295.44,116.3;236.74,116.35;259.48,116.28;213.09,116.24;88.89,116.13;
#89:
>0:66.95,116.25;82.14,116.22;126.6,116.17;74.11,116.13;159.55,116.05;
#90:
>0:46.96,116.06;51.28,116.01;131.65,116.05;222.44,116.08;
#91:
>0:121.65,116.21;192.75,116.12;275.53,116.12;330.87,116.18;
#92:
>0:69.4,116.33;59.78,116.35;
#93:
>0:51.41,116.33;87.89,116.31;
#94:
>0:183.61,116.14;272.6,116.1;
#95:
>0:399.96,116.05;337.98,116.0;227.44,116.03;164.96,116.04;
#96:
>0:214.15,116.23;141.21,116.19;194.23,116.12;235.26,116.1;381.77,116.0;
#97:
>0:98.38,116.34;54.58,116.32;
#98:
>0:47.95,116.35;58.78,116.34;
#99:
>0:117.18,116.28;86.88,116.22;124.6,116.16;116.88,116.07;
#100:
>0:68.8,116.38;92.06,116.38;
#101:
>0:72.7,116.33;45.06,116.34;
#102:
>0:339.85,116.3;249.25,116.35;160.33,116.32;129.08,116.3;85.55,116.18;
#103:
>0:91.99,116.33;58.67,116.3;
#104:
>0:119.01,116.28;215.25,116.19;180.03,116.25;257.14,116.2;376.11,116.27;
#105:
>0:46.45,116.36;53.67,116.3;
#106:
>0:71.41,116.33;91.1,116.3;
#107:
>0:335.81,116.27;299.49,116.34;
#108:
>0:230.75,116.06;265.97,116.0;184.4,116.07;72.69,116.13;
#109:
>0:95.08,116.34;58.4,116.37;
#110:
>0:382.87,116.26;288.6,116.18;324.78,116.13;232.13,116.09;138.92,116.14;
#111:
>0:56.08,116.34;51.39,116.38;
#112:
>0:357.35,116.09;293.65,116.09;292.92,116.05;228.51,116.06;102.34,116.12;
#113:
>0:196.97,116.28;278.77,116.18;297.85,116.18;353.72,116.1;
#114:
>0:73.68,116.35;85.13,116.38;
#115:
>0:75.63,116.06;148.88,116.17;219.1,116.21;170.56,116.29;225.82,116.31;
#116:
>0:52.07,116.35;53.38,116.38;
#117:
>0:197.61,116.28;128.21,116.18;225.68,116.16;
#118:
>0:314.54,116.16;388.67,116.23;
#119:
>0:87.28,116.32;55.94,116.31;
#120:
>0:61.95,116.37;44.75,116.3;
#121:
>0:307.04,116.33;222.94,116.26;222.82,116.19;309.07,116.22;386.82,116.08;
#122:
>0:266.26,116.17;165.12,116.08;217.28,116.04;
#123:
>0:40.99,116.33;60.78,116.34;
#124:
>0:71.76,116.07;143.67,116.01;165.46,116.0;271.55,116.07;246.98,116.01;342.24,116.09;
#125:
>0:75.44,116.3;80.42,116.32;
#126:
>0:97.92,116.36;76.44,116.38;
#127:
>0:342.62,116.3;339.03,116.31;235.65,116.2;
#128:
>0:185.19,116.23;195.53,116.27;247.78,116.19;389.18,116.14;
#129:
>0:50.83,116.35;80.83,116.36;
#130:
>0:129.48,116.31;103.42,116.28;40.36,116.2;
#131:
>0:376.79,116.13;335.18,116.12;226.28,116.22;189.63,116.22;152.33,116.35;
#132:
>0:160.47,116.25;124.6,116.19;52.64,116.17;
#133:
>0:86.14,116.3;55.64,116.32;
#134:
>0:98.83,116.37;86.86,116.32;
#135:
>0:189.24,116.35;274.9,116.28;224.03,116.21;305.86,116.2;386.77,116.1;
#136:
>0:47.41,116.16;134.72,116.23;165.9,116.14;257.86,116.1;
#137:
>0:49.74,116.07;75.82,116.0;189.4,116.0;
#138:
>0:65.63,116.38;65.66,116.3;
#139:
>0:262.05,116.2;292.33,116.18;398.23,116.24;
#140:
>0:332.59,116.09;264.54,115.99;171.48,116.01;
#141:
>0:50.14,116.35;67.34,116.35;
#142:
>0:73.86,116.36;87.62,116.33;
#143:
>0:368.61,116.05;308.26,116.11;227.34,116.03;199.24,116.07;147.28,116.0;44.16,116.05;
#144:
>0:81.85,116.3;51.1,116.38;
#145:
>0:117.83,116.24;95.1,116.21;157.28,116.14;174.45,116.11;50.11,116.0;
#146:
>0:295.27,116.14;237.69,116.22;175.3,116.21;106.81,116.22;
#147:
>0:80.55,116.3;95.53,116.35;
#148:
>0:116.51,116.29;208.78,116.19;258.5,116.13;248.55,116.08;364.11,116.04;
#149:
>0:377.25,116.09;320.41,116.05;328.3,116.05;229.91,116.09;195.33,116.07;53.41,116.13;
#150:
>0:84.01,116.09;144.48,116.14;166.33,116.23;260.22,116.26;
#151:
>0:82.47,116.35;72.51,116.3;
#152:
>0:62.0,116.3;91.62,116.34;
#153:
>0:60.22,116.3;96.12,116.3;
#154:
>0:76.49,116.32;51.83,116.35;
#155:
>0:45.4,116.31;89.4,116.37;
#156:
>0:304.01,116.11;257.33,116.18;185.13,116.19;184.27,116.25;55.74,116.13;
#157:
>0:73.81,116.35;52.36,116.34;
#158:
>0:62.13,116.3;75.47,116.32;
#159:
>0:314.51,116.22;393.81,116.2;292.16,116.33;
#160:
>0:87.57,116.24;139.39,116.18;177.05,116.15;247.7,116.07;
#161:
>0:53.8,116.36;93.96,116.36;
#162:
>0:397.34,116.16;286.74,116.08;255.05,116.01;212.71,116.01;
#163:
>0:92.72,116.36;81.6,116.3;
#164:
>0:58.32,116.37;89.5,116.32;
#165:
>0:91.31,116.34;74.01,116.34;
#166:
>0:99.09,116.36;47.62,116.32;
#167:
>0:68.58,116.3;65.46,116.33;
#168:
>0:78.3,116.31;79.24,116.34;
#169:
>0:66.45,116.36;63.84,116.32;
#170:
>0:283.05,116.18;393.75,116.2;302.3,116.35;
#171:
>0:223.82,116.33;236.52,116.24;184.26,116.26;151.85,116.18;84.22,116.12;212.72,116.01;
#172:
>0:41.85,116.31;85.02,116.3;
#173:
>0:235.19,116.21;175.64,116.19;161.28,116.24;78.58,116.35;
#174:
>0:60.19,116.3;45.04,116.31;
#175:
>0:344.05,116.32;328.31,116.35;247.12,116.24;190.17,116.28;146.85,116.18;82.64,116.07;
#176:
>0:201.64,116.12;272.65,116.06;150.69,116.04;
#177:
>0:105.27,116.08;105.73,116.11;131.61,116.21;
#178:
>0:92.02,116.15;126.49,116.2;212.62,116.23;274.88,116.19;
#179:
>0:76.56,116.34;92.18,116.35;
#180:
>0:287.0,116.29;277.52,116.33;
#181:
>0:40.37,116.32;55.98,116.31;
#182:
>0:103.07,116.17;165.21,116.08;
#183:
>0:45.73,116.33;52.5,116.37;
#184:
>0:54.0,116.34;155.58,116.28;184.53,116.2;191.64,116.25;245.81,116.2;393.1,116.25;
#185:
>0:192.7,116.12;266.1,116.06;
#186:
>0:60.59,116.3;98.13,116.38;
#187:
>0:92.29,116.31;81.96,116.35;
#188:
>0:294.62,116.23;259.12,116.25;188.45,116.35;
#189:
>0:70.04,116.36;86.82,116.3;
#190:
>0:300.65,116.25;235.15,116.19;233.19,116.17;313.2,116.11;352.2,116.04;
#191:
>0:74.82,116.35;68.31,116.37;
#192:
>0:51.27,116.32;93.78,116.34;
#193:
>0:155.31,116.08;211.99,116.0;
#194:
>0:145.37,116.3;74.3,116.27;81.77,116.23;
#195:
>0:240.9,116.21;304.74,116.25;392.59,116.19;
#196:
>0:66.67,116.34;48.21,116.35;
#197:
>0:87.4,116.01;46.61,116.07;156.2,116.05;225.46,116.1;
#198:
>0:203.69,116.32;128.0,116.26;
#199:
>0:93.69,116.27;136.8,116.26;199.59,116.29;
#200:
>0:74.88,116.11;141.97,116.14;170.92,116.23;274.66,116.28;
#201:
>0:75.16,116.35;77.23,116.37;
#202:
>0:95.96,116.33;63.91,116.32;
#203:
>0:57.99,116.35;61.38,116.36;
#204:
>0:96.32,116.3;83.29,116.35;
#205:
>0:389.75,116.17;317.48,116.14;268.77,116.18;210.94,116.19;121.22,116.35;
#206:
>0:233.02,116.17;199.21,116.22;215.41,116.24;
#207:
>0:234.79,116.02;250.62,116.08;262.66,116.16;173.12,116.22;208.09,116.28;272.34,116.33;
#208:
>0:381.68,116.16;318.89,116.23;237.18,116.25;195.21,116.26;158.58,116.29;
#209:
>0:54.05,116.13;51.16,116.18;85.94,116.26;
#210:
>0:58.43,116.06;68.23,115.99;146.17,116.04;179.17,116.01;226.22,116.1;355.5,116.07;
#211:
>0:397.66,116.3;306.96,116.31;261.83,116.27;214.0,116.28;143.59,116.22;95.33,116.06;
#212:
>0:85.21,116.32;59.05,116.32;
#213:
>0:98.72,116.34;88.28,116.35;
#214:
>0:53.27,116.33;76.43,116.34;
#215:
>0:370.68,116.04;322.2,116.09;307.7,116.15;365.49,116.19;
#216:
>0:202.36,116.06;116.28,116.12;105.56,116.22;
#217:
>0:244.71,116.14;327.52,116.09;291.43,116.01;
#218:
>0:89.32,116.33;56.07,116.34;
#219:
>0:54.24,116.34;95.38,116.33;
#220:
>0:250.62,116.08;235.75,116.14;166.97,116.2;244.8,116.24;
#221:
>0:148.91,116.06;107.44,116.17;
#222:
>0:65.33,116.35;47.02,116.34;
#223:
>0:72.81,116.34;60.05,116.37;
#224:
>0:291.21,116.25;293.77,116.18;287.78,116.12;326.93,116.09;355.98,116.0;
#225:
>0:65.15,116.37;62.33,116.32;
#226:
>0:260.8,116.26;229.8,116.18;276.99,116.13;237.58,116.08;376.25,116.05;
#227:
>0:66.56,116.3;126.0,116.26;57.78,116.23;147.96,116.12;184.07,116.06;187.67,116.01;
#228:
>0:186.44,116.33;268.75,116.29;233.6,116.21;325.75,116.21;383.69,116.07;
#229:
>0:54.15,116.33;45.38,116.35;
#230:
>0:62.84,116.07;124.42,116.15;177.96,116.19;226.33,116.24;
#231:
>0:50.95,116.34;64.77,116.35;
#232:
>0:94.32,116.33;50.36,116.33;
#233:
>0:382.45,116.16;331.54,116.08;264.98,116.15;166.33,116.22;186.07,116.25;96.17,116.29;
#234:
>0:109.97,116.33;208.6,116.24;146.53,116.21;191.43,116.15;247.27,116.12;257.99,116.02;
#235:
>0:204.65,116.14;262.37,116.16;234.18,116.09;380.71,116.09;
#236:
>0:259.41,116.16;287.58,116.17;279.21,116.03;
#237:
>0:162.68,116.09;221.99,116.16;264.79,116.19;
#238:
>0:75.96,116.32;48.97,116.33;
#239:
>0:187.55,116.28;112.76,116.2;95.21,116.12;
#240:
>0:117.36,116.16;149.49,116.14;
#241:
>0:72.41,116.29;114.19,116.24;
#242:
>0:86.87,116.29;84.03,116.36;
#243:
>0:115.52,116.01;176.61,116.11;237.32,116.12;283.54,116.14;238.74,116.21;350.59,116.3;
#244:
>0:122.3,116.1;209.84,116.02;
#245:
>0:160.51,116.04;122.39,116.07;58.02,116.09;
#246:
>0:184.97,116.17;264.24,116.07;
#247:
>0:80.68,116.3;79.23,116.36;
#248:
>0:391.37,116.22;387.55,116.26;299.54,116.3;262.39,116.31;209.9,116.32;98.53,116.27;
#249:
>0:224.35,116.08;222.96,116.14;197.71,116.19;269.88,116.28;
#250:
>0:61.81,116.33;51.14,116.3;
#251:
>0:281.69,116.23;307.87,116.33;
#252:
>0:390.21,116.32;288.74,116.34;277.44,116.26;254.44,116.19;311.77,116.09;
#253:
>0:179.13,116.16;257.24,116.06;
#254:
>0:110.57,116.03;170.83,116.07;274.74,116.15;338.25,116.2;
#255:
>0:191.51,116.28;128.73,116.21;76.11,116.16;138.15,116.08;40.56,116.05;
#256:
>0:97.31,116.3;94.26,116.37;
#257:
>0:60.04,116.35;80.82,116.31;
#258:
>0:132.51,116.07;205.31,116.15;223.24,116.21;242.95,116.26;246.5,116.35;
#259:
>0:48.92,116.31;62.77,116.34;
#260:
>0:327.34,116.17;224.43,116.1;205.42,116.11;158.4,116.17;49.15,116.0;
#261:
>0:42.67,116.33;66.02,116.32;
#262:
>0:335.28,116.03;220.6,116.08;249.78,116.0;124.2,116.02;
#263:
>0:90.42,116.35;70.88,116.32;
#264:
>0:335.98,116.08;285.26,116.16;252.37,116.18;191.58,116.19;108.86,116.34;
#265:
>0:99.61,116.34;55.07,116.35;
#266:
>0:298.56,116.25;307.36,116.22;372.71,116.13;
#267:
>0:98.43,116.3;45.13,116.31;
#268:
>0:97.51,116.35;99.53,116.31;
#269:
>0:181.18,115.99;233.14,116.06;247.1,116.03;362.37,116.08;
#270:
>0:62.72,116.36;63.76,116.37;
#271:
>0:71.97,116.37;97.44,116.32;
#272:
>0:118.23,116.02;218.25,116.08;193.51,116.16;231.56,116.14;173.42,116.22;192.75,116.3;
#273:
>0:252.57,116.23;182.85,116.22;183.28,116.25;46.71,116.35;
#274:
>0:40.02,116.31;84.41,116.3;
#275:
>0:197.08,116.26;148.62,116.21;100.97,116.12;
#276:
>0:329.58,116.34;269.69,116.25;205.4,116.26;172.1,116.14;
#277:
>0:70.47,116.31;68.35,116.36;
#278:
>0:308.67,116.24;295.6,116.21;353.91,116.15;
#279:
>0:161.34,116.18;179.35,116.27;53.27,116.21;
#280:
>0:100.07,116.05;109.62,116.0;
#281:
>0:44.42,116.34;45.19,116.33;
#282:
>0:54.22,116.32;91.85,116.34;
#283:
>0:108.75,116.01;204.74,116.07;228.28,116.17;
#284:
>0:141.96,116.07;190.58,116.14;223.11,116.21;
#285:
>0:221.42,116.33;253.3,116.27;177.3,116.26;264.86,116.12;
#286:
>0:250.27,116.35;216.06,116.34;159.69,116.32;99.57,116.36;
#287:
>0:232.6,116.28;177.81,116.17;
#288:
>0:75.83,116.34;91.78,116.36;
#289:
>0:58.06,116.36;48.72,116.34;
#290:
>0:390.96,116.14;333.02,116.12;247.35,116.15;
#291:
>0:378.44,116.13;349.09,116.08;299.17,116.08;242.75,116.02;164.14,116.11;69.44,116.14;
#292:
>0:351.31,116.2;352.41,116.27;327.23,116.33;253.28,116.35;181.0,116.3;43.76,116.29;
#293:
>0:303.21,116.29;223.25,116.21;265.96,116.17;245.17,116.08;376.93,116.01;
#294:
>0:140.39,116.25;191.74,116.22;179.65,116.27;265.74,116.21;370.65,116.18;
#295:
>0:61.35,116.33;64.48,116.35;
#296:
>0:65.37,116.34;72.05,116.34;
#297:
>0:399.88,116.14;285.44,116.15;274.36,116.18;188.34,116.21;133.92,116.33;
#298:
>0:79.4,116.12;140.29,116.22;210.07,116.25;243.29,116.26;223.17,116.19;381.14,116.3;
#299:
>0:82.74,116.36;94.34,116.37;
#300:
>0:75.78,116.3;96.44,116.35;
#301:
>0:80.62,116.28;46.81,116.22;150.48,116.13;105.17,116.1;
