#0:
>0:92.81,116.37;71.33,116.34;
#1:
>0:242.89,116.0;304.06,116.08;305.11,116.17;376.12,116.2;393.77,116.25;
#2:
>0:215.64,116.25;238.24,116.22;291.09,116.17;313.23,116.08;359.15,116.04;
#3:
>0:331.6,116.26;240.66,116.31;
#4:
>0:58.68,116.34;51.1,116.27;144.76,116.19;186.19,116.17;319.03,116.28;
#5:
>0:68.01,116.33;54.11,116.31;
#6:
>0:94.28,116.36;69.2,116.33;
#7:
>0:195.29,116.02;241.47,116.03;285.96,116.08;399.34,116.08;
#8:
>0:393.32,116.3;296.73,116.28;237.8,116.21;291.04,116.16;325.22,116.11;170.34,116.04;
#9:
>0:65.82,116.33;88.64,116.31;
#10:
>0:181.09,116.19;239.7,116.25;279.88,116.33;
#11:
>0:354.14,116.07;345.21,116.15;340.9,116.21;380.49,116.24;380.24,116.31;
#12:
>0:47.58,116.36;97.54,116.33;
#13:
>0:94.05,116.34;94.95,116.33;
#14:
>0:396.09,116.34;291.74,116.28;261.45,116.34;
#15:
>0:142.86,116.02;212.64,116.07;212.61,116.15;218.48,116.18;137.44,116.27;119.53,116.31;
#16:
>0:68.94,116.31;87.18,116.34;
#17:
>0:90.28,116.25;105.55,116.19;212.27,116.13;228.71,116.17;
#18:
>0:53.04,116.34;65.04,116.34;
#19:
>0:48.6,116.29;83.41,116.38;
#20:
>0:92.66,116.35;57.06,116.35;
#21:
>0:115.13,116.35;176.36,116.25;223.37,116.18;315.6,116.16;
#22:
>0:85.88,116.01;127.19,116.06;45.97,116.14;
#23:
>0:218.58,116.14;112.94,116.07;
#24:
>0:85.29,116.33;65.46,116.38;
#25:
>0:79.96,116.34;46.32,116.35;
#26:
>0:59.98,116.38;90.28,116.32;
#27:
>0:92.43,116.38;51.76,116.34;
#28:
>0:293.6,116.29;227.9,116.19;180.92,116.15;108.91,116.14;81.73,116.1;
#29:
>0:97.87,116.23;50.95,116.14;68.18,116.06;
#30:
>0:69.21,116.01;139.59,116.09;67.39,116.16;
#31:
>0:65.78,116.35;66.95,116.3;
#32:
>0:238.86,116.29;207.3,116.2;
#33:
>0:60.15,116.34;97.53,116.3;
#34:
>0:97.88,116.32;62.04,116.3;
#35:
>0:90.44,116.33;85.93,116.38;
#36:
>0:93.28,116.35;64.52,116.33;
#37:
>0:92.91,116.3;61.44,116.38;
#38:
>0:62.12,116.13;107.97,116.17;145.8,116.04;
#39:
>0:395.09,116.31;284.59,116.26;279.86,116.18;280.37,116.12;304.93,116.06;225.66,116.04;
#40:
>0:68.87,116.32;53.55,116.34;
#41:
>0:94.37,116.31;52.89,116.38;
#42:
>0:327.78,116.14;268.38,116.2;171.6,116.21;112.74,116.25;46.94,116.19;
#43:
>0:321.92,116.0;336.76,116.07;206.15,116.13;
#44:
>0:277.29,116.06;163.8,116.05;108.14,116.09;56.41,116.09;
#45:
>0:136.95,116.24;142.71,116.28;
#46:
>0:77.05,116.34;80.36,116.35;
#47:
>0:42.12,116.34;104.26,116.26;41.3,116.25;205.32,116.12;
#48:
>0:174.62,116.06;253.77,116.17;288.66,116.22;317.61,116.26;306.36,116.31;
#49:
>0:86.03,116.33;62.4,116.35;
#50:
>0:92.79,116.37;90.58,116.36;
#51:
>0:41.33,116.36;45.0,116.35;
#52:
>0:178.99,116.05;277.62,116.0;297.26,116.09;351.75,116.07;
#53:
>0:97.99,116.37;56.3,116.33;
#54:
>0:290.33,116.0;325.37,116.09;308.86,116.15;317.97,116.18;297.04,116.28;339.37,116.31;
#55:
>0:75.71,116.32;40.47,116.34;
#56:
>0:99.84,116.31;54.3,116.33;
#57:
>0:92.75,116.34;85.07,116.33;
#58:
>0:85.55,116.37;65.45,116.31;
#59:
>0:88.77,116.34;63.97,116.36;
#60:
>0:158.39,116.34;171.79,116.27;268.36,116.2;232.18,116.12;
#61:
>0:372.61,116.33;288.67,116.25;257.94,116.23;200.48,116.13;137.26,116.15;
#62:
>0:42.82,116.35;43.18,116.31;
#63:
>0:73.24,116.37;94.2,116.35;
#64:
>0:290.71,116.09;388.93,116.03;
#65:
>0:256.41,116.07;295.18,116.11;325.03,116.22;291.36,116.27;281.16,116.34;
#66:
>0:61.25,116.35;67.6,116.33;
#67:
>0:82.81,116.37;52.6,116.35;
#68:
>0:288.71,116.25;259.18,116.19;
#69:
>0:93.25,116.36;95.21,116.36;
#70:
>0:56.82,116.38;42.68,116.38;
#71:
>0:109.78,116.0;202.11,116.09;167.29,116.16;229.41,116.17;219.1,116.29;
#72:
>0:338.51,116.32;352.44,116.27;312.79,116.18;344.56,116.17;
#73:
>0:328.94,116.06;305.74,116.12;300.09,116.23;308.78,116.24;318.29,116.33;
#74:
>0:92.17,116.21;96.61,116.13;47.62,116.1;
#75:
>0:374.2,116.23;280.91,116.12;321.85,116.06;169.3,116.09;
#76:
>0:88.43,116.09;144.4,116.12;208.05,116.21;
#77:
>0:55.56,116.36;85.46,116.33;
#78:
>0:95.84,116.01;102.68,116.1;214.76,116.07;218.1,116.13;269.84,116.12;388.53,116.27;
#79:
>0:322.47,116.15;237.71,116.1;
#80:
>0:88.29,116.33;65.68,116.33;
#81:
>0:99.6,116.3;89.06,116.34;
#82:
>0:82.7,116.31;93.71,116.32;
#83:
>0:172.56,116.18;176.46,116.13;
#84:
>0:70.71,116.34;93.21,116.24;
#85:
>0:54.24,116.34;56.13,116.31;
#86:
>0:54.26,116.34;90.75,116.33;
#87:
>0:52.32,116.33;89.04,116.37;
#88:
>0:60.52,116.37;55.62,116.35;
#89:
>0:85.41,116.33;56.96,116.34;
#90:
>0:58.83,116.0;132.56,116.02;212.41,116.08;253.7,116.15;
#91:
>0:78.5,116.37;97.66,116.37;
#92:
>0:90.17,116.34;48.7,116.35;
#93:
>0:192.44,116.34;275.93,116.29;306.68,116.23;360.08,116.15;
#94:
>0:202.21,116.13;172.1,116.2;99.5,116.27;
#95:
>0:101.28,116.12;215.18,116.07;268.68,116.08;243.49,116.05;365.88,116.08;
#96:
>0:77.58,116.37;89.79,116.34;
#97:
>0:253.61,116.09;169.28,116.15;263.56,116.13;168.03,116.25;
#98:
>0:47.17,116.36;63.61,116.38;
#99:
>0:47.91,116.32;120.12,116.33;203.57,116.34;258.92,116.32;
#100:
>0:46.2,116.3;86.56,116.3;
#101:
>0:273.14,116.35;322.24,116.35;379.44,116.33;
#102:
>0:251.24,116.14;257.25,116.21;105.94,116.23;
#103:
>0:40.49,116.34;48.08,116.34;
#104:
>0:324.39,116.08;283.91,116.14;323.6,116.18;329.75,116.29;295.72,116.33;
#105:
>0:61.08,116.33;96.68,116.34;
#106:
>0:74.95,116.35;57.07,116.35;
#107:
>0:47.8,116.21;147.33,116.29;48.88,116.35;
#108:
>0:213.52,116.07;240.12,116.17;321.42,116.23;290.14,116.25;307.15,116.32;
#109:
>0:58.18,116.3;104.72,116.29;87.27,116.25;216.7,116.16;
#110:
>0:56.16,116.38;70.19,116.29;
#111:
>0:138.96,116.15;179.74,116.08;218.3,116.15;251.96,116.14;387.01,116.28;
#112:
>0:393.02,116.22;324.15,116.13;311.42,116.11;270.59,116.1;132.07,116.17;
#113:
>0:149.01,116.01;183.79,116.07;173.56,116.14;262.93,116.13;241.26,116.18;101.5,116.35;
#114:
>0:219.76,116.08;190.94,116.14;242.17,116.21;229.01,116.27;
#115:
>0:84.03,116.31;56.5,116.33;
#116:
>0:392.42,116.0;307.74,116.02;263.99,116.07;214.09,116.17;192.29,116.2;86.05,116.3;
#117:
>0:378.49,116.09;334.14,116.05;
#118:
>0:75.68,116.34;93.31,116.35;
#119:
>0:58.47,116.13;107.78,116.16;113.53,116.04;
#120:
>0:361.27,116.0;297.08,116.06;221.65,116.13;232.81,116.21;324.87,116.25;257.52,116.32;
#121:
>0:93.42,116.3;91.54,116.34;
#122:
>0:158.59,116.32;215.77,116.25;
#123:
>0:80.89,116.36;84.33,116.32;
#124:
>0:156.55,116.06;219.81,116.0;277.91,116.02;306.22,116.08;346.27,116.03;
#125:
>0:42.32,116.31;84.87,116.38;
#126:
>0:54.35,116.34;81.61,116.34;
#127:
>0:273.58,116.07;164.03,116.14;328.12,116.19;
#128:
>0:92.32,116.35;80.89,116.34;
#129:
>0:336.82,116.32;274.45,116.29;
#130:
>0:74.87,116.37;86.34,116.32;
#131:
>0:144.62,116.33;191.66,116.24;267.71,116.22;259.94,116.13;
#132:
>0:54.29,116.34;47.8,116.32;
#133:
>0:117.27,116.05;127.97,116.04;
#134:
>0:286.41,116.07;252.89,116.15;231.61,116.23;276.23,116.25;
#135:
>0:91.84,116.36;56.03,116.32;
#136:
>0:86.82,116.21;157.24,116.25;192.9,116.21;
#137:
>0:299.9,116.1;242.66,116.1;265.99,116.12;244.13,116.22;157.27,116.31;
#138:
>0:312.34,116.01;230.65,116.07;202.96,116.16;265.16,116.22;
#139:
>0:86.28,116.22;148.18,116.15;181.14,116.09;163.5,116.16;260.54,116.17;368.43,116.21;
#140:
>0:272.31,116.14;190.42,116.08;
#141:
>0:97.76,116.33;85.1,116.3;
#142:
>0:84.24,116.33;54.01,116.33;
#143:
>0:56.6,116.31;93.6,116.35;
#144:
>0:270.2,116.32;163.77,116.29;250.46,116.22;325.26,116.14;297.26,116.08;337.16,116.03;
#145:
>0:104.02,116.05;179.08,116.1;245.33,116.09;276.89,116.15;215.69,116.27;
#146:
>0:43.63,116.31;125.06,116.24;150.38,116.18;
#147:
>0:393.02,116.21;336.41,116.12;306.5,116.1;163.64,116.05;
#148:
>0:49.97,116.33;58.04,116.32;
#149:
>0:199.17,116.06;253.41,116.16;320.43,116.19;287.24,116.24;292.2,116.32;
#150:
>0:223.76,116.24;308.01,116.29;370.95,116.26;
#151:
>0:56.22,116.34;151.63,116.27;185.26,116.23;238.57,116.14;293.96,116.11;292.76,116.0;
#152:
>0:192.58,116.27;121.23,116.28;82.36,116.15;
#153:
>0:235.66,116.05;306.44,116.09;279.56,116.06;247.9,116.13;282.64,116.24;
#154:
>0:211.16,116.17;108.73,116.06;
#155:
>0:214.58,116.1;239.59,116.12;335.47,116.23;282.59,116.24;318.85,116.33;
#156:
>0:55.27,116.37;54.74,116.33;
#157:
>0:297.86,116.35;370.51,116.25;
#158:
>0:399.1,116.08;319.57,116.17;248.19,116.14;
#159:
>0:94.33,116.33;41.79,116.34;
#160:
>0:133.05,116.15;162.49,116.06;171.52,116.15;232.22,116.16;352.13,116.24;
#161:
>0:47.27,116.13;128.93,116.13;188.2,116.11;276.81,116.15;
#162:
>0:105.04,116.23;165.22,116.16;265.07,116.12;
#163:
>0:52.3,116.35;49.42,116.34;
#164:
>0:128.97,116.32;168.56,116.24;224.96,116.23;295.53,116.2;392.78,116.23;
#165:
>0:100.19,116.12;216.79,116.08;270.06,116.05;240.14,116.03;347.55,116.01;
#166:
>0:82.26,116.35;54.68,116.32;
#167:
>0:261.02,116.16;299.45,116.09;
#168:
>0:316.48,116.34;381.44,116.24;312.39,116.22;341.74,116.2;391.92,116.14;368.47,116.04;
#169:
>0:249.98,116.25;179.05,116.18;
#170:
>0:87.25,116.36;68.78,116.3;
#171:
>0:74.65,116.33;86.81,116.32;
#172:
>0:238.56,116.21;339.96,116.12;331.71,116.09;378.17,116.04;
#173:
>0:73.66,116.33;83.37,116.32;
#174:
>0:73.03,116.3;71.96,116.32;
#175:
>0:66.41,116.34;59.32,116.35;
#176:
>0:51.67,116.34;78.41,116.36;
#177:
>0:132.86,116.33;212.29,116.27;
#178:
>0:72.0,116.32;57.75,116.33;
#179:
>0:72.22,116.34;46.33,116.33;
#180:
>0:51.46,116.11;105.78,116.12;116.6,116.02;
#181:
>0:109.13,116.09;106.95,116.07;
#182:
>0:241.4,116.12;238.01,116.2;156.17,116.18;
#183:
>0:101.08,116.23;210.5,116.16;183.19,116.21;290.85,116.28;
#184:
>0:240.49,116.02;183.69,116.08;173.33,116.13;226.67,116.22;251.34,116.29;
#185:
>0:300.2,116.06;234.23,116.06;211.8,116.06;
#186:
>0:145.2,116.13;188.13,116.07;272.61,116.08;256.54,116.04;372.34,116.08;
#187:
>0:79.14,116.37;95.51,116.35;
#188:
>0:272.33,116.14;304.4,116.21;399.54,116.14;
#189:
>0:75.33,116.35;97.38,116.35;
#190:
>0:62.34,116.32;93.72,116.37;
#191:
>0:237.93,116.05;174.24,116.14;139.3,116.13;
#192:
>0:245.82,116.16;209.99,116.1;
#193:
>0:89.06,116.05;121.26,116.0;209.28,116.07;208.56,116.14;296.58,116.29;
#194:
>0:92.57,116.36;66.46,116.37;
#195:
>0:53.77,116.36;155.28,116.25;173.59,116.19;251.88,116.14;280.13,116.07;293.89,116.05;
#196:
>0:83.4,116.33;98.93,116.3;
#197:
>0:230.0,116.03;297.59,116.08;232.87,116.06;243.36,116.14;307.15,116.24;
#198:
>0:47.34,116.08;114.62,116.17;189.84,116.18;181.17,116.25;
#199:
>0:70.15,116.36;90.5,116.35;
#200:
>0:81.81,116.3;83.23,116.33;
#201:
>0:156.18,116.27;102.31,116.2;163.98,116.19;262.01,116.15;387.66,116.27;
#202:
>0:273.72,116.07;209.9,116.17;325.01,116.21;
#203:
>0:253.64,116.06;219.03,116.17;266.23,116.23;278.59,116.24;
#204:
>0:133.23,116.23;181.93,116.24;222.96,116.22;311.7,116.17;279.62,116.0;
#205:
>0:105.05,116.06;161.2,116.08;168.35,116.16;174.79,116.17;51.42,116.32;
#206:
>0:98.76,116.33;47.86,116.33;
#207:
>0:90.67,116.25;101.26,116.2;207.38,116.14;233.03,116.13;
#208:
>0:43.71,116.32;62.19,116.31;
#209:
>0:56.21,116.35;77.37,116.31;
#210:
>0:188.77,116.1;169.95,116.14;
#211:
>0:77.39,116.3;57.81,116.34;
#212:
>0:66.25,116.35;99.39,116.34;
#213:
>0:90.18,116.33;74.81,116.37;
#214:
>0:373.71,116.26;339.86,116.25;244.65,116.26;198.49,116.26;100.67,116.35;
#215:
>0:261.96,116.07;261.21,116.0;361.07,116.1;
#216:
>0:83.5,116.31;89.84,116.34;
#217:
>0:95.19,116.37;89.11,116.35;
#218:
>0:212.52,116.29;149.16,116.29;210.8,116.16;
#219:
>0:88.7,116.35;94.01,116.34;
#220:
>0:61.71,116.34;44.18,116.35;
#221:
>0:99.66,116.31;79.9,116.34;
#222:
>0:227.65,116.04;314.27,116.08;260.48,116.1;167.34,116.14;331.24,116.24;
#223:
>0:191.51,116.1;167.96,116.13;
#224:
>0:140.93,116.25;129.36,116.19;185.98,116.15;279.47,116.16;350.64,116.24;
#225:
>0:198.46,116.34;128.93,116.26;57.93,116.2;
#226:
>0:185.46,116.02;225.19,116.07;283.66,116.16;387.49,116.18;390.44,116.28;376.96,116.35;
#227:
>0:190.32,116.35;182.93,116.28;85.87,116.25;
#228:
>0:352.75,116.21;367.15,116.26;333.58,116.25;241.5,116.25;190.7,116.18;53.57,116.17;
#229:
>0:249.31,116.31;163.04,116.29;278.68,116.19;303.94,116.17;397.87,116.1;
#230:
>0:47.88,116.34;77.41,116.36;
#231:
>0:60.26,116.3;87.29,116.37;
#232:
>0:182.6,116.35;269.08,116.27;205.18,116.26;244.97,116.19;334.35,116.15;358.42,116.05;
#233:
>0:370.88,116.07;329.32,116.04;
#234:
>0:69.43,116.32;87.66,116.33;
#235:
>0:325.4,116.03;327.98,116.08;236.71,116.06;157.72,116.09;
#236:
>0:55.9,116.37;58.03,116.34;
#237:
>0:70.66,116.0;134.42,116.11;218.68,116.01;
#238:
>0:83.6,116.24;45.86,116.34;
#239:
>0:332.22,116.0;228.1,116.06;170.06,116.14;133.49,116.18;
#240:
>0:96.13,116.34;93.62,116.33;
#241:
>0:72.37,116.32;45.91,116.34;
#242:
>0:322.28,116.26;267.83,116.2;
#243:
>0:366.75,116.26;304.29,116.28;
#244:
>0:93.59,116.34;90.5,116.38;
#245:
>0:48.26,116.31;56.03,116.33;
#246:
>0:86.34,116.33;83.98,116.32;
#247:
>0:52.98,116.01;124.66,116.01;195.47,116.07;174.14,116.12;320.82,116.24;
#248:
>0:79.0,116.33;51.84,116.31;
#249:
>0:147.96,116.26;151.31,116.18;166.84,116.12;258.67,116.14;341.93,116.25;
#250:
>0:342.65,116.33;333.31,116.26;259.84,116.33;
#251:
>0:317.27,116.33;287.59,116.25;310.82,116.23;303.59,116.17;328.03,116.06;322.49,116.04;
#252:
>0:72.14,116.33;53.25,116.35;
#253:
>0:126.76,116.21;137.7,116.26;
#254:
>0:54.56,116.03;143.82,115.99;214.09,116.09;231.56,116.06;241.21,116.14;378.96,116.24;
#255:
>0:167.49,116.17;262.71,116.19;305.35,116.29;319.1,116.3;
#256:
>0:172.24,116.07;214.93,116.16;255.33,116.12;287.88,116.28;
#257:
>0:367.22,116.32;370.49,116.26;302.96,116.2;384.66,116.23;397.52,116.17;370.09,115.99;
#258:
>0:81.89,116.33;46.13,116.33;
#259:
>0:62.36,116.34;53.99,116.32;
#260:
>0:150.14,116.14;180.77,116.11;250.34,116.07;255.0,116.02;347.1,116.08;
#261:
>0:44.42,116.35;40.29,116.32;
#262:
>0:65.65,116.37;46.09,116.36;
#263:
>0:72.07,116.31;43.06,116.29;
#264:
>0:248.01,116.24;179.68,116.23;
#265:
>0:190.08,116.15;277.13,116.19;292.28,116.25;229.69,116.32;
#266:
>0:97.49,116.36;62.61,116.34;
#267:
>0:57.09,116.34;87.83,116.33;
#268:
>0:43.62,116.37;94.54,116.37;
#269:
>0:173.77,116.11;276.98,116.15;307.11,116.19;306.95,116.26;335.49,116.3;
#270:
>0:60.04,116.3;88.78,116.32;
#271:
>0:50.35,116.38;89.34,116.32;
#272:
>0:73.44,116.31;40.41,116.31;
#273:
>0:291.76,116.25;251.84,116.22;198.4,116.14;143.41,116.17;83.18,116.08;
#274:
>0:348.77,116.05;282.25,116.0;244.94,116.11;214.04,116.12;194.42,116.18;93.13,116.32;
#275:
>0:60.4,116.34;63.97,116.3;
#276:
>0:89.93,116.33;95.19,116.34;
#277:
>0:77.28,116.35;95.62,116.32;
#278:
>0:78.76,116.38;46.03,116.35;
#279:
>0:92.13,116.33;95.73,116.35;
#280:
>0:295.87,116.07;238.01,116.08;221.01,116.12;378.66,116.27;
#281:
>0:81.67,116.34;91.99,116.37;
#282:
>0:47.41,116.33;76.59,116.3;
#283:
>0:169.87,116.13;132.82,116.07;
#284:
>0:227.81,116.23;192.25,116.14;112.83,116.07;
#285:
>0:47.7,116.34;101.26,116.26;178.31,116.25;
#286:
>0:47.01,116.38;44.84,116.33;
#287:
>0:303.94,116.03;330.35,116.09;204.87,116.13;
#288:
>0:69.46,116.33;96.59,116.38;
#289:
>0:304.78,116.34;261.93,116.24;
#290:
>0:96.05,116.04;141.6,116.01;177.29,116.06;278.03,116.12;
#291:
>0:107.04,116.09;171.51,116.15;224.73,116.22;285.84,116.26;352.8,116.33;
#292:
>0:49.23,116.31;58.83,116.35;
#293:
>0:52.63,116.34;130.81,116.25;202.2,116.24;
#294:
>0:50.26,116.3;71.39,116.31;
#295:
>0:98.2,116.04;152.17,116.1;188.49,116.01;
#296:
>0:91.89,116.3;47.27,116.3;
#297:
>0:141.41,116.16;95.61,116.18;83.26,116.27;
#298:
>0:62.89,116.32;85.46,116.35;
#299:
>0:169.45,116.1;265.45,116.12;329.12,116.2;328.27,116.25;338.86,116.32;
#300:
>0:142.27,116.01;185.88,116.08;164.54,116.17;249.27,116.17;192.58,116.27;
#301:
>0:87.79,116.31;58.52,116.31;
