#0:
>0:381.32,116.17;308.37,116.19;294.75,116.24;312.57,116.33;
#1:
>0:68.24,116.35;84.17,116.36;
#2:
>0:46.77,116.32;82.22,116.33;
#3:
>0:210.68,116.29;246.26,116.27;202.93,116.18;241.38,116.13;317.91,116.01;
#4:
>0:228.93,116.26;206.67,116.2;
#5:
>0:40.78,116.37;62.16,116.3;
#6:
>0:268.19,116.27;265.73,116.21;226.56,116.15;112.12,116.07;
#7:
>0:282.76,116.04;373.52,116.1;393.54,116.17;
#8:
>0:330.61,116.0;351.29,116.06;282.33,116.13;293.78,116.23;276.33,116.27;372.89,116.32;
#9:
>0:59.11,116.34;54.41,116.33;
#10:
>0:381.75,116.02;321.09,116.09;294.89,116.16;293.12,116.17;304.99,116.28;
#11:
>0:65.93,116.32;61.91,116.32;
#12:
>0:74.95,116.33;66.36,116.35;
#13:
>0:241.33,116.32;161.76,116.26;279.46,116.26;189.66,116.21;256.87,116.15;167.18,116.03;
#14:
>0:71.62,116.33;64.36,116.32;
#15:
>0:148.83,116.08;186.9,116.11;270.81,116.1;
#16:
>0:78.75,116.0;107.7,116.06;186.97,116.13;224.11,116.17;
#17:
>0:97.12,116.33;58.56,116.32;
#18:
>0:384.97,116.34;294.79,116.33;264.76,116.28;235.0,116.17;
#19:
>0:86.14,116.34;58.52,116.34;
#20:
>0:256.47,116.12;233.56,116.19;
#21:
>0:211.42,116.25;124.99,116.24;
#22:
>0:345.96,116.35;370.66,116.34;
#23:
>0:363.15,116.06;326.95,116.08;232.67,116.08;
#24:
>0:348.21,116.19;286.42,116.24;251.92,116.32;
#25:
>0:157.47,116.29;219.29,116.27;255.55,116.24;292.87,116.28;
#26:
>0:374.9,116.19;360.39,116.16;321.22,116.2;192.83,116.2;
#27:
>0:317.19,116.29;232.86,116.3;160.78,116.26;154.2,116.33;
#28:
>0:327.68,116.35;236.84,116.24;178.67,116.2;101.43,116.12;52.35,116.1;
#29:
>0:63.41,116.35;70.39,116.36;
#30:
>0:308.74,116.08;291.71,116.13;
#31:
>0:317.66,116.29;308.92,116.23;
#32:
>0:63.28,116.36;81.32,116.36;
#33:
>0:81.46,116.32;40.59,116.32;
#34:
>0:219.82,116.02;258.17,116.06;291.29,116.09;352.51,116.09;
#35:
>0:259.96,116.04;171.98,116.08;114.95,116.1;
#36:
>0:57.98,116.31;52.59,116.31;
#37:
>0:207.52,116.13;260.54,116.18;282.81,116.22;381.56,116.21;
#38:
>0:60.73,116.32;86.99,116.34;
#39:
>0:91.68,116.34;67.99,116.32;
#40:
>0:87.33,116.33;89.31,116.35;
#41:
>0:315.49,116.07;247.41,116.14;323.43,116.22;231.79,116.27;383.07,116.31;
#42:
>0:48.37,116.33;80.23,116.3;
#43:
>0:180.17,116.17;122.05,116.21;
#44:
>0:48.68,116.32;86.62,116.33;
#45:
>0:87.15,116.31;99.65,116.35;
#46:
>0:231.68,116.34;179.69,116.26;129.6,116.26;131.21,116.16;
#47:
>0:46.56,116.3;69.97,116.34;
#48:
>0:75.12,116.33;61.98,116.33;
#49:
>0:85.55,116.3;53.96,116.33;
#50:
>0:95.38,116.32;51.79,116.37;
#51:
>0:349.38,116.11;325.88,116.07;283.39,116.0;189.41,116.08;
#52:
>0:326.76,116.31;253.19,116.28;195.43,116.2;263.32,116.16;213.16,116.08;174.73,116.02;
#53:
>0:233.89,116.03;185.66,116.06;100.19,116.06;43.38,116.07;
#54:
>0:244.06,116.29;247.31,116.18;194.84,116.22;260.38,116.08;
#55:
>0:76.13,116.33;149.81,116.34;190.43,116.35;263.31,116.31;
#56:
>0:155.78,116.05;212.67,116.07;273.89,116.15;330.92,116.13;398.12,116.25;
#57:
>0:217.22,116.02;248.25,116.07;294.47,116.06;318.07,116.22;
#58:
>0:225.04,116.08;303.03,116.0;
#59:
>0:110.0,116.07;188.18,116.15;164.32,116.23;
#60:
>0:70.13,116.32;80.61,116.34;
#61:
>0:371.08,116.3;334.17,116.32;240.49,116.27;239.84,116.2;136.05,116.15;
#62:
>0:390.52,116.22;373.61,116.14;282.92,116.23;213.86,116.22;
#63:
>0:299.69,116.04;257.73,116.08;181.46,116.11;216.74,116.21;171.9,116.24;
#64:
>0:397.13,116.27;301.04,116.22;251.93,116.12;186.93,116.06;106.9,116.06;85.01,116.22;
#65:
>0:55.27,116.33;55.11,116.3;
#66:
>0:244.3,116.34;314.19,116.26;383.26,116.23;375.7,116.13;309.33,116.07;363.86,116.02;
#67:
>0:95.67,116.34;71.52,116.36;
#68:
>0:48.28,116.02;109.08,116.09;164.62,116.15;223.83,116.14;
#69:
>0:90.12,116.36;52.14,116.34;
#70:
>0:155.07,116.02;150.04,116.02;
#71:
>0:146.58,116.15;182.4,116.16;140.28,116.26;
#72:
>0:123.4,116.05;181.22,116.1;219.86,116.12;149.83,116.13;133.72,116.27;
#73:
>0:98.47,116.33;57.31,116.35;
#74:
>0:399.29,116.31;395.08,116.34;
#75:
>0:305.34,116.11;231.39,116.16;181.35,116.19;101.82,116.24;
#76:
>0:230.65,116.08;205.76,116.1;143.42,116.21;
#77:
>0:75.04,116.33;66.37,116.38;
#78:
>0:400.16,116.27;336.33,116.19;268.64,116.12;230.37,116.07;
#79:
>0:127.52,116.26;187.07,116.27;
#80:
>0:239.78,116.32;333.55,116.26;383.72,116.17;315.62,116.22;389.72,116.12;311.26,116.01;
#81:
>0:103.34,116.06;181.99,116.0;
#82:
>0:85.42,116.35;57.65,116.37;
#83:
>0:317.4,116.15;381.88,116.11;
#84:
>0:350.77,116.1;362.57,116.14;
#85:
>0:174.99,116.25;263.32,116.29;208.04,116.18;275.09,116.15;324.92,116.02;
#86:
>0:251.77,116.32;202.1,116.27;
#87:
>0:163.14,116.35;232.53,116.27;201.3,116.21;300.82,116.17;
#88:
>0:209.15,116.12;145.86,116.19;
#89:
>0:155.12,116.19;114.19,116.25;40.22,116.34;
#90:
>0:40.17,116.33;55.24,116.33;
#91:
>0:367.42,116.22;376.64,116.16;329.7,116.19;275.89,116.26;172.27,116.26;62.37,116.29;
#92:
>0:58.8,116.19;135.45,116.27;117.62,116.3;198.79,116.26;304.69,116.34;
#93:
>0:98.45,116.36;66.23,116.34;
#94:
>0:69.94,116.32;93.56,116.33;
#95:
>0:58.82,116.35;68.74,116.34;
#96:
>0:308.66,116.18;306.0,116.28;
#97:
>0:83.99,116.19;110.63,116.27;153.27,116.32;178.02,116.29;302.63,116.3;
#98:
>0:305.88,116.14;316.5,116.18;275.47,116.26;398.9,116.34;
#99:
>0:165.51,116.29;152.83,116.26;143.27,116.2;232.76,116.11;
#100:
>0:80.58,116.37;48.18,116.33;
#101:
>0:203.93,116.07;138.13,116.17;159.8,116.21;87.54,116.24;
#102:
>0:92.37,116.09;74.13,116.12;94.27,116.23;
#103:
>0:60.13,116.3;77.79,116.31;
#104:
>0:128.65,116.35;171.1,116.27;227.16,116.21;246.66,116.13;316.39,116.07;356.22,116.03;
#105:
>0:90.99,116.35;51.71,116.34;
#106:
>0:87.23,116.3;78.53,116.34;
#107:
>0:308.78,116.15;255.9,116.1;200.06,116.05;
#108:
>0:128.21,116.03;175.27,116.02;253.01,116.03;292.51,116.02;
#109:
>0:47.24,116.02;151.36,116.02;173.22,116.06;216.97,116.22;
#110:
>0:70.87,116.34;85.49,116.31;
#111:
>0:172.08,116.01;272.21,116.05;314.6,116.0;387.97,116.0;
#112:
>0:50.41,116.32;40.0,116.27;138.94,116.25;143.95,116.18;276.47,116.1;
#113:
>0:96.19,116.36;88.26,116.3;
#114:
>0:53.71,116.35;48.65,116.34;
#115:
>0:361.39,116.05;281.97,116.1;300.55,116.12;290.77,116.2;298.25,116.23;
#116:
>0:116.49,116.12;196.43,116.19;279.48,116.17;333.79,116.21;
#117:
>0:114.14,116.1;218.96,116.13;277.04,116.21;308.21,116.27;
#118:
>0:397.48,115.99;330.46,116.07;268.76,116.16;273.63,116.22;277.68,116.28;226.99,116.33;
#119:
>0:64.06,116.27;118.49,116.22;152.08,116.17;208.13,116.19;272.31,116.11;358.04,116.16;
#120:
>0:124.84,116.05;177.69,116.06;267.01,116.12;328.08,116.14;351.48,116.29;
#121:
>0:203.45,116.02;256.2,116.09;295.7,116.1;385.14,116.08;
#122:
>0:43.02,116.37;42.7,116.32;
#123:
>0:80.34,116.2;133.95,116.28;71.19,116.33;
#124:
>0:261.58,116.04;182.71,116.06;200.25,116.15;177.88,116.22;169.43,116.24;
#125:
>0:91.77,116.35;84.52,116.31;
#126:
>0:79.88,116.35;85.21,116.29;129.31,116.24;149.5,116.22;261.3,116.09;
#127:
>0:78.45,116.33;74.93,116.35;
#128:
>0:121.81,116.33;107.43,116.27;143.15,116.19;50.46,116.14;
#129:
>0:256.62,116.03;228.73,116.04;
#130:
>0:83.66,116.03;159.24,116.06;211.61,116.17;256.75,116.21;333.62,116.28;
#131:
>0:74.86,116.3;56.29,116.35;
#132:
>0:94.12,116.34;82.45,116.35;
#133:
>0:213.85,116.0;101.58,116.09;57.67,116.13;
#134:
>0:236.62,116.21;271.71,116.16;
#135:
>0:56.96,116.35;66.03,116.32;
#136:
>0:314.36,116.02;258.48,116.11;182.1,116.06;
#137:
>0:267.53,116.21;204.56,116.16;136.36,116.05;46.81,116.07;
#138:
>0:326.44,116.27;231.24,116.3;210.8,116.25;112.16,116.33;
#139:
>0:218.6,116.27;257.89,116.28;314.0,116.26;
#140:
>0:99.56,116.37;96.14,116.32;
#141:
>0:62.5,116.21;130.98,116.28;
#142:
>0:120.48,116.24;204.0,116.3;274.2,116.33;
#143:
>0:69.36,116.31;99.42,116.35;
#144:
>0:79.14,116.33;50.53,116.33;
#145:
>0:225.12,116.07;180.21,116.11;111.54,116.21;
#146:
>0:118.12,116.25;168.75,116.27;264.01,116.27;325.1,116.27;
#147:
>0:220.05,116.14;126.3,116.18;
#148:
>0:266.22,116.09;204.79,116.06;131.7,116.18;
#149:
>0:368.23,116.19;301.15,116.25;
#150:
>0:273.43,116.32;186.27,116.25;
#151:
>0:57.67,116.02;115.97,116.06;
#152:
>0:362.36,116.06;318.27,116.01;265.1,116.06;184.11,116.09;159.84,116.22;
#153:
>0:137.42,116.04;210.91,116.05;101.02,116.09;83.46,116.17;121.31,116.25;
#154:
>0:127.36,116.14;188.56,116.16;189.6,116.18;280.79,116.1;
#155:
>0:275.37,116.02;184.48,116.08;163.04,116.16;188.25,116.23;176.19,116.28;
#156:
>0:140.98,116.1;184.98,116.12;229.05,116.23;295.77,116.24;
#157:
>0:61.22,116.28;112.72,116.25;136.23,116.21;166.27,116.14;314.67,116.11;
#158:
>0:67.04,116.24;101.47,116.28;109.48,116.22;210.72,116.12;165.1,116.0;
#159:
>0:40.62,116.33;60.67,116.32;
#160:
>0:152.82,116.21;202.78,116.13;179.58,116.06;274.32,116.0;358.33,116.03;
#161:
>0:56.61,116.37;86.06,116.35;
#162:
>0:43.37,116.32;61.73,116.34;
#163:
>0:199.0,116.02;133.65,116.09;61.39,116.16;88.22,116.22;
#164:
>0:308.27,116.16;327.5,116.18;172.86,116.21;
#165:
>0:79.4,116.33;93.96,116.35;
#166:
>0:355.74,116.2;297.79,116.21;278.66,116.24;207.09,116.24;101.94,116.24;53.82,116.35;
#167:
>0:230.16,116.35;325.26,116.33;
#168:
>0:97.41,116.35;54.5,116.37;
#169:
>0:234.6,116.27;277.13,116.23;258.27,116.12;
#170:
>0:182.03,116.35;263.46,116.25;332.32,116.17;
#171:
>0:46.63,116.32;77.09,116.31;
#172:
>0:134.89,116.01;209.72,116.01;151.11,116.11;74.51,116.14;148.08,116.26;
#173:
>0:41.86,116.32;57.91,116.36;
#174:
>0:272.86,116.21;212.8,116.14;265.28,116.08;170.35,116.05;
#175:
>0:42.42,116.35;97.91,116.35;
#176:
>0:49.6,116.35;55.63,116.38;
#177:
>0:164.7,116.12;226.57,116.09;
#178:
>0:109.7,116.01;179.75,116.05;127.38,116.09;43.54,116.15;115.02,116.27;
#179:
>0:56.75,116.32;78.75,116.34;
#180:
>0:81.16,116.32;150.7,116.35;179.77,116.24;243.07,116.26;252.17,116.22;377.16,116.16;
#181:
>0:182.01,116.07;214.87,116.12;146.55,116.23;135.89,116.29;50.29,116.3;
#182:
>0:363.24,116.15;298.56,116.1;225.42,116.16;179.77,116.08;164.56,116.01;75.09,116.15;
#183:
>0:311.85,116.12;244.97,116.1;189.52,116.03;
#184:
>0:314.75,116.12;226.93,116.09;160.87,116.0;
#185:
>0:391.44,116.3;384.67,116.25;
#186:
>0:173.66,116.24;226.88,116.29;262.45,116.22;244.99,116.1;
#187:
>0:48.2,116.34;40.41,116.33;
#188:
>0:105.45,116.09;210.03,116.15;198.27,116.21;239.25,116.15;390.91,116.12;
#189:
>0:98.15,116.34;54.36,116.36;
#190:
>0:376.93,116.1;306.9,116.16;301.46,116.23;
#191:
>0:222.02,116.25;201.82,116.19;229.42,116.14;133.11,116.07;
#192:
>0:77.65,116.34;86.62,116.35;
#193:
>0:50.86,116.02;152.54,116.08;175.14,116.15;274.44,116.17;
#194:
>0:173.17,116.11;168.53,116.03;51.5,116.01;
#195:
>0:201.27,116.23;274.41,116.16;230.08,116.18;398.99,116.27;
#196:
>0:51.47,116.38;63.91,116.33;
#197:
>0:77.43,116.34;82.27,116.32;
#198:
>0:188.82,116.05;134.23,116.14;
#199:
>0:103.96,116.0;209.44,116.08;256.95,116.12;273.43,116.18;375.64,116.25;
#200:
>0:55.13,116.34;60.1,116.34;
#201:
>0:339.76,116.18;253.57,116.23;163.56,116.16;
#202:
>0:221.92,116.02;235.17,116.02;
#203:
>0:64.83,116.33;93.6,116.35;
#204:
>0:211.1,116.29;267.76,116.28;250.03,116.2;329.74,116.1;
#205:
>0:252.14,116.25;198.57,116.21;128.28,116.18;
#206:
>0:123.63,116.27;132.01,116.19;119.66,116.12;
#207:
>0:81.16,116.15;41.72,116.19;138.07,116.26;
#208:
>0:64.06,116.3;72.84,116.34;
#209:
>0:139.95,116.31;118.66,116.29;114.0,116.21;99.95,116.15;
#210:
>0:357.2,116.1;385.64,116.14;
#211:
>0:83.04,116.14;150.12,116.23;122.8,116.14;206.66,116.22;325.3,116.2;
#212:
>0:352.71,116.25;299.67,116.27;326.71,116.32;236.12,116.27;122.44,116.26;
#213:
>0:235.4,116.16;221.59,116.08;265.49,116.0;
#214:
>0:169.84,116.11;139.42,116.18;143.74,116.24;95.97,116.32;
#215:
>0:135.41,116.0;164.39,116.0;124.36,116.11;172.62,116.16;150.6,116.29;
#216:
>0:61.62,116.36;64.19,116.35;
#217:
>0:57.94,116.02;71.57,116.09;204.39,116.01;
#218:
>0:242.91,116.09;203.98,116.1;167.66,116.18;
#219:
>0:339.13,116.03;230.64,116.06;205.55,116.06;188.23,116.03;51.24,116.03;
#220:
>0:171.62,116.0;110.27,116.06;86.16,116.07;
#221:
>0:118.06,116.12;142.04,116.1;
#222:
>0:98.14,116.33;97.43,116.37;
#223:
>0:71.01,116.36;95.03,116.34;
#224:
>0:80.63,116.35;77.99,116.31;
#225:
>0:306.09,116.11;255.29,116.14;300.51,116.22;399.25,116.29;367.15,116.34;
#226:
>0:340.84,116.22;389.74,116.16;290.72,116.07;391.82,116.03;
#227:
>0:341.64,116.16;305.9,116.09;301.71,116.02;
#228:
>0:72.93,116.32;51.27,116.35;
#229:
>0:274.9,116.09;182.11,116.11;182.67,116.04;89.56,116.15;
#230:
>0:118.18,116.09;166.78,116.0;
#231:
>0:364.22,116.24;326.27,116.23;246.13,116.14;234.48,116.07;
#232:
>0:66.59,116.3;67.99,116.35;
#233:
>0:98.12,116.35;48.08,116.35;
#234:
>0:112.32,116.26;111.21,116.35;
#235:
>0:306.9,116.17;276.29,116.09;268.26,116.01;
#236:
>0:226.57,116.16;277.36,116.19;
#237:
>0:121.96,116.3;143.01,116.26;
#238:
>0:50.08,116.38;46.78,116.32;
#239:
>0:398.14,116.09;305.19,116.11;281.63,116.18;358.37,116.27;346.95,116.32;
#240:
>0:203.01,116.02;126.03,116.04;75.42,116.05;
#241:
>0:331.1,116.02;226.28,116.1;201.97,116.15;200.4,116.23;208.45,116.25;
#242:
>0:64.36,116.31;74.5,116.33;
#243:
>0:57.95,116.34;88.18,116.33;
#244:
>0:361.65,116.12;298.26,116.15;253.53,116.13;
#245:
>0:81.69,116.3;77.46,116.34;
#246:
>0:291.83,116.01;233.86,116.1;181.11,116.08;110.18,116.16;149.58,116.28;
#247:
>0:298.8,116.23;384.33,116.26;381.9,116.34;
#248:
>0:77.59,116.31;55.58,116.35;
#249:
>0:157.09,116.02;214.62,116.03;248.08,116.03;
#250:
>0:111.41,116.0;163.26,116.04;264.75,116.05;
#251:
>0:392.82,116.17;394.67,116.15;
#252:
>0:202.86,116.27;130.66,116.26;108.42,116.22;268.62,116.08;
#253:
>0:90.64,116.31;89.99,116.31;
#254:
>0:320.42,116.27;312.57,116.2;
#255:
>0:182.46,116.34;176.9,116.33;
#256:
>0:206.23,116.05;279.81,116.06;337.03,116.15;342.62,116.17;
#257:
>0:285.78,116.05;348.46,116.06;
#258:
>0:67.78,116.36;61.02,116.36;
#259:
>0:364.72,116.08;284.29,116.16;300.79,116.22;191.26,116.26;
#260:
>0:52.26,116.37;51.1,116.32;
#261:
>0:64.46,116.37;59.66,116.34;
#262:
>0:60.41,116.35;59.63,116.32;
#263:
>0:68.68,116.36;71.61,116.35;
#264:
>0:49.72,116.32;67.41,116.35;
#265:
>0:302.75,116.02;262.67,116.06;162.02,116.07;120.47,116.15;158.28,116.23;
#266:
>0:291.28,116.24;259.88,116.34;183.58,116.28;111.38,116.27;93.57,116.36;
#267:
>0:78.31,116.33;83.87,116.32;
#268:
>0:73.21,116.34;66.95,116.37;
#269:
>0:256.38,116.24;304.21,116.27;
#270:
>0:327.9,116.23;392.31,116.17;335.89,116.11;379.19,116.0;
#271:
>0:223.96,116.16;221.05,116.19;
#272:
>0:153.42,116.34;69.48,116.28;51.78,116.23;92.4,116.13;83.21,116.11;90.18,116.0;
#273:
>0:70.35,116.37;77.32,116.32;
#274:
>0:87.04,116.17;128.02,116.07;190.29,116.02;
#275:
>0:141.83,116.12;78.59,116.12;159.53,116.24;
#276:
>0:218.97,116.01;231.3,116.08;333.19,116.08;240.05,116.13;296.45,116.22;283.38,116.33;
#277:
>0:68.59,116.24;114.19,116.21;
#278:
>0:93.56,116.34;49.64,116.32;
#279:
>0:392.55,116.23;299.24,116.19;246.64,116.25;269.39,116.2;156.94,116.19;
#280:
>0:41.12,116.31;65.75,116.33;
#281:
>0:399.34,116.27;337.12,116.23;277.48,116.14;212.72,116.07;180.14,116.0;99.56,116.04;
#282:
>0:326.32,116.28;235.72,116.31;176.24,116.25;141.39,116.35;
#283:
>0:263.71,116.22;175.64,116.17;122.53,116.15;
#284:
>0:326.48,116.17;311.7,116.18;269.14,116.28;362.38,116.34;
#285:
>0:280.96,116.22;263.16,116.13;237.81,116.07;
#286:
>0:276.53,116.25;241.98,116.19;
#287:
>0:217.28,116.24;279.73,116.25;314.76,116.29;
#288:
>0:256.65,116.1;193.99,116.08;112.0,116.21;
#289:
>0:53.94,116.33;42.75,116.35;
#290:
>0:177.19,116.24;261.18,116.24;187.12,116.19;239.88,116.12;308.0,116.05;
#291:
>0:95.93,116.34;90.92,116.34;
#292:
>0:384.05,116.04;333.85,116.06;248.6,116.15;170.3,116.21;147.49,116.25;
#293:
>0:61.79,116.32;41.87,116.32;
#294:
>0:233.33,116.09;326.42,116.1;237.43,116.12;260.48,116.25;
#295:
>0:340.33,116.23;286.97,116.29;362.92,116.34;
#296:
>0:91.94,116.3;56.81,116.35;
#297:
>0:182.11,115.99;126.94,116.09;195.41,116.13;117.58,116.23;
#298:
>0:220.57,116.31;217.74,116.27;
#299:
>0:64.05,116.06;78.31,116.05;
#300:
>0:235.1,116.29;176.76,116.19;158.51,116.22;
#301:
>0:396.44,116.14;308.53,116.1;280.28,116.04;173.85,116.06;
