#0:
>0:59.19,116.28;55.04,116.37;192.3,116.27;
#1:
>0:394.66,116.14;305.06,116.22;270.49,116.29;190.63,116.29;
#2:
>0:221.37,116.21;172.03,116.2;116.09,116.24;
#3:
>0:126.84,116.2;163.02,116.21;259.91,116.22;
#4:
>0:192.14,116.13;237.87,116.2;303.38,116.29;
#5:
>0:152.35,116.21;135.21,116.24;
#6:
>0:298.69,116.25;317.79,116.18;276.16,116.15;
#7:
>0:142.84,116.25;183.96,116.18;
#8:
>0:222.48,116.15;190.83,116.12;150.6,116.0;
#9:
>0:85.6,116.31;47.84,116.34;
#10:
>0:134.65,116.33;176.28,116.28;260.18,116.2;201.2,116.16;
#11:
>0:362.58,116.2;299.37,116.17;227.74,116.06;278.26,116.05;
#12:
>0:69.69,116.32;89.9,116.34;
#13:
>0:125.6,116.33;156.87,116.28;181.07,116.26;229.94,116.22;272.35,116.08;
#14:
>0:49.74,116.32;73.19,116.35;
#15:
>0:194.96,116.12;260.87,116.2;294.23,116.26;
#16:
>0:179.92,116.13;269.08,116.2;260.88,116.14;347.41,116.17;
#17:
>0:84.05,116.26;129.53,116.34;
#18:
>0:155.38,116.0;209.02,116.09;166.89,116.16;230.93,116.2;293.32,116.27;393.32,116.31;
#19:
>0:293.34,116.09;271.5,116.16;192.32,116.18;209.72,116.27;111.56,116.32;
#20:
>0:68.2,116.36;106.43,116.27;128.7,116.32;129.78,116.29;72.62,116.35;
#21:
>0:197.43,116.24;273.05,116.17;282.16,116.29;399.96,116.33;
#22:
>0:258.08,116.27;209.62,116.29;102.0,116.25;73.52,116.33;
#23:
>0:363.0,116.0;321.21,116.06;245.1,116.16;205.55,116.13;196.76,116.25;
#24:
>0:138.92,116.35;124.3,116.29;238.34,116.2;
#25:
>0:188.06,116.12;213.92,116.06;252.18,116.14;360.39,116.21;
#26:
>0:278.11,116.12;301.29,116.06;
#27:
>0:173.13,116.27;226.03,116.21;242.55,116.17;211.15,116.13;135.3,116.0;
#28:
>0:144.36,116.3;159.41,116.26;232.06,116.19;
#29:
>0:66.99,116.31;57.71,116.33;
#30:
>0:346.56,116.09;330.58,116.13;277.94,116.07;165.4,116.15;154.17,116.1;
#31:
>0:282.56,116.05;275.96,116.09;176.21,116.09;
#32:
>0:365.36,116.33;317.45,116.27;266.58,116.22;224.02,116.12;179.91,116.06;
#33:
>0:299.07,116.07;268.06,116.17;169.11,116.14;124.52,116.13;48.89,116.17;
#34:
>0:88.63,116.19;140.22,116.26;148.79,116.18;204.54,116.26;287.84,116.25;
#35:
>0:93.42,116.34;103.12,116.24;120.03,116.23;
#36:
>0:255.55,116.1;174.54,116.16;116.36,116.16;78.15,116.15;
#37:
>0:302.1,116.07;304.34,116.16;
#38:
>0:226.94,116.19;220.89,116.13;
#39:
>0:229.97,116.22;171.98,116.25;143.0,116.31;
#40:
>0:397.78,116.01;290.45,116.11;243.19,116.13;190.64,116.14;
#41:
>0:83.86,116.35;108.19,116.24;67.24,116.34;
#42:
>0:72.08,116.1;86.74,116.07;
#43:
>0:149.37,116.11;67.18,116.14;95.63,116.21;198.49,116.29;
#44:
>0:57.07,116.35;128.83,116.24;121.47,116.23;70.25,116.16;151.89,116.11;
#45:
>0:226.76,116.3;262.12,116.29;226.83,116.2;
#46:
>0:113.29,116.12;186.89,116.11;
#47:
>0:184.05,116.04;116.36,116.04;195.18,116.06;216.05,116.12;256.48,116.22;321.49,116.35;
#48:
>0:54.88,116.34;124.54,116.29;132.22,116.18;48.32,116.16;153.34,116.06;
#49:
>0:196.15,116.01;122.39,116.1;120.89,116.17;69.23,116.12;119.05,116.29;
#50:
>0:344.89,116.35;313.0,116.28;248.33,116.23;220.97,116.13;215.13,116.14;156.12,116.02;
#51:
>0:172.84,116.27;255.92,116.22;332.43,116.15;222.2,116.11;110.92,116.03;
#52:
>0:269.81,116.12;336.81,116.22;
#53:
>0:93.66,116.37;55.89,116.31;
#54:
>0:134.1,116.27;59.26,116.23;
#55:
>0:148.87,116.32;184.37,116.27;248.69,116.18;316.29,116.2;
#56:
>0:70.56,116.33;88.02,116.36;
#57:
>0:297.47,116.28;247.33,116.3;
#58:
>0:277.16,116.0;217.8,116.04;134.63,116.09;79.93,116.02;
#59:
>0:58.99,116.31;65.79,116.34;
#60:
>0:289.22,116.21;351.22,116.29;
#61:
>0:362.69,116.04;323.97,116.02;257.68,116.05;176.79,116.01;116.98,116.07;89.15,116.02;
#62:
>0:158.29,116.02;200.84,116.08;152.07,116.08;42.25,116.13;99.06,116.22;137.91,116.3;
#63:
>0:296.64,116.13;240.53,116.18;167.16,116.23;144.7,116.25;
#64:
>0:209.63,116.19;212.93,116.26;227.64,116.23;389.65,116.22;
#65:
>0:380.36,116.03;324.4,116.03;257.51,116.05;
#66:
>0:224.56,116.22;305.87,116.12;
#67:
>0:272.3,116.06;203.33,116.12;152.52,116.01;
#68:
>0:91.75,116.2;123.67,116.22;
#69:
>0:217.03,116.07;268.69,116.1;
#70:
>0:178.34,116.07;179.59,116.17;249.44,116.22;285.27,116.25;345.52,116.34;
#71:
>0:185.86,116.01;217.32,116.1;
#72:
>0:368.76,116.3;285.7,116.29;316.58,116.22;291.65,116.16;389.75,116.07;283.57,115.99;
#73:
>0:233.51,116.01;192.56,116.04;
#74:
>0:383.51,116.34;297.12,116.28;250.65,116.2;232.33,116.14;182.99,116.15;44.22,116.11;
#75:
>0:58.16,116.36;83.11,116.34;
#76:
>0:368.68,116.2;328.82,116.13;246.81,116.11;209.37,116.17;151.83,116.04;
#77:
>0:163.87,116.25;270.01,116.22;278.99,116.16;199.69,116.14;136.74,116.04;
#78:
>0:328.44,116.11;231.31,116.06;218.89,116.13;147.62,116.08;
#79:
>0:51.93,116.32;57.01,116.36;
#80:
>0:160.78,116.29;132.85,116.26;100.75,116.23;
#81:
>0:244.83,116.17;218.19,116.2;164.63,116.27;149.58,116.3;
#82:
>0:360.95,116.04;315.15,116.02;255.27,116.03;
#83:
>0:333.57,116.14;242.23,116.09;165.72,116.15;218.57,116.06;78.27,116.04;
#84:
>0:313.54,116.1;229.63,116.12;214.79,116.12;131.93,116.14;41.21,116.18;
#85:
>0:293.63,116.3;389.77,116.29;
#86:
>0:68.01,116.13;106.74,116.21;167.35,116.22;228.68,116.23;
#87:
>0:348.91,116.33;326.07,116.29;317.63,116.19;233.4,116.23;346.06,116.09;
#88:
>0:215.04,116.23;162.74,116.15;
#89:
>0:63.95,116.37;87.29,116.32;
#90:
>0:113.05,116.29;148.24,116.19;121.95,116.15;142.03,116.06;155.17,116.01;
#91:
>0:49.86,116.34;118.29,116.28;125.57,116.23;40.74,116.16;152.38,116.07;
#92:
>0:364.08,116.33;308.59,116.24;262.59,116.18;185.19,116.12;217.96,116.06;98.28,116.02;
#93:
>0:79.37,116.34;42.86,116.34;
#94:
>0:243.5,116.05;210.92,116.08;
#95:
>0:279.31,116.01;321.67,116.07;376.31,116.17;
#96:
>0:163.9,116.01;105.9,116.04;146.74,116.06;94.82,116.16;149.86,116.28;
#97:
>0:98.24,116.32;66.72,116.33;
#98:
>0:373.51,116.09;296.96,116.14;381.79,116.23;
#99:
>0:84.01,116.37;155.41,116.25;199.37,116.27;267.3,116.21;324.18,116.3;
#100:
>0:149.63,116.02;171.34,116.1;129.91,116.09;92.83,116.23;
#101:
>0:167.49,116.17;111.49,116.11;
#102:
>0:63.83,116.34;75.35,116.32;
#103:
>0:42.33,116.35;86.09,116.33;106.19,116.28;80.52,116.35;
#104:
>0:153.49,116.3;208.77,116.27;250.19,116.21;334.55,116.24;352.71,116.26;
#105:
>0:238.98,116.13;322.58,116.21;271.53,116.2;301.15,116.35;
#106:
>0:85.41,116.35;120.57,116.27;108.2,116.22;199.03,116.29;243.45,116.23;389.27,116.09;
#107:
>0:77.12,116.33;79.45,116.33;104.39,116.27;57.48,116.38;
#108:
>0:204.75,116.12;248.57,116.21;322.72,116.15;380.4,116.22;
#109:
>0:203.13,116.0;223.24,116.06;337.81,116.16;385.29,116.12;
#110:
>0:245.85,116.21;219.64,116.27;143.98,116.3;
#111:
>0:40.0,116.33;154.97,116.24;157.82,116.31;142.35,116.28;40.21,116.34;
#112:
>0:272.2,116.3;193.15,116.28;253.84,116.23;234.6,116.16;216.03,116.06;
#113:
>0:49.56,116.35;97.62,116.33;
#114:
>0:287.71,116.28;258.24,116.17;221.11,116.16;187.71,116.12;84.48,116.17;
#115:
>0:379.78,116.04;293.6,116.05;258.59,116.01;199.01,116.03;153.61,116.11;67.59,116.03;
#116:
>0:45.31,116.15;107.74,116.19;196.67,116.25;268.19,116.2;296.83,116.27;380.32,116.33;
#117:
>0:255.61,116.19;219.16,116.27;159.72,116.3;
#118:
>0:310.02,116.21;276.3,116.23;212.23,116.27;100.39,116.28;69.96,116.24;
#119:
>0:247.72,116.13;318.5,116.21;378.72,116.22;
#120:
>0:258.08,116.18;177.95,116.23;
#121:
>0:56.71,116.04;129.07,116.04;211.85,116.06;162.73,116.12;189.9,116.22;267.43,116.35;
#122:
>0:89.78,116.35;43.0,116.3;
#123:
>0:204.38,116.11;204.95,116.17;154.81,116.17;73.55,116.18;218.87,116.3;
#124:
>0:73.59,116.19;154.15,116.26;137.06,116.31;
#125:
>0:210.24,116.04;147.3,116.05;185.22,116.07;192.45,116.11;253.19,116.19;301.08,116.33;
#126:
>0:114.28,116.35;118.3,116.25;189.16,116.24;249.75,116.18;276.1,116.09;
#127:
>0:49.4,116.33;116.31,116.24;93.21,116.33;
#128:
>0:298.47,116.29;326.86,116.21;282.28,116.13;377.13,116.09;330.26,116.0;
#129:
>0:157.59,116.35;159.1,116.25;260.42,116.22;
#130:
>0:79.9,116.07;133.88,116.11;219.51,116.1;256.95,116.06;
#131:
>0:83.9,116.07;157.78,116.03;
#132:
>0:114.33,116.26;159.54,116.23;137.01,116.13;126.49,116.09;103.41,116.03;
#133:
>0:80.04,116.28;137.37,116.2;180.3,116.11;273.57,116.07;
#134:
>0:97.65,116.34;94.63,116.33;
#135:
>0:87.31,116.33;148.37,116.25;90.63,116.33;
#136:
>0:201.15,116.22;170.99,116.26;132.85,116.35;
#137:
>0:249.8,116.01;182.31,116.1;137.39,116.1;77.68,116.15;209.47,116.25;
#138:
>0:248.5,116.29;185.38,116.27;162.9,116.23;73.51,116.14;
#139:
>0:140.88,116.31;131.65,116.24;165.05,116.25;247.87,116.2;346.93,116.26;
#140:
>0:306.98,116.21;269.89,116.23;363.99,116.07;
#141:
>0:92.04,116.34;86.74,116.31;
#142:
>0:237.46,116.0;224.08,116.01;
#143:
>0:275.54,116.16;165.67,116.14;124.69,116.15;63.52,116.23;
#144:
>0:86.18,116.37;74.95,116.35;140.61,116.28;53.48,116.35;
#145:
>0:156.82,116.17;212.58,116.19;
#146:
>0:42.62,116.32;88.6,116.36;
#147:
>0:307.83,116.11;257.75,116.13;170.45,116.12;106.99,116.16;68.08,116.21;
#148:
>0:396.59,116.14;330.76,116.19;312.84,116.29;240.11,116.33;
#149:
>0:42.64,116.33;65.47,116.36;
#150:
>0:115.02,116.22;162.16,116.28;264.59,116.29;
#151:
>0:92.59,116.33;64.88,116.37;
#152:
>0:54.33,116.35;86.3,116.36;136.48,116.28;77.34,116.36;
#153:
>0:58.14,116.31;69.6,116.34;
#154:
>0:46.42,116.33;52.95,116.31;152.9,116.28;41.58,116.34;
#155:
>0:325.06,116.25;289.97,116.2;298.81,116.13;315.73,116.11;
#156:
>0:290.05,116.0;260.79,116.1;181.63,116.11;115.58,116.18;
#157:
>0:227.4,116.15;183.51,116.2;215.43,116.27;113.84,116.32;
#158:
>0:99.59,116.04;151.05,116.0;173.7,116.06;184.71,116.17;169.81,116.2;251.74,116.31;
#159:
>0:384.55,116.22;337.35,116.2;
#160:
>0:50.67,116.26;70.14,116.19;137.37,116.26;163.93,116.24;233.74,116.22;360.84,116.25;
#161:
>0:58.23,116.36;40.87,116.32;
#162:
>0:110.94,116.01;166.72,116.06;192.73,116.13;276.39,116.18;289.9,116.27;345.43,116.3;
#163:
>0:68.16,116.35;50.83,116.36;
#164:
>0:244.02,116.01;211.25,116.04;
#165:
>0:50.6,116.36;43.63,116.36;
#166:
>0:319.34,116.28;282.07,116.28;
#167:
>0:365.77,116.07;338.28,116.17;396.91,116.2;
#168:
>0:352.47,116.15;325.52,116.2;312.76,116.28;266.35,116.31;
#169:
>0:79.02,116.1;81.84,116.0;182.93,116.05;
#170:
>0:301.68,116.24;262.55,116.18;234.41,116.13;181.45,116.14;75.61,116.21;
#171:
>0:76.14,116.34;106.6,116.26;61.87,116.31;
#172:
>0:100.54,116.14;187.11,116.12;264.22,116.26;
#173:
>0:73.61,116.32;83.49,116.32;
#174:
>0:210.0,116.1;226.12,116.08;
#175:
>0:58.07,116.36;114.54,116.28;90.96,116.37;
#176:
>0:312.87,116.33;240.07,116.29;220.94,116.23;172.08,116.13;
#177:
>0:120.02,116.35;188.49,116.26;247.93,116.22;211.44,116.17;
#178:
>0:250.68,116.01;202.84,116.06;176.76,116.0;60.57,116.08;
#179:
>0:60.93,116.36;71.28,116.33;
#180:
>0:62.35,116.34;96.17,116.38;
#181:
>0:338.33,116.31;239.92,116.35;179.07,116.31;141.82,116.3;68.01,116.34;
#182:
>0:58.42,116.33;94.62,116.32;
#183:
>0:326.06,116.21;271.51,116.29;210.94,116.27;139.78,116.25;89.5,116.28;
#184:
>0:102.11,116.2;162.25,116.2;
#185:
>0:265.9,116.33;202.45,116.27;153.12,116.18;44.82,116.14;58.37,116.08;
#186:
>0:90.81,116.35;59.97,116.32;
#187:
>0:87.89,116.36;139.12,116.28;211.42,116.24;230.7,116.18;332.42,116.35;
#188:
>0:204.42,116.12;119.9,116.15;88.02,116.06;
#189:
>0:168.64,116.04;242.76,116.08;
#190:
>0:97.28,116.25;158.05,116.23;159.41,116.13;
#191:
>0:153.23,116.31;109.08,116.29;195.7,116.29;247.51,116.18;250.43,116.06;
#192:
>0:259.04,116.01;181.89,116.09;
#193:
>0:41.76,116.37;82.64,116.36;
#194:
>0:94.47,116.34;150.32,116.28;108.64,116.19;79.78,116.17;156.09,116.11;
#195:
>0:43.33,116.33;75.07,116.36;
#196:
>0:41.83,116.33;82.81,116.35;
#197:
>0:304.73,116.01;257.1,116.06;164.57,116.15;148.35,116.2;
#198:
>0:40.93,116.38;123.29,116.29;167.47,116.19;
#199:
>0:396.73,116.31;335.7,116.26;319.83,116.23;321.92,116.15;349.76,116.08;325.26,116.01;
#200:
>0:155.36,116.35;48.48,116.31;
#201:
>0:163.06,116.29;104.85,116.31;
#202:
>0:114.08,116.16;122.48,116.06;180.21,116.14;225.83,116.21;343.99,116.16;
#203:
>0:235.19,116.33;165.88,116.26;259.18,116.18;263.96,116.17;178.76,116.11;
#204:
>0:167.28,116.06;160.61,116.16;295.38,116.12;
#205:
>0:259.91,116.31;198.89,116.24;
#206:
>0:219.35,116.0;155.4,116.11;57.24,116.13;70.22,116.22;74.8,116.25;
#207:
>0:125.35,116.02;87.79,116.01;143.36,116.07;45.77,116.16;84.32,116.23;105.42,116.31;
#208:
>0:207.39,116.18;197.46,116.16;
#209:
>0:58.67,116.38;122.77,116.29;50.17,116.34;
#210:
>0:398.95,116.14;329.93,116.18;321.48,116.27;231.45,116.35;
#211:
>0:126.73,116.04;184.19,116.09;157.02,116.1;82.89,116.16;146.15,116.23;
#212:
>0:54.51,116.04;80.02,116.0;
#213:
>0:66.24,116.36;150.21,116.24;69.21,116.33;
#214:
>0:385.82,116.25;340.09,116.22;223.01,116.22;248.11,116.12;105.62,116.15;
#215:
>0:56.54,116.36;95.17,116.32;
#216:
>0:91.26,116.34;75.08,116.34;
#217:
>0:149.11,115.99;203.57,116.03;103.19,116.07;87.56,116.18;
#218:
>0:398.75,116.29;289.69,116.19;238.91,116.18;228.62,116.09;
#219:
>0:41.87,116.31;103.92,116.27;99.76,116.32;
#220:
>0:249.55,116.04;309.4,116.07;345.92,116.15;380.88,116.23;
#221:
>0:361.65,116.18;313.06,116.19;
#222:
>0:87.95,116.05;76.4,116.01;117.43,116.03;273.78,116.16;
#223:
>0:209.46,116.13;246.0,116.23;227.56,116.15;348.58,116.21;
#224:
>0:166.61,116.32;233.74,116.32;301.24,116.3;
#225:
>0:190.33,116.01;106.2,116.09;
#226:
>0:290.06,116.29;267.84,116.28;214.74,116.25;
#227:
>0:118.4,116.14;219.11,116.12;194.49,116.19;245.09,116.35;
#228:
>0:113.53,116.19;56.71,116.14;94.97,116.07;53.81,116.05;
#229:
>0:74.61,116.34;89.43,116.36;
#230:
>0:222.07,116.16;202.17,116.15;205.79,116.23;225.98,116.32;
#231:
>0:299.6,116.26;235.17,116.23;238.93,116.14;196.63,116.15;89.95,116.14;
#232:
>0:381.21,116.3;286.51,116.24;338.59,116.23;292.87,116.12;315.02,116.08;
#233:
>0:182.15,116.18;121.9,116.13;105.33,116.11;97.06,116.01;
#234:
>0:351.74,116.3;303.71,116.24;234.83,116.2;227.67,116.14;164.18,116.11;63.67,116.14;
#235:
>0:74.86,116.34;89.28,116.34;
#236:
>0:235.91,116.32;172.67,116.28;169.27,116.2;69.53,116.16;
#237:
>0:265.72,116.17;194.96,116.23;177.57,116.25;151.73,116.32;
#238:
>0:217.09,116.06;154.84,116.08;182.19,116.16;184.15,116.21;224.92,116.33;
#239:
>0:54.61,116.37;112.59,116.24;84.92,116.35;
#240:
>0:192.63,116.11;105.4,116.11;94.14,116.17;
#241:
>0:385.33,116.14;305.04,116.19;232.43,116.25;183.04,116.32;
#242:
>0:58.43,116.32;60.69,116.37;
#243:
>0:271.9,116.08;210.51,116.12;203.57,116.06;80.03,116.14;
#244:
>0:59.97,116.33;103.64,116.25;168.12,116.24;273.84,116.22;272.83,116.13;351.19,116.19;
#245:
>0:110.76,116.25;211.36,116.26;253.29,116.22;327.76,116.17;278.63,116.04;
#246:
>0:369.56,116.03;307.93,116.08;229.88,116.16;194.89,116.16;160.84,116.21;275.13,116.34;
#247:
>0:58.93,116.27;145.84,116.21;197.91,116.14;191.29,116.11;
#248:
>0:211.47,116.0;131.91,116.0;
#249:
>0:376.59,116.1;308.67,116.15;226.23,116.03;
#250:
>0:49.01,116.32;74.12,116.35;
#251:
>0:225.63,116.26;193.18,116.24;175.19,116.21;46.4,116.11;
#252:
>0:87.55,116.36;138.46,116.26;75.42,116.35;
#253:
>0:62.35,116.34;135.12,116.27;190.97,116.25;127.5,116.27;99.58,116.33;
#254:
>0:264.79,116.02;300.63,116.07;344.63,116.17;
#255:
>0:217.0,116.15;205.59,116.08;231.72,116.03;
#256:
>0:385.48,116.19;346.01,116.26;306.27,116.35;
#257:
>0:134.04,116.06;67.17,116.17;70.88,116.21;57.07,116.27;
#258:
>0:165.42,116.13;195.66,116.08;127.57,116.0;
#259:
>0:386.86,116.15;284.64,116.08;242.79,116.03;164.25,116.02;
#260:
>0:80.78,116.33;41.22,116.36;
#261:
>0:303.97,116.24;339.12,116.22;296.14,116.13;288.81,116.06;
#262:
>0:291.76,116.05;266.12,116.08;229.07,116.16;224.31,116.21;
#263:
>0:91.17,116.31;109.11,116.29;96.59,116.33;
#264:
>0:240.83,116.23;238.44,116.14;211.39,116.14;271.17,116.0;
#265:
>0:374.67,116.24;325.25,116.2;257.81,116.22;233.56,116.09;
#266:
>0:301.13,116.27;264.47,116.22;277.34,116.13;206.25,116.17;48.54,116.13;
#267:
>0:45.69,116.23;144.81,116.26;140.19,116.22;179.26,116.27;326.32,116.27;
#268:
>0:157.02,116.16;186.56,116.21;
#269:
>0:114.13,116.35;95.42,116.26;81.02,116.19;90.73,116.17;55.45,116.07;
#270:
>0:112.15,116.08;205.94,116.15;243.52,116.19;301.62,116.27;369.84,116.32;
#271:
>0:379.47,116.15;304.24,116.18;317.75,116.25;239.22,116.33;
#272:
>0:88.34,116.34;77.41,116.36;
#273:
>0:182.52,116.19;134.32,116.12;95.9,116.12;
#274:
>0:169.97,116.13;257.26,116.2;275.11,116.13;348.18,116.21;
#275:
>0:221.87,116.12;161.63,116.13;175.38,116.06;52.22,116.07;
#276:
>0:83.93,116.29;143.9,116.2;186.87,116.19;238.66,116.34;
#277:
>0:345.88,116.32;289.16,116.28;262.58,116.22;233.61,116.14;196.08,116.12;202.32,116.01;
#278:
>0:195.37,116.17;218.08,116.09;242.81,116.04;
#279:
>0:109.43,116.02;192.91,116.08;170.8,116.15;66.82,116.2;
#280:
>0:65.45,116.22;116.06,116.15;198.71,116.08;266.53,116.09;
#281:
>0:99.76,116.37;64.03,116.38;
#282:
>0:329.36,116.27;238.44,116.23;227.34,116.13;161.72,116.12;82.1,116.17;
#283:
>0:220.32,116.13;317.95,116.21;241.05,116.21;325.72,116.35;
#284:
>0:323.88,116.32;249.04,116.26;190.38,116.2;111.11,116.29;
#285:
>0:58.24,116.24;139.94,116.19;212.54,116.18;231.63,116.3;
#286:
>0:90.41,116.15;106.74,116.21;219.4,116.25;256.21,116.23;291.85,116.24;374.69,116.31;
#287:
>0:224.7,116.08;164.23,116.13;106.23,116.16;52.32,116.21;
#288:
>0:145.4,116.18;147.26,116.29;
#289:
>0:97.13,116.14;103.7,116.22;192.32,116.26;252.84,116.18;322.96,116.25;351.89,116.28;
#290:
>0:226.5,116.09;301.38,116.15;397.1,116.13;
#291:
>0:67.69,116.32;86.61,116.31;
#292:
>0:273.58,116.07;171.46,116.14;133.05,116.15;85.54,116.16;
#293:
>0:246.6,116.06;307.72,116.11;343.91,116.07;
#294:
>0:304.39,116.26;251.56,116.28;205.75,116.26;106.95,116.35;
#295:
>0:357.25,116.02;312.8,116.06;253.54,116.13;191.55,116.16;186.5,116.24;
#296:
>0:52.18,116.36;133.0,116.24;75.96,116.33;
#297:
>0:47.54,116.34;74.87,116.34;
#298:
>0:78.7,116.35;93.03,116.33;
#299:
>0:335.74,116.28;238.69,116.21;201.17,116.17;
#300:
>0:220.75,116.06;311.81,116.05;
#301:
>0:154.64,116.23;139.72,116.13;148.34,116.08;156.23,116.03;
