#0:
>0:28.22,115.39;27.91,116.4;30.31,115.22;32.45,115.96;36.94,115.15;
#1:
>0:36.18,117.47;34.53,116.67;33.78,116.25;31.59,115.74;30.04,115.15;32.09,114.47;
#2:
>0:28.95,117.5;27.63,116.69;30.41,116.76;32.01,116.15;32.85,115.06;
#3:
>0:31.43,116.4;28.31,116.11;28.93,116.85;30.3,117.37;27.62,117.29;
#4:
>0:30.02,114.92;28.21,114.66;30.99,115.48;29.07,115.99;29.56,117.43;
#5:
>0:35.76,114.36;32.57,114.29;
#6:
>0:32.28,116.92;32.12,117.44;28.96,116.71;
#7:
>0:32.15,116.7;32.52,117.61;28.57,117.94;
#8:
>0:30.84,117.91;29.68,117.0;
#9:
>0:32.29,117.79;31.33,116.92;27.66,116.36;
#10:
>0:28.59,114.76;30.06,115.34;28.85,115.98;28.18,116.92;33.17,117.55;
#11:
>0:36.21,115.99;34.84,116.2;31.94,116.52;30.06,115.47;29.44,116.25;
#12:
>0:37.95,117.03;36.89,117.03;37.93,116.37;37.04,115.45;36.75,113.97;
#13:
>0:39.69,114.73;37.12,115.4;34.83,115.59;
#14:
>0:27.96,115.14;30.16,115.76;32.16,116.27;34.38,115.38;35.4,115.07;39.67,116.25;
#15:
>0:27.86,117.88;31.24,117.24;32.32,116.91;32.66,116.29;34.93,115.67;36.16,114.36;
