#0:
>0:26.52,108.53;24.18,110.49;
#1:
>0:34.26,110.08;39.45,111.8;
#2:
>0:39.76,110.55;36.34,109.34;33.98,110.33;29.42,113.39;
#3:
>0:26.76,115.13;29.77,114.77;32.89,113.14;
#4:
>0:23.04,109.61;27.93,110.84;29.65,108.26;32.11,111.37;
#5:
>0:27.32,113.01;29.16,112.84;31.68,110.08;
#6:
>0:32.42,116.09;34.85,114.71;39.15,112.8;36.64,111.24;37.68,109.7;38.2,109.19;
#7:
>0:26.13,109.09;30.96,109.02;31.56,109.51;35.97,108.32;
#8:
>0:25.57,110.91;26.39,111.34;
#9:
>0:30.29,114.46;31.6,112.95;36.63,113.27;32.35,109.83;
#10:
>0:22.84,109.43;25.01,108.26;
#11:
>0:37.16,116.02;37.77,116.03;
#12:
>0:23.74,109.77;27.67,111.65;28.49,113.25;31.03,112.57;34.85,113.27;
#13:
>0:23.22,109.37;25.16,109.61;
#14:
>0:37.82,115.91;37.23,115.81;
#15:
>0:32.4,112.54;35.95,112.71;31.23,110.14;
#16:
>0:23.07,109.16;24.95,109.54;
#17:
>0:29.92,110.46;32.79,112.19;30.11,113.5;25.62,114.68;
#18:
>0:29.92,115.02;30.09,113.28;35.61,112.94;
#19:
>0:24.74,110.16;26.9,110.07;30.49,109.51;28.98,110.39;36.14,113.07;
#20:
>0:33.09,108.73;28.65,110.01;27.44,112.08;
#21:
>0:39.48,116.29;37.89,115.24;
#22:
>0:34.51,110.01;32.22,110.82;
#23:
>0:23.41,108.53;25.17,109.55;
#24:
>0:35.31,110.44;36.64,110.36;
#25:
>0:39.56,115.46;39.35,115.96;
#26:
>0:23.35,109.91;28.05,109.43;
#27:
>0:33.55,108.39;32.91,110.65;33.74,111.51;29.41,113.11;28.38,113.21;24.49,116.45;
#28:
>0:27.06,109.71;30.15,112.37;33.41,111.26;31.78,114.77;
#29:
>0:34.27,109.78;38.24,112.01;
#30:
>0:23.82,112.65;28.47,114.54;30.0,113.55;30.76,112.02;31.98,110.13;37.99,108.28;
#31:
>0:35.01,108.82;31.85,110.6;32.48,111.95;30.94,113.11;27.42,114.64;
#32:
>0:22.83,109.54;23.6,109.34;
#33:
>0:33.31,115.27;30.98,114.94;28.51,115.22;
#34:
>0:38.86,116.46;38.6,115.3;
#35:
>0:23.07,108.36;27.75,108.42;30.71,108.51;
#36:
>0:32.55,110.75;29.29,112.04;
#37:
>0:28.97,111.04;29.95,112.74;25.54,111.71;
#38:
>0:23.8,108.41;23.23,109.58;
#39:
>0:22.96,109.15;25.44,109.0;
#40:
>0:25.35,113.68;27.69,114.2;
#41:
>0:32.91,109.46;36.33,110.36;
#42:
>0:29.25,109.8;31.09,111.92;
#43:
>0:39.0,114.34;34.43,113.14;33.08,111.13;30.3,109.7;28.37,108.43;
#44:
>0:23.78,115.96;25.08,113.91;27.41,114.81;30.8,112.71;32.63,110.25;
#45:
>0:32.22,110.9;31.64,111.97;36.37,112.71;39.28,113.84;34.01,115.81;
#46:
>0:37.37,116.3;38.56,115.45;
#47:
>0:28.44,112.03;31.11,112.57;24.42,114.86;
#48:
>0:24.45,109.15;22.81,108.42;
#49:
>0:23.68,108.88;25.11,109.54;
#50:
>0:29.29,110.98;31.7,111.26;35.58,113.23;38.3,114.05;37.77,115.62;
#51:
>0:25.2,108.79;27.23,110.15;25.47,109.6;26.95,109.91;24.8,110.95;27.32,111.82;29.57,110.2;33.97,111.99;30.7,110.17;33.08,111.01;31.13,110.07;34.17,112.23;35.17,112.64;37.34,114.66;37.25,115.79;
#52:
>0:38.86,115.28;37.29,115.92;
#53:
>0:23.24,109.34;22.89,109.38;
#54:
>0:35.18,112.25;33.08,111.64;30.38,111.45;
#55:
>0:26.11,110.33;30.56,109.61;33.62,110.09;
#56:
>0:24.67,108.79;25.17,109.34;
#57:
>0:37.21,115.41;38.1,115.39;
#58:
>0:29.94,115.47;26.34,114.83;28.63,112.53;29.11,112.07;33.59,109.96;39.75,109.21;
#59:
>0:38.25,111.5;34.69,110.04;
#60:
>0:24.32,109.21;25.29,109.09;
#61:
>0:33.78,110.47;31.23,111.63;
#62:
>0:35.62,111.98;33.08,113.73;
#63:
>0:36.21,112.62;38.34,113.68;
#64:
>0:23.41,108.9;25.83,109.88;30.35,112.3;29.84,113.15;23.42,114.28;
#65:
>0:34.79,109.95;34.58,110.09;
#66:
>0:25.26,109.0;24.25,108.9;
#67:
>0:24.61,116.05;24.82,114.39;31.09,115.14;
