#0:
>0:24.68,108.55;25.32,109.38;
#1:
>0:24.82,109.55;22.84,108.32;
#2:
>0:24.72,114.13;26.87,112.41;26.99,111.68;29.61,111.41;35.88,109.95;
#3:
>0:26.59,111.79;22.9,113.11;25.3,115.02;24.41,116.39;
#4:
>0:25.92,113.11;26.95,112.02;26.12,110.62;33.39,108.3;
#5:
>0:28.55,112.06;26.6,110.18;25.08,109.02;
#6:
>0:35.77,112.29;33.4,111.91;
#7:
>0:32.43,108.45;36.24,110.26;36.75,111.01;
#8:
>0:32.08,115.7;33.35,113.94;27.68,113.05;
#9:
>0:39.41,111.01;34.69,112.94;31.43,115.0;28.57,114.51;26.85,111.63;
#10:
>0:23.36,110.54;27.27,108.6;28.75,109.3;31.47,110.68;34.97,112.01;38.27,109.42;
#11:
>0:22.97,115.23;27.75,113.75;27.24,113.51;28.36,112.23;31.82,109.73;
#12:
>0:23.69,108.81;25.43,109.56;
#13:
>0:24.34,108.92;25.93,110.71;29.65,108.7;31.58,110.56;35.43,112.44;
#14:
>0:25.47,109.55;24.02,109.27;
#15:
>0:24.05,108.36;26.13,110.53;29.69,108.82;31.46,109.84;35.82,113.09;
#16:
>0:39.48,115.39;38.53,115.32;
#17:
>0:29.32,114.16;30.46,113.58;29.96,111.21;30.37,110.62;
#18:
>0:23.29,110.99;24.58,108.65;30.93,109.33;
#19:
>0:38.53,116.31;39.78,116.46;
#20:
>0:37.59,108.48;38.37,110.12;33.94,109.51;
#21:
>0:32.41,112.46;35.98,111.04;39.5,111.63;38.34,108.35;
#22:
>0:37.75,112.25;35.45,113.16;31.84,114.7;30.04,114.43;26.19,111.33;
#23:
>0:29.73,110.9;32.03,111.73;35.39,112.4;34.03,114.35;28.18,116.17;
#24:
>0:25.04,109.05;26.83,110.18;28.76,111.19;33.84,113.62;34.28,114.06;29.95,115.28;
#25:
>0:26.67,109.57;26.91,110.69;28.59,109.06;35.99,109.87;
#26:
>0:38.97,115.6;37.44,116.49;
#27:
>0:37.32,115.19;39.44,116.33;
#28:
>0:24.79,108.45;23.19,108.97;
#29:
>0:38.57,115.74;39.89,115.5;
#30:
>0:25.09,110.23;24.18,109.49;30.39,108.88;
#31:
>0:38.15,111.27;36.4,113.28;32.05,114.03;29.03,115.85;27.32,113.7;
#32:
>0:33.45,109.63;35.44,111.96;
#33:
>0:34.28,109.09;31.92,108.89;28.55,108.44;26.73,108.53;24.43,108.36;
#34:
>0:24.95,109.33;25.62,108.52;
#35:
>0:33.67,110.34;33.73,110.89;
#36:
>0:23.77,108.84;23.45,108.84;
#37:
>0:39.28,113.72;36.11,112.17;33.2,112.53;30.09,113.17;27.72,112.09;25.23,109.16;
#38:
>0:38.0,113.34;36.48,113.2;
#39:
>0:39.72,116.47;38.71,116.19;
#40:
>0:29.2,111.91;34.13,113.23;26.71,114.24;
#41:
>0:26.81,108.56;26.04,109.74;30.93,109.25;36.95,110.79;
#42:
>0:23.89,108.71;24.95,109.35;
#43:
>0:24.78,108.88;24.38,108.26;
#44:
>0:23.14,109.33;28.29,110.49;24.2,110.67;23.36,111.94;27.18,112.94;32.74,116.12;
#45:
>0:34.36,110.79;33.82,111.72;33.21,112.85;30.4,111.26;23.79,111.36;
#46:
>0:27.6,110.92;29.34,108.61;34.13,109.66;34.5,112.62;
#47:
>0:34.98,113.54;31.68,114.12;30.48,113.66;
#48:
>0:23.13,109.27;24.79,108.59;
#49:
>0:28.18,111.0;28.7,111.25;33.65,112.16;
#50:
>0:24.46,115.52;26.2,114.37;27.39,112.65;27.27,111.54;31.41,110.69;
#51:
>0:22.82,110.53;23.54,109.45;29.68,108.45;
#52:
>0:24.05,111.74;27.75,113.56;27.01,112.3;32.62,112.93;
#53:
>0:29.97,114.57;31.76,113.42;
#54:
>0:27.19,114.64;27.39,113.41;25.51,112.18;24.98,109.99;27.27,109.37;
#55:
>0:31.85,109.71;35.66,111.66;
#56:
>0:37.82,113.32;38.98,111.02;39.43,110.93;
#57:
>0:33.89,116.47;32.46,114.03;29.98,114.45;25.56,112.1;
#58:
>0:39.81,114.91;37.88,112.66;39.3,112.03;39.54,110.4;
#59:
>0:36.01,110.89;31.94,108.9;30.35,109.25;28.12,108.71;
#60:
>0:22.93,112.91;24.83,113.36;
#61:
>0:24.72,109.55;23.83,109.06;
#62:
>0:33.69,108.34;35.01,110.77;38.5,111.83;34.28,113.4;34.8,114.77;
#63:
>0:38.56,115.38;39.64,116.08;
#64:
>0:30.85,114.32;27.33,115.93;23.34,116.01;
#65:
>0:23.97,110.82;26.43,109.28;
#66:
>0:35.81,114.73;31.51,114.19;33.03,113.74;31.19,111.82;33.91,108.31;
#67:
>0:33.13,112.49;34.41,111.39;39.29,112.3;39.15,108.31;
