#0:
>0:36.79,110.12;32.55,111.3;29.87,111.67;30.09,113.7;31.42,115.95;
#1:
>0:33.4,112.57;29.95,111.92;28.81,110.65;24.44,112.32;
#2:
>0:36.12,109.09;34.05,108.83;28.7,108.94;27.51,108.44;24.22,109.18;
#3:
>0:39.81,114.54;35.68,113.98;32.53,111.27;30.45,112.41;
#4:
>0:36.0,110.17;38.04,110.78;
#5:
>0:37.78,114.37;35.21,114.76;37.02,112.14;
#6:
>0:23.81,109.09;24.46,110.14;26.83,112.22;33.36,113.03;
#7:
>0:38.03,114.83;36.4,113.73;34.23,112.08;34.23,110.35;29.06,109.23;26.77,110.15;
#8:
>0:37.75,109.53;39.37,108.43;
#9:
>0:26.27,114.16;29.72,114.0;30.06,112.6;25.84,111.32;
#10:
>0:27.97,108.59;30.51,110.27;34.21,112.28;33.62,113.11;32.33,113.92;
#11:
>0:31.34,112.86;31.9,111.71;
#12:
>0:26.01,111.56;28.66,112.03;34.05,113.13;37.0,114.03;39.76,114.66;
#13:
>0:28.38,110.49;29.67,111.69;32.0,110.6;34.94,109.13;38.01,112.22;
#14:
>0:30.71,108.71;33.61,109.75;31.45,111.22;30.14,113.46;31.45,113.17;36.18,116.03;
#15:
>0:28.43,113.48;23.49,113.83;
#16:
>0:30.01,115.57;33.53,114.13;35.37,113.74;35.07,112.25;
#17:
>0:34.51,112.32;33.46,110.34;30.14,111.24;
#18:
>0:34.6,109.14;31.84,109.97;33.48,112.27;29.86,113.62;23.64,114.44;
#19:
>0:30.35,110.56;25.79,111.79;24.72,109.04;
#20:
>0:30.49,110.25;30.42,111.12;30.12,113.42;35.51,113.91;
#21:
>0:26.95,109.03;30.62,109.93;34.02,111.7;33.02,112.79;34.95,114.17;
#22:
>0:27.35,113.98;27.69,113.52;29.65,111.5;
#23:
>0:35.6,114.84;35.82,114.8;
#24:
>0:31.41,114.44;30.75,113.48;29.02,111.4;26.83,110.64;26.03,109.29;
#25:
>0:28.81,112.1;28.79,113.48;29.83,113.59;34.1,115.9;
#26:
>0:27.7,113.01;29.25,113.59;31.89,111.08;35.14,108.44;
#27:
>0:33.97,109.86;33.99,112.35;30.33,111.73;28.16,113.83;34.14,115.54;
#28:
>0:29.12,110.05;30.47,111.45;30.01,112.78;38.43,114.68;
#29:
>0:33.75,113.32;32.15,111.96;
#30:
>0:27.44,114.1;31.22,113.67;30.94,112.1;37.1,108.65;
#31:
>0:27.34,113.77;28.82,112.43;31.76,112.27;
#32:
>0:24.06,114.92;23.42,113.53;24.89,111.39;25.68,110.68;
#33:
>0:32.34,112.37;36.89,113.82;37.59,114.38;
#34:
>0:37.08,108.86;32.53,110.15;32.86,111.66;26.45,111.59;
#35:
>0:37.78,111.78;38.89,110.99;31.62,110.95;
#36:
>0:33.52,115.21;30.77,112.43;
#37:
>0:32.27,109.66;32.51,108.7;
#38:
>0:27.39,112.36;28.78,111.31;
#39:
>0:39.27,110.48;38.73,109.72;
#40:
>0:38.7,109.04;34.94,110.79;35.3,111.34;37.46,113.94;35.53,115.0;
#41:
>0:39.04,114.59;35.25,113.95;32.24,111.19;30.85,110.74;26.58,111.89;24.94,111.97;
#42:
>0:33.95,115.9;30.92,115.31;30.68,112.93;29.68,112.16;
#43:
>0:34.89,109.35;32.43,110.67;
#44:
>0:39.69,108.66;35.4,110.31;32.36,111.64;29.33,111.44;
#45:
>0:28.57,110.64;26.71,111.14;23.72,109.49;
#46:
>0:36.43,110.0;33.23,112.17;30.02,112.09;28.15,111.46;
#47:
>0:24.24,114.57;28.11,114.46;
#48:
>0:28.22,111.26;31.1,113.16;31.8,114.48;37.01,112.1;
#49:
>0:28.37,114.44;33.09,114.85;31.91,113.56;37.65,113.99;37.51,113.86;
#50:
>0:27.4,109.22;26.13,111.7;27.17,112.21;30.5,113.78;
#51:
>0:37.93,115.17;33.13,113.37;31.93,112.17;
#52:
>0:31.9,109.03;35.57,109.46;39.39,108.54;
#53:
>0:36.42,115.11;32.13,115.36;
#54:
>0:30.56,109.4;32.74,110.64;35.78,110.2;
#55:
>0:35.18,116.23;31.8,115.31;32.24,114.91;34.85,112.05;
#56:
>0:23.18,114.08;28.22,114.17;29.05,112.83;
#57:
>0:32.92,116.39;31.72,114.61;30.54,112.76;28.6,112.3;
#58:
>0:29.86,109.71;33.73,111.19;36.9,114.28;
#59:
>0:40.62,117.49;37.64,115.23;32.52,116.38;
#60:
>0:39.51,116.24;35.94,114.79;33.05,113.54;36.3,112.22;29.18,110.8;
#61:
>0:28.02,113.84;25.12,114.54;
#62:
>0:39.09,111.66;39.54,109.73;
#63:
>0:33.1,109.02;28.78,109.56;26.48,108.58;
#64:
>0:23.1,115.66;28.26,114.2;32.63,113.96;31.65,113.46;37.83,115.05;39.54,115.08;
#65:
>0:31.76,110.94;34.11,111.38;30.57,112.75;27.57,112.49;31.96,116.33;
#66:
>0:27.01,115.69;29.53,115.7;31.82,115.45;
#67:
>0:35.83,110.25;33.75,111.72;31.25,113.7;28.29,113.63;
