#0:
>0:25.74,112.43;29.63,112.2;31.8,109.95;34.36,108.86;
#1:
>0:38.62,116.26;37.56,115.15;
#2:
>0:29.27,115.73;33.9,114.05;36.16,112.65;35.63,111.59;37.58,110.48;
#3:
>0:26.64,112.73;31.15,111.41;31.46,110.13;33.01,108.66;
#4:
>0:25.11,108.33;25.52,109.09;
#5:
>0:35.8,109.74;37.87,111.9;37.43,113.42;37.2,113.95;37.95,116.23;
#6:
>0:24.45,108.34;24.43,109.26;
#7:
>0:24.86,111.1;26.5,110.75;29.56,109.35;33.86,109.12;35.03,108.42;
#8:
>0:28.34,111.93;30.29,113.0;26.57,114.07;
#9:
>0:32.52,114.39;36.95,114.64;39.49,116.08;
#10:
>0:23.93,109.53;24.83,109.59;
#11:
>0:36.33,113.02;32.98,112.29;29.64,110.96;26.97,111.28;23.1,110.28;
#12:
>0:23.66,108.51;23.66,109.13;
#13:
>0:31.79,110.07;29.44,110.02;28.25,110.39;23.91,112.33;
#14:
>0:34.07,109.9;29.8,110.65;27.82,109.73;23.67,112.23;
#15:
>0:36.81,114.43;34.55,115.16;32.8,116.18;26.99,114.48;
#16:
>0:33.91,110.52;36.27,109.54;37.98,108.45;
#17:
>0:37.89,116.1;39.22,115.82;
#18:
>0:30.19,112.96;32.48,114.08;35.32,115.03;
#19:
>0:23.94,109.32;24.6,109.26;
#20:
>0:39.29,110.11;34.59,108.87;34.21,108.82;
#21:
>0:36.99,110.23;36.66,108.4;
#22:
>0:34.6,114.0;33.35,115.49;
#23:
>0:25.49,115.24;28.35,115.29;
#24:
>0:39.26,113.85;35.12,112.76;32.04,111.67;
#25:
>0:24.9,109.26;25.02,108.64;
#26:
>0:31.09,108.54;27.88,109.78;30.17,111.42;
#27:
>0:37.98,116.41;37.97,115.26;
#28:
>0:24.18,109.6;25.05,109.57;
#29:
>0:27.4,110.96;23.0,111.61;
#30:
>0:27.71,112.6;28.14,115.1;25.87,115.34;
#31:
>0:39.15,114.65;34.26,113.59;34.65,111.71;37.26,110.78;
#32:
>0:37.77,109.15;35.11,110.3;32.98,111.83;32.92,113.04;30.23,113.58;23.68,115.6;
#33:
>0:32.39,112.1;34.56,110.81;39.3,108.49;
#34:
>0:34.17,113.36;30.86,112.01;27.53,110.16;
#35:
>0:28.92,112.23;32.96,112.95;32.47,114.18;
#36:
>0:34.3,116.15;34.55,114.62;
#37:
>0:24.93,109.08;25.45,109.21;
#38:
>0:23.74,108.75;24.93,108.58;
#39:
>0:34.53,108.92;32.62,110.32;
#40:
>0:24.44,108.91;23.27,108.42;
#41:
>0:25.1,111.92;23.16,112.4;25.28,113.93;
#42:
>0:23.79,108.27;26.51,108.58;24.9,110.01;27.7,112.34;25.98,114.71;
#43:
>0:36.01,113.33;32.86,114.61;
#44:
>0:39.0,116.43;38.65,115.37;
#45:
>0:39.68,116.12;37.81,116.2;
#46:
>0:38.99,113.74;34.57,112.23;36.42,110.72;
#47:
>0:29.08,109.35;28.17,111.0;28.83,111.15;
#48:
>0:30.09,110.16;31.86,112.26;35.59,111.52;
#49:
>0:23.02,109.41;25.65,108.85;
#50:
>0:38.1,113.22;34.77,111.42;36.31,112.69;30.38,112.18;
#51:
>0:37.54,115.83;39.19,116.02;
#52:
>0:38.74,116.25;36.66,115.09;37.25,113.38;35.23,112.37;38.46,111.21;36.19,109.61;
#53:
>0:39.58,114.82;36.22,113.52;32.39,112.6;29.48,113.06;26.6,111.45;
#54:
>0:37.98,116.05;38.87,115.99;
#55:
>0:35.16,111.15;31.94,110.52;30.8,109.95;25.85,111.7;
#56:
>0:32.43,111.08;31.65,112.62;27.4,112.62;
#57:
>0:28.91,108.65;27.18,109.71;
#58:
>0:39.61,113.59;34.42,112.11;34.55,109.72;
#59:
>0:24.89,112.13;25.2,112.73;23.41,114.89;
#60:
>0:33.78,111.83;37.05,111.92;
#61:
>0:39.88,113.88;35.74,113.28;34.15,111.5;30.13,110.43;26.2,111.23;25.17,113.01;
#62:
>0:23.15,109.15;23.05,109.03;
#63:
>0:38.09,110.93;34.75,109.52;31.4,108.34;
#64:
>0:23.72,112.8;26.52,114.61;26.55,115.88;32.97,115.74;
#65:
>0:29.16,112.77;31.46,114.52;34.42,115.12;39.35,116.23;
#66:
>0:38.74,115.94;36.16,115.7;33.75,116.05;29.16,115.99;26.12,115.73;25.48,115.01;24.58,113.16;28.18,111.27;28.15,110.31;24.49,110.06;
#67:
>0:35.13,112.38;34.97,111.51;
