#0:
>0:39.54,108.85;37.27,109.34;
#1:
>0:25.81,110.8;30.05,109.97;32.62,111.95;31.74,112.64;31.88,115.41;
#2:
>0:32.12,111.04;36.5,112.03;39.72,113.9;
#3:
>0:39.28,111.52;35.11,114.6;32.0,111.95;32.23,114.39;
#4:
>0:24.24,114.88;25.96,115.48;30.02,114.81;31.08,116.17;34.69,116.43;
#5:
>0:27.13,109.2;29.79,108.89;32.65,108.84;34.76,110.57;
#6:
>0:27.34,115.39;30.56,114.98;32.22,113.71;32.86,111.32;38.84,110.28;
#7:
>0:23.57,109.18;23.73,109.52;
#8:
>0:32.53,110.92;31.82,112.16;34.75,114.55;
#9:
>0:33.11,111.11;33.45,112.6;33.71,114.24;31.52,116.25;
#10:
>0:41.0,117.38;39.38,117.05;
#11:
>0:39.1,114.99;35.89,114.11;31.49,111.25;33.99,110.79;
#12:
>0:31.62,114.32;29.59,112.91;26.57,113.27;23.04,109.75;
#13:
>0:26.19,112.01;30.53,112.56;31.82,114.34;35.83,115.16;39.82,115.09;
#14:
>0:31.46,112.05;31.21,112.59;25.78,112.6;25.44,115.47;
#15:
>0:29.11,108.86;27.79,111.51;29.8,110.91;32.0,112.63;
#16:
>0:22.9,109.72;24.17,108.92;
#17:
>0:32.31,113.64;32.6,111.42;37.51,111.23;
#18:
>0:34.25,113.75;34.87,113.68;31.75,111.96;38.44,110.7;
#19:
>0:41.38,116.86;37.87,114.7;36.01,113.65;34.05,111.71;36.8,110.17;
#20:
>0:23.19,108.75;25.31,108.31;
#21:
>0:31.44,112.61;29.63,111.68;30.46,110.03;22.85,109.91;
#22:
>0:38.66,109.46;35.1,108.71;
#23:
>0:34.15,115.46;35.42,115.12;
#24:
>0:31.36,112.82;27.43,113.65;31.14,111.82;27.98,108.76;
#25:
>0:26.04,108.48;24.72,109.3;
#26:
>0:22.87,114.19;27.17,113.53;29.62,111.12;33.85,110.91;35.38,108.63;
#27:
>0:23.92,108.66;25.51,108.37;
#28:
>0:40.13,116.58;38.36,115.04;37.8,113.82;29.81,113.2;
#29:
>0:24.22,110.26;27.43,111.26;
#30:
>0:40.51,116.95;36.94,114.64;35.54,114.39;32.13,112.22;29.37,112.89;23.95,114.83;
#31:
>0:24.69,109.52;25.98,111.36;29.93,110.1;32.34,112.44;
#32:
>0:37.81,114.96;39.34,112.81;38.97,111.47;
#33:
>0:24.16,109.6;24.92,109.45;
#34:
>0:39.47,108.96;39.41,108.27;
#35:
>0:27.01,111.79;23.22,113.63;
#36:
>0:27.44,109.18;30.42,110.35;33.75,111.65;33.39,113.68;31.44,114.62;
#37:
>0:24.32,114.99;27.78,112.63;29.81,111.16;31.42,109.85;
#38:
>0:27.54,115.74;30.73,114.81;25.69,114.35;26.88,113.56;29.39,111.54;32.38,109.57;
#39:
>0:35.41,110.38;33.63,112.27;35.15,113.52;
#40:
>0:39.98,109.67;35.48,110.17;33.47,108.5;28.82,109.31;27.42,111.06;22.84,110.46;
#41:
>0:34.97,109.93;32.55,111.78;35.36,114.07;
#42:
>0:25.07,109.41;23.05,109.15;
#43:
>0:26.98,114.67;25.78,112.66;27.43,111.05;
#44:
>0:33.88,110.64;33.01,108.35;37.76,110.25;
#45:
>0:30.71,113.28;28.24,112.83;29.16,110.08;
#46:
>0:27.41,113.82;23.02,113.64;
#47:
>0:35.68,110.0;31.84,112.04;30.84,111.89;27.04,109.36;
#48:
>0:32.24,114.62;37.71,114.58;35.21,111.17;
#49:
>0:37.49,113.94;38.82,113.13;37.79,111.88;
#50:
>0:37.13,110.85;35.06,111.85;33.41,113.02;30.13,114.87;30.94,115.3;
#51:
>0:38.05,110.78;34.38,112.31;34.08,113.19;30.99,114.15;28.91,115.81;
#52:
>0:24.13,113.37;23.97,111.12;24.01,110.03;30.53,108.9;
#53:
>0:24.72,116.04;23.73,114.35;24.94,113.47;
#54:
>0:35.3,114.31;36.13,114.13;31.95,111.11;29.87,112.67;23.21,111.87;
#55:
>0:38.13,111.5;35.22,114.65;32.8,112.16;32.21,114.53;
#56:
>0:33.36,113.36;32.69,113.41;
#57:
>0:23.7,110.07;26.83,111.16;23.23,112.03;29.43,114.01;
#58:
>0:23.32,111.36;23.54,109.94;31.14,111.83;
#59:
>0:25.22,114.63;28.2,116.1;29.03,116.31;
#60:
>0:27.01,112.9;30.97,112.04;29.63,110.0;33.58,111.7;37.53,112.23;
#61:
>0:24.27,112.43;24.43,111.17;22.98,110.12;29.64,109.02;
#62:
>0:23.4,114.09;27.03,112.62;29.8,111.83;33.27,110.83;36.27,108.45;
#63:
>0:24.84,108.58;25.63,109.52;
#64:
>0:39.77,109.26;37.31,110.43;39.63,111.28;37.37,112.69;37.39,114.94;
#65:
>0:38.37,110.43;35.75,111.45;34.81,114.15;32.3,111.06;30.42,112.5;25.26,113.9;
#66:
>0:38.79,112.58;37.02,112.35;32.25,110.74;33.58,111.01;27.1,111.85;
#67:
>0:23.84,108.88;27.79,111.2;
