#0:
>0:40.77,116.99;40.5,116.52;40.84,116.64;40.5,115.82;
#1:
>0:41.07,117.02;40.85,117.24;40.44,117.51;
#2:
>0:40.06,116.92;40.44,116.74;40.82,116.74;40.87,117.25;
#3:
>0:39.97,115.91;40.32,116.59;40.41,116.36;40.81,116.45;41.01,117.27;
#4:
>0:39.54,117.24;39.43,117.29;
#5:
>0:41.0,115.84;40.58,116.34;40.59,116.55;40.41,116.6;39.86,116.87;
#6:
>0:40.81,116.86;40.38,116.62;40.05,116.88;39.87,117.14;39.62,117.3;
#7:
>0:40.94,117.47;40.59,117.16;40.63,117.21;40.43,116.74;39.88,116.72;39.62,116.51;
#8:
>0:40.87,116.51;40.8,116.35;40.36,115.96;40.14,115.85;39.7,116.04;
#9:
>0:39.66,116.01;39.94,116.4;40.2,116.43;40.43,116.22;40.31,116.45;41.08,116.7;
#10:
>0:39.7,116.3;40.09,116.46;40.47,116.39;40.76,116.15;41.14,116.26;
#11:
>0:40.6,115.97;40.32,116.09;
#12:
>0:40.98,117.05;40.81,117.22;40.47,117.57;
#13:
>0:39.96,116.04;40.09,116.31;40.33,116.59;40.33,116.85;40.39,117.11;
#14:
>0:40.09,116.35;40.33,116.48;
#15:
>0:40.92,116.26;40.9,116.54;41.07,117.04;40.95,117.19;
#16:
>0:40.5,117.2;40.0,117.51;39.89,117.39;
#17:
>0:41.05,117.16;40.67,117.46;40.34,117.65;40.14,117.66;39.85,117.42;
#18:
>0:40.41,116.3;40.23,116.48;39.83,116.62;39.53,117.19;
#19:
>0:40.06,117.06;40.31,116.69;
#20:
>0:39.7,117.44;39.51,117.28;39.78,117.02;39.85,116.6;
#21:
>0:40.33,116.21;40.09,116.32;
#22:
>0:39.96,115.8;40.01,115.94;40.42,115.97;40.71,115.95;
#23:
>0:40.04,116.35;40.23,116.53;
#24:
>0:40.66,116.28;40.61,116.6;40.04,116.42;
#25:
>0:40.14,117.01;40.45,116.71;40.73,116.55;41.09,117.14;
#26:
>0:39.61,117.45;39.85,117.61;39.76,117.26;40.38,117.23;40.71,116.77;
#27:
>0:40.81,116.26;40.7,116.16;
#28:
>0:41.07,115.99;41.1,116.16;40.93,116.59;41.11,116.93;41.01,117.38;
#29:
>0:39.59,116.76;39.4,117.25;40.27,117.0;
#30:
>0:39.98,115.82;40.31,115.8;40.69,116.57;
#31:
>0:39.71,116.87;39.8,116.91;
#32:
>0:40.82,116.84;40.47,116.69;
#33:
>0:40.23,116.57;40.47,116.14;40.74,116.35;
#34:
>0:40.38,117.38;39.78,116.9;
#35:
>0:40.91,117.39;40.82,117.65;40.4,117.55;40.13,117.41;39.89,117.12;
#36:
>0:40.96,116.19;40.73,116.56;40.41,116.44;40.09,116.54;39.85,116.56;39.44,116.73;
#37:
>0:39.82,117.29;39.79,116.86;39.74,116.6;
#38:
>0:40.35,116.14;40.33,116.33;
#39:
>0:40.52,116.11;40.48,116.72;40.52,116.87;40.23,117.06;39.42,117.39;
#40:
>0:39.65,115.96;39.79,116.05;40.1,116.45;40.34,115.89;
#41:
>0:40.12,115.92;40.52,115.88;40.72,116.65;
#42:
>0:40.24,116.75;40.16,117.37;39.47,117.67;
#43:
>0:40.33,116.3;40.17,116.22;
#44:
>0:40.37,117.39;40.44,117.22;
#45:
>0:40.68,117.51;40.97,117.54;
#46:
>0:39.73,117.04;40.22,116.99;40.5,116.43;40.83,116.19;41.14,116.76;
#47:
>0:40.41,116.2;40.45,116.64;40.37,116.75;39.99,117.0;39.43,117.53;
#48:
>0:40.93,116.11;40.6,115.98;40.37,115.88;
#49:
>0:40.37,117.48;40.01,117.49;39.82,117.14;39.63,116.89;
#50:
>0:40.3,117.47;40.15,117.66;40.35,117.25;40.23,116.81;39.6,116.48;
#51:
>0:40.38,116.89;40.06,116.79;
#52:
>0:40.61,116.77;40.47,116.57;39.99,116.88;39.81,117.31;39.65,117.21;
#53:
>0:40.72,116.97;40.45,116.63;40.58,116.58;40.37,115.99;
#54:
>0:39.87,116.59;40.25,116.88;
#55:
>0:40.14,117.58;40.31,117.14;40.41,117.28;40.76,116.83;40.31,116.58;40.89,115.96;
#56:
>0:40.09,116.29;40.27,116.66;
#57:
>0:39.93,115.91;40.32,116.63;40.17,116.74;40.68,116.64;
#58:
>0:40.72,115.84;40.46,115.83;40.47,116.18;39.94,115.82;
#59:
>0:40.27,117.62;40.11,117.46;40.21,117.29;39.97,116.66;
#60:
>0:40.32,116.49;40.45,116.35;
#61:
>0:41.01,116.78;40.66,117.01;40.65,117.4;
#62:
>0:39.52,115.94;39.88,116.14;39.96,116.49;39.62,116.82;39.89,117.08;39.91,117.53;
#63:
>0:40.88,116.34;40.88,116.48;41.09,116.81;41.11,117.33;
#64:
>0:40.4,116.62;40.41,116.91;
#65:
>0:40.31,116.54;40.39,116.59;40.75,116.52;
#66:
>0:41.12,116.07;40.7,116.04;40.52,115.96;
#67:
>0:40.83,116.84;40.49,116.51;39.99,116.76;40.24,117.16;39.42,117.7;
#68:
>0:39.63,117.18;39.6,117.34;
#69:
>0:40.72,116.99;40.44,116.69;40.59,116.24;
#70:
>0:40.86,115.87;40.83,116.29;40.55,116.55;40.03,116.92;39.69,117.38;39.89,117.58;
#71:
>0:40.11,117.52;40.13,117.1;40.33,117.2;40.94,116.72;
#72:
>0:40.93,116.01;40.61,116.24;40.72,116.52;40.28,116.66;39.71,117.32;
#73:
>0:39.87,116.1;40.23,116.39;40.08,116.45;40.71,116.62;
#74:
>0:40.47,115.91;40.61,116.42;40.27,116.62;
#75:
>0:40.14,117.54;40.31,117.23;40.45,116.88;41.07,116.94;
#76:
>0:39.6,116.62;39.49,116.69;
#77:
>0:40.22,115.94;40.48,116.09;40.63,116.43;
#78:
>0:39.46,116.44;39.82,115.98;40.07,116.0;40.41,115.94;40.84,115.95;
#79:
>0:40.46,116.35;40.49,116.69;39.69,116.37;
#80:
>0:41.08,116.66;40.91,116.76;41.08,117.21;
#81:
>0:40.16,115.82;40.36,116.24;39.54,115.86;
#82:
>0:40.99,116.23;40.66,116.45;40.62,116.79;40.64,117.25;
#83:
>0:40.64,116.6;40.45,116.17;40.26,116.44;
#84:
>0:41.01,117.31;40.72,117.43;40.34,117.7;40.26,117.57;40.39,117.38;39.5,117.49;
#85:
>0:39.97,117.25;39.84,117.03;40.33,116.65;
#86:
>0:39.64,117.1;39.96,117.03;40.01,116.75;40.16,116.46;39.45,115.96;
#87:
>0:40.05,116.76;39.7,116.72;39.67,116.68;
#88:
>0:40.46,116.27;40.29,116.74;40.28,116.52;40.21,116.87;39.57,117.68;
#89:
>0:39.96,117.53;39.96,117.09;39.91,117.07;40.06,116.77;40.48,116.49;41.14,115.99;
#90:
>0:40.15,116.49;40.26,116.7;40.1,116.43;
#91:
>0:40.22,116.24;40.1,116.24;
#92:
>0:40.45,117.12;40.04,116.94;
#93:
>0:39.69,116.86;39.95,117.38;40.15,117.47;40.54,117.3;
#94:
>0:39.82,117.15;40.04,117.54;40.13,117.19;40.33,117.1;40.95,117.66;
#95:
>0:40.5,117.66;40.15,117.49;40.3,117.16;40.29,116.44;
#96:
>0:40.13,116.06;40.19,116.19;40.12,116.65;40.13,116.95;
#97:
>0:40.54,116.98;40.76,117.09;40.58,117.58;
#98:
>0:40.14,116.32;39.98,116.55;
#99:
>0:40.41,116.52;40.13,116.92;39.88,116.14;
#100:
>0:40.74,116.61;40.57,116.98;
#101:
>0:40.34,117.21;40.15,116.95;39.57,117.67;
#102:
>0:39.98,117.66;39.69,117.38;40.29,117.1;40.35,117.09;40.93,116.51;
#103:
>0:39.46,116.48;39.97,116.51;39.49,116.92;39.5,117.69;
#104:
>0:39.5,115.83;39.76,116.28;
#105:
>0:40.5,116.46;40.54,116.93;
#106:
>0:40.78,116.52;41.02,116.98;41.13,117.32;
#107:
>0:40.85,117.52;40.3,117.21;40.04,117.0;
#108:
>0:40.67,117.33;40.38,117.61;40.25,117.42;
#109:
>0:39.73,116.91;39.67,116.95;
#110:
>0:40.25,116.51;39.82,116.35;39.86,116.23;
#111:
>0:40.05,116.21;40.25,116.48;
#112:
>0:40.62,116.86;40.37,117.25;40.46,117.45;
#113:
>0:39.71,117.44;39.87,117.25;40.35,117.15;40.6,117.39;
#114:
>0:41.11,116.26;40.56,116.56;40.7,116.94;40.31,116.44;40.25,116.91;39.57,116.77;
#115:
>0:41.11,116.3;40.79,115.81;40.47,116.15;40.39,116.54;39.8,116.08;
#116:
>0:41.08,116.95;40.84,116.5;
#117:
>0:40.86,115.87;40.78,116.11;
#118:
>0:40.13,117.02;40.3,117.37;
#119:
>0:41.08,116.99;40.87,116.63;40.84,116.76;40.5,116.63;40.19,116.87;39.65,117.43;
#120:
>0:39.89,117.53;39.42,117.3;39.7,117.0;39.51,116.95;39.91,116.57;39.64,115.96;
#121:
>0:39.45,117.51;39.42,117.09;39.97,116.96;40.03,116.97;40.75,116.27;
#122:
>0:41.09,116.72;40.65,116.87;40.53,117.18;40.46,117.0;40.03,116.76;39.67,117.63;
#123:
>0:40.55,117.53;40.03,117.64;40.3,117.33;40.27,116.73;
#124:
>0:39.62,116.63;39.95,116.49;39.59,116.93;39.44,117.55;
#125:
>0:39.45,117.57;39.68,117.22;
#126:
>0:40.39,117.4;40.03,117.55;40.18,117.28;39.94,116.5;
#127:
>0:41.1,117.06;40.76,116.7;
#128:
>0:40.87,116.06;40.66,116.42;41.14,116.66;40.77,116.78;40.65,117.37;
#129:
>0:40.05,116.96;39.89,117.34;39.75,117.45;
#130:
>0:39.48,116.78;39.75,116.74;39.6,116.29;39.52,116.04;
#131:
>0:41.03,116.22;40.61,116.65;40.28,116.0;
#132:
>0:41.06,116.14;40.83,116.48;
#133:
>0:40.01,115.91;40.44,115.85;40.72,116.59;
#134:
>0:39.98,117.39;40.36,117.34;40.52,117.38;40.91,116.64;
#135:
>0:40.92,116.4;40.68,116.0;40.36,116.19;40.07,116.74;
#136:
>0:40.0,116.33;40.24,116.74;40.58,117.21;39.79,117.12;
#137:
>0:40.85,116.5;40.84,116.22;40.56,116.07;
#138:
>0:40.39,117.31;39.86,116.98;39.54,116.46;
#139:
>0:40.47,117.22;40.67,116.92;
#140:
>0:40.96,117.0;40.82,117.03;40.79,117.59;
#141:
>0:40.27,116.4;40.04,116.35;
#142:
>0:40.7,115.83;40.54,116.23;40.07,116.48;39.93,116.07;
#143:
>0:40.73,116.94;40.32,116.62;40.82,116.62;40.33,115.95;
#144:
>0:39.66,116.55;39.64,116.76;39.8,117.31;40.35,117.32;40.52,116.99;41.13,116.79;
#145:
>0:39.91,116.03;40.16,116.4;40.32,116.74;39.99,116.82;
#146:
>0:40.71,116.2;40.77,116.11;
#147:
>0:39.74,117.55;39.47,117.3;39.78,116.8;40.06,116.97;40.43,116.52;41.07,116.06;
#148:
>0:39.58,117.11;39.49,117.38;
#149:
>0:40.01,115.98;39.72,115.96;
#150:
>0:40.7,116.36;40.74,116.47;40.39,116.56;40.39,117.24;
#151:
>0:40.62,116.36;40.39,116.59;40.22,117.0;39.9,117.22;39.78,117.46;
#152:
>0:39.9,115.87;39.62,115.91;
#153:
>0:40.61,117.69;40.51,117.17;40.18,117.02;
#154:
>0:39.83,116.11;39.8,116.52;39.45,116.74;
#155:
>0:40.77,116.64;40.97,116.8;40.86,117.25;
#156:
>0:40.76,116.35;40.65,116.49;40.54,116.96;
#157:
>0:40.44,116.56;40.0,116.79;40.5,117.24;
#158:
>0:40.32,116.01;40.11,115.79;40.33,116.2;39.59,116.51;
#159:
>0:40.41,116.02;40.34,116.25;40.55,116.67;40.13,116.88;39.94,117.21;40.42,117.45;
#160:
>0:40.52,117.34;39.98,117.58;39.88,117.4;
#161:
>0:39.44,116.65;39.88,116.58;40.42,116.38;40.1,116.64;40.48,117.12;41.02,116.91;
#162:
>0:40.41,116.39;40.32,116.68;40.4,116.77;40.21,117.03;39.59,117.67;
#163:
>0:40.56,116.01;40.28,115.93;40.31,116.02;
#164:
>0:40.56,116.61;40.13,116.88;40.51,117.09;
#165:
>0:39.45,117.51;39.68,117.14;39.88,117.02;39.69,116.85;39.74,116.63;40.16,115.93;
#166:
>0:39.84,116.12;40.32,116.33;40.55,116.34;40.76,116.39;
#167:
>0:40.89,117.19;40.63,116.97;40.31,116.6;
#168:
>0:40.36,117.35;40.56,116.79;40.12,116.93;40.24,116.68;40.21,115.85;
#169:
>0:40.38,116.63;40.79,116.48;40.31,115.92;
#170:
>0:40.51,116.96;40.46,116.68;40.73,116.55;40.41,116.03;
#171:
>0:39.41,117.14;39.49,117.34;
#172:
>0:39.47,116.51;39.92,116.2;40.13,116.57;40.3,116.03;
#173:
>0:41.04,117.57;40.84,117.6;40.42,117.65;40.11,117.44;39.95,117.25;
#174:
>0:40.49,117.27;40.73,116.91;
#175:
>0:40.83,117.31;40.41,117.47;40.09,117.5;
#176:
>0:40.93,116.75;40.75,116.7;40.37,116.26;40.09,116.57;39.97,116.48;39.44,116.07;
#177:
>0:40.39,116.61;40.77,116.51;40.4,116.07;
#178:
>0:40.89,116.59;40.88,117.02;
#179:
>0:39.88,117.35;40.2,117.08;40.25,116.89;39.99,116.45;39.47,115.89;
#180:
>0:40.4,116.0;40.29,116.36;40.42,116.46;39.99,117.06;40.28,117.39;
#181:
>0:41.0,117.12;40.72,116.85;40.42,116.51;
#182:
>0:40.93,117.31;40.64,117.71;40.45,117.55;40.14,117.55;40.36,117.25;39.42,117.39;
#183:
>0:40.23,116.32;40.47,116.45;
#184:
>0:39.92,116.11;39.82,116.66;39.74,116.97;
#185:
>0:40.25,116.54;39.88,116.41;40.37,116.21;39.8,116.23;
#186:
>0:40.88,116.04;40.65,116.07;
#187:
>0:40.96,116.15;40.66,116.52;40.29,116.47;40.3,116.74;39.72,116.62;39.56,116.61;
#188:
>0:40.29,116.49;40.09,116.99;40.38,117.3;
#189:
>0:40.89,117.3;40.91,117.02;40.93,116.56;40.86,116.18;
#190:
>0:39.83,116.02;39.8,116.31;
#191:
>0:40.25,117.61;40.5,117.17;40.43,117.05;40.56,116.67;
#192:
>0:40.59,116.32;40.97,116.65;40.87,116.83;41.12,117.21;40.95,117.57;
#193:
>0:40.44,117.07;40.67,117.11;40.61,117.67;
#194:
>0:40.48,117.13;40.27,117.56;39.77,117.47;
#195:
>0:40.53,117.54;39.98,117.4;40.39,117.37;40.39,116.59;
#196:
>0:40.35,116.15;40.81,116.34;41.14,116.49;40.68,116.94;40.61,117.39;
#197:
>0:40.71,117.56;40.29,117.54;40.15,117.7;39.71,117.53;
#198:
>0:40.95,115.81;40.73,116.28;40.89,116.62;40.66,116.88;
#199:
>0:40.68,117.01;40.49,116.44;40.62,116.44;40.51,116.06;
#200:
>0:40.29,117.55;40.21,117.69;40.21,117.32;40.02,116.96;40.03,116.41;
#201:
>0:40.66,115.82;40.47,115.8;40.22,116.45;
