#0:
>0:40.63,115.79;40.96,115.85;
#1:
>0:40.18,117.3;40.52,116.77;40.75,116.43;
#2:
>0:40.37,116.06;40.74,116.0;40.38,116.72;
#3:
>0:40.19,117.24;39.72,116.97;40.09,116.6;39.73,116.49;39.82,115.82;
#4:
>0:40.32,116.73;40.04,116.74;40.15,116.5;39.59,116.5;
#5:
>0:39.58,116.52;39.8,116.4;40.12,116.5;40.0,116.43;40.64,116.11;
#6:
>0:40.95,116.27;40.86,116.01;40.74,116.22;40.1,115.97;
#7:
>0:39.42,117.07;39.62,116.98;39.82,116.54;39.95,116.2;
#8:
>0:40.61,117.66;40.79,117.33;41.14,117.23;41.06,117.03;40.81,116.49;40.09,115.85;
#9:
>0:39.49,117.29;39.83,116.8;40.19,116.48;40.29,116.88;40.69,116.88;
#10:
>0:39.69,117.09;39.82,117.06;40.17,116.56;39.93,116.35;
#11:
>0:40.38,116.37;39.82,116.39;39.58,116.16;
#12:
>0:39.5,116.05;39.44,116.36;
#13:
>0:40.34,116.32;40.2,116.24;
#14:
>0:41.01,117.08;41.05,117.0;40.78,116.49;40.56,116.41;
#15:
>0:40.62,116.2;40.52,116.12;40.07,116.05;39.92,116.38;39.52,116.14;
#16:
>0:40.12,116.47;40.33,115.98;40.59,116.0;41.06,115.81;
#17:
>0:40.17,116.4;40.35,116.44;
#18:
>0:39.57,117.24;39.7,116.88;40.17,116.55;40.43,116.86;40.68,116.79;
#19:
>0:41.03,117.12;41.1,116.78;40.89,116.51;
#20:
>0:39.85,117.38;39.81,116.77;40.11,116.69;40.85,116.84;
#21:
>0:40.07,116.55;40.41,116.62;40.8,116.82;40.85,117.14;40.72,117.62;
#22:
>0:40.84,117.06;40.45,116.72;40.0,116.54;39.77,115.85;
#23:
>0:40.18,116.47;40.0,116.52;40.83,116.27;
#24:
>0:39.42,116.47;39.62,117.05;39.9,116.62;39.98,116.54;40.58,116.76;
#25:
>0:39.7,117.16;40.11,117.64;40.28,117.63;40.66,117.4;
#26:
>0:40.58,116.0;40.75,116.07;41.09,115.94;
#27:
>0:40.29,116.53;40.24,116.5;
#28:
>0:40.27,116.28;40.47,116.71;40.22,116.86;40.0,117.37;40.03,117.55;
#29:
>0:40.36,116.92;40.12,116.6;
#30:
>0:39.67,117.36;39.9,117.22;39.83,116.82;40.07,116.51;40.82,116.81;
#31:
>0:39.87,116.26;39.99,116.06;
#32:
>0:40.58,116.01;40.89,115.94;
#33:
>0:40.13,117.49;40.03,117.23;39.92,116.86;40.25,116.48;39.82,116.24;
#34:
>0:40.34,116.65;40.21,116.51;
#35:
>0:40.53,116.52;40.15,116.75;39.69,116.59;39.64,117.28;
#36:
>0:39.92,116.28;40.09,115.96;
#37:
>0:40.62,115.97;40.52,116.14;40.55,116.53;39.98,116.5;39.63,116.8;
#38:
>0:39.75,116.82;40.03,116.8;40.63,117.08;40.76,117.05;40.86,116.85;
#39:
>0:39.7,117.65;39.45,117.34;
#40:
>0:40.14,116.35;40.47,115.96;40.18,116.38;
#41:
>0:40.52,116.77;40.25,116.68;
#42:
>0:39.79,117.4;39.53,117.47;
#43:
>0:40.28,116.51;40.16,116.71;40.34,116.96;40.58,117.28;
#44:
>0:40.25,117.28;40.06,116.77;39.46,116.5;
#45:
>0:39.76,117.1;39.95,116.97;40.19,116.66;39.87,116.15;40.11,116.0;
#46:
>0:40.51,116.82;40.58,117.06;40.96,117.48;
#47:
>0:40.78,117.64;40.96,117.08;41.04,116.81;40.71,116.7;40.56,116.32;40.03,115.84;
#48:
>0:40.07,117.44;40.36,117.43;40.62,117.48;
#49:
>0:40.76,115.82;41.13,116.23;
#50:
>0:40.09,116.62;40.42,116.61;40.24,117.32;
#51:
>0:40.68,117.22;40.35,116.82;40.28,116.66;40.11,116.54;39.61,116.55;
#52:
>0:40.23,115.86;40.06,116.34;40.3,116.54;
#53:
>0:40.01,117.61;40.05,117.12;39.4,117.06;
#54:
>0:40.15,116.57;40.2,116.46;
#55:
>0:39.89,116.96;39.84,117.05;
#56:
>0:40.13,116.23;40.47,116.38;
#57:
>0:39.4,116.32;39.97,115.82;40.26,116.38;40.04,116.47;40.45,116.78;40.98,117.01;
#58:
>0:39.41,116.04;39.9,116.14;40.19,116.31;40.08,116.72;40.13,117.29;
#59:
>0:40.01,115.9;39.85,115.99;
#60:
>0:40.05,116.63;40.23,116.37;
#61:
>0:39.83,117.32;39.81,116.84;
#62:
>0:39.92,116.22;40.07,116.51;40.17,116.45;40.58,117.19;
#63:
>0:40.08,117.59;39.83,117.12;39.77,116.9;40.24,116.53;39.71,116.63;39.81,116.07;
#64:
>0:41.11,117.48;40.8,117.15;40.35,117.05;40.27,116.61;40.03,116.7;40.02,115.85;
#65:
>0:39.41,116.01;39.64,116.39;39.45,116.73;39.43,117.06;
#66:
>0:40.44,115.79;40.71,115.79;
#67:
>0:40.19,116.53;40.32,116.03;40.65,115.9;40.88,115.95;
#68:
>0:40.98,116.04;40.79,116.4;40.33,116.26;40.47,116.46;39.76,116.88;
#69:
>0:40.29,116.27;39.81,116.35;40.2,116.3;
#70:
>0:41.0,117.58;40.73,117.13;40.53,116.79;40.52,116.52;39.76,116.2;
#71:
>0:40.24,116.61;40.39,116.18;
#72:
>0:40.59,117.29;40.12,117.28;40.22,116.46;
#73:
>0:40.52,117.14;40.07,117.38;39.86,117.05;39.67,117.47;
#74:
>0:40.77,117.55;40.82,117.26;40.71,117.07;40.2,117.49;39.52,117.57;
#75:
>0:40.38,116.42;40.17,116.17;
#76:
>0:40.55,116.69;40.11,116.69;39.97,116.22;
#77:
>0:41.1,117.12;40.89,117.5;40.76,117.2;40.04,117.08;
#78:
>0:40.03,116.59;40.19,116.63;
#79:
>0:40.63,115.86;40.37,116.38;40.48,116.71;39.76,116.66;
#80:
>0:40.0,116.88;40.33,116.56;40.77,116.36;41.13,115.84;
#81:
>0:40.28,116.68;40.15,116.71;40.29,115.93;
#82:
>0:40.83,116.37;40.35,116.47;40.09,116.75;39.7,117.18;
#83:
>0:39.62,117.7;39.74,117.43;
#84:
>0:40.37,116.32;40.01,116.37;
#85:
>0:40.58,116.33;40.41,116.19;40.14,116.08;39.9,116.38;39.63,116.13;
#86:
>0:40.18,117.56;40.11,117.55;
#87:
>0:39.62,117.0;39.94,116.66;40.15,116.67;40.53,115.98;
#88:
>0:39.74,117.36;39.64,117.08;
#89:
>0:40.28,115.91;40.65,115.91;40.29,116.71;
#90:
>0:40.52,117.13;40.57,116.89;40.72,116.62;41.12,116.45;40.99,115.88;
#91:
>0:39.96,117.44;40.07,117.29;40.3,116.86;40.77,116.78;41.1,116.64;41.09,115.87;
#92:
>0:40.92,117.43;40.68,117.16;41.03,116.9;
#93:
>0:39.56,116.28;39.41,116.44;
#94:
>0:39.79,117.08;40.27,117.7;40.29,117.7;40.6,117.55;
#95:
>0:40.23,116.52;40.18,116.39;
#96:
>0:40.93,117.25;40.67,116.82;
#97:
>0:40.3,117.53;40.2,117.62;40.04,117.32;39.79,116.85;40.06,116.45;39.94,116.02;
#98:
>0:40.02,116.07;40.41,116.02;40.67,116.07;40.94,115.82;
#99:
>0:39.94,117.62;39.47,117.2;39.9,116.9;40.13,116.56;40.0,116.48;
#100:
>0:40.28,115.91;40.06,116.01;39.92,116.36;
#101:
>0:40.77,117.46;40.62,117.11;40.99,117.14;41.03,116.77;40.77,116.53;40.15,115.93;
#102:
>0:39.63,115.92;39.9,115.92;
#103:
>0:40.76,117.12;41.05,117.34;40.89,116.98;41.05,116.42;
#104:
>0:40.47,115.91;40.6,116.07;
#105:
>0:39.98,116.53;40.22,116.5;
#106:
>0:40.45,116.42;40.22,116.54;40.19,116.78;
#107:
>0:40.64,116.62;40.29,116.59;
#108:
>0:40.6,116.54;40.39,116.57;
#109:
>0:39.84,115.86;40.3,116.38;40.12,116.5;40.28,116.98;41.08,117.04;
#110:
>0:41.0,117.45;40.83,117.09;40.33,116.94;40.39,116.71;40.22,116.44;40.47,115.87;
#111:
>0:41.13,117.5;40.85,117.21;40.69,116.98;40.5,117.11;39.77,117.12;
#112:
>0:40.07,117.57;40.11,117.2;40.35,116.81;40.96,117.11;
#113:
>0:40.79,116.68;40.36,116.98;41.09,117.14;
#114:
>0:39.79,116.16;40.07,116.66;40.56,116.87;40.84,117.26;40.57,117.46;
#115:
>0:39.45,117.53;39.77,117.15;39.99,116.79;40.42,117.63;
#116:
>0:39.81,117.11;40.23,116.98;40.03,116.47;
#117:
>0:40.12,116.55;39.99,116.43;
#118:
>0:40.74,115.91;40.41,116.11;40.08,116.28;39.79,116.56;
#119:
>0:40.08,116.58;40.35,116.51;
#120:
>0:40.14,117.12;39.74,116.84;39.99,116.51;40.01,116.61;40.65,115.95;
#121:
>0:39.92,117.32;39.82,117.34;
#122:
>0:41.08,116.25;40.59,116.71;41.11,116.79;
#123:
>0:40.34,116.33;40.7,116.69;41.1,116.8;
#124:
>0:40.47,116.04;40.17,116.59;39.92,116.4;
#125:
>0:39.92,115.81;40.1,116.35;40.46,116.23;40.77,115.91;41.05,115.98;
#126:
>0:39.72,117.15;40.15,117.24;40.59,117.19;40.59,117.37;
#127:
>0:39.56,116.87;39.48,117.01;
#128:
>0:40.9,116.73;41.09,116.49;
#129:
>0:39.83,116.77;40.24,116.62;40.13,116.56;40.71,115.83;
#130:
>0:41.07,116.93;40.85,116.59;40.43,116.16;40.61,115.86;
#131:
>0:40.13,117.25;40.16,117.42;
#132:
>0:40.97,117.42;40.67,117.11;40.61,117.18;40.23,117.15;39.9,117.22;
#133:
>0:41.03,117.69;40.83,117.51;
#134:
>0:41.02,117.04;40.63,116.59;40.44,116.97;40.63,117.23;39.88,116.91;
#135:
>0:39.49,117.59;39.77,117.33;40.1,117.22;
#136:
>0:40.71,117.28;40.15,117.32;39.96,116.86;39.87,116.42;
#137:
>0:40.02,115.96;40.4,116.37;40.72,116.6;
#138:
>0:40.21,117.69;39.93,117.17;
#139:
>0:40.01,116.42;40.21,116.3;
#140:
>0:39.77,116.87;40.17,116.94;40.76,117.14;40.63,116.8;41.01,116.76;
#141:
>0:41.01,116.49;40.8,117.02;40.55,117.29;40.55,117.55;39.89,117.31;
#142:
>0:39.48,117.64;39.89,117.35;39.9,116.89;40.17,116.56;40.31,116.52;40.68,116.09;
#143:
>0:40.8,117.07;40.41,116.75;40.44,116.45;40.12,116.69;39.6,115.86;
#144:
>0:40.2,117.25;39.84,117.07;
#145:
>0:41.14,116.33;40.72,116.72;40.92,116.99;
#146:
>0:40.95,117.53;40.82,117.69;
#147:
>0:40.36,116.43;40.18,116.51;
#148:
>0:40.16,117.66;39.89,117.16;40.17,116.76;39.77,116.92;40.15,116.5;
#149:
>0:40.6,116.09;40.44,116.06;40.26,116.36;39.69,116.43;
#150:
>0:40.13,116.4;40.14,116.5;40.78,116.91;
#151:
>0:40.69,117.22;40.66,117.49;
#152:
>0:39.75,117.13;39.87,116.93;40.12,116.59;40.59,116.79;
#153:
>0:40.05,116.28;40.22,116.37;
#154:
>0:40.35,116.29;40.28,116.56;
#155:
>0:39.5,116.55;39.51,116.3;39.77,115.8;40.02,116.4;40.33,116.2;40.92,116.28;
#156:
>0:40.44,116.03;40.69,115.99;41.01,115.8;
#157:
>0:40.1,116.46;39.7,116.33;39.63,116.23;
#158:
>0:39.67,115.96;39.49,116.37;
#159:
>0:40.06,117.2;39.96,116.78;40.15,116.69;40.47,116.13;40.71,115.94;
#160:
>0:40.0,116.5;40.43,116.31;
#161:
>0:39.41,115.91;39.46,116.18;
#162:
>0:40.07,117.51;40.08,117.15;40.37,116.76;41.08,116.66;
#163:
>0:40.95,116.27;40.77,116.06;40.34,115.95;
#164:
>0:40.69,116.06;40.21,116.13;39.86,116.14;40.2,116.43;
#165:
>0:40.61,115.87;40.35,116.13;40.7,116.17;40.71,116.53;40.87,117.23;
#166:
>0:40.24,116.85;40.51,117.08;40.77,117.48;
#167:
>0:40.25,116.46;40.39,116.13;
#168:
>0:39.43,115.79;39.9,116.24;40.08,116.58;
#169:
>0:39.73,117.18;39.7,117.04;40.22,116.7;39.92,116.28;40.57,115.89;
#170:
>0:39.62,116.52;39.77,116.2;40.33,116.38;40.09,116.72;40.38,117.03;41.11,117.27;
#171:
>0:39.69,116.18;39.93,116.64;39.57,116.64;39.63,117.3;
#172:
>0:40.49,116.08;40.69,116.21;40.64,116.55;40.73,116.89;40.8,117.34;40.68,117.53;
#173:
>0:40.96,116.0;40.64,116.14;40.68,116.74;40.09,115.79;
#174:
>0:40.97,116.49;40.99,116.55;
#175:
>0:40.76,116.1;40.29,116.42;40.67,116.49;40.33,116.91;41.12,117.22;
#176:
>0:39.5,117.2;39.72,117.18;40.12,116.47;
#177:
>0:40.7,117.26;40.79,116.93;40.72,116.6;40.97,116.59;41.07,115.93;
#178:
>0:40.49,116.13;40.65,116.11;41.13,115.92;
#179:
>0:40.76,116.05;40.6,116.08;40.09,116.39;39.86,116.11;39.65,116.92;
#180:
>0:39.85,117.47;39.43,117.31;39.86,116.77;40.07,116.73;40.63,116.42;
#181:
>0:39.46,117.48;39.94,117.36;
#182:
>0:40.24,117.14;39.99,116.97;39.52,116.55;
#183:
>0:40.55,116.3;40.16,115.83;39.9,116.33;39.45,116.3;
#184:
>0:40.13,117.29;40.01,116.79;40.62,116.98;
#185:
>0:40.34,116.3;40.12,116.43;40.41,116.83;40.51,117.07;
#186:
>0:40.5,116.13;40.6,116.65;40.69,117.01;40.68,117.34;40.76,117.68;
#187:
>0:40.04,116.43;40.13,116.66;40.33,116.89;41.13,116.99;
#188:
>0:40.11,116.78;40.14,117.34;39.59,117.02;
#189:
>0:40.2,115.8;40.31,116.23;40.79,116.66;
#190:
>0:39.43,116.01;39.54,115.8;
#191:
>0:40.73,116.43;40.75,116.81;40.56,117.06;40.11,117.7;
#192:
>0:40.57,116.15;40.47,116.72;40.04,116.59;39.9,116.73;39.53,117.33;
#193:
>0:39.79,117.5;39.63,117.36;
#194:
>0:39.56,117.13;39.8,116.92;40.26,116.76;40.59,117.16;40.71,116.78;40.93,116.39;
#195:
>0:40.29,116.12;40.17,116.34;40.08,116.89;
#196:
>0:40.47,115.83;40.48,115.87;
#197:
>0:40.19,115.85;40.13,116.52;39.91,116.21;39.91,116.67;39.51,117.19;
#198:
>0:40.33,117.53;40.65,117.31;40.98,116.8;
#199:
>0:39.92,116.55;39.66,117.02;39.81,117.23;
#200:
>0:39.99,117.62;40.36,117.52;40.74,117.53;
#201:
>0:40.41,116.88;40.29,116.43;39.98,116.87;39.56,117.06;
