#0:
>0:40.42,117.65;40.13,117.11;
#1:
>0:40.68,116.9;40.62,117.19;40.14,117.37;39.97,117.18;39.54,117.35;
#2:
>0:40.61,117.5;40.78,117.22;40.51,116.79;40.41,116.47;40.54,116.28;
#3:
>0:40.74,116.62;40.75,116.27;40.34,116.72;40.06,116.6;39.48,116.29;
#4:
>0:40.98,117.17;40.7,116.93;40.3,116.68;40.16,116.48;40.55,115.92;
#5:
>0:39.5,115.92;39.9,116.28;40.11,116.25;39.82,116.58;39.96,116.94;40.33,117.54;
#6:
>0:40.42,116.29;40.1,116.44;40.65,116.63;
#7:
>0:39.97,117.49;40.05,117.25;40.5,116.76;40.59,116.63;40.94,116.32;
#8:
>0:40.96,116.27;40.63,116.7;40.36,116.98;40.19,117.36;39.87,117.32;
#9:
>0:41.04,117.19;40.78,117.68;40.54,116.88;
#10:
>0:39.7,116.55;39.96,116.96;40.24,117.25;40.64,117.42;41.14,117.3;
#11:
>0:40.92,117.31;40.81,117.33;40.37,117.55;40.03,117.14;
#12:
>0:40.56,116.28;40.65,116.69;40.89,116.54;40.82,116.85;41.01,117.47;
#13:
>0:40.37,116.53;40.14,116.29;
#14:
>0:39.54,117.62;39.56,117.67;
#15:
>0:40.74,117.06;40.33,116.69;
#16:
>0:40.61,116.61;40.38,116.19;40.18,116.55;39.78,116.49;39.59,116.88;
#17:
>0:40.32,117.58;40.51,117.11;40.35,116.95;40.32,116.58;
#18:
>0:40.78,116.63;40.43,116.31;40.42,115.8;
#19:
>0:40.24,117.5;40.73,117.17;40.3,116.99;
#20:
>0:41.14,115.84;40.56,116.27;40.71,116.51;
#21:
>0:40.42,116.05;40.06,115.86;40.1,116.51;39.69,116.64;39.88,117.26;
#22:
>0:40.76,116.98;40.46,116.6;39.98,116.51;40.04,116.51;39.57,116.91;
#23:
>0:40.99,117.59;40.82,117.12;40.71,117.14;
#24:
>0:40.77,115.93;40.57,116.26;
#25:
>0:40.59,116.33;40.38,116.64;40.35,117.08;39.74,117.21;39.65,117.32;
#26:
>0:39.73,115.84;39.65,116.36;39.97,116.53;
#27:
>0:40.62,117.49;40.56,117.07;40.4,116.99;40.35,116.72;
#28:
>0:40.77,115.95;40.81,115.83;
#29:
>0:41.03,116.81;40.67,116.72;40.46,116.18;40.18,116.66;
#30:
>0:39.69,116.93;39.84,116.89;39.76,117.26;40.2,117.0;40.53,116.74;40.93,116.75;
#31:
>0:39.55,116.71;39.47,116.8;
#32:
>0:39.9,117.35;40.25,117.06;40.4,116.5;40.34,116.14;
#33:
>0:40.49,117.51;40.12,117.41;
#34:
>0:40.95,117.03;40.58,116.58;40.41,116.35;40.11,116.6;40.12,116.55;39.53,115.79;
#35:
>0:40.79,115.95;40.77,116.28;
#36:
>0:40.7,117.32;41.1,117.3;
#37:
>0:40.55,116.93;40.19,116.62;40.29,116.33;39.59,116.73;
#38:
>0:39.97,115.83;40.32,116.27;40.31,116.5;40.64,116.91;
#39:
>0:40.28,116.51;40.05,116.46;40.41,116.45;40.32,116.48;
#40:
>0:40.72,117.18;40.34,116.77;40.51,116.63;40.18,116.48;
#41:
>0:40.68,116.28;40.45,116.49;40.26,117.02;39.74,117.0;
#42:
>0:40.28,116.36;39.76,116.73;39.46,116.92;
#43:
>0:40.77,116.73;40.37,116.21;40.25,116.7;40.27,116.46;39.54,116.76;
#44:
>0:39.92,116.93;39.66,117.02;39.61,116.91;39.69,115.93;
#45:
>0:40.11,115.92;40.18,116.35;39.81,116.51;39.88,117.07;39.68,117.11;
#46:
>0:41.04,116.08;40.79,116.09;40.35,116.39;40.22,116.43;39.89,116.54;39.55,116.32;
#47:
>0:40.78,117.47;40.69,117.23;40.53,116.83;40.33,116.51;40.3,116.21;
#48:
>0:40.47,116.57;40.32,116.9;
#49:
>0:40.35,116.01;40.5,115.93;
#50:
>0:40.94,117.23;40.83,116.93;40.5,116.45;40.07,116.65;40.55,115.89;
#51:
>0:40.0,115.99;40.48,116.27;40.72,116.62;40.84,116.99;
#52:
>0:40.52,116.01;40.42,116.08;
#53:
>0:39.85,116.29;40.25,116.31;40.34,115.95;
#54:
>0:39.74,116.87;39.67,116.91;39.71,116.69;40.31,116.96;40.44,116.64;41.0,116.71;
#55:
>0:40.64,117.43;40.24,117.0;40.29,116.6;40.01,116.52;39.96,115.86;
#56:
>0:40.57,116.93;40.48,116.67;
#57:
>0:39.74,117.57;40.03,117.46;40.08,117.26;40.73,116.74;
#58:
>0:39.85,116.49;39.95,116.79;40.29,116.57;
#59:
>0:40.42,116.64;40.42,116.15;40.64,116.32;40.9,116.11;
#60:
>0:39.6,117.18;39.96,117.11;40.34,117.05;40.5,117.1;40.69,117.59;41.04,117.63;
#61:
>0:40.61,116.73;40.76,116.42;40.54,116.69;40.17,116.62;39.57,115.96;
#62:
>0:40.07,116.57;40.16,116.46;40.03,116.47;40.44,116.12;
#63:
>0:40.72,117.48;40.68,117.24;40.28,117.04;40.56,116.57;39.77,116.4;
#64:
>0:40.18,117.16;40.4,117.56;40.56,117.21;41.01,116.43;
#65:
>0:40.24,116.5;40.13,116.1;40.09,116.48;40.36,116.45;
#66:
>0:40.67,116.7;41.02,116.12;40.85,115.8;
#67:
>0:40.61,117.22;40.13,116.78;40.3,116.53;40.1,116.47;
#68:
>0:40.26,115.81;40.2,116.43;40.2,116.44;
#69:
>0:40.02,116.33;40.41,116.16;
#70:
>0:41.04,116.25;40.58,116.02;40.41,116.26;39.98,116.52;39.81,116.43;39.51,117.2;
#71:
>0:40.3,117.39;40.63,117.08;40.22,116.99;40.73,116.47;
#72:
>0:40.55,117.45;40.14,117.07;39.84,117.17;
#73:
>0:40.64,117.13;40.37,116.91;40.47,116.72;40.81,116.19;
#74:
>0:40.24,115.81;40.47,116.16;40.73,116.57;40.97,116.82;
#75:
>0:40.33,116.2;40.71,116.52;40.68,117.01;
#76:
>0:40.41,117.14;39.71,117.23;
#77:
>0:41.01,117.41;40.68,117.18;40.5,116.94;40.33,116.99;
#78:
>0:40.38,116.72;40.09,116.79;40.19,117.1;
#79:
>0:39.72,116.4;40.34,116.51;
#80:
>0:40.1,116.51;40.33,116.48;
#81:
>0:39.5,117.64;39.5,117.34;39.93,117.34;40.25,116.95;40.4,116.63;40.85,116.58;
#82:
>0:39.49,116.0;39.76,116.17;40.26,116.44;39.86,116.57;39.71,116.8;40.56,117.44;
#83:
>0:40.6,116.67;40.31,116.4;40.55,116.48;39.99,116.66;39.49,115.97;
#84:
>0:40.45,117.67;40.72,117.08;40.14,117.16;40.74,116.62;
#85:
>0:40.77,117.36;40.45,116.86;
#86:
>0:40.35,116.64;40.23,116.99;40.61,117.27;39.98,117.66;
#87:
>0:40.76,116.52;41.11,116.52;40.83,117.06;40.88,117.51;
#88:
>0:39.62,117.47;39.48,117.26;39.56,116.85;
#89:
>0:40.36,117.5;40.76,117.12;41.14,116.75;41.09,116.54;40.91,116.29;40.94,115.93;
#90:
>0:40.48,116.83;40.81,117.32;
#91:
>0:39.77,115.93;39.56,116.37;39.84,116.71;39.9,116.96;40.23,117.23;40.83,117.61;
#92:
>0:41.11,115.8;40.8,116.39;40.52,116.67;40.31,117.01;
#93:
>0:40.32,117.42;40.0,117.4;40.57,117.12;40.52,116.63;
#94:
>0:39.74,116.21;40.21,115.85;40.46,116.17;40.67,115.84;41.13,115.85;
#95:
>0:41.1,117.21;40.81,117.32;40.63,117.32;
#96:
>0:40.75,117.25;40.5,116.89;40.8,116.56;40.39,116.27;40.79,116.0;
#97:
>0:39.76,116.69;39.74,116.37;39.77,116.15;40.25,116.26;40.61,116.25;
#98:
>0:40.83,116.67;40.5,116.12;40.57,115.86;
#99:
>0:40.97,117.15;40.61,116.88;40.58,116.55;
#100:
>0:40.82,116.68;40.4,116.2;40.43,116.67;40.18,116.58;39.6,115.85;
#101:
>0:40.53,116.14;40.1,116.67;
#102:
>0:40.85,116.83;40.81,117.28;40.52,117.37;
#103:
>0:40.52,116.96;40.46,116.79;
#104:
>0:40.39,115.84;40.05,116.05;40.09,116.65;40.07,116.38;
#105:
>0:39.8,117.2;40.24,117.12;40.05,116.57;39.9,116.13;39.96,115.92;
#106:
>0:40.83,116.74;40.83,116.39;40.53,116.62;40.06,116.47;39.67,115.82;
#107:
>0:40.53,117.46;40.69,117.11;41.06,116.82;
#108:
>0:40.26,117.18;40.63,117.3;40.43,116.55;
#109:
>0:40.76,117.55;40.65,117.24;40.38,117.02;40.04,116.53;39.59,116.4;
#110:
>0:40.62,117.36;40.53,116.81;40.7,116.6;
#111:
>0:40.72,115.79;40.82,116.28;
#112:
>0:39.75,116.39;40.24,115.9;40.41,116.16;40.58,115.98;41.1,116.01;
#113:
>0:40.14,116.58;39.87,116.37;40.21,116.74;40.3,116.37;40.16,116.74;39.75,116.21;40.35,116.28;39.86,116.34;40.06,116.36;
#114:
>0:40.12,115.9;40.09,116.21;39.78,116.49;39.76,116.93;39.69,117.16;
#115:
>0:40.87,116.36;40.64,115.8;40.38,116.29;40.08,116.4;39.96,116.95;
#116:
>0:40.31,116.46;39.99,116.51;
#117:
>0:39.77,116.8;40.02,116.64;40.37,116.33;40.61,116.26;41.08,116.33;
#118:
>0:40.35,116.85;40.69,117.15;
#119:
>0:40.43,116.67;40.3,116.23;
#120:
>0:39.71,117.26;40.03,116.89;40.29,116.61;40.74,116.29;41.08,116.15;
#121:
>0:39.73,117.45;40.26,117.4;40.55,117.24;40.15,117.16;40.14,116.47;39.83,116.04;
#122:
>0:40.41,117.49;40.67,117.24;41.11,117.51;
#123:
>0:40.48,117.67;40.81,117.22;40.96,116.98;41.14,116.7;40.94,116.27;41.04,116.03;
#124:
>0:40.65,116.62;40.56,116.29;40.3,115.81;
#125:
>0:40.73,117.17;40.21,117.02;40.44,116.44;40.24,116.53;
#126:
>0:40.41,116.82;40.63,117.34;
#127:
>0:39.83,116.81;40.16,116.97;40.47,117.65;
#128:
>0:41.11,116.65;40.74,116.27;40.76,116.1;
#129:
>0:40.24,116.49;40.01,116.72;
#130:
>0:39.72,117.54;40.06,117.71;40.57,117.3;40.7,117.0;41.05,117.68;
#131:
>0:40.27,116.42;40.19,116.67;40.21,116.38;40.18,116.48;
#132:
>0:41.1,116.84;40.79,117.07;40.48,117.54;
#133:
>0:40.71,116.68;40.38,116.96;40.04,117.36;39.78,117.7;
#134:
>0:39.87,117.48;40.24,117.7;40.32,117.69;40.75,117.52;
#135:
>0:40.18,117.57;40.13,117.36;40.66,117.13;40.26,117.04;40.54,116.48;40.82,115.92;
#136:
>0:40.38,116.16;40.82,116.6;40.69,117.0;40.63,117.24;
#137:
>0:40.34,117.57;40.64,117.23;40.99,116.98;
#138:
>0:40.35,116.03;40.47,116.28;40.27,116.52;40.55,116.84;
#139:
>0:39.82,116.2;40.09,116.56;40.47,116.88;40.76,117.05;
#140:
>0:41.02,116.85;40.72,116.73;40.42,116.14;40.24,116.52;40.09,116.21;39.44,115.97;
#141:
>0:40.19,116.35;40.12,116.6;
#142:
>0:39.48,117.54;39.5,117.07;39.96,117.2;40.29,116.83;40.53,116.72;40.75,115.99;
#143:
>0:40.91,117.69;40.58,117.25;40.77,117.13;
#144:
>0:39.9,116.26;40.22,116.62;40.3,116.88;40.76,117.05;
#145:
>0:40.23,116.95;40.74,117.18;40.15,117.64;
#146:
>0:40.84,116.08;40.41,116.12;40.3,116.42;40.06,116.54;39.56,116.06;
#147:
>0:40.47,116.33;40.2,116.73;
#148:
>0:41.13,116.7;40.65,116.96;40.62,117.31;40.03,117.14;
#149:
>0:40.72,116.74;40.48,116.11;40.14,116.49;40.13,116.49;39.54,116.84;
#150:
>0:39.88,116.96;39.54,116.91;39.64,116.89;39.92,116.05;
#151:
>0:39.89,116.27;40.04,115.96;40.41,115.98;40.67,115.81;40.95,116.0;
#152:
>0:40.63,115.92;40.38,116.15;40.01,116.55;40.09,116.36;39.44,116.05;
#153:
>0:40.42,117.65;40.65,117.15;41.04,116.77;40.95,116.73;40.9,116.13;41.13,115.95;
#154:
>0:39.82,116.82;39.86,116.86;40.39,117.26;40.4,116.39;
#155:
>0:39.78,117.61;40.08,117.52;40.6,117.35;
#156:
>0:39.8,116.25;40.21,116.6;40.5,116.83;40.85,116.86;
#157:
>0:39.7,116.05;40.28,116.43;40.4,116.42;
#158:
>0:40.29,117.06;40.79,116.47;40.7,116.37;
#159:
>0:39.84,117.35;40.26,116.76;40.51,116.59;40.49,116.2;
#160:
>0:40.26,117.1;40.36,117.43;40.64,117.09;41.01,117.11;
#161:
>0:40.27,116.19;39.79,116.45;40.34,117.02;40.76,117.18;40.86,117.4;
#162:
>0:39.69,117.7;40.26,117.6;40.67,117.15;
#163:
>0:40.43,115.88;40.22,116.05;40.3,116.12;39.72,116.65;40.13,116.99;40.27,117.66;
#164:
>0:40.88,116.77;40.69,116.86;40.55,116.75;40.27,117.11;39.95,116.76;
#165:
>0:40.9,117.23;40.87,116.81;
#166:
>0:40.91,117.32;40.69,116.85;40.4,116.59;39.99,116.71;40.45,116.01;
#167:
>0:39.65,116.57;39.85,116.6;39.97,116.98;39.6,117.02;39.84,117.54;
#168:
>0:41.0,117.33;40.63,117.43;40.72,117.36;40.39,117.51;39.91,117.68;
#169:
>0:39.9,116.83;40.2,116.67;40.4,116.41;40.64,116.28;40.89,116.27;
#170:
>0:40.13,117.49;40.57,117.35;40.35,117.1;40.16,116.53;40.38,116.29;39.66,115.84;
#171:
>0:40.37,115.87;40.15,115.85;40.27,116.43;39.89,116.51;40.22,117.19;
#172:
>0:40.7,117.2;40.58,116.79;40.96,116.73;41.06,116.31;
#173:
>0:40.7,117.14;41.06,117.14;
#174:
>0:39.96,116.18;39.81,116.74;39.45,116.79;39.4,117.36;39.45,117.7;
#175:
>0:40.86,116.59;40.76,116.74;
#176:
>0:40.13,117.09;40.7,117.14;40.77,117.66;41.14,117.13;
#177:
>0:39.87,116.83;39.9,116.51;
#178:
>0:40.44,116.2;40.81,115.89;41.14,115.96;
#179:
>0:39.44,117.07;39.78,117.67;39.99,117.48;40.27,117.6;
#180:
>0:39.79,116.88;39.94,117.06;
#181:
>0:41.01,115.83;40.57,116.0;40.55,116.27;40.05,116.7;39.74,116.0;
#182:
>0:40.27,116.06;40.7,116.14;40.6,115.82;40.48,116.25;40.1,116.51;
#183:
>0:39.79,115.97;40.26,116.51;40.28,116.74;40.73,116.84;40.86,117.13;
#184:
>0:40.03,116.04;40.56,115.83;
#185:
>0:40.3,116.29;40.09,116.46;39.75,116.6;
#186:
>0:40.15,116.48;39.83,116.52;39.98,116.46;
#187:
>0:40.23,117.63;39.78,117.36;
#188:
>0:40.62,115.85;40.29,116.12;40.29,116.67;40.3,117.02;
#189:
>0:40.56,117.14;40.37,117.17;40.48,116.67;40.3,116.46;
#190:
>0:41.12,117.0;40.68,116.49;40.39,116.51;
#191:
>0:39.83,116.22;40.33,116.55;40.27,116.22;
#192:
>0:39.67,115.87;39.83,116.29;40.17,115.87;
#193:
>0:40.13,116.51;40.14,116.74;40.09,116.37;40.07,116.35;
#194:
>0:39.91,116.8;39.81,116.79;
#195:
>0:40.67,116.7;40.35,116.27;39.98,116.52;40.12,116.53;39.75,116.83;
#196:
>0:40.9,116.69;40.72,116.82;40.75,117.39;40.25,117.38;
#197:
>0:40.7,117.21;40.47,116.89;40.52,116.7;40.33,116.32;
#198:
>0:41.06,117.32;40.9,116.83;
#199:
>0:39.51,116.05;39.93,116.28;39.41,116.47;39.77,116.95;39.94,116.76;40.38,117.7;
#200:
>0:40.37,116.89;40.06,117.09;39.84,117.14;39.66,117.12;
#201:
>0:40.24,116.38;40.03,116.69;
