#0:
>0:40.29,116.22;40.02,116.47;40.29,116.39;39.83,116.18;40.1,116.25;40.17,116.14;
#1:
>0:40.42,117.69;40.18,117.21;40.11,116.77;39.8,116.59;
#2:
>0:40.92,115.81;40.61,116.27;40.42,116.0;40.25,115.86;
#3:
>0:40.66,116.61;41.09,116.87;40.41,117.38;
#4:
>0:40.41,116.25;40.36,116.49;40.0,116.35;
#5:
>0:40.83,117.6;40.39,117.26;39.99,117.04;
#6:
>0:40.66,116.77;40.43,116.67;
#7:
>0:40.27,117.08;40.36,116.82;
#8:
>0:40.18,116.27;40.2,116.74;39.83,116.35;
#9:
>0:40.34,116.27;40.12,116.64;40.41,116.52;40.0,116.22;
#10:
>0:40.75,116.19;40.35,116.24;40.98,116.98;
#11:
>0:39.57,115.96;39.85,116.32;40.15,116.51;40.28,116.52;40.15,116.9;40.55,117.44;
#12:
>0:40.34,116.23;40.12,116.71;40.19,116.21;
#13:
>0:40.05,117.7;40.5,117.7;40.77,117.49;
#14:
>0:40.04,116.47;40.34,115.99;40.24,116.32;
#15:
>0:39.4,117.05;39.62,116.6;40.14,117.14;
#16:
>0:40.71,115.92;40.96,115.85;40.67,116.17;40.82,116.6;41.12,117.14;
#17:
>0:39.5,117.59;39.88,117.45;39.69,117.37;40.05,116.76;40.18,116.63;40.06,116.07;
#18:
>0:41.08,117.34;40.59,117.49;40.66,117.16;40.22,117.36;
#19:
>0:41.01,117.35;41.07,116.85;41.12,116.43;
#20:
>0:40.1,116.58;40.26,115.95;40.0,116.3;
#21:
>0:40.97,117.01;41.09,117.07;
#22:
>0:39.62,117.65;39.7,117.41;39.81,117.25;39.99,117.27;40.51,117.63;41.01,117.31;
#23:
>0:40.19,116.55;40.23,116.54;
#24:
>0:40.64,115.95;40.76,116.03;
#25:
>0:40.0,116.9;40.04,116.53;40.16,116.4;40.36,115.79;
#26:
>0:41.01,116.34;40.92,115.87;
#27:
>0:40.98,116.13;40.62,116.14;40.44,116.21;40.1,116.67;39.92,116.59;39.48,117.31;
#28:
>0:40.83,116.38;40.46,116.39;40.87,116.86;
#29:
>0:40.1,116.2;39.76,116.31;40.14,116.22;40.36,116.44;40.04,116.16;
#30:
>0:40.02,116.4;39.99,116.56;
#31:
>0:40.12,116.28;40.05,116.51;
#32:
>0:39.57,116.84;39.49,116.71;39.79,116.46;40.13,116.18;40.45,115.91;41.07,116.01;
#33:
>0:40.06,116.2;40.29,116.54;40.14,116.17;
#34:
>0:40.22,115.91;40.13,116.11;39.95,116.55;
#35:
>0:40.51,116.07;40.18,116.06;40.04,116.4;40.21,116.14;
#36:
>0:39.8,116.94;39.77,116.46;40.22,116.28;39.47,115.8;
#37:
>0:40.24,116.31;40.26,116.28;
#38:
>0:39.5,117.35;39.84,116.97;39.76,116.53;40.15,116.57;40.3,116.34;40.9,115.93;
#39:
>0:39.6,117.44;39.96,117.4;39.95,117.33;40.18,116.8;40.17,116.56;40.12,115.93;
#40:
>0:40.83,117.65;40.31,117.08;
#41:
>0:40.6,117.27;40.31,117.0;40.31,116.52;
#42:
>0:40.2,116.39;39.93,116.4;39.67,116.01;40.06,116.37;
#43:
>0:39.69,117.12;40.19,117.34;40.36,117.11;
#44:
>0:39.53,117.58;39.94,117.48;39.75,117.27;40.22,117.05;40.07,116.57;40.0,115.98;
#45:
>0:40.26,116.4;40.03,116.41;
#46:
>0:40.82,117.59;40.83,117.09;40.81,117.05;40.58,116.57;40.64,116.28;40.7,115.83;
#47:
>0:40.01,116.54;40.04,116.53;
#48:
>0:39.78,117.14;39.98,116.75;39.83,116.52;40.18,116.52;
#49:
>0:39.69,116.9;40.25,117.13;40.41,117.53;40.61,117.62;
#50:
>0:41.12,115.99;40.76,116.14;40.5,116.17;40.67,116.44;41.08,116.8;41.05,117.4;
#51:
>0:39.47,117.44;39.77,117.42;39.95,117.27;40.18,116.83;40.34,116.88;41.08,116.9;
#52:
>0:40.23,116.5;40.38,116.72;40.29,116.79;40.93,116.18;
#53:
>0:40.18,116.25;40.08,116.28;
#54:
>0:40.17,116.09;40.09,116.4;40.25,116.5;39.87,116.9;
#55:
>0:40.32,116.9;40.15,116.84;
#56:
>0:39.78,116.4;40.34,116.34;40.28,116.47;
#57:
>0:39.94,117.32;40.18,117.32;40.07,116.73;
#58:
>0:41.14,117.05;40.72,116.44;40.65,116.26;40.79,115.9;
#59:
>0:40.93,117.04;41.09,117.24;
#60:
>0:40.21,116.48;40.04,116.36;
#61:
>0:40.38,116.27;40.48,116.14;40.47,116.6;40.13,117.34;
#62:
>0:40.55,115.79;40.06,115.85;40.12,116.28;40.15,116.48;
#63:
>0:40.34,116.55;40.56,116.11;40.73,116.11;40.06,116.13;
#64:
>0:39.81,117.6;40.11,117.17;39.87,117.16;39.49,116.43;
#65:
>0:40.1,116.35;40.05,116.47;
#66:
>0:39.76,117.11;39.81,117.13;
#67:
>0:40.02,117.63;40.48,117.16;40.2,117.09;40.14,117.06;40.21,116.46;39.94,115.96;
#68:
>0:40.06,116.36;40.21,116.5;
#69:
>0:41.08,117.01;40.86,117.07;40.73,117.66;
#70:
>0:40.15,116.23;40.23,116.28;
#71:
>0:39.52,116.91;39.78,117.34;40.21,116.91;
#72:
>0:39.71,116.61;39.77,116.86;39.4,117.12;39.64,117.43;
#73:
>0:40.02,116.38;40.3,116.61;40.39,116.3;
#74:
>0:40.65,116.2;40.53,115.9;40.21,116.03;39.7,115.87;
#75:
>0:39.46,116.62;39.75,116.68;39.99,116.44;40.05,115.8;40.82,116.31;
#76:
>0:41.07,117.66;40.69,117.17;41.13,117.31;40.57,116.57;
#77:
>0:39.79,116.25;40.21,116.24;40.06,115.99;40.74,116.04;
#78:
>0:40.7,117.3;40.37,116.92;40.08,116.63;39.98,116.58;39.41,116.17;
#79:
>0:39.49,116.99;39.47,116.49;39.95,116.53;40.17,116.36;40.83,115.84;
#80:
>0:41.06,117.08;40.97,117.45;40.58,117.25;40.06,117.26;
#81:
>0:39.96,116.28;40.25,116.35;
#82:
>0:40.64,116.64;41.09,116.92;41.08,117.24;
#83:
>0:39.91,117.05;39.85,116.72;
#84:
>0:41.03,116.25;41.07,116.05;
#85:
>0:39.96,116.12;40.09,116.48;40.42,116.61;40.29,117.24;
#86:
>0:40.48,116.91;40.29,117.17;40.48,117.66;
#87:
>0:40.23,116.52;40.05,116.63;40.42,116.49;40.07,116.55;
#88:
>0:40.38,115.9;40.71,116.19;40.58,116.62;40.62,116.87;
#89:
>0:40.14,116.96;40.07,116.72;40.26,116.44;40.31,116.02;
#90:
>0:40.91,117.46;40.6,117.37;40.87,117.08;40.96,117.03;41.09,116.23;
#91:
>0:39.85,116.61;40.37,116.41;
#92:
>0:40.6,115.81;40.5,116.29;40.35,116.49;40.23,116.79;39.72,117.08;40.25,117.53;
#93:
>0:39.89,116.7;40.17,116.44;40.28,116.82;40.79,116.46;40.93,117.16;
#94:
>0:40.35,116.11;40.0,116.63;40.1,116.34;
#95:
>0:40.84,116.27;40.29,115.95;40.02,116.3;
#96:
>0:40.28,115.9;40.23,116.17;40.03,116.7;40.11,116.87;
#97:
>0:40.15,116.43;40.5,116.72;40.0,116.16;
#98:
>0:40.74,117.28;40.53,117.04;40.53,116.52;
#99:
>0:40.83,116.38;40.81,116.53;
#100:
>0:40.44,115.98;40.17,116.28;39.93,116.44;
#101:
>0:39.55,116.8;39.82,117.37;40.1,117.19;
#102:
>0:40.94,116.56;41.08,116.84;41.08,117.22;40.35,117.58;
#103:
>0:40.04,116.86;39.91,116.6;
#104:
>0:40.19,116.43;40.11,116.55;40.34,116.27;40.29,116.36;
#105:
>0:40.43,117.41;40.19,117.1;39.85,116.95;39.62,116.48;39.47,116.35;
#106:
>0:40.36,116.78;40.34,117.23;40.39,117.65;
#107:
>0:40.03,116.31;40.09,116.62;40.04,116.13;
#108:
>0:40.5,117.48;40.19,117.13;40.03,116.76;40.15,116.57;39.82,116.36;
#109:
>0:41.06,116.83;40.97,117.23;41.0,117.59;
#110:
>0:40.03,116.15;40.27,116.27;
#111:
>0:39.98,116.29;40.11,116.47;
#112:
>0:40.38,116.16;39.72,116.19;40.03,116.19;40.39,116.39;
#113:
>0:40.3,116.3;39.78,116.14;40.06,116.38;40.19,116.67;40.16,116.4;
#114:
>0:40.18,116.35;40.36,116.03;40.01,116.36;
#115:
>0:39.52,116.12;39.8,116.52;39.48,116.53;39.85,116.9;40.37,117.42;
#116:
>0:40.36,116.85;40.17,116.47;
#117:
>0:40.12,115.95;40.17,116.18;39.98,116.54;40.3,116.79;
#118:
>0:40.17,116.37;39.86,116.42;40.22,116.16;40.0,116.7;40.22,116.31;40.05,116.28;
#119:
>0:40.53,116.06;40.33,115.9;
#120:
>0:40.68,116.09;40.53,116.4;40.78,116.52;41.11,116.8;40.37,117.2;
#121:
>0:39.61,116.9;39.48,116.44;
#122:
>0:40.61,116.65;40.37,116.91;40.05,117.12;39.75,117.68;
#123:
>0:40.17,116.31;40.19,116.4;
#124:
>0:40.97,117.34;41.04,117.42;40.84,117.21;40.24,117.26;
#125:
>0:41.03,117.14;40.94,117.63;40.78,117.17;40.1,117.17;
#126:
>0:40.17,116.44;40.31,116.46;40.39,116.2;41.13,116.13;
#127:
>0:39.84,117.27;39.87,117.47;
#128:
>0:40.13,117.67;40.28,117.58;40.73,117.56;
#129:
>0:40.18,116.41;40.16,116.55;
#130:
>0:40.87,117.19;40.83,116.98;40.3,116.61;40.34,116.39;
#131:
>0:40.5,115.89;40.16,115.91;40.31,116.06;40.17,116.26;
#132:
>0:39.73,116.71;39.89,117.05;
#133:
>0:39.97,116.87;39.76,116.64;
#134:
>0:40.48,116.97;40.12,116.9;
#135:
>0:40.28,116.3;40.75,116.54;
#136:
>0:40.16,116.19;40.35,116.55;40.0,116.31;
#137:
>0:40.5,116.86;40.58,116.69;41.08,116.29;41.13,115.93;
#138:
>0:40.53,115.93;39.99,116.27;40.11,116.57;39.87,116.46;39.46,117.26;
#139:
>0:40.93,116.24;40.7,116.5;40.97,116.79;40.38,117.12;
#140:
>0:40.32,116.21;40.55,116.09;40.39,116.57;
#141:
>0:40.17,117.34;40.16,116.76;40.45,117.01;40.94,116.37;
#142:
>0:39.99,116.29;40.16,116.43;40.3,116.36;
#143:
>0:41.1,116.03;40.69,116.14;40.39,116.11;40.08,116.97;
#144:
>0:40.59,117.05;40.56,117.26;40.2,116.76;39.81,116.74;39.54,117.23;
#145:
>0:39.92,117.45;39.77,117.3;40.12,116.93;
#146:
>0:40.58,116.86;41.12,116.83;
#147:
>0:40.82,116.5;40.64,116.17;40.64,115.91;
#148:
>0:40.1,117.15;40.19,117.63;40.3,117.22;41.01,116.62;
#149:
>0:40.07,116.47;40.25,116.32;
#150:
>0:40.47,116.28;40.75,116.68;40.77,116.86;
#151:
>0:39.44,117.28;39.71,117.0;39.9,116.46;40.23,116.28;40.42,116.15;41.1,115.89;
#152:
>0:40.95,117.0;40.59,116.78;40.49,117.36;40.08,117.06;
#153:
>0:40.48,116.94;40.75,117.14;40.6,117.58;
#154:
>0:39.68,116.06;39.87,116.36;40.06,116.21;40.45,116.74;
#155:
>0:41.01,116.88;41.13,117.33;40.62,117.24;40.27,117.56;39.85,117.34;
#156:
>0:40.49,116.91;40.36,117.23;40.55,117.49;
#157:
>0:40.37,116.93;40.1,116.81;40.17,117.35;39.65,117.02;
#158:
>0:40.11,116.58;40.17,116.59;
#159:
>0:40.16,117.34;39.99,116.77;40.47,116.78;41.09,116.31;
#160:
>0:39.97,116.62;39.46,116.47;39.82,116.86;39.4,117.53;
#161:
>0:40.22,116.54;39.89,116.4;40.17,116.55;40.0,116.37;
#162:
>0:40.95,116.28;40.85,116.19;40.51,116.15;
#163:
>0:40.33,117.21;40.42,116.92;
#164:
>0:41.12,116.29;40.97,116.01;
#165:
>0:40.57,117.27;40.43,117.61;40.18,117.27;40.01,116.94;39.56,117.65;
#166:
>0:40.87,117.46;41.13,117.17;41.13,116.78;40.76,116.71;40.6,116.27;
#167:
>0:39.98,116.38;39.93,116.33;40.22,116.35;40.06,116.31;
#168:
>0:39.84,117.21;39.95,117.4;
#169:
>0:40.39,115.92;40.55,115.97;
#170:
>0:40.51,116.69;40.09,116.98;39.78,117.12;
#171:
>0:40.25,116.13;40.22,116.34;
#172:
>0:39.97,116.61;39.54,116.5;39.52,117.25;
#173:
>0:39.47,115.89;39.93,116.23;40.13,116.18;40.42,116.26;40.77,116.55;41.11,117.26;
#174:
>0:40.6,116.5;40.92,116.75;40.49,117.17;
#175:
>0:41.12,117.48;40.71,117.15;40.41,117.6;40.25,117.2;39.91,117.33;
#176:
>0:40.94,116.88;40.85,117.25;41.12,117.46;
#177:
>0:40.97,116.88;40.89,117.25;40.57,117.51;
#178:
>0:40.26,116.28;40.02,116.49;
#179:
>0:39.93,116.23;40.09,116.43;40.01,116.48;40.28,117.17;
#180:
>0:40.62,117.19;40.33,117.41;
#181:
>0:40.77,116.06;40.68,116.16;
#182:
>0:40.44,116.86;40.61,116.59;40.86,116.2;40.46,116.0;
#183:
>0:39.8,116.19;40.24,116.54;
#184:
>0:39.79,117.62;39.78,117.09;40.24,116.99;
#185:
>0:39.9,117.08;39.98,116.81;40.49,116.74;
#186:
>0:41.12,115.95;40.7,116.35;40.47,116.18;40.37,116.72;40.12,117.08;
#187:
>0:40.41,116.5;40.7,116.79;40.92,117.09;41.0,117.54;
#188:
>0:40.16,116.19;40.21,115.95;
#189:
>0:40.17,115.95;40.39,115.92;40.81,116.17;40.58,116.46;41.07,116.95;40.91,117.68;
#190:
>0:40.16,116.21;40.4,116.53;40.1,116.46;
#191:
>0:41.02,116.92;40.95,117.33;40.91,117.66;
#192:
>0:39.42,116.47;39.88,116.92;39.9,117.32;39.98,117.04;40.32,116.94;41.08,116.26;
#193:
>0:39.8,116.56;40.13,116.33;40.11,116.73;40.49,116.78;40.98,116.19;
#194:
>0:40.35,116.22;40.49,116.65;40.24,116.56;39.68,117.0;
#195:
>0:39.72,116.69;39.87,116.93;39.64,117.19;39.41,117.53;
#196:
>0:39.75,117.13;40.0,116.82;40.18,117.27;40.53,117.42;40.88,117.45;
#197:
>0:40.27,117.03;39.99,116.65;40.17,116.21;40.29,116.08;
#198:
>0:40.66,116.51;41.08,116.86;41.04,117.3;
#199:
>0:40.07,116.21;40.22,116.3;
#200:
>0:39.95,116.68;39.83,117.04;39.6,117.2;39.58,117.68;
#201:
>0:40.26,116.37;40.1,116.55;
