#0:
>0:40.3,116.35;40.73,116.69;
#1:
>0:40.08,116.41;40.22,116.02;39.98,116.26;39.89,116.16;39.82,115.89;40.0,116.3;39.99,115.94;40.56,116.07;39.98,115.94;40.04,116.41;39.9,116.2;40.07,116.39;40.23,116.61;40.17,116.33;39.74,116.2;40.11,116.22;39.98,116.26;
#2:
>0:40.52,116.14;40.07,116.66;39.73,115.87;
#3:
>0:39.77,116.58;40.18,116.36;40.16,116.61;40.35,116.4;40.86,115.95;
#4:
>0:41.08,116.82;40.74,116.73;40.34,116.6;40.16,116.35;39.96,115.83;
#5:
>0:40.13,116.39;39.96,116.36;40.18,116.41;40.2,116.16;
#6:
>0:40.19,116.23;39.75,116.38;40.24,116.37;40.07,116.35;
#7:
>0:39.44,117.5;39.4,117.35;39.6,116.98;
#8:
>0:40.98,116.94;40.74,116.62;40.46,116.55;40.08,116.24;39.82,116.1;
#9:
>0:40.54,116.61;40.07,116.31;39.85,116.34;39.63,116.84;
#10:
>0:39.56,116.39;39.95,116.48;40.0,116.84;40.51,117.23;40.84,117.13;
#11:
>0:39.71,116.03;40.17,116.23;39.86,116.4;39.57,116.43;39.87,117.12;
#12:
>0:40.11,116.15;40.01,116.2;
#13:
>0:39.62,117.41;39.54,117.15;39.49,116.81;
#14:
>0:40.67,116.33;41.1,116.54;40.59,116.97;40.61,117.38;
#15:
>0:40.32,116.57;40.47,116.43;
#16:
>0:40.07,116.25;40.16,116.17;
#17:
>0:40.18,117.15;40.16,117.3;
#18:
>0:40.48,116.36;40.77,116.61;
#19:
>0:40.33,116.7;40.21,116.48;40.11,116.37;39.46,116.74;
#20:
>0:40.56,116.37;40.83,116.5;
#21:
>0:40.0,116.25;40.1,116.44;40.03,116.35;
#22:
>0:40.87,117.5;40.78,117.32;
#23:
>0:39.98,116.41;40.26,115.92;40.26,116.43;
#24:
>0:40.27,116.4;40.09,115.95;40.0,116.32;40.16,115.94;40.48,116.02;40.18,115.85;40.13,116.4;40.07,116.52;40.15,116.32;40.03,116.06;40.51,116.04;40.01,116.06;40.19,116.35;40.11,116.34;
#25:
>0:40.14,116.37;40.13,116.31;
#26:
>0:40.12,116.24;39.8,116.37;40.06,116.33;39.72,116.19;40.0,116.21;40.26,116.46;40.08,116.38;40.2,116.64;40.21,116.34;40.21,115.92;40.04,116.3;39.86,116.22;40.16,116.38;39.93,116.12;40.25,116.37;40.18,116.22;
#27:
>0:40.07,116.14;40.01,115.83;40.02,116.26;40.2,116.02;40.08,116.39;39.82,116.38;40.1,116.23;40.26,116.33;
#28:
>0:41.04,116.26;40.88,116.7;40.66,116.22;40.18,115.93;
#29:
>0:40.9,115.8;40.64,116.32;40.34,116.03;40.07,116.07;39.71,116.34;39.63,116.79;
#30:
>0:39.71,117.67;39.67,117.26;39.43,116.77;39.57,116.5;39.58,116.31;
#31:
>0:40.11,116.22;40.16,116.34;
#32:
>0:40.24,116.24;40.2,116.38;
#33:
>0:40.13,116.14;40.24,116.32;
#34:
>0:39.49,117.13;39.73,117.26;40.25,116.78;40.35,116.67;
#35:
>0:40.23,116.21;39.74,116.31;39.54,116.5;39.94,116.5;40.19,116.25;40.19,116.52;39.71,116.53;40.25,116.4;40.09,116.73;39.86,116.34;40.25,116.13;40.03,116.28;
#36:
>0:40.48,116.93;40.29,117.36;40.49,117.4;
#37:
>0:40.08,116.19;40.22,116.54;
#38:
>0:40.12,117.29;40.2,117.37;
#39:
>0:40.25,116.13;40.15,116.29;
#40:
>0:40.21,116.34;39.82,116.36;40.17,116.32;40.1,116.66;40.26,116.32;40.1,116.18;
#41:
>0:40.46,117.22;40.54,117.66;
#42:
>0:40.02,116.36;40.13,116.48;40.36,116.53;40.12,116.13;40.14,116.21;
#43:
>0:40.05,116.33;40.06,116.72;40.09,116.35;
#44:
>0:40.28,116.23;40.71,116.73;
#45:
>0:39.96,116.39;40.2,116.22;40.55,116.99;
#46:
>0:40.94,115.87;40.91,115.92;
#47:
>0:40.26,116.34;40.14,115.9;40.47,115.79;39.98,116.06;40.14,116.31;39.73,116.4;39.75,116.27;
#48:
>0:40.39,115.96;40.38,115.98;
#49:
>0:39.97,117.19;40.03,117.22;40.31,117.1;40.67,117.01;
#50:
>0:40.13,116.19;40.37,115.9;39.99,116.13;
#51:
>0:39.94,116.14;39.88,116.37;
#52:
>0:40.26,116.22;40.26,116.74;40.43,116.55;40.25,116.67;40.1,116.24;
#53:
>0:40.08,116.3;39.75,116.26;40.02,116.39;40.44,115.92;40.06,115.93;39.77,115.87;40.26,116.03;40.1,116.36;40.05,116.39;
#54:
>0:40.71,117.3;40.64,116.78;40.91,116.75;41.08,116.15;
#55:
>0:40.7,117.7;40.85,117.35;
#56:
>0:39.99,116.4;39.88,116.31;40.11,116.3;40.46,115.81;40.02,115.98;40.35,116.07;40.19,116.36;
#57:
>0:40.56,116.06;40.4,115.9;
#58:
>0:40.0,116.15;40.18,116.29;
#59:
>0:40.66,115.8;40.7,116.28;40.54,116.6;
#60:
>0:40.02,116.18;40.26,116.63;40.21,116.24;
#61:
>0:41.12,116.44;41.09,116.92;40.58,117.05;40.42,117.23;39.83,117.14;
#62:
>0:40.15,116.23;40.03,116.63;40.0,116.24;
#63:
>0:40.23,116.14;40.47,115.92;40.25,116.13;
#64:
>0:40.24,116.26;39.96,116.15;40.02,116.13;40.2,116.36;
#65:
>0:40.02,116.37;40.13,116.73;40.12,116.4;39.71,116.39;40.17,116.34;40.23,116.66;39.93,116.74;40.1,116.45;40.48,116.47;40.12,116.71;40.17,116.28;39.95,116.34;40.03,116.3;40.2,116.19;
#66:
>0:40.13,116.16;40.24,116.65;40.14,116.13;
#67:
>0:40.19,116.18;39.99,116.34;
#68:
>0:40.63,116.15;41.01,115.92;
#69:
>0:40.62,115.94;40.85,116.21;41.0,116.69;40.65,116.79;40.61,117.32;
#70:
>0:40.23,116.41;40.05,116.16;
#71:
>0:40.27,116.76;40.5,117.1;
#72:
>0:40.5,116.21;40.57,115.82;40.92,116.51;
#73:
>0:40.51,116.3;40.67,116.64;40.92,116.97;
#74:
>0:39.53,117.43;39.88,117.68;
#75:
>0:39.6,117.65;39.77,117.52;
#76:
>0:40.02,116.25;39.7,116.38;40.25,116.12;39.91,116.32;40.04,116.26;39.72,116.32;40.1,116.22;39.94,116.31;40.07,116.17;39.73,116.42;40.05,116.25;40.2,116.3;
#77:
>0:40.18,115.85;39.72,116.38;39.42,116.71;39.4,116.97;39.52,117.38;
#78:
>0:40.6,117.42;40.69,117.48;
#79:
>0:40.22,116.23;40.23,116.15;
#80:
>0:39.62,116.17;39.91,116.43;40.18,117.03;40.32,117.23;
#81:
>0:40.02,116.36;40.06,116.73;40.21,116.32;40.41,116.05;40.23,115.84;40.05,116.37;40.18,116.35;
#82:
>0:40.09,116.12;40.02,116.47;40.16,116.17;40.16,116.33;
#83:
>0:40.2,116.41;40.4,115.79;40.03,116.32;
#84:
>0:40.17,116.2;40.14,116.44;40.09,116.37;40.31,116.08;40.05,116.42;
#85:
>0:41.14,116.62;40.83,116.37;40.32,116.15;40.46,116.52;39.85,116.31;
#86:
>0:39.99,116.62;40.44,116.76;40.59,117.19;41.05,117.45;
#87:
>0:40.02,116.26;39.94,116.08;
#88:
>0:40.17,116.21;40.19,116.71;39.74,116.47;39.95,116.12;
#89:
>0:40.89,116.35;41.02,116.53;40.65,116.24;40.22,116.06;
#90:
>0:40.88,116.75;40.56,116.43;40.27,116.42;
#91:
>0:40.02,116.12;40.16,116.11;
#92:
>0:41.05,116.39;40.89,116.69;40.7,116.26;40.17,115.97;
#93:
>0:40.91,116.58;40.71,116.13;40.42,115.99;40.07,116.04;39.96,116.18;
#94:
>0:40.07,116.11;39.85,116.23;40.39,115.92;
#95:
>0:40.18,116.37;40.22,116.47;40.19,116.16;
#96:
>0:39.44,116.14;39.83,116.54;40.0,117.03;40.31,117.28;40.59,117.54;
#97:
>0:40.36,117.26;40.34,117.01;40.1,116.43;40.51,116.38;40.87,115.97;
#98:
>0:41.06,117.33;41.0,117.62;40.66,117.23;40.52,117.65;39.94,117.22;
#99:
>0:39.44,116.81;39.76,116.65;40.11,116.67;40.49,116.55;40.71,116.43;
#100:
>0:41.06,117.52;40.81,117.07;40.28,116.99;40.0,116.58;39.96,116.23;39.55,115.83;
#101:
>0:40.66,117.38;41.01,117.57;
#102:
>0:40.0,116.39;40.21,116.39;
#103:
>0:40.13,116.18;40.07,116.28;
#104:
>0:40.19,116.74;40.48,117.02;
#105:
>0:39.99,116.17;40.12,116.22;
#106:
>0:40.62,117.61;40.44,117.62;40.01,117.41;
#107:
>0:39.92,117.57;40.03,117.08;40.21,116.75;39.79,116.54;40.24,116.28;40.29,115.92;
#108:
>0:40.14,116.22;40.16,116.45;40.08,116.42;40.2,116.48;39.85,116.47;40.19,116.11;40.22,116.46;40.04,116.12;39.79,116.39;40.12,116.11;39.78,116.37;40.1,116.37;40.04,116.2;
#109:
>0:40.25,116.6;40.41,116.89;40.79,117.25;41.1,117.39;
#110:
>0:39.88,116.44;40.23,116.41;40.13,115.92;40.49,115.82;40.88,115.89;
#111:
>0:40.78,115.82;40.73,115.91;
#112:
>0:39.46,116.75;39.7,116.14;
#113:
>0:40.25,116.18;40.46,115.94;
#114:
>0:39.75,117.29;40.15,117.12;40.49,117.18;40.58,117.01;
#115:
>0:41.05,116.98;40.69,116.53;40.32,116.47;40.12,116.36;39.76,115.92;
#116:
>0:40.18,116.86;40.47,116.76;40.35,116.26;
#117:
>0:40.54,117.26;40.17,117.3;39.86,117.06;
#118:
>0:40.55,116.74;40.24,116.38;39.74,117.03;
#119:
>0:40.24,116.2;39.76,116.15;40.19,116.25;39.99,116.52;39.82,116.74;40.0,116.37;40.06,116.12;
#120:
>0:40.65,115.99;40.64,115.89;
#121:
>0:39.99,117.27;40.33,116.79;
#122:
>0:40.26,116.37;40.24,116.5;39.87,116.16;40.27,116.22;40.23,116.35;
#123:
>0:40.19,116.38;40.52,115.83;40.09,116.17;
#124:
>0:40.17,117.04;40.41,116.44;40.74,116.44;
#125:
>0:40.1,116.21;40.0,115.82;40.2,116.28;
#126:
>0:40.78,115.8;40.7,116.22;
#127:
>0:40.03,116.27;39.81,116.36;39.55,116.63;39.51,116.93;39.74,116.65;40.06,116.18;40.24,116.31;
#128:
>0:40.13,117.17;40.0,117.33;
#129:
>0:40.12,116.15;40.2,116.57;
#130:
>0:40.28,115.89;40.25,116.29;
#131:
>0:40.2,116.17;40.22,116.6;40.22,116.2;
#132:
>0:40.42,117.58;40.67,117.16;41.09,116.82;
#133:
>0:40.1,116.33;40.02,116.16;
#134:
>0:40.24,116.1;39.92,115.93;40.24,116.51;
#135:
>0:40.48,117.13;40.82,117.14;40.1,116.72;
#136:
>0:40.28,115.97;40.51,115.96;
#137:
>0:40.88,116.03;40.57,116.0;41.0,116.21;40.83,116.66;40.85,116.8;40.08,117.44;
#138:
>0:40.23,117.21;40.22,117.18;
#139:
>0:39.78,116.72;39.91,116.83;39.85,117.09;39.94,117.58;
#140:
>0:41.08,115.93;40.81,116.07;41.03,116.4;40.76,116.58;40.68,117.04;40.0,117.68;
#141:
>0:40.14,116.31;40.1,116.39;
#142:
>0:39.53,117.26;39.79,117.38;39.68,117.06;40.04,116.23;
#143:
>0:39.66,116.28;39.93,116.6;40.06,116.75;40.41,117.38;40.75,117.1;
#144:
>0:40.44,116.83;40.18,116.58;40.11,116.17;
#145:
>0:40.36,117.34;40.26,117.28;
#146:
>0:40.26,117.3;40.07,117.18;
#147:
>0:40.01,116.12;39.99,116.15;
#148:
>0:40.91,117.66;40.66,117.24;40.3,116.87;40.39,116.48;40.12,117.05;39.53,116.98;
#149:
>0:40.55,115.9;40.62,116.08;40.32,116.32;40.5,116.61;40.03,116.27;
#150:
>0:40.47,116.53;40.04,117.01;39.85,117.31;39.41,117.12;
#151:
>0:39.53,117.09;39.63,117.03;39.73,116.65;40.17,116.23;39.73,115.99;
#152:
>0:40.18,116.11;40.14,115.9;40.45,115.85;41.11,116.05;
#153:
>0:40.56,115.83;40.44,116.1;40.19,115.89;39.78,116.18;39.61,116.04;
#154:
>0:39.44,115.98;39.72,116.21;40.01,116.6;40.35,117.04;40.69,116.76;40.93,116.78;
#155:
>0:40.21,116.19;39.91,116.32;40.14,116.17;40.18,116.71;40.44,116.44;39.99,116.28;39.99,116.17;
#156:
>0:40.11,116.3;40.22,116.44;40.04,116.36;40.03,116.58;39.86,116.52;40.05,116.72;39.75,116.46;40.19,116.53;39.95,116.48;40.02,116.17;39.94,116.4;40.03,116.17;40.05,116.29;
#157:
>0:39.94,117.48;40.03,117.08;40.36,116.89;40.57,116.66;40.98,116.34;
#158:
>0:40.12,116.17;39.91,116.12;40.06,116.19;40.02,116.72;40.1,116.14;40.21,116.5;40.05,116.21;40.23,116.59;40.35,116.53;40.21,116.42;40.06,116.34;
#159:
>0:39.66,116.2;39.77,116.65;40.05,116.99;40.41,117.29;40.85,117.08;
#160:
>0:40.15,116.35;40.26,115.96;39.87,116.34;
#161:
>0:40.17,116.36;40.1,116.44;39.94,116.48;40.26,116.28;
#162:
>0:40.17,116.38;40.09,116.64;40.04,116.32;
#163:
>0:40.17,116.16;39.9,116.36;40.22,116.15;40.17,116.52;40.08,116.22;40.15,115.84;40.06,116.33;40.08,116.17;
#164:
>0:40.31,116.57;40.71,116.86;
#165:
>0:40.06,116.22;40.16,116.26;
#166:
>0:39.51,116.04;39.92,116.26;
#167:
>0:40.11,116.29;39.87,116.42;40.25,116.19;40.14,115.98;40.06,116.29;40.14,116.29;
#168:
>0:40.5,115.89;40.17,115.89;40.06,116.23;
#169:
>0:40.07,116.14;40.02,116.69;40.27,116.19;
#170:
>0:40.99,116.44;41.02,117.03;40.82,117.04;40.01,117.05;
#171:
>0:39.99,116.16;39.74,116.14;40.15,116.41;40.08,116.09;40.49,115.96;40.1,115.8;40.24,116.36;40.29,115.93;40.09,116.41;
#172:
>0:40.21,116.24;39.69,116.31;40.1,116.28;40.0,116.38;
#173:
>0:40.79,116.12;40.33,116.18;40.35,116.52;39.74,116.9;
#174:
>0:40.36,116.96;40.0,116.58;40.28,116.25;40.99,115.81;
#175:
>0:40.85,116.39;40.34,116.15;
#176:
>0:39.98,116.41;40.26,116.56;
#177:
>0:39.93,116.37;40.2,116.29;40.53,116.91;
#178:
>0:40.17,116.26;40.08,116.42;
#179:
>0:40.19,116.26;40.0,116.12;
#180:
>0:40.84,116.25;40.69,116.44;40.98,116.57;40.82,116.85;40.09,117.69;
#181:
>0:40.24,116.16;40.1,116.64;40.56,116.5;40.45,116.8;39.99,116.32;
#182:
>0:40.0,116.2;39.92,115.79;
#183:
>0:39.71,116.25;40.19,116.17;40.49,117.02;
#184:
>0:40.1,116.42;39.72,116.19;40.08,116.39;40.21,116.59;40.04,116.17;40.27,116.27;
#185:
>0:40.07,116.3;40.09,116.38;
#186:
>0:40.08,116.01;40.08,115.92;
#187:
>0:39.99,116.16;40.01,115.98;40.22,116.38;40.06,116.38;
#188:
>0:39.62,116.6;39.6,116.96;39.73,117.15;40.43,117.23;
#189:
>0:39.47,117.29;39.45,117.04;39.93,116.7;40.51,116.67;
#190:
>0:40.42,117.28;40.42,117.52;
#191:
>0:40.07,116.31;40.26,116.19;
#192:
>0:40.19,116.66;39.8,116.96;40.39,117.27;
#193:
>0:40.37,117.53;40.74,117.1;41.09,117.0;
#194:
>0:40.4,115.99;40.22,115.88;39.96,116.34;40.03,116.21;40.02,116.31;
#195:
>0:39.44,116.97;39.75,117.3;40.16,117.33;40.24,117.06;40.7,117.17;
#196:
>0:40.42,115.99;40.12,116.09;40.0,116.16;40.01,116.33;
#197:
>0:40.19,116.28;39.76,115.86;
#198:
>0:39.48,116.51;39.96,116.16;
#199:
>0:40.31,116.3;40.01,116.7;39.95,116.06;
#200:
>0:40.36,116.35;40.13,116.0;
#201:
>0:40.2,116.36;39.79,116.15;40.21,116.21;
