#0:
>0:40.1,117.36;40.5,116.83;40.6,116.8;
#1:
>0:39.92,117.7;40.06,117.1;40.47,117.26;40.59,117.6;
#2:
>0:39.7,116.83;40.13,116.98;
#3:
>0:40.43,116.3;40.19,116.51;40.4,116.35;40.26,116.49;
#4:
>0:40.26,116.85;39.75,117.07;
#5:
>0:40.25,117.21;39.82,117.11;39.4,117.15;
#6:
>0:39.58,116.41;39.95,116.63;40.18,116.98;40.31,116.92;40.76,117.02;
#7:
>0:41.08,116.4;40.74,116.68;40.49,117.04;40.15,116.68;39.69,117.09;
#8:
>0:40.54,117.35;40.69,116.85;40.87,117.05;40.81,116.51;40.76,115.93;
#9:
>0:39.76,115.97;40.28,116.34;40.48,116.66;40.63,116.87;40.89,116.82;40.72,117.43;
#10:
>0:41.05,116.28;40.68,116.63;40.53,116.89;40.26,117.11;39.71,117.4;
#11:
>0:40.16,116.75;40.01,116.39;39.58,115.99;
#12:
>0:39.85,116.59;40.34,116.63;40.52,116.64;40.68,116.11;41.02,116.49;
#13:
>0:39.84,117.66;39.86,117.29;40.09,117.71;40.69,117.01;
#14:
>0:40.32,116.59;40.4,117.0;40.63,117.21;
#15:
>0:40.6,116.69;40.32,116.4;40.39,116.03;40.09,116.38;39.44,116.07;
#16:
>0:39.64,116.66;39.54,116.73;
#17:
>0:39.58,116.92;39.83,117.32;40.19,117.12;
#18:
>0:39.86,117.52;39.56,117.24;39.42,116.88;39.48,116.68;39.44,116.53;
#19:
>0:40.72,117.27;40.44,117.28;40.33,117.03;40.17,116.48;
#20:
>0:40.6,117.57;40.87,117.56;
#21:
>0:40.24,117.2;40.36,116.72;40.33,116.16;40.98,115.8;
#22:
>0:39.66,116.43;39.81,116.57;
#23:
>0:39.57,116.81;39.89,116.57;39.73,116.33;40.52,116.07;
#24:
>0:40.89,116.73;40.71,117.03;40.55,117.02;40.15,116.52;40.15,116.5;39.55,115.82;
#25:
>0:40.84,117.42;40.57,117.1;40.75,116.83;41.13,116.83;40.91,116.29;
#26:
>0:39.99,117.26;40.56,117.19;40.72,116.88;40.65,116.53;40.64,115.89;
#27:
>0:40.22,116.25;40.46,116.29;40.82,116.52;40.95,116.74;40.65,116.88;40.57,117.69;
#28:
>0:40.22,116.83;40.31,116.48;40.59,116.13;40.83,116.08;
#29:
>0:40.11,116.36;40.29,116.48;40.82,116.86;41.03,117.61;
#30:
>0:40.95,116.12;40.86,116.62;40.88,116.83;
#31:
>0:41.05,116.07;40.83,116.42;40.39,116.49;40.2,116.6;40.13,117.2;39.74,117.65;
#32:
>0:41.03,116.77;40.82,116.7;
#33:
>0:41.03,117.5;40.8,116.8;40.53,117.03;40.17,116.98;
#34:
>0:40.61,116.81;40.6,116.75;
#35:
>0:40.52,116.27;40.34,116.18;
#36:
>0:40.16,116.76;40.29,116.54;40.37,116.18;40.94,115.91;
#37:
>0:39.52,116.51;39.8,116.96;39.83,117.17;40.62,117.24;
#38:
>0:40.75,116.81;40.7,116.63;40.32,116.38;40.38,115.98;
#39:
>0:39.55,116.54;39.86,116.92;39.83,117.32;40.51,117.22;
#40:
>0:39.53,116.64;39.42,116.89;39.86,116.46;40.49,116.99;
#41:
>0:40.34,116.08;40.59,115.8;41.11,115.86;
#42:
>0:41.06,117.0;40.59,116.55;
#43:
>0:40.95,117.03;41.1,117.34;
#44:
>0:41.03,115.79;41.1,116.2;40.99,116.48;
#45:
>0:41.05,115.83;41.14,116.29;41.05,116.68;
#46:
>0:39.91,117.47;40.27,117.22;40.64,117.07;40.75,116.51;
#47:
>0:40.9,117.48;40.81,117.67;40.4,117.46;40.22,117.57;39.87,117.44;
#48:
>0:39.43,117.56;39.53,117.45;
#49:
>0:39.53,115.83;39.87,116.18;40.12,116.44;40.42,116.27;40.57,116.12;41.04,116.22;
#50:
>0:39.78,116.7;40.28,117.11;
#51:
>0:40.22,117.28;40.34,116.75;40.77,116.51;
#52:
>0:41.1,117.59;40.62,116.85;40.5,116.76;40.08,117.05;
#53:
>0:40.98,115.94;40.63,116.14;40.42,116.74;40.15,116.54;40.31,117.17;39.91,117.51;
#54:
>0:39.72,116.03;40.19,116.43;40.53,116.43;40.79,116.3;
#55:
>0:40.31,117.03;40.13,116.57;39.89,116.6;39.47,116.58;
#56:
>0:39.73,117.49;39.66,117.09;39.45,116.81;39.6,116.47;39.56,116.54;
#57:
>0:39.51,117.57;39.95,117.53;40.09,116.87;
#58:
>0:40.46,116.28;40.23,116.95;40.28,116.41;40.29,116.19;40.14,116.54;
#59:
>0:40.43,116.1;40.03,116.44;39.69,116.36;
#60:
>0:39.79,116.46;40.18,117.24;39.41,117.34;
#61:
>0:40.15,117.22;39.81,117.29;
#62:
>0:40.68,116.78;40.51,116.84;40.11,116.47;39.72,117.27;
#63:
>0:40.51,116.43;40.06,116.43;
#64:
>0:40.11,116.79;40.54,117.33;40.73,116.95;41.04,117.5;
#65:
>0:40.7,117.15;40.42,116.76;
#66:
>0:39.8,117.2;39.73,117.22;
#67:
>0:40.75,116.23;40.94,116.72;40.7,117.05;41.1,117.4;40.96,117.54;
#68:
>0:39.47,116.75;39.8,116.67;40.26,116.71;40.5,116.51;40.61,116.77;40.96,116.54;
#69:
>0:40.53,116.92;40.72,116.69;40.56,116.35;40.99,116.09;
#70:
>0:40.37,116.26;40.51,115.93;
#71:
>0:40.13,116.96;40.45,116.55;40.51,116.34;41.09,116.07;
#72:
>0:40.82,116.8;40.46,116.54;40.39,116.36;40.34,116.03;
#73:
>0:40.16,116.96;39.77,117.12;
#74:
>0:39.53,117.29;39.56,117.66;39.74,117.55;40.16,117.27;40.69,117.08;
#75:
>0:39.75,116.4;39.75,116.15;40.33,116.27;40.33,116.32;
#76:
>0:40.28,116.8;39.93,116.21;
#77:
>0:39.64,116.96;39.9,116.69;40.15,116.64;40.33,115.94;40.66,116.0;
#78:
>0:40.27,116.3;40.18,116.69;40.28,116.35;40.24,116.3;
#79:
>0:40.43,117.62;40.58,117.12;40.44,116.88;40.11,116.62;40.26,116.28;40.49,116.08;
#80:
>0:39.54,116.36;39.87,116.58;40.09,116.79;40.28,117.03;40.8,116.89;
#81:
>0:40.1,117.33;40.42,117.17;40.85,116.44;
#82:
>0:40.55,117.26;40.28,116.96;39.97,116.73;39.47,116.58;
#83:
>0:40.66,117.35;40.58,117.08;40.16,116.66;
#84:
>0:40.6,117.37;40.46,117.41;39.98,117.52;39.78,117.56;
#85:
>0:40.8,117.44;41.04,117.46;40.58,117.26;40.19,116.61;
#86:
>0:40.36,117.64;40.08,117.33;39.93,117.35;
#87:
>0:41.02,116.31;41.1,115.81;
#88:
>0:40.38,115.93;40.47,115.89;
#89:
>0:40.18,117.41;40.22,117.23;40.6,117.03;
#90:
>0:40.21,117.5;40.1,117.2;39.42,117.24;
#91:
>0:40.95,116.37;41.06,116.74;40.58,116.98;41.13,117.42;
#92:
>0:40.9,116.08;40.6,116.3;40.41,116.54;40.36,116.71;40.34,116.93;39.71,117.7;
#93:
>0:40.78,116.18;40.59,116.5;
#94:
>0:40.56,116.0;40.35,116.16;40.45,116.51;40.54,116.96;40.5,117.18;
#95:
>0:40.35,116.72;39.86,116.68;
#96:
>0:40.26,117.36;40.5,117.18;40.82,116.66;
#97:
>0:41.0,116.79;40.74,117.25;40.31,117.53;40.22,117.54;
#98:
>0:40.31,116.0;40.34,116.46;40.32,116.87;40.26,116.93;39.83,116.91;39.4,117.46;
#99:
>0:39.53,117.43;39.81,117.61;39.54,117.21;39.5,116.87;39.72,116.65;39.79,116.07;
#100:
>0:39.58,117.7;39.8,117.49;39.6,116.98;
#101:
>0:40.5,116.03;40.85,116.13;
#102:
>0:41.03,115.92;40.98,116.2;40.92,116.69;
#103:
>0:40.19,116.5;40.26,116.37;
#104:
>0:39.69,116.02;39.65,115.97;39.68,116.7;
#105:
>0:39.73,117.28;39.47,117.52;
#106:
>0:39.68,117.63;39.92,117.7;40.23,117.28;40.62,117.32;40.68,117.1;40.87,117.43;
#107:
>0:40.52,115.86;40.4,116.16;39.9,116.54;
#108:
>0:39.92,115.89;40.24,116.6;40.28,116.53;40.67,117.06;40.63,117.26;
#109:
>0:39.98,116.45;39.48,116.97;
#110:
>0:39.44,117.07;39.4,117.69;
#111:
>0:40.72,116.19;40.34,116.34;40.23,116.31;39.72,116.35;39.6,116.53;
#112:
>0:40.73,117.07;40.59,117.18;40.44,116.95;40.12,116.5;
#113:
>0:40.31,116.08;40.29,116.59;40.11,116.6;40.09,117.02;39.72,117.24;39.43,117.47;
#114:
>0:39.43,117.53;39.78,117.56;40.19,117.07;
#115:
>0:39.69,117.1;40.26,117.56;
#116:
>0:39.67,117.52;39.98,117.55;39.68,117.24;39.62,116.98;39.8,116.43;39.83,115.98;
#117:
>0:40.42,115.9;40.73,116.05;40.97,115.84;
#118:
>0:41.07,117.66;40.77,117.61;40.47,117.48;40.03,117.57;
#119:
>0:39.75,117.0;40.05,117.29;40.42,117.22;40.64,117.38;
#120:
>0:40.49,116.04;40.14,116.02;40.39,115.99;40.38,116.02;
#121:
>0:40.04,116.4;40.22,116.46;40.24,116.95;39.97,117.32;39.52,117.56;
#122:
>0:39.52,117.02;39.77,117.04;
#123:
>0:40.91,116.71;40.6,116.68;
#124:
>0:39.96,115.91;39.62,116.07;39.79,116.45;39.41,117.04;
#125:
>0:39.6,116.47;39.97,116.5;39.8,116.91;
#126:
>0:40.58,117.44;40.76,117.14;
#127:
>0:40.29,117.26;40.51,116.84;40.85,117.07;40.97,116.93;
#128:
>0:39.55,116.9;39.86,117.36;40.07,117.27;
#129:
>0:40.83,117.59;40.44,117.08;40.78,116.86;40.85,116.76;40.98,116.29;
#130:
>0:40.78,117.65;40.67,117.15;40.58,116.96;40.43,116.79;
#131:
>0:39.84,117.41;39.8,117.24;39.8,116.82;40.0,116.57;40.29,116.39;39.95,115.79;
#132:
>0:40.85,117.27;40.95,117.65;40.51,116.62;
#133:
>0:40.74,116.14;40.98,116.52;40.78,116.78;41.1,117.5;40.94,117.62;
#134:
>0:41.07,116.79;40.77,116.46;40.67,116.28;40.84,116.1;
#135:
>0:39.62,117.66;39.71,117.42;39.65,117.05;
#136:
>0:39.77,116.97;40.0,116.71;40.36,116.44;
#137:
>0:39.44,116.52;39.64,117.02;40.3,116.94;
#138:
>0:40.31,116.82;40.31,116.33;40.3,116.04;
#139:
>0:40.11,116.57;40.06,116.38;
#140:
>0:40.49,115.98;40.24,116.32;40.29,116.73;39.98,116.8;39.98,117.06;39.41,117.4;
#141:
>0:40.26,116.27;40.2,116.64;
#142:
>0:40.24,116.96;39.91,117.24;
#143:
>0:40.98,116.37;40.78,116.58;40.32,116.85;40.32,116.57;39.93,117.26;
#144:
>0:39.72,117.38;40.27,116.88;40.29,116.49;40.58,116.12;40.93,116.45;
#145:
>0:40.08,117.23;40.56,116.68;40.62,116.49;
#146:
>0:39.86,117.0;40.19,117.27;40.47,117.36;40.79,117.15;
#147:
>0:40.37,116.63;40.31,116.71;39.9,116.53;39.65,116.7;
#148:
>0:40.23,116.57;40.14,117.07;39.91,116.95;40.21,117.55;
#149:
>0:39.98,117.19;40.5,117.14;40.58,116.5;
#150:
>0:40.15,116.29;40.32,116.53;
#151:
>0:41.08,117.66;40.72,117.67;
#152:
>0:39.54,116.61;39.6,116.53;
#153:
>0:40.33,116.24;39.92,116.38;
#154:
>0:39.4,117.66;39.79,117.59;39.88,117.23;39.95,117.0;39.8,116.49;39.72,115.79;
#155:
>0:39.83,116.4;40.25,116.57;40.46,117.05;40.78,117.04;
#156:
>0:40.72,117.2;40.51,117.28;40.33,116.58;
#157:
>0:39.61,117.0;39.96,116.75;39.92,116.15;40.42,116.0;
#158:
>0:40.98,117.35;40.75,116.93;40.3,116.61;40.24,116.71;39.84,116.44;39.44,116.57;
#159:
>0:40.24,116.86;39.94,117.32;39.5,117.16;
#160:
>0:39.68,115.86;39.66,116.29;39.79,116.58;40.11,116.99;39.58,117.2;
#161:
>0:39.69,117.05;39.85,116.86;
#162:
>0:40.81,116.68;40.5,116.3;40.49,116.1;40.15,116.53;39.41,116.05;
#163:
>0:39.79,116.53;39.68,116.46;
#164:
>0:40.02,117.19;40.54,117.28;40.64,116.8;40.69,116.44;40.76,116.04;
#165:
>0:40.1,116.82;39.69,117.15;
#166:
>0:40.93,116.09;40.8,116.28;40.35,116.47;40.26,116.54;40.32,117.09;39.77,117.46;
#167:
>0:40.77,116.57;40.27,116.65;
#168:
>0:40.43,116.42;40.07,116.82;39.98,116.82;39.87,117.16;39.48,117.6;
#169:
>0:40.5,117.32;40.77,116.99;40.21,116.57;
#170:
>0:41.21,117.6;40.68,117.06;40.43,116.57;40.16,116.58;39.89,116.71;39.53,116.61;
#171:
>0:40.35,116.46;40.35,116.59;40.47,116.93;40.65,117.1;
#172:
>0:39.44,116.54;39.79,116.45;40.04,116.97;40.52,116.94;40.58,116.84;
#173:
>0:40.84,116.51;40.52,116.34;40.98,116.03;
#174:
>0:40.14,117.7;40.41,117.57;
#175:
>0:40.25,116.7;40.3,116.28;40.59,116.37;41.11,116.2;
#176:
>0:40.08,116.28;40.32,116.88;39.92,116.44;40.33,117.0;40.27,117.67;
#177:
>0:39.65,116.52;39.81,116.95;40.24,117.21;40.34,116.98;40.76,116.88;40.92,116.93;
#178:
>0:40.66,117.67;41.01,117.62;
#179:
>0:41.04,116.04;40.62,116.34;40.38,116.61;40.16,116.8;40.23,117.12;
#180:
>0:39.86,117.05;40.16,116.73;40.32,116.24;
#181:
>0:40.12,116.75;40.42,116.16;40.66,116.23;41.05,116.15;
#182:
>0:40.18,116.26;40.38,115.92;40.3,116.48;40.2,116.7;40.23,116.77;39.84,117.63;
#183:
>0:40.89,116.86;40.81,116.58;41.01,116.16;41.09,116.09;
#184:
>0:40.52,116.84;40.16,116.63;39.81,116.49;39.41,116.7;
#185:
>0:40.32,117.04;40.05,117.16;39.76,117.3;39.56,117.67;
#186:
>0:39.89,116.82;39.58,117.28;
#187:
>0:40.14,116.54;40.41,116.45;40.31,116.78;
#188:
>0:39.49,116.63;39.41,116.77;40.13,116.9;
#189:
>0:40.71,115.8;40.39,116.09;40.09,116.57;39.79,116.11;
#190:
>0:40.15,117.23;40.55,116.57;40.8,116.45;
#191:
>0:40.21,116.24;40.4,115.99;40.31,116.66;40.4,116.94;
#192:
>0:39.46,116.75;39.84,116.7;39.98,116.62;40.3,116.63;40.85,116.68;
#193:
>0:40.23,117.13;40.17,117.0;
#194:
>0:39.98,117.42;40.14,117.13;40.52,117.23;40.41,116.58;
#195:
>0:39.62,117.03;39.95,116.95;
#196:
>0:39.84,117.23;39.51,117.18;
#197:
>0:39.89,116.7;40.29,117.14;40.5,116.96;
#198:
>0:39.51,117.34;39.63,117.69;
#199:
>0:40.86,115.8;40.64,116.38;40.35,116.73;40.27,117.06;40.16,117.15;
#200:
>0:40.98,115.83;40.63,116.0;40.36,116.08;40.35,116.24;39.75,116.28;39.4,115.88;
#201:
>0:40.1,116.9;40.39,116.72;40.54,116.43;40.85,116.05;
