#0:
>0:40.09,116.18;40.25,116.32;
#1:
>0:40.73,116.0;40.36,116.31;40.03,116.56;40.53,116.82;40.45,117.33;40.55,117.49;
#2:
>0:40.13,117.32;40.51,117.7;
#3:
>0:40.95,116.75;40.68,116.86;
#4:
>0:40.13,116.13;39.74,116.2;40.19,116.14;40.22,115.95;40.16,116.32;
#5:
>0:39.94,116.37;39.55,116.64;39.45,116.75;39.5,117.3;
#6:
>0:40.03,116.19;40.11,116.35;
#7:
>0:40.67,117.3;40.52,117.28;40.17,117.43;39.83,117.11;39.4,117.2;
#8:
>0:40.05,116.7;40.51,116.57;40.75,116.85;41.04,117.28;
#9:
>0:40.09,117.5;40.29,117.25;40.6,116.8;
#10:
>0:39.92,116.71;40.19,116.4;
#11:
>0:40.31,117.69;40.09,117.56;40.01,116.78;
#12:
>0:40.0,116.51;39.96,116.87;39.95,117.19;39.95,117.56;
#13:
>0:40.48,116.07;40.06,115.79;39.89,115.88;
#14:
>0:39.71,116.75;40.24,116.85;
#15:
>0:40.31,117.37;40.28,117.2;
#16:
>0:39.45,116.41;39.54,116.45;
#17:
>0:40.23,116.29;40.13,116.31;
#18:
>0:40.16,116.9;40.47,116.48;40.68,116.15;40.93,116.18;
#19:
>0:39.8,117.48;39.67,117.23;39.58,116.88;39.48,116.61;39.53,116.37;39.61,116.0;
#20:
>0:39.88,115.87;39.74,116.16;40.17,116.32;40.07,116.87;
#21:
>0:40.0,116.11;40.24,116.4;
#22:
>0:40.38,117.04;40.0,116.71;40.63,116.14;
#23:
>0:40.66,117.4;40.51,117.48;40.55,117.36;40.42,117.04;40.3,116.66;40.45,115.84;
#24:
>0:40.0,116.31;39.78,116.35;40.13,116.3;39.84,115.96;39.85,116.16;40.06,116.14;40.33,116.74;40.03,116.4;39.99,116.15;
#25:
>0:40.47,116.03;40.53,116.12;40.14,116.37;
#26:
>0:40.09,116.22;39.81,116.29;39.83,116.73;40.07,116.23;
#27:
>0:40.38,116.19;40.25,116.64;39.81,116.69;40.35,117.34;
#28:
>0:40.89,117.57;40.77,117.39;40.36,117.46;40.15,117.44;39.93,117.63;39.57,117.67;
#29:
>0:39.75,117.45;40.09,117.09;40.27,117.04;40.39,116.65;41.11,116.98;
#30:
>0:40.34,116.91;40.85,116.54;40.9,116.16;40.93,115.96;
#31:
>0:40.85,116.92;40.57,117.15;
#32:
>0:40.77,116.64;40.31,116.43;40.01,116.84;40.6,117.48;
#33:
>0:39.64,116.83;39.82,116.73;40.01,116.26;40.18,116.61;40.27,116.56;41.06,116.5;
#34:
>0:40.48,116.33;39.99,116.71;40.32,116.71;40.57,116.96;40.88,117.49;
#35:
>0:39.57,116.84;39.78,116.74;40.07,116.38;
#36:
>0:39.96,115.93;39.96,116.22;40.09,116.4;40.03,117.04;
#37:
>0:40.18,116.5;40.39,116.99;
#38:
>0:40.05,115.93;40.26,116.16;40.68,116.47;
#39:
>0:39.74,116.13;40.02,116.37;40.05,116.59;40.82,115.91;
#40:
>0:40.19,116.12;40.0,116.06;40.49,115.86;40.05,116.39;40.19,116.21;
#41:
>0:40.5,115.85;40.28,116.35;40.08,115.8;40.16,116.35;
#42:
>0:39.52,116.76;39.97,116.62;40.01,116.66;40.41,117.33;
#43:
>0:40.84,116.24;41.12,116.51;40.61,116.93;40.72,117.28;40.63,117.66;
#44:
>0:40.61,117.38;40.34,117.31;40.23,116.92;39.97,117.13;
#45:
>0:40.19,116.22;40.43,116.68;40.24,116.43;
#46:
>0:39.98,116.15;40.36,116.02;
#47:
>0:39.97,115.94;39.79,116.35;40.18,116.34;40.11,116.82;
#48:
>0:40.81,115.89;40.56,116.33;39.99,116.51;40.37,116.79;40.37,117.24;40.35,117.66;
#49:
>0:40.08,116.38;39.98,116.01;40.5,116.0;40.4,116.3;40.29,115.92;
#50:
>0:40.18,116.59;40.16,116.27;
#51:
>0:40.28,117.14;40.83,116.76;40.94,116.45;41.06,116.34;41.01,115.81;
#52:
>0:40.54,115.9;40.1,115.84;40.05,116.4;39.58,115.87;
#53:
>0:40.53,117.13;40.47,117.56;
#54:
>0:40.86,117.44;40.63,117.69;40.28,117.39;40.01,117.52;39.9,117.68;39.62,117.6;
#55:
>0:39.99,117.14;40.25,116.83;40.74,116.98;
#56:
>0:40.85,116.65;40.64,116.23;40.65,115.89;
#57:
>0:40.14,117.41;40.43,117.09;40.37,116.77;40.29,116.46;
#58:
>0:40.22,116.27;39.87,116.19;39.89,116.72;40.15,116.28;
#59:
>0:40.14,117.2;40.11,116.98;40.28,117.24;41.02,117.38;
#60:
>0:40.45,116.59;40.09,116.31;40.29,115.98;
#61:
>0:40.09,116.27;40.23,116.69;40.27,116.15;40.21,116.58;40.09,116.24;39.72,116.12;39.91,116.14;
#62:
>0:40.22,116.37;40.24,115.94;40.25,116.27;
#63:
>0:41.11,116.54;40.72,116.39;
#64:
>0:39.8,116.36;39.77,116.52;
#65:
>0:40.77,117.57;40.77,117.6;
#66:
>0:40.73,117.59;40.54,117.62;40.55,117.19;39.7,116.89;
#67:
>0:40.79,116.52;40.39,116.25;40.32,116.1;
#68:
>0:39.57,117.61;39.77,117.65;40.02,117.51;40.31,117.55;40.68,117.41;
#69:
>0:40.1,116.54;40.17,116.25;39.47,116.26;
#70:
>0:40.03,116.11;40.1,116.14;
#71:
>0:39.96,116.2;39.52,116.05;
#72:
>0:40.15,116.42;40.47,116.43;40.01,116.38;
#73:
>0:40.02,116.36;40.25,116.11;
#74:
>0:40.89,116.86;40.71,117.17;
#75:
>0:39.61,116.74;39.76,117.01;40.15,117.19;40.47,117.47;
#76:
>0:40.57,117.49;40.49,117.61;40.18,117.57;39.91,117.52;39.66,117.57;
#77:
>0:40.15,117.05;40.54,117.12;40.62,116.94;
#78:
>0:39.57,117.01;39.84,116.53;40.21,116.21;40.33,115.92;
#79:
>0:40.29,116.03;40.07,115.96;40.36,116.44;
#80:
>0:39.84,116.33;39.4,116.3;
#81:
>0:40.28,116.63;40.56,116.94;
#82:
>0:39.82,117.24;40.26,117.64;40.51,117.69;
#83:
>0:40.22,116.0;40.1,116.24;40.29,116.49;40.16,117.04;40.43,117.11;40.52,117.58;
#84:
>0:39.56,117.2;39.86,117.16;40.25,117.46;40.41,117.37;40.81,117.24;
#85:
>0:39.83,117.31;40.03,116.87;40.45,116.72;
#86:
>0:39.69,117.41;40.2,117.38;40.09,117.02;40.52,117.28;41.06,117.1;
#87:
>0:39.81,116.7;40.25,116.31;
#88:
>0:40.0,116.19;39.92,116.17;40.14,116.32;40.09,116.4;
#89:
>0:40.17,116.37;40.17,116.12;
#90:
>0:40.25,116.18;40.26,115.92;40.15,116.33;
#91:
>0:40.04,116.28;40.18,116.35;
#92:
>0:41.12,117.64;40.81,117.24;40.98,116.83;
#93:
>0:40.0,116.38;40.16,116.19;
#94:
>0:40.2,116.2;39.74,116.14;39.69,116.27;
#95:
>0:39.8,117.42;40.05,117.31;40.1,117.03;40.42,117.27;40.91,117.31;
#96:
>0:40.27,116.4;39.71,116.14;40.17,116.3;
#97:
>0:40.68,116.99;40.56,117.37;40.08,116.85;
#98:
>0:40.2,116.3;39.87,115.88;40.0,116.4;
#99:
>0:40.15,116.42;40.2,116.51;39.7,116.59;40.06,116.12;40.01,116.25;
#100:
>0:41.12,117.49;40.57,117.38;
#101:
>0:40.67,117.05;40.82,117.28;40.12,117.04;
#102:
>0:40.17,116.2;39.84,116.34;
#103:
>0:39.45,117.47;39.9,117.33;40.11,117.68;40.42,117.39;40.79,117.02;41.01,117.25;
#104:
>0:40.95,116.34;41.03,115.97;40.57,116.22;40.11,116.34;
#105:
>0:40.09,116.17;40.15,116.17;
#106:
>0:40.11,116.21;40.04,116.55;40.09,116.42;39.84,116.2;40.06,116.26;40.23,116.19;
#107:
>0:39.52,116.58;39.75,117.05;39.88,117.37;
#108:
>0:40.82,117.51;40.3,117.4;40.38,117.27;40.09,117.56;39.62,116.89;
#109:
>0:40.81,117.56;40.95,117.08;40.66,117.28;40.27,116.76;40.12,116.44;40.84,116.09;
#110:
>0:40.63,116.98;40.39,117.16;
#111:
>0:40.27,116.08;40.48,115.81;
#112:
>0:40.21,117.24;40.41,117.64;
#113:
>0:40.19,117.5;40.44,117.29;
#114:
>0:40.61,117.33;40.44,117.04;40.67,116.58;40.33,116.17;40.46,116.07;
#115:
>0:39.42,117.13;39.97,116.96;40.16,117.36;39.99,116.79;40.3,116.61;41.02,116.55;
#116:
>0:40.89,117.67;40.68,117.15;
#117:
>0:40.19,116.12;39.98,116.09;40.03,116.12;40.22,116.23;
#118:
>0:39.97,116.6;40.09,116.58;40.54,116.83;
#119:
>0:39.89,115.8;39.43,116.14;39.84,116.4;39.8,116.64;39.62,117.32;
#120:
>0:39.93,116.63;40.09,117.04;40.37,117.25;40.74,117.02;40.97,117.14;
#121:
>0:40.71,117.34;40.44,117.18;40.01,116.55;
#122:
>0:40.24,116.16;40.33,116.58;39.98,116.83;39.77,117.38;
#123:
>0:40.9,116.56;40.58,117.0;40.82,117.27;40.33,117.08;39.91,116.52;
#124:
>0:40.52,116.45;40.04,116.46;39.88,116.68;39.45,117.28;
#125:
>0:40.06,116.3;40.04,115.83;40.35,116.04;40.52,116.28;40.31,116.0;
#126:
>0:40.13,116.02;39.75,116.12;40.1,116.3;40.51,116.62;40.59,117.35;
#127:
>0:40.97,116.8;40.78,117.16;40.45,117.11;40.02,117.58;39.75,117.31;39.44,117.24;
#128:
>0:40.81,117.44;40.44,117.54;40.42,117.26;40.51,116.84;40.16,116.61;39.81,115.96;
#129:
>0:40.03,116.35;40.09,116.36;
#130:
>0:40.06,116.38;40.03,116.39;
#131:
>0:39.8,116.42;39.69,116.55;39.62,116.83;39.49,117.37;
#132:
>0:40.54,117.66;40.75,117.22;
#133:
>0:39.64,116.02;39.83,115.86;39.78,116.26;40.22,116.25;40.8,116.32;
#134:
>0:40.23,116.35;39.87,116.32;39.98,116.3;39.82,116.15;40.08,116.38;39.98,116.39;40.23,116.41;40.1,116.46;40.12,116.18;
#135:
>0:39.99,116.11;39.73,116.11;40.17,116.12;
#136:
>0:40.27,117.09;40.68,116.9;40.93,116.63;40.89,116.17;40.89,115.95;
#137:
>0:39.8,116.1;39.82,116.23;39.88,116.5;40.16,117.05;39.93,117.33;
#138:
>0:40.39,116.12;40.27,116.0;39.85,116.5;
#139:
>0:40.4,115.94;40.12,115.86;40.06,116.29;39.51,115.8;
#140:
>0:40.64,116.94;40.47,117.37;
#141:
>0:40.95,116.9;40.87,117.26;40.71,117.62;40.24,117.53;
#142:
>0:39.62,117.7;39.73,117.1;40.26,117.03;40.37,116.72;40.84,116.24;41.13,116.02;
#143:
>0:39.79,116.0;39.95,116.16;40.06,116.41;40.25,116.94;
#144:
>0:40.14,116.12;40.16,116.19;
#145:
>0:39.67,116.5;39.59,116.15;39.84,115.8;40.29,116.0;
#146:
>0:40.12,116.3;40.02,116.29;
#147:
>0:40.02,116.23;40.06,116.13;
#148:
>0:40.21,116.23;39.69,116.15;39.98,116.13;40.09,116.16;
#149:
>0:39.96,117.64;40.27,117.07;40.18,116.93;40.35,117.09;41.08,117.18;
#150:
>0:39.42,116.65;39.83,116.18;40.25,116.48;
#151:
>0:40.26,116.11;40.21,116.44;40.01,116.23;40.17,116.2;
#152:
>0:40.16,116.24;39.89,115.95;40.17,116.41;
#153:
>0:40.26,116.24;40.33,116.36;
#154:
>0:40.96,116.1;40.79,116.36;
#155:
>0:40.06,116.27;40.12,116.01;39.99,116.12;
#156:
>0:40.0,116.31;40.05,116.23;
#157:
>0:40.22,116.42;40.23,116.25;
#158:
>0:40.03,117.6;40.55,117.31;39.7,116.88;
#159:
>0:40.25,116.48;40.27,116.16;40.81,116.28;40.91,116.26;
#160:
>0:39.73,117.34;39.47,117.46;
#161:
>0:39.83,115.84;39.77,116.42;39.69,116.63;39.99,116.88;39.96,117.34;
#162:
>0:40.33,116.42;40.16,116.01;39.92,116.52;
#163:
>0:39.75,116.18;40.11,116.28;40.53,115.88;
#164:
>0:40.33,117.3;40.4,116.91;41.04,117.5;
#165:
>0:40.25,116.55;40.36,116.65;40.63,116.78;41.08,117.32;
#166:
>0:40.72,116.47;40.5,116.6;40.84,117.31;
#167:
>0:40.02,117.39;40.3,117.11;40.35,117.01;40.56,116.56;
#168:
>0:40.0,116.2;40.49,116.06;
#169:
>0:40.85,117.6;40.45,117.59;40.08,117.69;39.76,117.6;39.4,117.39;
#170:
>0:40.13,116.7;40.42,116.5;40.73,116.82;40.94,117.3;
#171:
>0:40.29,115.86;40.37,116.08;
#172:
>0:39.44,117.58;39.75,117.25;39.7,117.03;
#173:
>0:39.76,116.02;39.57,116.14;39.86,116.4;40.18,116.9;
#174:
>0:40.73,116.78;40.87,116.44;40.88,116.27;40.9,115.87;
#175:
>0:39.6,116.73;39.81,116.14;40.22,116.38;40.56,116.65;40.84,116.91;40.89,117.3;
#176:
>0:39.62,117.62;39.95,117.67;40.08,117.46;40.48,117.43;40.73,117.4;
#177:
>0:40.55,115.88;40.49,116.24;40.29,116.05;
#178:
>0:40.0,116.77;39.83,116.89;40.14,117.69;
#179:
>0:40.58,116.24;40.94,115.81;
#180:
>0:40.89,116.99;40.64,116.74;40.3,116.51;
#181:
>0:40.26,116.24;40.22,116.41;
#182:
>0:40.11,116.14;40.54,116.71;40.25,117.03;39.79,117.34;
#183:
>0:40.04,116.3;39.91,116.23;40.06,116.38;
#184:
>0:40.2,116.14;39.99,116.04;40.23,116.24;
#185:
>0:40.23,116.62;40.16,116.2;40.34,115.84;
#186:
>0:40.07,116.35;40.09,116.35;
#187:
>0:40.49,117.2;40.84,117.22;40.95,116.86;
#188:
>0:40.39,117.56;40.66,117.4;
#189:
>0:39.72,117.53;39.73,117.65;
#190:
>0:40.95,116.15;40.81,116.52;40.36,116.82;40.23,117.27;39.86,117.54;39.68,117.54;
#191:
>0:39.53,116.51;39.62,116.86;39.64,117.37;
#192:
>0:40.25,116.21;39.84,116.24;40.08,116.42;39.88,116.18;40.15,116.19;
#193:
>0:40.03,116.14;39.97,116.25;39.77,116.61;40.23,116.4;40.13,116.13;
#194:
>0:40.6,115.86;40.55,115.86;40.11,116.11;40.78,116.95;
#195:
>0:40.79,117.22;40.51,116.93;40.18,116.69;40.25,116.21;40.39,115.86;
#196:
>0:40.78,117.41;40.43,117.52;40.49,117.19;40.41,116.78;40.22,116.52;39.97,116.01;
#197:
>0:40.93,117.08;40.75,116.91;40.6,117.21;40.32,117.13;39.95,116.84;
#198:
>0:40.54,115.99;40.12,115.91;40.0,116.41;40.11,116.27;
#199:
>0:40.17,117.26;39.9,116.92;39.88,116.5;40.22,116.33;40.41,116.0;
#200:
>0:39.55,117.26;39.83,116.98;39.98,116.58;40.52,116.38;40.75,115.94;41.08,115.96;
#201:
>0:40.01,116.29;40.14,116.17;
