#0:
>0:40.06,116.95;41.53,117.32;
#1:
>0:41.61,117.76;41.03,117.99;
#2:
>0:32.7,121.11;32.66,120.95;
#3:
>0:36.57,112.79;29.71,115.21;31.22,115.79;30.17,117.63;
#4:
>0:41.18,116.28;42.69,118.08;
#5:
>0:24.99,116.77;28.1,115.04;29.84,115.33;22.79,109.85;
#6:
>0:35.65,121.33;39.54,118.68;41.42,117.32;38.49,114.47;
#7:
>0:39.96,119.46;40.11,116.66;34.45,114.84;32.53,111.74;23.89,114.66;
#8:
>0:33.05,119.96;33.47,122.27;
#9:
>0:34.9,115.95;30.51,118.02;27.72,120.54;22.74,121.48;20.48,121.22;
#10:
>0:18.89,110.75;20.99,110.15;
#11:
>0:19.07,112.44;22.47,115.06;28.34,117.16;30.5,115.95;27.39,120.47;
#12:
>0:28.36,113.96;22.02,113.71;19.88,114.75;
#13:
>0:41.72,116.47;40.18,118.18;
#14:
>0:33.3,113.01;30.61,113.54;32.52,116.26;32.78,118.22;
#15:
>0:34.76,116.95;32.7,115.36;28.32,114.46;25.91,112.6;21.42,109.29;
#16:
>0:36.72,112.16;34.48,112.7;35.3,113.9;29.28,116.64;24.35,115.64;
#17:
>0:25.96,109.89;26.55,112.04;26.82,115.15;
#18:
>0:41.32,117.72;42.17,117.19;
#19:
>0:40.62,116.87;43.56,116.97;
#20:
>0:26.52,109.58;31.12,113.22;35.66,114.46;
#21:
>0:33.53,117.8;35.63,115.53;35.11,114.59;
#22:
>0:40.14,112.87;33.25,109.18;
#23:
>0:30.69,112.05;26.5,114.78;24.0,112.35;
#24:
>0:27.07,113.75;25.24,113.95;25.67,116.79;34.1,120.86;
#25:
>0:18.7,114.49;22.62,111.34;28.62,113.09;
#26:
>0:21.49,117.67;23.44,117.02;25.79,115.4;32.45,113.97;36.42,113.12;
#27:
>0:40.31,117.62;42.67,116.62;
#28:
>0:33.08,120.03;32.99,121.6;
#29:
>0:43.21,117.01;41.77,118.71;
#30:
>0:20.47,121.13;24.88,120.76;27.0,118.77;
#31:
>0:36.59,113.07;32.35,113.46;30.31,117.58;32.31,119.4;
#32:
>0:24.94,113.76;28.57,115.81;31.66,115.63;33.93,120.05;
#33:
>0:29.07,111.28;25.58,110.42;
#34:
>0:40.17,118.44;38.26,121.53;
#35:
>0:25.21,121.18;25.66,120.5;30.41,118.16;34.75,120.59;41.62,116.15;
#36:
>0:41.96,117.7;42.93,116.33;
#37:
>0:39.06,112.94;34.59,112.11;34.37,113.43;31.0,115.6;27.38,119.98;
#38:
>0:32.75,119.28;32.27,116.97;39.33,115.36;
#39:
>0:19.27,114.52;23.76,111.45;28.3,110.36;27.37,113.28;33.5,112.14;
#40:
>0:28.42,121.43;27.04,118.98;
#41:
>0:30.63,114.23;30.82,113.86;
#42:
>0:23.26,113.58;28.73,111.96;30.89,111.12;
#43:
>0:39.93,117.8;40.96,117.78;
#44:
>0:19.13,121.14;18.37,119.17;24.23,117.8;26.34,114.79;
#45:
>0:26.12,113.36;29.61,115.32;32.38,116.5;33.6,118.08;
#46:
>0:42.65,117.48;42.68,118.16;
#47:
>0:23.65,121.01;28.64,121.14;32.89,117.82;34.39,120.66;41.2,117.1;
#48:
>0:21.73,114.6;24.54,117.24;28.3,114.22;28.72,112.22;34.84,111.67;
#49:
>0:28.82,109.18;27.55,112.15;21.17,110.9;
#50:
>0:41.23,117.21;40.99,117.51;
#51:
>0:31.54,121.38;28.52,120.25;
#52:
>0:42.75,117.27;42.33,116.87;
#53:
>0:42.05,118.45;41.69,117.18;
#54:
>0:22.04,111.64;27.55,114.85;22.95,115.23;28.61,118.56;
#55:
>0:25.9,119.54;31.12,118.48;32.39,116.58;40.22,115.04;
#56:
>0:24.39,116.84;28.61,114.78;31.46,115.27;24.28,110.78;
#57:
>0:36.95,119.91;37.6,118.69;41.96,116.42;40.29,115.24;
#58:
>0:42.66,117.19;37.96,117.53;
#59:
>0:25.26,115.72;26.1,118.48;28.74,121.69;
#60:
>0:40.52,117.25;40.51,116.86;
#61:
>0:24.03,115.7;23.33,114.75;26.71,116.54;33.17,114.79;
#62:
>0:41.13,118.03;33.11,115.14;29.93,113.22;27.35,113.67;23.69,110.24;
#63:
>0:24.28,120.86;29.17,117.76;32.75,116.01;34.66,113.92;38.54,111.75;33.0,110.85;
#64:
>0:26.1,115.28;29.11,112.35;20.62,110.2;
#65:
>0:27.01,117.25;24.35,118.13;18.83,116.57;
#66:
>0:31.42,120.1;29.03,119.45;32.53,116.0;35.42,114.11;31.81,111.32;31.47,109.29;
#67:
>0:26.69,117.56;30.77,116.73;36.57,114.59;40.06,110.45;
#68:
>0:36.2,115.91;32.57,114.5;26.22,113.94;24.23,109.47;
#69:
>0:23.62,114.62;24.56,115.4;
#70:
>0:19.42,112.43;19.61,113.4;25.04,117.57;21.57,119.42;
#71:
>0:41.56,117.91;36.58,114.26;29.45,113.17;26.42,115.28;27.37,113.14;19.24,112.35;
#72:
>0:41.41,118.41;40.76,117.42;
#73:
>0:31.96,118.18;36.4,118.6;
#74:
>0:26.77,119.3;30.22,118.94;32.7,116.41;38.13,114.4;
#75:
>0:18.91,115.94;23.14,113.53;28.13,117.11;32.29,116.8;34.13,113.02;
#76:
>0:39.32,111.46;33.37,110.22;
#77:
>0:37.93,114.79;42.28,116.89;36.34,118.61;39.82,120.38;
#78:
>0:39.15,112.32;35.21,113.03;33.41,115.25;35.35,117.48;37.9,121.53;
#79:
>0:41.25,116.67;43.17,117.54;
#80:
>0:29.51,116.45;26.71,114.65;27.38,111.77;18.84,110.3;
#81:
>0:31.98,120.75;26.54,118.51;
#82:
>0:33.49,118.79;36.47,115.98;36.17,115.09;
#83:
>0:40.34,116.84;41.31,117.97;
#84:
>0:42.06,116.43;41.01,118.3;
#85:
>0:26.44,113.14;22.53,113.83;24.12,116.63;
#86:
>0:21.31,111.47;24.78,109.68;28.11,110.45;30.08,109.9;
#87:
>0:33.33,120.88;32.73,121.19;
#88:
>0:26.19,109.57;28.28,112.77;26.12,114.9;
#89:
>0:30.27,118.86;33.15,119.31;
#90:
>0:28.55,114.56;26.94,112.72;29.49,110.66;37.98,110.62;
#91:
>0:18.85,110.81;23.84,110.49;26.71,113.35;25.18,113.6;26.33,116.41;33.46,120.83;
#92:
>0:25.54,118.9;18.96,119.59;
#93:
>0:30.62,110.51;30.41,111.62;22.94,113.54;
#94:
>0:41.99,117.46;41.87,116.5;
#95:
>0:20.32,120.18;19.76,118.1;23.4,118.0;27.71,113.77;
#96:
>0:41.3,116.92;40.36,117.54;
#97:
>0:37.48,114.69;33.53,112.15;30.5,109.64;
#98:
>0:31.63,121.56;33.16,121.5;
#99:
>0:43.13,117.14;43.46,117.58;
#100:
>0:39.97,116.77;36.47,114.9;32.57,111.82;31.15,114.68;29.09,111.29;21.85,112.62;
#101:
>0:38.85,111.78;33.14,111.73;36.35,113.83;31.89,112.18;27.67,114.6;19.14,112.11;
#102:
>0:41.49,117.42;40.51,117.62;
#103:
>0:34.03,117.19;32.92,116.2;
#104:
>0:41.67,118.01;41.63,116.53;
#105:
>0:39.61,119.37;41.7,117.56;34.71,117.28;29.71,115.11;22.0,112.06;
#106:
>0:31.07,115.0;36.24,114.13;
#107:
>0:32.42,115.45;26.4,115.22;27.66,111.6;19.98,115.69;
#108:
>0:39.54,120.42;34.53,119.43;32.13,116.74;28.35,114.02;27.68,112.7;19.6,109.17;
#109:
>0:41.74,116.4;39.97,117.13;
#110:
>0:30.47,119.17;33.91,119.42;
#111:
>0:31.66,113.52;35.31,117.52;
#112:
>0:27.49,114.41;23.25,114.07;26.19,116.04;33.5,119.97;
#113:
>0:33.9,116.08;32.17,116.41;26.93,116.42;
#114:
>0:23.15,114.04;27.47,116.7;28.54,118.06;29.73,115.83;40.03,115.45;
#115:
>0:41.18,118.62;41.5,117.99;
#116:
>0:31.59,122.23;26.96,117.63;
#117:
>0:23.89,111.81;27.47,114.09;31.27,116.47;
#118:
>0:21.93,115.11;24.03,111.61;23.12,109.7;
#119:
>0:24.86,117.1;27.94,113.41;29.72,114.25;25.52,110.15;
#120:
>0:26.66,117.05;26.49,119.18;20.63,116.82;
#121:
>0:33.41,111.72;30.49,113.4;25.73,115.72;27.51,117.83;
#122:
>0:42.99,117.21;43.36,117.67;
#123:
>0:40.49,117.7;42.48,117.83;
#124:
>0:39.9,117.14;41.59,116.52;
#125:
>0:43.39,117.39;42.82,117.73;
#126:
>0:42.81,117.48;39.94,117.85;
#127:
>0:31.25,120.18;34.48,119.89;
#128:
>0:19.38,118.02;21.77,120.12;24.53,120.74;33.74,120.33;
#129:
>0:43.54,117.89;41.62,116.37;
#130:
>0:41.31,117.63;41.8,116.79;
#131:
>0:31.83,109.5;28.84,112.87;24.74,113.91;28.01,117.32;31.88,117.0;31.89,121.73;
#132:
>0:33.2,119.88;31.52,121.57;28.76,121.6;24.99,120.92;18.52,121.65;
#133:
>0:42.86,117.3;41.44,118.2;
#134:
>0:32.7,121.34;31.85,122.69;
#135:
>0:35.92,116.23;30.53,116.45;28.92,115.68;
#136:
>0:33.32,119.93;28.47,118.21;23.36,116.5;19.21,115.51;
#137:
>0:30.88,111.89;25.78,114.22;22.79,111.96;
#138:
>0:34.25,120.8;33.49,119.87;
#139:
>0:42.96,116.9;36.47,114.67;32.83,111.9;32.01,114.68;29.12,112.9;19.7,112.0;
#140:
>0:43.5,117.49;40.56,116.41;
#141:
>0:21.48,111.82;25.55,111.16;27.18,110.4;31.51,111.16;
#142:
>0:37.23,114.47;43.11,117.94;
#143:
>0:34.12,110.99;39.04,110.52;36.56,112.7;33.13,116.11;
#144:
>0:25.53,112.9;20.97,115.27;21.95,116.16;23.34,118.66;
#145:
>0:34.39,115.75;29.34,115.71;26.41,116.83;
#146:
>0:27.12,111.41;25.8,109.8;
#147:
>0:43.53,116.9;40.5,117.15;
#148:
>0:23.44,114.09;25.29,113.63;
#149:
>0:43.49,116.48;43.25,117.0;
#150:
>0:37.59,121.23;36.65,121.57;32.96,119.37;30.57,117.43;38.2,113.36;
#151:
>0:18.53,118.81;22.07,119.44;25.05,116.61;26.18,114.7;22.45,109.65;
#152:
>0:29.05,119.91;24.34,120.49;25.66,119.05;26.95,115.47;
#153:
>0:40.41,118.45;42.47,116.89;
#154:
>0:33.89,110.2;31.22,112.39;
#155:
>0:31.6,111.22;35.9,113.02;34.6,113.91;36.59,117.29;33.86,118.64;38.94,120.97;
#156:
>0:42.49,116.78;40.73,118.11;
#157:
>0:18.55,118.37;23.2,115.89;28.99,115.43;30.33,113.77;36.32,111.28;
#158:
>0:24.59,118.01;24.8,117.12;23.16,113.95;
#159:
>0:27.57,113.73;23.05,116.45;24.41,117.63;24.57,120.43;
#160:
>0:27.12,110.67;26.65,112.29;
#161:
>0:19.53,115.81;24.27,115.66;28.67,113.8;29.59,109.5;
#162:
>0:34.82,114.16;32.39,113.16;25.79,114.97;
#163:
>0:34.4,120.85;29.53,117.61;32.56,115.85;38.27,113.82;
#164:
>0:29.01,121.04;26.38,118.68;31.22,121.21;38.9,120.22;
#165:
>0:43.43,117.29;42.99,116.78;
#166:
>0:33.83,120.27;33.2,121.32;
#167:
>0:21.73,116.82;23.98,116.13;26.04,114.47;32.15,113.76;35.95,113.73;
#168:
>0:21.67,112.75;24.5,114.0;29.11,117.55;29.63,115.56;33.03,113.86;40.44,117.06;
#169:
>0:35.64,121.4;34.72,121.26;
#170:
>0:42.65,116.29;42.32,117.98;
#171:
>0:26.93,113.92;30.8,114.71;
#172:
>0:25.32,114.94;26.93,116.4;32.46,115.9;33.03,122.72;
#173:
>0:33.9,119.68;32.86,116.99;26.51,117.25;
#174:
>0:21.86,121.53;20.48,117.69;21.12,116.12;21.07,115.07;
#175:
>0:42.47,117.21;42.31,116.77;
#176:
>0:42.97,117.07;41.66,117.13;
#177:
>0:23.71,111.04;22.37,112.59;23.02,115.46;
#178:
>0:20.45,113.74;24.01,116.01;26.93,117.14;30.57,116.52;35.88,115.04;43.37,117.96;
#179:
>0:19.8,114.0;21.42,112.32;
#180:
>0:34.53,120.61;39.15,118.13;40.78,117.6;30.74,115.19;
#181:
>0:39.88,118.87;42.4,116.78;
#182:
>0:43.01,117.4;41.79,117.21;
#183:
>0:42.26,116.28;42.2,118.37;
#184:
>0:39.96,117.6;41.47,118.23;
#185:
>0:42.89,118.23;42.06,116.96;
#186:
>0:31.42,120.7;33.4,120.23;
#187:
>0:42.98,116.4;41.52,118.36;
#188:
>0:41.73,116.96;41.24,116.68;
#189:
>0:26.91,111.7;28.75,115.47;26.44,116.55;
#190:
>0:35.2,112.95;33.92,114.91;32.6,112.49;26.78,112.06;18.37,109.21;
#191:
>0:26.16,116.34;29.23,113.86;
#192:
>0:33.53,120.96;27.75,118.27;
#193:
>0:43.54,116.45;42.03,117.76;
#194:
>0:35.28,120.65;34.17,120.35;
#195:
>0:43.04,116.29;40.69,119.07;
#196:
>0:40.15,117.37;41.61,116.93;
#197:
>0:41.7,117.55;42.8,117.32;
#198:
>0:41.12,117.15;40.2,117.22;
#199:
>0:41.79,117.87;43.56,118.0;
#200:
>0:23.54,118.8;27.32,118.22;29.76,118.25;
#201:
>0:43.4,117.67;43.45,116.67;
#202:
>0:43.24,116.51;41.39,117.48;
#203:
>0:37.74,113.05;35.84,112.61;35.38,114.1;31.16,112.2;27.72,112.81;19.61,110.29;
#204:
>0:42.83,118.19;43.25,117.03;
#205:
>0:27.37,109.95;24.23,109.55;
#206:
>0:30.38,114.18;36.18,112.68;
#207:
>0:28.05,111.59;27.83,112.27;
#208:
>0:34.2,113.79;31.11,112.54;28.8,114.62;23.69,114.0;21.46,119.33;
#209:
>0:41.91,117.09;41.14,116.98;
#210:
>0:41.37,117.05;34.99,116.56;35.15,118.56;26.5,118.44;
#211:
>0:25.78,117.5;31.26,115.54;33.38,118.52;
#212:
>0:22.71,116.46;28.69,115.81;31.56,115.66;34.39,115.56;
#213:
>0:23.87,119.14;26.69,120.59;
#214:
>0:42.33,118.04;33.06,113.59;30.01,112.94;26.05,112.96;
#215:
>0:42.71,117.94;42.19,118.11;
#216:
>0:34.37,111.74;33.08,113.5;
#217:
>0:35.81,114.5;43.46,117.07;
#218:
>0:20.21,121.05;22.21,120.51;
#219:
>0:40.81,117.2;40.93,116.99;
#220:
>0:37.59,111.01;37.59,110.84;
#221:
>0:31.63,121.65;32.15,121.96;
#222:
>0:39.01,117.31;41.14,116.87;
#223:
>0:32.12,109.61;31.61,111.94;29.2,114.96;32.74,113.88;31.57,118.13;
#224:
>0:33.96,120.09;27.4,119.18;31.64,117.16;35.24,115.25;31.66,112.42;29.4,110.37;
#225:
>0:24.5,109.49;23.43,113.03;25.46,114.83;
#226:
>0:31.21,120.16;27.06,118.94;
#227:
>0:23.85,112.22;26.46,113.55;29.83,116.23;32.36,119.26;38.55,121.05;
#228:
>0:32.07,115.79;27.97,114.9;26.05,112.2;21.63,110.14;
#229:
>0:36.61,116.62;32.52,116.08;28.62,117.01;
#230:
>0:42.12,118.27;42.68,117.91;
#231:
>0:39.16,118.0;42.99,116.48;
#232:
>0:30.28,116.58;28.5,119.61;25.67,121.3;
#233:
>0:24.83,116.99;26.53,116.42;29.51,116.7;33.55,113.58;42.08,116.91;
#234:
>0:42.45,117.84;40.84,118.38;
#235:
>0:28.72,112.99;27.02,114.48;26.89,116.39;
#236:
>0:26.14,114.65;27.95,113.3;
#237:
>0:34.73,111.41;35.88,115.23;
#238:
>0:28.62,115.82;27.25,119.49;33.03,121.54;39.07,118.1;
#239:
>0:26.93,118.52;32.58,118.43;30.26,115.75;36.74,111.67;
#240:
>0:28.63,113.3;29.16,110.41;
#241:
>0:19.35,116.67;25.03,113.46;23.4,111.47;
#242:
>0:41.95,116.32;40.63,118.3;
#243:
>0:42.02,116.81;41.76,117.7;
#244:
>0:26.0,120.82;28.98,118.0;
#245:
>0:22.81,113.15;29.25,115.41;29.95,113.92;30.63,116.84;33.41,120.96;
#246:
>0:25.86,114.13;32.73,117.29;33.34,118.83;
#247:
>0:29.27,109.46;32.05,112.33;36.16,114.78;33.65,116.36;37.09,119.28;
#248:
>0:31.5,117.43;28.93,115.87;21.89,115.77;
#249:
>0:37.09,114.45;41.74,117.93;35.48,119.56;37.33,121.42;
#250:
>0:36.95,113.69;34.49,112.68;
#251:
>0:30.78,116.31;27.53,115.67;22.89,117.1;
#252:
>0:43.53,117.5;33.75,113.62;31.98,113.13;29.9,113.98;29.21,112.91;18.82,112.43;
#253:
>0:30.21,115.5;28.99,113.81;23.44,113.53;20.11,114.47;
#254:
>0:33.38,120.71;39.27,119.46;40.75,117.9;36.74,114.43;
#255:
>0:28.31,116.26;31.81,117.14;35.79,114.28;39.53,109.43;
#256:
>0:42.85,118.12;43.14,117.75;
#257:
>0:38.72,119.61;39.99,117.05;31.35,121.05;
#258:
>0:40.01,117.95;40.5,116.48;
#259:
>0:20.28,120.32;19.58,117.62;25.5,119.55;22.78,117.48;28.73,111.64;
#260:
>0:43.45,117.86;42.74,118.03;
#261:
>0:43.28,117.24;41.37,116.96;
#262:
>0:42.62,117.28;42.14,118.16;
#263:
>0:40.05,117.18;43.51,116.29;
#264:
>0:40.38,116.49;41.82,116.63;
#265:
>0:32.27,120.97;26.03,120.55;
#266:
>0:33.65,120.82;32.67,120.12;
#267:
>0:41.78,116.98;43.28,116.72;
#268:
>0:26.77,111.88;27.69,115.29;27.73,117.03;
#269:
>0:33.45,115.52;30.7,113.93;27.47,114.72;23.35,110.04;
#270:
>0:41.19,116.3;42.61,118.07;
#271:
>0:40.28,121.08;38.31,117.64;42.17,117.45;36.44,113.44;35.07,112.37;
#272:
>0:41.29,116.78;42.51,118.31;
#273:
>0:31.28,115.07;28.46,112.49;
#274:
>0:40.49,117.28;39.94,116.86;
#275:
>0:22.82,113.68;28.86,117.09;28.84,118.78;29.57,116.45;37.06,112.48;
#276:
>0:21.34,117.25;23.79,113.83;28.47,117.34;31.71,116.09;33.55,114.83;36.95,109.25;
#277:
>0:21.44,119.91;25.34,117.64;22.6,116.65;26.48,113.47;26.49,111.7;27.49,111.08;
#278:
>0:30.93,117.29;26.87,113.74;28.04,112.1;19.19,109.53;
#279:
>0:34.61,116.06;31.02,114.52;28.47,113.86;27.63,111.35;21.55,110.84;
#280:
>0:41.72,118.2;42.52,117.82;
#281:
>0:35.38,111.15;39.26,110.33;
#282:
>0:35.17,116.18;32.21,114.1;26.47,113.82;25.38,110.94;
#283:
>0:27.77,112.49;26.08,109.52;
#284:
>0:37.03,118.85;41.92,116.95;33.65,118.69;31.28,117.46;28.94,118.59;21.62,116.73;
#285:
>0:31.63,109.5;29.27,112.23;25.96,113.48;23.07,115.03;28.3,116.93;33.09,120.45;
#286:
>0:20.02,112.75;23.78,114.87;26.2,117.41;29.3,117.4;32.21,119.94;
#287:
>0:36.45,115.12;30.07,112.07;29.65,115.04;23.0,114.46;
#288:
>0:43.42,118.15;43.35,117.52;
#289:
>0:43.57,117.43;41.94,117.77;
#290:
>0:18.6,112.13;22.51,113.4;27.59,116.0;29.29,116.98;32.49,120.49;
#291:
>0:41.97,117.46;42.7,118.06;
#292:
>0:43.59,117.37;43.52,117.87;
#293:
>0:40.2,116.71;43.1,118.29;
#294:
>0:32.87,112.24;28.59,113.58;28.65,116.2;
#295:
>0:20.24,111.05;25.36,110.4;28.68,111.63;30.04,110.21;34.29,112.08;36.84,111.53;
#296:
>0:36.66,120.62;33.04,120.17;
#297:
>0:31.51,120.04;32.34,120.87;
#298:
>0:42.58,117.99;40.77,116.74;
#299:
>0:34.01,121.65;31.21,119.77;
#300:
>0:42.1,116.53;40.31,118.13;
#301:
>0:39.71,118.13;41.95,117.53;36.23,116.05;29.69,112.56;
#302:
>0:18.5,120.22;24.21,120.13;26.68,119.51;
#303:
>0:25.71,115.15;30.62,116.55;36.61,118.54;
#304:
>0:24.72,116.63;27.54,115.3;32.71,114.32;22.37,111.06;
#305:
>0:37.21,115.18;41.09,117.35;34.35,118.0;37.36,121.28;
#306:
>0:38.44,112.74;34.57,112.39;36.55,115.44;33.74,116.47;37.44,120.93;
#307:
>0:19.41,110.93;19.39,109.18;
#308:
>0:22.06,119.65;26.77,115.87;31.39,116.8;
#309:
>0:31.63,121.45;33.28,120.3;
#310:
>0:19.62,110.0;18.34,109.89;
#311:
>0:38.83,111.22;35.13,111.92;30.7,115.24;26.33,114.45;23.77,113.87;21.57,118.21;
#312:
>0:40.12,117.34;41.35,117.63;
#313:
>0:34.65,120.6;34.13,120.04;
#314:
>0:34.21,120.07;33.54,120.93;
#315:
>0:43.14,117.84;42.13,116.88;
#316:
>0:32.8,120.49;33.46,120.56;38.33,120.7;41.44,117.16;
#317:
>0:27.56,116.78;26.96,117.75;19.35,115.73;
#318:
>0:25.51,113.06;19.51,114.39;23.97,116.25;23.25,118.89;
#319:
>0:23.54,113.86;27.63,115.56;25.68,117.94;32.47,117.41;37.16,113.84;
#320:
>0:31.88,113.37;34.73,113.21;40.3,114.11;
#321:
>0:36.6,110.58;31.1,112.09;
#322:
>0:41.44,117.14;39.92,117.44;
#323:
>0:37.6,118.12;40.11,117.31;
#324:
>0:35.98,109.81;36.78,110.08;34.94,112.1;36.22,115.46;33.18,115.99;33.53,121.62;
#325:
>0:32.1,113.83;27.05,111.44;
#326:
>0:42.56,117.07;40.09,117.07;
#327:
>0:33.93,120.7;27.85,117.74;24.52,116.15;27.9,113.97;29.93,114.19;30.35,110.49;
#328:
>0:34.39,114.4;33.87,116.57;41.58,118.07;34.17,119.87;
#329:
>0:41.63,116.92;40.26,117.07;
#330:
>0:19.32,117.65;23.12,120.76;
#331:
>0:26.53,112.86;28.34,112.46;
#332:
>0:34.5,118.83;35.45,116.42;
#333:
>0:32.07,122.85;35.18,121.36;32.68,116.24;
#334:
>0:21.01,117.49;24.02,116.66;22.38,114.16;27.19,116.42;33.3,114.84;
#335:
>0:26.86,117.12;22.39,117.4;26.59,111.58;
#336:
>0:25.48,120.12;25.66,120.14;27.57,117.72;29.92,116.17;36.89,112.41;
#337:
>0:31.61,120.93;34.2,121.57;
#338:
>0:37.53,113.22;36.66,112.32;33.44,113.68;32.27,116.39;25.86,120.31;
#339:
>0:33.62,121.61;38.66,119.22;40.32,116.48;37.86,113.88;
#340:
>0:34.52,120.08;34.34,119.83;
#341:
>0:20.27,112.81;24.37,115.05;26.95,115.81;30.88,117.35;35.04,115.21;43.38,116.64;
#342:
>0:25.55,119.66;24.09,116.83;28.14,113.4;20.36,112.71;
#343:
>0:24.01,115.2;25.95,112.91;29.88,110.16;
#344:
>0:26.18,112.02;27.49,109.97;
#345:
>0:31.44,119.32;33.68,117.13;
#346:
>0:31.08,115.83;26.45,115.6;24.69,116.29;
#347:
>0:31.86,113.6;31.07,113.74;
#348:
>0:31.45,111.55;34.32,112.07;40.34,114.69;
#349:
>0:25.33,119.75;29.05,120.22;31.11,118.24;35.68,121.06;41.98,118.12;
#350:
>0:42.45,117.96;40.4,118.35;
#351:
>0:30.69,114.5;33.17,115.21;
#352:
>0:39.88,114.38;36.32,116.73;32.2,115.32;28.4,115.26;24.44,115.23;21.07,119.41;
#353:
>0:35.42,114.58;34.1,114.72;
#354:
>0:40.67,117.55;41.19,117.9;
#355:
>0:22.98,113.22;20.57,113.61;18.36,117.29;
#356:
>0:43.15,116.67;41.61,116.7;
#357:
>0:40.37,116.56;42.91,116.29;
#358:
>0:42.11,116.68;40.0,116.76;
#359:
>0:23.76,118.71;27.07,120.95;
#360:
>0:21.52,116.7;22.67,114.78;24.12,112.23;
#361:
>0:29.17,118.92;23.19,120.83;
#362:
>0:40.45,116.75;40.3,116.8;
#363:
>0:27.09,114.53;29.68,113.57;32.16,117.43;39.53,112.93;
#364:
>0:40.4,116.45;39.79,118.15;
#365:
>0:34.54,114.73;36.92,111.42;
#366:
>0:40.43,117.11;42.03,116.82;
#367:
>0:19.57,111.03;21.84,109.9;
#368:
>0:23.31,117.53;24.46,119.2;25.4,119.98;
#369:
>0:23.9,120.4;27.22,121.28;31.49,121.57;
#370:
>0:40.83,118.23;39.98,116.67;
#371:
>0:19.61,115.34;23.61,116.56;26.69,113.89;27.04,111.96;35.84,112.37;
#372:
>0:42.1,118.35;40.24,117.92;
#373:
>0:31.41,121.81;31.24,120.98;
#374:
>0:24.21,114.64;26.02,116.18;
#375:
>0:26.61,112.15;27.46,114.31;26.75,117.05;
#376:
>0:29.03,111.41;30.42,113.6;33.59,115.98;
#377:
>0:41.27,116.97;42.43,117.17;
#378:
>0:42.62,116.75;40.81,117.46;
#379:
>0:41.11,118.02;42.34,117.72;
#380:
>0:40.68,116.5;43.22,116.56;
#381:
>0:38.76,120.2;33.76,118.42;31.79,115.64;28.43,113.67;26.87,112.19;19.59,110.36;
#382:
>0:32.62,120.87;34.57,119.74;
#383:
>0:21.84,111.1;23.88,109.17;28.26,112.25;32.64,110.35;31.39,112.67;38.83,112.36;
#384:
>0:40.97,116.5;40.14,117.99;
#385:
>0:19.12,113.56;24.74,111.75;21.91,109.89;
#386:
>0:33.8,120.04;27.95,118.66;23.4,116.31;29.19,114.71;31.3,114.23;31.32,110.24;
#387:
>0:37.62,111.36;35.3,112.44;36.13,115.1;32.15,111.67;28.11,114.88;20.15,111.36;
#388:
>0:40.72,117.86;42.42,117.02;
#389:
>0:40.25,116.64;41.04,118.05;
#390:
>0:41.2,118.07;42.3,118.17;
#391:
>0:43.32,118.15;42.91,116.85;
#392:
>0:40.3,117.08;40.72,117.59;
#393:
>0:43.36,117.02;41.33,117.56;
#394:
>0:41.85,117.2;42.16,116.75;
#395:
>0:27.56,109.36;27.72,111.65;23.21,114.99;21.36,116.88;20.71,118.79;
#396:
>0:22.47,119.1;21.43,116.23;
#397:
>0:40.14,116.66;42.42,117.47;
#398:
>0:31.37,120.82;32.78,121.54;
#399:
>0:29.15,115.53;25.93,118.56;19.56,115.76;
#400:
>0:22.15,117.38;28.15,115.23;30.56,114.07;22.04,109.28;
#401:
>0:21.7,110.25;23.74,109.22;28.88,111.95;29.66,109.82;32.09,113.13;37.74,110.83;
#402:
>0:20.73,118.0;22.53,120.53;
#403:
>0:21.6,120.06;18.87,121.37;
#404:
>0:30.47,112.28;29.25,111.93;22.53,114.55;26.81,118.9;
#405:
>0:36.28,112.01;34.26,114.6;31.39,112.81;23.37,112.91;
#406:
>0:27.94,110.28;26.95,112.76;20.29,113.17;
#407:
>0:19.17,115.3;21.1,112.73;
#408:
>0:26.29,117.78;25.61,116.52;28.95,114.96;29.26,111.99;28.97,109.72;
#409:
>0:31.81,121.36;32.3,120.98;
#410:
>0:20.28,114.27;22.07,113.33;22.86,110.27;
#411:
>0:28.68,115.27;28.18,112.06;31.75,110.12;39.07,110.9;
#412:
>0:43.45,117.91;41.52,116.38;
#413:
>0:20.19,115.12;22.92,111.58;25.28,109.84;
#414:
>0:43.57,118.36;40.09,117.48;
#415:
>0:43.33,116.89;40.16,118.23;
#416:
>0:40.84,117.41;43.07,117.24;
#417:
>0:39.83,114.35;34.03,114.94;31.78,113.19;30.71,114.48;22.85,115.38;
#418:
>0:23.23,114.21;28.7,116.28;
#419:
>0:21.43,119.43;24.38,117.77;22.35,117.29;26.7,114.4;22.95,109.99;
#420:
>0:40.69,117.74;42.49,118.34;
#421:
>0:41.96,117.11;43.31,116.85;
#422:
>0:19.13,113.92;24.39,117.49;28.82,114.75;27.42,113.01;36.18,112.41;
#423:
>0:40.24,117.74;40.49,116.38;
#424:
>0:39.68,119.77;34.68,120.08;37.36,117.85;43.07,117.56;37.33,112.2;
#425:
>0:19.02,112.79;19.13,114.47;22.79,116.91;18.33,117.79;
#426:
>0:22.91,110.59;28.15,112.25;30.82,114.98;33.78,116.29;40.15,117.58;
#427:
>0:36.01,116.94;31.97,117.5;
#428:
>0:40.77,117.95;40.14,117.71;
#429:
>0:39.55,121.09;37.18,120.91;
#430:
>0:20.66,119.81;18.36,118.03;23.01,118.18;27.71,113.52;
#431:
>0:38.78,117.62;43.35,116.98;
#432:
>0:32.4,121.14;32.6,119.96;
#433:
>0:34.21,117.69;35.66,117.48;33.32,114.77;
#434:
>0:34.15,121.58;34.06,120.75;
#435:
>0:43.38,117.68;42.82,117.78;
#436:
>0:18.87,113.99;20.91,112.96;
#437:
>0:43.3,117.83;37.62,116.73;
#438:
>0:39.45,117.63;40.8,118.32;34.36,119.29;33.43,121.48;27.99,117.66;20.87,117.25;
#439:
>0:31.26,111.41;33.67,113.18;37.45,114.35;
#440:
>0:33.96,118.27;35.1,117.31;
#441:
>0:38.68,118.71;40.94,116.29;35.72,114.06;29.52,111.5;24.17,113.96;
#442:
>0:31.45,117.56;36.15,117.98;
#443:
>0:22.78,113.17;28.12,115.31;
#444:
>0:35.08,117.02;30.79,116.7;
#445:
>0:32.89,113.89;34.99,114.36;
#446:
>0:38.11,112.07;35.56,112.43;35.83,113.97;34.21,117.5;39.78,120.02;
#447:
>0:39.91,116.89;41.8,116.73;
#448:
>0:38.41,120.57;36.89,118.04;32.99,117.45;
#449:
>0:30.96,113.65;33.77,116.17;40.91,118.09;
#450:
>0:32.89,118.88;27.69,116.78;22.36,113.83;24.58,112.91;
#451:
>0:19.68,120.75;23.77,118.04;25.53,116.21;27.55,113.44;25.86,112.11;25.7,110.89;
#452:
>0:34.63,119.49;35.55,117.0;33.53,114.16;
#453:
>0:41.92,117.9;40.66,116.95;
#454:
>0:30.45,115.16;34.02,116.84;40.02,118.06;
#455:
>0:42.84,116.4;43.5,117.67;
#456:
>0:39.43,119.81;39.27,119.43;40.31,118.34;36.76,114.01;
#457:
>0:42.03,117.03;40.57,116.83;
#458:
>0:43.42,116.89;43.56,116.57;
#459:
>0:43.39,116.39;38.56,117.36;
#460:
>0:28.86,114.88;27.62,112.04;
#461:
>0:29.31,117.45;34.91,115.45;38.02,119.27;
#462:
>0:34.65,119.93;26.35,118.15;22.91,116.9;28.34,113.51;30.07,114.4;31.39,110.34;
#463:
>0:27.22,118.43;23.68,117.07;22.97,114.36;
#464:
>0:20.83,116.09;22.14,113.42;27.51,115.52;31.91,116.28;35.18,114.57;41.97,117.52;
#465:
>0:22.97,115.35;27.77,115.5;
#466:
>0:19.07,117.67;20.68,120.89;23.94,120.16;28.35,121.02;33.65,117.63;
#467:
>0:40.99,116.28;40.17,118.35;
#468:
>0:27.91,111.79;22.15,112.02;23.04,116.09;
#469:
>0:28.31,120.35;25.37,119.93;28.97,119.61;26.2,114.46;
#470:
>0:41.2,116.88;42.24,118.08;
#471:
>0:22.96,118.5;21.12,119.6;
#472:
>0:21.26,115.7;23.81,117.27;27.14,117.23;
#473:
>0:22.63,113.48;22.49,114.87;
#474:
>0:35.96,118.07;32.71,116.8;35.15,115.45;34.51,111.28;
#475:
>0:40.96,117.05;42.41,117.98;
#476:
>0:39.66,118.44;41.71,116.41;30.03,115.31;
#477:
>0:30.35,118.11;26.11,119.02;25.08,116.17;19.61,118.46;
#478:
>0:29.55,113.1;28.33,115.08;26.42,115.91;
#479:
>0:33.81,119.62;36.2,116.93;
#480:
>0:21.39,115.01;25.17,112.87;24.08,110.09;
#481:
>0:19.03,115.88;24.22,115.18;21.93,111.47;
#482:
>0:34.08,120.05;32.83,121.74;
#483:
>0:33.64,110.7;32.83,112.76;
#484:
>0:39.8,117.68;40.5,116.85;
#485:
>0:42.57,118.39;41.54,118.14;
#486:
>0:23.07,121.04;26.89,119.84;29.39,119.69;31.66,116.8;39.5,112.41;
#487:
>0:20.56,110.14;22.19,112.05;25.91,114.52;31.31,114.65;31.5,117.32;36.6,121.66;
#488:
>0:30.12,117.95;29.57,117.12;37.6,113.79;
#489:
>0:26.16,111.41;31.14,109.27;33.18,109.79;
#490:
>0:42.5,116.93;40.69,117.27;
#491:
>0:32.73,121.7;35.29,120.99;32.41,116.24;
#492:
>0:26.55,113.58;29.24,112.32;34.09,111.13;
#493:
>0:26.89,117.47;29.03,118.57;32.18,121.36;40.12,117.65;
#494:
>0:42.87,116.5;40.9,117.48;
#495:
>0:35.2,114.2;42.34,118.18;
#496:
>0:40.58,117.58;43.43,116.78;
#497:
>0:32.27,115.77;34.7,113.75;38.8,118.36;
#498:
>0:34.95,117.06;32.83,117.48;26.53,115.96;
#499:
>0:24.31,109.98;19.01,112.3;20.87,113.73;23.62,117.57;19.85,119.0;
#500:
>0:32.76,118.92;26.86,116.4;25.02,114.52;24.04,111.76;
#501:
>0:37.8,121.71;35.72,119.71;
#502:
>0:39.18,111.1;33.78,111.66;31.34,115.19;28.71,112.37;24.3,115.26;19.78,119.39;
#503:
>0:40.2,116.96;41.79,117.76;
#504:
>0:32.91,112.56;36.51,114.39;42.19,117.78;
#505:
>0:20.85,115.89;24.1,116.33;25.64,114.89;32.93,116.57;
#506:
>0:43.52,118.17;43.1,117.63;
#507:
>0:22.02,113.24;26.66,111.63;
#508:
>0:26.07,112.96;23.93,113.33;25.38,117.51;
#509:
>0:42.85,118.1;41.68,116.58;
#510:
>0:40.16,117.08;42.52,117.01;
#511:
>0:25.22,111.76;25.94,110.76;28.81,112.18;36.53,109.53;
#512:
>0:33.13,120.29;38.12,120.63;
#513:
>0:36.99,119.72;37.96,117.78;41.27,117.15;38.77,115.42;
#514:
>0:40.2,117.54;42.39,117.69;
#515:
>0:34.27,119.89;33.97,121.16;
#516:
>0:42.02,118.36;41.32,116.77;
#517:
>0:23.27,117.3;28.02,119.12;28.39,121.41;
#518:
>0:40.93,116.7;43.4,116.97;
#519:
>0:32.38,112.09;35.56,112.74;37.94,114.24;
#520:
>0:26.04,114.31;32.43,112.19;
#521:
>0:26.36,116.07;26.76,117.68;21.34,116.07;
#522:
>0:20.04,121.23;24.31,120.55;
#523:
>0:40.67,117.66;36.34,114.07;30.19,113.3;30.71,115.0;23.19,110.73;
#524:
>0:38.45,112.13;34.1,112.47;33.8,114.02;32.75,113.34;27.92,113.83;19.33,113.2;
#525:
>0:41.38,117.46;41.01,117.58;
#526:
>0:18.38,116.72;23.81,113.43;28.22,116.94;27.31,117.62;36.61,115.15;
#527:
>0:30.58,110.13;33.26,111.75;34.5,115.34;33.72,117.5;36.43,118.84;
#528:
>0:22.1,114.45;25.85,115.99;29.25,117.82;31.07,115.57;37.15,112.22;
#529:
>0:39.43,113.8;36.61,116.48;33.75,119.2;28.91,118.18;
#530:
>0:36.21,111.4;34.21,115.23;27.62,111.96;
#531:
>0:18.28,114.77;18.75,113.1;
#532:
>0:32.11,120.79;31.53,120.14;
#533:
>0:34.47,121.33;31.39,121.68;
#534:
>0:20.07,120.84;24.2,120.96;29.15,118.22;
#535:
>0:21.45,119.2;20.83,120.01;24.98,120.65;28.4,120.26;33.96,120.52;
#536:
>0:21.67,119.51;19.47,118.71;
#537:
>0:34.19,120.3;27.38,118.28;29.31,116.72;34.02,115.29;35.82,111.67;
#538:
>0:32.35,114.87;32.34,114.59;
#539:
>0:26.75,112.95;25.96,114.96;26.61,116.76;
#540:
>0:40.78,116.44;43.04,118.34;
#541:
>0:23.6,114.82;26.97,115.91;29.73,117.01;33.74,121.23;
#542:
>0:32.75,120.13;33.52,121.75;
#543:
>0:40.99,116.65;41.17,117.64;
#544:
>0:27.73,114.15;31.47,116.32;
#545:
>0:28.09,110.53;24.86,109.78;
#546:
>0:40.59,117.98;39.96,116.67;
#547:
>0:24.45,112.2;27.15,114.77;29.22,117.03;
#548:
>0:34.02,120.91;32.56,121.66;
#549:
>0:31.14,118.21;27.48,116.65;28.05,115.31;
#550:
>0:28.56,120.42;29.34,119.54;36.58,120.19;38.81,117.77;
#551:
>0:20.21,110.28;23.15,111.02;26.0,113.18;29.4,109.74;36.53,109.39;
#552:
>0:41.21,117.75;42.78,117.02;
#553:
>0:27.71,120.12;28.66,118.55;30.95,119.09;40.34,120.53;
#554:
>0:38.5,114.34;35.34,114.82;30.49,111.52;28.49,112.23;23.67,109.26;18.53,114.12;
#555:
>0:30.43,116.69;31.57,118.94;38.31,119.24;
#556:
>0:25.33,114.73;26.52,115.69;
#557:
>0:41.28,117.69;40.86,117.63;
#558:
>0:41.02,117.74;33.22,113.88;32.49,112.39;27.59,114.68;26.82,111.54;20.05,112.31;
#559:
>0:41.25,117.41;34.18,114.06;29.74,112.92;26.51,114.05;26.45,113.02;18.85,113.06;
#560:
>0:21.81,109.17;21.25,111.07;
#561:
>0:31.54,114.42;29.39,111.38;22.82,115.1;
#562:
>0:42.69,116.66;41.87,117.17;
#563:
>0:43.46,116.58;40.33,117.37;
#564:
>0:34.82,110.52;31.03,113.33;28.6,115.32;21.99,112.48;
#565:
>0:38.11,121.14;38.03,119.11;34.61,117.35;
#566:
>0:40.38,116.38;37.66,114.35;40.22,111.34;
#567:
>0:43.58,116.38;43.25,116.62;
#568:
>0:39.66,113.23;35.38,111.67;35.54,114.4;36.2,117.18;39.98,121.16;
#569:
>0:43.13,116.78;41.81,118.32;
#570:
>0:41.67,117.35;43.42,116.34;
#571:
>0:41.05,118.2;39.82,116.6;
#572:
>0:41.84,116.36;42.34,118.08;
#573:
>0:43.24,117.53;41.84,117.98;
#574:
>0:24.02,111.55;28.1,115.11;23.0,113.79;28.79,118.86;
#575:
>0:42.18,116.42;35.62,115.71;33.91,117.78;26.14,118.96;
#576:
>0:18.88,118.79;23.52,118.41;22.23,116.66;26.7,114.56;25.44,110.38;
#577:
>0:24.69,110.39;22.16,111.34;
#578:
>0:42.34,117.71;40.84,117.61;
#579:
>0:26.86,114.99;27.03,111.88;31.2,110.07;36.94,109.16;
#580:
>0:26.95,114.32;24.23,115.12;18.57,119.02;
#581:
>0:26.93,110.36;23.0,110.74;
#582:
>0:25.44,121.59;26.81,119.88;23.88,117.49;
#583:
>0:24.85,111.52;28.72,114.69;
#584:
>0:22.51,113.52;28.32,115.31;
#585:
>0:35.24,115.27;34.76,113.48;
#586:
>0:40.14,117.83;40.26,118.0;
#587:
>0:40.56,117.36;43.22,116.7;
#588:
>0:35.31,115.93;32.35,115.64;
#589:
>0:26.48,109.16;30.33,113.14;34.38,114.8;
#590:
>0:40.75,117.94;43.56,117.35;
#591:
>0:37.29,114.47;36.36,113.55;30.91,112.13;26.12,113.9;23.56,114.75;21.71,113.81;
#592:
>0:40.72,117.69;42.11,117.43;
#593:
>0:23.32,118.69;29.2,117.1;31.13,117.04;35.23,115.94;
#594:
>0:38.0,120.96;36.45,118.14;31.19,115.54;26.98,116.74;
#595:
>0:35.21,112.41;35.95,113.61;32.8,113.14;27.63,112.92;20.47,111.04;
#596:
>0:31.14,121.66;32.39,121.0;
#597:
>0:28.87,118.43;24.18,117.03;31.08,114.61;
#598:
>0:28.68,111.91;22.94,113.93;19.06,116.32;
#599:
>0:39.91,117.22;40.08,117.76;
#600:
>0:40.28,117.34;42.17,116.55;
#601:
>0:33.32,121.27;31.85,120.86;
#602:
>0:31.73,120.89;33.75,119.99;
#603:
>0:40.91,117.43;41.58,116.46;
#604:
>0:34.57,120.36;26.84,118.1;32.34,117.4;33.39,113.57;34.84,112.08;
#605:
>0:36.35,109.19;31.36,112.16;29.59,114.71;31.11,115.57;30.78,118.62;22.25,119.81;
#606:
>0:19.24,120.87;23.39,119.74;26.44,118.62;
#607:
>0:30.08,109.36;30.24,112.83;27.29,113.66;30.48,113.93;30.05,115.75;28.09,121.42;
#608:
>0:40.44,118.04;41.63,117.3;
#609:
>0:33.04,120.47;31.63,120.9;
#610:
>0:38.95,111.93;35.64,111.45;35.49,114.84;35.63,117.0;40.32,121.52;
#611:
>0:30.39,116.51;33.54,114.3;38.82,118.01;
#612:
>0:24.24,112.3;25.08,113.66;
#613:
>0:31.08,111.05;33.65,111.86;
#614:
>0:22.63,110.39;22.08,111.93;
#615:
>0:39.91,117.18;43.51,117.16;
#616:
>0:40.21,117.7;43.38,118.35;
#617:
>0:37.59,113.59;34.98,114.03;32.1,111.96;27.15,113.63;29.18,112.92;19.57,113.96;
#618:
>0:29.45,113.87;31.35,114.26;
#619:
>0:18.93,114.71;25.31,112.35;26.26,111.07;27.83,111.36;35.28,112.33;
#620:
>0:42.09,118.11;40.52,117.88;
#621:
>0:39.98,116.8;43.09,117.05;
#622:
>0:36.96,120.89;39.65,119.67;34.79,116.97;
#623:
>0:43.13,117.26;34.06,115.95;39.31,121.69;
#624:
>0:24.44,112.49;21.32,112.88;
#625:
>0:24.63,112.2;28.39,114.51;
#626:
>0:35.05,112.29;33.95,114.93;25.73,112.19;
#627:
>0:31.76,116.2;33.14,118.78;
#628:
>0:18.75,117.18;24.93,113.44;25.96,116.13;28.52,119.41;30.35,116.24;38.83,111.99;
#629:
>0:33.74,120.73;37.68,117.71;40.22,116.74;30.39,113.65;
#630:
>0:28.76,112.53;27.91,115.4;25.86,115.57;
#631:
>0:38.52,119.6;39.14,117.79;34.9,117.12;30.37,114.59;24.57,111.35;
#632:
>0:22.25,119.59;24.7,115.98;24.11,114.23;
#633:
>0:33.64,121.32;28.09,119.65;30.32,116.61;33.58,114.75;33.31,111.7;
#634:
>0:37.87,117.49;42.25,117.23;
#635:
>0:23.63,114.64;20.5,112.84;18.9,110.04;
#636:
>0:41.93,116.99;41.54,118.35;
#637:
>0:32.05,115.02;36.15,112.93;
#638:
>0:43.57,117.86;40.24,117.87;
#639:
>0:18.74,113.53;22.51,111.47;22.45,109.47;
#640:
>0:40.97,116.91;40.48,118.21;
#641:
>0:34.54,121.44;35.38,121.42;37.02,121.43;
#642:
>0:22.45,111.27;19.29,114.91;25.5,117.13;24.02,119.11;
#643:
>0:33.09,121.07;36.97,119.97;
#644:
>0:20.7,110.81;24.23,113.29;28.24,114.43;32.44,114.97;29.57,116.3;35.01,120.31;
#645:
>0:31.82,119.02;28.1,117.5;25.13,113.45;22.48,111.52;
#646:
>0:27.16,118.8;31.72,120.59;
#647:
>0:20.0,121.5;22.5,120.08;27.91,117.75;
#648:
>0:25.24,111.67;19.51,113.65;25.55,116.3;23.71,119.49;
#649:
>0:41.15,118.13;40.66,116.83;
#650:
>0:26.64,118.72;30.91,118.49;29.62,117.36;37.19,111.41;
#651:
>0:43.18,116.75;42.84,117.71;
#652:
>0:34.58,121.67;34.35,120.25;
#653:
>0:22.45,117.59;29.1,116.44;31.25,116.91;33.46,116.63;
#654:
>0:31.15,112.84;34.94,114.74;40.93,117.59;
#655:
>0:22.09,113.08;19.9,110.49;
#656:
>0:42.29,116.55;35.93,116.3;
#657:
>0:25.17,118.63;24.24,115.68;25.49,114.39;
#658:
>0:19.39,109.44;24.28,109.81;23.58,114.06;
#659:
>0:19.64,117.28;24.8,114.91;25.58,116.05;30.81,116.43;34.75,113.49;41.6,116.29;
#660:
>0:42.35,117.35;41.9,117.97;
#661:
>0:34.4,119.77;34.1,120.03;
#662:
>0:20.07,112.53;25.29,114.4;26.48,117.56;31.68,117.09;32.0,120.21;
#663:
>0:39.29,113.84;43.06,116.85;
#664:
>0:28.95,119.96;28.11,117.9;32.47,121.11;38.8,120.39;
#665:
>0:23.71,109.44;29.2,112.8;31.46,114.43;31.13,116.95;35.49,117.99;
#666:
>0:34.33,121.43;32.9,121.15;
#667:
>0:42.92,116.86;41.98,117.21;
#668:
>0:27.37,114.39;32.74,114.26;
#669:
>0:41.85,118.08;40.08,116.77;
#670:
>0:35.93,117.13;41.29,116.67;35.68,113.65;35.59,110.95;
#671:
>0:43.32,117.61;40.31,117.48;
#672:
>0:23.89,120.79;27.8,120.42;31.62,119.34;33.99,120.25;41.38,117.32;
#673:
>0:43.47,116.36;41.43,116.67;
#674:
>0:39.58,115.24;40.21,118.09;
#675:
>0:37.45,121.34;35.56,117.93;31.1,119.23;
#676:
>0:43.44,116.29;42.97,116.41;
#677:
>0:28.14,115.42;29.56,114.84;
#678:
>0:18.29,117.74;22.35,120.97;
#679:
>0:34.08,121.02;32.44,119.77;
#680:
>0:43.31,117.54;40.52,116.32;
#681:
>0:36.47,111.38;33.89,114.05;
#682:
>0:24.36,109.27;25.32,112.31;22.69,115.17;
#683:
>0:34.74,122.19;33.88,119.8;
#684:
>0:36.48,116.95;32.88,116.31;
#685:
>0:32.96,117.68;32.37,117.0;38.02,113.53;
#686:
>0:41.9,117.15;41.8,116.44;
#687:
>0:33.31,118.58;32.75,116.41;35.84,114.91;33.09,111.37;
#688:
>0:32.51,109.5;33.65,111.94;
#689:
>0:26.48,109.85;32.34,111.47;34.62,115.27;
#690:
>0:31.57,119.89;34.41,120.07;40.2,121.59;37.53,119.68;40.38,116.62;38.75,118.12;41.2,116.48;39.61,118.23;42.68,117.56;33.3,114.28;30.74,112.19;26.56,113.83;32.62,113.8;26.43,111.94;29.5,109.99;29.41,112.8;31.44,114.54;28.53,111.9;23.01,114.92;26.19,117.57;22.06,119.34;24.33,115.78;28.04,115.35;27.8,113.02;24.65,110.97;28.76,111.8;29.73,109.59;25.71,112.57;24.84,112.39;21.05,109.98;23.7,112.44;19.66,110.26;25.41,112.6;21.26,109.94;22.42,110.78;20.92,113.04;18.97,113.45;23.47,116.64;20.68,115.78;22.31,118.37;25.32,117.46;19.54,116.86;22.67,116.49;27.04,115.3;31.99,113.69;28.78,111.8;23.26,112.05;20.09,114.8;23.25,112.99;18.96,110.54;22.68,110.26;27.07,112.16;23.5,110.99;18.77,109.52;24.46,110.08;19.73,111.5;20.18,114.98;23.12,116.41;19.67,117.46;25.26,117.48;21.43,116.28;22.39,113.94;26.08,117.5;23.04,119.63;25.43,117.53;31.24,114.72;
#691:
>0:21.32,110.06;25.16,109.82;28.58,112.39;29.82,111.16;36.62,110.72;
#692:
>0:25.91,114.89;26.99,113.03;30.8,109.92;39.74,109.83;
#693:
>0:39.62,120.96;38.85,121.81;
#694:
>0:40.08,118.23;40.29,117.54;
#695:
>0:27.51,114.54;31.48,114.91;
#696:
>0:33.41,116.44;30.71,115.98;26.01,117.06;
#697:
>0:27.23,120.63;34.45,121.81;
#698:
>0:33.87,120.36;38.71,118.72;42.72,117.52;37.43,114.21;
#699:
>0:37.87,111.7;33.8,112.03;32.83,115.61;
#700:
>0:32.62,120.32;34.05,120.16;
#701:
>0:42.47,116.47;41.5,118.32;
#702:
>0:41.09,117.83;42.08,117.9;
#703:
>0:24.88,111.56;27.43,114.59;
#704:
>0:39.96,121.56;33.56,118.98;33.09,121.11;25.82,118.4;25.13,114.46;
#705:
>0:22.45,121.49;28.37,118.82;24.83,115.62;28.3,114.69;32.37,113.37;24.14,110.5;
#706:
>0:40.45,116.46;43.04,116.7;
#707:
>0:41.52,117.48;40.8,118.21;
#708:
>0:21.03,111.54;22.33,109.68;26.45,109.89;29.44,109.67;
#709:
>0:34.12,120.96;33.18,121.43;
#710:
>0:24.83,110.74;25.18,111.66;28.51,114.82;28.29,117.49;
#711:
>0:32.96,111.35;36.51,114.08;43.59,117.31;
#712:
>0:18.68,109.17;19.77,109.82;
#713:
>0:40.28,116.44;42.29,117.19;
#714:
>0:39.79,121.13;39.97,118.34;43.02,118.11;33.46,115.36;36.39,112.58;
#715:
>0:41.39,118.27;39.96,117.87;
#716:
>0:42.4,118.18;42.12,118.1;
#717:
>0:32.68,121.51;34.18,121.76;
#718:
>0:34.31,120.57;31.69,120.96;
#719:
>0:29.0,116.69;21.94,118.57;20.12,115.93;
#720:
>0:31.22,115.72;32.96,119.58;37.89,117.73;
#721:
>0:35.94,110.78;29.32,109.95;31.6,111.53;23.53,109.83;
#722:
>0:42.15,117.5;40.43,117.23;
#723:
>0:42.96,117.77;34.21,114.99;29.5,113.88;
#724:
>0:42.09,117.01;40.43,117.03;
#725:
>0:39.18,120.18;39.1,118.89;40.89,117.88;36.16,115.47;26.24,113.37;
#726:
>0:38.11,114.93;33.05,111.44;
#727:
>0:39.94,121.03;40.17,119.54;43.43,117.65;38.04,114.96;
#728:
>0:31.14,111.36;27.12,114.01;24.4,114.81;26.85,119.3;
#729:
>0:37.9,110.97;36.21,111.46;34.37,115.23;33.82,116.57;
#730:
>0:39.92,117.11;42.47,116.64;
#731:
>0:24.38,116.14;28.3,113.75;32.25,113.22;
#732:
>0:28.83,115.36;23.48,116.15;
#733:
>0:21.49,116.76;22.26,114.63;28.31,115.82;32.6,115.74;35.28,111.48;
#734:
>0:33.03,119.99;34.8,121.53;
#735:
>0:33.03,120.16;32.38,121.07;
#736:
>0:34.16,116.68;31.62,115.81;28.0,116.6;
#737:
>0:43.23,117.07;40.64,117.51;
#738:
>0:34.53,117.32;31.57,113.5;27.27,114.08;24.8,109.68;
#739:
>0:19.53,110.46;24.84,110.29;24.73,113.69;
#740:
>0:26.03,111.76;27.26,109.47;
#741:
>0:19.1,113.41;24.26,111.67;28.08,109.98;27.8,113.12;36.34,109.8;
#742:
>0:41.33,117.76;42.63,116.77;
#743:
>0:40.86,118.47;43.18,117.87;
#744:
>0:43.45,117.73;40.18,116.62;
#745:
>0:41.61,118.17;41.79,117.11;
#746:
>0:26.42,109.3;29.06,112.04;23.86,114.28;18.3,117.41;19.16,118.24;
#747:
>0:18.51,117.89;25.1,118.64;23.1,117.3;28.43,115.1;22.24,110.99;
#748:
>0:43.32,116.63;40.18,116.11;
#749:
>0:18.59,114.21;23.87,113.04;29.02,110.86;28.82,111.77;34.27,111.7;
#750:
>0:31.28,120.29;26.9,117.86;
#751:
>0:42.83,116.68;42.12,118.27;
#752:
>0:43.18,116.3;39.95,118.24;
#753:
>0:34.36,120.17;34.71,121.39;
#754:
>0:31.92,120.73;33.35,120.11;
#755:
>0:42.37,117.7;39.94,117.11;
#756:
>0:19.53,115.41;22.28,116.74;25.96,117.47;30.65,115.71;33.63,115.14;40.87,118.05;
#757:
>0:41.3,118.32;43.57,117.83;
#758:
>0:23.22,113.53;21.35,112.17;20.92,109.31;
#759:
>0:41.92,117.07;42.56,117.29;
#760:
>0:35.52,114.17;31.0,112.24;26.97,115.13;
#761:
>0:42.17,117.12;43.49,117.69;
#762:
>0:19.39,121.7;24.61,119.36;28.22,116.49;
#763:
>0:21.56,119.55;22.09,121.45;
#764:
>0:35.38,118.92;34.74,115.88;34.23,114.1;
#765:
>0:31.48,111.87;30.77,114.98;22.12,111.97;
#766:
>0:26.94,115.85;23.13,114.09;
#767:
>0:23.45,113.45;26.04,115.12;
#768:
>0:39.26,118.27;43.07,117.92;35.0,114.2;30.35,112.54;22.4,114.53;
#769:
>0:41.27,116.8;38.8,118.2;
#770:
>0:31.61,119.66;34.49,115.53;
#771:
>0:20.93,117.96;24.73,116.07;26.71,114.96;32.23,115.34;35.64,111.27;
#772:
>0:21.74,116.19;22.91,114.07;29.02,116.18;27.45,118.15;34.43,114.42;
#773:
>0:18.96,114.68;24.18,116.47;26.86,118.69;26.84,121.07;
#774:
>0:37.81,112.36;35.66,112.06;34.39,117.08;
#775:
>0:43.43,116.91;43.55,117.21;
#776:
>0:37.49,111.01;33.37,112.23;32.46,114.48;27.87,116.76;24.43,117.77;20.7,119.77;
#777:
>0:24.38,118.97;20.37,118.92;
#778:
>0:39.94,117.78;41.3,117.09;
#779:
>0:34.45,114.08;31.14,112.33;28.98,113.63;
#780:
>0:24.0,110.7;20.79,112.58;
#781:
>0:30.27,109.88;29.5,111.33;28.59,114.69;24.48,115.05;20.18,117.79;
#782:
>0:20.75,109.56;19.56,109.42;
#783:
>0:31.94,111.01;29.6,112.22;36.16,114.92;
#784:
>0:19.11,119.71;23.64,121.22;
#785:
>0:40.86,116.69;41.69,117.84;
#786:
>0:41.2,118.29;40.68,116.41;
#787:
>0:40.24,118.1;42.06,116.97;
#788:
>0:28.74,114.13;24.99,116.19;
#789:
>0:42.45,117.39;42.51,117.43;
#790:
>0:40.43,117.76;40.09,116.54;
#791:
>0:40.04,118.27;42.97,118.27;
#792:
>0:39.54,115.18;34.91,113.94;30.42,112.75;31.31,114.39;23.89,113.85;
#793:
>0:27.31,116.55;30.58,115.78;35.22,114.11;37.67,110.82;
#794:
>0:19.63,120.8;23.8,118.02;25.86,115.7;
#795:
>0:33.07,120.21;32.85,120.37;
#796:
>0:27.97,112.96;29.0,109.17;
#797:
>0:32.37,116.06;26.17,115.32;27.47,113.28;19.28,110.09;
#798:
>0:33.59,121.06;34.49,119.96;
#799:
>0:19.89,115.95;23.16,117.06;22.38,114.51;25.96,115.87;33.09,114.53;
#800:
>0:26.78,109.36;26.04,111.5;26.36,113.42;
#801:
>0:43.27,117.47;41.33,118.34;
#802:
>0:32.11,119.27;33.31,116.41;
#803:
>0:40.29,109.43;34.37,112.36;29.45,114.85;25.92,115.51;24.85,119.24;18.21,120.77;
#804:
>0:36.77,112.67;34.01,112.51;35.73,113.99;35.27,119.39;
#805:
>0:21.06,115.11;23.84,112.17;24.92,110.08;
#806:
>0:41.57,118.2;41.1,117.88;
#807:
>0:40.16,110.78;33.27,112.38;29.7,113.69;25.71,116.58;24.65,119.47;18.65,120.91;
#808:
>0:40.92,117.88;41.6,116.28;
#809:
>0:34.95,111.64;34.31,115.37;31.25,111.36;22.15,111.34;
#810:
>0:34.02,118.71;29.45,117.46;35.2,113.49;30.56,113.05;23.37,110.11;
#811:
>0:24.66,110.14;24.29,112.71;
#812:
>0:26.64,113.54;24.43,114.12;18.79,113.44;
#813:
>0:19.44,115.66;25.29,114.73;25.58,113.36;27.09,110.02;
#814:
>0:18.36,116.61;24.34,115.03;29.22,115.75;31.36,117.56;34.1,111.74;
#815:
>0:40.9,117.8;41.54,116.56;
#816:
>0:40.07,117.1;40.63,116.7;
#817:
>0:21.35,119.37;20.28,121.39;23.69,121.24;27.97,120.25;35.58,120.36;
#818:
>0:19.5,110.57;22.32,110.13;25.72,109.81;
#819:
>0:22.73,121.57;25.82,119.96;32.21,118.92;34.2,120.07;40.25,116.53;
#820:
>0:33.67,120.45;33.79,120.69;
#821:
>0:41.23,116.78;40.25,117.07;
#822:
>0:28.97,117.04;28.18,117.9;20.85,117.52;
#823:
>0:24.2,114.14;28.75,113.98;
#824:
>0:39.8,117.31;41.78,117.26;
#825:
>0:41.67,117.54;40.47,117.29;
#826:
>0:23.15,121.8;26.36,120.83;28.2,119.43;23.59,116.18;27.74,112.5;
#827:
>0:21.93,115.33;21.89,112.96;24.44,110.86;
#828:
>0:43.26,116.75;41.11,117.68;
#829:
>0:18.37,114.49;23.97,113.36;23.08,111.0;
#830:
>0:31.55,121.83;25.73,118.23;29.41,116.46;33.17,113.87;33.29,112.41;
#831:
>0:18.77,118.19;23.71,121.62;
#832:
>0:43.49,117.32;40.3,116.93;
#833:
>0:35.35,109.75;36.98,110.06;34.08,111.38;33.41,116.44;
#834:
>0:31.41,120.83;29.17,118.84;32.02,116.7;33.21,115.02;32.97,112.01;
#835:
>0:40.43,116.32;41.93,117.26;
#836:
>0:41.11,118.25;41.27,117.71;
#837:
>0:32.82,122.01;31.63,121.73;
#838:
>0:32.28,109.51;30.48,112.89;34.07,112.09;34.38,115.33;35.6,115.54;32.84,121.27;
#839:
>0:21.69,110.3;23.18,109.91;23.88,114.4;
#840:
>0:27.44,115.01;32.15,111.35;
#841:
>0:27.33,109.89;31.34,111.99;34.95,115.39;
#842:
>0:30.63,117.7;36.14,117.03;
#843:
>0:18.69,109.5;18.44,111.3;
#844:
>0:31.55,109.35;31.42,112.54;33.03,114.78;
#845:
>0:29.32,114.7;30.14,114.09;
#846:
>0:37.76,115.01;36.26,113.25;30.49,110.01;
#847:
>0:28.45,119.86;25.61,117.6;34.41,121.32;39.06,121.17;
#848:
>0:32.28,121.02;31.54,121.79;
#849:
>0:33.64,121.61;28.96,118.12;29.52,117.29;34.18,114.52;35.82,112.06;
#850:
>0:24.06,118.34;26.09,115.92;30.97,117.15;34.44,116.88;
#851:
>0:23.15,114.62;20.56,116.25;18.26,118.65;
#852:
>0:39.96,116.44;40.38,117.73;
#853:
>0:42.45,117.22;43.22,116.82;
#854:
>0:33.83,115.81;31.33,116.99;
#855:
>0:42.55,116.35;42.55,116.36;
#856:
>0:18.31,110.35;20.61,110.9;
#857:
>0:41.2,117.22;40.3,116.32;
#858:
>0:18.24,110.38;22.14,110.26;28.22,115.35;
#859:
>0:43.16,116.56;41.32,116.85;
#860:
>0:42.57,117.29;41.23,117.54;
#861:
>0:33.58,120.0;28.75,118.27;
#862:
>0:34.95,109.92;38.65,109.19;35.98,115.21;
#863:
>0:33.7,120.74;26.97,118.07;29.88,116.18;34.41,113.85;32.2,113.13;32.24,109.45;
#864:
>0:35.62,111.9;29.96,114.59;32.74,115.62;30.83,118.42;
#865:
>0:38.61,110.44;33.2,112.36;35.63,114.77;32.76,115.89;22.49,117.03;
#866:
>0:20.5,112.23;25.19,114.14;28.45,115.88;29.58,116.81;35.58,116.79;
#867:
>0:41.99,117.42;40.14,117.17;
#868:
>0:28.61,114.91;27.8,117.23;
#869:
>0:37.3,113.28;35.89,112.72;36.64,113.67;29.48,116.22;25.73,121.79;
#870:
>0:40.53,117.04;41.89,117.39;
#871:
>0:30.22,114.29;28.12,114.57;32.87,110.43;
#872:
>0:22.44,120.91;28.58,120.36;30.69,117.72;33.1,121.11;42.12,118.01;
#873:
>0:43.33,117.71;38.79,118.2;
#874:
>0:41.19,116.91;43.32,117.84;
#875:
>0:27.04,116.01;25.66,117.9;35.19,115.35;
#876:
>0:22.57,113.58;27.42,117.51;29.06,118.08;30.11,117.28;39.02,112.21;
#877:
>0:42.0,116.76;40.19,118.04;
#878:
>0:36.42,117.2;30.68,115.56;
#879:
>0:39.44,120.27;39.12,120.92;
#880:
>0:40.74,116.45;42.66,118.22;
#881:
>0:27.09,113.46;27.77,111.89;19.22,116.69;
#882:
>0:35.23,112.13;34.41,113.5;31.61,115.68;32.31,119.21;25.17,120.32;
#883:
>0:33.93,116.43;38.76,118.15;
#884:
>0:34.56,120.5;25.95,119.67;25.07,117.07;19.25,116.04;18.29,113.36;
#885:
>0:36.55,118.8;36.02,117.59;34.67,114.94;
#886:
>0:30.2,113.92;31.79,116.56;35.65,119.31;
#887:
>0:24.64,118.51;27.2,121.26;
#888:
>0:32.3,121.1;27.21,119.64;26.54,117.15;27.17,115.03;
#889:
>0:19.84,111.71;25.12,115.04;21.0,116.21;19.36,118.98;22.05,119.89;
#890:
>0:18.96,115.83;25.38,114.25;25.06,111.83;
#891:
>0:27.82,117.69;25.61,115.53;28.9,114.22;26.51,111.31;26.82,110.66;
#892:
>0:38.98,109.85;34.75,112.45;36.32,113.82;36.53,116.51;
#893:
>0:34.74,121.3;31.93,120.26;
#894:
>0:27.95,114.2;26.18,111.37;33.5,110.84;
#895:
>0:28.28,115.86;22.87,116.33;26.59,113.98;23.14,109.26;
#896:
>0:41.64,117.58;42.27,116.39;
#897:
>0:20.25,110.48;18.8,110.44;
#898:
>0:33.61,115.42;36.24,112.58;
#899:
>0:41.31,116.75;40.09,117.58;
#900:
>0:28.47,111.3;23.76,111.79;24.36,117.49;
#901:
>0:38.58,119.95;33.0,121.07;33.65,117.82;31.54,115.94;38.82,112.51;
#902:
>0:43.16,116.72;35.28,114.29;31.46,115.36;
#903:
>0:42.48,117.34;41.41,118.28;
#904:
>0:23.64,117.36;28.5,118.71;28.11,121.35;
#905:
>0:41.96,117.48;43.29,116.92;
#906:
>0:19.64,111.44;24.07,110.83;28.81,109.79;30.76,109.6;
#907:
>0:33.6,115.96;29.92,113.77;27.0,114.57;22.39,109.41;
#908:
>0:22.53,113.37;19.6,115.9;24.61,119.37;
#909:
>0:25.21,114.93;20.28,116.73;24.57,117.82;
#910:
>0:40.96,116.67;42.94,118.35;
#911:
>0:41.32,118.27;40.94,116.37;
#912:
>0:34.55,111.6;35.03,114.25;
#913:
>0:33.03,122.4;34.45,122.0;
#914:
>0:41.9,118.12;40.76,117.24;
#915:
>0:43.48,117.51;41.77,116.7;
#916:
>0:39.91,118.4;40.9,117.42;
#917:
>0:31.68,121.28;27.08,118.1;22.78,117.21;26.51,115.23;22.21,113.17;
#918:
>0:26.92,113.07;29.96,111.11;36.17,111.38;
#919:
>0:34.47,120.75;34.23,121.8;29.62,116.36;
#920:
>0:39.12,118.41;42.61,117.1;
#921:
>0:30.73,117.63;35.39,120.16;
#922:
>0:40.83,116.82;43.08,116.89;
#923:
>0:36.49,121.33;34.35,120.24;
#924:
>0:42.84,117.33;37.35,114.62;37.9,113.14;
#925:
>0:22.97,109.88;22.66,111.64;22.11,113.76;
#926:
>0:42.74,118.34;42.41,117.67;
#927:
>0:35.72,116.24;30.25,115.75;27.39,117.37;
#928:
>0:41.03,116.38;43.42,117.47;
#929:
>0:21.21,110.63;19.46,111.05;
#930:
>0:34.07,110.47;30.07,112.32;28.48,114.61;23.37,114.66;22.86,117.66;
#931:
>0:32.26,122.7;28.22,118.79;22.43,117.35;20.47,116.22;
#932:
>0:33.22,119.38;31.36,117.43;34.49,115.09;34.1,112.92;
#933:
>0:28.66,114.69;31.87,115.02;
#934:
>0:20.3,114.85;25.19,111.88;23.37,109.8;
#935:
>0:42.66,116.92;43.17,116.43;
#936:
>0:35.23,109.6;30.42,110.84;30.81,112.28;21.99,110.0;
#937:
>0:33.24,120.08;35.82,119.78;
#938:
>0:28.69,117.29;30.36,117.01;33.93,113.39;37.24,111.26;
#939:
>0:28.49,116.72;28.53,117.69;18.59,117.27;
#940:
>0:42.04,118.33;40.04,117.62;
#941:
>0:32.87,120.62;31.94,120.59;
#942:
>0:39.25,111.87;35.08,112.67;30.0,115.89;
#943:
>0:40.51,116.47;42.24,118.08;
#944:
>0:40.22,116.58;42.01,117.43;
#945:
>0:25.59,112.64;27.5,109.6;
#946:
>0:41.17,118.26;41.98,117.18;
#947:
>0:37.89,113.33;34.35,112.71;32.23,116.73;
#948:
>0:31.57,120.27;26.87,119.53;32.86,116.07;34.19,114.32;34.87,112.28;
#949:
>0:19.14,110.28;22.03,113.11;26.79,114.88;31.46,115.09;30.77,115.57;35.9,119.84;
#950:
>0:41.01,118.03;40.68,116.37;
#951:
>0:40.97,117.23;41.62,117.71;
#952:
>0:26.82,115.28;30.5,114.94;31.47,110.11;
#953:
>0:26.47,109.51;24.35,110.91;
#954:
>0:23.53,109.47;29.2,112.42;32.91,113.61;29.56,115.5;35.94,118.62;
#955:
>0:18.75,117.26;23.96,116.0;27.61,113.99;31.69,114.62;35.35,112.05;
#956:
>0:40.02,116.81;41.82,118.03;
#957:
>0:40.88,117.46;42.73,116.89;
#958:
>0:37.33,120.97;36.25,118.43;31.83,117.5;28.97,115.04;26.52,111.42;18.71,109.83;
#959:
>0:21.49,118.13;24.28,119.2;22.38,116.5;27.38,113.48;25.12,111.0;
#960:
>0:29.99,111.0;32.1,112.05;26.91,114.59;26.89,116.9;
#961:
>0:40.42,117.36;40.85,117.55;
#962:
>0:24.07,114.48;29.02,115.37;
#963:
>0:34.65,112.13;30.33,111.98;
#964:
>0:36.03,116.12;30.43,119.6;26.17,119.88;24.64,121.23;19.36,121.26;
#965:
>0:23.03,109.39;24.42,111.99;24.57,114.51;
#966:
>0:21.72,112.88;22.14,113.42;26.13,116.23;31.92,115.96;31.13,120.76;
#967:
>0:43.14,117.27;40.36,117.16;
#968:
>0:31.9,120.96;26.44,119.34;30.56,117.4;33.68,113.96;35.2,112.84;
#969:
>0:22.05,111.67;21.19,114.46;23.63,116.13;20.96,118.34;
#970:
>0:40.3,116.64;40.22,117.91;
#971:
>0:20.06,116.33;23.39,117.39;28.31,113.93;29.45,114.88;34.13,112.8;
#972:
>0:39.41,114.38;35.67,113.96;32.29,111.96;27.02,114.67;29.14,112.35;19.9,115.42;
#973:
>0:39.44,117.67;43.23,117.87;35.67,116.7;32.04,111.26;
#974:
>0:22.56,112.07;28.6,113.56;26.55,115.5;
#975:
>0:31.36,114.3;32.86,111.42;39.22,109.73;
#976:
>0:37.32,114.43;33.14,115.0;32.19,111.82;30.56,113.78;24.25,115.04;
#977:
>0:19.53,109.62;19.56,110.77;
#978:
>0:39.51,116.95;41.86,117.73;
#979:
>0:21.56,121.52;20.71,118.49;19.6,115.73;20.62,114.02;
#980:
>0:41.34,117.4;43.05,117.39;
#981:
>0:42.23,117.22;40.09,116.31;
#982:
>0:43.11,116.44;41.85,117.95;
#983:
>0:24.71,115.03;26.21,115.75;32.33,117.1;32.66,122.7;
#984:
>0:41.56,117.44;43.03,116.39;
#985:
>0:30.66,115.09;30.37,114.55;
#986:
>0:39.35,118.24;41.59,116.93;
#987:
>0:19.45,110.49;20.05,109.46;
#988:
>0:26.03,109.34;26.92,112.74;23.63,113.79;18.99,116.37;21.83,119.22;
#989:
>0:41.68,117.24;42.48,117.94;
#990:
>0:40.55,116.46;42.23,116.37;
#991:
>0:40.87,116.91;40.14,117.14;
#992:
>0:40.84,116.78;40.85,118.29;
#993:
>0:41.66,116.82;43.31,116.81;
#994:
>0:39.85,115.26;36.43,116.04;42.13,117.8;35.14,120.38;
#995:
>0:40.12,113.15;36.25,112.56;35.89,115.41;30.06,112.53;26.56,115.48;19.99,111.54;
#996:
>0:33.19,120.2;33.41,119.91;
#997:
>0:36.05,117.09;29.85,115.92;26.41,116.37;
#998:
>0:42.78,116.47;41.08,116.94;
#999:
>0:42.98,118.25;33.62,114.43;31.59,113.25;31.67,115.32;27.33,111.88;20.72,111.77;
#1000:
>0:20.87,115.0;25.31,116.2;18.65,117.24;19.06,120.27;
#1001:
>0:40.41,117.71;42.5,116.51;
#1002:
>0:19.27,120.72;23.94,118.07;23.39,117.1;26.12,114.99;26.77,113.29;29.09,110.4;
#1003:
>0:23.31,112.23;19.06,114.8;18.65,117.3;
#1004:
>0:26.51,119.86;24.42,120.24;29.11,118.39;27.21,114.63;
#1005:
>0:22.28,114.57;23.75,112.17;25.11,111.03;
#1006:
>0:26.47,120.58;23.74,119.99;26.36,117.97;26.08,114.31;
#1007:
>0:40.01,116.26;41.05,116.88;
#1008:
>0:31.26,116.73;28.64,115.42;27.1,112.38;21.19,110.81;
#1009:
>0:39.42,120.58;37.62,118.27;38.4,118.51;32.31,115.4;
#1010:
>0:28.37,113.98;32.46,113.65;31.82,117.36;33.64,120.66;
#1011:
>0:19.67,115.76;23.71,117.53;27.86,113.44;31.39,112.63;
#1012:
>0:42.59,117.7;43.45,117.04;
#1013:
>0:41.29,117.11;41.11,116.54;
#1014:
>0:21.15,114.14;22.58,117.53;25.95,119.47;30.27,117.04;32.61,118.5;38.56,120.52;
#1015:
>0:42.18,116.6;41.56,116.65;
#1016:
>0:33.45,120.01;26.17,118.53;25.32,117.44;20.48,116.12;
#1017:
>0:32.1,116.05;26.38,117.83;26.04,121.31;
#1018:
>0:36.8,111.11;35.79,113.17;32.08,114.25;26.92,116.9;23.62,118.82;19.83,121.06;
#1019:
>0:43.42,116.33;41.69,117.71;
#1020:
>0:38.56,118.89;43.2,117.38;32.41,121.11;
#1021:
>0:28.57,120.93;26.98,118.35;28.4,115.55;28.42,114.22;27.32,111.88;27.22,109.81;
#1022:
>0:39.5,120.34;39.25,121.18;
#1023:
>0:20.58,111.07;22.36,109.83;26.44,115.28;
#1024:
>0:34.4,120.41;26.32,121.73;
#1025:
>0:42.01,117.84;41.37,118.07;
#1026:
>0:32.28,118.96;31.69,117.44;39.82,113.83;
#1027:
>0:40.06,117.79;42.3,117.43;
#1028:
>0:18.44,118.73;21.52,120.73;25.79,118.74;
#1029:
>0:39.95,116.86;40.21,117.21;
#1030:
>0:32.01,119.77;33.73,121.18;
#1031:
>0:40.14,113.29;34.58,112.41;34.76,114.31;32.42,111.62;26.55,113.88;18.67,111.78;
#1032:
>0:36.79,121.08;37.78,121.0;
#1033:
>0:32.23,121.14;28.37,118.47;25.02,117.28;28.43,113.49;26.5,111.38;
#1034:
>0:18.88,110.13;20.16,109.2;
#1035:
>0:34.64,111.72;34.12,114.58;
#1036:
>0:39.0,118.29;41.72,117.95;34.35,121.76;
#1037:
>0:41.17,117.32;42.18,116.65;
#1038:
>0:31.24,110.03;31.29,112.97;28.89,115.07;31.41,114.37;31.81,116.79;27.93,120.72;
#1039:
>0:43.46,117.44;42.18,116.32;
#1040:
>0:22.55,114.82;25.67,117.33;
#1041:
>0:36.88,110.0;35.24,111.77;34.79,115.42;34.04,116.57;
#1042:
>0:32.85,116.34;28.25,114.59;25.88,112.42;19.3,109.43;
#1043:
>0:29.02,115.37;32.04,113.85;29.37,115.92;33.21,120.82;
#1044:
>0:27.42,113.07;30.85,114.13;31.98,116.51;31.78,118.8;38.47,119.97;
#1045:
>0:38.21,118.01;35.16,117.61;33.44,120.8;28.73,118.29;25.38,117.35;19.87,118.57;
#1046:
>0:19.28,116.78;24.36,118.67;26.29,118.77;32.18,116.11;35.19,119.15;
#1047:
>0:26.79,115.14;24.36,115.41;20.14,118.48;
#1048:
>0:26.47,114.79;25.5,114.69;21.36,115.03;
#1049:
>0:36.22,115.5;31.29,114.12;32.94,113.11;23.66,114.5;
#1050:
>0:19.33,117.04;25.13,116.92;26.15,112.71;
#1051:
>0:22.85,110.15;26.85,113.09;23.54,114.03;28.84,116.97;26.39,118.29;
#1052:
>0:40.37,117.78;42.36,117.78;
#1053:
>0:41.05,117.71;40.92,118.33;
#1054:
>0:19.55,113.62;25.02,115.68;18.57,116.75;20.11,121.16;
#1055:
>0:33.12,116.36;29.99,117.95;29.26,121.21;23.13,121.77;21.25,120.45;
#1056:
>0:33.27,114.59;32.45,112.05;30.85,115.25;23.21,111.84;
#1057:
>0:32.07,112.39;33.17,113.54;42.32,117.17;
#1058:
>0:34.07,121.47;34.38,120.77;
#1059:
>0:27.53,118.89;31.07,117.91;29.33,117.18;38.52,114.0;
#1060:
>0:41.95,117.59;41.82,117.71;
#1061:
>0:33.03,117.72;32.66,117.3;34.25,114.96;33.77,111.82;
#1062:
>0:42.82,117.94;42.71,116.56;
#1063:
>0:36.95,111.29;36.31,109.89;
#1064:
>0:35.38,112.76;34.63,114.1;31.49,113.03;29.01,112.59;19.35,111.26;
#1065:
>0:34.62,120.18;38.78,120.89;
#1066:
>0:29.86,119.28;25.95,120.21;23.33,120.72;
#1067:
>0:30.14,119.23;26.1,116.01;23.56,114.91;23.48,111.71;
#1068:
>0:19.77,115.28;22.88,111.57;28.55,109.28;28.1,113.05;33.34,111.8;
#1069:
>0:24.34,112.62;19.46,110.38;
#1070:
>0:41.17,118.33;43.21,116.28;
#1071:
>0:32.23,117.97;27.07,117.35;27.06,113.69;
#1072:
>0:24.74,121.73;27.22,120.6;32.79,118.8;35.67,121.47;42.55,117.94;
#1073:
>0:36.49,119.99;39.94,119.8;
#1074:
>0:36.61,116.76;30.87,113.93;30.59,112.81;22.88,113.68;
#1075:
>0:41.2,116.4;42.43,117.24;
#1076:
>0:40.46,117.92;41.75,117.05;
#1077:
>0:24.05,110.26;23.77,109.39;
#1078:
>0:31.64,121.71;32.49,121.31;
#1079:
>0:33.84,116.88;29.43,115.63;
#1080:
>0:40.88,116.81;33.05,116.32;35.36,119.38;28.84,119.54;
#1081:
>0:28.66,110.62;27.44,113.14;28.03,114.98;
#1082:
>0:42.6,118.21;42.87,117.22;
#1083:
>0:21.26,113.8;25.52,113.06;23.33,109.66;
#1084:
>0:26.62,118.69;29.29,118.44;29.66,116.35;38.4,111.63;
#1085:
>0:22.18,118.58;25.51,118.67;
#1086:
>0:29.66,118.04;27.67,120.23;23.94,121.68;
#1087:
>0:30.12,109.89;30.93,113.29;25.8,115.03;25.15,113.43;27.18,116.9;32.71,120.18;
#1088:
>0:31.73,118.03;31.98,117.19;39.09,113.49;
#1089:
>0:19.09,113.81;24.84,113.19;24.4,110.1;
#1090:
>0:38.73,113.42;34.23,112.92;32.94,110.1;
#1091:
>0:33.82,117.64;30.8,115.53;33.19,113.94;36.57,113.17;
#1092:
>0:33.98,110.25;31.08,112.76;26.7,114.0;22.39,115.4;23.36,118.6;
#1093:
>0:39.91,117.14;41.2,116.58;
#1094:
>0:22.83,110.7;19.54,109.84;25.12,111.82;23.17,115.82;
#1095:
>0:43.36,116.5;39.96,117.32;
#1096:
>0:34.35,115.56;32.94,116.41;25.81,116.03;
#1097:
>0:40.15,116.71;41.72,116.64;
#1098:
>0:40.66,118.17;43.59,117.07;
#1099:
>0:32.3,122.0;35.66,120.36;40.19,119.52;
#1100:
>0:25.86,113.38;31.93,112.62;
#1101:
>0:43.49,118.1;41.75,117.44;
#1102:
>0:39.38,118.79;40.39,117.3;31.38,121.12;
#1103:
>0:32.35,114.93;35.03,112.8;
#1104:
>0:39.99,116.67;41.0,117.57;
#1105:
>0:41.56,116.35;41.56,117.29;
#1106:
>0:39.22,118.48;42.14,117.27;
#1107:
>0:21.58,118.43;24.17,119.32;24.7,115.87;20.96,111.42;
#1108:
>0:19.67,109.32;22.8,109.5;20.81,112.8;22.31,117.01;
#1109:
>0:33.18,120.37;33.38,121.57;
#1110:
>0:32.18,120.36;33.39,121.54;
#1111:
>0:35.17,111.8;33.58,113.83;32.42,113.15;24.91,113.21;
#1112:
>0:42.25,117.39;43.02,117.74;
#1113:
>0:38.4,119.93;34.13,121.3;
#1114:
>0:34.23,119.89;33.32,119.88;
#1115:
>0:35.55,121.32;40.07,117.79;42.43,118.26;39.12,115.23;
#1116:
>0:23.5,113.62;25.59,114.23;
#1117:
>0:18.23,120.6;22.96,121.64;27.19,119.52;
#1118:
>0:35.18,119.0;31.37,116.73;33.32,113.65;32.49,112.74;25.23,109.87;
#1119:
>0:18.89,113.68;25.55,111.79;27.74,109.37;25.59,112.99;35.7,109.71;
#1120:
>0:26.01,109.98;29.32,113.02;33.35,114.01;
#1121:
>0:29.86,110.12;29.52,112.64;28.38,114.62;30.33,115.76;
#1122:
>0:27.61,111.49;28.73,110.13;
#1123:
>0:40.61,116.58;41.77,117.99;
#1124:
>0:27.67,120.69;29.07,118.25;
#1125:
>0:42.03,117.1;43.27,118.35;
#1126:
>0:27.53,112.4;30.37,110.14;36.47,110.47;
#1127:
>0:41.37,117.47;40.59,118.58;
#1128:
>0:26.3,117.96;29.46,117.83;29.82,116.82;39.63,112.5;
#1129:
>0:23.22,115.86;27.12,118.09;31.27,117.29;33.46,118.39;
#1130:
>0:41.82,118.2;41.72,117.22;
#1131:
>0:29.01,114.99;25.71,113.13;31.29,110.92;40.07,109.4;
#1132:
>0:40.65,117.89;42.19,117.73;
#1133:
>0:34.75,119.99;26.49,118.92;23.41,117.44;27.27,114.14;32.21,113.62;31.24,110.78;
#1134:
>0:34.74,114.36;30.31,111.34;26.84,114.83;22.2,114.2;21.85,118.04;
#1135:
>0:23.27,120.06;26.45,120.6;32.09,118.76;33.61,119.91;41.38,116.89;
#1136:
>0:40.47,117.69;40.75,116.51;
#1137:
>0:42.56,116.29;42.52,116.35;
#1138:
>0:37.99,111.53;36.63,112.41;35.2,115.58;
#1139:
>0:29.47,112.54;27.63,114.03;24.74,113.45;20.47,118.95;
#1140:
>0:18.75,114.48;18.87,113.06;
#1141:
>0:42.81,116.76;41.71,116.38;
#1142:
>0:43.42,118.24;42.97,117.73;
#1143:
>0:19.76,121.29;23.61,119.0;25.7,115.88;
#1144:
>0:26.21,111.56;23.11,113.53;27.46,116.48;32.81,118.85;
#1145:
>0:39.75,118.38;40.15,117.09;
#1146:
>0:40.52,117.39;40.5,117.29;
#1147:
>0:42.11,117.13;42.38,117.09;
#1148:
>0:34.01,119.91;33.78,121.18;
#1149:
>0:35.02,112.19;36.1,114.03;29.02,112.29;
#1150:
>0:37.94,115.4;36.16,113.55;32.06,111.79;27.79,114.69;27.06,111.93;18.21,114.1;
#1151:
>0:39.44,113.52;43.19,117.15;
#1152:
>0:22.03,117.73;25.81,118.67;32.69,119.11;
#1153:
>0:42.19,117.03;42.17,117.74;
#1154:
>0:42.32,116.94;40.42,117.84;
#1155:
>0:41.39,117.87;43.14,116.94;
#1156:
>0:43.17,118.28;41.49,117.04;
#1157:
>0:30.08,119.67;27.81,117.93;22.14,119.12;
#1158:
>0:26.31,113.6;32.27,114.08;31.74,110.52;
#1159:
>0:39.95,110.65;35.91,111.78;35.79,114.78;36.66,117.2;
#1160:
>0:41.3,117.55;41.51,117.68;
#1161:
>0:32.54,119.63;29.9,116.66;25.73,119.55;19.93,116.74;
#1162:
>0:19.52,116.79;22.56,114.18;29.03,115.86;26.69,119.43;33.71,114.5;
#1163:
>0:21.75,110.59;23.87,110.92;25.05,114.58;
#1164:
>0:35.5,113.76;32.66,112.58;27.47,115.15;
#1165:
>0:29.65,114.47;30.55,115.54;31.99,118.42;21.91,120.51;
#1166:
>0:30.63,114.67;29.04,115.23;25.14,115.22;18.52,119.66;
#1167:
>0:29.89,117.76;32.7,115.9;33.25,114.11;31.71,111.58;31.71,110.16;
#1168:
>0:22.28,114.78;27.9,117.5;26.89,118.49;30.02,117.53;38.84,113.68;
#1169:
>0:41.44,117.01;40.78,118.11;
#1170:
>0:31.82,109.86;32.2,112.75;22.4,115.38;
#1171:
>0:26.39,121.79;23.72,121.6;29.1,117.7;27.71,113.44;
#1172:
>0:40.9,118.09;41.98,117.64;
#1173:
>0:30.83,109.4;32.84,111.96;28.64,113.92;
#1174:
>0:39.19,111.09;35.2,112.64;29.72,114.24;26.64,114.63;22.55,114.99;21.58,119.07;
#1175:
>0:40.39,116.71;41.48,116.84;
#1176:
>0:31.52,120.3;31.24,121.49;
#1177:
>0:29.67,110.7;31.26,111.38;35.7,112.8;36.09,114.99;33.34,116.42;38.17,120.57;
#1178:
>0:18.76,109.51;25.4,109.76;21.13,112.34;22.75,115.91;
#1179:
>0:27.13,120.79;25.8,118.21;31.85,120.82;37.48,120.7;
#1180:
>0:35.28,113.73;30.58,111.93;31.78,113.49;22.15,114.19;
#1181:
>0:27.59,110.43;22.73,110.79;
#1182:
>0:40.56,117.87;34.1,119.61;30.06,116.22;31.6,118.63;22.16,120.52;
#1183:
>0:43.12,116.89;43.26,118.05;
#1184:
>0:41.97,118.02;40.54,116.82;
#1185:
>0:27.05,112.35;24.64,115.2;22.35,115.51;
#1186:
>0:40.5,117.4;41.88,117.74;
#1187:
>0:33.02,116.39;31.08,113.51;26.41,111.65;28.21,109.19;
#1188:
>0:26.26,115.42;24.07,113.88;21.51,119.35;
#1189:
>0:26.94,116.06;29.45,117.34;33.6,120.82;
#1190:
>0:20.27,116.52;25.53,117.01;26.34,113.66;26.99,112.45;34.06,110.3;
#1191:
>0:25.88,115.18;25.39,114.1;20.2,115.66;20.46,121.04;
#1192:
>0:27.19,118.47;23.25,120.31;
#1193:
>0:30.26,115.33;25.76,112.79;
#1194:
>0:19.25,109.92;19.44,112.2;
#1195:
>0:40.96,117.11;41.68,116.33;
#1196:
>0:39.23,120.27;39.48,118.55;40.35,118.17;36.16,114.89;28.58,112.89;
#1197:
>0:31.25,115.76;35.06,115.34;38.88,118.5;
#1198:
>0:34.82,110.55;30.17,113.26;32.88,113.76;32.59,116.19;32.87,119.41;24.06,119.84;
#1199:
>0:42.78,116.37;40.41,117.13;
#1200:
>0:19.24,112.14;20.86,112.79;
#1201:
>0:40.2,118.19;41.46,117.87;
#1202:
>0:26.95,116.22;22.72,115.68;25.66,112.77;
#1203:
>0:40.21,117.71;40.18,117.04;
#1204:
>0:19.16,116.52;24.96,117.97;
#1205:
>0:26.55,114.5;25.2,113.7;20.11,114.72;
#1206:
>0:32.6,114.44;32.14,115.27;
#1207:
>0:18.53,116.16;24.47,115.84;22.82,114.13;32.11,116.97;
#1208:
>0:43.42,118.05;42.49,117.36;
#1209:
>0:42.31,116.66;40.99,117.62;
#1210:
>0:27.32,120.9;25.79,117.71;30.56,118.34;29.85,115.7;31.36,112.71;
#1211:
>0:25.26,112.72;18.61,114.19;25.41,117.07;23.22,119.34;
#1212:
>0:28.08,116.02;27.13,115.78;
#1213:
>0:40.91,117.49;37.55,115.01;37.65,112.43;
#1214:
>0:20.63,115.91;19.6,118.56;24.55,120.48;
#1215:
>0:26.42,116.15;27.76,119.08;34.7,113.91;
#1216:
>0:38.18,110.05;36.62,111.29;30.2,112.81;
#1217:
>0:42.59,116.5;42.01,116.65;
#1218:
>0:28.84,113.9;25.55,113.98;25.65,115.54;31.57,121.01;
#1219:
>0:42.89,117.61;38.47,117.56;
#1220:
>0:22.17,111.39;28.48,111.02;28.36,112.24;34.52,109.9;
#1221:
>0:28.35,119.99;33.07,120.32;
#1222:
>0:40.53,118.36;42.7,117.03;
#1223:
>0:42.93,118.36;42.43,118.38;
#1224:
>0:21.35,114.99;19.62,111.61;
#1225:
>0:42.03,116.89;42.95,117.85;
#1226:
>0:41.1,117.55;43.22,117.32;
#1227:
>0:40.52,116.77;43.58,118.09;
#1228:
>0:40.81,117.34;43.26,117.24;
#1229:
>0:32.55,119.11;27.19,118.76;23.06,116.68;21.65,118.94;
#1230:
>0:36.88,119.2;43.29,116.6;34.97,117.36;31.89,112.83;
#1231:
>0:24.62,115.42;28.02,115.63;
#1232:
>0:37.45,113.76;34.96,111.98;
#1233:
>0:34.14,112.2;32.77,115.47;28.84,115.91;23.28,118.23;18.3,120.78;
#1234:
>0:33.29,120.7;33.04,120.43;
#1235:
>0:32.02,121.26;33.32,120.05;
#1236:
>0:27.0,118.85;23.55,121.15;
#1237:
>0:40.13,118.9;41.55,117.58;34.08,115.71;32.9,112.06;
#1238:
>0:40.94,118.2;42.0,116.85;
#1239:
>0:40.96,118.39;39.35,116.44;
#1240:
>0:43.04,117.23;40.96,116.68;
#1241:
>0:42.82,117.31;43.07,116.46;
#1242:
>0:32.75,121.29;32.4,120.23;
#1243:
>0:41.25,118.26;43.12,118.13;
#1244:
>0:23.49,113.02;25.65,114.63;30.77,115.51;
#1245:
>0:28.46,110.68;29.44,111.35;36.52,113.78;
#1246:
>0:32.39,113.1;26.21,115.46;25.96,116.29;
#1247:
>0:18.28,115.13;24.82,111.86;25.22,109.83;
#1248:
>0:40.97,117.13;42.89,116.61;
#1249:
>0:34.68,121.45;33.81,120.94;
#1250:
>0:24.19,110.16;22.6,113.14;23.82,114.96;
#1251:
>0:29.46,119.63;36.19,116.1;
#1252:
>0:32.78,118.71;33.96,117.17;
#1253:
>0:41.73,117.01;41.14,117.71;
#1254:
>0:22.65,120.45;27.92,120.2;31.37,118.34;33.29,119.94;37.12,117.98;
#1255:
>0:43.42,117.66;42.69,118.26;
#1256:
>0:32.56,121.82;31.49,119.9;
#1257:
>0:29.48,109.41;31.73,111.6;29.53,114.59;32.06,116.03;26.95,119.39;35.43,121.37;
#1258:
>0:34.34,113.28;30.29,114.56;25.72,117.39;25.42,119.05;21.49,120.03;
#1259:
>0:22.59,109.93;23.65,111.63;28.64,114.54;26.48,116.61;
#1260:
>0:31.3,114.25;36.21,117.5;
#1261:
>0:27.25,114.99;24.31,114.38;20.45,116.59;19.68,119.99;
#1262:
>0:34.63,120.65;32.53,120.48;
#1263:
>0:33.28,111.74;34.87,113.49;32.09,112.25;28.67,112.52;21.82,109.25;
#1264:
>0:29.93,114.18;33.94,113.48;
#1265:
>0:39.92,113.25;34.81,113.13;36.19,116.13;
#1266:
>0:41.6,116.49;42.94,116.83;
#1267:
>0:24.89,112.72;19.67,112.52;
#1268:
>0:40.85,118.21;41.22,117.81;
#1269:
>0:31.61,114.31;29.25,114.43;24.8,115.27;
#1270:
>0:32.31,114.39;29.49,117.16;33.41,119.45;
#1271:
>0:43.05,117.03;40.35,116.56;
#1272:
>0:42.09,117.87;41.85,117.97;
#1273:
>0:33.89,121.05;27.01,117.99;32.5,116.59;34.51,114.33;35.35,111.52;
#1274:
>0:40.94,117.85;42.91,117.41;
#1275:
>0:42.21,117.02;42.37,116.31;
#1276:
>0:42.78,117.3;43.49,118.3;
#1277:
>0:42.61,117.54;42.35,116.57;
#1278:
>0:40.02,117.23;42.39,117.41;
#1279:
>0:24.71,113.92;20.52,117.01;21.25,118.93;
#1280:
>0:19.32,112.28;22.77,114.73;25.78,115.5;26.4,118.14;
#1281:
>0:41.18,117.46;42.33,117.11;
#1282:
>0:40.99,116.93;40.06,117.2;
#1283:
>0:27.32,115.77;25.22,115.98;26.04,113.11;
#1284:
>0:32.67,109.18;33.11,111.56;34.39,113.73;31.97,117.27;30.49,119.27;37.07,121.01;
#1285:
>0:26.34,110.82;28.44,113.09;34.77,112.54;
#1286:
>0:41.67,116.97;42.66,117.51;
#1287:
>0:37.0,110.54;34.98,112.56;34.92,113.83;29.15,112.08;
#1288:
>0:41.16,116.31;41.02,117.23;
#1289:
>0:41.61,118.28;33.16,113.96;30.98,112.4;27.54,111.86;
#1290:
>0:42.46,116.73;40.07,117.13;
#1291:
>0:37.96,118.06;41.31,117.2;33.44,119.0;32.87,115.58;26.06,117.83;19.37,116.07;
#1292:
>0:24.42,117.92;28.94,121.73;
#1293:
>0:23.29,114.65;27.09,116.87;26.2,118.19;36.51,121.41;
#1294:
>0:42.21,116.31;40.89,116.83;
#1295:
>0:33.85,120.7;28.96,119.08;31.35,116.28;36.3,114.46;31.97,112.52;39.49,109.92;
#1296:
>0:24.05,113.76;26.23,116.87;26.86,118.55;33.29,121.58;
#1297:
>0:40.25,117.21;42.43,117.1;
#1298:
>0:19.19,117.55;22.19,114.82;25.78,117.53;26.93,118.56;35.57,113.6;
#1299:
>0:36.72,114.41;34.85,116.07;35.31,119.4;28.67,119.34;
#1300:
>0:33.91,111.41;33.52,113.69;27.36,111.79;
#1301:
>0:37.42,109.29;34.52,113.36;29.45,113.11;
#1302:
>0:21.44,115.56;25.47,115.8;27.28,114.45;26.09,111.34;33.33,112.42;
#1303:
>0:36.14,119.12;31.66,120.58;25.85,121.09;22.63,121.05;21.83,120.99;
#1304:
>0:35.87,113.08;32.5,115.32;
#1305:
>0:26.49,114.96;24.03,114.09;25.69,117.46;32.97,120.05;
#1306:
>0:20.15,110.7;19.31,109.83;
#1307:
>0:23.06,117.97;19.38,119.21;
#1308:
>0:26.38,117.51;31.06,116.33;34.3,118.64;
#1309:
>0:20.89,118.8;18.79,120.28;
#1310:
>0:40.9,116.75;40.18,117.7;
#1311:
>0:42.95,118.04;40.81,118.01;
#1312:
>0:43.42,117.14;40.6,117.3;
#1313:
>0:28.51,115.24;30.78,114.49;
#1314:
>0:32.47,120.77;25.61,119.55;
#1315:
>0:41.76,117.37;41.39,117.46;
#1316:
>0:30.22,109.22;32.4,111.79;35.25,114.69;36.25,116.41;34.31,119.07;
#1317:
>0:32.08,119.56;28.78,121.55;22.88,121.18;
#1318:
>0:21.02,115.83;22.41,116.75;26.67,114.63;30.08,114.75;36.07,114.67;
#1319:
>0:20.54,116.41;22.44,119.29;29.12,117.96;29.3,115.86;36.27,118.17;
#1320:
>0:39.98,112.05;36.12,115.22;29.53,115.87;26.35,115.68;
#1321:
>0:31.84,120.73;34.02,119.83;
#1322:
>0:40.94,116.37;43.56,117.27;
#1323:
>0:41.15,116.95;42.43,117.35;
#1324:
>0:32.34,119.56;28.03,119.44;22.06,117.46;18.78,118.74;
#1325:
>0:23.17,121.54;28.66,120.4;28.82,117.64;24.48,115.97;27.65,114.73;23.51,110.04;
#1326:
>0:18.62,109.44;25.17,111.14;28.34,112.54;32.19,110.52;35.12,111.28;36.8,112.12;
#1327:
>0:27.91,111.23;25.41,109.19;
#1328:
>0:23.36,120.66;28.85,120.51;26.41,119.62;24.8,116.48;26.75,112.17;
#1329:
>0:28.93,109.32;21.93,113.05;21.6,115.37;21.44,115.66;
#1330:
>0:23.74,113.06;22.03,109.17;
#1331:
>0:20.7,111.2;20.28,110.23;
#1332:
>0:31.73,120.98;27.87,120.77;
#1333:
>0:30.18,118.11;29.49,115.82;35.25,114.09;31.85,112.02;32.67,110.55;
#1334:
>0:42.59,118.21;41.29,118.34;
#1335:
>0:40.83,116.35;42.65,118.26;
#1336:
>0:25.67,111.22;26.11,112.35;29.1,113.79;
#1337:
>0:29.51,114.87;31.3,112.16;37.79,110.13;
#1338:
>0:41.04,116.53;43.33,116.56;
#1339:
>0:31.79,122.18;32.36,120.63;
#1340:
>0:41.42,116.63;42.56,117.25;
#1341:
>0:43.36,116.98;41.78,116.95;
#1342:
>0:18.19,119.34;22.36,119.04;24.26,117.11;21.31,112.0;
#1343:
>0:40.77,118.38;41.2,118.3;
#1344:
>0:39.65,111.31;33.16,112.63;33.85,114.93;32.92,112.61;26.58,113.41;19.68,112.66;
#1345:
>0:35.71,112.55;35.28,114.68;32.24,112.99;25.87,114.5;18.67,112.1;
#1346:
>0:38.67,113.05;35.07,111.88;33.8,113.6;30.31,112.25;25.83,112.85;18.66,109.53;
#1347:
>0:22.29,115.33;18.35,116.59;
#1348:
>0:40.34,114.89;36.33,113.77;30.63,112.29;27.27,113.56;
#1349:
>0:40.51,118.13;40.47,117.01;
#1350:
>0:41.65,117.62;41.76,117.05;
#1351:
>0:41.51,118.11;41.48,118.63;
#1352:
>0:19.52,121.39;19.55,119.74;
#1353:
>0:28.06,114.78;29.81,113.61;
#1354:
>0:40.93,116.44;41.53,118.06;
#1355:
>0:21.39,119.46;24.63,121.02;
#1356:
>0:41.6,117.78;42.12,117.27;
#1357:
>0:34.01,121.16;33.32,121.28;
#1358:
>0:36.71,121.24;35.84,121.67;29.83,118.0;29.72,115.85;38.32,111.69;
#1359:
>0:42.46,116.8;39.94,118.25;
#1360:
>0:41.25,117.0;42.45,117.9;
#1361:
>0:41.66,117.96;41.58,117.33;
#1362:
>0:38.94,111.0;38.78,109.95;
#1363:
>0:23.42,113.21;28.73,115.38;29.76,113.89;31.19,115.68;35.32,120.27;
#1364:
>0:42.33,116.82;40.99,118.36;
#1365:
>0:34.09,121.29;31.18,120.61;
#1366:
>0:42.2,117.17;41.4,117.85;
#1367:
>0:37.14,120.93;37.23,118.79;34.31,115.91;
#1368:
>0:43.33,116.83;40.62,118.19;
#1369:
>0:32.83,121.98;31.96,121.74;
#1370:
>0:22.56,113.22;25.89,114.14;24.03,114.29;27.11,119.29;
#1371:
>0:23.18,119.7;25.55,116.31;23.73,115.01;
#1372:
>0:28.01,116.26;31.18,117.05;31.26,118.22;38.47,118.81;
#1373:
>0:20.99,114.69;23.83,115.89;25.89,119.65;29.38,116.64;29.55,118.23;40.34,119.98;
#1374:
>0:41.92,116.65;33.36,115.06;29.31,112.55;27.34,113.98;27.15,111.3;20.46,112.07;
#1375:
>0:39.1,120.39;36.33,119.77;
#1376:
>0:42.65,117.24;42.01,117.37;
#1377:
>0:42.43,117.87;40.13,118.0;
#1378:
>0:32.54,118.08;26.81,120.18;
#1379:
>0:36.86,119.91;34.52,119.29;29.42,116.68;29.26,113.37;24.65,114.88;19.85,113.43;
#1380:
>0:33.2,113.5;32.67,112.73;32.32,115.31;24.64,109.76;
#1381:
>0:27.1,113.92;31.25,114.53;31.45,116.55;35.96,120.5;
#1382:
>0:43.28,118.03;42.45,116.97;
#1383:
>0:34.62,111.09;36.05,109.79;
#1384:
>0:34.64,111.16;38.38,109.87;
#1385:
>0:40.12,116.04;43.36,117.08;
#1386:
>0:32.49,115.25;32.8,113.09;38.06,111.1;
#1387:
>0:20.2,110.83;23.71,109.67;27.68,112.46;32.41,111.11;33.99,111.15;
#1388:
>0:41.94,118.26;40.83,118.3;
#1389:
>0:24.03,117.71;21.19,115.7;21.5,113.71;
#1390:
>0:40.21,116.49;40.0,116.45;
#1391:
>0:43.32,117.53;42.43,116.55;
#1392:
>0:32.97,121.23;34.8,120.46;
#1393:
>0:31.88,121.48;27.96,119.67;31.55,115.88;33.34,115.22;34.22,112.55;
#1394:
>0:19.07,115.36;21.21,111.85;
#1395:
>0:34.42,121.12;33.85,120.56;
#1396:
>0:32.27,121.11;32.02,120.55;
#1397:
>0:41.67,118.09;41.91,118.0;
#1398:
>0:40.79,117.83;42.19,117.47;
#1399:
>0:40.4,117.45;40.52,116.73;
#1400:
>0:38.94,109.47;37.12,109.73;
#1401:
>0:39.05,109.86;37.57,110.32;
#1402:
>0:31.92,120.3;32.16,121.79;
#1403:
>0:28.02,109.57;28.75,113.33;24.53,113.88;21.81,115.79;21.39,118.4;
#1404:
>0:35.27,117.43;30.87,115.72;26.27,116.57;
#1405:
>0:40.12,117.35;39.91,117.94;
#1406:
>0:21.02,111.83;24.67,114.07;25.67,115.72;32.88,115.51;35.13,113.53;39.97,116.9;
#1407:
>0:34.42,121.0;25.8,118.62;29.53,116.02;36.05,114.49;38.87,112.24;40.24,110.92;
#1408:
>0:37.79,118.49;42.8,116.64;35.85,114.48;32.59,112.13;28.95,114.98;21.36,117.34;
#1409:
>0:42.45,117.14;41.49,116.99;
#1410:
>0:20.95,116.38;25.56,116.31;27.27,115.04;29.46,114.2;33.75,111.51;
#1411:
>0:20.72,120.28;23.08,118.22;22.62,115.93;27.75,114.34;19.7,112.39;
#1412:
>0:43.15,116.32;42.29,116.55;
#1413:
>0:41.33,117.94;41.05,116.83;
#1414:
>0:38.52,112.79;33.69,113.25;33.73,114.67;36.22,118.38;
#1415:
>0:42.38,116.24;42.1,116.62;
#1416:
>0:24.45,111.64;25.86,109.87;27.18,111.71;33.13,110.03;
#1417:
>0:21.16,111.5;24.18,109.63;25.61,109.64;29.68,110.45;
#1418:
>0:21.84,120.99;22.21,119.42;29.08,117.39;
#1419:
>0:41.59,117.34;37.52,118.14;
#1420:
>0:33.27,118.97;34.31,117.14;33.75,115.33;
#1421:
>0:24.0,119.49;21.95,116.2;27.43,114.2;27.23,111.99;26.14,111.14;
#1422:
>0:40.97,116.47;42.47,116.19;
#1423:
>0:43.32,116.34;41.16,117.7;
#1424:
>0:42.94,117.56;41.25,117.54;
#1425:
>0:39.37,115.15;33.29,114.25;30.32,112.78;31.84,113.83;25.49,114.7;
#1426:
>0:36.11,119.09;33.85,120.24;27.62,118.8;23.17,116.15;19.85,119.27;
#1427:
>0:43.09,118.14;41.84,116.62;
#1428:
>0:31.05,119.53;28.83,117.2;23.52,115.25;23.73,111.69;
#1429:
>0:38.2,120.05;33.15,118.57;30.06,119.1;
#1430:
>0:26.19,114.27;29.19,116.47;
#1431:
>0:20.96,110.55;20.92,110.0;
#1432:
>0:40.46,117.56;42.52,117.66;
#1433:
>0:42.89,117.87;41.96,117.7;
#1434:
>0:41.44,117.87;43.57,117.71;
#1435:
>0:22.78,111.37;26.06,114.2;31.61,116.02;33.3,114.73;39.93,117.63;
#1436:
>0:40.62,116.78;41.51,116.49;
#1437:
>0:29.99,111.61;32.19,113.69;30.62,117.56;36.4,118.95;
#1438:
>0:40.18,116.72;43.31,116.77;
#1439:
>0:36.07,120.55;32.61,119.07;27.32,117.62;25.38,115.9;18.42,118.27;
#1440:
>0:27.79,113.51;32.22,117.17;
#1441:
>0:31.93,121.55;33.71,120.85;
#1442:
>0:41.09,116.94;41.03,117.82;
#1443:
>0:23.08,117.9;19.09,119.03;
#1444:
>0:20.43,115.09;23.06,116.88;22.75,115.37;26.66,117.57;36.66,114.21;
#1445:
>0:42.72,117.76;33.86,113.47;32.2,115.45;
#1446:
>0:41.84,118.17;41.36,117.01;
#1447:
>0:37.13,112.92;34.8,113.14;36.19,115.13;31.06,117.52;21.95,117.22;
#1448:
>0:41.24,118.26;41.79,117.83;
#1449:
>0:28.98,110.7;22.63,109.44;
#1450:
>0:18.86,119.12;24.07,120.74;
#1451:
>0:29.99,119.34;26.35,116.9;24.05,115.0;25.08,112.96;
#1452:
>0:24.3,109.21;26.42,112.34;24.99,115.21;26.65,115.54;32.32,115.9;28.44,120.51;
#1453:
>0:40.56,117.66;40.67,118.32;
#1454:
>0:24.37,109.64;28.74,112.08;24.08,115.32;27.41,115.78;27.4,118.93;
#1455:
>0:24.29,115.63;28.22,114.37;26.78,112.8;34.73,112.94;
#1456:
>0:31.38,114.87;30.44,115.74;30.59,119.36;25.51,119.98;
#1457:
>0:37.52,111.47;34.26,110.45;
#1458:
>0:42.29,117.01;40.25,116.65;
#1459:
>0:21.98,110.15;25.95,111.51;22.7,112.78;23.78,116.39;
#1460:
>0:27.24,114.72;24.02,115.88;
#1461:
>0:41.09,117.38;39.98,117.51;
#1462:
>0:39.95,117.43;38.81,117.04;
#1463:
>0:20.7,121.61;23.32,118.52;28.43,116.09;
#1464:
>0:41.4,116.84;33.22,115.45;29.41,112.69;25.89,114.21;28.92,112.4;19.27,113.37;
#1465:
>0:33.04,121.58;26.25,118.11;23.36,117.45;27.85,114.52;31.88,114.47;31.12,109.35;
#1466:
>0:32.98,122.76;34.78,121.56;
#1467:
>0:23.28,116.48;27.99,115.05;30.39,115.13;24.37,109.65;
#1468:
>0:40.23,118.49;42.03,116.58;
#1469:
>0:40.43,116.83;41.09,116.8;
#1470:
>0:32.44,119.12;34.46,115.58;
#1471:
>0:37.24,118.59;41.98,116.62;34.43,115.15;32.83,112.86;25.41,114.05;
#1472:
>0:34.53,111.86;31.32,115.44;28.64,116.62;24.43,118.44;21.44,120.29;
#1473:
>0:42.55,117.9;42.34,117.14;
#1474:
>0:32.09,120.05;32.61,122.03;
#1475:
>0:21.22,116.52;22.32,115.32;26.81,117.34;30.32,115.98;
#1476:
>0:37.57,121.46;35.16,118.45;32.06,117.31;27.71,114.48;27.24,112.26;19.64,110.58;
#1477:
>0:34.45,111.48;34.49,114.25;31.3,111.64;28.41,113.88;18.74,111.5;
#1478:
>0:19.85,114.88;22.42,116.58;28.49,119.61;31.57,121.96;35.87,120.77;37.43,118.59;
#1479:
>0:34.23,120.66;33.18,121.77;
#1480:
>0:29.39,110.96;32.77,112.75;23.06,114.78;
#1481:
>0:40.14,117.07;43.21,116.85;
#1482:
>0:28.59,121.72;26.84,118.23;31.56,122.35;38.26,120.95;
#1483:
>0:38.29,116.82;41.26,118.19;
#1484:
>0:42.36,118.28;42.47,117.61;
#1485:
>0:41.58,118.22;42.27,117.26;
#1486:
>0:37.73,110.57;33.17,112.79;35.41,114.59;33.68,116.08;43.54,116.34;34.21,119.87;
#1487:
>0:37.48,119.36;40.53,116.55;32.44,119.84;
#1488:
>0:41.54,117.58;42.41,118.09;
#1489:
>0:39.6,109.41;33.26,112.39;34.35,113.6;34.27,117.33;
#1490:
>0:32.91,120.49;31.32,119.94;
#1491:
>0:42.76,116.87;35.99,116.72;35.05,119.12;27.01,118.45;
#1492:
>0:29.99,109.27;31.97,112.02;27.52,115.03;27.83,116.99;
#1493:
>0:27.42,116.03;26.79,115.63;
#1494:
>0:21.32,117.52;23.41,117.23;28.4,114.44;31.66,109.87;
#1495:
>0:43.05,116.3;34.05,113.67;32.14,112.1;31.91,115.17;25.66,114.89;18.28,112.62;
#1496:
>0:30.97,110.85;29.69,111.77;23.89,114.75;
#1497:
>0:34.48,121.77;26.54,117.62;29.5,117.43;35.34,114.64;34.43,113.0;
#1498:
>0:29.01,116.83;22.54,116.6;26.85,114.31;22.56,110.08;
#1499:
>0:41.12,117.98;41.96,117.66;
#1500:
>0:41.63,118.24;40.28,117.19;
#1501:
>0:41.54,117.48;43.58,117.06;
#1502:
>0:24.41,120.61;26.92,120.74;31.43,119.32;34.22,119.99;40.15,118.06;
#1503:
>0:40.28,117.02;40.04,116.64;
#1504:
>0:42.14,118.36;40.55,116.29;
#1505:
>0:31.38,115.3;29.88,116.62;31.77,118.3;
#1506:
>0:24.08,113.47;27.16,113.72;
#1507:
>0:41.29,118.12;40.25,117.87;
#1508:
>0:42.88,116.74;41.25,116.8;
#1509:
>0:38.17,119.39;43.18,117.4;31.94,120.44;
#1510:
>0:21.0,111.13;23.42,109.85;25.67,111.3;22.18,114.13;28.29,116.53;31.85,121.65;
#1511:
>0:32.94,120.43;33.97,121.32;
#1512:
>0:22.5,117.29;28.02,116.28;30.13,116.57;33.53,116.11;
#1513:
>0:35.46,115.78;29.8,115.98;
