#0:
>0:25.28,111.99;24.23,114.34;25.89,112.47;29.57,115.43;40.07,113.95;
#1:
>0:41.14,117.26;40.57,116.9;
#2:
>0:40.65,118.18;41.79,117.56;
#3:
>0:18.89,111.57;24.52,114.74;27.38,112.06;32.2,114.74;32.01,111.77;39.86,110.74;
#4:
>0:41.11,117.34;42.43,116.28;
#5:
>0:41.72,117.25;41.55,116.35;
#6:
>0:36.73,115.27;34.58,114.16;34.39,116.43;30.31,115.8;28.55,113.57;20.51,111.12;
#7:
>0:33.01,117.58;30.41,115.46;29.21,112.6;22.3,111.89;
#8:
>0:42.85,117.13;41.16,116.43;
#9:
>0:39.06,118.91;40.69,116.38;
#10:
>0:32.19,122.38;32.02,121.17;
#11:
>0:40.39,117.03;43.31,117.98;
#12:
>0:36.49,109.34;30.79,112.43;36.62,111.81;34.09,114.89;33.54,118.51;
#13:
>0:33.37,119.74;25.85,118.71;22.83,118.82;21.64,117.85;
#14:
>0:31.66,120.84;34.62,119.94;30.71,118.05;33.22,116.74;39.94,114.26;31.24,111.15;
#15:
>0:28.23,111.92;28.67,110.06;
#16:
>0:43.17,117.3;42.61,117.56;
#17:
>0:41.95,118.06;43.27,117.68;
#18:
>0:34.18,115.22;32.19,114.62;
#19:
>0:43.42,117.97;42.95,116.4;
#20:
>0:32.3,120.86;34.81,120.91;
#21:
>0:42.76,118.12;40.99,116.4;
#22:
>0:38.96,114.08;34.67,113.66;35.0,116.55;32.45,117.08;28.74,115.24;19.14,110.75;
#23:
>0:37.42,121.41;34.52,119.69;32.19,115.97;26.78,114.25;24.8,113.32;21.45,109.37;
#24:
>0:24.6,111.43;28.36,111.7;31.99,113.99;31.56,117.81;
#25:
>0:28.9,119.49;23.93,117.46;
#26:
>0:39.29,117.84;36.07,116.1;
#27:
>0:22.98,121.42;27.48,118.89;29.54,116.91;32.38,114.54;30.51,111.98;27.14,110.0;
#28:
>0:37.38,119.32;33.87,116.69;30.62,113.64;27.62,111.4;22.32,112.52;
#29:
>0:31.61,120.09;33.36,119.2;
#30:
>0:40.64,116.96;36.44,113.49;33.72,116.54;32.11,116.67;23.61,112.71;
#31:
>0:18.88,116.48;24.93,113.73;26.75,112.34;32.03,114.84;34.64,110.26;
#32:
>0:37.05,110.31;36.21,109.95;31.98,112.35;31.44,113.54;24.4,116.28;
#33:
>0:42.75,116.46;41.77,116.95;
#34:
>0:42.83,116.32;39.83,117.12;
#35:
>0:24.27,120.73;27.82,121.18;
#36:
>0:18.49,111.41;18.35,113.58;24.68,116.57;26.25,118.18;32.02,121.8;
#37:
>0:34.35,118.35;31.44,117.26;26.4,116.41;
#38:
>0:41.97,117.22;39.78,116.83;
#39:
>0:19.62,117.41;23.26,119.15;24.24,120.67;
#40:
>0:27.48,113.75;25.22,112.89;19.85,111.0;
#41:
>0:39.47,113.93;36.44,116.54;32.08,118.59;
#42:
>0:42.12,117.58;43.46,117.26;
#43:
>0:42.94,118.18;42.13,117.45;
#44:
>0:42.92,117.05;42.94,116.89;
#45:
>0:34.13,121.33;27.57,119.55;25.32,119.53;20.82,118.17;
#46:
>0:23.6,119.67;22.37,119.89;
#47:
>0:42.96,116.84;42.48,118.29;
#48:
>0:39.08,121.23;36.6,121.22;32.82,119.41;35.21,116.83;31.77,111.84;
#49:
>0:19.19,116.87;20.54,119.16;
#50:
>0:20.86,109.35;20.21,110.34;
#51:
>0:33.67,120.23;34.98,121.15;37.15,117.78;34.86,113.83;
#52:
>0:23.66,121.36;21.27,119.17;20.27,116.28;20.34,115.3;
#53:
>0:23.08,119.12;22.15,117.53;
#54:
>0:43.43,118.27;40.24,116.8;
#55:
>0:33.05,113.71;29.38,114.95;
#56:
>0:41.1,117.19;42.78,117.05;
#57:
>0:34.04,115.64;31.86,115.28;31.58,112.21;26.09,110.58;
#58:
>0:31.42,121.77;34.73,121.21;
#59:
>0:19.19,111.68;24.22,114.28;21.25,113.52;27.93,117.81;
#60:
>0:40.91,117.73;42.02,117.04;
#61:
>0:34.69,117.16;39.86,114.75;36.41,111.87;35.07,109.59;
#62:
>0:31.44,115.13;30.06,116.71;31.1,119.64;
#63:
>0:23.36,114.56;19.45,115.43;28.83,118.26;
#64:
>0:37.66,112.98;34.22,109.67;30.73,112.16;27.34,112.37;22.62,115.18;20.53,112.12;
#65:
>0:31.98,113.47;30.42,111.54;41.56,116.57;
#66:
>0:33.43,111.44;33.13,114.08;35.33,117.55;39.27,119.14;39.55,121.58;
#67:
>0:43.09,116.38;42.44,117.1;
#68:
>0:40.56,118.23;40.3,117.38;
#69:
>0:40.15,109.26;36.19,110.44;32.87,111.75;30.84,113.87;24.91,117.53;
#70:
>0:23.13,120.42;18.66,117.71;21.55,117.36;19.05,114.46;
#71:
>0:42.29,116.64;41.99,118.0;
#72:
>0:41.01,116.41;40.04,118.07;
#73:
>0:43.47,117.71;42.03,119.1;
#74:
>0:42.45,117.57;42.87,117.74;
#75:
>0:36.13,115.03;43.54,117.4;40.3,118.7;
#76:
>0:28.76,118.73;24.93,117.47;
#77:
>0:25.64,120.04;32.55,117.89;29.56,115.81;
#78:
>0:40.89,117.92;39.48,113.57;32.2,114.28;
#79:
>0:34.79,110.54;31.26,112.35;28.94,113.89;25.53,117.27;21.66,115.78;
#80:
>0:23.72,112.89;23.81,114.09;26.23,115.53;30.73,117.94;34.8,120.27;
#81:
>0:19.55,110.81;20.22,110.5;
#82:
>0:41.97,118.08;38.89,118.23;
#83:
>0:43.5,117.25;40.55,116.51;
#84:
>0:27.51,116.73;29.56,118.01;33.87,121.16;
#85:
>0:40.36,116.56;42.05,116.72;
#86:
>0:19.44,110.86;21.0,110.37;
#87:
>0:42.13,117.46;41.46,116.29;
#88:
>0:20.95,112.27;22.18,115.02;27.79,112.15;30.64,115.45;29.66,111.84;39.21,114.76;
#89:
>0:33.16,119.92;34.18,120.77;
#90:
>0:40.85,116.6;41.74,118.3;
#91:
>0:40.23,116.35;41.21,117.95;
#92:
>0:38.76,120.96;35.14,121.2;32.44,118.05;33.07,120.28;26.26,121.2;19.62,115.84;
#93:
>0:35.16,119.54;30.71,118.6;
#94:
>0:40.17,118.05;40.92,118.07;
#95:
>0:43.5,116.66;42.05,116.43;
#96:
>0:33.13,110.06;31.45,113.2;35.82,111.31;41.51,117.45;
#97:
>0:21.05,121.35;23.0,118.2;28.6,117.41;26.26,114.61;
#98:
>0:34.62,121.43;33.54,121.28;
#99:
>0:26.17,120.55;24.08,117.6;20.33,115.5;22.13,115.36;26.2,112.66;19.36,111.04;
#100:
>0:43.52,117.01;41.69,117.19;
#101:
>0:27.14,114.48;24.63,111.45;19.78,114.09;
#102:
>0:40.46,117.44;43.28,117.79;
#103:
>0:35.42,111.54;37.21,114.16;34.15,117.0;
#104:
>0:29.05,117.36;32.13,114.21;30.78,112.71;39.23,114.94;
#105:
>0:39.85,117.84;39.91,117.89;
#106:
>0:28.92,112.48;28.97,109.52;
#107:
>0:27.37,112.08;32.77,114.33;28.52,116.55;29.19,117.69;
#108:
>0:35.05,118.76;30.81,118.45;
#109:
>0:22.35,111.08;28.37,111.5;31.08,113.85;33.65,116.68;33.05,119.49;
#110:
>0:36.32,111.06;32.22,112.05;28.28,112.82;32.48,114.62;27.12,115.87;34.23,122.01;
#111:
>0:34.68,115.72;32.17,119.32;27.99,119.46;25.51,119.33;18.78,118.43;
#112:
>0:34.81,120.35;32.22,120.63;
#113:
>0:43.39,118.33;43.35,118.19;
#114:
>0:41.52,117.64;41.7,116.73;
#115:
>0:43.29,117.68;43.08,117.81;
#116:
>0:36.47,114.14;36.48,116.44;31.61,116.31;23.41,111.61;
#117:
>0:43.29,117.72;42.72,118.09;
#118:
>0:42.79,118.08;42.61,116.35;
#119:
>0:28.97,109.29;24.32,111.13;20.16,110.22;
#120:
>0:25.96,118.49;31.05,116.07;33.52,117.47;
#121:
>0:40.5,118.36;42.85,117.54;
#122:
>0:34.5,118.18;32.43,116.5;26.19,115.55;
#123:
>0:27.82,114.85;23.28,113.16;19.28,110.78;
#124:
>0:33.25,121.0;32.92,120.77;
#125:
>0:40.15,119.07;36.54,118.95;31.06,117.64;25.65,119.27;23.71,117.85;19.9,119.27;
#126:
>0:24.72,114.38;26.6,111.72;29.92,114.91;34.69,117.12;39.89,117.84;
#127:
>0:35.7,116.6;31.05,115.64;28.91,114.79;24.69,114.63;
#128:
>0:39.05,110.94;33.65,110.57;
#129:
>0:34.18,119.01;29.92,116.48;26.45,114.99;
#130:
>0:37.1,115.27;38.28,114.94;
#131:
>0:43.01,118.21;36.67,118.65;
#132:
>0:33.58,121.94;32.73,120.32;
#133:
>0:22.36,117.01;28.7,119.07;32.74,118.85;
#134:
>0:33.88,119.84;32.65,121.2;
#135:
>0:42.66,117.19;42.8,118.21;
#136:
>0:38.87,117.68;38.86,120.04;33.56,121.06;31.62,121.4;24.8,118.57;
#137:
>0:40.64,117.79;43.31,118.05;
#138:
>0:33.89,122.16;33.06,120.47;
#139:
>0:18.86,109.47;20.4,109.51;
#140:
>0:37.63,118.73;33.38,116.36;
#141:
>0:20.79,110.11;22.55,111.82;23.8,114.22;20.91,115.29;27.51,117.7;
#142:
>0:40.76,117.56;41.08,117.82;
#143:
>0:41.11,117.4;43.15,118.05;
#144:
>0:42.12,116.99;41.89,118.1;
#145:
>0:28.97,116.51;29.82,115.37;30.35,113.2;36.7,114.67;
#146:
>0:41.26,116.75;41.3,117.75;
#147:
>0:35.26,113.43;30.1,115.21;
#148:
>0:18.31,116.74;22.54,113.78;28.31,117.5;32.46,119.45;34.48,121.19;36.77,118.34;
#149:
>0:22.94,115.44;27.21,111.35;32.03,112.37;
#150:
>0:32.17,121.13;34.53,120.44;
#151:
>0:43.37,116.86;39.98,117.29;
#152:
>0:18.84,116.74;19.11,113.67;23.44,116.6;32.23,116.77;
#153:
>0:27.64,109.24;22.83,111.35;22.61,114.51;19.51,114.24;23.48,119.41;
#154:
>0:41.45,117.3;41.8,117.92;
#155:
>0:25.17,112.42;24.68,112.68;
#156:
>0:39.47,119.02;33.5,115.99;32.11,114.73;36.19,111.71;
#157:
>0:31.52,121.2;28.88,120.62;24.49,119.12;20.56,117.08;23.47,114.66;21.13,110.2;
#158:
>0:26.35,112.16;31.7,113.61;31.53,115.59;32.27,117.94;
#159:
>0:39.98,116.46;41.32,117.83;
#160:
>0:28.76,114.1;23.13,111.34;19.69,112.3;
#161:
>0:22.72,118.56;21.15,116.89;
#162:
>0:42.99,116.34;35.94,115.35;37.4,115.05;38.77,110.1;
#163:
>0:31.56,116.0;31.98,113.8;27.31,111.36;18.48,110.2;
#164:
>0:40.85,116.63;41.39,117.77;
#165:
>0:32.23,114.9;31.3,112.08;22.41,114.82;
#166:
>0:42.57,116.87;39.91,117.02;
#167:
>0:40.68,117.84;43.15,117.51;
#168:
>0:18.23,111.97;18.86,113.99;23.41,115.91;25.82,119.24;31.55,117.83;37.96,118.27;
#169:
>0:30.23,110.32;26.43,111.45;24.37,113.54;28.39,116.05;27.89,119.44;
#170:
>0:40.16,112.63;34.69,109.89;29.59,109.77;
#171:
>0:18.64,115.47;22.69,113.56;
#172:
>0:36.28,109.8;31.88,111.45;28.73,114.42;22.17,117.16;20.69,117.2;
#173:
>0:43.42,117.86;41.67,117.74;
#174:
>0:21.59,117.79;21.99,121.3;27.28,121.08;34.27,120.04;
#175:
>0:20.57,112.94;20.51,109.32;23.83,109.47;30.37,114.8;
#176:
>0:43.0,117.05;40.93,116.5;
#177:
>0:26.87,118.53;29.9,119.57;35.35,118.64;
#178:
>0:25.47,119.93;27.83,118.6;31.89,118.03;36.07,118.45;
#179:
>0:38.26,114.76;34.16,114.55;35.75,117.95;
#180:
>0:29.11,111.36;31.83,114.45;
#181:
>0:19.42,110.41;22.76,110.62;28.6,111.82;32.84,114.29;31.91,112.51;38.33,109.78;
#182:
>0:37.33,113.82;39.95,115.07;
#183:
>0:33.32,110.01;31.26,112.18;34.01,111.38;32.7,115.47;30.29,119.31;
#184:
>0:31.39,121.72;34.31,120.36;
#185:
>0:40.44,116.68;43.18,117.77;
#186:
>0:36.39,113.7;36.49,115.54;32.47,114.17;23.65,115.89;
#187:
>0:31.53,109.35;34.73,113.21;38.36,115.21;40.12,117.05;
#188:
>0:34.21,121.23;34.2,120.15;
#189:
>0:18.3,120.08;24.64,119.07;28.94,115.67;31.89,116.44;34.86,117.33;
#190:
>0:29.71,111.38;27.19,113.62;24.09,116.24;20.99,118.59;
#191:
>0:29.59,112.41;26.3,114.08;21.92,116.75;19.91,117.69;
#192:
>0:20.81,121.15;24.18,117.76;27.41,117.27;30.33,116.87;35.36,117.41;
#193:
>0:24.06,113.54;27.41,117.38;
#194:
>0:41.96,117.59;41.96,116.77;
#195:
>0:35.56,116.92;29.76,116.4;30.79,112.42;
#196:
>0:33.7,122.51;31.5,121.55;
#197:
>0:42.33,117.62;41.74,117.7;
#198:
>0:42.95,117.82;42.06,116.36;
#199:
>0:27.17,117.9;32.48,118.1;
#200:
>0:18.72,116.08;22.87,115.34;27.82,112.6;
#201:
>0:42.65,117.67;43.13,117.2;
#202:
>0:40.35,118.05;42.45,118.01;
#203:
>0:28.83,115.94;25.47,115.47;19.15,112.28;
#204:
>0:43.32,117.8;41.37,118.21;
#205:
>0:34.98,119.5;32.42,122.58;28.73,121.21;23.68,121.15;19.78,120.34;
#206:
>0:41.41,117.9;37.25,119.37;36.41,121.58;
#207:
>0:34.69,111.79;31.55,114.3;
#208:
>0:41.11,118.37;40.45,117.38;
#209:
>0:40.84,117.23;41.58,117.55;
#210:
>0:27.97,109.34;22.55,112.39;24.2,113.92;
#211:
>0:33.85,115.77;30.56,116.65;26.3,112.52;
#212:
>0:26.62,120.38;23.75,118.61;
#213:
>0:36.91,121.28;33.23,120.61;32.82,118.99;33.83,115.91;32.64,113.38;30.43,109.33;
#214:
>0:42.24,117.5;41.13,117.81;
#215:
>0:40.53,117.13;35.05,114.56;34.96,117.21;31.35,115.48;29.1,113.83;21.07,111.01;
#216:
>0:24.58,118.22;26.75,121.73;31.62,120.07;
#217:
>0:42.71,118.12;41.5,117.22;
#218:
>0:40.94,117.25;41.08,118.37;
#219:
>0:27.71,118.1;29.34,118.98;35.91,121.51;
#220:
>0:40.97,116.75;42.67,117.71;
#221:
>0:30.37,119.07;33.37,117.11;38.17,120.6;
#222:
>0:40.32,117.54;42.26,117.99;
#223:
>0:25.25,110.88;26.53,112.31;22.86,114.11;26.15,117.37;31.41,118.83;29.13,120.69;
#224:
>0:32.31,121.7;31.89,120.45;
#225:
>0:42.28,117.18;40.44,118.14;
#226:
>0:33.74,118.6;42.62,117.2;
#227:
>0:34.62,120.23;31.22,120.46;
#228:
>0:28.74,113.34;23.15,114.11;21.01,117.45;20.85,119.58;21.2,121.62;
#229:
>0:32.59,122.47;33.05,119.78;
#230:
>0:42.88,118.15;33.84,113.83;36.79,113.61;37.04,110.75;
#231:
>0:35.33,112.03;32.3,114.22;26.33,111.72;
#232:
>0:21.85,116.9;22.57,118.77;24.45,121.26;
#233:
>0:34.31,114.33;29.67,116.16;
#234:
>0:19.72,115.93;25.08,114.28;29.02,116.48;29.99,117.74;34.34,121.14;38.86,118.08;
#235:
>0:25.72,121.61;31.61,119.37;
#236:
>0:34.2,116.13;32.82,113.8;28.41,111.68;
#237:
>0:42.93,117.81;42.09,117.29;
#238:
>0:34.71,120.78;30.87,119.44;33.15,117.4;31.39,115.58;29.18,113.28;
#239:
>0:21.48,113.03;19.76,115.0;22.66,117.26;27.7,118.71;33.33,117.59;
#240:
>0:22.56,112.37;23.57,114.05;26.89,115.58;31.67,119.39;35.58,120.59;
#241:
>0:19.3,118.38;20.28,116.79;19.68,113.53;
#242:
>0:42.52,117.12;42.8,116.55;
#243:
>0:24.11,114.47;25.82,112.37;29.89,113.67;30.73,113.03;41.22,117.8;
#244:
>0:36.59,111.12;29.33,111.38;36.6,112.85;42.83,117.05;
#245:
>0:41.63,117.27;37.14,117.99;
#246:
>0:29.73,110.89;27.47,109.4;23.55,110.82;21.75,110.22;
#247:
>0:40.52,118.22;40.8,118.23;
#248:
>0:34.59,118.64;32.17,116.29;27.5,114.98;
#249:
>0:38.58,110.34;34.43,112.64;35.51,114.55;42.98,117.97;34.8,117.79;37.03,121.2;
#250:
>0:42.11,118.19;40.35,117.71;
#251:
>0:33.85,112.3;29.35,110.09;
#252:
>0:33.75,110.78;31.27,111.55;34.56,112.75;40.65,117.57;
#253:
>0:38.47,111.26;33.87,110.41;30.78,111.35;34.29,113.58;33.06,117.7;
#254:
>0:25.72,119.48;29.7,116.97;33.63,113.44;33.17,113.27;35.55,109.19;
#255:
>0:21.3,114.36;22.19,111.72;27.9,111.35;30.09,111.48;
#256:
>0:41.23,117.62;40.21,118.34;
#257:
>0:41.66,118.21;42.63,116.49;
#258:
>0:42.47,116.72;41.03,116.99;
#259:
>0:41.89,117.63;35.98,113.83;35.71,115.5;29.26,112.81;
#260:
>0:42.33,116.76;40.2,118.21;
#261:
>0:20.23,116.37;21.32,113.99;
#262:
>0:34.33,112.43;38.22,114.9;35.48,116.99;
#263:
>0:41.53,117.82;43.15,117.83;
#264:
>0:29.71,111.69;33.73,112.72;35.1,115.34;42.11,116.89;35.47,120.89;
#265:
>0:24.15,114.36;21.88,112.3;28.41,110.94;
#266:
>0:42.3,118.06;41.61,118.3;
#267:
>0:31.86,120.89;26.54,119.05;23.85,119.19;18.44,119.22;
#268:
>0:42.55,117.96;37.14,116.41;
#269:
>0:41.78,117.32;37.87,117.64;
#270:
>0:42.01,116.83;42.7,117.2;
#271:
>0:42.84,117.89;40.14,113.88;34.38,112.93;26.44,111.78;
#272:
>0:38.83,111.79;33.12,110.89;36.02,111.91;29.84,114.45;26.23,117.45;21.68,112.16;
#273:
>0:42.72,117.14;41.66,116.42;
#274:
>0:27.2,115.17;26.57,116.96;
#275:
>0:41.01,117.9;41.37,117.3;
#276:
>0:39.99,116.62;41.88,117.69;
#277:
>0:21.62,120.8;24.82,120.72;26.76,120.86;32.49,121.35;
#278:
>0:43.08,117.58;41.53,118.05;
#279:
>0:28.86,112.86;23.17,114.9;28.11,116.54;26.16,118.83;
#280:
>0:32.98,120.97;34.07,118.08;
#281:
>0:40.82,117.29;41.2,116.86;
#282:
>0:31.33,121.46;31.53,121.6;
#283:
>0:18.73,109.7;22.64,111.07;28.7,112.56;32.76,114.01;36.38,116.35;34.96,121.34;
#284:
>0:19.54,118.07;20.94,117.37;22.6,114.25;19.58,111.94;
#285:
>0:19.47,117.73;18.45,116.84;24.45,115.11;28.58,117.09;33.83,117.09;
#286:
>0:40.72,116.68;40.95,116.58;
#287:
>0:32.26,115.53;29.05,113.82;22.1,112.02;20.69,111.04;
#288:
>0:38.61,114.97;36.26,112.49;31.54,111.58;28.68,112.28;23.81,111.19;21.33,110.13;
#289:
>0:18.88,117.41;19.61,115.12;21.97,117.15;25.57,118.46;31.21,118.17;38.34,119.5;
#290:
>0:36.66,119.51;30.27,115.77;25.7,114.7;25.5,111.52;
#291:
>0:31.53,120.25;31.28,120.64;
#292:
>0:32.85,121.71;33.27,122.54;
#293:
>0:24.46,110.36;24.9,112.33;24.44,113.83;21.95,115.98;
#294:
>0:43.2,117.2;41.25,118.1;
#295:
>0:34.6,112.07;31.25,115.26;26.68,112.97;
#296:
>0:41.68,117.82;42.0,117.28;
#297:
>0:39.91,117.36;42.97,116.85;
#298:
>0:37.6,114.37;35.17,115.61;
#299:
>0:33.82,118.68;39.16,116.62;36.25,113.38;37.93,113.79;39.55,111.11;
#300:
>0:36.18,115.58;31.02,116.52;32.54,111.3;
#301:
>0:28.77,121.35;31.67,119.31;36.65,118.27;
#302:
>0:39.42,112.39;34.52,111.06;35.4,112.32;32.54,114.41;23.87,117.11;
#303:
>0:18.23,115.41;24.85,113.63;
#304:
>0:30.94,113.86;30.5,112.99;41.38,117.07;
#305:
>0:32.16,116.68;25.67,114.45;24.75,113.22;
#306:
>0:37.66,110.19;34.26,110.02;29.41,111.9;34.25,114.64;35.52,115.89;40.18,121.7;
#307:
>0:35.95,110.63;29.3,112.74;35.34,115.07;
#308:
>0:43.28,116.29;41.2,117.68;
#309:
>0:42.3,116.59;42.97,117.29;
#310:
>0:42.98,118.22;40.34,117.09;
#311:
>0:41.29,116.65;40.3,116.95;
#312:
>0:31.45,122.17;31.81,121.79;
#313:
>0:20.98,118.55;19.95,116.74;20.1,113.74;
#314:
>0:41.18,118.12;41.52,116.41;
#315:
>0:23.3,109.38;25.94,111.7;30.09,114.84;32.18,116.87;
#316:
>0:40.22,118.32;43.52,117.62;
#317:
>0:33.79,120.74;33.89,122.48;
#318:
>0:37.43,110.44;35.42,109.27;32.95,112.34;27.14,112.79;23.51,110.56;21.58,109.51;
#319:
>0:42.7,118.02;40.18,118.25;
#320:
>0:37.04,120.21;38.6,117.78;
#321:
>0:42.92,117.67;41.24,116.36;
#322:
>0:21.32,118.18;24.55,121.5;27.19,121.49;31.94,119.82;
#323:
>0:18.95,110.36;23.74,111.95;22.41,113.38;28.98,117.29;30.66,118.99;38.13,119.45;
#324:
>0:39.91,116.68;42.08,116.64;
#325:
>0:19.58,120.67;22.69,117.7;28.79,117.09;25.89,113.62;
#326:
>0:34.46,112.6;35.28,113.39;
#327:
>0:31.18,110.17;34.03,113.0;39.77,114.9;41.15,118.05;
#328:
>0:34.64,120.54;32.22,119.98;
#329:
>0:18.67,113.28;18.35,114.74;21.76,117.56;20.14,118.71;19.88,120.12;
#330:
>0:33.6,119.01;42.28,118.33;
#331:
>0:21.79,119.31;18.34,116.17;20.08,114.45;18.63,112.32;20.93,109.27;
#332:
>0:40.46,117.55;42.32,118.11;
#333:
>0:40.43,118.26;40.6,117.59;
#334:
>0:31.85,120.73;28.56,120.02;21.97,118.23;20.82,116.08;23.21,115.29;28.05,109.68;
#335:
>0:27.91,113.34;23.48,113.9;18.35,116.8;19.69,119.46;
#336:
>0:33.82,111.13;32.26,113.35;27.13,111.91;
#337:
>0:23.42,114.0;26.76,117.51;
#338:
>0:40.42,116.54;41.09,118.26;
#339:
>0:20.96,119.42;19.31,116.24;22.12,115.39;18.53,113.46;19.47,109.29;
#340:
>0:42.52,117.71;41.06,118.31;
#341:
>0:33.16,121.71;36.81,118.83;
#342:
>0:37.73,113.18;37.21,110.11;
#343:
>0:41.44,116.93;43.56,118.38;
#344:
>0:42.07,118.06;40.69,117.45;
#345:
>0:40.16,115.42;38.28,115.09;
#346:
>0:34.71,121.1;31.44,120.67;
#347:
>0:43.33,116.92;40.02,117.44;
#348:
>0:42.09,117.11;41.13,117.89;
#349:
>0:33.04,109.35;31.72,111.6;28.98,115.4;22.55,115.49;21.15,115.71;
#350:
>0:18.88,119.06;22.51,121.1;26.51,120.96;
#351:
>0:32.19,113.99;33.41,116.49;40.24,119.48;39.9,121.72;
#352:
>0:30.35,112.37;33.61,114.9;33.43,115.69;39.19,118.23;35.26,121.23;
#353:
>0:42.64,117.33;42.43,116.3;
#354:
>0:38.73,121.72;33.42,120.95;37.01,118.51;34.09,116.05;31.77,113.44;30.7,109.84;
#355:
>0:31.72,121.26;34.35,122.82;
#356:
>0:39.7,113.61;33.1,115.11;40.08,119.35;
#357:
>0:40.14,117.83;43.11,116.91;
#358:
>0:38.56,112.64;34.49,114.83;29.46,116.97;27.22,119.36;23.51,121.46;20.38,121.02;
#359:
>0:42.8,116.75;43.22,116.9;
#360:
>0:36.96,114.58;33.48,112.62;29.67,112.6;
#361:
>0:41.84,117.71;42.33,117.58;
#362:
>0:33.67,116.36;29.34,116.4;31.77,114.18;28.58,116.65;18.34,113.17;
#363:
>0:43.46,117.79;41.65,117.56;
#364:
>0:35.91,109.49;36.03,112.08;29.32,113.47;26.58,117.56;29.52,118.89;22.54,120.54;
#365:
>0:21.42,116.95;21.39,117.28;
#366:
>0:32.04,121.18;36.07,121.58;38.31,118.95;38.18,114.7;
#367:
>0:22.41,111.04;25.09,112.49;23.68,115.45;19.92,115.26;22.29,118.44;
#368:
>0:42.78,118.23;41.76,117.11;
#369:
>0:33.2,114.67;35.11,116.05;33.46,119.14;
#370:
>0:43.52,116.54;42.05,118.05;
#371:
>0:35.59,112.28;39.62,113.55;35.05,116.76;
#372:
>0:19.51,110.52;19.79,110.21;
#373:
>0:24.22,113.09;24.31,114.66;27.69,116.81;35.59,116.55;
#374:
>0:27.07,120.75;30.75,119.4;36.29,119.62;
#375:
>0:25.75,109.78;30.88,111.24;34.18,110.87;
#376:
>0:24.5,115.28;27.94,111.44;29.45,114.58;31.14,112.8;40.13,116.02;
#377:
>0:40.41,118.13;42.34,118.1;
#378:
>0:34.95,112.33;33.67,114.05;
#379:
>0:35.22,120.91;31.87,118.25;36.11,116.36;31.01,114.45;32.57,113.35;27.66,110.15;
#380:
>0:28.69,112.04;29.99,112.35;
#381:
>0:32.37,111.83;33.17,112.24;30.02,114.79;28.83,115.88;34.22,119.86;
#382:
>0:18.93,119.64;20.8,116.72;24.26,114.68;21.6,112.79;
#383:
>0:42.69,116.66;41.83,117.01;
#384:
>0:33.97,122.61;32.16,120.39;
#385:
>0:20.54,109.66;23.4,111.67;24.47,115.18;26.42,112.24;32.31,114.15;37.32,117.84;
#386:
>0:40.41,118.2;43.36,117.98;
#387:
>0:18.41,114.17;19.9,112.06;22.88,115.02;32.24,119.35;
#388:
>0:31.12,121.34;33.01,121.77;
#389:
>0:40.27,116.47;40.75,117.38;
#390:
>0:31.12,120.62;33.23,121.76;
#391:
>0:21.85,109.35;22.34,110.03;29.18,111.48;
#392:
>0:38.95,115.32;34.87,112.45;30.81,113.86;28.85,116.49;23.95,118.57;
#393:
>0:43.14,116.5;42.25,117.02;
#394:
>0:36.39,116.43;30.59,118.23;27.62,118.15;23.33,119.57;20.73,119.43;
#395:
>0:40.85,117.58;41.54,116.61;
#396:
>0:19.41,118.71;24.03,119.74;29.17,121.45;33.43,121.42;36.43,120.08;39.38,120.22;
#397:
>0:39.23,121.21;35.9,119.85;40.3,119.13;36.33,116.12;31.2,112.18;
#398:
>0:34.07,120.27;33.81,120.37;
#399:
>0:41.1,116.71;41.79,117.16;
#400:
>0:41.48,117.39;40.95,117.36;
#401:
>0:24.41,115.25;28.94,111.32;30.4,111.98;
#402:
>0:42.43,116.6;43.03,118.35;
#403:
>0:38.48,116.74;40.32,117.22;
#404:
>0:21.16,109.39;19.05,110.97;
#405:
>0:31.91,120.22;34.73,121.17;
#406:
>0:40.96,117.64;42.26,118.25;
#407:
>0:34.86,114.57;43.06,117.62;38.83,118.08;
#408:
>0:41.94,116.4;42.46,118.23;
#409:
>0:24.22,115.08;26.74,111.95;29.67,112.47;
#410:
>0:31.21,117.99;28.46,116.95;21.96,114.8;21.57,113.27;
#411:
>0:26.18,115.09;27.0,116.0;25.91,119.08;
#412:
>0:20.75,115.28;22.09,112.13;26.61,110.76;
#413:
>0:41.01,118.11;33.8,115.2;37.35,111.8;
#414:
>0:31.51,121.61;28.86,121.4;23.13,118.77;21.83,116.95;24.54,113.39;21.49,111.01;
#415:
>0:40.08,110.88;35.71,109.61;35.64,112.69;30.81,115.38;24.37,117.5;
#416:
>0:19.35,112.42;22.68,115.03;27.88,111.95;30.61,113.63;32.82,111.39;40.16,117.41;
#417:
>0:34.74,115.34;40.44,117.04;33.11,117.69;25.91,120.17;
#418:
>0:39.61,117.62;40.01,117.94;37.15,114.1;
#419:
>0:33.11,119.93;31.86,120.97;
#420:
>0:34.67,119.45;32.44,116.24;27.47,114.22;23.65,112.8;20.87,111.42;
#421:
>0:35.86,109.8;35.24,109.84;
#422:
>0:27.68,116.08;29.54,119.42;36.66,117.59;41.23,117.59;
#423:
>0:41.83,116.98;41.47,117.28;
#424:
>0:40.53,118.12;42.49,116.53;
#425:
>0:29.51,118.33;36.46,115.98;37.27,113.86;34.1,112.79;25.96,110.23;
#426:
>0:41.07,116.55;40.26,117.66;
#427:
>0:27.93,121.0;30.5,118.95;35.74,119.09;
#428:
>0:38.78,118.98;34.86,116.33;
#429:
>0:31.58,114.63;31.66,111.61;42.6,118.28;
#430:
>0:34.48,121.16;34.14,119.84;
#431:
>0:39.96,119.13;35.0,118.54;
#432:
>0:39.5,113.86;32.99,113.26;30.83,112.46;
#433:
>0:27.89,121.47;23.6,119.57;18.5,116.25;23.77,115.45;25.62,111.28;18.64,110.64;
#434:
>0:43.1,118.03;37.88,114.61;
#435:
>0:32.65,121.49;32.58,122.13;
#436:
>0:42.39,116.57;42.19,117.0;
#437:
>0:41.88,117.72;40.07,116.96;
#438:
>0:33.18,109.34;37.72,109.32;34.39,112.13;29.75,114.02;28.94,116.56;33.95,122.78;
#439:
>0:22.6,117.46;28.24,118.95;29.54,118.41;
#440:
>0:24.58,115.68;27.65,119.58;30.78,119.03;
#441:
>0:40.34,117.32;41.28,118.36;
#442:
>0:33.81,120.47;35.19,120.02;38.59,118.57;35.06,114.94;
#443:
>0:19.9,110.61;24.62,110.85;22.84,112.15;32.53,114.96;
#444:
>0:42.25,117.22;43.06,117.91;
#445:
>0:26.88,115.44;29.82,112.61;
#446:
>0:38.01,117.74;34.03,117.03;30.47,116.87;29.49,113.63;28.77,116.42;19.75,112.05;
#447:
>0:23.0,120.02;28.54,121.11;
#448:
>0:35.19,113.66;31.64,117.03;
#449:
>0:34.75,118.27;32.91,118.86;
#450:
>0:24.88,112.17;20.23,110.27;
#451:
>0:22.64,119.91;25.75,118.88;31.79,115.82;25.63,115.2;30.66,111.88;
#452:
>0:38.14,110.8;35.23,110.89;36.53,113.04;31.33,113.49;31.31,119.2;
#453:
>0:43.33,116.57;42.23,117.71;
#454:
>0:38.66,110.23;36.06,112.46;
#455:
>0:19.32,117.76;20.77,116.64;22.5,114.45;28.56,115.97;32.9,117.82;39.43,118.26;
#456:
>0:43.41,116.6;41.05,117.21;
#457:
>0:34.57,117.83;32.78,117.46;27.59,114.22;23.71,114.55;
#458:
>0:40.58,117.78;39.43,117.15;
#459:
>0:18.18,112.74;24.41,113.63;27.23,113.1;31.37,114.24;31.19,113.36;39.11,114.26;
#460:
>0:40.24,116.92;40.78,117.3;
#461:
>0:40.53,118.37;42.0,117.48;
#462:
>0:23.58,119.89;28.73,117.62;30.44,115.65;33.96,114.82;
#463:
>0:43.44,117.97;41.38,118.0;
#464:
>0:35.17,118.97;32.52,117.53;26.73,117.5;
#465:
>0:33.27,119.74;33.89,119.21;
#466:
>0:43.09,118.38;43.07,116.69;
#467:
>0:27.48,116.06;23.95,115.01;24.14,111.56;
#468:
>0:18.96,117.9;20.72,116.02;23.54,115.32;28.87,111.97;20.41,110.1;
#469:
>0:41.83,116.31;43.04,116.98;
#470:
>0:40.25,113.88;39.69,114.45;
#471:
>0:33.52,115.38;35.41,117.03;31.18,116.4;21.9,112.78;
#472:
>0:31.94,120.77;31.82,120.0;
#473:
>0:31.41,118.64;35.32,116.27;37.01,113.63;35.23,111.26;35.35,110.04;
#474:
>0:19.94,112.3;21.29,109.56;29.21,112.28;
#475:
>0:29.01,121.21;32.32,118.69;34.23,119.31;
#476:
>0:25.0,110.54;27.14,112.96;30.16,114.26;29.07,116.98;29.29,118.79;28.19,120.48;
#477:
>0:30.81,118.17;34.12,115.7;25.9,114.23;
#478:
>0:40.62,118.27;41.04,118.15;
#479:
>0:24.05,116.98;27.39,113.69;29.9,113.65;28.09,111.08;
#480:
>0:29.51,112.02;32.72,113.39;26.06,116.25;22.77,118.49;
#481:
>0:20.94,117.89;19.19,117.01;22.3,113.92;25.61,116.38;32.77,118.89;37.96,119.66;
#482:
>0:38.7,111.04;34.9,112.11;30.16,112.6;
#483:
>0:38.11,117.74;35.53,118.38;
#484:
>0:20.45,118.19;20.73,116.55;23.51,113.95;25.98,115.77;35.73,115.94;
#485:
>0:35.09,117.44;29.41,115.97;27.72,113.57;23.47,111.19;
#486:
>0:26.74,109.32;28.93,112.3;32.89,114.56;25.87,116.36;27.04,118.53;
#487:
>0:37.19,113.35;38.86,109.39;
#488:
>0:42.54,117.54;43.6,117.99;
#489:
>0:40.83,117.07;37.24,116.61;
#490:
>0:34.26,118.31;41.81,117.36;33.21,114.81;38.64,115.16;38.26,110.31;
#491:
>0:43.54,116.49;40.89,116.46;
#492:
>0:42.78,116.91;41.72,117.88;
#493:
>0:41.84,116.52;40.81,118.34;
#494:
>0:31.26,118.25;34.08,120.68;39.64,121.09;
#495:
>0:41.53,116.64;39.07,113.72;29.28,115.48;
#496:
>0:34.18,120.74;39.0,118.2;34.08,117.1;29.95,114.1;30.68,112.53;26.84,109.7;
#497:
>0:42.64,116.7;40.04,116.92;
#498:
>0:18.58,115.71;23.03,113.79;27.47,112.88;
#499:
>0:41.88,116.41;42.82,116.2;
#500:
>0:33.08,112.8;31.97,114.54;31.58,112.13;28.95,111.59;20.3,114.65;
#501:
>0:21.91,111.07;26.84,112.78;32.5,115.11;35.4,116.85;36.03,119.54;
#502:
>0:32.99,115.85;30.63,115.12;28.52,111.5;
#503:
>0:38.48,114.1;34.79,113.38;
#504:
>0:42.62,117.16;40.9,117.12;
#505:
>0:27.68,115.68;30.58,119.33;33.15,115.77;41.05,117.4;
#506:
>0:34.96,110.94;30.71,111.37;36.47,112.92;40.52,117.8;
#507:
>0:38.68,113.11;38.48,110.26;
#508:
>0:43.39,116.34;40.35,117.69;
#509:
>0:28.83,112.86;28.52,109.88;
#510:
>0:27.76,119.11;29.55,118.42;
#511:
>0:43.0,117.81;42.0,117.47;
#512:
>0:19.4,115.99;21.88,119.58;22.06,121.67;
#513:
>0:33.99,118.41;31.83,120.4;25.92,121.63;25.49,121.22;20.23,121.68;
#514:
>0:42.58,116.54;40.89,116.94;
#515:
>0:30.34,115.48;36.28,117.05;
#516:
>0:33.96,110.9;29.99,112.37;27.35,112.89;22.14,113.72;20.25,112.11;
#517:
>0:42.66,116.69;40.21,117.92;
#518:
>0:36.45,109.4;36.51,112.85;32.84,114.16;25.2,110.28;
#519:
>0:38.33,109.94;33.7,111.59;30.42,115.24;27.08,115.94;26.02,119.69;
#520:
>0:32.37,120.23;33.22,119.77;37.74,119.43;34.48,116.15;31.34,115.2;29.68,110.76;
#521:
>0:40.99,116.34;40.0,118.04;
#522:
>0:32.61,121.85;34.66,120.99;
#523:
>0:42.58,116.9;40.59,116.9;
#524:
>0:18.8,109.62;19.46,109.83;
#525:
>0:35.97,121.21;29.51,119.06;33.16,117.26;27.76,115.45;
#526:
>0:32.09,122.17;32.7,121.19;
#527:
>0:41.15,117.94;37.57,116.74;
#528:
>0:39.67,117.78;42.55,116.82;
#529:
>0:39.52,112.77;39.57,109.82;
#530:
>0:18.41,117.6;20.04,115.69;24.05,113.5;28.66,117.49;29.35,118.49;36.92,118.6;
#531:
>0:41.99,118.05;40.54,116.62;
#532:
>0:20.79,115.42;23.62,115.4;
#533:
>0:23.09,114.48;26.26,112.7;
#534:
>0:24.98,111.18;27.36,112.8;31.97,113.81;28.65,115.61;30.63,119.45;26.06,120.98;
#535:
>0:23.11,110.18;22.84,113.33;24.77,114.09;20.3,115.11;22.31,116.11;27.78,120.88;
#536:
>0:34.5,121.59;34.69,120.19;37.21,118.03;35.02,113.76;
#537:
>0:19.15,109.71;23.05,112.15;24.16,114.45;28.2,117.19;29.45,118.21;40.18,119.3;
#538:
>0:42.69,116.31;42.12,116.32;
#539:
>0:41.09,117.59;40.79,117.51;
#540:
>0:40.93,116.9;42.3,117.87;
#541:
>0:33.08,121.13;31.96,119.99;
#542:
>0:19.75,111.35;23.05,113.84;28.15,117.32;31.2,118.45;34.06,120.35;37.45,119.2;
#543:
>0:29.86,110.52;29.15,111.49;32.39,114.11;25.72,117.05;26.18,118.96;
#544:
>0:30.98,114.71;30.41,115.27;
#545:
>0:40.76,117.67;42.73,117.14;
#546:
>0:18.9,114.08;20.55,115.97;19.07,119.09;
#547:
>0:40.02,116.05;42.93,116.41;
#548:
>0:43.47,116.22;40.06,115.3;
#549:
>0:39.35,119.49;37.49,120.7;
#550:
>0:41.65,117.62;41.67,117.22;
#551:
>0:25.95,120.7;24.89,118.48;22.72,116.9;23.25,115.27;
#552:
>0:42.83,116.92;40.3,117.09;
#553:
>0:42.06,117.41;40.01,116.85;
#554:
>0:37.3,115.46;35.68,112.06;30.86,112.99;
#555:
>0:33.57,121.61;33.6,120.8;
#556:
>0:40.03,116.75;41.52,118.21;
#557:
>0:42.02,116.86;41.79,117.86;
#558:
>0:27.28,113.72;25.17,113.03;21.81,114.24;
#559:
>0:18.86,109.53;18.28,111.06;
#560:
>0:21.68,113.42;23.26,116.68;26.85,119.53;31.87,119.55;34.78,121.43;39.74,119.37;
#561:
>0:39.6,120.74;34.16,120.65;31.39,118.52;30.38,114.04;
#562:
>0:31.71,114.02;31.98,112.37;24.74,114.47;
#563:
>0:28.85,112.62;28.07,110.27;
#564:
>0:33.41,110.8;34.13,113.24;32.91,113.47;26.29,116.23;31.59,117.87;23.98,121.41;
#565:
>0:36.48,109.76;33.67,111.73;31.13,114.82;24.46,109.59;
#566:
>0:31.3,119.77;33.39,119.94;
#567:
>0:18.43,111.42;21.06,109.85;25.89,112.21;
#568:
>0:43.31,117.14;41.77,116.84;
#569:
>0:31.78,120.73;34.52,120.37;
#570:
>0:41.41,118.12;40.73,117.29;
#571:
>0:40.33,117.91;43.32,117.39;
#572:
>0:40.51,117.72;43.53,117.58;
#573:
>0:35.02,119.49;29.3,119.7;
#574:
>0:38.81,120.05;36.46,119.92;30.73,118.02;31.21,122.77;25.99,121.36;19.52,116.76;
#575:
>0:18.97,111.72;18.63,113.57;24.09,116.97;26.05,118.3;32.25,119.23;38.93,118.39;
#576:
>0:30.72,117.72;34.54,116.66;40.32,113.59;33.21,112.37;33.15,111.2;
#577:
>0:40.28,118.1;41.5,117.32;
#578:
>0:39.21,118.45;40.65,117.82;
#579:
>0:26.13,120.99;32.27,118.66;35.53,118.64;
#580:
>0:21.51,118.58;19.33,116.63;22.94,113.49;26.22,112.48;20.42,109.64;
#581:
>0:36.28,112.63;40.28,115.43;33.41,115.32;33.17,115.93;37.85,121.24;
#582:
>0:41.15,117.17;42.95,118.24;
#583:
>0:19.3,112.34;21.74,111.01;27.49,113.24;
#584:
>0:32.13,113.32;34.47,113.1;35.5,114.16;33.9,117.82;
#585:
>0:40.31,117.22;41.31,116.84;
#586:
>0:20.27,113.63;23.42,111.46;25.9,110.24;
#587:
>0:31.47,119.91;34.15,120.59;
#588:
>0:42.39,116.74;42.02,116.95;
#589:
>0:23.34,111.05;26.55,111.85;32.32,115.17;27.61,116.9;32.07,119.58;26.41,121.78;
#590:
>0:43.19,116.53;43.24,117.52;
#591:
>0:32.89,117.81;28.54,116.48;
#592:
>0:35.42,112.04;36.6,115.31;
#593:
>0:39.26,118.28;34.8,117.98;30.71,118.31;28.92,118.58;23.78,119.54;20.1,117.65;
#594:
>0:32.91,120.41;36.05,120.62;
#595:
>0:18.79,112.43;19.81,113.97;23.21,116.02;25.61,118.54;31.18,121.19;
#596:
>0:24.26,109.81;22.44,113.33;25.31,113.59;18.46,113.8;23.73,118.42;
#597:
>0:37.17,121.57;34.18,121.27;31.14,119.67;28.92,121.16;
#598:
>0:35.18,109.75;36.23,110.94;
#599:
>0:32.86,121.39;32.84,120.79;
#600:
>0:37.96,117.87;35.39,119.42;30.95,117.9;26.16,119.13;22.56,119.54;18.87,119.22;
#601:
>0:19.73,118.65;19.81,117.45;25.04,114.58;28.11,112.61;31.64,115.26;38.53,118.62;
#602:
>0:36.8,120.71;36.1,121.8;32.08,119.26;33.14,120.46;26.3,120.9;21.27,116.05;
#603:
>0:31.04,115.1;30.57,111.56;22.33,113.87;
#604:
>0:34.21,121.19;33.2,120.43;
#605:
>0:34.06,115.75;30.89,116.43;32.68,114.53;22.73,113.87;
#606:
>0:25.07,110.62;28.99,112.1;32.77,114.74;33.29,113.65;
#607:
>0:31.88,113.05;29.07,113.38;22.4,117.17;20.25,118.3;
#608:
>0:40.59,117.19;43.04,117.28;
#609:
>0:34.65,118.42;30.99,116.18;26.29,115.4;
#610:
>0:40.7,117.47;38.18,118.37;
#611:
>0:28.36,118.54;22.65,119.6;
#612:
>0:25.83,116.7;32.45,117.66;36.1,116.56;39.95,116.55;
#613:
>0:40.01,116.78;41.79,116.45;
#614:
>0:40.18,117.8;40.69,118.2;
#615:
>0:42.22,118.17;41.4,116.36;
#616:
>0:40.0,120.41;35.17,119.75;40.18,119.57;33.28,114.03;
#617:
>0:41.93,116.57;40.29,117.75;
#618:
>0:36.48,119.47;32.47,119.99;25.87,120.01;21.89,120.95;20.0,120.2;
#619:
>0:31.55,120.19;32.78,120.92;
#620:
>0:32.14,117.02;25.79,115.33;30.94,111.82;
#621:
>0:40.92,117.6;42.44,118.07;
#622:
>0:20.94,116.08;22.58,114.47;21.62,111.33;24.1,110.65;
#623:
>0:27.52,110.64;23.74,112.24;23.3,113.91;
#624:
>0:39.26,120.83;34.64,120.87;
#625:
>0:24.99,117.9;22.66,119.85;
#626:
>0:28.63,121.25;30.65,119.29;34.67,118.11;
#627:
>0:35.44,111.84;30.33,115.45;27.47,116.48;24.65,118.08;19.22,119.48;
#628:
>0:39.61,117.26;43.11,117.55;
#629:
>0:28.98,121.61;30.73,118.72;34.03,117.77;
#630:
>0:40.02,116.68;43.06,117.58;
#631:
>0:34.17,122.68;34.5,120.58;
#632:
>0:30.25,113.71;32.31,113.14;40.11,118.23;
#633:
>0:42.87,118.27;43.08,117.94;
#634:
>0:30.51,112.16;36.15,112.43;33.49,114.16;34.41,115.92;37.95,120.8;
#635:
>0:38.61,113.02;34.22,115.28;32.1,117.46;27.14,119.15;23.05,120.06;
#636:
>0:20.84,116.73;23.78,114.65;28.7,112.27;29.97,114.39;29.31,112.16;38.04,110.08;
#637:
>0:36.11,117.89;30.72,119.67;
#638:
>0:26.73,109.57;23.84,112.1;23.06,115.45;
#639:
>0:20.7,109.72;19.78,111.08;
#640:
>0:41.16,117.43;40.01,116.84;
#641:
>0:25.83,113.14;22.27,113.43;20.78,114.79;25.25,118.89;
#642:
>0:25.97,121.52;24.23,117.92;21.32,116.86;22.04,114.67;20.15,111.28;
#643:
>0:20.66,112.43;19.92,114.21;22.13,115.71;27.3,119.4;32.04,119.12;38.6,119.53;
#644:
>0:39.96,118.2;34.99,118.69;
#645:
>0:33.61,120.53;39.34,118.69;
#646:
>0:42.44,117.04;40.05,116.61;
#647:
>0:25.66,112.26;29.42,114.94;32.11,116.1;32.34,117.97;
#648:
>0:34.46,121.45;33.51,121.59;
#649:
>0:36.27,110.24;36.29,111.88;36.88,115.23;43.26,117.03;
#650:
>0:42.99,117.62;41.93,118.21;
#651:
>0:28.02,118.54;24.42,119.55;
#652:
>0:27.52,115.15;29.85,114.64;32.88,112.12;36.87,109.88;
#653:
>0:39.93,117.28;40.7,116.34;
#654:
>0:39.46,110.72;34.82,110.75;32.67,113.32;25.63,110.76;
#655:
>0:33.16,118.02;40.0,121.64;
#656:
>0:34.35,114.15;42.05,117.94;39.34,117.95;35.12,121.08;
#657:
>0:39.72,114.63;40.14,114.88;
#658:
>0:40.27,116.84;41.08,116.55;
#659:
>0:28.94,118.3;32.4,118.1;34.63,119.55;
#660:
>0:33.97,114.27;42.01,118.18;
#661:
>0:41.83,118.25;42.71,116.58;
#662:
>0:33.26,113.91;35.55,115.79;
#663:
>0:42.67,117.54;42.71,118.39;
#664:
>0:27.38,116.04;22.99,115.07;20.79,111.76;
#665:
>0:28.12,111.9;28.09,111.09;
#666:
>0:38.98,116.97;41.9,117.04;
#667:
>0:24.45,121.27;26.49,118.54;32.35,116.61;29.2,114.41;31.54,112.67;
#668:
>0:37.55,109.6;33.22,113.01;
#669:
>0:27.54,110.22;32.25,111.52;36.57,112.32;36.49,116.67;
#670:
>0:25.41,120.22;26.39,120.2;
#671:
>0:40.01,117.36;41.74,117.05;
#672:
>0:41.03,117.01;40.3,118.17;
#673:
>0:32.69,117.24;25.88,115.44;30.87,111.55;
#674:
>0:27.8,115.07;31.04,114.03;34.39,114.68;
#675:
>0:31.21,112.67;34.02,113.07;36.21,114.02;35.93,119.0;
#676:
>0:34.61,120.26;32.46,121.11;
#677:
>0:40.79,117.19;40.78,118.05;
#678:
>0:34.22,117.62;34.09,116.44;34.88,113.46;
#679:
>0:23.79,117.57;24.91,117.53;
#680:
>0:18.35,109.73;20.42,111.21;
#681:
>0:21.8,109.73;24.55,111.01;28.09,111.99;
#682:
>0:21.68,111.65;21.32,109.43;27.7,112.8;
#683:
>0:40.24,117.84;42.25,117.29;
#684:
>0:34.41,115.54;32.1,118.27;28.51,119.63;23.28,119.69;21.39,118.72;
#685:
>0:41.67,116.8;40.28,116.83;
#686:
>0:31.82,121.6;34.48,120.27;
#687:
>0:20.28,113.11;23.88,113.99;23.5,116.63;
#688:
>0:33.23,117.94;34.19,121.47;26.34,121.04;22.95,120.52;20.78,119.87;
#689:
>0:37.2,109.95;34.66,113.17;31.93,114.26;27.24,115.61;25.34,118.95;
#690:
>0:40.29,119.87;34.58,119.96;38.68,119.17;31.86,113.48;
#691:
>0:33.55,121.46;34.58,121.72;
#692:
>0:22.61,114.57;28.81,112.3;29.56,114.33;34.7,115.5;43.32,118.07;
#693:
>0:28.5,117.12;24.83,114.2;18.65,111.77;
#694:
>0:42.85,116.72;39.97,116.28;
#695:
>0:21.93,119.32;20.96,116.71;
#696:
>0:28.88,112.76;29.96,114.38;33.54,116.52;33.18,118.93;
#697:
>0:24.64,111.79;18.21,109.4;
#698:
>0:23.51,113.01;25.26,112.17;
#699:
>0:24.21,119.34;25.82,116.46;29.9,115.18;30.62,111.35;38.74,109.69;
#700:
>0:43.19,116.46;42.37,117.97;
#701:
>0:35.39,116.51;31.43,115.05;26.5,113.05;
#702:
>0:32.85,117.33;28.59,115.23;24.38,113.36;
#703:
>0:28.95,115.01;31.7,115.31;34.55,110.66;
#704:
>0:27.49,115.2;29.27,113.4;33.47,113.5;
#705:
>0:18.5,112.78;18.85,110.55;28.37,112.34;
#706:
>0:31.38,121.49;32.82,122.32;
#707:
>0:42.54,116.3;43.57,117.47;
#708:
>0:35.62,113.29;30.38,113.64;32.15,112.51;27.85,113.03;20.59,115.45;
#709:
>0:42.17,116.64;42.12,117.89;
#710:
>0:41.4,117.24;40.71,117.9;
#711:
>0:28.32,112.67;31.21,113.43;26.68,117.14;30.46,117.78;24.51,121.33;
#712:
>0:40.43,116.93;41.02,117.52;
#713:
>0:40.21,118.26;40.26,116.53;
#714:
>0:21.86,109.93;23.67,109.79;27.6,111.42;31.74,113.67;32.62,112.3;39.45,110.73;
#715:
>0:18.53,115.57;18.66,115.18;22.36,115.92;25.98,117.65;31.92,119.32;39.77,118.66;
#716:
>0:21.85,111.3;25.01,113.49;27.78,116.88;32.58,118.54;32.62,120.43;38.86,118.73;
#717:
>0:28.54,117.1;22.66,115.19;20.88,112.71;
#718:
>0:32.67,118.79;33.62,117.01;31.46,113.92;30.64,113.06;27.35,109.75;
#719:
>0:23.21,119.8;26.68,119.24;31.03,117.97;33.47,117.84;
#720:
>0:41.02,117.06;42.69,117.97;
#721:
>0:27.66,112.72;23.63,115.33;19.94,115.35;23.5,118.77;
#722:
>0:40.49,118.3;41.69,118.26;
#723:
>0:43.14,117.06;41.22,116.81;
#724:
>0:35.25,110.34;33.17,111.41;32.05,115.48;25.73,116.91;30.17,117.72;23.13,121.27;
#725:
>0:40.28,112.02;40.1,110.35;
#726:
>0:33.67,110.25;31.88,109.68;
#727:
>0:35.38,116.24;37.8,118.24;37.88,120.95;
#728:
>0:43.43,116.8;43.31,117.93;
#729:
>0:43.21,116.85;40.54,118.1;
#730:
>0:19.76,117.56;20.18,115.46;23.13,116.73;29.82,115.7;
#731:
>0:23.63,121.63;26.25,117.84;30.96,118.2;36.59,118.86;
#732:
>0:33.82,121.78;32.16,120.02;
#733:
>0:41.86,116.54;40.84,116.9;
#734:
>0:27.28,118.13;32.84,116.91;34.26,114.84;35.41,112.2;35.54,110.02;
#735:
>0:38.3,120.75;34.61,121.51;32.29,121.35;26.98,119.74;21.88,120.1;20.43,121.36;
#736:
>0:40.27,116.86;39.6,118.54;
#737:
>0:19.98,120.64;23.19,120.97;27.03,120.89;34.43,120.69;
#738:
>0:35.06,110.3;33.77,111.75;39.34,114.83;43.11,117.37;
#739:
>0:26.05,116.99;22.87,114.23;
#740:
>0:22.08,113.03;23.9,115.12;27.32,116.22;29.39,118.58;33.26,120.55;
#741:
>0:41.34,116.95;42.73,117.9;
#742:
>0:31.22,121.07;36.02,119.17;
#743:
>0:33.05,120.89;31.84,119.9;
#744:
>0:35.78,114.22;29.49,115.68;
#745:
>0:18.41,115.67;21.28,118.53;
#746:
>0:18.86,115.6;22.71,115.04;26.81,117.48;31.07,119.29;33.01,119.78;38.36,119.5;
#747:
>0:37.4,118.06;40.22,116.83;
#748:
>0:38.79,113.64;36.33,113.85;43.21,117.72;31.62,120.18;
#749:
>0:33.41,121.55;32.84,121.69;
#750:
>0:38.04,117.23;41.56,116.97;
#751:
>0:41.03,117.67;41.7,116.98;
#752:
>0:20.61,121.42;25.15,118.03;27.96,116.45;30.74,115.53;36.04,116.47;
#753:
>0:30.65,114.35;30.86,112.05;41.23,117.28;
#754:
>0:21.12,113.69;23.78,113.71;
#755:
>0:25.64,115.4;31.08,114.78;31.9,113.13;40.06,111.32;
#756:
>0:41.09,117.24;42.26,117.76;
#757:
>0:42.43,117.37;42.97,118.34;
#758:
>0:30.72,114.06;30.51,115.16;
#759:
>0:31.5,114.08;30.11,115.71;30.28,117.97;
#760:
>0:28.83,117.67;25.45,120.02;21.66,120.04;
#761:
>0:33.27,112.96;35.98,115.45;
#762:
>0:32.82,112.73;26.76,110.4;
#763:
>0:21.03,112.83;23.38,114.92;24.88,117.34;
#764:
>0:32.26,119.98;33.86,121.37;
#765:
>0:36.18,112.62;31.87,115.1;26.68,111.85;
#766:
>0:43.53,116.91;41.06,117.25;
#767:
>0:36.1,117.83;30.02,116.56;29.23,114.63;
#768:
>0:38.78,117.65;42.23,117.86;
#769:
>0:41.56,117.09;41.39,117.09;
#770:
>0:34.62,115.18;32.43,116.86;
#771:
>0:40.19,121.65;35.8,121.33;31.47,118.95;34.41,120.98;27.57,120.17;20.19,117.22;
#772:
>0:36.09,115.81;31.14,115.27;
#773:
>0:20.88,118.13;23.11,120.86;28.6,120.67;
#774:
>0:27.68,115.48;31.81,119.21;35.64,116.99;42.56,117.05;
#775:
>0:42.84,116.64;43.21,117.39;
#776:
>0:19.97,116.12;22.07,114.09;28.61,116.58;29.72,118.29;34.48,117.01;38.52,120.04;
#777:
>0:43.48,117.18;43.2,117.89;
#778:
>0:23.43,110.45;22.45,113.3;24.71,113.59;
#779:
>0:42.26,118.34;42.71,116.99;
#780:
>0:24.86,118.25;28.72,116.45;30.32,113.67;
#781:
>0:35.75,117.85;30.5,117.42;30.6,115.1;24.4,114.2;
#782:
>0:32.31,120.23;31.97,121.94;
#783:
>0:32.74,121.54;33.04,121.89;
#784:
>0:40.83,118.24;43.13,117.91;
#785:
>0:41.51,117.57;42.63,117.32;
#786:
>0:34.17,122.43;33.27,121.37;
#787:
>0:33.97,121.01;31.14,122.79;
#788:
>0:41.03,117.89;42.29,117.63;
#789:
>0:34.09,120.38;31.63,120.95;
#790:
>0:40.05,120.35;33.76,120.18;32.55,119.17;26.75,120.15;
#791:
>0:31.89,120.55;31.97,121.8;
#792:
>0:38.43,120.99;35.81,119.85;31.52,118.56;26.84,121.17;
#793:
>0:43.26,116.78;42.75,117.74;
#794:
>0:33.01,114.49;33.18,117.3;32.15,115.72;24.29,111.5;
#795:
>0:21.14,109.22;23.82,109.86;28.74,112.46;30.91,114.17;33.72,110.77;
#796:
>0:40.08,118.23;38.02,116.58;
#797:
>0:34.27,116.76;30.19,114.79;32.07,111.34;27.22,112.55;20.79,110.81;
#798:
>0:19.75,112.37;24.17,113.49;24.23,116.56;
#799:
>0:21.5,113.85;21.88,111.9;29.0,112.44;32.52,115.21;36.47,110.31;
#800:
>0:19.42,111.04;23.21,111.31;22.47,113.44;28.23,111.98;32.76,114.34;40.31,118.31;
#801:
>0:35.83,116.79;29.99,117.12;31.02,114.33;32.27,110.03;
#802:
>0:31.52,117.68;34.2,117.46;29.09,114.23;
#803:
>0:39.74,112.38;36.02,110.96;30.17,113.31;26.15,112.46;24.07,109.42;21.72,110.35;
#804:
>0:40.95,116.71;43.56,117.74;
#805:
>0:22.69,117.85;25.75,117.39;32.47,114.16;35.45,112.4;
#806:
>0:41.14,117.89;41.7,118.1;
#807:
>0:41.9,118.1;39.9,118.07;
#808:
>0:42.48,117.04;42.85,116.79;
#809:
>0:25.62,118.12;30.34,118.56;33.6,116.97;37.07,113.62;40.21,109.62;
#810:
>0:41.89,116.73;43.42,116.95;
#811:
>0:43.11,118.13;42.85,116.29;
#812:
>0:29.72,111.42;32.34,114.31;
#813:
>0:34.4,120.63;34.58,119.74;
#814:
>0:31.27,118.92;34.67,116.49;28.12,114.24;
#815:
>0:32.5,121.0;35.44,119.88;38.78,118.58;37.55,113.77;
#816:
>0:40.25,111.0;36.55,110.45;33.45,112.81;29.64,114.88;29.27,118.62;
#817:
>0:42.95,116.97;41.24,118.36;
#818:
>0:38.75,111.82;35.96,110.3;34.8,112.63;32.03,113.67;25.07,116.34;
#819:
>0:27.67,111.68;23.35,114.2;21.48,115.75;21.16,117.79;18.56,121.09;
#820:
>0:27.79,117.34;32.66,114.7;33.89,112.82;36.47,110.72;
#821:
>0:28.65,116.7;30.23,117.78;34.89,121.39;
#822:
>0:23.62,110.76;27.23,113.25;29.85,114.81;31.56,115.74;
#823:
>0:28.73,111.15;31.67,109.72;35.64,109.71;
#824:
>0:35.83,113.62;41.56,117.04;
#825:
>0:40.72,118.32;43.11,117.97;
#826:
>0:23.24,118.28;23.32,121.13;
#827:
>0:42.01,116.43;40.9,117.86;
#828:
>0:21.94,115.07;25.81,116.14;
#829:
>0:24.55,110.81;21.9,111.67;24.93,114.57;22.72,116.73;
#830:
>0:23.58,113.92;26.03,112.13;32.6,114.4;33.33,110.9;
#831:
>0:26.99,112.98;22.09,113.71;20.81,113.75;24.22,117.94;
#832:
>0:30.67,115.24;35.51,117.37;37.82,118.18;
#833:
>0:28.61,119.27;21.95,116.75;
#834:
>0:41.29,117.51;42.93,116.87;
#835:
>0:41.41,116.92;43.34,116.35;
#836:
>0:33.46,121.56;33.63,122.37;
#837:
>0:40.75,116.81;43.01,117.61;
#838:
>0:41.37,117.39;43.21,117.93;
#839:
>0:26.71,115.98;32.37,118.34;35.99,115.5;42.54,118.26;
#840:
>0:36.38,118.64;32.66,121.17;28.98,121.75;22.33,120.28;21.34,120.23;
#841:
>0:30.55,118.1;31.52,120.26;25.04,120.5;
#842:
>0:40.42,117.03;42.65,117.65;
#843:
>0:42.26,117.4;39.91,117.91;
#844:
>0:32.08,113.78;34.98,115.75;36.75,118.72;
#845:
>0:42.45,116.68;42.64,117.78;
#846:
>0:34.16,121.2;32.34,121.6;28.81,121.71;22.0,120.0;20.87,119.99;
#847:
>0:29.85,110.05;28.44,110.09;25.55,109.57;20.07,110.81;
#848:
>0:40.68,117.98;41.09,116.57;
#849:
>0:40.47,116.32;42.25,118.36;
#850:
>0:30.36,111.77;34.95,112.47;33.79,114.86;34.61,118.69;
#851:
>0:29.19,121.05;31.74,117.96;33.34,116.43;38.9,113.74;35.47,113.0;36.57,109.77;
#852:
>0:41.06,117.56;42.13,117.2;
#853:
>0:41.26,117.01;43.25,118.33;
#854:
>0:25.28,120.9;26.66,119.05;31.87,115.59;35.17,113.4;35.34,112.95;34.91,109.16;
#855:
>0:35.63,113.69;33.35,117.24;31.0,116.94;22.55,111.34;
#856:
>0:34.54,120.26;27.83,119.57;25.47,118.72;20.09,119.1;
#857:
>0:40.02,116.49;42.5,116.75;
#858:
>0:23.29,120.64;28.45,118.95;31.68,118.82;35.64,119.4;
#859:
>0:34.37,110.32;35.7,112.08;30.08,113.53;28.96,116.04;31.42,118.16;22.47,120.02;
#860:
>0:25.49,111.09;22.15,111.91;24.64,114.05;
#861:
>0:42.33,117.3;40.25,117.52;
#862:
>0:41.55,116.65;41.68,116.4;
#863:
>0:41.61,117.84;41.04,117.48;
#864:
>0:18.24,117.16;23.25,113.98;29.07,113.08;30.6,114.87;35.46,110.48;
#865:
>0:20.07,113.5;22.24,116.93;21.95,119.36;23.1,121.12;
#866:
>0:28.49,114.69;26.88,116.57;
#867:
>0:36.83,113.81;33.82,111.57;29.81,114.8;30.29,111.74;28.48,111.52;19.49,112.76;
#868:
>0:31.71,120.97;33.52,118.08;
#869:
>0:19.7,120.14;25.16,119.23;29.13,117.72;32.2,117.72;35.6,117.68;
#870:
>0:33.46,111.35;39.61,113.61;34.14,115.77;
#871:
>0:35.93,116.2;29.76,119.29;
#872:
>0:24.29,119.58;25.13,120.26;
#873:
>0:40.65,117.42;41.28,117.41;
#874:
>0:38.63,121.4;34.65,120.42;
#875:
>0:37.6,114.47;36.38,116.83;30.95,119.53;
#876:
>0:18.45,118.37;20.76,117.25;25.57,114.05;28.67,113.19;29.53,113.52;38.66,118.56;
#877:
>0:34.64,120.27;34.03,120.31;
#878:
>0:34.02,120.74;35.94,120.61;38.57,119.21;34.09,113.91;
#879:
>0:42.86,117.38;40.85,116.54;
#880:
>0:24.0,109.99;23.2,111.86;24.97,114.22;20.91,114.4;21.98,116.67;26.73,121.22;
#881:
>0:33.51,120.85;34.68,120.54;
#882:
>0:19.19,116.34;21.64,115.05;23.17,115.51;31.83,117.35;
#883:
>0:34.83,117.04;40.16,118.34;
#884:
>0:42.8,117.3;40.51,116.62;
#885:
>0:24.7,111.82;19.28,109.35;
#886:
>0:29.05,110.3;22.47,112.55;25.35,115.13;19.93,113.84;23.88,118.82;
#887:
>0:31.19,113.07;30.75,113.43;
#888:
>0:43.21,117.9;42.9,118.04;
#889:
>0:39.94,116.52;40.37,118.14;
#890:
>0:31.88,120.82;33.21,121.53;
#891:
>0:31.37,120.36;31.8,119.74;
#892:
>0:24.62,112.59;21.33,109.21;
#893:
>0:29.34,109.71;28.23,111.58;
#894:
>0:40.7,117.24;42.58,116.54;
#895:
>0:21.0,110.73;20.95,110.63;
#896:
>0:18.59,116.59;20.26,116.64;
#897:
>0:33.76,120.88;33.89,120.05;
#898:
>0:33.99,119.22;30.74,117.72;
#899:
>0:18.94,115.94;20.29,114.57;24.42,117.42;30.59,116.45;
#900:
>0:43.42,116.49;43.47,116.29;
#901:
>0:38.91,113.21;35.17,113.87;
#902:
>0:41.61,117.72;42.13,116.86;
#903:
>0:40.83,118.04;40.82,116.69;
#904:
>0:42.81,117.55;33.51,118.03;32.72,118.88;27.3,118.23;23.42,117.99;20.07,117.91;
#905:
>0:43.49,117.28;40.53,118.25;
#906:
>0:23.88,119.39;25.83,117.81;
#907:
>0:43.03,117.34;40.25,116.79;
#908:
>0:18.78,109.33;24.42,109.46;28.68,112.02;30.96,114.65;32.88,112.26;38.15,110.64;
#909:
>0:25.04,109.87;27.94,111.65;31.48,114.3;34.52,114.82;
#910:
>0:40.88,116.89;37.87,116.71;
#911:
>0:21.37,109.84;23.88,111.24;24.08,112.0;23.76,115.32;32.19,118.46;
#912:
>0:19.23,119.68;20.06,117.45;22.25,114.32;28.15,115.67;32.02,118.76;37.52,118.32;
#913:
>0:31.68,122.66;34.55,120.88;
#914:
>0:18.73,116.49;22.13,113.71;28.4,111.6;
#915:
>0:38.15,120.38;33.84,121.33;38.75,118.92;42.78,117.26;37.5,114.26;38.26,110.93;
#916:
>0:26.36,114.63;32.94,113.38;30.26,111.81;40.1,112.94;
#917:
>0:43.4,117.41;40.08,117.71;
#918:
>0:21.73,117.72;20.07,116.14;25.33,115.26;19.26,111.92;
#919:
>0:33.25,121.45;31.4,121.68;
#920:
>0:41.25,116.98;41.96,116.46;
#921:
>0:43.55,117.34;43.19,117.02;
#922:
>0:40.7,117.02;41.07,117.77;
#923:
>0:35.12,115.48;33.76,116.4;
#924:
>0:31.13,120.0;32.06,121.78;
#925:
>0:33.94,121.05;31.94,121.8;
#926:
>0:23.58,115.03;25.69,116.83;
#927:
>0:39.7,117.28;40.41,117.8;
#928:
>0:41.28,116.33;39.66,118.66;34.33,119.82;
#929:
>0:42.63,116.36;41.7,117.83;
#930:
>0:31.84,120.28;31.26,119.96;
#931:
>0:25.17,109.74;27.76,111.78;32.68,113.77;28.1,116.85;29.4,118.93;29.0,121.33;
#932:
>0:42.05,117.34;40.19,118.62;
#933:
>0:40.03,118.27;38.41,118.72;39.99,120.46;33.31,121.66;
#934:
>0:38.98,112.93;38.92,110.87;
#935:
>0:38.49,110.21;34.06,111.21;31.5,112.92;34.11,114.6;38.7,117.66;
#936:
>0:39.52,111.75;39.01,110.5;
#937:
>0:41.95,116.39;41.01,116.59;
#938:
>0:42.04,117.71;40.56,117.1;
#939:
>0:40.17,116.55;41.08,116.37;
#940:
>0:23.64,114.8;18.61,114.24;25.42,116.55;25.96,121.38;
#941:
>0:39.16,112.14;33.57,110.65;29.45,110.77;
#942:
>0:26.67,115.6;29.31,118.12;35.98,116.45;42.45,116.31;
#943:
>0:33.57,113.24;30.42,113.79;28.41,115.53;23.71,118.87;19.58,119.23;
#944:
>0:38.94,113.37;34.96,110.02;33.13,112.22;29.5,115.4;21.9,116.86;
#945:
>0:34.29,121.49;34.6,120.13;
#946:
>0:18.56,116.57;25.56,114.12;27.75,117.3;30.47,118.3;35.19,117.37;38.88,121.69;
#947:
>0:29.34,119.56;33.84,117.24;30.05,115.21;31.88,112.48;26.63,109.46;
#948:
>0:34.21,114.29;40.75,116.84;33.27,118.42;26.35,119.86;
#949:
>0:35.23,109.74;31.23,112.5;28.37,113.62;24.45,116.23;20.4,116.42;
#950:
>0:18.34,111.53;21.57,113.87;22.21,116.13;22.83,118.43;
#951:
>0:23.46,111.76;22.28,111.24;28.43,111.47;31.66,113.8;37.85,114.82;
#952:
>0:41.25,117.69;42.58,117.67;
#953:
>0:40.06,117.08;40.42,116.7;
#954:
>0:35.4,111.53;31.48,113.96;28.0,117.41;22.35,119.06;19.75,119.37;
#955:
>0:43.5,118.23;41.84,116.91;
#956:
>0:41.53,116.95;40.35,116.28;
#957:
>0:19.69,119.86;22.28,118.15;26.41,116.54;31.89,114.35;31.43,111.83;38.89,112.85;
#958:
>0:35.28,109.67;31.17,109.8;
#959:
>0:43.13,117.34;43.28,118.29;
#960:
>0:36.68,118.71;34.34,119.39;
#961:
>0:43.6,117.27;40.57,117.63;
#962:
>0:42.28,117.97;42.47,117.76;
#963:
>0:20.91,114.8;24.96,115.77;26.06,117.91;31.13,115.98;35.54,114.77;37.0,118.69;
#964:
>0:21.84,117.01;21.32,117.78;
#965:
>0:33.54,118.34;31.55,119.3;
#966:
>0:33.39,111.86;35.27,113.4;
#967:
>0:41.43,118.29;40.32,117.1;
#968:
>0:34.0,120.73;33.58,120.96;28.2,120.27;25.18,120.2;20.65,120.3;
#969:
>0:30.06,113.6;32.29,113.86;
#970:
>0:42.57,116.45;42.44,116.87;
#971:
>0:29.69,111.14;26.53,111.31;22.25,115.19;29.16,117.06;28.58,118.53;
#972:
>0:33.85,120.69;36.48,121.15;31.41,118.34;33.69,115.49;31.33,114.99;32.27,111.18;
#973:
>0:36.7,111.95;34.09,114.1;31.27,116.34;27.52,118.77;23.18,121.35;
#974:
>0:19.04,117.59;19.75,119.63;
#975:
>0:38.68,114.19;36.45,111.71;30.24,112.95;26.8,112.71;22.71,110.84;21.13,111.12;
#976:
>0:31.85,121.32;32.42,121.31;
#977:
>0:21.92,118.57;26.71,119.02;29.87,119.59;34.42,118.17;
#978:
>0:22.74,116.25;21.05,115.07;18.86,111.29;19.57,110.58;
#979:
>0:41.62,117.81;41.81,117.62;
#980:
>0:40.8,118.32;42.05,117.73;
#981:
>0:31.45,115.24;31.48,111.64;26.55,111.98;21.53,110.98;
#982:
>0:24.46,119.78;26.41,118.64;32.83,118.29;33.83,116.29;35.31,112.74;
#983:
>0:33.85,118.63;29.88,117.57;28.36,116.11;
#984:
>0:28.76,112.54;31.43,114.52;28.6,116.51;28.72,118.84;
#985:
>0:32.25,122.44;33.13,121.57;
#986:
>0:27.8,111.12;30.26,110.71;33.77,109.44;
#987:
>0:26.43,113.79;31.41,115.42;34.37,115.19;
#988:
>0:25.4,109.48;26.34,112.5;29.96,114.9;30.0,117.54;
#989:
>0:42.8,118.15;40.4,116.86;
#990:
>0:19.22,112.91;18.27,114.62;24.14,115.9;25.72,119.29;31.15,119.42;38.25,118.22;
#991:
>0:37.88,115.28;38.03,114.66;
#992:
>0:31.67,122.1;31.49,120.2;
#993:
>0:20.34,111.02;19.1,113.0;18.24,114.81;20.09,116.0;20.08,119.18;
#994:
>0:40.16,118.05;40.24,116.88;
#995:
>0:22.43,116.82;27.76,117.74;32.35,117.79;34.39,116.41;42.31,117.0;
#996:
>0:31.12,120.97;33.94,121.28;
#997:
>0:25.73,119.24;26.91,116.54;28.29,114.17;
#998:
>0:20.17,116.08;24.53,113.95;22.62,111.95;
#999:
>0:34.62,120.69;33.97,120.27;25.89,120.16;23.42,121.32;20.88,121.14;
#1000:
>0:33.82,109.44;30.72,111.45;28.18,114.14;22.19,117.09;20.67,116.48;
#1001:
>0:19.21,111.23;18.94,110.72;
#1002:
>0:33.95,117.66;32.86,116.17;31.57,113.7;26.31,115.7;19.97,112.03;
#1003:
>0:21.71,114.45;23.51,117.16;27.13,118.98;30.77,117.41;34.5,116.64;
#1004:
>0:32.35,113.29;34.6,111.34;32.4,115.07;27.84,116.25;28.09,120.53;
#1005:
>0:29.78,115.23;30.05,114.66;
#1006:
>0:34.31,119.89;31.49,120.0;
#1007:
>0:19.88,121.71;25.32,118.88;25.78,115.56;31.48,116.02;35.14,116.97;
#1008:
>0:21.8,118.23;24.82,120.66;27.77,121.65;31.35,120.86;35.0,120.02;
#1009:
>0:37.36,110.58;34.67,111.85;31.13,115.02;26.46,116.11;24.62,118.35;
#1010:
>0:27.65,113.37;23.95,113.64;20.08,117.17;18.29,118.65;18.48,119.85;
#1011:
>0:40.49,118.09;40.57,117.98;
#1012:
>0:18.91,116.62;22.69,114.9;28.7,113.06;
#1013:
>0:35.09,115.94;30.2,114.88;30.09,111.45;23.43,110.92;
#1014:
>0:41.43,118.2;42.59,117.84;
#1015:
>0:28.9,110.88;23.68,112.54;
#1016:
>0:38.82,119.93;34.33,119.93;32.14,117.93;32.04,122.55;29.2,121.13;21.25,116.77;
#1017:
>0:41.51,116.62;41.76,117.83;
#1018:
>0:34.56,120.06;36.33,121.55;38.36,117.87;37.03,115.01;
#1019:
>0:35.2,116.83;37.05,115.14;33.19,112.85;28.7,109.68;
#1020:
>0:36.28,118.99;32.33,116.35;30.73,115.29;22.55,115.14;
#1021:
>0:31.21,114.49;27.95,116.37;30.41,118.08;28.8,120.99;
#1022:
>0:42.46,117.27;40.99,117.52;
#1023:
>0:30.6,116.16;27.74,115.3;23.85,111.41;19.78,114.24;
#1024:
>0:33.18,119.68;29.5,117.72;
#1025:
>0:32.66,119.72;31.5,121.82;
#1026:
>0:28.07,112.22;24.44,115.12;18.26,114.0;23.65,119.29;
#1027:
>0:19.87,112.07;20.18,110.41;28.16,113.36;
#1028:
>0:20.86,120.46;22.71,119.92;26.93,121.32;34.65,120.87;
#1029:
>0:18.79,111.02;22.3,111.17;28.85,112.26;30.39,114.93;35.24,116.17;34.5,121.44;
#1030:
>0:39.12,117.65;40.04,117.73;
#1031:
>0:18.79,110.31;24.55,112.13;24.7,115.17;18.3,114.24;25.62,119.32;
#1032:
>0:32.76,121.77;27.46,120.37;24.61,118.69;20.15,117.07;23.53,114.31;21.62,110.23;
#1033:
>0:37.7,119.98;35.38,119.74;
#1034:
>0:33.59,121.16;35.88,118.54;
#1035:
>0:43.47,117.57;40.29,118.38;
#1036:
>0:42.54,116.39;42.54,117.99;
#1037:
>0:42.87,116.53;42.05,117.08;
#1038:
>0:32.79,115.42;30.92,114.12;
#1039:
>0:42.83,117.25;38.31,118.26;
#1040:
>0:41.25,117.44;41.45,116.93;
#1041:
>0:25.33,118.87;28.88,116.66;26.07,113.97;
#1042:
>0:39.94,117.5;40.44,117.51;
#1043:
>0:21.2,118.85;24.78,120.54;28.53,121.66;34.51,119.8;
#1044:
>0:41.97,116.35;42.71,117.78;
#1045:
>0:41.07,117.95;40.77,117.13;
#1046:
>0:36.87,117.07;42.12,117.42;
#1047:
>0:22.55,110.87;26.49,111.89;29.51,115.27;36.24,110.95;
#1048:
>0:19.43,109.17;21.0,110.85;
#1049:
>0:22.66,110.36;24.74,112.22;24.87,115.2;24.59,117.14;
#1050:
>0:34.71,111.11;40.3,110.28;33.49,112.37;40.14,117.82;
#1051:
>0:20.95,116.83;21.21,114.68;25.19,117.19;26.88,117.63;32.19,119.09;39.1,118.06;
#1052:
>0:38.31,111.05;34.82,109.64;35.54,113.3;29.45,115.07;23.49,117.41;
#1053:
>0:42.37,116.64;41.59,116.79;
#1054:
>0:42.75,116.7;41.49,118.33;
#1055:
>0:24.46,118.58;23.65,121.05;
#1056:
>0:38.06,114.41;36.94,111.68;
#1057:
>0:39.99,117.48;41.56,118.0;
#1058:
>0:42.9,118.1;39.99,117.46;
#1059:
>0:21.18,121.24;24.7,119.01;29.13,118.06;32.73,119.06;34.58,119.24;
#1060:
>0:23.1,121.51;26.99,120.7;
#1061:
>0:35.05,118.61;43.01,118.22;34.38,114.8;39.56,114.37;37.52,110.19;
#1062:
>0:38.34,120.36;36.35,119.09;30.97,115.64;
#1063:
>0:29.14,118.56;23.25,119.69;20.57,115.43;
#1064:
>0:34.99,111.45;31.02,115.22;27.58,117.16;21.97,117.67;18.18,117.75;
#1065:
>0:38.24,119.28;35.44,117.84;
#1066:
>0:18.5,111.46;22.26,115.37;22.44,115.98;
#1067:
>0:22.36,116.42;23.14,117.88;23.13,120.14;
#1068:
>0:33.14,113.17;29.38,114.15;29.13,111.73;22.77,114.52;19.66,114.62;
#1069:
>0:38.14,115.19;35.72,111.53;32.84,111.97;
#1070:
>0:31.48,119.9;35.85,117.67;
#1071:
>0:41.8,118.3;41.55,117.79;
#1072:
>0:34.72,110.56;29.7,110.72;
#1073:
>0:42.97,118.3;40.71,116.35;
#1074:
>0:33.27,120.51;31.14,121.06;
#1075:
>0:26.75,109.58;22.82,111.08;21.5,109.58;
#1076:
>0:32.56,121.4;33.76,120.47;
#1077:
>0:40.47,117.88;40.64,116.79;
#1078:
>0:25.95,116.68;30.58,118.72;33.19,116.2;42.46,117.48;
#1079:
>0:43.58,116.77;42.12,117.06;
#1080:
>0:40.2,116.91;40.78,116.3;
#1081:
>0:34.46,121.42;34.09,121.26;
#1082:
>0:29.7,118.86;29.57,116.34;
#1083:
>0:20.85,112.2;23.91,113.47;27.58,111.76;31.98,113.64;30.5,111.35;43.52,117.69;
#1084:
>0:43.19,116.62;42.3,116.62;
#1085:
>0:43.0,116.63;42.54,117.57;
#1086:
>0:42.5,116.68;41.67,116.66;
#1087:
>0:31.51,111.5;35.57,111.82;33.81,113.68;33.77,119.16;
#1088:
>0:25.0,120.59;26.84,120.53;
#1089:
>0:31.22,120.52;34.54,120.5;
#1090:
>0:42.99,117.05;40.46,117.75;
#1091:
>0:21.76,112.31;19.1,114.26;24.18,117.01;27.25,118.81;32.05,119.58;39.46,119.42;
#1092:
>0:39.95,113.75;35.32,112.5;31.68,113.78;30.81,112.73;29.12,112.97;18.92,112.22;
#1093:
>0:22.88,114.36;27.59,112.15;29.91,112.67;
#1094:
>0:30.12,114.16;32.43,112.82;42.54,117.03;
#1095:
>0:40.27,116.8;43.57,117.68;
#1096:
>0:43.25,116.64;41.12,117.65;
#1097:
>0:31.29,117.89;35.85,117.0;41.1,116.9;
#1098:
>0:21.34,119.09;24.63,116.11;23.9,113.38;22.49,113.31;
#1099:
>0:18.72,116.3;24.99,114.29;27.48,115.89;29.36,117.85;32.51,120.93;37.45,119.36;
#1100:
>0:24.05,110.77;28.57,112.71;30.33,113.45;35.7,117.47;34.93,117.93;
#1101:
>0:32.21,121.05;34.96,118.11;
#1102:
>0:22.39,110.39;24.97,112.66;24.25,113.43;21.61,113.4;22.46,119.04;
#1103:
>0:21.82,118.82;24.37,119.73;27.44,120.0;
#1104:
>0:42.49,117.75;42.1,117.46;
#1105:
>0:32.74,115.98;26.51,118.47;21.97,120.04;21.82,121.8;
#1106:
>0:19.99,112.69;22.24,115.48;21.6,114.4;28.19,117.82;
#1107:
>0:37.26,120.88;34.92,117.91;30.3,118.89;
#1108:
>0:41.06,117.89;42.08,118.07;
#1109:
>0:19.5,113.08;23.84,114.12;25.8,116.73;30.58,118.9;33.64,121.05;36.67,118.48;
#1110:
>0:36.72,118.0;36.42,116.09;30.05,115.05;26.46,112.44;24.39,112.08;
#1111:
>0:26.08,118.71;32.74,118.2;
#1112:
>0:39.96,116.93;40.93,117.3;
#1113:
>0:42.09,118.05;39.27,118.46;
#1114:
>0:33.05,120.06;33.08,119.99;
#1115:
>0:38.2,113.28;38.22,111.24;
#1116:
>0:40.25,116.3;42.78,117.38;
#1117:
>0:31.54,114.47;32.72,112.55;41.16,116.61;
#1118:
>0:42.87,116.87;41.86,117.81;
#1119:
>0:41.24,116.52;41.25,118.19;
#1120:
>0:22.62,119.97;29.21,120.77;
#1121:
>0:32.13,119.31;36.51,115.67;32.04,114.97;29.92,112.35;39.08,110.35;
#1122:
>0:25.54,121.59;28.22,120.24;34.21,121.64;34.77,120.69;
#1123:
>0:26.68,115.17;30.62,112.89;
#1124:
>0:32.97,120.95;31.14,121.51;
#1125:
>0:42.52,116.44;41.51,116.66;
#1126:
>0:21.18,110.82;22.17,110.58;27.95,112.1;29.32,114.35;30.41,111.98;38.04,109.41;
#1127:
>0:26.79,114.19;32.71,114.3;29.43,112.92;38.03,110.15;
#1128:
>0:22.21,111.49;26.44,111.44;30.39,113.67;32.17,118.14;
#1129:
>0:36.64,111.94;29.46,115.24;28.76,113.17;
#1130:
>0:29.53,111.9;28.82,115.48;24.29,115.71;19.62,117.78;
#1131:
>0:33.36,120.12;36.13,119.47;
#1132:
>0:37.76,119.86;34.59,120.03;38.45,119.14;35.73,117.22;31.32,112.41;
#1133:
>0:20.68,111.58;23.83,109.57;
#1134:
>0:20.56,113.75;19.64,112.84;22.51,114.56;30.16,118.65;
#1135:
>0:41.06,116.64;40.71,117.28;
#1136:
>0:23.38,116.87;29.04,114.49;24.81,111.64;26.59,111.22;
#1137:
>0:39.91,120.7;35.26,120.25;40.71,117.7;
#1138:
>0:40.22,114.68;34.49,111.67;32.57,112.71;29.02,112.14;22.68,111.22;18.57,110.17;
#1139:
>0:38.78,117.94;41.35,116.93;
#1140:
>0:30.42,112.3;35.34,112.19;36.4,113.71;33.67,117.13;39.96,120.86;
#1141:
>0:28.82,113.99;23.31,112.66;19.23,114.18;
#1142:
>0:19.7,120.0;24.03,119.64;26.12,118.9;30.31,117.88;34.81,117.87;
#1143:
>0:18.31,111.99;24.21,114.0;28.59,116.85;30.88,119.64;32.53,120.24;37.33,117.93;
#1144:
>0:27.17,119.67;32.36,119.18;36.58,115.49;31.14,113.75;29.76,110.43;
#1145:
>0:37.02,120.24;36.37,121.01;30.59,119.24;33.51,120.1;27.13,120.27;21.7,115.78;
#1146:
>0:37.31,115.04;36.5,113.27;31.48,113.97;30.53,112.83;28.11,111.7;19.35,112.89;
#1147:
>0:22.58,109.46;27.72,111.82;32.96,113.99;29.56,116.08;
#1148:
>0:28.84,113.86;29.76,116.07;34.49,119.1;
#1149:
>0:33.08,121.77;34.52,120.99;
#1150:
>0:23.35,121.7;28.18,118.4;32.16,117.08;36.32,114.02;34.18,112.66;33.73,110.68;
#1151:
>0:42.77,117.45;41.89,117.78;
#1152:
>0:30.58,113.5;35.0,117.36;40.25,118.56;39.12,121.57;
#1153:
>0:30.56,115.54;26.59,114.5;22.51,111.49;
#1154:
>0:26.96,111.37;24.47,115.43;20.33,114.44;24.73,119.69;
#1155:
>0:40.87,118.33;40.22,118.21;
#1156:
>0:33.11,117.63;31.77,116.49;25.61,116.29;
#1157:
>0:23.78,110.16;21.26,112.14;
#1158:
>0:23.84,113.21;22.69,115.25;26.26,115.62;32.94,118.19;35.54,121.32;
#1159:
>0:31.73,120.06;34.25,120.75;
#1160:
>0:33.94,117.55;29.61,113.44;28.1,111.79;
#1161:
>0:18.43,112.42;20.78,113.47;21.93,115.91;27.9,117.75;31.16,117.03;41.49,118.05;
#1162:
>0:26.74,114.88;30.93,113.95;33.81,113.99;
#1163:
>0:41.13,118.03;40.53,116.49;
#1164:
>0:20.1,111.69;19.79,115.42;20.66,115.83;19.82,118.55;
#1165:
>0:24.04,112.41;22.24,112.55;
#1166:
>0:32.8,114.33;31.16,115.81;31.97,118.36;
#1167:
>0:19.87,118.53;23.93,119.87;25.86,120.08;33.02,119.83;36.28,117.84;38.57,119.77;
#1168:
>0:24.35,110.06;27.61,112.95;24.92,115.48;23.79,115.6;
#1169:
>0:33.22,121.58;34.73,121.64;38.12,119.66;33.96,115.26;
#1170:
>0:27.96,112.93;23.8,115.44;19.04,116.92;20.63,119.56;20.51,120.69;
#1171:
>0:40.41,117.59;41.09,117.52;
#1172:
>0:19.5,119.27;23.16,121.13;28.36,119.91;33.49,121.78;35.02,119.48;38.74,120.69;
#1173:
>0:41.65,117.7;42.03,117.79;
#1174:
>0:31.31,115.05;31.5,112.57;41.92,116.94;
#1175:
>0:29.14,118.67;21.87,118.3;
#1176:
>0:20.02,110.53;21.99,113.02;25.14,114.56;23.04,116.85;
#1177:
>0:29.36,110.68;35.88,111.94;33.25,114.62;
#1178:
>0:41.96,117.97;42.64,117.02;
#1179:
>0:33.87,114.47;35.63,116.67;39.54,119.35;34.85,120.27;
#1180:
>0:35.44,115.29;34.13,116.45;32.26,116.08;27.5,114.16;19.5,110.72;
#1181:
>0:36.34,120.97;33.13,120.18;28.12,120.19;23.11,121.44;21.62,120.74;
#1182:
>0:41.63,116.05;43.44,117.48;
#1183:
>0:39.79,120.78;33.65,121.51;31.94,119.15;31.86,120.24;26.33,121.23;19.36,116.34;
#1184:
>0:40.21,117.66;42.75,117.79;
#1185:
>0:29.37,114.89;32.43,111.77;41.97,117.87;
#1186:
>0:37.55,118.47;40.07,116.04;40.3,115.0;
#1187:
>0:38.48,112.08;33.04,109.4;
#1188:
>0:40.82,117.18;40.08,117.62;
#1189:
>0:33.08,122.21;33.5,120.63;
#1190:
>0:25.64,116.43;22.02,117.27;20.86,111.43;
#1191:
>0:37.45,115.45;37.08,114.86;
#1192:
>0:41.78,117.64;40.87,117.58;
#1193:
>0:34.32,121.32;28.59,121.34;24.03,119.67;20.66,116.49;21.95,114.2;24.47,110.37;
#1194:
>0:18.4,119.48;21.91,116.89;25.64,118.04;31.88,119.61;33.59,116.73;41.93,116.33;
#1195:
>0:33.92,122.23;32.92,121.63;
#1196:
>0:42.55,117.74;42.39,117.4;
#1197:
>0:19.88,111.55;20.19,110.81;28.32,111.54;
#1198:
>0:32.5,120.16;33.07,120.38;
#1199:
>0:41.79,118.19;41.77,116.85;
#1200:
>0:35.63,111.4;29.93,115.06;27.91,112.51;
#1201:
>0:21.2,120.34;22.32,119.02;27.55,116.13;29.56,114.77;32.81,113.35;38.3,111.4;
#1202:
>0:28.45,113.48;28.11,116.59;
#1203:
>0:42.89,117.37;41.38,117.4;
#1204:
>0:40.26,117.07;41.82,118.11;
#1205:
>0:18.84,120.81;24.02,119.63;26.23,116.44;29.89,115.45;31.69,111.78;38.61,112.89;
#1206:
>0:34.43,117.32;29.4,115.5;29.32,113.43;31.85,109.36;
#1207:
>0:40.12,118.31;42.42,117.33;
#1208:
>0:42.92,117.28;41.81,117.64;
#1209:
>0:19.36,111.83;19.06,115.38;22.63,115.72;27.99,119.29;32.32,119.49;36.84,118.73;
#1210:
>0:40.94,117.78;42.71,116.3;
#1211:
>0:37.11,112.44;35.46,113.75;41.83,117.17;33.75,119.59;31.83,119.85;
#1212:
>0:40.78,116.92;41.17,117.92;
#1213:
>0:31.86,112.62;33.02,115.28;35.51,116.78;38.49,117.79;34.74,120.69;
#1214:
>0:33.25,119.68;31.71,118.55;
#1215:
>0:41.84,116.72;42.14,116.61;
#1216:
>0:29.71,119.69;35.39,115.78;31.33,114.2;31.62,111.38;25.73,109.21;
#1217:
>0:21.28,109.56;22.41,111.28;23.9,115.22;24.04,115.54;
#1218:
>0:33.49,121.75;33.62,120.05;
#1219:
>0:24.58,114.61;20.75,114.94;24.09,115.68;28.33,120.0;
#1220:
>0:36.03,115.4;31.55,114.35;
#1221:
>0:30.87,119.36;33.28,117.0;31.6,117.02;29.59,113.52;25.74,109.35;
#1222:
>0:31.34,115.27;28.26,113.17;31.56,109.46;
#1223:
>0:41.75,117.95;40.11,117.53;
#1224:
>0:42.24,117.3;39.34,117.2;
#1225:
>0:43.02,117.89;42.36,117.28;
#1226:
>0:33.85,118.36;31.2,119.49;
#1227:
>0:38.39,121.48;36.19,121.16;30.46,118.73;32.09,121.35;28.84,121.08;19.11,115.82;
#1228:
>0:34.85,110.98;32.21,111.99;35.1,111.27;40.1,116.93;
#1229:
>0:34.7,118.83;32.88,117.62;
#1230:
>0:43.43,117.23;40.13,118.42;
#1231:
>0:32.88,119.12;35.43,115.68;40.98,116.44;
#1232:
>0:25.81,118.94;31.99,118.96;33.2,121.2;
#1233:
>0:25.93,112.51;32.66,114.74;35.22,112.24;
#1234:
>0:42.82,118.14;43.16,118.31;
#1235:
>0:24.44,121.6;28.67,119.11;29.67,117.69;34.08,116.34;36.06,111.56;
#1236:
>0:29.09,113.41;32.62,114.58;32.53,112.59;40.14,111.85;
#1237:
>0:31.21,120.92;33.09,122.17;
#1238:
>0:35.83,111.8;39.12,114.64;42.94,117.05;
#1239:
>0:23.98,118.46;28.06,116.01;32.32,115.2;35.09,111.73;
#1240:
>0:18.61,119.84;24.55,121.17;26.07,120.99;33.72,119.9;
#1241:
>0:42.81,116.61;43.12,117.86;
#1242:
>0:28.56,109.66;23.02,112.82;25.52,114.85;
#1243:
>0:23.28,120.71;25.95,120.89;32.4,121.17;33.87,120.05;
#1244:
>0:31.2,119.94;31.8,122.08;
#1245:
>0:40.28,118.22;41.56,116.75;
#1246:
>0:26.62,121.68;32.92,118.9;35.65,115.89;38.78,113.91;33.92,111.73;33.16,110.41;
#1247:
>0:37.4,119.7;42.55,116.96;37.86,113.9;
#1248:
>0:31.38,113.5;30.06,111.99;23.14,115.12;
#1249:
>0:18.41,118.15;22.18,121.59;28.25,121.71;33.82,121.52;
#1250:
>0:32.58,113.92;31.25,112.6;27.67,110.46;
#1251:
>0:18.96,119.9;24.58,120.03;27.66,119.82;33.26,120.4;
#1252:
>0:21.9,114.95;25.62,112.74;32.28,112.4;
#1253:
>0:40.68,117.21;42.15,116.42;
#1254:
>0:42.21,116.96;41.38,116.87;
#1255:
>0:19.07,111.83;20.5,113.63;22.14,117.15;25.77,117.87;32.92,120.9;
#1256:
>0:19.51,118.09;18.67,117.22;22.14,115.19;28.31,116.5;29.51,119.48;38.53,119.28;
#1257:
>0:33.58,121.5;32.4,119.95;
#1258:
>0:18.78,111.14;23.39,109.55;29.07,112.09;32.83,114.25;32.67,111.46;37.14,110.74;
#1259:
>0:20.86,109.34;22.94,109.28;26.43,113.06;30.47,114.28;29.48,112.93;37.38,109.17;
#1260:
>0:35.24,117.95;31.65,115.56;27.76,113.52;25.36,113.14;
#1261:
>0:26.74,115.32;31.56,115.83;35.46,117.29;
#1262:
>0:32.63,121.2;36.61,121.31;40.48,117.03;
#1263:
>0:23.87,112.31;23.82,112.59;
#1264:
>0:42.4,116.45;42.03,116.5;
#1265:
>0:43.41,116.93;43.02,116.51;
#1266:
>0:41.52,116.83;43.27,118.38;
#1267:
>0:31.64,120.56;33.91,118.36;
#1268:
>0:36.58,119.27;31.3,117.46;26.96,115.41;
#1269:
>0:40.69,116.98;41.25,117.69;
#1270:
>0:20.27,110.63;21.92,111.1;26.39,112.1;31.17,114.71;36.35,111.26;
#1271:
>0:42.28,116.78;41.13,117.4;
#1272:
>0:28.26,113.53;26.98,116.73;26.95,118.44;
#1273:
>0:27.84,109.72;32.24,110.04;34.11,111.15;
#1274:
>0:41.22,117.28;39.54,119.08;35.4,119.89;
#1275:
>0:35.97,117.45;30.43,116.51;28.18,114.81;23.55,114.93;
#1276:
>0:24.44,115.46;22.86,112.12;26.58,110.37;
#1277:
>0:33.72,120.88;32.45,121.31;
#1278:
>0:33.13,121.15;36.04,119.94;37.94,118.63;35.72,117.39;29.82,114.94;30.47,110.45;
#1279:
>0:41.84,116.74;40.98,117.96;
#1280:
>0:40.91,118.0;42.76,116.95;
#1281:
>0:40.69,117.07;41.25,116.87;
#1282:
>0:38.19,110.87;36.44,110.99;35.85,111.43;35.06,113.54;35.81,117.0;39.07,120.44;
#1283:
>0:23.95,121.49;28.57,118.34;29.38,117.15;34.91,113.52;39.65,113.28;
#1284:
>0:33.85,120.19;32.94,120.47;
#1285:
>0:42.32,118.3;42.53,117.26;
#1286:
>0:38.25,111.6;33.53,114.24;29.77,115.68;27.85,119.01;22.61,120.58;
#1287:
>0:21.61,121.49;24.64,119.57;26.31,116.27;31.11,116.98;33.36,116.0;
#1288:
>0:33.2,111.57;38.91,115.33;34.86,114.6;35.02,116.4;38.34,120.5;
#1289:
>0:36.74,119.29;37.17,119.71;
#1290:
>0:21.23,120.81;21.41,118.52;21.32,115.97;23.25,113.69;18.3,112.74;
#1291:
>0:23.3,115.03;24.28,111.68;26.84,109.3;
#1292:
>0:31.21,120.56;32.28,119.85;
#1293:
>0:29.45,109.94;25.89,112.86;31.84,113.89;26.07,115.79;26.68,117.83;
#1294:
>0:22.79,121.06;28.14,117.9;32.69,118.68;33.24,117.75;
#1295:
>0:26.81,112.73;22.66,113.62;18.95,113.57;22.95,118.99;
#1296:
>0:43.45,116.89;42.13,117.64;
#1297:
>0:26.57,117.72;23.52,119.3;
#1298:
>0:42.31,117.04;41.65,117.74;
#1299:
>0:33.69,116.16;30.47,116.77;29.78,113.86;28.5,117.31;19.66,112.13;
#1300:
>0:32.97,121.79;32.13,120.67;
#1301:
>0:21.07,110.98;24.05,112.11;24.46,114.79;26.27,117.11;27.34,119.41;
#1302:
>0:20.45,111.07;19.63,110.84;
#1303:
>0:21.47,115.89;19.14,113.62;24.84,115.96;26.24,118.93;30.21,119.38;36.75,119.63;
#1304:
>0:35.56,118.37;34.23,121.56;27.3,120.67;23.55,121.44;20.25,121.79;
#1305:
>0:41.63,117.2;43.15,118.18;
#1306:
>0:38.42,119.25;36.45,116.19;
#1307:
>0:31.15,120.88;31.44,120.69;
#1308:
>0:33.85,120.84;36.35,119.59;
#1309:
>0:36.4,113.53;35.02,114.57;
#1310:
>0:40.1,118.22;42.49,116.92;
#1311:
>0:27.21,118.04;24.16,117.29;
#1312:
>0:32.99,119.02;31.27,119.2;
#1313:
>0:22.64,112.46;18.46,113.63;20.14,117.42;21.81,117.65;
#1314:
>0:34.14,120.12;33.06,120.83;
#1315:
>0:41.16,117.62;43.47,116.74;
#1316:
>0:34.21,116.3;32.29,115.81;28.02,112.22;
#1317:
>0:41.65,117.17;42.11,117.88;
#1318:
>0:32.11,120.48;34.43,121.02;
#1319:
>0:42.88,117.07;42.84,118.01;
#1320:
>0:33.46,109.15;38.28,110.17;33.08,112.74;40.18,116.87;
#1321:
>0:18.86,109.56;22.65,110.38;26.19,111.83;29.66,114.15;32.37,111.68;41.23,117.58;
#1322:
>0:20.4,109.5;24.61,112.52;24.48,109.61;27.13,112.67;31.58,113.63;39.13,118.79;
#1323:
>0:28.47,113.25;30.59,114.07;26.48,116.2;27.19,119.69;
#1324:
>0:42.9,116.7;43.11,117.58;
#1325:
>0:40.44,117.16;43.57,117.72;
#1326:
>0:32.33,119.84;31.42,121.46;
#1327:
>0:24.86,121.09;27.19,119.02;32.47,118.32;33.2,117.83;
#1328:
>0:43.06,117.28;42.62,117.81;
#1329:
>0:27.66,110.54;30.21,111.29;
#1330:
>0:39.95,118.65;42.77,117.95;
#1331:
>0:21.3,113.0;24.17,115.15;27.38,116.29;26.62,119.03;
#1332:
>0:24.73,115.97;25.94,119.61;32.6,115.98;34.16,117.2;
#1333:
>0:43.07,118.35;42.19,116.9;
#1334:
>0:29.45,116.91;28.38,114.88;23.29,112.3;
#1335:
>0:37.28,112.78;37.64,114.44;35.18,113.63;36.6,116.8;39.43,120.17;
#1336:
>0:31.26,121.35;34.16,120.16;
#1337:
>0:33.46,116.47;39.05,114.71;33.07,112.28;34.9,109.99;
#1338:
>0:29.99,113.06;28.33,115.14;23.72,116.6;21.68,118.76;
#1339:
>0:38.4,112.78;34.08,115.46;29.54,117.03;28.68,118.78;24.97,120.84;
#1340:
>0:40.02,117.51;40.16,117.0;
#1341:
>0:21.24,113.25;21.72,110.53;28.65,113.2;
#1342:
>0:39.07,118.44;42.42,116.7;
#1343:
>0:43.07,118.24;40.6,117.9;
#1344:
>0:42.52,116.62;43.44,118.21;
#1345:
>0:43.2,117.62;42.44,117.84;
#1346:
>0:42.31,116.99;41.37,117.71;
#1347:
>0:42.45,116.99;41.97,116.8;
#1348:
>0:28.17,112.29;24.19,114.21;20.73,114.23;22.16,119.37;
#1349:
>0:34.67,113.53;33.33,116.62;35.89,119.04;
#1350:
>0:42.55,117.8;41.45,116.88;
#1351:
>0:31.34,109.3;28.25,109.46;25.0,110.65;18.29,110.18;
#1352:
>0:42.95,116.63;41.4,117.16;
#1353:
>0:19.33,117.27;19.11,115.29;
#1354:
>0:19.77,113.2;21.19,109.98;26.73,111.93;
#1355:
>0:40.78,118.31;41.19,116.43;
#1356:
>0:40.35,117.63;40.62,118.11;
#1357:
>0:42.79,116.94;40.23,117.43;
#1358:
>0:38.15,110.66;36.0,110.69;29.31,111.7;29.08,111.18;
#1359:
>0:41.26,118.37;41.81,116.73;
#1360:
>0:20.96,117.71;19.55,116.63;23.56,114.02;27.46,115.64;31.84,119.35;39.6,117.62;
#1361:
>0:33.57,116.18;42.17,118.1;
#1362:
>0:25.23,113.69;25.64,111.7;30.32,111.78;
#1363:
>0:27.79,112.75;32.41,115.04;
#1364:
>0:27.36,116.43;25.33,114.12;
#1365:
>0:35.74,114.79;32.98,117.41;31.61,117.12;24.39,112.22;
#1366:
>0:27.63,120.96;25.12,118.88;
#1367:
>0:42.19,117.12;42.78,117.27;
#1368:
>0:41.79,117.64;41.21,118.0;
#1369:
>0:39.15,121.34;33.4,119.17;32.87,117.13;31.81,115.12;21.89,116.71;
#1370:
>0:26.87,114.03;30.95,113.9;34.98,110.95;
#1371:
>0:20.97,109.33;23.34,112.39;25.16,115.19;21.14,114.87;24.07,118.14;
#1372:
>0:41.54,117.2;42.22,118.36;
#1373:
>0:42.48,117.35;41.33,116.93;
#1374:
>0:37.39,112.63;38.36,110.07;
#1375:
>0:43.49,116.31;43.56,117.48;
#1376:
>0:23.14,109.78;27.52,112.87;30.63,114.56;31.17,116.34;
#1377:
>0:39.49,109.82;33.61,111.95;31.85,114.76;26.39,113.09;
#1378:
>0:38.69,114.08;36.19,112.29;32.82,113.17;25.95,111.37;23.28,114.69;21.04,111.51;
#1379:
>0:42.6,116.79;41.88,118.35;
#1380:
>0:20.15,121.77;23.99,119.65;28.06,117.17;32.43,116.31;33.78,115.83;
#1381:
>0:26.17,121.75;30.62,119.2;30.77,117.52;
#1382:
>0:41.36,118.24;42.09,117.88;
#1383:
>0:30.03,113.73;30.77,112.11;24.4,114.31;
#1384:
>0:19.67,119.96;22.39,117.81;29.1,115.86;31.3,116.57;35.31,117.21;
#1385:
>0:31.24,112.65;33.14,112.65;31.06,113.45;31.62,117.64;
#1386:
>0:39.98,116.44;42.79,117.89;
#1387:
>0:33.02,120.37;33.89,121.52;
#1388:
>0:41.63,116.89;43.37,117.48;
#1389:
>0:43.28,116.79;40.31,117.1;
#1390:
>0:32.23,121.75;34.17,120.46;
#1391:
>0:36.83,121.34;33.92,121.23;35.44,117.55;
#1392:
>0:22.33,121.43;25.82,118.92;29.63,118.86;33.41,117.03;30.68,111.78;
#1393:
>0:38.08,119.58;41.38,116.56;
#1394:
>0:29.58,115.43;31.63,113.14;24.91,114.89;
#1395:
>0:42.14,117.95;41.45,117.05;
#1396:
>0:42.87,118.07;41.41,117.83;
#1397:
>0:41.2,116.66;42.4,117.33;
#1398:
>0:21.54,117.58;22.19,113.81;27.47,111.36;
#1399:
>0:27.74,120.08;29.52,119.48;36.08,118.29;
#1400:
>0:43.34,117.34;43.22,117.32;
#1401:
>0:33.09,116.0;31.09,114.07;26.18,113.33;
#1402:
>0:37.71,109.31;34.03,111.39;
#1403:
>0:24.24,120.27;26.44,118.33;30.83,116.61;35.88,113.96;36.57,111.5;33.34,110.46;
#1404:
>0:42.42,117.14;42.13,116.99;
#1405:
>0:20.88,120.18;19.49,119.49;21.24,116.17;25.49,114.12;21.82,112.68;
#1406:
>0:40.79,118.33;42.59,118.13;
#1407:
>0:39.07,119.12;41.14,117.27;
#1408:
>0:40.48,117.63;41.42,118.26;
#1409:
>0:26.28,114.35;30.81,113.93;34.1,115.39;
#1410:
>0:41.71,117.7;40.04,114.46;35.91,113.66;40.34,109.9;
#1411:
>0:31.67,113.62;31.78,117.37;32.15,117.94;
#1412:
>0:19.91,113.95;18.36,116.88;18.44,119.39;
#1413:
>0:18.22,115.95;22.49,118.26;26.33,120.16;
#1414:
>0:34.96,120.16;33.04,121.27;27.11,120.11;22.28,120.97;20.92,120.88;
#1415:
>0:40.64,117.44;41.69,118.11;
#1416:
>0:21.7,109.19;19.03,110.1;
#1417:
>0:28.36,112.8;32.13,114.75;34.66,117.52;37.26,117.71;38.6,120.56;
#1418:
>0:37.78,121.13;34.73,119.2;29.51,117.68;
#1419:
>0:43.21,117.48;41.06,117.96;
#1420:
>0:33.64,121.33;26.82,119.72;23.0,118.85;19.97,117.07;23.9,114.93;29.22,111.11;
#1421:
>0:34.59,110.12;29.6,112.83;33.81,112.91;40.4,117.21;
#1422:
>0:40.1,116.8;40.27,117.65;
#1423:
>0:39.55,117.5;40.65,118.07;
#1424:
>0:21.08,118.14;19.05,117.23;23.8,115.25;28.89,112.58;21.86,110.91;
#1425:
>0:21.07,110.68;24.85,112.87;22.61,114.71;25.66,116.31;32.07,118.82;40.14,118.28;
#1426:
>0:20.85,119.29;24.01,121.37;26.59,120.51;32.93,121.35;
#1427:
>0:24.58,110.24;18.26,112.15;
#1428:
>0:37.64,121.53;34.59,120.53;30.62,118.08;32.34,121.39;25.67,120.98;19.13,115.63;
#1429:
>0:19.69,118.11;21.03,116.34;18.76,115.14;
#1430:
>0:38.02,120.56;33.09,120.04;40.18,119.43;36.42,116.28;38.89,115.21;30.35,110.65;
#1431:
>0:32.08,113.75;32.62,111.98;22.54,115.25;
#1432:
>0:32.73,118.94;35.64,116.76;26.02,114.01;
#1433:
>0:40.49,117.42;39.99,116.4;
#1434:
>0:32.14,122.04;33.11,120.4;
#1435:
>0:27.78,112.01;27.26,113.42;29.04,116.14;
#1436:
>0:35.76,120.11;32.78,120.79;
#1437:
>0:40.4,117.31;42.81,117.86;
#1438:
>0:34.84,109.46;30.89,111.9;26.96,115.01;22.82,116.18;19.4,116.76;
#1439:
>0:40.44,116.62;43.16,118.36;
#1440:
>0:20.82,112.37;25.01,111.25;29.07,112.66;31.69,114.24;29.58,111.59;42.61,116.37;
#1441:
>0:27.82,121.66;23.04,117.81;22.86,117.14;23.94,114.65;
#1442:
>0:31.37,119.75;32.51,120.34;
#1443:
>0:40.06,110.33;33.77,111.1;36.27,113.2;30.14,115.1;24.74,117.47;
#1444:
>0:41.62,116.73;41.8,117.24;
#1445:
>0:40.85,116.74;40.68,118.28;
#1446:
>0:28.92,117.81;31.86,118.99;31.63,120.3;39.41,120.75;
#1447:
>0:25.47,118.0;21.34,117.31;
#1448:
>0:22.69,121.23;27.64,119.68;32.42,116.02;33.12,114.24;
#1449:
>0:19.06,116.6;23.69,113.6;28.21,112.36;32.26,114.71;30.13,112.48;36.67,111.4;
#1450:
>0:31.65,113.92;27.43,113.29;
#1451:
>0:21.1,109.42;21.86,111.0;
#1452:
>0:26.34,113.27;26.53,111.15;
#1453:
>0:40.58,117.56;41.47,116.5;
#1454:
>0:33.28,119.91;28.3,117.89;24.94,118.19;
#1455:
>0:34.5,115.06;35.86,116.97;31.78,117.2;25.14,112.79;
#1456:
>0:19.87,110.44;24.18,112.43;24.42,114.4;20.05,114.62;24.48,118.77;
#1457:
>0:41.16,116.81;41.42,117.9;
#1458:
>0:34.47,117.11;31.56,114.4;32.35,112.82;37.68,111.1;
#1459:
>0:41.85,117.32;43.57,117.46;
#1460:
>0:32.41,110.22;33.35,112.78;37.98,113.57;41.95,116.58;
#1461:
>0:20.66,113.92;23.27,117.14;28.45,118.36;25.67,120.88;
#1462:
>0:37.48,120.61;35.26,120.23;31.51,118.71;32.25,119.91;28.21,120.8;21.21,117.15;
#1463:
>0:38.44,120.64;33.67,120.6;31.4,118.97;33.23,120.85;25.69,119.92;19.87,116.78;
#1464:
>0:33.4,121.17;32.13,119.97;
#1465:
>0:42.2,118.29;40.83,117.18;
#1466:
>0:42.95,117.02;43.09,118.33;
#1467:
>0:31.24,113.97;32.62,111.79;42.4,118.18;
#1468:
>0:29.62,112.91;28.12,113.7;22.45,115.66;18.41,119.16;
#1469:
>0:36.59,114.38;35.08,116.3;30.87,117.51;24.26,112.22;
#1470:
>0:28.43,113.5;30.53,111.5;
#1471:
>0:22.93,120.08;27.66,119.39;32.07,117.54;31.98,114.6;31.52,112.98;27.1,111.17;
#1472:
>0:40.1,109.99;35.47,110.03;34.99,113.24;30.59,113.97;30.25,119.25;
#1473:
>0:20.25,110.34;24.97,111.69;22.47,115.03;28.92,117.38;27.0,117.64;
#1474:
>0:34.81,119.99;31.37,120.66;
#1475:
>0:40.02,116.75;42.0,117.94;
#1476:
>0:20.97,109.5;22.99,111.9;24.82,115.4;19.54,114.92;28.28,119.12;
#1477:
>0:33.03,120.11;38.23,118.15;34.04,117.25;30.52,115.73;24.36,112.2;
#1478:
>0:35.11,111.03;31.7,112.62;28.77,112.98;23.82,114.76;20.65,112.0;
#1479:
>0:34.15,118.39;32.72,117.39;29.07,114.26;22.25,111.42;19.55,112.65;
#1480:
>0:40.24,117.99;40.55,116.43;
#1481:
>0:31.4,119.16;34.81,116.46;41.76,117.24;
#1482:
>0:41.45,117.91;41.7,118.34;
#1483:
>0:41.99,117.19;42.43,116.61;
#1484:
>0:26.55,121.12;31.17,118.55;33.45,118.68;
#1485:
>0:27.6,109.35;32.23,111.6;34.62,113.03;
#1486:
>0:28.66,111.41;26.67,109.32;
#1487:
>0:35.1,111.4;36.47,115.29;
#1488:
>0:42.2,117.71;41.81,117.31;
#1489:
>0:33.05,120.7;35.42,120.81;
#1490:
>0:40.52,118.27;43.04,116.98;
#1491:
>0:38.27,116.92;40.66,116.94;
#1492:
>0:38.11,109.79;34.04,109.92;32.24,112.22;34.08,113.6;33.23,116.73;38.3,121.13;
#1493:
>0:28.83,114.18;22.77,112.93;20.3,114.83;
#1494:
>0:36.85,120.0;33.74,119.39;31.01,119.4;
#1495:
>0:21.25,112.01;19.63,115.34;25.08,116.22;31.36,119.18;
#1496:
>0:33.21,119.61;34.74,117.13;30.86,114.48;33.77,111.47;
#1497:
>0:40.34,118.31;40.82,116.78;
#1498:
>0:27.31,112.74;23.28,114.67;19.38,114.27;24.31,119.38;
#1499:
>0:40.99,117.93;43.16,117.46;
#1500:
>0:42.61,117.82;42.04,116.42;
#1501:
>0:24.94,121.55;27.43,118.93;31.3,116.09;35.28,115.4;33.16,111.61;33.95,109.59;
#1502:
>0:37.61,117.66;36.88,121.51;33.67,121.67;34.65,120.68;23.37,119.52;
#1503:
>0:27.53,118.98;29.69,117.38;34.25,116.78;
#1504:
>0:43.34,118.35;38.84,118.23;
#1505:
>0:33.09,110.69;34.46,112.98;29.31,115.41;29.23,115.6;32.54,118.72;22.29,120.74;
#1506:
>0:20.75,119.38;19.79,117.53;18.68,114.6;
#1507:
>0:39.15,112.12;36.23,109.23;30.81,112.61;28.78,112.87;24.18,115.1;19.14,111.41;
#1508:
>0:36.54,116.88;31.91,114.92;32.04,111.6;25.75,111.01;
#1509:
>0:37.62,112.67;35.68,110.31;29.8,112.78;28.53,112.17;22.22,110.6;18.18,109.83;
#1510:
>0:33.92,121.28;34.8,120.34;
#1511:
>0:36.73,119.49;39.01,121.46;34.83,119.98;34.22,120.9;22.59,118.5;
#1512:
>0:31.65,114.02;31.66,113.19;22.45,114.4;
#1513:
>0:27.17,114.99;29.89,114.71;35.6,114.66;
