#0:
>0:42.22,116.59;42.77,116.41;
#1:
>0:42.99,116.57;39.88,117.96;
#2:
>0:43.03,117.32;40.81,116.21;
#3:
>0:42.96,117.38;41.18,116.73;
#4:
>0:42.91,116.64;39.02,115.34;30.45,112.57;
#5:
>0:40.28,117.85;41.63,117.84;
#6:
>0:30.54,120.15;30.03,121.45;
#7:
>0:29.49,111.69;34.05,114.82;31.86,117.01;
#8:
>0:42.91,116.66;40.82,117.65;
#9:
>0:32.66,120.61;31.88,121.61;
#10:
>0:22.77,111.11;20.87,112.37;24.03,112.63;27.13,115.38;28.22,118.28;
#11:
>0:41.87,117.92;41.88,116.5;
#12:
>0:40.69,117.85;41.12,116.78;
#13:
>0:42.71,117.37;39.49,116.91;
#14:
>0:42.15,116.32;39.93,117.36;
#15:
>0:41.98,117.46;40.82,117.36;
#16:
>0:37.87,118.77;32.98,115.57;30.33,115.86;26.26,111.77;
#17:
>0:18.52,116.8;22.73,115.72;28.86,114.5;30.3,111.41;33.23,113.88;36.78,113.36;
#18:
>0:43.07,117.37;40.15,116.3;
#19:
>0:32.29,114.35;27.22,112.35;24.85,114.13;20.21,116.89;
#20:
>0:32.63,112.17;30.77,114.87;
#21:
>0:31.75,112.4;33.83,114.25;
#22:
>0:39.89,111.44;33.71,110.52;30.36,113.02;25.88,110.17;23.19,112.62;20.0,112.96;
#23:
>0:19.7,109.52;21.8,110.41;
#24:
>0:41.92,117.88;39.72,117.51;
#25:
>0:42.41,116.16;42.07,117.87;
#26:
>0:22.44,117.66;27.5,115.78;31.96,113.55;34.0,112.11;38.83,110.94;
#27:
>0:31.21,119.64;33.75,117.78;42.67,116.61;
#28:
>0:42.58,117.95;42.24,117.83;
#29:
>0:42.56,117.46;39.55,118.1;
#30:
>0:41.97,117.98;40.18,117.31;
#31:
>0:18.73,110.44;18.26,109.44;
#32:
>0:40.24,116.94;40.82,116.44;
#33:
>0:40.71,116.47;40.17,117.81;
#34:
>0:42.2,117.78;42.64,116.88;
#35:
>0:31.76,113.95;26.79,117.25;32.91,117.3;25.5,121.2;
#36:
>0:35.53,118.18;34.66,116.8;32.56,117.09;31.3,115.1;28.82,109.48;
#37:
>0:31.66,120.98;30.54,120.18;
#38:
>0:41.13,117.32;42.69,117.61;
#39:
>0:39.87,116.74;42.3,118.11;
#40:
>0:42.72,116.24;42.75,117.98;
#41:
>0:40.21,116.15;39.8,117.44;
#42:
>0:39.92,117.62;41.3,117.77;
#43:
>0:40.4,116.75;42.5,116.13;
#44:
>0:33.24,110.57;32.11,113.27;26.84,114.15;23.21,113.94;19.83,117.58;
#45:
>0:41.77,117.88;42.97,116.44;
#46:
>0:34.08,113.93;29.51,115.11;26.71,118.91;
#47:
>0:32.17,118.9;33.38,116.82;35.4,115.2;34.42,112.4;36.26,109.53;
#48:
>0:34.13,110.06;30.48,111.82;28.57,113.91;22.17,115.09;21.86,115.84;
#49:
>0:42.01,117.82;41.02,116.03;
#50:
>0:29.99,112.49;27.89,114.88;24.71,112.3;
#51:
>0:41.96,117.17;41.73,117.61;
#52:
>0:19.53,117.78;22.71,116.29;27.85,114.81;29.82,111.65;35.24,110.44;39.83,109.56;
#53:
>0:31.92,120.13;32.83,121.25;
#54:
>0:18.6,118.09;23.99,116.48;
#55:
>0:19.74,110.73;18.28,111.12;
#56:
>0:28.2,110.81;32.77,111.36;35.13,113.19;
#57:
>0:28.68,112.09;29.14,111.92;
#58:
>0:41.64,117.23;40.9,116.37;
#59:
>0:42.01,116.38;33.33,115.28;31.46,112.27;25.87,109.31;25.34,111.26;
#60:
>0:30.53,113.12;28.93,113.8;25.08,111.67;
#61:
>0:36.41,117.2;32.88,117.16;27.21,114.28;23.85,112.47;
#62:
>0:41.64,117.13;39.92,117.2;
#63:
>0:42.12,116.56;39.75,117.48;
#64:
>0:43.02,116.81;41.66,116.18;
#65:
>0:23.36,119.85;28.76,120.55;31.02,117.73;29.93,117.2;25.98,112.22;
#66:
>0:41.38,116.27;41.17,117.83;
#67:
>0:41.04,116.35;39.48,116.24;
#68:
>0:41.86,116.62;43.13,116.07;
#69:
>0:40.91,116.88;40.25,116.18;
#70:
>0:35.17,119.51;36.26,115.81;33.8,113.46;
#71:
>0:42.17,117.94;36.81,118.76;31.51,121.52;
#72:
>0:34.87,116.42;36.91,114.19;
#73:
>0:21.65,110.51;21.11,111.41;25.43,111.67;27.66,113.86;31.57,116.28;32.29,120.54;
#74:
>0:33.38,110.28;35.47,111.35;
#75:
>0:22.49,109.3;27.39,111.96;26.11,111.11;33.64,114.19;
#76:
>0:18.96,112.72;22.22,114.35;
#77:
>0:25.3,114.92;27.22,113.49;21.81,110.61;
#78:
>0:38.68,109.51;35.33,112.48;33.32,114.42;33.83,116.88;39.97,116.38;34.06,121.54;
#79:
>0:19.67,114.15;23.29,112.82;28.51,110.63;32.55,110.72;
#80:
>0:21.73,110.41;20.38,111.86;23.67,113.23;26.71,115.29;34.45,112.36;
#81:
>0:26.58,121.01;29.97,117.86;35.31,116.03;33.88,114.78;
#82:
>0:42.19,116.91;42.78,117.02;
#83:
>0:41.78,117.09;40.63,117.89;
#84:
>0:29.5,111.15;26.7,109.47;34.56,115.24;
#85:
>0:41.71,116.5;42.41,116.95;
#86:
>0:21.99,118.87;28.21,116.28;32.1,114.38;36.66,111.84;39.07,109.85;
#87:
>0:42.94,116.77;40.27,118.01;
#88:
>0:33.25,118.13;30.99,118.65;29.03,115.4;
#89:
>0:24.29,113.21;24.75,113.58;28.15,114.6;36.47,112.27;
#90:
>0:42.85,117.13;40.45,116.03;
#91:
>0:40.41,116.58;42.88,117.27;
#92:
>0:39.73,117.88;39.47,117.79;
#93:
>0:23.83,121.63;26.41,120.21;32.57,117.36;
#94:
>0:41.04,116.91;41.54,116.36;
#95:
>0:18.45,116.42;22.67,118.59;28.23,120.04;31.47,119.9;
#96:
>0:39.78,117.18;42.97,116.77;
#97:
>0:37.21,114.59;35.53,116.27;38.4,118.38;
#98:
>0:42.81,117.8;33.57,115.79;32.42,118.34;
#99:
>0:41.21,117.51;39.8,116.53;
#100:
>0:43.0,116.55;39.36,113.9;32.95,111.8;
#101:
>0:20.45,109.37;20.14,109.78;
#102:
>0:28.17,116.3;29.41,117.66;32.42,121.27;39.6,120.05;
#103:
>0:23.25,120.6;26.54,121.18;19.06,117.55;
#104:
>0:25.9,115.65;32.67,114.5;35.26,112.6;38.72,111.02;
#105:
>0:42.69,118.06;41.8,117.56;
#106:
>0:21.22,121.04;23.63,118.52;27.88,116.51;
#107:
>0:39.47,117.95;42.1,117.5;
#108:
>0:18.61,110.95;21.15,109.87;
#109:
>0:40.61,117.03;33.82,119.54;
#110:
>0:40.02,116.49;43.08,118.4;
#111:
>0:39.85,116.39;42.15,116.31;
#112:
>0:42.73,118.12;40.21,117.2;
#113:
>0:38.34,116.81;40.56,117.01;
#114:
>0:41.67,117.7;41.38,117.85;
#115:
>0:25.81,116.01;26.85,118.2;32.77,120.55;
#116:
>0:39.84,117.67;40.33,116.62;
#117:
>0:42.08,117.13;40.7,116.71;
#118:
>0:20.2,112.22;22.8,113.69;28.51,117.03;30.15,117.83;29.34,121.45;37.7,120.58;
#119:
>0:32.39,109.38;28.15,111.2;22.25,112.51;28.52,115.46;31.32,116.29;28.99,121.47;
#120:
>0:24.32,121.8;27.59,120.94;29.59,118.97;26.63,117.01;26.3,112.05;
#121:
>0:28.06,118.18;32.71,118.38;29.7,120.65;39.51,120.45;
#122:
>0:40.02,117.27;43.03,117.24;
#123:
>0:34.62,120.22;34.95,119.11;34.39,115.72;29.94,117.09;31.25,111.8;
#124:
>0:39.81,110.02;34.19,111.99;31.04,113.45;28.37,113.11;23.93,114.04;20.06,113.53;
#125:
>0:22.16,117.1;28.52,114.77;25.33,114.74;20.71,111.24;
#126:
>0:31.5,113.9;35.68,115.96;40.85,116.22;
#127:
>0:24.21,117.97;27.72,116.95;29.77,113.61;29.9,111.62;31.7,110.72;
#128:
>0:39.78,116.63;42.93,117.19;
#129:
>0:19.77,119.35;22.65,115.49;28.25,115.25;30.65,112.19;34.61,110.25;39.27,110.72;
#130:
>0:36.65,116.95;32.9,114.28;28.37,113.34;25.05,109.24;
#131:
>0:29.56,121.43;32.79,120.47;
#132:
>0:39.49,116.58;41.46,118.05;
#133:
>0:30.97,116.74;27.1,113.38;25.27,113.14;20.09,112.89;
#134:
>0:39.88,116.19;41.62,118.09;
#135:
>0:41.68,117.55;41.48,117.55;
#136:
>0:41.54,117.42;41.64,117.76;
#137:
>0:37.92,119.73;38.12,118.65;39.88,117.85;
#138:
>0:41.21,117.41;42.59,116.32;
#139:
>0:34.3,117.11;29.75,116.3;29.2,113.99;22.2,116.14;
#140:
>0:42.02,116.06;41.2,116.09;
#141:
>0:39.53,117.82;42.59,116.21;
#142:
>0:20.96,113.79;24.29,112.58;28.11,111.12;29.37,110.33;
#143:
>0:33.98,118.06;34.05,115.92;31.56,116.78;26.27,114.07;25.88,109.23;
#144:
>0:32.95,119.96;30.9,119.97;
#145:
>0:30.1,121.66;31.98,121.06;
#146:
>0:42.66,116.3;40.45,117.57;
#147:
>0:39.7,117.36;35.72,117.08;30.66,118.76;
#148:
>0:34.73,111.9;29.39,112.02;27.13,113.82;25.21,114.68;21.84,110.96;
#149:
>0:42.03,117.27;40.99,118.09;
#150:
>0:42.59,117.85;34.18,119.15;29.87,117.64;30.52,120.01;26.34,120.02;20.94,118.93;
#151:
>0:41.85,117.97;40.11,118.12;
#152:
>0:42.71,117.48;40.37,116.23;
#153:
>0:31.47,120.06;31.79,119.9;
#154:
>0:40.12,116.6;39.89,117.78;
#155:
>0:42.76,117.93;41.14,116.28;
#156:
>0:40.58,117.93;42.41,116.34;
#157:
>0:30.43,119.67;32.76,117.27;22.61,114.48;
#158:
>0:31.76,120.36;30.29,120.17;
#159:
>0:31.79,113.81;29.17,116.48;30.95,116.48;23.04,119.98;
#160:
>0:42.59,116.3;41.06,116.52;
#161:
>0:35.97,116.6;40.08,116.23;33.67,119.82;
#162:
>0:34.26,117.98;40.39,117.47;
#163:
>0:42.09,116.85;42.52,117.4;
#164:
>0:42.69,116.22;41.07,117.11;
#165:
>0:33.87,112.63;38.48,112.58;38.1,115.3;37.41,119.63;
#166:
>0:31.25,120.14;30.83,119.88;
#167:
>0:32.69,120.29;29.45,120.11;
#168:
>0:32.63,119.93;30.86,120.34;
#169:
>0:29.9,120.01;30.54,120.04;
#170:
>0:31.24,113.05;36.36,114.33;31.87,115.97;
#171:
>0:40.95,117.02;41.76,117.44;
#172:
>0:30.95,111.76;26.63,113.58;23.99,113.42;20.8,115.71;
#173:
>0:24.44,112.87;23.98,114.33;28.83,114.3;30.78,118.15;
#174:
>0:32.49,114.77;25.75,111.61;27.04,110.93;
#175:
>0:30.69,113.26;33.84,113.42;
#176:
>0:39.54,117.58;42.3,116.97;
#177:
>0:38.79,118.37;36.11,120.96;31.01,118.04;26.04,115.93;25.1,116.0;
#178:
>0:26.01,119.52;32.61,118.63;31.19,117.5;32.87,113.61;27.82,111.2;
#179:
>0:37.58,118.77;40.45,117.55;38.66,114.84;30.15,113.32;
#180:
>0:42.4,117.38;37.03,117.44;
#181:
>0:41.43,117.76;40.88,116.33;
#182:
>0:41.84,116.07;41.0,117.18;
#183:
>0:41.75,117.2;41.14,117.37;
#184:
>0:39.56,116.23;40.28,116.1;
#185:
>0:32.71,118.46;28.44,116.01;
#186:
>0:21.53,109.47;24.12,111.23;26.23,109.38;30.76,109.16;35.17,109.6;38.25,111.21;
#187:
>0:24.15,111.33;27.51,113.69;30.0,117.05;33.69,118.53;38.73,118.59;
#188:
>0:37.36,110.96;34.99,109.44;29.82,113.02;28.8,113.29;
#189:
>0:29.74,120.73;29.34,120.06;
#190:
>0:41.75,118.08;40.12,116.58;
#191:
>0:37.79,119.49;43.02,117.93;35.6,116.83;32.2,117.45;24.48,113.3;
#192:
>0:32.82,120.06;29.45,120.46;
#193:
>0:39.62,116.41;40.99,116.23;
#194:
>0:19.35,113.74;18.57,113.14;
#195:
>0:22.07,119.24;29.22,117.23;28.8,114.76;29.82,111.84;39.68,113.4;
#196:
>0:39.87,117.17;40.44,116.23;
#197:
>0:27.38,119.78;24.33,118.7;19.63,115.83;
#198:
>0:42.71,117.0;42.45,117.42;
#199:
>0:42.31,116.16;42.73,116.46;
#200:
>0:29.41,121.3;32.74,119.86;
#201:
>0:30.03,111.29;28.14,114.44;32.29,116.62;28.68,118.87;19.26,119.74;
#202:
>0:19.89,119.67;19.76,116.23;19.15,113.5;
#203:
>0:31.96,115.21;31.87,113.09;31.2,110.45;
#204:
>0:21.45,116.29;25.03,119.45;25.92,121.81;29.93,119.79;
#205:
>0:30.33,119.3;30.66,121.33;22.3,118.9;
#206:
>0:42.71,117.69;39.86,117.26;
#207:
>0:40.11,117.06;43.12,117.73;
#208:
>0:26.0,110.9;31.69,112.31;23.33,114.82;
#209:
>0:38.99,114.1;35.15,112.79;35.63,109.85;
#210:
>0:22.14,120.2;27.89,121.69;19.47,115.55;
#211:
>0:30.54,120.55;32.76,120.49;
#212:
>0:25.86,119.9;30.47,118.35;32.67,115.69;
#213:
>0:41.46,116.58;39.58,118.03;
#214:
>0:29.6,117.38;30.82,115.12;28.55,111.55;21.77,113.25;
#215:
>0:19.38,117.52;23.31,118.16;26.66,118.5;29.39,119.16;35.01,116.6;40.15,119.68;
#216:
>0:41.73,116.73;40.56,116.66;
#217:
>0:41.99,117.34;41.1,117.68;
#218:
>0:41.54,117.99;39.67,117.95;
#219:
>0:39.47,117.48;40.46,116.05;
#220:
>0:29.29,111.12;27.24,110.87;34.03,115.37;
#221:
>0:24.15,118.39;29.08,116.33;30.0,115.4;32.16,112.56;31.42,110.7;
#222:
>0:40.99,117.76;42.66,117.6;
#223:
>0:41.73,116.23;42.94,117.74;
#224:
>0:39.76,110.62;36.5,109.74;30.97,111.18;
#225:
>0:20.8,110.72;21.19,113.04;23.68,113.31;25.68,114.15;36.34,111.33;
#226:
>0:19.19,109.63;19.08,111.13;
#227:
>0:37.04,119.36;39.77,116.61;38.04,115.43;38.91,111.59;39.69,109.49;
#228:
>0:40.7,116.75;40.48,117.67;
#229:
>0:42.3,116.17;41.72,116.38;
#230:
>0:26.7,116.05;26.65,115.24;
#231:
>0:38.56,117.71;42.57,116.84;
#232:
>0:40.91,116.58;41.97,117.07;
#233:
>0:41.31,117.17;41.31,117.28;
#234:
>0:30.61,120.79;32.44,120.21;
#235:
>0:29.52,121.09;31.62,120.18;
#236:
>0:30.95,120.1;30.71,120.2;
#237:
>0:23.57,119.53;29.17,117.27;30.11,113.99;34.35,112.6;39.09,109.29;
#238:
>0:40.6,116.84;42.39,117.92;
#239:
>0:32.87,112.2;34.24,114.26;
#240:
>0:40.44,117.15;41.44,117.9;
#241:
>0:39.63,117.27;41.03,116.99;
#242:
>0:35.35,110.69;30.61,112.47;31.7,114.38;
#243:
>0:21.91,121.12;28.14,121.35;30.72,118.36;26.8,117.42;31.8,112.48;
#244:
>0:21.96,118.95;28.41,117.77;32.33,118.73;34.02,117.16;39.18,118.61;
#245:
>0:23.76,111.89;26.25,114.19;
#246:
>0:40.86,116.56;41.2,117.8;
#247:
>0:41.72,116.86;42.43,117.7;
#248:
>0:19.06,109.27;21.0,109.28;
#249:
>0:22.18,109.2;20.72,113.24;
#250:
>0:42.08,116.09;39.71,116.41;
#251:
>0:30.59,117.59;29.82,118.56;26.41,116.39;19.0,111.55;
#252:
>0:40.19,119.5;34.9,117.08;32.6,116.29;26.51,112.55;
#253:
>0:41.04,117.82;41.94,117.12;
#254:
>0:31.79,120.35;32.58,121.67;
#255:
>0:42.72,116.56;39.76,117.72;
#256:
>0:19.88,115.58;22.03,114.5;27.11,112.56;31.16,110.36;33.8,110.49;39.36,110.55;
#257:
>0:28.5,119.35;24.76,119.96;
#258:
>0:31.57,121.62;30.94,119.76;
#259:
>0:21.73,109.97;21.44,110.92;
#260:
>0:23.51,113.23;21.9,114.8;29.03,114.03;36.62,112.38;
#261:
>0:41.66,117.37;43.06,116.04;
#262:
>0:41.4,117.76;39.88,117.72;
#263:
>0:39.44,116.62;42.26,116.69;
#264:
>0:40.69,117.95;40.96,117.01;
#265:
>0:25.47,118.74;25.76,116.17;30.06,116.71;35.25,116.33;
#266:
>0:35.11,112.2;35.58,113.84;32.44,114.82;30.51,117.16;32.33,121.0;
#267:
>0:33.37,113.17;34.95,114.86;30.58,113.5;27.64,111.6;20.79,110.16;
#268:
>0:42.43,117.2;40.61,116.11;
#269:
>0:41.1,116.86;40.43,118.04;
#270:
>0:18.86,109.72;23.56,113.17;25.06,114.26;28.88,115.36;31.8,112.93;37.64,114.5;
#271:
>0:19.27,119.18;22.61,116.24;22.33,114.3;
#272:
>0:39.87,116.52;39.71,117.85;
#273:
>0:40.6,117.41;41.35,117.11;
#274:
>0:41.66,118.02;41.19,117.87;
#275:
>0:30.32,121.12;29.48,119.81;
#276:
>0:39.51,116.38;42.29,116.51;
#277:
>0:36.12,110.06;31.93,111.8;
#278:
>0:31.8,118.62;34.88,116.96;35.83,113.74;34.52,112.93;34.18,109.52;
#279:
>0:41.4,116.9;40.48,117.05;
#280:
>0:39.8,116.3;42.92,116.02;
#281:
>0:36.02,115.49;38.86,115.13;
#282:
>0:24.64,114.51;27.14,117.15;32.61,119.16;31.88,121.0;37.53,121.45;
#283:
>0:28.1,119.44;31.74,119.19;22.87,114.97;
#284:
>0:31.32,115.08;26.94,112.47;28.05,110.42;
#285:
>0:26.47,112.29;23.88,113.56;19.43,114.4;
#286:
>0:23.73,110.74;21.11,112.28;22.04,114.37;22.47,117.29;23.26,117.73;
#287:
>0:29.95,121.56;32.24,121.19;
#288:
>0:40.93,116.31;43.14,117.49;
#289:
>0:41.08,117.36;42.16,117.53;
#290:
>0:23.36,113.3;27.09,114.41;31.27,115.78;31.76,118.95;41.47,116.7;
#291:
>0:39.6,116.54;41.82,117.85;
#292:
>0:42.7,116.69;42.36,116.3;
#293:
>0:22.13,112.13;25.99,113.85;22.28,113.62;19.01,117.82;
#294:
>0:27.22,113.58;23.38,114.92;18.19,117.77;
#295:
>0:42.28,116.36;40.93,117.85;
#296:
>0:25.63,112.38;23.04,114.42;18.32,113.49;
#297:
>0:30.52,120.09;32.41,120.59;
#298:
>0:41.9,117.3;42.16,117.93;
#299:
>0:32.91,119.85;31.41,121.73;
#300:
>0:42.73,116.36;40.96,116.22;
#301:
>0:39.67,116.74;40.89,116.87;
#302:
>0:30.48,119.99;31.91,120.95;
#303:
>0:19.61,115.43;22.14,117.37;26.33,119.49;30.98,121.59;
#304:
>0:40.29,116.79;40.66,116.3;
#305:
>0:21.06,114.83;20.48,117.16;25.43,116.72;28.52,114.52;29.53,113.12;38.31,112.2;
#306:
>0:39.2,110.23;34.35,109.55;38.97,112.07;42.08,116.02;
#307:
>0:18.71,115.9;24.03,116.55;26.32,115.12;30.95,116.71;33.21,117.69;
#308:
>0:27.09,117.51;28.04,114.85;33.14,113.65;
#309:
>0:40.88,117.16;42.57,116.42;
#310:
>0:30.61,112.71;31.48,113.39;
#311:
>0:40.69,117.67;40.05,117.4;
#312:
>0:42.84,116.56;40.99,116.53;
#313:
>0:39.51,117.06;41.34,116.1;
#314:
>0:39.52,112.88;33.11,113.85;29.77,117.05;27.31,117.53;
#315:
>0:24.12,112.99;26.41,113.95;30.89,116.0;35.15,118.04;40.2,117.83;
#316:
>0:34.84,109.74;29.98,111.45;27.3,113.75;25.03,113.68;19.08,118.74;
#317:
>0:23.48,112.47;27.13,113.52;31.53,116.09;35.77,118.65;40.35,117.83;
#318:
>0:21.32,114.06;19.54,116.79;25.23,116.48;26.54,113.62;35.74,113.93;
#319:
>0:34.62,109.72;32.83,112.07;35.84,114.61;
#320:
>0:31.88,113.74;29.17,111.38;22.93,110.41;
#321:
>0:40.69,117.75;39.82,116.04;
#322:
>0:42.4,116.94;40.03,116.24;
#323:
>0:20.86,116.61;23.84,114.66;28.35,112.64;31.87,109.26;33.61,109.16;39.72,110.17;
#324:
>0:39.13,113.92;43.08,117.6;35.53,117.18;32.48,117.23;25.92,117.65;20.55,121.57;
#325:
>0:27.36,118.4;31.48,119.15;28.75,115.55;29.42,112.77;
#326:
>0:31.16,113.42;30.61,111.64;29.87,110.67;
#327:
>0:39.51,117.67;41.32,117.0;
#328:
>0:42.27,116.93;42.91,116.56;
#329:
>0:33.96,109.96;30.3,113.36;26.75,113.67;22.05,113.9;20.97,116.06;
#330:
>0:43.03,117.12;41.4,116.3;
#331:
>0:41.61,118.08;41.93,117.56;
#332:
>0:24.57,113.69;24.25,116.13;32.08,111.73;
#333:
>0:30.82,120.24;32.12,120.45;
#334:
>0:29.79,114.22;27.75,112.42;28.68,110.94;
#335:
>0:22.14,120.9;26.13,119.75;18.44,115.94;
#336:
>0:39.48,116.72;35.01,114.66;35.84,113.01;
#337:
>0:18.47,110.55;20.73,110.38;
#338:
>0:40.2,117.83;42.89,116.65;
#339:
>0:32.19,118.86;36.5,115.97;39.04,117.82;
#340:
>0:27.9,113.93;28.22,114.57;
#341:
>0:40.34,116.02;37.04,114.86;33.04,116.1;32.32,115.63;25.76,117.72;21.02,120.42;
#342:
>0:41.06,116.37;39.45,117.27;
#343:
>0:20.24,109.3;23.78,109.26;21.21,114.86;
#344:
>0:42.44,117.6;40.92,116.16;
#345:
>0:41.06,117.27;41.01,117.82;
#346:
>0:26.28,118.46;30.58,117.03;29.81,114.21;31.3,112.05;31.15,110.02;
#347:
>0:22.79,113.67;21.55,112.74;
#348:
>0:35.85,111.34;35.73,115.34;30.51,114.8;30.0,117.15;22.58,121.63;
#349:
>0:40.82,116.8;40.95,116.3;
#350:
>0:26.86,111.87;28.33,111.06;32.52,111.4;40.13,114.75;
#351:
>0:41.46,117.43;40.42,116.47;
#352:
>0:24.17,110.19;26.51,111.5;31.9,114.23;
#353:
>0:40.07,114.31;35.94,115.64;31.26,116.19;30.33,118.32;25.58,116.8;21.18,113.25;
#354:
>0:18.51,119.81;20.68,117.85;19.73,116.53;20.24,113.4;21.19,113.13;
#355:
>0:27.22,114.28;27.64,112.79;27.9,110.54;
#356:
>0:40.85,116.66;40.23,117.36;
#357:
>0:22.62,112.72;27.52,115.26;29.33,116.23;28.22,118.36;19.85,119.82;
#358:
>0:39.84,116.75;33.04,116.93;29.62,117.49;31.93,118.34;27.8,116.61;19.12,116.41;
#359:
>0:20.8,117.15;21.96,115.84;27.73,114.42;29.49,116.1;33.38,117.56;
#360:
>0:26.67,116.3;23.98,114.57;27.96,113.54;19.63,110.54;
#361:
>0:40.99,117.48;39.64,116.77;
#362:
>0:40.88,116.59;42.12,117.09;
#363:
>0:40.78,116.74;40.1,116.05;
#364:
>0:24.72,113.41;22.03,113.25;
#365:
>0:42.51,117.88;41.39,116.4;
#366:
>0:30.16,113.72;27.03,111.53;25.35,110.91;
#367:
>0:31.5,120.51;32.06,120.73;
#368:
>0:21.74,114.86;24.5,114.6;21.56,119.63;
#369:
>0:29.57,111.07;28.58,113.17;24.33,112.49;
#370:
>0:41.7,117.02;41.82,116.16;
#371:
>0:41.0,117.25;41.87,116.75;
#372:
>0:42.83,116.22;38.06,117.85;
#373:
>0:18.37,112.45;18.98,115.37;20.36,116.31;21.73,118.77;20.62,121.21;
#374:
>0:19.77,120.45;25.44,119.37;18.51,115.68;25.47,116.74;30.77,112.49;
#375:
>0:39.7,117.62;40.26,117.16;
#376:
>0:32.78,121.25;27.41,120.01;31.45,116.38;
#377:
>0:42.96,116.57;41.08,117.1;
#378:
>0:41.94,116.45;42.8,116.64;
#379:
>0:32.96,112.33;29.08,115.0;25.46,112.76;
#380:
>0:40.09,117.36;40.93,117.69;
#381:
>0:31.97,121.19;31.84,119.85;
#382:
>0:39.46,114.89;39.83,116.61;
#383:
>0:30.79,121.57;32.12,121.48;
#384:
>0:39.83,117.51;40.67,116.87;
#385:
>0:37.74,118.27;41.38,116.01;36.89,113.66;39.84,111.97;36.76,110.41;
#386:
>0:41.68,116.34;40.91,117.98;
#387:
>0:27.9,117.5;30.13,116.18;29.92,120.62;
#388:
>0:40.97,116.74;40.48,117.8;
#389:
>0:39.9,116.09;39.65,116.51;
#390:
>0:26.39,120.49;27.35,121.09;
#391:
>0:20.1,115.67;22.57,118.78;
#392:
>0:20.74,109.92;23.19,110.78;19.45,115.17;
#393:
>0:21.4,117.52;23.96,119.16;28.47,120.11;30.68,120.52;
#394:
>0:41.05,117.55;40.2,117.96;
#395:
>0:41.39,116.57;37.08,114.99;34.65,116.24;30.72,115.73;30.59,121.48;
#396:
>0:40.39,116.61;43.07,116.28;
#397:
>0:32.88,120.07;32.87,121.51;
#398:
>0:32.24,121.56;29.34,120.18;
#399:
>0:21.57,113.63;23.36,115.17;22.64,112.47;26.53,114.44;35.03,115.14;
#400:
>0:27.89,109.3;32.05,109.39;33.93,111.16;37.2,109.25;
#401:
>0:36.4,112.37;36.35,115.25;29.64,116.96;
#402:
>0:39.94,117.72;41.25,117.41;
#403:
>0:19.23,120.35;23.61,120.69;28.82,120.92;32.96,119.27;34.33,117.73;42.31,117.27;
#404:
>0:40.3,116.03;41.81,118.0;
#405:
>0:41.92,117.63;40.15,117.41;
#406:
>0:37.47,112.88;34.47,114.51;31.15,115.58;27.06,116.04;
#407:
>0:26.55,117.55;26.98,113.5;
#408:
>0:42.4,118.05;39.47,117.76;
#409:
>0:32.55,120.49;32.71,120.24;
#410:
>0:33.78,110.79;30.25,112.88;28.4,114.92;
#411:
>0:42.61,116.99;40.37,116.44;
#412:
>0:20.27,110.51;19.53,112.66;23.1,111.85;26.21,114.59;32.73,112.5;40.24,114.86;
#413:
>0:28.27,109.7;30.35,109.34;
#414:
>0:28.03,120.22;31.13,118.62;35.11,116.49;36.02,115.32;
#415:
>0:43.1,117.09;39.95,116.98;
#416:
>0:30.87,121.09;30.83,119.97;
#417:
>0:42.72,116.81;41.04,116.32;
#418:
>0:37.09,115.29;38.26,111.89;
#419:
>0:22.85,115.27;23.57,115.52;22.71,118.91;
#420:
>0:29.68,119.58;31.67,116.92;32.65,114.09;32.57,112.27;31.04,109.57;
#421:
>0:20.87,110.34;23.97,112.14;29.14,114.85;30.11,117.07;35.06,119.5;41.02,117.61;
#422:
>0:31.07,113.73;32.14,116.14;
#423:
>0:41.03,116.88;40.58,117.31;
#424:
>0:37.01,114.94;35.78,116.18;29.71,115.63;26.06,111.93;
#425:
>0:35.65,119.52;35.57,116.69;31.68,117.36;32.57,112.96;
#426:
>0:33.43,112.81;36.53,114.2;29.93,115.35;27.29,112.58;20.64,111.02;
#427:
>0:41.41,116.15;39.94,116.87;
#428:
>0:29.79,116.54;26.46,114.74;25.09,113.94;19.77,117.11;
#429:
>0:42.29,117.45;41.62,116.78;
#430:
>0:40.06,119.37;42.78,116.96;34.07,115.92;28.7,114.79;
#431:
>0:42.18,117.38;40.0,117.51;
#432:
>0:40.57,116.7;39.62,118.06;
#433:
>0:40.46,117.32;39.5,116.83;
#434:
>0:40.47,116.92;41.88,116.5;
#435:
>0:40.2,120.69;38.07,118.76;32.98,120.02;32.23,119.15;22.13,114.09;
#436:
>0:40.76,117.35;42.91,117.08;
#437:
>0:40.93,117.41;41.62,116.74;
#438:
>0:40.58,116.75;39.76,117.88;
#439:
>0:30.99,112.67;29.07,114.65;
#440:
>0:30.8,109.87;26.49,109.52;21.97,111.43;27.79,114.66;29.55,115.72;28.03,120.78;
#441:
>0:37.93,119.57;34.51,119.75;32.66,119.54;27.32,116.07;25.13,117.33;
#442:
>0:39.79,117.45;42.96,116.17;
#443:
>0:31.52,119.81;32.64,121.75;
#444:
>0:22.18,112.05;27.15,113.59;29.63,117.11;34.21,119.01;39.31,118.08;
#445:
>0:19.78,109.81;21.24,110.75;
#446:
>0:40.31,117.01;42.98,117.62;
#447:
>0:29.8,120.96;31.54,120.16;
#448:
>0:41.31,117.86;38.09,114.72;36.52,117.32;30.69,116.94;27.85,119.49;18.88,120.96;
#449:
>0:40.01,117.07;41.24,116.03;
#450:
>0:29.63,117.96;33.48,118.53;
#451:
>0:40.76,116.69;41.32,117.79;
#452:
>0:33.15,119.38;33.13,119.83;
#453:
>0:42.44,116.46;42.83,116.08;
#454:
>0:19.27,119.13;20.34,115.78;20.17,115.43;
#455:
>0:25.86,119.9;32.82,118.87;33.19,116.4;33.07,114.75;
#456:
>0:42.67,116.75;42.81,117.21;
#457:
>0:41.92,116.24;40.65,116.73;
#458:
>0:40.93,116.1;41.49,117.43;
#459:
>0:40.73,116.19;42.42,116.64;
#460:
>0:42.89,117.25;43.11,116.57;
#461:
>0:22.31,109.92;28.69,112.23;31.97,114.31;33.56,116.02;41.65,118.04;38.17,121.81;
#462:
>0:22.56,114.29;26.7,113.79;
#463:
>0:33.91,117.39;42.36,116.51;34.13,121.44;
#464:
>0:41.41,117.46;40.59,116.83;
#465:
>0:32.68,114.02;28.11,112.95;27.03,110.32;
#466:
>0:42.31,117.82;40.06,116.09;
#467:
>0:39.07,120.67;37.87,119.69;33.89,116.08;
#468:
>0:30.25,120.95;31.97,120.13;
#469:
>0:39.91,116.82;39.87,116.57;
#470:
>0:20.21,110.9;24.34,109.5;21.49,115.2;
#471:
>0:42.79,117.55;40.07,117.85;
#472:
>0:31.58,119.02;29.78,116.5;
#473:
>0:39.62,116.24;41.01,116.38;
#474:
>0:43.0,116.82;42.01,117.22;
#475:
>0:31.69,116.3;30.63,118.2;26.41,117.46;20.51,111.35;
#476:
>0:41.88,117.44;40.59,117.39;
#477:
>0:42.47,116.55;41.82,118.01;
#478:
>0:40.89,116.14;35.89,113.47;29.49,112.08;28.46,109.16;23.68,109.47;
#479:
>0:40.75,117.86;41.61,117.66;
#480:
>0:26.51,110.06;24.63,111.45;
#481:
>0:26.93,112.2;26.95,109.83;33.61,111.94;
#482:
>0:32.38,118.11;25.69,115.75;
#483:
>0:18.79,116.2;23.45,116.51;28.9,114.09;29.37,118.59;
#484:
>0:26.62,113.09;28.7,115.1;30.44,116.23;28.94,119.13;26.25,120.59;
#485:
>0:19.78,117.85;20.95,117.1;19.83,115.37;20.77,112.6;
#486:
>0:41.87,117.97;39.87,118.11;
#487:
>0:40.75,117.99;40.51,116.08;
#488:
>0:19.38,110.01;19.42,109.51;
#489:
>0:30.09,121.04;32.28,121.78;
#490:
>0:40.99,117.32;41.28,116.95;
#491:
>0:42.48,116.28;40.76,116.27;
#492:
>0:42.85,116.67;39.54,116.79;
#493:
>0:26.99,117.16;26.89,118.33;
#494:
>0:35.07,116.11;40.09,116.05;33.18,121.39;
#495:
>0:41.8,116.22;41.61,117.53;
#496:
>0:29.95,119.36;36.29,117.83;40.74,116.94;
#497:
>0:41.03,117.72;34.88,116.99;32.54,116.23;32.11,118.04;28.97,116.5;20.61,115.63;
#498:
>0:33.33,111.36;37.72,113.05;33.45,116.69;
#499:
>0:41.82,116.19;41.17,119.0;
#500:
>0:31.76,120.71;31.28,121.17;
#501:
>0:30.55,118.73;33.79,115.8;35.16,114.61;36.2,111.58;36.34,110.81;
#502:
>0:30.76,121.81;29.32,120.48;
#503:
>0:42.25,116.03;40.94,116.51;
#504:
>0:42.23,117.24;39.2,118.16;37.02,119.96;
#505:
>0:40.68,116.96;41.58,117.5;
#506:
>0:42.16,116.71;42.28,116.7;
#507:
>0:39.95,117.01;40.86,117.9;
#508:
>0:42.33,116.31;42.26,117.05;
#509:
>0:31.86,120.7;34.03,121.56;36.1,118.56;32.29,119.73;28.31,120.03;31.36,121.31;27.09,120.66;23.08,119.33;21.5,117.01;22.97,116.13;19.49,119.07;25.45,118.19;18.19,116.0;22.38,117.38;21.84,119.24;24.58,118.02;20.12,116.41;22.48,116.3;19.77,118.4;22.23,118.4;20.26,118.31;24.43,118.78;20.87,115.73;24.58,116.04;21.49,117.58;24.54,115.48;18.96,117.03;22.48,116.47;19.45,116.53;22.9,115.97;20.74,119.59;24.3,119.6;21.3,117.56;22.73,115.84;18.46,116.68;22.45,117.06;26.06,115.44;30.2,116.08;36.0,118.58;33.4,116.2;29.73,114.74;
#510:
>0:40.32,121.39;39.6,118.32;34.1,121.04;31.65,120.45;28.76,120.39;21.86,117.11;
#511:
>0:29.76,115.92;28.31,113.56;
#512:
>0:39.81,117.64;42.96,116.23;
#513:
>0:32.89,118.42;36.27,118.07;
#514:
>0:27.64,111.33;27.53,114.44;32.34,116.1;35.24,117.99;
#515:
>0:33.51,118.07;35.75,117.37;30.2,117.36;31.92,113.39;26.62,109.78;
#516:
>0:41.86,116.87;36.18,119.65;29.76,121.15;
#517:
>0:41.23,116.44;41.14,117.91;
#518:
>0:29.31,121.13;31.25,121.72;
#519:
>0:42.53,116.63;41.37,116.8;
#520:
>0:18.3,112.25;21.38,114.42;18.41,117.25;18.79,118.31;18.17,121.64;
#521:
>0:22.79,111.76;28.35,114.24;32.24,117.11;28.65,118.2;19.22,121.0;
#522:
>0:41.26,117.65;40.43,116.38;
#523:
>0:42.81,116.38;40.65,117.56;
#524:
>0:37.99,110.11;34.86,109.17;29.46,112.57;26.83,111.27;
#525:
>0:31.25,120.27;28.0,120.4;32.43,118.59;26.16,114.78;
#526:
>0:43.03,117.33;40.08,116.87;
#527:
>0:42.63,117.94;39.61,117.21;
#528:
>0:42.11,116.4;43.03,117.19;
#529:
>0:40.41,117.99;40.18,117.51;
#530:
>0:34.57,121.24;33.65,119.25;34.45,115.56;36.63,114.69;
#531:
>0:42.09,117.52;39.74,117.66;
#532:
>0:24.31,120.77;27.76,118.96;30.29,117.57;36.22,113.66;37.36,111.52;39.42,109.8;
#533:
>0:42.43,116.77;41.13,116.19;
#534:
>0:41.72,116.77;42.16,116.56;
#535:
>0:40.55,116.87;42.08,117.52;
#536:
>0:19.58,114.58;20.78,112.52;
#537:
>0:35.53,118.68;36.63,116.18;26.34,114.7;
#538:
>0:40.45,117.03;41.01,116.06;
#539:
>0:37.47,119.35;33.84,116.45;29.68,113.69;30.36,111.34;32.72,109.5;
#540:
>0:33.21,121.23;32.89,119.15;27.17,115.66;28.14,119.23;21.74,120.34;
#541:
>0:41.08,116.36;40.0,117.7;
#542:
>0:35.89,111.81;34.1,114.19;31.37,114.51;24.51,114.34;
#543:
>0:36.95,115.04;35.57,117.31;37.51,118.43;
#544:
>0:42.7,118.03;41.09,116.84;
#545:
>0:40.8,117.13;42.57,118.02;
#546:
>0:29.6,121.38;30.85,120.53;
#547:
>0:37.58,118.04;35.63,119.79;33.84,118.79;27.37,120.15;
#548:
>0:31.66,121.1;28.51,120.77;31.13,115.57;
#549:
>0:39.63,116.57;39.46,116.13;
#550:
>0:40.48,117.36;39.46,117.8;
#551:
>0:29.77,120.77;25.59,117.99;28.53,120.49;18.87,115.5;
#552:
>0:41.7,117.44;40.11,117.3;
#553:
>0:41.42,118.07;41.18,117.07;
#554:
>0:24.66,114.54;26.42,116.76;
#555:
>0:41.19,116.03;41.49,117.36;
#556:
>0:27.24,110.2;29.83,112.36;27.01,114.76;24.99,113.78;19.8,118.3;
#557:
>0:41.03,117.02;39.44,116.83;
#558:
>0:39.86,116.39;42.99,117.99;
#559:
>0:39.34,114.42;43.13,116.83;35.39,117.22;29.18,118.87;
#560:
>0:32.2,120.51;32.37,120.03;
#561:
>0:29.55,119.03;30.01,116.59;
#562:
>0:31.6,120.43;30.68,119.9;
#563:
>0:40.44,116.31;42.35,118.12;
#564:
>0:19.1,117.73;22.57,115.77;25.3,115.35;
#565:
>0:40.04,117.2;42.59,116.9;
#566:
>0:40.81,116.66;41.57,117.02;
#567:
>0:30.3,112.72;26.96,114.43;22.42,114.94;19.4,111.15;
#568:
>0:42.4,118.05;40.06,116.97;
#569:
>0:42.74,117.35;42.83,117.83;
#570:
>0:37.32,113.71;33.7,115.53;29.71,117.45;27.05,114.06;24.22,113.17;
#571:
>0:30.57,120.23;30.54,120.22;
#572:
>0:39.35,110.37;33.47,112.64;32.45,111.67;
#573:
>0:40.55,116.45;42.99,117.61;
#574:
>0:40.73,117.19;40.85,117.34;
#575:
>0:40.95,118.01;40.33,117.88;
#576:
>0:19.8,120.43;19.32,119.56;21.81,115.81;20.98,114.84;20.81,111.5;
#577:
>0:21.77,116.3;23.17,115.51;27.82,114.66;31.99,116.1;35.61,119.18;
#578:
>0:40.14,116.72;40.36,116.53;
#579:
>0:26.21,116.17;23.22,114.68;19.63,114.48;
#580:
>0:41.39,118.42;40.41,117.27;
#581:
>0:32.01,112.89;29.88,113.45;
#582:
>0:37.73,121.55;35.63,117.98;33.88,115.89;33.4,114.67;
#583:
>0:42.59,116.16;40.59,116.72;
#584:
>0:40.35,116.83;39.91,117.95;
#585:
>0:35.09,111.29;35.52,113.81;30.21,113.84;31.91,117.43;31.93,121.12;
#586:
>0:37.67,112.26;33.11,109.15;31.07,110.51;
#587:
>0:41.49,117.58;40.62,117.19;
#588:
>0:33.83,111.03;32.06,111.4;27.74,115.44;25.08,113.83;19.24,115.88;
#589:
>0:41.51,116.79;41.83,117.27;
#590:
>0:24.46,111.21;20.95,112.06;22.12,115.09;20.19,116.59;
#591:
>0:41.13,117.87;37.17,114.51;29.38,113.21;
#592:
>0:39.94,116.8;39.8,116.97;
#593:
>0:41.4,116.18;39.92,118.14;
#594:
>0:18.69,117.16;23.09,117.08;27.04,114.94;31.01,115.62;33.58,117.64;
#595:
>0:27.99,114.42;29.26,112.15;27.33,109.65;
#596:
>0:22.88,120.89;27.47,119.84;30.13,118.65;33.51,118.76;39.9,116.68;
#597:
>0:40.69,117.45;42.02,117.3;
#598:
>0:42.88,116.26;40.15,117.84;
#599:
>0:33.23,119.34;31.32,119.03;27.44,115.69;22.86,113.91;18.24,110.81;
#600:
>0:28.0,120.09;24.11,119.53;18.5,118.06;
#601:
>0:32.67,115.81;28.88,113.85;24.65,111.38;19.66,112.16;
#602:
>0:39.65,117.48;40.99,118.1;
#603:
>0:34.42,118.77;35.97,116.42;28.41,113.38;
#604:
>0:42.0,116.44;39.65,116.55;
#605:
>0:27.95,113.4;25.29,117.05;
#606:
>0:26.3,119.9;25.11,117.77;20.28,116.56;20.12,115.19;
#607:
>0:32.43,118.78;26.99,116.29;24.97,117.25;
#608:
>0:32.21,121.62;32.03,121.05;
#609:
>0:28.39,113.06;26.49,112.03;
#610:
>0:22.96,110.1;26.89,112.45;
#611:
>0:40.01,117.43;39.5,116.32;
#612:
>0:22.12,119.94;28.57,118.22;32.47,115.88;30.8,113.56;30.65,111.52;31.24,109.68;
#613:
>0:42.45,117.16;39.5,117.8;
#614:
>0:39.68,116.99;40.81,117.23;
#615:
>0:24.23,109.16;28.91,112.05;31.27,114.68;
#616:
>0:19.93,109.8;19.99,110.14;
#617:
>0:42.26,116.31;40.44,117.45;
#618:
>0:32.19,121.4;30.79,119.81;
#619:
>0:40.09,116.62;42.55,116.85;
#620:
>0:39.68,117.02;40.65,116.61;
#621:
>0:20.88,111.47;23.14,109.6;29.1,109.25;
#622:
>0:42.76,116.81;43.1,116.13;
#623:
>0:29.76,121.38;32.28,120.16;
#624:
>0:42.3,117.8;39.9,116.41;
#625:
>0:40.75,116.28;39.86,117.39;
#626:
>0:32.8,114.74;28.22,112.49;27.58,113.46;20.92,112.69;
#627:
>0:38.26,114.81;40.71,116.29;35.8,116.74;31.06,116.8;28.47,117.74;19.78,120.14;
#628:
>0:41.11,117.77;40.54,117.06;
#629:
>0:27.8,114.62;28.01,112.03;27.59,111.2;
#630:
>0:33.58,110.64;30.87,111.42;
#631:
>0:24.55,112.18;18.7,112.18;
#632:
>0:36.93,118.22;36.33,117.49;30.0,114.32;29.72,111.55;29.96,110.35;
#633:
>0:40.42,117.02;39.94,116.65;
#634:
>0:32.78,120.82;32.04,121.23;
#635:
>0:41.38,116.75;40.12,117.41;
#636:
>0:37.78,121.15;38.61,120.57;
#637:
>0:28.73,114.66;25.61,112.94;26.75,111.19;
#638:
>0:24.46,120.99;25.74,120.37;31.22,121.25;35.88,120.55;39.99,118.03;
#639:
>0:25.8,120.2;24.68,118.05;20.05,115.87;25.4,116.41;27.71,114.27;19.44,111.2;
#640:
>0:40.0,116.76;42.67,117.31;
#641:
>0:31.26,120.6;30.83,119.97;
#642:
>0:39.56,117.1;39.74,116.87;
#643:
>0:33.01,116.21;32.21,115.29;28.32,113.98;
#644:
>0:32.64,113.37;27.96,114.43;25.18,117.5;
#645:
>0:37.53,121.61;37.34,119.44;33.32,121.3;31.77,119.28;25.54,113.7;
#646:
>0:39.94,116.84;39.62,117.69;
#647:
>0:41.17,116.77;41.35,117.49;
#648:
>0:29.34,120.78;30.24,120.32;
#649:
>0:23.24,111.18;27.07,112.39;32.94,114.58;35.78,117.21;40.15,116.17;40.28,121.52;
#650:
>0:20.68,109.59;22.7,110.25;19.26,111.62;18.5,116.45;
#651:
>0:34.24,116.33;40.51,117.84;34.63,111.81;
#652:
>0:41.16,117.11;43.1,117.91;
#653:
>0:34.56,115.95;35.16,118.9;
#654:
>0:23.32,113.86;28.74,112.57;29.44,109.22;33.04,110.91;37.89,110.96;
#655:
>0:20.32,113.54;22.93,112.43;25.92,109.58;
#656:
>0:41.11,116.34;40.12,114.49;29.86,116.89;
#657:
>0:42.19,116.34;40.45,117.09;
#658:
>0:39.45,116.53;39.68,117.86;
#659:
>0:42.63,116.47;42.14,117.29;
#660:
>0:29.8,120.58;31.17,120.08;
#661:
>0:38.04,117.68;41.68,116.5;
#662:
>0:43.01,117.05;40.12,116.19;
#663:
>0:21.3,120.32;22.15,118.5;29.0,116.58;32.24,114.85;33.92,112.62;38.2,110.52;
#664:
>0:41.26,117.0;40.45,118.06;
#665:
>0:25.35,121.37;27.4,118.42;31.87,116.83;31.21,113.91;29.86,112.64;32.63,109.62;
#666:
>0:30.36,121.06;31.14,121.51;
#667:
>0:42.59,117.19;41.69,117.73;
#668:
>0:23.67,119.36;27.98,115.94;32.85,115.42;30.6,112.35;30.74,111.03;
#669:
>0:41.74,116.73;40.46,117.0;
#670:
>0:42.79,116.43;42.49,116.17;
#671:
>0:31.01,119.84;32.25,121.73;
#672:
>0:21.43,117.9;21.06,117.5;21.82,114.99;18.6,113.27;
#673:
>0:37.94,109.9;34.09,111.71;30.43,113.98;27.12,113.15;23.74,113.72;18.75,114.38;
#674:
>0:37.01,120.09;37.26,119.58;32.97,117.39;
#675:
>0:42.81,116.94;42.64,117.52;
#676:
>0:25.68,117.34;32.14,117.8;35.1,117.17;36.91,118.66;
#677:
>0:20.75,110.88;21.74,110.08;
#678:
>0:27.49,113.92;27.32,116.99;27.72,119.32;
#679:
>0:42.26,117.35;40.54,117.86;
#680:
>0:40.72,117.72;39.93,118.1;
#681:
>0:39.88,117.3;41.84,117.37;
#682:
>0:23.63,113.74;26.07,115.12;30.28,114.29;
#683:
>0:42.52,116.73;39.87,116.29;
#684:
>0:31.73,120.42;29.06,120.4;32.56,119.35;26.34,113.49;
#685:
>0:28.29,115.9;30.79,113.97;
#686:
>0:27.71,110.9;32.55,112.94;34.16,111.33;
#687:
>0:40.58,116.08;40.18,116.84;
#688:
>0:30.88,115.27;30.22,117.44;30.86,117.85;
#689:
>0:23.04,111.2;19.69,112.28;25.05,114.77;23.29,117.29;25.08,118.82;
#690:
>0:40.36,116.46;41.43,116.34;
#691:
>0:31.8,121.42;32.46,121.62;
#692:
>0:43.01,117.91;40.41,118.05;
#693:
>0:43.07,116.41;40.76,116.04;
#694:
>0:30.12,120.08;29.43,119.85;
#695:
>0:31.61,113.54;27.9,111.46;23.12,114.06;
#696:
>0:42.55,116.72;40.98,116.04;
#697:
>0:42.54,116.43;41.33,117.83;
#698:
>0:30.09,116.08;30.75,114.44;
#699:
>0:26.73,120.02;25.14,120.99;20.36,120.47;
#700:
>0:32.22,109.89;28.94,110.13;22.68,112.46;18.59,112.64;
#701:
>0:31.47,121.49;29.61,120.52;
#702:
>0:25.27,110.99;19.45,112.85;23.9,113.07;26.16,113.84;26.28,118.95;
#703:
>0:37.96,113.27;36.3,114.96;29.54,114.12;26.09,113.17;25.49,114.29;18.93,114.34;
#704:
>0:39.74,116.18;41.58,117.1;
#705:
>0:31.69,118.3;34.1,117.87;41.25,116.36;
#706:
>0:33.95,109.63;33.84,112.81;
#707:
>0:40.83,116.94;40.99,117.3;
#708:
>0:29.47,121.37;29.77,121.5;
#709:
>0:40.47,117.81;42.57,116.9;
#710:
>0:39.92,116.87;41.01,117.7;
#711:
>0:40.03,117.3;42.91,117.34;
#712:
>0:30.28,120.15;30.84,120.53;
#713:
>0:30.17,121.78;31.45,120.27;
#714:
>0:39.67,116.76;40.4,117.81;
#715:
>0:20.54,116.58;25.38,116.43;27.65,113.94;30.08,113.03;36.0,113.76;38.88,112.03;
#716:
>0:41.88,116.7;42.94,116.1;
#717:
>0:41.09,116.87;41.91,116.62;
#718:
>0:41.67,117.8;42.73,117.09;
#719:
>0:22.99,110.44;26.21,112.24;28.15,109.85;29.73,111.44;36.73,112.12;
#720:
>0:32.26,119.35;34.48,118.9;
#721:
>0:20.99,120.46;22.63,119.65;26.16,116.02;30.7,114.82;34.74,111.47;40.3,110.64;
#722:
>0:42.0,117.43;41.01,117.53;
#723:
>0:38.63,115.19;41.16,117.82;
#724:
>0:42.01,117.35;42.36,117.78;
#725:
>0:31.01,120.24;30.88,120.54;
#726:
>0:37.42,110.78;34.27,110.92;29.76,112.19;26.12,111.28;
#727:
>0:22.47,109.99;28.37,112.44;28.56,114.74;33.3,114.54;
#728:
>0:30.12,116.67;27.66,114.95;22.51,112.64;22.96,110.16;
#729:
>0:20.26,112.64;24.03,115.28;25.97,116.74;29.85,119.08;29.51,120.56;37.59,121.27;
#730:
>0:19.18,112.0;25.01,115.13;26.49,116.12;29.69,118.71;29.67,121.7;39.38,121.6;
#731:
>0:36.08,119.93;30.4,119.4;30.52,116.63;31.42,113.82;24.97,111.53;
#732:
>0:27.12,109.66;22.29,113.26;18.53,112.89;
#733:
>0:41.85,117.81;42.51,116.15;
#734:
>0:41.5,116.77;41.9,117.1;
#735:
>0:32.69,120.35;32.41,119.93;
#736:
>0:38.26,112.17;34.35,110.17;
#737:
>0:41.47,116.47;42.38,116.62;
#738:
>0:34.48,117.53;30.12,118.45;27.32,119.12;
#739:
>0:31.03,120.17;31.67,120.3;
#740:
>0:30.76,112.95;33.39,113.66;
#741:
>0:21.97,113.93;18.88,111.37;
#742:
>0:36.88,112.38;35.91,110.73;30.67,112.93;27.92,109.96;23.46,112.8;20.89,111.73;
#743:
>0:41.55,116.7;36.43,118.15;30.7,118.67;31.74,121.54;26.46,120.35;20.19,119.69;
#744:
>0:40.11,116.65;42.05,116.25;
#745:
>0:41.84,117.93;40.52,116.28;
#746:
>0:41.1,116.17;40.37,118.02;
#747:
>0:40.4,116.11;41.86,118.08;
#748:
>0:41.15,117.05;41.96,117.3;
#749:
>0:28.26,119.46;31.32,116.94;31.3,114.54;30.93,111.43;30.49,109.27;
#750:
>0:27.68,117.99;32.16,117.46;34.54,115.37;
#751:
>0:22.45,116.57;20.17,114.12;
#752:
>0:24.22,119.24;27.66,119.83;32.34,117.99;30.26,120.13;38.07,120.69;
#753:
>0:26.93,115.58;29.83,117.15;29.54,121.22;
#754:
>0:40.41,116.33;39.87,117.73;
#755:
>0:39.52,115.41;34.2,113.52;
#756:
>0:18.33,111.76;25.03,110.44;26.28,111.1;
#757:
>0:29.26,111.22;29.4,111.46;29.06,114.53;22.24,114.23;21.81,119.28;
#758:
>0:18.37,113.96;22.96,116.12;28.07,118.24;
#759:
>0:31.77,111.3;28.4,111.04;25.41,110.64;
#760:
>0:38.1,110.13;34.77,109.49;39.36,111.36;41.39,116.3;
#761:
>0:35.62,117.68;37.58,117.98;
#762:
>0:41.61,117.93;41.64,117.16;
#763:
>0:30.05,116.08;31.78,115.91;
#764:
>0:42.06,116.45;41.98,116.38;
#765:
>0:42.35,116.86;35.87,117.95;31.49,121.06;
#766:
>0:40.49,116.06;42.41,116.35;
#767:
>0:41.62,117.76;40.55,117.45;
#768:
>0:41.59,117.41;42.79,118.03;
#769:
>0:41.23,117.31;39.53,117.44;
#770:
>0:41.41,116.91;39.49,116.1;
#771:
>0:24.46,118.5;29.08,116.54;31.77,114.47;33.31,113.14;36.39,109.24;
#772:
>0:31.29,121.45;32.4,120.26;
#773:
>0:28.78,117.72;31.03,119.42;27.49,115.85;31.3,111.82;
#774:
>0:23.72,113.22;22.23,112.54;
#775:
>0:29.9,109.36;34.5,113.1;39.2,111.97;
#776:
>0:18.74,119.56;23.96,115.5;
#777:
>0:40.15,116.45;41.23,117.08;
#778:
>0:34.0,120.37;35.06,119.29;34.18,117.02;34.77,114.94;
#779:
>0:19.1,111.02;19.97,110.89;
#780:
>0:42.36,116.65;39.47,117.48;
#781:
>0:41.13,116.56;42.48,116.17;
#782:
>0:42.94,116.24;40.41,117.56;
#783:
>0:36.22,112.8;35.03,114.59;32.3,114.3;27.45,113.32;19.09,110.82;
#784:
>0:20.91,109.24;18.18,110.84;
#785:
>0:26.37,114.98;28.74,115.61;28.05,119.36;
#786:
>0:37.48,111.07;33.33,110.91;31.63,110.62;28.9,109.6;
#787:
>0:18.46,112.02;23.62,113.17;26.24,115.38;30.68,116.81;36.27,116.68;
#788:
>0:18.63,110.31;19.23,110.92;
#789:
>0:31.18,115.96;30.09,115.21;29.58,111.39;
#790:
>0:30.93,119.94;31.17,120.77;
#791:
>0:41.81,117.43;41.78,116.27;
#792:
>0:42.49,116.2;40.08,117.45;
#793:
>0:39.96,116.87;42.59,116.2;
#794:
>0:20.98,120.18;24.81,120.06;28.53,121.39;30.11,119.19;33.03,118.74;42.75,116.31;
#795:
>0:42.87,117.63;39.86,118.14;
#796:
>0:24.13,113.47;24.44,114.53;
#797:
>0:32.32,120.37;29.74,121.6;
#798:
>0:41.27,116.92;42.38,117.02;
#799:
>0:40.41,116.1;40.05,116.88;
#800:
>0:35.2,119.09;36.1,117.06;31.59,116.62;26.66,113.37;19.07,110.75;
#801:
>0:42.18,116.32;40.59,117.71;
#802:
>0:41.92,117.01;40.22,117.93;
#803:
>0:24.33,110.82;20.23,111.52;25.52,112.8;26.65,114.19;26.72,118.09;
#804:
>0:32.62,116.66;32.82,114.74;
#805:
>0:18.33,112.93;22.47,109.32;27.02,109.49;
#806:
>0:39.32,118.08;42.41,116.39;
#807:
>0:36.28,119.66;32.53,120.54;
#808:
>0:30.53,119.72;32.85,121.71;
#809:
>0:28.39,109.76;31.72,111.49;34.07,113.37;42.83,116.01;
#810:
>0:22.45,114.31;21.88,113.45;
#811:
>0:21.09,115.46;22.4,112.37;26.5,109.17;31.64,110.15;
#812:
>0:41.43,116.59;42.58,117.92;
#813:
>0:28.01,110.71;29.6,112.84;33.76,111.52;
#814:
>0:29.28,114.55;30.18,113.98;
#815:
>0:19.79,114.07;24.43,115.52;27.29,117.91;27.86,121.03;
#816:
>0:42.02,117.9;41.56,116.6;
#817:
>0:31.1,121.2;31.76,119.72;
#818:
>0:42.84,116.69;42.18,117.05;
#819:
>0:42.3,117.72;42.09,117.52;
#820:
>0:39.1,117.35;34.19,117.05;
#821:
>0:40.79,116.81;40.92,117.48;
#822:
>0:40.07,117.48;42.97,117.46;
#823:
>0:31.71,120.62;29.41,120.98;
#824:
>0:28.55,115.78;28.68,117.99;20.26,119.74;
#825:
>0:29.71,119.53;31.88,117.03;29.83,114.06;31.27,112.11;32.78,110.26;
#826:
>0:29.46,116.38;30.57,117.08;
#827:
>0:38.72,109.21;35.84,110.48;32.34,110.89;
#828:
>0:41.87,116.53;42.89,116.37;
#829:
>0:24.16,116.3;28.77,113.41;24.61,112.08;
#830:
>0:33.98,115.6;31.25,114.36;28.61,113.49;
#831:
>0:27.21,110.63;31.05,111.59;26.52,115.18;24.2,113.44;19.57,117.63;
#832:
>0:35.04,119.84;34.47,119.23;33.74,117.39;31.65,117.29;25.29,112.87;
#833:
>0:18.67,113.42;24.22,115.46;27.59,113.78;
#834:
>0:39.69,117.27;41.0,116.64;
#835:
>0:39.49,116.83;40.44,116.63;
#836:
>0:41.97,117.11;42.82,116.25;
#837:
>0:30.54,120.44;32.25,120.31;
#838:
>0:27.9,120.64;30.35,117.63;31.62,116.91;
#839:
>0:40.9,116.65;40.09,117.48;
#840:
>0:21.54,115.31;21.01,115.74;19.04,118.41;
#841:
>0:40.34,118.85;42.38,116.22;
#842:
>0:29.57,120.44;30.18,120.41;
#843:
>0:26.5,120.51;24.16,119.4;19.84,119.63;
#844:
>0:20.07,111.68;18.67,113.77;20.56,117.55;20.8,119.35;18.39,121.54;
#845:
>0:42.51,116.86;39.77,116.85;
#846:
>0:22.73,120.92;25.94,121.36;21.4,116.82;
#847:
>0:32.47,120.06;32.01,120.91;
#848:
>0:29.4,120.19;29.51,120.98;
#849:
>0:29.64,115.54;32.24,117.03;
#850:
>0:41.03,116.91;43.07,117.54;
#851:
>0:40.46,116.08;42.3,116.62;
#852:
>0:25.14,121.08;28.68,119.68;32.78,115.97;35.17,113.49;37.14,112.27;
#853:
>0:23.78,120.72;25.65,121.03;19.73,117.08;
#854:
>0:21.83,109.93;20.07,110.74;
#855:
>0:26.4,119.38;30.12,118.67;26.58,117.29;31.19,112.13;
#856:
>0:31.67,120.95;31.32,119.88;
#857:
>0:20.14,116.75;22.9,115.49;
#858:
>0:35.67,121.1;29.72,121.78;
#859:
>0:39.64,117.9;40.51,117.19;
#860:
>0:41.57,117.75;42.21,116.02;
#861:
>0:40.92,118.31;41.57,116.38;
#862:
>0:23.57,116.92;20.95,114.84;
#863:
>0:41.96,117.08;42.61,117.15;
#864:
>0:34.48,112.42;35.45,114.3;32.68,114.2;32.1,117.24;32.79,120.64;
#865:
>0:34.28,109.47;31.81,112.18;26.87,115.26;24.52,114.14;18.52,116.55;
#866:
>0:27.75,118.03;32.66,116.68;26.45,114.7;34.56,112.02;
#867:
>0:40.38,118.01;40.56,117.48;
#868:
>0:40.85,117.66;43.05,117.76;
#869:
>0:21.69,111.54;24.79,113.52;23.14,115.71;24.53,117.98;
#870:
>0:33.22,109.31;38.96,110.91;
#871:
>0:34.97,113.14;39.01,112.03;39.96,114.07;37.07,117.82;
#872:
>0:42.74,117.71;41.83,117.3;
#873:
>0:42.87,116.39;41.5,117.31;
#874:
>0:40.42,116.54;40.78,116.56;
#875:
>0:39.92,117.05;40.75,117.97;
#876:
>0:29.01,118.55;32.59,117.64;32.59,121.3;39.97,121.53;
#877:
>0:42.05,116.43;41.0,116.71;
#878:
>0:23.21,112.37;28.19,115.35;29.84,116.3;31.26,118.84;39.88,116.33;
#879:
>0:41.85,116.85;40.35,116.39;
#880:
>0:19.42,110.57;20.16,112.47;23.53,112.51;22.39,113.93;18.3,118.28;
#881:
>0:40.32,116.25;40.01,117.06;
#882:
>0:33.39,113.89;32.54,112.73;28.75,109.98;24.86,110.8;
#883:
>0:22.2,113.66;24.75,115.44;
#884:
>0:42.28,116.8;42.91,117.37;
#885:
>0:35.19,109.29;31.01,111.67;28.66,115.44;29.67,115.65;30.1,118.89;27.74,120.72;
#886:
>0:36.71,117.62;38.94,116.82;37.25,114.64;40.34,112.24;38.8,110.99;
#887:
>0:42.46,118.1;40.98,117.57;
#888:
>0:41.4,117.48;41.09,117.86;
#889:
>0:27.35,118.23;31.46,115.75;31.28,113.39;29.95,113.22;32.58,110.43;
#890:
>0:41.71,117.38;38.87,117.21;
#891:
>0:32.05,119.91;31.63,119.9;
#892:
>0:33.93,114.67;40.66,117.67;38.25,118.12;39.29,120.6;
#893:
>0:30.66,115.75;29.13,114.21;22.59,112.64;19.18,113.17;
#894:
>0:28.0,120.98;28.45,121.7;
#895:
>0:41.06,116.01;38.13,115.17;36.0,111.73;27.45,109.53;
#896:
>0:40.45,117.58;41.18,117.96;
#897:
>0:31.7,120.34;29.75,121.31;
#898:
>0:29.46,120.86;31.17,120.4;
#899:
>0:32.15,120.79;29.93,119.79;
#900:
>0:20.88,115.26;24.2,112.66;28.78,109.16;32.19,110.68;
#901:
>0:42.05,117.48;39.82,116.66;
#902:
>0:40.93,116.11;42.23,116.19;
#903:
>0:42.49,116.83;41.01,116.88;
#904:
>0:36.75,117.25;42.37,117.41;
#905:
>0:42.54,116.71;41.22,117.2;
#906:
>0:39.82,117.65;43.0,116.74;
#907:
>0:19.3,110.8;18.34,109.82;
#908:
>0:20.93,110.4;21.17,110.81;
#909:
>0:23.37,113.21;24.07,111.84;
#910:
>0:41.06,116.36;41.48,117.04;
#911:
>0:23.26,119.74;27.68,121.39;20.51,116.64;
#912:
>0:42.32,117.12;40.58,116.15;
#913:
>0:28.92,121.15;30.45,119.6;25.88,117.33;24.83,114.12;25.21,111.55;24.51,110.94;
#914:
>0:40.17,116.32;40.25,117.16;
#915:
>0:38.12,118.8;35.65,120.69;31.91,118.41;27.08,117.3;22.79,116.64;
#916:
>0:29.29,120.16;29.31,121.69;
#917:
>0:31.63,121.8;31.69,121.7;
#918:
>0:30.19,117.93;30.95,117.1;32.54,114.61;31.19,111.97;30.3,110.35;
#919:
>0:41.07,117.3;42.49,117.95;
#920:
>0:39.02,112.0;38.64,115.28;31.56,111.36;
#921:
>0:23.66,119.48;27.51,116.29;26.89,114.45;31.68,112.45;39.22,114.3;
#922:
>0:18.97,109.28;19.34,110.36;
#923:
>0:29.45,121.56;32.77,121.2;
#924:
>0:18.4,110.88;21.02,109.8;
#925:
>0:40.02,116.82;41.92,117.99;
#926:
>0:41.57,117.18;40.14,116.49;
#927:
>0:42.49,117.59;42.85,116.99;
#928:
>0:41.33,118.04;39.45,117.17;
#929:
>0:31.04,121.38;29.51,120.91;
#930:
>0:20.78,117.48;24.3,117.76;28.23,120.27;31.99,118.44;30.19,120.37;39.75,121.78;
#931:
>0:33.29,116.15;31.72,117.58;
#932:
>0:40.08,117.8;41.44,117.6;
#933:
>0:22.07,118.84;27.47,116.16;29.92,114.36;29.45,113.11;31.62,110.94;
#934:
>0:42.39,116.25;40.62,116.83;
#935:
>0:39.46,116.81;42.49,116.03;
#936:
>0:40.29,117.41;41.81,116.87;
#937:
>0:30.32,118.24;34.11,115.81;33.14,113.79;34.9,111.58;35.98,110.32;
#938:
>0:30.0,121.81;28.92,117.64;24.68,119.39;
#939:
>0:41.41,117.84;39.82,116.31;
#940:
>0:32.59,119.85;31.59,121.17;
#941:
>0:35.12,111.07;30.23,112.76;27.5,114.16;26.07,116.76;
#942:
>0:40.07,116.26;40.0,117.4;
#943:
>0:39.49,116.88;39.73,118.0;
#944:
>0:23.62,109.69;29.16,111.85;26.11,111.22;32.88,112.73;40.12,111.83;
#945:
>0:30.59,119.72;35.82,118.61;40.23,118.03;
#946:
>0:22.55,114.33;18.5,113.01;20.39,110.59;
#947:
>0:29.76,121.11;29.56,121.74;
#948:
>0:21.74,110.07;20.68,111.08;
#949:
>0:39.74,117.72;42.07,116.38;
#950:
>0:30.99,115.97;29.92,118.11;25.69,116.72;19.29,113.06;
#951:
>0:33.27,117.44;31.77,116.28;27.55,114.14;23.54,115.97;
#952:
>0:42.2,117.43;41.15,116.06;
#953:
>0:19.66,113.45;24.06,111.7;27.46,109.67;
#954:
>0:26.17,112.24;22.33,114.32;27.01,113.42;28.35,118.48;
#955:
>0:32.57,117.91;31.53,117.37;30.09,113.97;31.11,112.39;32.89,110.63;
#956:
>0:36.6,110.98;31.66,113.12;27.28,115.07;23.68,115.05;19.61,117.09;
#957:
>0:32.1,116.03;29.37,115.22;
#958:
>0:39.61,116.81;41.83,116.17;
#959:
>0:41.37,117.68;40.74,116.85;
#960:
>0:20.84,114.75;20.88,116.43;23.17,117.34;26.43,114.82;34.65,114.41;
#961:
>0:31.11,121.61;29.57,120.16;
#962:
>0:38.48,112.51;35.12,109.64;
#963:
>0:40.72,116.02;39.94,117.19;
#964:
>0:41.14,116.11;41.88,117.35;
#965:
>0:41.37,116.1;42.63,116.89;
#966:
>0:42.7,116.13;40.1,116.82;
#967:
>0:24.95,109.56;27.21,113.21;29.28,114.2;
#968:
>0:19.12,117.86;23.68,117.44;
#969:
>0:19.0,114.84;25.1,113.73;28.72,114.57;31.9,112.1;35.98,113.91;39.56,113.29;
#970:
>0:37.44,118.38;34.11,121.58;31.71,119.27;26.76,117.37;22.83,116.76;
#971:
>0:41.58,117.81;39.44,116.06;
#972:
>0:41.24,117.39;39.7,116.32;
#973:
>0:30.96,120.78;32.29,121.12;
#974:
>0:41.07,116.86;41.18,117.33;
#975:
>0:40.47,116.36;42.49,116.78;
#976:
>0:32.24,119.37;27.84,116.79;23.26,116.44;
#977:
>0:18.23,117.1;23.58,116.47;26.24,115.23;31.9,112.5;36.42,114.78;
#978:
>0:35.02,115.92;31.83,115.54;
#979:
>0:26.31,115.38;30.12,117.37;35.66,117.04;
#980:
>0:21.46,111.05;19.71,109.94;
#981:
>0:18.23,115.02;24.58,116.64;28.49,117.63;28.99,121.18;
#982:
>0:42.03,117.5;41.21,116.53;
#983:
>0:32.05,120.28;30.55,121.65;
#984:
>0:18.28,110.0;20.71,110.98;
#985:
>0:35.98,112.66;39.43,112.09;34.71,116.46;
#986:
>0:42.86,116.76;40.86,116.79;
#987:
>0:24.86,113.21;28.03,109.17;32.24,110.59;
#988:
>0:40.09,116.61;41.63,116.35;
#989:
>0:42.81,116.89;42.28,116.61;
#990:
>0:41.19,116.45;40.91,116.79;
#991:
>0:23.04,118.54;28.52,115.78;32.22,113.52;36.51,111.64;39.65,110.6;
#992:
>0:23.92,117.36;21.5,115.17;
#993:
>0:39.78,116.48;40.18,116.76;
#994:
>0:41.23,116.6;41.39,117.25;
#995:
>0:40.67,116.9;41.36,116.13;
#996:
>0:32.49,115.34;29.46,115.7;
#997:
>0:21.1,113.31;19.14,113.69;18.72,116.17;19.97,119.01;20.44,120.41;
#998:
>0:32.75,114.74;34.62,111.6;37.56,112.14;
#999:
>0:39.64,117.63;40.55,116.91;
#1000:
>0:29.79,113.87;26.78,117.04;31.32,116.68;23.56,121.3;
#1001:
>0:36.58,116.48;30.26,114.75;27.93,113.02;23.05,111.21;
#1002:
>0:32.84,111.07;31.41,112.4;
#1003:
>0:41.59,117.18;43.09,117.33;
#1004:
>0:22.46,113.02;26.73,114.95;
#1005:
>0:42.42,116.15;42.08,117.16;
#1006:
>0:42.07,116.3;40.38,116.71;
#1007:
>0:43.11,118.0;40.67,117.4;
#1008:
>0:24.5,114.89;26.3,113.8;30.44,114.01;
#1009:
>0:27.23,120.14;23.71,118.67;20.72,116.45;21.4,114.7;
#1010:
>0:40.4,117.32;42.62,116.32;
#1011:
>0:41.29,116.21;41.96,117.14;
#1012:
>0:20.81,115.93;21.89,116.65;26.97,114.97;32.76,112.53;35.22,114.1;
#1013:
>0:25.04,113.99;24.75,114.1;
#1014:
>0:32.45,119.85;31.64,121.75;
#1015:
>0:19.31,116.94;22.02,119.38;27.89,121.53;30.22,121.14;
#1016:
>0:31.93,110.09;31.43,112.95;
#1017:
>0:39.81,117.76;41.07,116.06;
#1018:
>0:41.48,116.91;40.32,117.74;
#1019:
>0:27.05,119.4;31.83,116.75;33.98,114.67;39.71,111.54;37.95,109.64;
#1020:
>0:30.59,120.45;30.59,121.69;
#1021:
>0:39.55,116.37;40.06,117.26;
#1022:
>0:40.34,116.67;43.02,116.89;
#1023:
>0:41.88,116.86;41.01,118.11;
#1024:
>0:18.51,111.4;21.53,115.15;19.06,117.32;21.79,117.83;20.41,120.94;
#1025:
>0:40.06,117.2;42.32,116.08;
#1026:
>0:40.19,116.36;42.34,117.56;
#1027:
>0:42.15,117.55;33.79,114.92;30.19,111.74;26.27,109.32;22.41,109.23;
#1028:
>0:36.17,112.79;36.59,115.32;32.62,114.56;31.71,116.6;25.36,119.88;
#1029:
>0:29.46,120.15;32.5,121.78;
#1030:
>0:40.67,117.84;42.1,117.03;
#1031:
>0:42.65,117.53;41.03,116.95;
#1032:
>0:31.27,119.8;29.75,120.68;
#1033:
>0:43.04,116.39;40.48,117.07;
#1034:
>0:27.25,117.4;32.34,113.56;36.32,111.56;37.41,111.12;
#1035:
>0:40.34,117.24;40.13,116.29;
#1036:
>0:23.22,109.17;26.11,112.75;26.76,111.13;32.91,112.45;38.96,111.91;
#1037:
>0:30.23,115.72;30.36,115.01;30.91,111.87;
#1038:
>0:40.23,117.84;40.67,116.29;
#1039:
>0:30.21,121.27;30.04,121.32;
#1040:
>0:27.44,116.21;26.46,118.74;
#1041:
>0:32.35,115.36;30.5,117.31;26.65,119.57;18.18,120.15;
#1042:
>0:42.46,116.83;40.02,116.75;
#1043:
>0:32.18,120.76;31.67,120.01;
#1044:
>0:40.19,116.57;41.62,117.12;
#1045:
>0:34.79,111.38;35.33,115.4;29.9,114.14;29.63,116.67;23.97,120.32;
#1046:
>0:21.31,112.62;23.95,113.3;24.78,115.09;29.57,116.72;
#1047:
>0:26.81,111.34;26.48,110.88;30.1,112.83;37.1,113.83;
#1048:
>0:23.87,111.12;19.04,112.95;22.8,111.63;26.47,115.15;31.27,119.13;
#1049:
>0:41.77,116.07;41.39,116.46;
#1050:
>0:30.73,117.92;33.61,117.58;33.11,113.78;33.32,111.98;33.29,109.66;
#1051:
>0:41.96,116.38;40.42,117.07;
#1052:
>0:42.35,117.5;41.7,117.21;
#1053:
>0:32.54,120.83;32.23,120.76;
#1054:
>0:18.97,114.69;23.2,116.51;28.48,118.2;
#1055:
>0:30.86,121.68;31.17,119.85;
#1056:
>0:24.54,115.43;29.12,115.61;32.52,118.75;30.69,120.86;39.87,120.43;
#1057:
>0:38.4,116.95;42.61,117.11;
#1058:
>0:22.51,115.01;20.73,111.5;
#1059:
>0:41.44,116.69;40.54,117.17;
#1060:
>0:42.42,117.48;40.27,117.17;
#1061:
>0:34.23,120.1;35.12,118.65;34.88,115.96;35.79,115.22;
#1062:
>0:39.9,112.85;35.93,111.11;
#1063:
>0:39.81,117.04;41.96,116.44;
#1064:
>0:42.17,117.98;42.77,118.0;
#1065:
>0:31.61,117.35;28.22,114.49;
#1066:
>0:20.19,113.39;21.88,113.85;23.12,116.13;28.74,114.35;34.37,114.2;
#1067:
>0:27.01,119.49;30.8,116.71;25.66,113.62;34.98,111.37;
#1068:
>0:41.0,116.72;41.78,116.46;
#1069:
>0:19.93,111.33;21.33,113.4;21.72,115.88;19.44,118.18;21.62,121.3;
#1070:
>0:43.12,116.5;42.38,116.73;
#1071:
>0:25.62,121.3;26.61,121.8;
#1072:
>0:30.09,117.46;31.41,114.45;30.77,111.57;
#1073:
>0:32.15,121.51;27.21,120.06;28.61,116.27;
#1074:
>0:42.08,116.82;42.44,117.13;
#1075:
>0:39.86,116.96;34.59,117.79;30.49,121.52;
#1076:
>0:38.99,113.8;36.2,111.74;31.41,110.71;28.8,110.43;22.02,111.19;
#1077:
>0:39.56,117.01;41.49,117.83;
#1078:
>0:31.97,120.83;26.67,120.1;32.1,119.67;30.24,116.19;31.35,111.32;
#1079:
>0:41.31,118.02;41.21,117.63;
#1080:
>0:41.16,116.5;40.34,118.03;
#1081:
>0:24.2,111.56;29.17,113.86;32.61,116.09;36.21,118.35;40.16,118.2;
#1082:
>0:19.12,110.34;18.51,111.53;25.42,111.57;24.32,113.91;20.94,118.6;
#1083:
>0:22.93,112.1;28.51,109.25;32.15,111.02;
#1084:
>0:35.72,120.86;32.49,119.08;28.75,116.89;27.15,114.36;25.13,111.65;23.99,111.01;
#1085:
>0:39.56,117.21;41.95,116.18;
#1086:
>0:42.92,116.6;42.83,117.64;
#1087:
>0:25.3,118.79;27.31,115.86;32.47,113.91;34.37,112.38;39.68,110.57;
#1088:
>0:32.3,118.77;33.44,116.14;37.81,114.79;38.51,113.08;
#1089:
>0:39.89,116.64;41.75,116.03;
#1090:
>0:29.56,119.03;36.07,119.67;40.97,118.76;
#1091:
>0:36.68,115.06;39.27,111.48;
#1092:
>0:39.14,114.18;33.79,112.3;33.2,109.41;
#1093:
>0:25.44,110.15;28.17,113.06;29.59,114.79;33.5,115.65;41.05,118.12;37.3,121.33;
#1094:
>0:42.16,116.5;40.83,117.19;
#1095:
>0:40.98,116.58;40.13,117.83;
#1096:
>0:37.64,110.72;33.64,109.55;30.97,113.18;27.94,113.01;
#1097:
>0:20.67,109.65;20.0,110.2;
#1098:
>0:22.86,114.14;24.94,112.77;
#1099:
>0:29.58,118.92;26.26,115.94;23.9,115.9;
#1100:
>0:33.17,115.71;31.63,116.56;26.31,114.0;22.78,116.84;
#1101:
>0:27.42,113.59;32.29,117.26;35.64,118.83;39.72,119.39;
#1102:
>0:22.75,115.61;26.07,114.75;22.13,112.57;24.79,110.24;
#1103:
>0:30.89,118.44;33.41,117.25;35.31,114.31;36.52,112.47;34.46,110.03;
#1104:
>0:43.0,116.91;39.1,114.9;35.39,117.4;32.4,115.6;29.71,120.05;
#1105:
>0:29.82,121.39;30.66,121.17;
#1106:
>0:29.28,113.88;35.89,112.04;33.54,109.75;
#1107:
>0:40.3,113.86;35.78,116.29;29.79,115.6;27.56,112.72;
#1108:
>0:24.46,118.4;27.77,116.4;29.58,117.48;33.48,116.94;
#1109:
>0:29.21,116.24;28.0,113.73;33.05,113.54;
#1110:
>0:42.71,116.27;42.04,117.66;
#1111:
>0:41.37,118.03;42.27,116.03;
#1112:
>0:23.4,113.06;28.42,111.2;32.59,111.15;
#1113:
>0:23.57,109.36;26.85,112.51;32.91,113.44;
#1114:
>0:41.3,116.66;42.37,116.06;
#1115:
>0:29.82,117.22;30.98,113.88;
#1116:
>0:39.2,118.95;34.84,121.58;30.69,117.97;27.62,116.85;22.76,115.55;
#1117:
>0:30.89,120.59;30.37,120.39;
#1118:
>0:20.01,110.92;19.72,109.17;
#1119:
>0:25.93,113.69;23.55,111.76;23.28,110.77;
#1120:
>0:42.73,116.98;41.35,116.86;
#1121:
>0:41.55,116.64;40.99,116.5;
#1122:
>0:19.27,109.43;25.38,111.65;24.47,113.51;30.08,117.2;
#1123:
>0:39.68,116.25;41.16,117.66;
#1124:
>0:30.39,120.46;29.61,120.88;
#1125:
>0:28.03,111.1;21.9,111.28;19.11,113.63;
#1126:
>0:41.82,117.71;42.55,117.0;
#1127:
>0:42.39,117.86;40.02,117.17;
#1128:
>0:20.75,111.14;20.04,110.8;
#1129:
>0:18.76,115.13;23.28,111.65;29.19,109.97;32.96,110.82;
#1130:
>0:42.87,116.15;42.72,116.51;
#1131:
>0:40.79,116.95;40.18,117.37;
#1132:
>0:31.21,111.7;26.8,113.49;25.11,112.17;
#1133:
>0:39.73,117.76;42.55,116.71;
#1134:
>0:20.32,110.82;21.76,111.23;
#1135:
>0:27.41,114.15;24.81,114.59;18.58,118.35;
#1136:
>0:41.11,117.15;41.52,117.41;
#1137:
>0:32.45,119.89;31.47,120.17;
#1138:
>0:40.81,117.73;41.28,117.13;
#1139:
>0:32.39,120.24;31.62,120.16;
#1140:
>0:40.42,117.5;39.76,117.77;
#1141:
>0:40.84,117.76;40.94,116.94;
#1142:
>0:24.96,117.02;28.86,114.86;22.35,111.95;
#1143:
>0:32.26,112.34;26.23,115.01;24.51,112.24;
#1144:
>0:31.48,109.64;27.19,113.19;22.09,113.45;19.72,117.03;
#1145:
>0:42.07,116.94;41.6,117.47;
#1146:
>0:39.81,117.74;42.84,117.27;
#1147:
>0:41.84,117.32;41.9,116.36;
#1148:
>0:41.41,116.13;40.35,117.23;
#1149:
>0:30.74,121.17;32.14,120.57;
#1150:
>0:41.85,117.17;41.22,117.51;
#1151:
>0:35.17,112.53;37.28,112.28;39.07,114.04;40.26,117.68;
#1152:
>0:25.89,118.69;31.83,116.47;34.81,114.21;
#1153:
>0:21.7,114.45;25.28,111.77;26.46,111.21;
#1154:
>0:29.6,120.62;29.59,121.06;
#1155:
>0:41.83,116.99;42.56,117.77;
#1156:
>0:21.74,116.18;25.2,118.09;26.39,119.18;32.87,117.79;33.39,116.61;38.82,118.96;
#1157:
>0:42.2,116.28;41.3,117.43;
#1158:
>0:21.1,110.05;22.97,111.98;
#1159:
>0:21.62,114.16;22.27,112.52;26.0,109.91;32.28,110.41;
#1160:
>0:41.62,117.23;42.2,116.69;
#1161:
>0:41.71,117.36;37.36,115.48;
#1162:
>0:30.66,120.36;32.49,119.89;
#1163:
>0:22.66,116.4;27.8,115.1;32.35,116.65;36.06,119.62;41.51,117.52;
#1164:
>0:32.96,121.2;31.86,121.48;
#1165:
>0:32.47,111.32;26.13,115.28;25.25,111.68;
#1166:
>0:32.91,120.33;31.87,120.06;
#1167:
>0:40.76,116.58;39.32,118.47;
#1168:
>0:30.55,121.32;33.24,120.52;37.71,119.88;
#1169:
>0:33.53,118.77;31.39,119.06;26.11,116.05;22.34,114.91;20.73,110.84;
#1170:
>0:23.94,114.18;28.5,113.51;19.46,109.92;
#1171:
>0:42.37,116.21;40.28,118.42;
#1172:
>0:40.0,120.04;36.74,117.93;31.58,121.12;
#1173:
>0:41.03,117.22;42.17,116.13;
#1174:
>0:29.45,121.51;26.54,118.86;24.93,117.35;
#1175:
>0:39.45,119.76;35.28,121.66;29.78,119.46;27.05,117.13;28.95,117.95;20.81,120.42;
#1176:
>0:28.68,118.34;32.42,115.76;29.84,114.36;32.23,113.09;29.34,109.49;
#1177:
>0:31.7,121.56;29.3,121.38;
#1178:
>0:43.09,117.16;39.48,117.04;
#1179:
>0:30.91,120.71;31.43,121.12;
#1180:
>0:26.47,118.85;30.12,119.36;31.0,116.6;30.07,112.14;
#1181:
>0:31.18,118.15;32.43,117.41;
#1182:
>0:30.0,120.64;30.89,121.33;
#1183:
>0:30.32,120.25;30.04,120.62;
#1184:
>0:42.51,117.8;40.14,117.01;
#1185:
>0:21.24,109.43;20.18,110.42;
#1186:
>0:41.34,116.06;41.9,117.35;
#1187:
>0:26.72,113.36;27.6,111.21;31.83,112.13;39.32,114.84;
#1188:
>0:41.99,116.47;41.21,116.58;
#1189:
>0:38.35,112.11;34.49,114.04;34.23,115.96;
#1190:
>0:32.52,120.45;28.23,119.86;32.35,119.01;28.53,114.8;
#1191:
>0:39.56,116.44;42.27,117.03;
#1192:
>0:35.94,115.56;30.6,115.23;25.61,112.24;25.21,110.46;
#1193:
>0:41.41,117.2;39.51,117.72;
#1194:
>0:40.13,116.6;42.7,116.3;
#1195:
>0:22.88,113.29;27.29,114.65;29.49,115.79;35.69,119.65;39.66,117.66;
#1196:
>0:36.03,115.73;29.92,114.47;
#1197:
>0:39.84,117.87;42.42,116.03;
#1198:
>0:42.05,117.94;40.21,116.81;
#1199:
>0:22.97,119.32;28.96,117.16;
#1200:
>0:35.3,110.94;32.88,111.85;25.95,114.54;23.25,113.42;19.47,116.65;
#1201:
>0:40.35,116.49;39.84,118.0;
#1202:
>0:24.94,119.33;28.46,117.24;32.6,114.9;33.09,111.7;39.94,110.18;
#1203:
>0:32.01,120.63;28.26,119.55;23.67,116.56;
#1204:
>0:30.98,121.43;35.21,121.0;39.73,119.75;
#1205:
>0:41.08,118.12;39.99,117.09;
#1206:
>0:40.27,116.39;40.71,116.39;
#1207:
>0:41.25,118.02;37.31,118.57;
#1208:
>0:39.63,117.28;41.98,117.87;
#1209:
>0:38.78,111.25;35.19,109.66;32.28,113.19;27.0,112.38;
#1210:
>0:41.15,117.17;40.85,118.08;
#1211:
>0:40.09,116.27;40.39,117.43;
#1212:
>0:27.66,113.71;26.29,116.97;26.86,118.87;
#1213:
>0:31.97,120.95;29.92,120.5;
#1214:
>0:31.18,120.06;31.17,120.31;
#1215:
>0:35.55,116.24;29.71,117.53;31.65,114.72;24.43,113.24;
#1216:
>0:41.69,118.03;39.57,116.93;
#1217:
>0:37.97,109.61;33.99,110.08;29.75,112.18;28.14,111.31;
#1218:
>0:31.79,120.38;29.86,120.31;
#1219:
>0:25.96,109.6;29.35,112.09;25.99,115.45;24.1,113.57;21.47,117.73;
#1220:
>0:18.49,111.0;18.46,112.21;23.34,112.06;26.47,115.22;34.92,111.34;
#1221:
>0:39.44,116.11;41.37,116.16;
#1222:
>0:32.06,117.45;29.03,115.5;
#1223:
>0:42.6,117.0;43.01,116.31;
#1224:
>0:32.07,121.57;27.9,118.54;27.83,120.04;20.43,116.68;
#1225:
>0:25.01,113.18;26.04,113.59;29.78,116.77;29.92,118.97;33.38,120.02;
#1226:
>0:32.96,121.8;31.23,121.32;
#1227:
>0:41.59,118.09;40.8,116.72;
#1228:
>0:42.29,116.5;41.63,116.61;
#1229:
>0:32.55,120.06;32.11,120.51;
#1230:
>0:41.35,118.11;42.09,116.26;
#1231:
>0:41.31,117.95;40.72,117.59;
#1232:
>0:39.89,116.63;41.33,116.61;
#1233:
>0:25.4,118.44;27.87,115.62;30.94,113.96;30.49,112.89;32.43,110.61;
#1234:
>0:33.94,116.72;40.6,117.44;34.52,112.28;
#1235:
>0:21.41,117.16;22.62,119.37;27.44,120.04;30.63,120.58;
#1236:
>0:41.21,117.29;39.98,116.88;
#1237:
>0:20.15,114.92;24.88,111.46;26.32,111.08;
#1238:
>0:41.03,116.84;41.6,117.31;
#1239:
>0:42.29,116.18;42.46,116.77;
#1240:
>0:42.14,116.46;39.58,116.43;
#1241:
>0:39.6,116.69;40.57,116.13;
#1242:
>0:37.99,115.14;34.73,116.46;39.6,118.17;
#1243:
>0:39.72,113.57;41.79,116.47;
#1244:
>0:28.24,110.67;23.47,112.15;
#1245:
>0:34.38,111.01;39.97,110.97;
#1246:
>0:40.36,116.25;40.51,117.67;
#1247:
>0:39.73,116.15;40.26,117.76;
#1248:
>0:40.54,117.72;40.59,118.08;
#1249:
>0:42.75,117.34;40.8,118.0;
#1250:
>0:33.54,121.03;35.98,118.61;35.98,115.89;33.35,114.6;
#1251:
>0:39.79,118.1;39.95,117.55;
#1252:
>0:32.35,117.42;30.73,114.13;31.13,113.18;
#1253:
>0:32.32,112.22;25.9,114.71;23.37,115.6;
#1254:
>0:39.79,117.99;40.94,117.19;
#1255:
>0:22.6,110.24;28.36,109.54;29.94,109.35;35.18,110.15;38.62,109.87;
#1256:
>0:42.12,116.65;41.52,116.42;
#1257:
>0:41.83,116.77;41.66,117.99;
#1258:
>0:41.46,117.48;42.67,116.12;
#1259:
>0:30.23,112.12;28.3,110.09;24.1,109.57;
#1260:
>0:41.64,116.99;42.09,116.79;
#1261:
>0:41.18,117.14;42.81,117.08;
#1262:
>0:19.54,109.71;18.57,111.24;
#1263:
>0:39.03,118.06;34.12,119.93;31.77,119.02;27.61,116.59;22.44,117.49;
#1264:
>0:28.61,117.62;32.92,117.81;29.44,119.89;39.71,120.56;
#1265:
>0:28.79,120.51;25.76,120.72;
#1266:
>0:36.15,120.84;36.12,119.33;34.45,116.55;34.14,113.65;
#1267:
>0:38.88,116.75;41.6,116.48;
#1268:
>0:24.91,109.71;28.46,113.33;26.6,109.95;34.86,113.77;
#1269:
>0:40.12,117.47;40.14,116.85;
#1270:
>0:21.55,118.5;23.76,116.05;
#1271:
>0:34.43,112.11;35.8,114.37;30.89,115.08;21.98,114.53;
#1272:
>0:41.67,116.71;42.67,116.55;
#1273:
>0:32.75,117.3;36.06,115.1;38.8,114.62;
#1274:
>0:41.73,116.42;43.05,118.53;
#1275:
>0:31.68,121.2;30.4,120.41;
#1276:
>0:31.17,120.57;34.1,118.2;33.35,116.81;42.67,117.16;33.45,112.36;
#1277:
>0:18.6,109.48;21.1,110.72;
#1278:
>0:42.08,117.5;42.34,116.56;
#1279:
>0:31.39,119.29;35.49,121.0;
#1280:
>0:41.34,117.24;40.94,116.03;
#1281:
>0:33.01,111.9;36.21,115.32;31.03,114.4;30.12,117.59;31.65,121.49;
#1282:
>0:19.81,118.86;23.34,117.23;23.96,113.5;
#1283:
>0:29.63,118.42;35.06,115.9;
#1284:
>0:39.06,114.57;34.04,117.2;40.07,118.57;
#1285:
>0:41.35,117.94;41.46,117.73;
#1286:
>0:18.67,118.5;23.63,115.75;
#1287:
>0:35.28,119.54;29.28,117.97;30.62,115.71;26.46,111.35;
#1288:
>0:42.78,117.15;41.12,117.3;
#1289:
>0:32.88,120.58;30.23,119.88;
#1290:
>0:41.09,116.81;42.86,116.32;
#1291:
>0:41.3,116.67;41.4,116.02;
#1292:
>0:42.05,116.6;39.61,117.85;
#1293:
>0:18.3,120.45;23.07,120.75;26.75,121.15;32.8,118.69;35.76,118.99;39.55,117.65;
#1294:
>0:23.02,114.53;23.98,115.35;
#1295:
>0:42.35,117.5;41.94,117.42;
#1296:
>0:32.02,120.22;31.59,121.52;
#1297:
>0:40.93,116.78;41.79,116.79;
#1298:
>0:40.83,116.61;41.91,116.13;
#1299:
>0:43.03,116.49;38.72,117.76;
#1300:
>0:26.62,121.44;30.08,118.82;36.52,116.17;30.01,116.98;31.92,113.69;28.72,109.25;
#1301:
>0:41.17,117.49;40.41,117.33;
#1302:
>0:40.87,117.75;41.43,116.32;
#1303:
>0:40.4,117.92;42.95,116.29;
#1304:
>0:32.74,120.38;32.41,121.29;
#1305:
>0:20.28,117.54;22.43,116.45;28.62,114.5;29.71,112.83;35.05,114.14;
#1306:
>0:39.61,117.39;40.26,117.24;
#1307:
>0:40.35,117.08;42.9,117.08;
#1308:
>0:43.05,117.46;40.79,117.61;
#1309:
>0:43.14,117.51;42.68,117.43;
#1310:
>0:37.87,118.41;36.17,120.91;35.6,118.94;28.93,120.86;
#1311:
>0:30.35,120.9;30.45,120.21;
#1312:
>0:42.76,116.46;41.04,116.13;
#1313:
>0:31.61,118.96;32.98,119.82;
#1314:
>0:40.26,117.01;42.72,116.55;
#1315:
>0:41.75,116.81;41.34,116.63;
#1316:
>0:32.13,119.78;33.14,120.05;38.29,120.01;
#1317:
>0:29.3,120.44;30.59,120.63;
#1318:
>0:21.2,112.24;23.53,113.57;27.26,116.47;29.35,119.26;36.1,119.77;
#1319:
>0:35.98,116.61;34.21,117.71;
#1320:
>0:32.4,112.13;35.06,113.47;
#1321:
>0:37.53,110.44;35.19,111.53;29.28,112.53;
#1322:
>0:42.17,116.27;42.11,116.49;
#1323:
>0:31.15,114.31;30.46,114.39;
#1324:
>0:42.45,117.41;40.75,117.04;
#1325:
>0:42.92,116.16;40.23,117.44;
#1326:
>0:26.06,121.05;31.48,118.98;26.42,115.55;27.16,115.3;24.7,111.27;25.08,110.91;
#1327:
>0:32.99,117.38;40.24,113.93;
#1328:
>0:35.59,109.8;29.42,112.08;26.72,114.74;23.38,114.31;19.74,113.83;
#1329:
>0:23.68,113.35;25.04,113.95;26.49,115.3;33.46,111.95;
#1330:
>0:33.55,115.53;39.99,114.74;
#1331:
>0:36.23,118.59;32.11,119.41;28.92,113.52;
#1332:
>0:31.49,121.48;32.52,121.2;
#1333:
>0:40.52,117.25;42.56,117.96;
#1334:
>0:42.23,116.28;43.04,117.97;
#1335:
>0:20.27,118.71;22.31,116.47;
#1336:
>0:31.57,113.63;34.9,116.5;40.54,117.24;
#1337:
>0:35.81,117.55;39.0,113.4;
#1338:
>0:31.0,113.78;26.01,112.08;23.82,115.01;
#1339:
>0:37.64,119.23;34.17,116.93;32.94,115.96;29.15,111.37;
#1340:
>0:29.86,120.76;29.29,120.89;
#1341:
>0:26.18,110.44;29.78,111.74;35.68,113.91;41.98,117.43;
#1342:
>0:20.53,120.34;21.01,120.66;
#1343:
>0:42.01,117.11;40.46,117.82;
#1344:
>0:42.19,117.06;41.62,117.99;
#1345:
>0:42.32,116.91;41.65,116.23;
#1346:
>0:42.35,118.05;43.14,117.88;
#1347:
>0:41.81,117.64;41.76,117.52;
#1348:
>0:40.3,118.11;42.05,117.66;
#1349:
>0:31.31,121.7;29.72,121.73;
#1350:
>0:25.08,109.6;19.36,112.69;24.92,113.25;27.03,114.13;26.11,119.25;
#1351:
>0:33.24,118.26;31.23,118.07;28.88,116.76;26.26,113.54;19.39,110.58;
#1352:
>0:40.38,116.82;42.43,117.86;
#1353:
>0:26.44,110.54;31.15,112.3;34.89,114.52;40.86,116.77;37.88,119.19;40.07,121.74;
#1354:
>0:32.01,120.87;29.2,121.21;31.8,119.48;22.46,115.36;
#1355:
>0:41.46,117.48;42.46,116.31;
#1356:
>0:32.69,120.98;32.72,121.67;
#1357:
>0:25.06,109.82;19.68,111.48;25.29,111.68;28.61,114.42;27.75,118.21;
#1358:
>0:42.53,117.73;39.69,116.51;
#1359:
>0:29.66,120.64;32.23,121.49;
#1360:
>0:30.45,120.98;30.02,120.77;
#1361:
>0:31.52,120.49;30.03,120.46;
#1362:
>0:32.8,119.73;31.66,120.83;
#1363:
>0:34.64,118.06;30.9,118.91;28.39,117.22;25.5,114.31;19.32,109.9;
#1364:
>0:39.01,119.32;33.52,117.56;33.32,115.11;
#1365:
>0:40.69,116.67;39.53,116.43;
#1366:
>0:27.57,121.74;27.36,121.69;
#1367:
>0:39.97,116.95;41.89,116.52;
#1368:
>0:42.02,116.08;37.12,114.89;33.8,115.81;30.7,116.23;29.09,119.4;21.65,120.03;
#1369:
>0:40.03,117.29;40.76,117.07;
#1370:
>0:25.25,109.65;18.9,111.67;22.68,113.92;
#1371:
>0:40.83,116.48;40.68,117.96;
#1372:
>0:28.33,112.57;24.21,114.53;25.61,113.65;26.23,118.65;
#1373:
>0:22.02,114.11;24.07,116.85;24.29,118.19;
#1374:
>0:22.71,109.72;21.03,112.35;22.58,112.0;27.76,114.9;29.87,119.36;
#1375:
>0:40.62,116.85;42.68,117.57;
#1376:
>0:33.34,110.0;29.54,111.29;28.65,114.48;26.45,116.13;
#1377:
>0:19.05,109.61;21.38,113.09;25.43,114.65;
#1378:
>0:31.13,113.35;35.79,115.45;31.53,115.87;
#1379:
>0:37.65,117.06;41.24,117.54;
#1380:
>0:41.98,116.21;42.38,116.92;
#1381:
>0:36.02,117.08;38.44,115.36;
#1382:
>0:29.68,121.69;26.01,118.11;24.25,121.78;20.4,117.31;
#1383:
>0:41.37,117.23;42.84,117.84;
#1384:
>0:31.31,121.26;30.05,121.22;
#1385:
>0:30.34,120.9;31.73,121.3;
#1386:
>0:42.48,117.11;41.11,116.39;
#1387:
>0:21.42,121.79;22.42,121.13;27.7,121.36;30.94,118.08;35.68,119.31;41.83,118.06;
#1388:
>0:39.81,118.09;41.27,116.65;
#1389:
>0:32.84,120.4;29.77,119.78;
#1390:
>0:32.61,115.87;25.68,114.74;21.89,117.0;
#1391:
>0:28.91,112.49;24.14,115.11;27.9,114.31;33.42,118.65;
#1392:
>0:40.12,117.2;40.35,116.59;
#1393:
>0:39.72,114.8;36.42,116.07;30.94,118.51;
#1394:
>0:27.51,121.22;29.04,119.96;
#1395:
>0:32.3,121.55;29.61,121.41;
#1396:
>0:41.55,117.7;42.65,117.32;
#1397:
>0:24.4,109.61;28.48,113.04;32.27,113.46;
#1398:
>0:31.87,119.79;32.87,120.04;
#1399:
>0:42.25,117.12;41.49,117.14;
#1400:
>0:39.96,116.25;35.25,116.24;
#1401:
>0:41.63,117.77;41.55,116.67;
#1402:
>0:27.97,117.05;29.04,118.23;
#1403:
>0:35.79,117.67;36.3,116.52;34.64,113.49;
#1404:
>0:31.36,119.79;31.64,119.71;
#1405:
>0:23.65,110.31;27.39,111.29;26.71,109.25;29.87,112.6;38.8,112.62;
#1406:
>0:40.46,117.04;42.41,117.75;
#1407:
>0:40.21,116.95;42.4,117.84;
#1408:
>0:37.43,110.35;36.43,109.65;32.7,112.29;27.0,111.68;
#1409:
>0:42.7,116.76;43.02,117.39;
#1410:
>0:35.51,117.72;29.52,118.34;29.02,114.53;
#1411:
>0:42.99,117.82;40.66,117.46;
#1412:
>0:41.15,117.99;39.94,116.77;
#1413:
>0:33.17,116.97;31.52,119.39;29.24,116.37;27.6,119.19;21.29,121.28;
#1414:
>0:40.15,117.34;41.1,116.39;
#1415:
>0:40.24,116.58;40.05,117.17;
#1416:
>0:26.41,113.69;31.76,115.79;33.55,116.52;
#1417:
>0:41.7,117.26;41.83,117.33;
#1418:
>0:36.16,119.23;35.44,116.67;
#1419:
>0:42.37,117.92;42.03,116.11;
#1420:
>0:38.52,115.06;34.57,113.15;33.26,114.24;28.52,110.5;
#1421:
>0:38.22,120.94;36.92,119.62;34.67,116.06;
#1422:
>0:40.52,116.99;40.15,117.69;
#1423:
>0:41.98,117.45;33.24,116.77;31.56,119.64;
#1424:
>0:42.92,117.96;39.52,116.82;
#1425:
>0:25.81,117.16;29.2,119.5;
#1426:
>0:41.31,118.11;40.63,117.03;
#1427:
>0:33.3,114.92;29.36,111.42;25.58,112.49;
#1428:
>0:39.77,117.28;39.77,116.07;
#1429:
>0:24.42,110.67;26.29,111.32;
#1430:
>0:29.34,109.52;34.33,111.96;37.3,112.13;
#1431:
>0:41.26,118.35;42.28,117.18;
#1432:
>0:18.83,114.31;23.27,116.76;25.62,118.88;27.59,121.6;
#1433:
>0:40.05,117.6;42.09,117.13;
#1434:
>0:42.51,116.25;38.81,117.73;
#1435:
>0:35.09,115.99;40.91,118.02;33.16,113.24;
#1436:
>0:32.73,116.45;36.13,114.43;37.51,113.74;
#1437:
>0:40.09,117.96;41.69,116.81;
#1438:
>0:42.86,118.0;42.0,116.58;
#1439:
>0:40.77,117.81;41.12,117.81;
#1440:
>0:23.16,114.05;22.23,114.9;
#1441:
>0:22.46,120.99;26.15,121.36;20.18,117.46;
#1442:
>0:41.32,117.21;39.59,117.76;
#1443:
>0:42.71,117.89;41.08,118.16;
#1444:
>0:42.4,117.68;34.65,119.53;29.75,121.69;
#1445:
>0:39.54,117.71;34.37,117.7;
#1446:
>0:40.87,117.99;39.38,113.98;39.06,112.72;
#1447:
>0:27.83,109.21;30.37,109.37;33.0,110.2;37.72,110.53;
#1448:
>0:27.73,111.59;22.44,114.42;30.86,117.35;
#1449:
>0:19.24,114.18;22.45,112.67;25.69,111.19;31.24,110.47;
#1450:
>0:40.16,116.58;40.8,117.72;
#1451:
>0:30.72,111.44;34.16,115.47;31.89,116.09;
#1452:
>0:40.76,116.75;42.81,116.16;
#1453:
>0:42.06,117.16;40.57,117.61;
#1454:
>0:27.81,119.29;32.89,118.29;23.69,115.43;
#1455:
>0:39.62,117.58;39.5,116.61;
#1456:
>0:30.09,111.12;35.8,112.29;38.14,111.34;
#1457:
>0:19.81,121.13;22.35,118.95;24.91,117.06;
#1458:
>0:37.65,113.32;34.14,113.64;31.76,114.83;26.63,111.34;24.66,113.42;
#1459:
>0:41.38,117.33;42.35,116.79;
#1460:
>0:41.33,117.17;42.32,116.24;
#1461:
>0:42.49,117.82;39.46,116.71;
#1462:
>0:42.8,116.59;42.84,117.43;
#1463:
>0:38.55,109.4;33.33,109.38;32.15,112.21;26.76,111.7;
#1464:
>0:18.74,113.71;20.06,116.04;24.08,115.72;26.22,113.98;33.61,114.32;
#1465:
>0:30.91,121.42;28.1,121.62;30.93,117.92;25.5,115.42;
#1466:
>0:40.13,116.43;41.73,118.07;
#1467:
>0:42.43,117.81;40.26,118.11;
#1468:
>0:29.82,120.07;32.03,120.15;
#1469:
>0:37.14,118.14;36.0,116.51;29.51,116.25;27.31,112.87;
#1470:
>0:42.67,116.09;42.11,117.59;
#1471:
>0:41.14,116.1;40.79,116.59;
#1472:
>0:41.06,116.53;40.05,117.8;
#1473:
>0:34.99,121.43;31.17,119.25;26.14,116.41;22.92,115.31;23.01,113.02;23.8,110.67;
#1474:
>0:43.04,117.53;42.08,117.28;
#1475:
>0:28.35,115.77;26.31,113.98;24.84,112.42;23.5,109.16;
#1476:
>0:41.25,117.5;42.42,117.22;
#1477:
>0:40.27,117.69;39.54,117.55;
#1478:
>0:41.64,117.46;42.89,116.32;
#1479:
>0:24.36,117.79;27.76,116.24;31.27,115.14;33.75,111.59;36.91,110.91;
#1480:
>0:37.43,118.19;34.29,115.67;35.12,114.9;
#1481:
>0:40.03,118.34;41.43,117.8;
#1482:
>0:32.78,120.52;30.61,120.16;
#1483:
>0:18.69,115.11;18.44,116.45;19.86,118.81;
#1484:
>0:37.63,114.81;33.47,116.44;40.34,118.51;
#1485:
>0:41.95,117.71;41.3,116.89;
#1486:
>0:41.62,117.64;42.25,116.46;
#1487:
>0:41.82,118.08;42.94,117.89;
#1488:
>0:39.87,117.95;42.22,116.72;
#1489:
>0:20.14,121.26;23.59,118.06;22.46,117.59;
#1490:
>0:20.99,120.05;22.19,121.43;27.54,119.75;29.53,118.57;33.14,119.04;40.23,117.52;
#1491:
>0:42.92,116.23;39.79,118.06;
#1492:
>0:39.8,117.99;40.28,117.97;
#1493:
>0:35.65,116.08;37.39,114.39;
#1494:
>0:30.5,121.24;29.61,119.77;
#1495:
>0:42.43,117.69;39.45,117.5;
#1496:
>0:40.15,117.77;43.1,116.25;
#1497:
>0:30.97,120.85;29.93,121.05;
#1498:
>0:41.94,117.92;39.51,116.39;
#1499:
>0:41.39,117.62;40.27,117.32;
#1500:
>0:31.79,110.09;36.16,111.62;33.07,113.95;33.58,115.8;
#1501:
>0:41.88,117.14;40.11,116.95;
#1502:
>0:24.46,116.19;26.03,113.51;24.77,112.33;
#1503:
>0:36.43,116.28;32.46,114.22;27.68,113.76;
#1504:
>0:18.3,116.88;23.14,116.19;27.26,114.96;31.28,112.23;36.1,114.73;
#1505:
>0:32.97,111.2;29.69,112.09;39.61,114.48;
#1506:
>0:42.8,116.18;40.88,117.92;
#1507:
>0:42.45,117.4;40.8,116.95;
#1508:
>0:41.1,116.17;40.14,116.9;
#1509:
>0:36.96,113.55;36.0,111.84;32.92,110.55;27.84,110.81;23.59,109.42;
#1510:
>0:25.76,119.27;29.29,116.71;32.79,114.09;32.36,113.02;30.03,110.24;
#1511:
>0:43.02,117.34;42.11,116.75;
#1512:
>0:18.25,115.92;23.15,115.77;26.4,113.43;31.82,112.08;34.75,113.56;
#1513:
>0:41.65,116.24;42.84,117.36;
