#0:
>0:40.21,116.52;40.36,117.64;
#1:
>0:39.77,116.23;42.59,116.75;
#2:
>0:30.62,110.55;27.38,113.03;24.15,112.81;21.05,112.57;
#3:
>0:26.52,118.83;25.24,116.7;24.27,113.72;
#4:
>0:39.79,117.36;42.52,117.12;
#5:
>0:29.41,120.81;34.47,118.92;34.52,117.33;35.41,114.05;26.18,111.59;
#6:
>0:30.12,120.65;31.54,120.62;
#7:
>0:23.82,114.01;26.42,116.11;32.34,117.99;33.33,119.75;
#8:
>0:39.61,118.01;40.36,116.71;
#9:
>0:21.33,117.66;24.17,115.77;28.35,119.42;32.58,119.35;35.11,118.06;
#10:
>0:19.91,120.4;23.35,118.73;27.22,118.14;31.09,120.75;
#11:
>0:39.9,115.23;34.12,116.14;34.6,118.71;28.4,121.59;
#12:
>0:39.44,116.01;41.3,117.87;
#13:
>0:31.85,120.56;31.6,121.54;
#14:
>0:29.7,114.2;27.97,117.48;23.21,117.55;21.42,121.0;
#15:
>0:42.85,116.13;41.96,117.18;
#16:
>0:25.13,113.89;27.59,115.57;31.64,118.76;35.48,121.33;
#17:
>0:42.51,116.56;41.29,117.27;
#18:
>0:26.78,117.32;31.19,118.06;
#19:
>0:25.35,112.02;28.28,114.72;29.06,116.13;26.16,118.03;
#20:
>0:20.04,109.69;18.97,109.87;
#21:
>0:36.8,110.07;35.87,112.26;31.17,113.65;26.9,116.52;23.04,119.01;23.23,120.79;
#22:
>0:26.47,121.65;31.37,118.76;35.15,118.65;38.15,119.65;
#23:
>0:22.75,120.42;19.18,118.04;20.48,115.69;25.09,115.05;29.79,111.31;
#24:
>0:20.25,109.94;23.52,111.54;27.93,113.8;31.75,117.29;36.02,115.72;39.66,119.74;
#25:
>0:32.52,120.63;29.38,120.41;
#26:
>0:39.45,116.75;42.26,117.52;
#27:
>0:40.15,117.61;41.65,116.33;
#28:
>0:39.99,116.46;39.53,117.26;
#29:
>0:29.3,120.56;36.25,119.32;35.38,115.85;40.95,116.14;38.26,112.14;
#30:
>0:21.77,112.4;22.62,110.59;27.65,113.9;
#31:
>0:39.1,114.91;34.74,114.35;
#32:
>0:41.35,117.55;41.73,117.08;
#33:
>0:41.57,116.77;43.0,116.32;
#34:
>0:20.45,117.48;24.75,114.15;27.99,111.8;25.96,110.14;29.48,110.52;39.39,115.03;
#35:
>0:20.23,111.55;23.73,112.73;28.54,114.28;
#36:
>0:30.89,109.4;32.62,112.07;
#37:
>0:34.9,119.12;31.9,121.16;26.91,119.33;
#38:
>0:21.52,111.68;22.87,110.58;27.26,111.26;
#39:
>0:23.33,113.16;24.39,113.84;
#40:
>0:41.29,116.49;41.71,117.73;
#41:
>0:40.33,117.95;40.54,116.69;
#42:
>0:41.13,117.15;40.66,116.75;
#43:
>0:41.73,116.6;43.08,116.81;
#44:
>0:41.37,116.77;39.73,116.23;
#45:
>0:35.63,109.68;36.19,113.16;
#46:
>0:26.97,115.55;31.03,116.68;34.12,116.26;41.63,117.53;
#47:
>0:29.17,120.69;25.13,119.52;20.41,119.35;
#48:
>0:34.04,113.93;32.38,114.7;38.38,117.86;
#49:
>0:27.66,117.8;30.6,117.55;
#50:
>0:19.87,121.15;22.08,119.17;28.49,116.14;32.6,116.84;36.27,113.69;
#51:
>0:23.02,114.76;22.53,115.3;
#52:
>0:21.88,113.77;24.38,111.59;28.87,109.77;30.76,110.24;38.54,114.0;
#53:
>0:27.58,112.93;28.51,110.02;
#54:
>0:39.79,117.41;39.66,117.72;
#55:
>0:41.15,116.73;39.47,117.73;
#56:
>0:38.53,110.6;38.39,112.14;36.58,114.22;39.72,117.85;31.99,118.35;
#57:
>0:41.24,117.53;43.01,118.03;
#58:
>0:34.38,121.32;32.63,120.33;29.0,120.67;28.33,118.37;18.2,113.65;
#59:
>0:41.1,116.28;40.56,117.86;
#60:
>0:42.67,117.96;42.45,117.82;
#61:
>0:34.14,119.2;34.21,117.43;35.51,114.25;29.47,113.41;28.39,109.21;
#62:
>0:23.63,119.58;28.11,118.8;31.36,119.96;
#63:
>0:35.47,117.1;36.22,113.82;32.75,113.75;22.53,113.49;
#64:
>0:20.0,112.04;22.86,115.24;24.78,115.49;22.52,118.06;
#65:
>0:39.54,119.17;40.68,118.1;
#66:
>0:41.28,116.29;42.2,116.2;
#67:
>0:39.66,117.79;40.53,116.62;
#68:
>0:19.06,115.04;22.81,117.18;18.73,119.45;
#69:
>0:21.86,113.2;22.66,115.21;23.74,117.02;25.18,119.34;
#70:
>0:26.36,113.65;30.42,117.42;33.86,115.88;29.62,121.55;
#71:
>0:30.27,121.15;32.64,121.09;
#72:
>0:40.18,117.43;39.53,116.92;
#73:
>0:40.08,117.31;40.47,117.46;
#74:
>0:31.03,118.89;35.05,118.33;34.69,116.28;34.09,113.98;33.88,110.31;
#75:
>0:40.97,116.15;40.09,116.87;
#76:
>0:32.1,120.72;32.62,120.92;
#77:
>0:41.8,116.97;39.71,117.16;
#78:
>0:41.55,116.31;41.81,117.31;
#79:
>0:42.23,117.64;42.17,116.74;
#80:
>0:36.77,121.07;39.18,120.05;
#81:
>0:39.39,114.5;34.57,115.21;
#82:
>0:42.18,117.3;42.53,117.97;
#83:
>0:42.61,116.2;42.51,117.49;
#84:
>0:32.1,117.25;27.19,119.4;25.35,115.5;20.06,120.65;
#85:
>0:31.23,109.67;27.41,109.39;21.96,109.19;
#86:
>0:19.16,111.4;21.91,111.95;27.31,115.19;
#87:
>0:40.13,117.16;41.85,116.35;
#88:
>0:43.09,118.01;40.21,116.95;
#89:
>0:33.16,115.26;38.85,114.32;
#90:
>0:18.43,109.17;18.6,110.45;
#91:
>0:26.41,115.86;31.71,116.82;31.72,114.34;38.27,118.71;
#92:
>0:31.96,121.42;31.51,120.99;
#93:
>0:33.83,110.2;34.42,112.03;29.33,114.08;26.33,117.37;23.47,115.93;28.98,119.83;
#94:
>0:27.94,117.63;32.01,116.77;31.22,115.41;35.89,112.36;36.04,111.22;
#95:
>0:29.76,115.6;34.44,116.57;35.88,119.8;
#96:
>0:40.38,117.86;40.48,116.63;
#97:
>0:39.68,118.32;41.58,116.16;
#98:
>0:30.77,120.06;32.03,121.62;
#99:
>0:42.43,117.43;42.21,117.51;
#100:
>0:37.43,110.81;39.01,113.33;
#101:
>0:20.33,117.7;21.65,117.08;
#102:
>0:41.11,116.01;37.66,118.54;
#103:
>0:41.02,117.86;40.9,117.28;
#104:
>0:20.16,111.11;25.22,113.27;28.32,111.65;27.71,114.25;32.15,117.47;36.79,117.99;
#105:
>0:31.73,119.72;30.1,120.64;
#106:
>0:24.39,109.41;18.46,112.78;19.19,113.95;18.75,117.5;19.69,118.51;21.84,119.77;
#107:
>0:29.95,120.58;31.95,121.25;
#108:
>0:40.56,117.48;42.48,117.57;
#109:
>0:24.2,121.0;26.73,120.13;24.34,116.82;
#110:
>0:43.01,117.33;39.9,116.15;
#111:
>0:40.59,116.57;40.52,116.95;
#112:
>0:42.31,117.67;39.71,117.26;
#113:
>0:40.15,116.12;42.27,116.87;
#114:
>0:41.17,116.83;42.81,117.71;
#115:
>0:26.2,119.49;31.71,119.48;
#116:
>0:41.45,117.89;42.85,116.51;
#117:
>0:23.06,109.91;27.22,113.12;
#118:
>0:41.64,116.26;41.2,116.87;
#119:
>0:42.2,116.39;41.58,117.64;
#120:
>0:42.6,118.1;42.35,116.57;
#121:
>0:35.25,118.67;32.68,121.38;28.95,118.94;
#122:
>0:30.62,120.68;30.04,121.52;
#123:
>0:32.5,117.98;34.42,118.58;36.11,116.93;30.04,115.09;36.63,110.42;
#124:
>0:34.85,110.43;34.13,111.4;31.76,115.38;27.15,117.29;22.61,119.54;
#125:
>0:19.83,109.7;21.71,111.1;
#126:
>0:26.46,113.4;30.92,117.1;35.84,116.66;31.86,120.96;
#127:
>0:24.25,111.57;28.83,112.24;30.74,112.13;34.57,115.06;38.85,111.09;
#128:
>0:33.16,118.05;36.35,119.54;
#129:
>0:20.41,110.47;21.42,110.24;
#130:
>0:42.74,117.79;41.1,116.83;
#131:
>0:42.03,117.34;40.8,116.75;
#132:
>0:31.42,120.84;30.8,121.61;
#133:
>0:28.56,118.82;32.23,117.8;31.3,120.56;40.02,120.1;
#134:
>0:21.23,110.07;24.12,113.13;28.57,110.78;
#135:
>0:42.57,116.8;37.84,117.64;
#136:
>0:41.05,116.13;41.06,116.43;
#137:
>0:38.37,113.8;33.79,117.1;34.77,115.08;27.42,114.96;
#138:
>0:39.93,117.7;42.23,117.73;
#139:
>0:42.57,117.72;40.62,117.99;
#140:
>0:19.04,109.24;21.14,109.57;
#141:
>0:22.45,118.83;25.67,117.45;29.48,116.51;35.24,115.03;
#142:
>0:32.43,121.05;32.89,121.38;
#143:
>0:40.51,117.15;39.52,117.18;
#144:
>0:35.94,119.02;33.82,116.01;42.58,117.28;39.17,111.91;
#145:
>0:41.1,116.69;41.18,118.11;
#146:
>0:20.46,116.75;24.54,114.29;26.41,113.16;28.91,110.22;
#147:
>0:42.76,117.15;40.36,117.0;
#148:
>0:29.83,121.44;31.06,120.19;
#149:
>0:19.16,120.43;23.69,117.67;27.42,118.47;29.52,121.22;
#150:
>0:29.51,117.91;28.21,117.85;23.9,116.86;18.69,120.04;
#151:
>0:33.72,114.38;34.28,116.05;
#152:
>0:23.29,114.83;28.06,116.91;29.81,119.51;36.45,120.71;
#153:
>0:41.03,117.7;40.87,117.53;
#154:
>0:28.09,112.36;28.19,110.44;31.25,109.59;38.46,113.9;
#155:
>0:21.79,118.37;22.55,117.38;28.89,119.27;30.24,118.48;33.08,120.33;
#156:
>0:42.93,116.55;42.88,117.22;
#157:
>0:35.42,117.6;34.75,117.41;38.4,113.79;
#158:
>0:22.45,114.67;26.41,111.67;19.39,110.51;
#159:
>0:39.7,117.83;39.96,116.38;
#160:
>0:32.95,113.66;25.63,117.42;22.55,116.85;28.81,120.32;
#161:
>0:41.01,118.12;42.94,117.03;
#162:
>0:29.42,121.69;31.35,120.59;
#163:
>0:20.42,120.64;20.79,119.7;23.15,115.63;29.45,117.5;
#164:
>0:28.14,111.27;29.26,114.37;32.81,115.66;39.49,119.14;
#165:
>0:41.9,117.0;42.73,117.95;
#166:
>0:19.91,119.49;23.94,117.12;25.83,118.16;30.24,119.13;36.08,117.72;
#167:
>0:26.17,117.35;32.2,118.38;
#168:
>0:37.4,116.83;42.29,116.42;
#169:
>0:40.83,116.26;39.78,117.44;
#170:
>0:19.67,118.02;18.27,116.68;24.52,113.89;25.87,111.82;35.84,112.2;
#171:
>0:26.39,116.43;25.51,116.2;21.66,120.74;
#172:
>0:42.24,116.58;43.05,116.48;
#173:
>0:39.7,117.2;41.23,116.61;
#174:
>0:40.72,117.15;41.38,117.65;
#175:
>0:38.7,115.22;36.58,111.9;32.83,109.76;
#176:
>0:19.55,113.61;24.2,115.72;
#177:
>0:42.3,117.0;39.63,118.09;
#178:
>0:19.34,120.29;20.95,118.64;
#179:
>0:41.59,116.39;41.77,116.98;
#180:
>0:36.2,113.49;30.52,113.74;33.1,110.68;
#181:
>0:39.28,117.45;33.69,114.3;34.6,112.38;30.92,113.86;22.57,111.61;
#182:
>0:18.29,112.67;24.55,115.17;22.65,115.99;23.94,117.88;
#183:
>0:22.53,120.63;18.32,119.61;25.63,117.32;
#184:
>0:30.62,121.49;30.42,120.17;
#185:
>0:39.73,117.88;40.84,116.85;
#186:
>0:41.84,116.18;42.27,117.37;
#187:
>0:37.12,117.63;33.35,119.06;31.15,118.64;
#188:
>0:41.86,116.26;40.56,117.33;
#189:
>0:23.98,113.26;25.29,113.5;
#190:
>0:26.36,114.52;31.22,114.32;
#191:
>0:38.07,120.39;35.78,118.93;36.65,115.9;36.05,115.15;29.77,115.14;23.05,109.93;
#192:
>0:42.12,116.5;39.73,116.74;
#193:
>0:30.92,121.43;32.8,120.8;
#194:
>0:38.08,121.82;40.09,121.0;
#195:
>0:33.77,114.63;42.62,116.55;34.62,118.54;25.59,121.43;
#196:
>0:41.39,116.67;39.88,117.4;
#197:
>0:39.54,116.05;42.16,117.63;
#198:
>0:31.88,120.44;32.54,121.66;
#199:
>0:18.57,117.44;21.1,118.18;22.3,116.2;25.57,117.48;32.3,115.75;37.61,114.21;
#200:
>0:38.25,117.5;42.92,117.67;
#201:
>0:40.29,117.32;40.0,116.36;
#202:
>0:40.65,117.89;42.22,116.99;
#203:
>0:40.64,116.1;42.67,117.82;
#204:
>0:20.47,112.19;22.36,114.93;24.9,115.51;23.2,117.76;
#205:
>0:42.01,117.07;42.2,117.14;
#206:
>0:41.48,118.12;41.2,116.42;
#207:
>0:19.56,113.52;24.8,115.61;
#208:
>0:31.77,119.09;33.27,119.59;35.6,117.21;30.4,112.77;
#209:
>0:36.93,113.86;35.82,115.81;35.36,114.26;30.37,113.97;22.4,110.79;
#210:
>0:39.49,116.18;43.0,116.49;
#211:
>0:38.0,110.85;37.48,112.91;35.92,114.21;33.77,115.91;39.3,117.88;33.68,119.74;
#212:
>0:32.37,117.35;28.06,119.48;23.57,119.56;
#213:
>0:27.25,110.46;29.5,110.4;33.2,112.03;39.2,111.9;
#214:
>0:32.26,114.12;27.79,117.31;23.21,117.14;28.26,121.17;
#215:
>0:30.29,120.72;28.78,119.76;27.92,117.77;19.73,114.66;
#216:
>0:42.39,117.47;41.1,116.25;
#217:
>0:38.08,118.44;40.05,120.71;32.79,121.47;
#218:
>0:40.14,114.11;36.3,116.58;33.46,118.07;32.85,118.84;26.96,118.21;20.99,115.05;
#219:
>0:19.05,121.39;23.0,118.72;29.05,116.08;31.68,114.26;
#220:
>0:30.83,116.94;30.49,114.49;33.14,113.23;32.03,110.73;
#221:
>0:41.23,116.21;40.91,116.32;
#222:
>0:18.76,110.29;23.97,112.21;29.04,111.22;
#223:
>0:30.48,120.32;31.57,121.49;
#224:
>0:40.9,118.05;41.89,116.32;
#225:
>0:36.77,109.85;38.32,112.83;36.61,115.12;32.38,114.42;22.92,114.46;
#226:
>0:40.76,117.52;41.72,117.59;
#227:
>0:40.72,116.03;39.5,116.39;
#228:
>0:30.08,115.2;30.22,113.78;
#229:
>0:23.22,114.63;23.81,114.53;
#230:
>0:41.33,118.59;42.9,116.48;
#231:
>0:41.84,116.62;40.5,117.73;
#232:
>0:21.84,116.58;20.52,118.53;22.37,115.91;30.19,119.18;
#233:
>0:25.82,119.45;31.93,117.03;
#234:
>0:27.73,115.15;31.51,115.7;35.26,111.95;
#235:
>0:43.0,117.79;39.64,117.78;
#236:
>0:38.76,120.61;35.79,118.16;33.06,115.92;34.27,115.17;28.12,111.45;
#237:
>0:20.06,112.69;21.13,109.32;24.65,112.37;29.5,112.28;
#238:
>0:41.3,117.87;41.64,116.87;
#239:
>0:22.44,116.62;20.82,114.96;20.02,111.84;25.06,109.92;
#240:
>0:42.03,118.11;43.1,117.98;
#241:
>0:30.36,119.51;26.78,118.68;25.11,115.91;25.35,111.77;
#242:
>0:31.89,120.17;30.02,120.66;
#243:
>0:40.68,116.65;42.54,117.35;
#244:
>0:41.01,116.23;34.64,114.05;30.38,114.76;27.12,112.04;25.5,109.45;19.52,110.44;
#245:
>0:39.81,117.97;41.23,118.0;
#246:
>0:40.52,116.69;43.07,116.7;
#247:
>0:40.54,117.89;41.5,117.64;
#248:
>0:37.31,117.68;39.01,121.54;30.75,120.14;
#249:
>0:21.54,120.51;20.53,117.9;28.1,118.13;
#250:
>0:42.58,117.7;40.18,116.76;
#251:
>0:40.94,117.51;39.79,117.42;
#252:
>0:39.68,117.58;40.71,118.1;
#253:
>0:39.86,117.2;39.71,116.28;
#254:
>0:31.05,119.51;30.49,121.02;22.16,118.42;
#255:
>0:42.44,117.18;40.44,117.96;
#256:
>0:38.74,113.44;37.15,111.58;
#257:
>0:39.93,117.84;42.47,116.55;
#258:
>0:41.95,116.93;40.62,117.85;
#259:
>0:42.74,117.58;40.41,116.52;
#260:
>0:35.38,120.9;32.79,121.6;33.95,118.17;34.8,115.76;32.31,114.38;31.35,110.33;
#261:
>0:41.04,117.07;42.73,117.11;
#262:
>0:37.61,113.74;37.45,112.16;39.45,111.06;
#263:
>0:41.83,116.38;42.6,116.08;
#264:
>0:40.11,114.16;33.14,115.74;35.41,115.17;31.35,115.43;29.14,117.48;21.65,115.04;
#265:
>0:29.0,110.06;23.39,112.73;
#266:
>0:41.41,116.65;39.56,117.69;
#267:
>0:32.71,119.93;33.03,119.11;41.85,117.54;38.2,113.64;
#268:
>0:34.51,118.11;29.45,120.26;26.31,119.5;
#269:
>0:18.38,111.08;24.15,113.27;25.88,109.22;32.49,110.48;35.24,109.93;
#270:
>0:36.89,116.83;39.78,116.3;
#271:
>0:40.33,116.33;41.15,117.43;
#272:
>0:39.71,117.82;39.53,116.03;
#273:
>0:40.83,116.9;41.33,116.56;
#274:
>0:31.65,118.74;28.65,117.66;27.14,120.69;19.86,119.47;
#275:
>0:22.83,115.34;25.82,116.55;24.38,115.72;28.56,121.27;
#276:
>0:20.65,117.07;25.5,114.78;24.07,112.46;26.13,112.68;32.64,112.85;37.4,112.2;
#277:
>0:32.47,121.73;31.11,120.35;
#278:
>0:41.87,116.58;40.41,116.43;
#279:
>0:42.51,116.79;42.61,117.01;
#280:
>0:31.91,121.08;30.73,120.72;
#281:
>0:42.13,117.08;41.3,117.56;
#282:
>0:43.08,117.62;39.72,116.48;
#283:
>0:40.32,117.49;39.9,117.3;
#284:
>0:41.91,116.3;33.9,119.48;31.6,119.03;26.33,120.63;
#285:
>0:41.16,117.11;42.14,117.11;
#286:
>0:41.69,116.03;42.91,117.21;
#287:
>0:23.32,112.55;27.38,110.15;
#288:
>0:40.45,116.88;42.77,116.48;
#289:
>0:34.1,118.46;33.51,115.91;32.38,114.47;25.45,113.78;
#290:
>0:26.87,119.99;24.27,119.96;21.09,120.47;
#291:
>0:18.61,119.19;22.48,116.99;26.61,119.4;29.28,118.43;34.81,120.87;
#292:
>0:39.23,120.28;35.47,118.34;36.09,115.74;36.63,114.96;27.13,111.42;
#293:
>0:40.42,116.15;40.03,116.84;
#294:
>0:42.08,116.14;40.94,118.0;
#295:
>0:27.89,114.27;28.25,111.57;
#296:
>0:30.57,120.41;28.44,119.94;27.65,118.55;21.67,115.1;
#297:
>0:29.4,120.32;31.44,120.41;
#298:
>0:41.37,116.8;41.48,116.11;
#299:
>0:39.6,119.34;34.9,119.14;33.22,117.59;29.47,113.62;24.71,115.34;
#300:
>0:36.1,115.88;33.02,113.42;31.43,114.78;23.13,114.65;
#301:
>0:30.32,120.46;31.77,121.7;
#302:
>0:41.81,117.64;40.37,116.7;
#303:
>0:42.99,116.54;40.39,116.13;
#304:
>0:40.95,116.91;41.35,117.04;
#305:
>0:31.84,120.83;32.49,120.22;
#306:
>0:20.23,114.84;18.56,111.34;24.05,111.59;28.35,109.87;32.38,110.25;37.51,114.86;
#307:
>0:32.13,119.91;29.28,119.95;
#308:
>0:41.04,116.17;39.9,117.57;
#309:
>0:40.32,116.42;42.69,116.46;
#310:
>0:26.58,116.02;28.72,114.65;32.26,116.89;36.94,119.64;
#311:
>0:31.31,114.72;28.63,117.0;25.07,116.65;19.12,120.58;
#312:
>0:40.26,117.5;40.05,118.01;
#313:
>0:19.31,119.4;22.88,117.47;26.99,117.93;29.43,117.62;35.98,120.5;
#314:
>0:39.46,117.97;39.8,116.73;
#315:
>0:41.64,116.43;41.48,116.19;
#316:
>0:19.93,109.57;21.68,109.33;
#317:
>0:23.51,109.19;29.04,112.36;26.52,111.02;36.65,109.29;
#318:
>0:37.15,113.75;34.82,117.01;36.61,117.86;27.91,121.71;
#319:
>0:32.7,111.59;29.63,114.98;23.32,116.77;
#320:
>0:31.62,121.23;32.35,119.96;
#321:
>0:33.34,120.56;31.61,119.24;28.82,119.27;22.04,116.28;21.62,115.45;20.1,110.46;
#322:
>0:37.3,120.49;35.35,118.34;36.56,115.59;33.02,114.83;27.46,113.12;
#323:
>0:39.46,110.59;39.65,111.72;
#324:
>0:39.1,113.65;33.4,116.4;35.2,118.11;29.21,120.92;
#325:
>0:23.66,114.54;19.11,113.32;
#326:
>0:39.79,116.07;40.0,113.47;33.94,117.12;30.06,113.59;26.81,111.71;21.46,110.58;
#327:
>0:30.73,116.85;36.53,117.56;27.84,111.78;
#328:
>0:42.54,117.36;39.54,118.04;
#329:
>0:34.14,120.79;32.32,119.85;26.25,121.39;23.5,120.66;
#330:
>0:29.1,114.21;24.25,111.67;24.67,111.0;
#331:
>0:41.84,117.68;39.74,117.22;
#332:
>0:41.89,116.92;40.39,116.55;
#333:
>0:33.36,111.64;37.76,112.16;
#334:
>0:32.76,119.71;27.96,120.87;27.78,119.1;21.04,115.37;
#335:
>0:40.98,117.2;42.85,117.37;
#336:
>0:42.63,117.02;39.44,117.52;
#337:
>0:30.24,121.03;29.75,121.29;
#338:
>0:30.5,119.81;31.45,120.64;
#339:
>0:30.43,120.07;35.91,120.25;
#340:
>0:19.71,111.14;20.4,109.26;
#341:
>0:37.51,121.74;36.44,117.64;31.87,117.88;28.41,119.2;22.29,117.18;21.45,113.11;
#342:
>0:42.41,116.01;40.84,116.17;
#343:
>0:32.3,121.15;31.59,120.79;
#344:
>0:40.24,117.98;42.74,116.14;
#345:
>0:22.85,114.66;27.33,112.5;30.8,109.3;
#346:
>0:41.89,116.58;39.82,116.25;
#347:
>0:25.06,109.99;24.06,111.36;22.43,115.11;23.08,115.9;
#348:
>0:19.1,116.88;23.36,114.47;25.34,112.25;31.65,111.19;
#349:
>0:41.91,117.49;41.49,116.64;
#350:
>0:40.6,116.64;39.76,116.98;
#351:
>0:39.24,110.92;38.8,112.35;36.48,114.46;26.57,116.14;
#352:
>0:30.15,120.35;31.84,120.36;
#353:
>0:42.58,117.04;42.81,118.05;
#354:
>0:31.63,121.06;30.9,121.15;
#355:
>0:40.09,116.84;39.48,117.69;
#356:
>0:42.63,116.8;41.92,118.01;
#357:
>0:26.74,116.89;24.79,115.67;
#358:
>0:34.28,117.66;34.37,117.39;29.48,114.7;28.65,113.35;24.06,110.98;
#359:
>0:21.11,112.95;18.96,110.48;
#360:
>0:34.9,121.37;32.96,119.88;34.9,118.77;34.47,115.95;36.65,115.07;32.6,110.52;
#361:
>0:26.57,112.26;23.04,115.17;24.06,115.67;22.16,117.65;22.21,119.74;
#362:
>0:39.46,117.36;42.36,116.73;
#363:
>0:41.52,118.07;42.07,117.94;
#364:
>0:32.32,121.27;30.09,120.98;
#365:
>0:38.56,112.81;35.02,114.24;40.44,116.52;30.37,117.82;
#366:
>0:18.59,112.65;23.93,112.93;26.08,111.59;
#367:
>0:40.27,116.89;41.8,117.79;
#368:
>0:41.5,117.3;41.26,116.35;
#369:
>0:18.82,111.81;19.18,110.42;
#370:
>0:20.15,111.8;22.57,115.46;23.91,116.88;25.35,119.57;
#371:
>0:21.92,115.23;26.78,113.23;27.01,109.16;29.81,109.77;38.7,115.33;
#372:
>0:33.68,115.41;30.07,114.71;
#373:
>0:20.93,117.87;23.95,115.79;19.66,115.2;20.36,112.37;24.83,110.12;
#374:
>0:26.55,119.02;22.14,116.94;28.54,115.76;22.8,112.96;
#375:
>0:31.51,113.86;33.36,112.91;
#376:
>0:32.31,120.49;32.85,120.58;
#377:
>0:41.5,116.3;39.78,117.51;
#378:
>0:43.1,116.56;40.84,117.54;
#379:
>0:39.93,116.6;41.55,116.07;
#380:
>0:37.19,109.63;38.36,112.77;34.09,113.95;30.8,115.18;24.85,113.9;
#381:
>0:42.94,118.11;42.04,117.25;
#382:
>0:40.19,117.08;37.77,117.23;
#383:
>0:42.31,117.04;42.39,117.79;
#384:
>0:28.68,120.02;30.0,119.43;33.19,115.83;42.53,118.1;35.38,113.52;38.99,110.63;
#385:
>0:24.8,116.83;25.71,115.85;24.69,113.45;23.95,111.16;
#386:
>0:41.17,117.56;41.09,116.86;
#387:
>0:32.2,120.07;30.95,119.71;
#388:
>0:32.63,119.97;29.3,121.1;
#389:
>0:20.07,109.82;25.11,113.24;25.75,113.82;32.82,116.18;34.51,116.95;38.53,120.92;
#390:
>0:42.57,117.05;42.59,118.08;
#391:
>0:32.05,121.11;31.69,120.26;
#392:
>0:36.33,112.1;34.49,113.7;29.19,117.11;
#393:
>0:31.17,121.45;30.78,120.01;
#394:
>0:25.46,114.38;28.84,117.26;32.38,117.9;32.61,121.02;
#395:
>0:41.01,117.39;39.75,117.49;
#396:
>0:23.66,110.1;25.77,111.24;30.04,109.57;36.1,109.92;
#397:
>0:25.08,118.4;28.04,116.83;29.77,116.24;33.58,114.6;
#398:
>0:40.08,117.94;42.07,118.05;
#399:
>0:39.78,116.4;42.82,116.26;
#400:
>0:41.52,117.46;40.81,117.04;
#401:
>0:42.76,117.61;41.51,117.55;
#402:
>0:38.6,119.91;33.05,119.43;35.95,116.31;31.17,114.01;31.11,111.91;
#403:
>0:39.95,117.39;40.99,117.71;
#404:
>0:23.82,119.61;25.85,116.3;32.53,115.7;34.14,116.77;36.82,112.06;
#405:
>0:42.04,117.71;39.74,117.88;
#406:
>0:20.44,120.62;23.09,118.62;26.61,115.67;29.57,114.98;
#407:
>0:21.49,109.45;25.38,113.01;26.72,114.03;32.58,116.11;34.67,116.61;37.86,120.88;
#408:
>0:41.91,117.45;41.04,116.57;
#409:
>0:39.16,112.48;33.52,115.2;42.23,116.9;32.43,118.48;
#410:
>0:24.49,113.64;23.62,115.34;
#411:
>0:41.66,116.05;41.27,116.76;
#412:
>0:41.74,116.57;40.5,117.39;
#413:
>0:24.59,111.26;19.37,112.4;20.81,113.75;
#414:
>0:39.75,116.6;42.94,116.02;
#415:
>0:41.42,117.67;41.63,117.29;
#416:
>0:42.09,117.77;39.88,116.6;
#417:
>0:42.27,117.29;42.82,117.05;
#418:
>0:40.33,117.29;42.86,116.41;
#419:
>0:30.06,120.89;29.7,121.68;
#420:
>0:30.9,114.01;35.16,112.53;
#421:
>0:29.21,110.43;25.23,113.04;
#422:
>0:32.05,120.25;29.9,120.98;
#423:
>0:30.89,121.18;26.33,120.02;28.52,118.02;19.34,114.37;
#424:
>0:29.47,121.7;26.19,117.6;22.99,118.85;
#425:
>0:39.55,116.37;39.98,117.66;
#426:
>0:41.27,116.15;40.35,116.15;
#427:
>0:21.59,116.46;22.13,114.47;29.23,111.62;27.7,110.53;
#428:
>0:24.6,113.82;22.55,114.38;
#429:
>0:31.54,120.33;30.54,121.52;
#430:
>0:32.81,119.78;30.04,120.49;
#431:
>0:41.58,117.99;42.37,116.87;
#432:
>0:42.48,116.52;41.51,116.72;
#433:
>0:30.25,121.03;31.76,121.43;
#434:
>0:41.31,118.08;40.08,117.28;
#435:
>0:41.3,116.37;39.59,116.47;
#436:
>0:39.98,117.36;39.91,117.01;
#437:
>0:40.85,116.27;39.67,117.92;
#438:
>0:42.33,117.34;41.26,117.96;
#439:
>0:30.82,121.12;27.84,121.48;23.24,121.57;18.43,117.11;
#440:
>0:28.46,117.82;32.07,118.43;32.93,120.09;40.93,116.18;
#441:
>0:28.59,109.65;30.27,109.75;35.7,112.14;37.88,112.99;
#442:
>0:31.7,113.26;32.23,114.76;27.26,112.33;20.26,110.19;
#443:
>0:41.08,117.56;41.13,116.2;
#444:
>0:40.65,117.73;42.2,116.1;
#445:
>0:41.13,116.57;41.54,116.04;
#446:
>0:27.05,118.87;29.72,116.81;36.02,115.79;33.8,113.91;39.87,110.62;
#447:
>0:40.41,116.47;41.51,118.65;
#448:
>0:41.79,117.86;40.15,117.92;
#449:
>0:42.28,116.16;40.99,116.72;
#450:
>0:37.64,109.45;38.45,113.06;35.18,114.62;41.64,117.73;35.03,117.61;26.03,120.17;
#451:
>0:30.68,118.25;34.49,119.33;35.84,116.45;26.0,112.23;
#452:
>0:18.61,110.55;20.8,109.85;
#453:
>0:39.92,117.95;39.94,116.91;
#454:
>0:25.88,111.88;25.8,109.34;
#455:
>0:31.99,110.71;27.18,111.47;22.2,112.2;
#456:
>0:42.75,116.75;40.44,116.33;
#457:
>0:28.46,115.38;31.09,116.53;35.14,116.95;39.56,111.61;
#458:
>0:42.64,117.46;39.84,116.33;
#459:
>0:31.62,121.52;30.56,119.93;
#460:
>0:20.72,110.77;24.77,111.51;
#461:
>0:25.57,112.33;26.54,109.25;36.16,111.05;
#462:
>0:31.9,120.25;30.13,121.78;
#463:
>0:32.72,109.55;31.88,113.15;
#464:
>0:42.51,116.62;42.52,117.84;
#465:
>0:40.94,117.28;40.88,116.81;
#466:
>0:40.9,116.94;40.96,117.87;
#467:
>0:40.84,116.41;39.47,118.05;
#468:
>0:41.5,116.06;42.44,116.1;
#469:
>0:25.28,114.4;19.22,116.61;
#470:
>0:42.81,116.47;40.24,117.77;
#471:
>0:41.14,116.58;41.56,116.57;
#472:
>0:31.44,120.21;29.79,120.79;
#473:
>0:19.87,110.37;22.32,111.86;24.29,115.25;24.32,116.21;
#474:
>0:27.5,119.65;29.46,117.33;
#475:
>0:30.02,113.86;30.24,114.54;
#476:
>0:40.25,117.71;35.2,118.06;35.68,116.2;30.01,113.9;24.5,114.39;
#477:
>0:41.73,116.58;42.87,116.47;
#478:
>0:41.62,116.59;39.63,116.4;
#479:
>0:19.11,118.65;23.44,116.74;27.88,118.99;30.71,118.2;36.24,119.18;
#480:
>0:19.44,109.43;21.1,110.87;
#481:
>0:31.35,120.8;29.47,120.11;
#482:
>0:40.67,117.66;41.97,116.79;
#483:
>0:31.3,110.97;36.25,112.9;38.57,112.19;
#484:
>0:41.68,116.92;41.23,116.04;
#485:
>0:20.37,109.57;24.98,112.66;26.28,114.46;29.8,117.48;34.59,117.27;32.99,120.59;
#486:
>0:26.97,119.47;32.84,116.15;35.09,117.25;35.21,114.41;39.63,110.41;
#487:
>0:22.08,112.54;22.15,114.16;31.98,113.13;
#488:
>0:19.74,117.95;25.49,116.96;28.83,118.09;30.95,119.17;34.52,121.03;
#489:
>0:42.56,117.63;41.35,116.39;
#490:
>0:21.79,114.35;19.18,112.01;23.85,111.24;28.79,112.73;30.14,110.33;39.02,115.12;
#491:
>0:39.61,119.98;38.9,118.98;39.81,117.82;
#492:
>0:32.44,120.81;31.18,121.23;
#493:
>0:32.32,121.44;29.14,121.76;24.78,118.5;28.87,118.35;31.33,118.54;27.11,119.21;29.44,118.5;29.94,121.26;34.04,119.46;30.09,117.83;26.22,119.26;25.47,117.0;23.74,118.24;28.51,120.02;22.12,119.1;20.81,117.75;23.47,121.12;20.65,117.75;24.17,115.57;27.44,116.44;23.33,117.37;27.38,118.1;32.38,118.72;26.76,117.8;32.48,118.32;26.72,118.89;29.09,120.07;22.51,119.07;19.6,118.68;20.79,116.94;18.63,117.89;23.5,117.37;20.26,114.54;19.78,112.76;24.23,109.95;18.75,110.04;24.94,112.75;18.97,109.64;23.6,112.87;21.65,110.92;22.54,113.37;27.73,112.85;30.19,112.68;28.96,111.22;31.97,110.66;35.88,112.49;32.32,114.12;28.4,112.26;30.16,111.95;27.38,111.16;32.42,110.05;32.23,114.03;
#494:
>0:42.43,117.0;39.8,117.21;
#495:
>0:26.11,121.7;23.61,120.66;21.07,120.72;
#496:
>0:23.21,115.37;27.74,112.19;31.03,112.02;33.32,113.92;40.05,115.03;
#497:
>0:41.12,116.32;41.6,116.59;
#498:
>0:41.27,117.69;40.2,116.03;
#499:
>0:40.21,121.4;35.47,118.42;31.72,117.84;27.63,118.62;22.16,117.3;19.69,112.02;
#500:
>0:39.69,117.22;42.22,117.08;
#501:
>0:20.91,117.97;20.27,115.98;25.48,114.12;28.69,112.77;
#502:
>0:42.19,116.55;41.51,116.83;
#503:
>0:40.51,116.69;42.0,118.02;
#504:
>0:19.72,112.13;23.28,111.38;28.9,114.01;
#505:
>0:42.66,116.37;39.89,116.44;
#506:
>0:40.19,116.56;40.32,116.61;
#507:
>0:36.86,111.73;36.61,110.51;33.3,112.16;26.11,114.13;
#508:
>0:40.08,117.87;39.8,117.44;
#509:
>0:42.42,116.46;40.3,117.17;
#510:
>0:36.94,118.78;37.92,121.2;36.55,120.33;30.61,120.87;29.05,120.47;18.73,120.41;
#511:
>0:20.76,121.33;25.44,118.84;28.15,117.98;30.29,119.98;
#512:
>0:28.9,118.65;32.81,116.36;
#513:
>0:42.91,117.21;40.39,116.92;
#514:
>0:32.08,120.85;30.95,121.35;
#515:
>0:41.26,117.12;41.71,117.81;
#516:
>0:39.65,116.04;41.4,117.88;
#517:
>0:32.61,120.39;32.92,119.76;
#518:
>0:42.84,116.75;38.99,117.51;
#519:
>0:42.99,116.32;41.43,116.53;
#520:
>0:40.78,117.27;40.53,117.16;
#521:
>0:31.59,115.63;30.17,114.31;28.86,111.59;29.92,109.99;
#522:
>0:24.61,118.17;28.27,115.82;29.7,115.94;35.96,113.95;
#523:
>0:26.12,112.38;25.85,114.33;26.65,116.99;26.78,118.0;
#524:
>0:39.79,121.25;34.52,120.13;30.11,120.55;28.64,118.97;
#525:
>0:33.49,111.05;33.54,111.4;
#526:
>0:41.44,116.81;42.15,117.81;
#527:
>0:31.98,121.21;36.49,118.13;35.66,117.33;41.29,116.99;37.01,112.42;
#528:
>0:20.81,111.03;25.22,113.09;27.84,115.17;32.56,116.69;34.25,117.51;36.47,121.03;
#529:
>0:26.02,120.07;30.09,119.67;35.2,118.64;32.93,114.16;
#530:
>0:22.71,112.65;28.22,111.89;32.49,114.4;
#531:
>0:40.54,117.51;40.52,116.65;
#532:
>0:42.52,118.0;42.61,116.54;
#533:
>0:20.78,120.47;23.81,118.2;26.74,116.04;30.89,113.62;
#534:
>0:42.58,118.0;39.86,117.48;
#535:
>0:20.33,117.28;22.99,113.38;22.05,111.77;32.73,111.77;
#536:
>0:28.32,121.27;29.32,119.08;34.15,119.26;29.69,115.44;
#537:
>0:42.48,116.11;42.83,117.2;
#538:
>0:25.5,111.76;28.9,113.97;
#539:
>0:40.16,113.62;34.01,117.08;37.94,118.06;31.64,119.97;
#540:
>0:29.28,120.74;29.99,120.61;
#541:
>0:35.72,120.94;31.23,118.71;25.68,119.56;24.6,116.25;18.92,114.6;20.8,109.85;
#542:
>0:37.83,114.17;33.26,117.32;36.34,118.67;26.12,121.07;
#543:
>0:30.48,121.37;29.53,120.48;
#544:
>0:38.69,118.26;38.74,119.77;34.98,121.74;30.72,120.13;27.63,120.42;19.89,120.15;
#545:
>0:22.22,114.91;23.33,112.14;25.63,115.01;33.07,116.79;
#546:
>0:21.99,109.22;23.54,111.66;25.09,114.04;24.72,116.6;
#547:
>0:40.06,117.71;40.59,116.56;
#548:
>0:30.17,121.21;32.96,120.64;
#549:
>0:29.83,115.54;28.63,118.04;28.82,119.88;
#550:
>0:18.58,120.89;21.44,117.64;
#551:
>0:41.57,117.21;41.17,116.03;
#552:
>0:32.75,120.16;32.9,121.64;
#553:
>0:40.42,116.77;39.47,117.58;
#554:
>0:40.57,117.71;41.11,117.53;
#555:
>0:19.74,111.06;23.35,111.3;22.53,114.91;
#556:
>0:40.58,116.64;42.65,116.19;
#557:
>0:35.89,113.99;31.46,116.97;29.11,119.28;
#558:
>0:34.41,111.05;33.68,113.3;30.6,115.01;26.41,116.42;24.99,116.44;27.11,119.79;
#559:
>0:29.72,116.18;27.73,114.35;23.09,111.56;19.88,113.03;
#560:
>0:40.08,111.78;34.89,114.92;30.03,114.96;40.24,117.69;
#561:
>0:39.55,114.14;34.58,115.98;36.17,119.2;37.24,120.95;
#562:
>0:40.92,116.68;40.82,117.76;
#563:
>0:23.48,111.66;24.0,115.41;
#564:
>0:42.35,117.33;42.88,116.17;
#565:
>0:22.94,113.42;24.48,112.47;27.27,111.72;32.6,111.1;39.56,114.75;
#566:
>0:34.05,117.96;30.45,117.09;
#567:
>0:39.74,116.25;39.84,117.08;
#568:
>0:20.55,116.57;24.85,114.8;26.46,112.22;28.96,110.66;
#569:
>0:41.71,117.26;41.13,118.1;
#570:
>0:41.38,117.53;39.64,117.44;
#571:
>0:32.9,120.53;31.48,121.19;
#572:
>0:36.98,110.69;38.25,110.31;
#573:
>0:36.78,120.85;33.87,118.58;36.15,115.9;32.79,114.77;27.98,112.4;24.69,110.72;
#574:
>0:31.96,119.73;29.41,121.29;
#575:
>0:41.42,117.1;40.85,116.36;
#576:
>0:22.12,111.32;28.23,112.43;30.15,114.05;
#577:
>0:43.08,118.0;42.23,117.78;
#578:
>0:27.16,112.16;27.26,109.9;
#579:
>0:41.07,117.97;42.02,117.11;
#580:
>0:29.59,121.66;31.34,120.18;
#581:
>0:41.57,117.14;34.33,115.79;30.6,118.3;
#582:
>0:42.18,117.85;40.35,116.5;
#583:
>0:38.57,110.04;37.2,111.57;33.74,113.0;39.63,113.74;34.78,115.96;34.0,121.65;
#584:
>0:35.24,121.55;30.58,120.4;26.8,119.67;
#585:
>0:32.55,110.75;29.83,113.05;
#586:
>0:32.66,119.93;32.03,120.8;
#587:
>0:41.01,117.32;42.26,117.43;
#588:
>0:39.97,117.08;42.53,117.04;
#589:
>0:19.11,118.26;19.94,116.17;28.67,118.34;
#590:
>0:40.1,116.1;42.61,117.64;
#591:
>0:30.23,119.29;33.33,117.68;34.21,116.59;36.24,113.49;33.29,109.93;
#592:
>0:41.99,117.29;42.1,116.12;
#593:
>0:40.81,117.54;33.43,119.64;32.54,118.68;25.77,120.97;
#594:
>0:32.8,121.36;26.07,120.3;23.27,119.18;20.03,118.18;
#595:
>0:42.34,116.51;41.94,118.01;
#596:
>0:18.66,116.3;20.52,114.97;
#597:
>0:31.37,121.66;33.04,118.99;31.42,121.77;33.85,117.88;31.75,119.47;26.91,119.34;23.89,116.95;21.03,113.49;21.51,117.55;24.8,119.11;26.97,121.72;27.48,119.7;22.83,116.13;27.79,118.58;32.39,118.55;26.12,118.85;30.08,118.27;28.5,118.19;32.83,117.7;28.86,117.81;29.83,119.25;27.41,119.48;31.95,119.25;26.81,118.98;28.87,119.8;22.44,117.88;28.77,119.39;30.52,119.05;28.53,118.9;24.47,116.71;22.88,117.97;28.38,118.05;22.09,116.88;27.33,119.15;23.39,116.41;23.26,118.94;19.9,115.64;23.13,114.69;25.58,112.25;32.31,113.55;
#598:
>0:41.7,117.93;42.87,117.65;
#599:
>0:32.88,121.19;32.08,120.32;
#600:
>0:25.33,110.82;27.24,112.7;
#601:
>0:40.5,117.86;39.45,116.5;
#602:
>0:32.05,119.9;31.56,120.1;
#603:
>0:25.29,116.06;21.88,116.16;
#604:
>0:29.5,121.04;32.93,120.74;
#605:
>0:26.69,117.62;32.65,115.85;
#606:
>0:40.71,117.7;40.36,117.4;
#607:
>0:25.86,110.17;32.31,110.29;33.41,112.21;37.98,111.35;
#608:
>0:42.8,116.24;42.98,117.03;
#609:
>0:41.15,117.34;39.36,113.5;34.32,117.43;31.17,113.69;26.16,113.05;19.59,109.6;
#610:
>0:41.55,117.48;40.88,117.38;
#611:
>0:40.78,116.48;42.06,116.26;
#612:
>0:42.46,116.96;40.11,116.55;
#613:
>0:39.54,117.04;41.02,117.48;
#614:
>0:40.42,116.11;42.86,118.06;
#615:
>0:40.29,118.04;41.63,117.91;
#616:
>0:32.4,120.2;26.43,118.62;28.12,115.83;
#617:
>0:33.56,110.06;36.47,111.62;26.24,109.7;
#618:
>0:23.86,116.94;20.56,113.7;21.82,111.85;26.36,110.68;
#619:
>0:39.14,109.45;35.53,112.46;32.53,114.86;28.04,116.33;24.11,116.62;19.62,115.54;
#620:
>0:37.49,113.73;36.37,115.63;34.96,117.83;27.68,121.48;
#621:
>0:42.74,116.48;41.85,117.31;
#622:
>0:39.46,116.22;39.69,116.34;
#623:
>0:27.16,113.16;27.49,113.89;29.27,117.12;39.72,118.86;
#624:
>0:32.51,119.56;36.5,118.61;35.39,113.52;
#625:
>0:40.37,117.47;40.87,116.28;
#626:
>0:25.08,119.53;29.02,120.34;30.14,119.42;
#627:
>0:41.27,117.19;40.21,116.8;
#628:
>0:40.3,116.24;40.68,117.93;
#629:
>0:39.64,116.84;42.23,117.09;
#630:
>0:41.25,117.98;39.52,117.39;
#631:
>0:22.16,113.18;18.62,113.79;23.85,117.34;19.86,118.19;
#632:
>0:25.16,115.02;27.95,111.28;26.17,109.21;36.65,111.9;
#633:
>0:20.7,110.73;20.63,109.95;
#634:
>0:19.94,109.71;20.01,109.59;
#635:
>0:31.44,118.66;35.74,119.55;35.51,113.82;
#636:
>0:40.37,116.09;39.63,116.86;
#637:
>0:40.29,117.78;40.8,117.83;
#638:
>0:40.81,116.37;42.72,117.85;
#639:
>0:40.42,116.25;40.52,117.6;
#640:
>0:20.05,120.99;22.07,119.07;28.75,116.05;30.55,115.2;
#641:
>0:21.83,120.38;25.45,120.48;20.34,118.86;18.85,117.52;24.05,113.65;23.95,110.98;
#642:
>0:28.49,119.3;29.72,118.75;35.08,119.65;
#643:
>0:29.95,121.59;30.65,121.15;
#644:
>0:41.92,116.2;39.65,117.37;
#645:
>0:24.26,112.52;28.54,113.31;29.31,114.74;
#646:
>0:38.21,115.31;40.09,112.2;
#647:
>0:42.78,116.56;42.22,117.48;
#648:
>0:23.43,114.88;27.32,112.02;29.7,112.03;31.55,114.82;38.05,115.22;
#649:
>0:40.64,117.97;40.77,117.9;
#650:
>0:29.75,116.73;36.62,114.01;
#651:
>0:29.93,121.67;29.73,120.06;
#652:
>0:34.83,112.07;36.8,110.1;
#653:
>0:18.69,112.76;21.47,109.53;
#654:
>0:40.44,116.51;42.31,116.13;
#655:
>0:23.43,118.17;28.49,117.51;
#656:
>0:35.24,110.54;35.12,113.01;31.71,114.5;22.46,113.59;
#657:
>0:39.75,116.32;41.71,116.91;
#658:
>0:42.96,116.24;41.7,117.78;
#659:
>0:40.2,117.41;39.63,116.93;
#660:
>0:22.52,113.63;21.74,115.95;
#661:
>0:34.49,120.41;30.29,121.54;34.78,117.87;35.91,116.91;27.61,111.88;
#662:
>0:19.02,115.99;22.41,114.63;23.91,112.21;26.89,111.37;30.44,111.63;37.51,111.63;
#663:
>0:40.86,118.06;42.61,117.24;
#664:
>0:42.75,117.76;35.56,116.55;38.27,121.48;
#665:
>0:36.52,120.06;32.45,119.6;25.58,118.03;24.92,117.08;20.54,113.99;19.62,111.02;
#666:
>0:20.97,109.8;23.21,113.1;26.78,113.28;27.05,109.24;34.73,110.12;
#667:
>0:42.3,117.04;39.96,116.21;
#668:
>0:38.56,114.7;33.58,115.41;
#669:
>0:22.71,114.5;24.76,111.47;
#670:
>0:24.99,119.79;27.08,117.91;29.46,116.98;30.8,115.13;
#671:
>0:35.18,119.15;33.13,116.1;33.14,113.93;29.3,114.53;23.5,109.62;
#672:
>0:18.36,110.93;19.9,113.19;18.32,115.3;22.0,115.58;21.17,119.2;
#673:
>0:20.95,110.02;20.55,111.78;19.86,113.43;20.64,116.32;20.67,119.15;
#674:
>0:40.2,116.59;40.44,116.44;
#675:
>0:40.01,116.24;39.56,116.92;
#676:
>0:41.3,117.9;40.01,116.68;
#677:
>0:41.96,117.38;40.91,116.47;
#678:
>0:20.9,118.87;22.39,116.48;28.16,118.52;31.87,118.23;35.19,119.77;
#679:
>0:41.24,117.5;40.37,116.45;
#680:
>0:18.49,116.89;24.33,114.93;27.78,113.22;26.45,109.24;
#681:
>0:39.83,116.02;39.89,117.12;
#682:
>0:42.76,117.42;39.62,116.93;
#683:
>0:41.24,116.48;42.32,116.23;
#684:
>0:41.56,116.2;39.89,116.54;
#685:
>0:22.91,116.3;21.69,119.5;
#686:
>0:41.71,116.82;42.34,117.07;
#687:
>0:32.98,117.92;40.03,117.78;33.14,115.86;39.69,112.63;
#688:
>0:18.5,119.5;23.68,115.65;26.45,117.85;32.94,117.64;36.19,115.97;
#689:
>0:30.85,120.48;30.08,120.64;
#690:
>0:19.17,119.26;25.55,117.17;27.11,117.07;24.06,114.97;23.47,110.47;
#691:
>0:30.75,120.13;26.0,120.36;23.23,118.97;21.07,116.89;22.6,115.12;20.03,109.21;
#692:
>0:28.91,109.48;31.48,109.78;36.25,113.36;37.25,113.21;
#693:
>0:42.63,118.07;41.0,118.02;
#694:
>0:32.06,115.13;27.14,111.78;24.43,114.67;
#695:
>0:37.45,110.9;39.99,112.81;33.85,112.59;32.06,115.46;24.59,113.69;
#696:
>0:30.78,110.86;36.35,112.42;37.65,111.72;
#697:
>0:20.95,117.7;22.34,117.31;26.28,115.64;25.39,115.02;23.08,110.34;
#698:
>0:32.91,121.55;31.04,120.14;
#699:
>0:30.57,121.17;30.38,119.89;
#700:
>0:26.59,118.5;32.26,117.76;
#701:
>0:24.54,120.64;20.05,118.9;
#702:
>0:41.84,117.81;43.07,117.4;
#703:
>0:39.96,117.67;41.25,117.13;
#704:
>0:40.05,109.61;38.88,111.48;
#705:
>0:38.11,120.3;34.23,120.51;30.69,121.27;26.63,119.78;22.44,119.55;20.01,116.69;
#706:
>0:22.18,111.84;21.45,109.84;
#707:
>0:29.15,111.72;22.0,115.32;19.58,116.55;18.47,119.11;
#708:
>0:40.68,117.58;40.85,116.99;
#709:
>0:23.14,114.16;22.18,111.68;27.2,111.6;29.94,112.51;38.68,111.54;
#710:
>0:39.61,117.04;40.65,116.69;
#711:
>0:29.43,121.71;29.65,121.63;
#712:
>0:39.95,118.03;40.22,117.24;
#713:
>0:29.47,110.22;33.7,112.39;40.01,113.13;
#714:
>0:28.32,117.26;31.72,115.11;36.31,113.26;39.11,109.52;
#715:
>0:39.89,117.92;40.77,116.85;
#716:
>0:19.5,121.06;20.49,119.39;23.55,116.36;27.45,117.43;35.48,116.87;
#717:
>0:24.89,118.55;26.85,118.5;29.95,119.47;31.12,121.1;41.06,116.95;
#718:
>0:42.88,116.28;42.82,117.39;
#719:
>0:42.51,117.88;40.99,117.64;
#720:
>0:39.52,117.9;40.77,118.07;
#721:
>0:34.52,116.26;39.77,116.75;39.21,111.71;
#722:
>0:39.7,117.31;41.66,116.49;
#723:
>0:19.65,119.33;24.61,116.86;27.21,119.22;30.5,118.5;33.52,118.34;
#724:
>0:42.99,116.35;41.96,116.88;
#725:
>0:30.7,121.13;32.48,119.94;
#726:
>0:42.64,118.06;41.23,117.39;
#727:
>0:42.07,116.6;42.85,117.53;
#728:
>0:40.87,116.49;42.58,116.49;
#729:
>0:42.74,116.78;41.2,117.83;
#730:
>0:20.73,112.27;21.6,114.9;
#731:
>0:30.2,120.23;31.59,121.02;
#732:
>0:33.95,114.97;29.46,116.22;27.62,118.21;
#733:
>0:39.73,112.36;40.24,113.11;
#734:
>0:25.52,120.66;26.71,121.72;31.49,121.69;34.75,121.09;
#735:
>0:39.83,116.51;39.58,117.83;
#736:
>0:41.65,117.58;40.26,116.88;
#737:
>0:30.58,118.46;26.51,117.76;22.41,117.9;
#738:
>0:41.86,116.15;41.99,116.99;
#739:
>0:42.6,117.5;41.05,116.18;
#740:
>0:39.13,121.48;34.44,118.01;35.32,116.58;35.49,115.07;28.88,111.97;
#741:
>0:36.45,118.54;32.83,119.36;25.75,118.33;23.27,120.62;
#742:
>0:36.8,119.31;37.42,119.25;
#743:
>0:32.39,120.3;31.85,120.26;
#744:
>0:21.85,115.73;22.25,113.43;28.24,113.16;26.54,109.41;
#745:
>0:20.43,121.36;18.94,119.27;23.39,116.15;21.35,113.96;18.3,112.57;20.04,109.3;
#746:
>0:41.72,116.21;41.38,116.86;
#747:
>0:20.33,118.13;24.06,116.68;27.76,118.53;31.67,118.27;34.06,119.48;
#748:
>0:31.28,121.58;35.17,121.11;
#749:
>0:41.53,117.99;43.04,117.63;
#750:
>0:40.55,116.34;39.99,118.47;
#751:
>0:41.99,117.6;40.16,116.04;
#752:
>0:29.13,110.22;31.15,109.7;35.26,111.82;32.57,114.27;35.17,118.39;
#753:
>0:19.25,119.3;21.99,117.25;28.79,118.06;32.74,118.74;33.0,118.39;
#754:
>0:39.28,109.88;37.6,110.06;
#755:
>0:36.56,119.01;31.57,120.11;25.84,118.93;
#756:
>0:29.96,113.65;25.68,112.09;25.48,112.57;
#757:
>0:28.8,114.14;25.56,116.46;20.14,118.55;20.48,121.69;
#758:
>0:41.28,117.8;41.26,116.24;
#759:
>0:22.83,113.46;18.86,111.86;
#760:
>0:42.29,116.81;42.2,116.62;
#761:
>0:40.98,116.65;41.98,116.93;
#762:
>0:39.48,114.88;36.94,113.13;
#763:
>0:28.84,117.06;24.81,116.57;21.3,121.05;
#764:
>0:21.1,111.2;20.9,111.71;19.66,115.25;20.31,117.43;21.02,118.43;
#765:
>0:39.52,119.61;37.27,118.49;
#766:
>0:19.3,110.56;18.3,110.27;
#767:
>0:40.39,117.54;41.48,117.22;
#768:
>0:25.37,111.75;23.27,114.98;
#769:
>0:36.39,114.66;42.64,117.88;33.11,119.26;30.77,120.98;
#770:
>0:34.01,121.21;32.17,121.49;34.71,119.24;33.36,117.38;35.93,115.39;32.05,110.1;
#771:
>0:29.36,120.13;32.74,121.2;
#772:
>0:35.71,113.91;29.81,114.03;26.03,116.21;25.28,116.79;18.75,119.53;
#773:
>0:19.31,118.8;18.91,117.16;19.6,115.03;18.35,112.78;
#774:
>0:41.45,117.56;39.71,116.74;
#775:
>0:41.03,116.08;40.0,116.36;
#776:
>0:18.49,120.12;24.09,119.17;27.4,118.24;30.21,118.71;34.6,119.33;
#777:
>0:25.18,115.05;23.5,113.31;28.03,112.34;30.46,112.07;41.13,116.02;
#778:
>0:19.47,112.94;24.62,111.08;22.28,112.15;27.53,111.46;30.45,111.27;40.67,116.86;
#779:
>0:43.0,116.7;38.48,119.08;32.83,117.85;
#780:
>0:33.38,111.96;35.46,110.68;
#781:
>0:42.3,117.54;39.49,118.08;
#782:
>0:40.44,116.45;41.16,117.25;
#783:
>0:43.04,116.67;42.46,116.75;
#784:
>0:18.65,117.19;22.99,113.5;27.37,113.17;26.25,109.84;
#785:
>0:29.96,116.42;34.1,117.1;
#786:
>0:22.29,114.6;24.72,113.38;
#787:
>0:41.32,117.68;40.59,117.4;
#788:
>0:18.95,110.28;21.68,110.13;
#789:
>0:31.75,118.7;35.64,118.5;35.96,117.19;33.05,115.27;35.97,111.04;
#790:
>0:38.65,110.27;39.5,112.92;33.42,115.45;30.74,114.07;33.78,115.73;36.4,121.8;
#791:
>0:33.77,109.66;33.31,111.45;29.38,114.08;25.02,115.17;
#792:
>0:21.72,110.43;19.74,112.66;19.25,115.12;21.78,117.48;19.32,118.17;20.93,120.55;
#793:
>0:28.82,118.62;23.46,117.46;29.24,116.17;25.12,113.33;
#794:
>0:28.04,121.57;24.59,119.19;
#795:
>0:42.62,116.21;39.85,116.06;
#796:
>0:39.94,117.22;42.04,117.34;
#797:
>0:24.82,114.12;24.58,114.22;
#798:
>0:24.64,112.19;19.48,109.41;
#799:
>0:39.68,116.6;42.57,117.29;
#800:
>0:22.93,115.28;21.89,111.49;31.46,111.59;
#801:
>0:29.34,120.15;32.29,119.95;
#802:
>0:39.96,117.96;41.07,117.44;
#803:
>0:28.81,117.57;23.84,115.9;20.83,116.22;
#804:
>0:19.18,110.81;21.36,111.47;21.12,115.0;20.5,116.76;18.91,117.93;20.32,121.29;
#805:
>0:21.57,112.73;22.54,111.26;26.24,111.69;
#806:
>0:29.78,121.41;32.23,120.19;
#807:
>0:27.62,110.12;32.79,109.91;33.7,112.07;37.81,112.39;
#808:
>0:25.91,119.28;30.76,119.46;29.53,121.45;39.65,117.64;
#809:
>0:40.21,117.06;41.93,117.07;
#810:
>0:33.11,119.64;35.75,115.99;35.65,115.38;30.13,113.76;24.62,111.05;
#811:
>0:33.67,112.32;35.22,113.68;
#812:
>0:40.4,117.12;42.78,116.71;
#813:
>0:42.86,118.11;41.31,116.35;
#814:
>0:40.78,116.6;42.88,116.8;
#815:
>0:29.08,116.8;31.31,116.24;35.28,117.84;
#816:
>0:37.52,112.52;35.68,110.03;35.92,112.72;27.97,112.04;
#817:
>0:39.65,117.62;42.27,116.59;
#818:
>0:32.49,110.17;26.68,112.25;22.39,113.05;
#819:
>0:19.46,109.45;18.93,112.03;18.36,113.47;20.05,115.83;18.31,118.43;
#820:
>0:36.17,121.59;32.1,118.35;28.68,119.7;25.56,117.92;
#821:
>0:20.97,116.64;22.09,114.69;23.36,111.27;26.62,110.2;
#822:
>0:22.15,120.08;26.49,119.57;29.64,117.25;
#823:
>0:28.57,114.47;30.96,113.91;
#824:
>0:20.18,109.17;19.16,110.48;
#825:
>0:40.0,117.17;39.7,117.56;
#826:
>0:42.59,117.49;41.3,117.49;
#827:
>0:41.21,117.9;41.54,116.72;
#828:
>0:40.0,116.02;41.68,117.96;
#829:
>0:40.86,118.1;39.92,117.77;
#830:
>0:18.67,110.68;20.68,109.44;
#831:
>0:38.63,120.53;38.37,118.56;
#832:
>0:20.15,120.32;18.95,118.66;
#833:
>0:23.09,111.64;22.4,114.57;
#834:
>0:37.21,117.11;34.1,114.82;30.15,113.64;27.49,114.8;
#835:
>0:39.6,110.38;36.85,112.86;35.31,113.19;31.76,115.05;35.98,116.92;35.49,119.98;
#836:
>0:37.37,114.46;33.56,116.24;33.06,115.38;31.05,115.37;23.72,110.25;
#837:
>0:23.63,119.39;26.02,116.9;28.53,113.78;
#838:
>0:31.0,114.69;34.25,116.42;
#839:
>0:39.46,118.07;41.51,116.71;
#840:
>0:41.75,116.64;34.33,118.85;33.94,121.37;36.69,119.81;30.8,120.59;
#841:
>0:30.83,121.45;29.43,121.66;
#842:
>0:42.38,116.19;41.2,116.25;
#843:
>0:22.71,110.96;24.34,109.85;
#844:
>0:43.01,116.83;42.45,117.3;
#845:
>0:42.7,116.66;40.23,116.19;
#846:
>0:36.98,119.09;40.12,121.8;32.62,119.93;
#847:
>0:19.63,113.01;19.52,114.01;
#848:
>0:26.06,112.8;22.67,113.39;23.92,115.55;24.81,117.75;22.16,120.49;
#849:
>0:41.75,116.27;39.78,116.62;
#850:
>0:22.76,110.34;20.01,112.46;19.0,114.9;
#851:
>0:39.93,111.65;34.7,114.11;34.91,116.96;34.72,118.93;
#852:
>0:35.3,113.64;29.53,114.06;26.34,115.52;22.78,116.05;18.93,117.62;
#853:
>0:29.59,121.55;30.89,121.68;
#854:
>0:40.17,116.67;42.34,116.63;
#855:
>0:40.39,116.6;40.22,116.44;
#856:
>0:32.04,121.49;32.65,120.1;
#857:
>0:22.09,121.21;28.25,118.2;32.04,117.09;29.92,115.35;
#858:
>0:26.84,117.04;23.24,119.2;23.43,120.07;
#859:
>0:42.69,117.5;40.0,117.38;
#860:
>0:39.45,109.39;40.27,111.78;34.74,115.17;42.91,116.81;34.72,117.89;27.76,120.76;
#861:
>0:42.53,116.93;40.94,118.07;
#862:
>0:24.22,120.25;26.71,118.11;30.0,115.64;31.2,115.23;
#863:
>0:39.45,117.34;39.44,117.6;
#864:
>0:19.89,117.51;23.52,114.52;22.74,111.9;27.14,110.15;
#865:
>0:20.27,118.44;18.33,120.78;
#866:
>0:20.9,110.09;19.45,110.66;
#867:
>0:42.37,117.62;41.51,117.26;
#868:
>0:25.02,118.57;26.42,116.58;29.6,115.68;33.0,111.63;
#869:
>0:42.7,117.91;40.0,116.85;
#870:
>0:42.55,117.98;40.32,117.77;
#871:
>0:41.91,116.42;42.46,117.24;
#872:
>0:27.45,116.61;22.31,115.24;27.07,111.84;30.95,110.82;
#873:
>0:41.91,116.49;41.86,116.82;
#874:
>0:30.52,117.38;35.4,116.49;34.74,113.9;30.33,109.81;
#875:
>0:28.76,120.21;32.66,119.59;36.62,117.42;41.53,116.63;34.85,115.45;40.07,110.04;
#876:
>0:22.01,114.59;25.3,114.65;
#877:
>0:40.15,117.4;41.27,117.64;
#878:
>0:39.8,117.75;42.93,117.53;
#879:
>0:23.1,119.04;25.68,116.91;26.2,115.44;
#880:
>0:30.79,121.53;29.37,119.93;
#881:
>0:21.78,112.69;23.45,110.99;23.31,111.7;26.06,110.98;33.73,112.33;
#882:
>0:23.82,112.35;23.54,113.52;
#883:
>0:18.57,120.84;21.85,118.44;
#884:
>0:30.88,119.71;32.53,119.72;
#885:
>0:18.68,120.02;20.53,118.6;
#886:
>0:23.11,111.04;28.42,112.33;27.9,113.94;
#887:
>0:40.64,116.98;42.0,118.02;
#888:
>0:30.93,118.04;34.02,118.99;36.35,115.35;
#889:
>0:32.58,110.75;26.25,111.53;23.82,112.22;18.34,111.45;
#890:
>0:32.62,120.55;32.48,120.48;
#891:
>0:39.48,117.37;40.79,116.7;
#892:
>0:30.4,120.69;29.55,121.65;
#893:
>0:40.32,116.94;41.46,116.37;
#894:
>0:39.56,116.74;41.37,118.07;
#895:
>0:32.63,120.18;30.06,121.65;
#896:
>0:21.98,113.24;20.54,111.0;
#897:
>0:39.86,117.94;41.38,117.39;
#898:
>0:21.19,113.04;25.14,111.29;24.19,109.76;27.55,111.37;30.95,112.23;40.84,117.68;
#899:
>0:38.76,110.82;37.43,113.06;33.17,114.3;32.82,114.06;22.32,114.92;
#900:
>0:42.22,116.33;40.37,116.49;
#901:
>0:42.64,117.83;42.62,117.27;
#902:
>0:21.76,118.4;22.98,117.51;28.79,119.45;31.52,118.98;35.31,118.07;
#903:
>0:26.84,119.3;30.79,117.62;36.56,117.66;
#904:
>0:30.15,119.77;28.62,118.76;25.75,117.44;
#905:
>0:21.76,121.3;23.36,119.7;26.17,118.37;31.98,121.59;
#906:
>0:40.44,117.29;42.45,117.09;
#907:
>0:38.09,113.17;33.31,114.79;30.09,115.13;28.34,117.31;22.4,117.05;21.59,117.28;
#908:
>0:41.03,116.34;39.94,117.94;
#909:
>0:33.13,111.5;36.67,109.47;
#910:
>0:39.81,118.01;39.68,117.36;
#911:
>0:40.57,116.4;42.58,116.09;
#912:
>0:31.18,113.8;28.43,117.29;24.12,117.85;
#913:
>0:37.65,119.89;33.32,118.69;35.83,116.89;33.1,113.87;26.5,111.45;
#914:
>0:40.23,117.8;40.27,117.71;
#915:
>0:40.99,117.76;39.92,117.03;
#916:
>0:30.05,120.19;32.75,119.97;
#917:
>0:43.05,116.38;41.67,117.39;
#918:
>0:29.39,121.75;31.96,120.86;
#919:
>0:42.47,117.44;42.47,117.13;
#920:
>0:41.81,116.12;41.98,116.26;
#921:
>0:29.7,120.36;31.51,119.84;
#922:
>0:21.94,114.84;23.46,113.06;31.31,109.66;
#923:
>0:29.71,121.65;31.28,120.15;
#924:
>0:40.05,117.77;35.27,116.28;39.05,111.52;
#925:
>0:20.19,110.93;22.39,112.13;25.97,114.14;30.81,116.46;33.92,117.26;33.64,121.06;
#926:
>0:19.77,109.36;19.2,110.47;
#927:
>0:29.87,114.08;30.77,113.83;
#928:
>0:31.03,121.8;32.44,120.3;
#929:
>0:40.33,118.04;41.11,117.66;
#930:
>0:30.27,121.55;30.59,120.73;
#931:
>0:28.22,114.49;22.21,111.33;26.97,110.96;
#932:
>0:40.24,116.44;41.04,116.44;
#933:
>0:39.5,117.82;41.82,116.87;
#934:
>0:31.32,121.68;30.74,120.67;
#935:
>0:41.41,117.51;39.99,117.88;
#936:
>0:42.29,117.91;41.36,116.94;
#937:
>0:28.48,113.08;32.4,111.62;30.77,113.67;39.12,119.01;
#938:
>0:20.97,121.75;20.35,118.47;
#939:
>0:39.65,116.64;42.78,116.41;
#940:
>0:18.8,111.65;24.68,113.83;23.82,116.27;22.69,118.95;
#941:
>0:40.48,118.02;40.07,116.44;
#942:
>0:43.11,116.89;42.77,117.7;
#943:
>0:41.73,117.26;42.2,117.88;
#944:
>0:39.74,118.01;41.68,116.22;
#945:
>0:30.66,111.44;32.59,114.59;23.85,117.25;
#946:
>0:41.84,116.87;42.88,116.64;
#947:
>0:30.02,119.67;34.39,119.5;36.57,116.91;33.23,114.92;36.37,109.75;
#948:
>0:26.83,110.17;31.69,111.11;34.87,112.45;32.8,113.65;34.35,118.84;
#949:
>0:42.8,116.96;42.67,116.75;
#950:
>0:32.27,115.56;36.07,116.17;33.43,111.84;
#951:
>0:23.93,119.89;26.96,119.08;32.26,116.3;35.33,117.57;35.92,112.46;
#952:
>0:39.88,116.41;42.43,116.06;
#953:
>0:41.7,117.14;41.69,117.85;
#954:
>0:29.26,115.38;22.41,112.2;25.32,111.19;
#955:
>0:30.71,121.64;29.87,120.92;
#956:
>0:29.05,114.05;28.34,112.4;
#957:
>0:40.5,116.97;40.39,117.55;
#958:
>0:20.44,110.32;20.97,109.2;
#959:
>0:40.2,117.83;41.91,116.23;
#960:
>0:37.57,113.68;36.03,115.78;37.72,118.25;38.46,121.69;
#961:
>0:19.62,118.61;22.94,117.17;25.96,117.73;31.36,119.22;34.75,118.03;
#962:
>0:42.72,117.28;42.71,117.05;
#963:
>0:33.9,118.98;32.52,119.94;27.11,119.68;
#964:
>0:40.9,117.99;41.07,118.01;
#965:
>0:29.57,114.87;34.55,116.47;35.47,117.8;28.69,121.3;
#966:
>0:40.79,118.1;42.73,117.05;
#967:
>0:43.0,116.71;40.65,116.76;
#968:
>0:40.01,113.8;38.21,113.31;
#969:
>0:30.25,121.0;31.36,121.37;
#970:
>0:37.04,121.49;33.14,117.97;33.42,116.99;33.33,114.91;31.84,115.35;21.95,109.39;
#971:
>0:42.35,116.21;39.5,118.01;
#972:
>0:33.44,120.02;32.2,120.63;36.05,118.96;40.74,116.29;30.54,112.92;
#973:
>0:37.13,109.29;37.72,112.22;33.43,115.44;29.95,114.76;27.78,117.46;21.83,114.93;
#974:
>0:42.84,116.38;42.94,117.03;
#975:
>0:18.96,114.72;21.32,115.78;22.99,114.88;25.83,112.56;33.73,115.34;
#976:
>0:38.25,121.58;34.17,121.37;29.54,121.15;25.79,118.21;
#977:
>0:40.44,117.96;39.72,117.63;
#978:
>0:31.78,119.96;30.48,119.92;
#979:
>0:42.4,116.12;42.98,117.05;
#980:
>0:38.73,114.04;36.35,117.3;32.97,114.0;30.46,113.65;24.38,110.62;
#981:
>0:40.55,117.5;42.47,116.19;
#982:
>0:32.03,119.93;31.74,120.42;
#983:
>0:42.37,118.05;43.13,116.27;
#984:
>0:41.22,116.35;42.96,117.94;
#985:
>0:34.65,110.19;35.91,111.46;32.21,113.56;25.71,117.01;24.93,118.86;
#986:
>0:19.28,116.88;23.72,113.51;23.81,112.56;32.4,112.0;
#987:
>0:29.83,121.0;29.79,120.04;
#988:
>0:42.94,116.93;40.59,116.28;
#989:
>0:39.71,120.15;39.39,120.22;
#990:
>0:32.95,120.92;30.09,121.64;
#991:
>0:24.09,114.6;29.19,117.3;30.18,119.44;
#992:
>0:20.64,109.78;23.94,112.22;29.12,112.03;29.37,112.14;32.73,115.26;37.41,119.61;
#993:
>0:29.92,120.29;29.33,120.13;
#994:
>0:40.0,117.44;43.03,116.39;
#995:
>0:28.71,119.18;29.42,119.89;
#996:
>0:21.49,114.29;18.18,112.01;22.65,111.71;26.49,111.19;30.96,110.77;37.95,114.75;
#997:
>0:37.07,115.38;36.24,117.12;31.58,119.56;
#998:
>0:24.39,121.37;26.11,119.43;32.57,116.87;34.13,116.32;35.68,112.43;
#999:
>0:39.92,118.22;42.25,117.99;
#1000:
>0:42.9,116.2;35.7,117.72;32.48,121.1;
#1001:
>0:43.11,118.12;42.96,116.09;
#1002:
>0:32.55,113.54;36.19,114.56;
#1003:
>0:42.63,117.21;33.15,116.9;34.34,113.43;32.96,114.99;22.92,113.36;
#1004:
>0:31.89,121.13;30.94,120.97;
#1005:
>0:41.71,117.64;39.62,118.06;
#1006:
>0:29.64,119.37;36.37,118.81;35.96,116.59;29.72,111.74;
#1007:
>0:21.02,118.99;20.71,120.4;
#1008:
>0:42.16,116.93;41.69,117.9;
#1009:
>0:42.3,116.52;34.57,116.23;33.78,113.73;29.85,114.01;26.07,112.64;21.74,109.95;
#1010:
>0:42.69,117.55;39.49,116.44;
#1011:
>0:19.8,118.01;23.09,116.13;26.3,118.23;
#1012:
>0:39.78,116.42;40.03,117.45;
#1013:
>0:21.03,111.23;21.78,111.9;
#1014:
>0:32.08,120.51;31.53,120.16;
#1015:
>0:31.54,118.45;25.92,119.13;22.48,116.96;19.39,117.45;
#1016:
>0:28.14,117.36;22.0,117.0;19.03,119.37;
#1017:
>0:26.29,113.82;22.65,116.02;20.87,118.13;
#1018:
>0:18.32,117.99;19.41,117.17;
#1019:
>0:40.87,117.6;40.55,116.19;
#1020:
>0:43.13,116.6;41.32,117.89;
#1021:
>0:30.48,119.93;32.75,120.62;
#1022:
>0:36.64,114.23;32.49,114.34;29.18,116.69;22.1,117.52;20.22,112.91;
#1023:
>0:42.11,117.98;42.95,116.26;
#1024:
>0:31.11,111.34;33.33,114.5;
#1025:
>0:41.41,116.88;36.33,115.1;30.48,114.38;26.49,112.98;22.69,110.57;20.02,111.14;
#1026:
>0:25.36,114.8;24.61,113.69;
#1027:
>0:40.09,110.7;35.69,111.58;31.66,113.39;27.53,117.37;23.71,116.55;20.19,119.12;
#1028:
>0:37.95,119.04;35.72,118.61;
#1029:
>0:20.87,112.52;23.59,111.41;
#1030:
>0:40.49,117.69;41.31,116.77;
#1031:
>0:22.73,110.74;27.01,110.26;
#1032:
>0:39.96,116.23;41.38,118.0;
#1033:
>0:39.99,116.1;42.84,116.97;
#1034:
>0:31.05,120.6;26.73,120.03;22.62,117.93;19.79,118.07;
#1035:
>0:34.39,111.33;36.69,109.8;
#1036:
>0:25.32,114.23;28.81,117.49;31.19,117.87;36.63,120.29;
#1037:
>0:32.21,121.04;32.31,119.88;
#1038:
>0:42.94,116.35;41.66,116.64;
#1039:
>0:28.14,110.17;23.47,110.49;
#1040:
>0:39.5,117.3;41.01,117.48;
#1041:
>0:29.3,120.15;32.6,121.43;
#1042:
>0:29.28,118.75;36.61,118.42;33.05,117.0;40.17,112.62;
#1043:
>0:24.88,115.43;22.81,114.78;
#1044:
>0:31.3,114.14;26.12,115.63;22.13,116.03;27.35,120.47;
#1045:
>0:42.3,116.2;40.8,117.2;
#1046:
>0:41.41,116.91;42.98,117.75;
#1047:
>0:26.67,110.14;29.65,111.08;34.32,112.61;30.71,114.78;35.15,117.05;36.92,120.94;
#1048:
>0:18.38,110.6;21.1,111.0;
#1049:
>0:32.66,113.57;26.55,111.53;25.27,112.54;
#1050:
>0:25.58,118.48;25.3,116.66;18.38,113.4;22.06,111.78;
#1051:
>0:29.76,117.17;28.94,119.19;23.17,115.82;21.62,120.69;
#1052:
>0:26.94,118.49;30.12,116.48;35.48,115.63;38.66,112.97;
#1053:
>0:42.89,116.2;41.46,117.41;
#1054:
>0:39.47,116.11;43.07,117.6;
#1055:
>0:42.3,117.29;41.47,117.53;
#1056:
>0:33.24,121.22;30.77,121.07;35.17,118.74;33.24,116.29;36.59,113.78;29.81,109.69;
#1057:
>0:39.7,118.45;40.13,118.41;
#1058:
>0:40.36,116.86;41.06,116.71;
#1059:
>0:40.82,116.54;39.49,117.26;
#1060:
>0:41.13,117.29;40.11,116.21;
#1061:
>0:28.54,112.64;27.42,113.77;26.27,115.5;27.79,118.85;
#1062:
>0:37.31,112.38;33.94,110.1;
#1063:
>0:23.69,114.01;24.14,112.51;26.3,114.26;30.88,115.76;42.8,117.04;
#1064:
>0:40.58,117.21;41.09,117.75;
#1065:
>0:42.08,116.84;35.69,116.36;36.79,120.59;
#1066:
>0:32.45,120.84;31.82,121.16;
#1067:
>0:18.23,121.49;20.53,119.55;25.26,115.99;19.68,114.83;19.2,111.31;23.68,109.56;
#1068:
>0:42.82,116.09;41.85,117.23;
#1069:
>0:39.54,116.37;42.47,117.75;
#1070:
>0:26.93,113.94;32.95,116.42;35.26,112.56;
#1071:
>0:42.32,117.64;43.12,116.35;
#1072:
>0:31.76,121.22;35.63,117.72;33.44,116.72;35.77,113.86;27.01,111.95;
#1073:
>0:19.57,119.92;24.36,119.63;27.06,115.6;30.74,115.3;
#1074:
>0:25.1,112.41;28.41,111.84;32.63,112.27;35.72,113.56;40.07,109.31;
#1075:
>0:35.44,113.95;29.61,114.1;34.1,116.27;39.49,121.04;
#1076:
>0:40.41,116.8;42.81,117.68;
#1077:
>0:38.04,116.89;39.98,117.1;
#1078:
>0:20.72,111.25;22.05,111.8;27.81,115.44;31.83,116.11;34.13,115.5;33.93,119.79;
#1079:
>0:40.85,117.68;40.34,118.0;
#1080:
>0:32.14,121.68;30.18,121.09;
#1081:
>0:42.23,116.29;42.29,116.61;
#1082:
>0:23.35,113.73;24.79,112.77;28.15,112.82;31.95,111.64;40.02,117.27;
#1083:
>0:40.58,116.56;39.55,116.24;
#1084:
>0:40.1,117.58;42.86,116.68;
#1085:
>0:38.33,114.02;35.06,115.21;
#1086:
>0:28.53,114.55;31.9,113.99;
#1087:
>0:39.49,116.08;42.97,116.48;
#1088:
>0:40.9,116.4;40.73,116.63;
#1089:
>0:40.23,116.28;36.63,119.22;30.31,119.84;27.9,118.58;
#1090:
>0:38.67,114.01;33.79,117.19;33.21,119.1;25.68,120.76;
#1091:
>0:34.17,118.07;36.27,117.44;33.92,115.03;32.54,114.93;24.01,110.92;
#1092:
>0:30.2,121.08;29.29,120.49;
#1093:
>0:43.09,116.84;42.23,118.06;
#1094:
>0:41.82,116.02;39.97,117.3;
#1095:
>0:35.14,117.95;30.23,121.61;26.74,119.12;
#1096:
>0:41.43,117.27;41.03,117.74;
#1097:
>0:23.83,114.91;21.94,115.36;
#1098:
>0:41.02,118.02;42.93,116.07;
#1099:
>0:28.68,120.23;30.51,118.93;
#1100:
>0:33.54,109.37;34.28,113.17;30.1,114.59;27.26,116.27;23.96,117.82;
#1101:
>0:22.38,115.05;19.21,112.43;
#1102:
>0:32.29,120.21;25.65,120.41;22.61,118.3;19.8,119.26;
#1103:
>0:39.51,116.05;41.33,116.51;
#1104:
>0:37.86,121.18;37.32,120.4;
#1105:
>0:30.79,121.53;31.06,121.59;
#1106:
>0:39.81,117.34;43.01,116.96;
#1107:
>0:42.82,116.35;41.42,116.64;
#1108:
>0:41.3,117.02;42.53,116.12;
#1109:
>0:30.62,121.49;31.59,120.97;
#1110:
>0:42.69,116.06;41.7,116.86;
#1111:
>0:40.42,117.28;39.54,117.78;
#1112:
>0:40.13,117.12;42.92,117.93;
#1113:
>0:29.36,109.2;34.09,110.14;39.75,109.9;
#1114:
>0:41.05,117.52;41.66,117.99;
#1115:
>0:39.68,112.84;35.7,110.13;33.24,112.3;31.56,114.24;23.54,117.31;
#1116:
>0:39.63,117.01;39.81,116.38;
#1117:
>0:40.9,117.43;39.91,116.82;
#1118:
>0:38.62,113.89;37.54,112.05;38.33,111.2;
#1119:
>0:30.93,120.53;30.5,120.47;
#1120:
>0:39.28,120.15;33.95,119.31;35.45,117.49;34.95,115.31;25.57,112.84;
#1121:
>0:42.06,117.72;40.75,117.16;
#1122:
>0:36.71,117.82;34.17,118.78;34.59,116.74;30.78,114.8;27.26,112.04;19.94,109.33;
#1123:
>0:30.08,121.76;25.96,120.58;23.13,118.58;21.37,117.27;28.22,111.76;
#1124:
>0:42.75,117.22;42.9,116.13;
#1125:
>0:41.22,117.16;39.56,117.38;
#1126:
>0:34.12,112.04;33.18,114.69;27.28,117.05;
#1127:
>0:19.2,110.63;18.46,112.08;18.99,115.47;19.04,116.68;20.89,117.77;
#1128:
>0:31.42,120.29;32.6,121.64;
#1129:
>0:31.87,120.68;29.53,120.66;
#1130:
>0:39.93,117.28;42.28,116.23;
#1131:
>0:28.94,116.29;30.32,114.01;34.87,111.56;39.45,110.5;
#1132:
>0:32.4,120.62;31.1,121.49;
#1133:
>0:23.02,114.06;24.77,114.29;
#1134:
>0:20.46,112.99;25.39,115.13;23.57,112.88;26.16,113.92;36.28,116.29;
#1135:
>0:41.22,117.39;43.0,118.09;
#1136:
>0:30.33,120.59;30.88,119.85;
#1137:
>0:40.49,117.3;39.82,118.08;
#1138:
>0:39.61,117.36;40.21,117.29;
#1139:
>0:41.0,117.79;38.33,117.96;
#1140:
>0:37.37,117.65;34.96,117.84;32.82,118.77;
#1141:
>0:28.75,110.74;32.66,110.2;33.12,111.56;39.77,111.77;
#1142:
>0:42.36,116.71;40.37,117.89;
#1143:
>0:42.66,116.28;42.49,116.31;
#1144:
>0:38.57,109.8;38.68,113.21;35.56,114.9;29.41,114.13;22.99,113.46;
#1145:
>0:41.67,116.32;41.05,116.11;
#1146:
>0:32.41,121.16;30.99,120.26;
#1147:
>0:41.76,116.03;41.93,118.06;
#1148:
>0:23.92,109.26;19.86,112.56;18.8,114.59;18.53,117.24;19.86,118.99;19.96,120.13;
#1149:
>0:29.63,116.89;33.3,116.27;25.72,112.78;
#1150:
>0:43.1,116.01;41.45,117.26;
#1151:
>0:41.0,116.42;41.62,118.01;
#1152:
>0:41.37,117.92;42.53,117.84;
#1153:
>0:38.51,118.39;40.98,117.05;
#1154:
>0:29.6,119.31;35.77,118.62;36.22,117.57;34.88,115.27;35.82,109.97;
#1155:
>0:29.31,120.58;29.45,121.31;
#1156:
>0:39.83,116.27;41.55,117.14;
#1157:
>0:40.44,117.68;40.27,117.85;
#1158:
>0:30.76,112.56;29.36,113.55;28.17,117.06;18.21,114.64;
#1159:
>0:32.37,120.65;31.55,120.19;
#1160:
>0:33.01,115.88;35.29,114.47;
#1161:
>0:38.75,119.4;34.27,118.17;
#1162:
>0:37.66,112.04;38.0,109.91;33.71,112.55;26.93,112.18;
#1163:
>0:18.6,112.47;22.44,112.55;
#1164:
>0:41.65,116.48;41.28,116.24;
#1165:
>0:38.54,117.68;40.19,121.65;33.71,120.39;29.64,120.11;25.87,119.84;19.97,119.85;
#1166:
>0:31.37,115.99;36.37,116.18;26.94,112.66;
#1167:
>0:23.91,119.41;27.04,117.23;31.04,116.09;35.51,115.54;37.21,112.03;
#1168:
>0:42.28,117.94;41.08,117.47;
#1169:
>0:36.01,114.24;32.29,115.16;35.07,116.81;32.91,120.29;
#1170:
>0:26.45,120.29;30.82,118.71;36.02,115.58;41.78,118.04;33.78,113.59;38.24,110.14;
#1171:
>0:39.0,111.19;37.72,111.51;35.42,113.71;40.3,116.5;34.37,115.52;35.26,121.41;
#1172:
>0:41.21,117.2;41.37,117.36;
#1173:
>0:21.64,111.22;23.87,111.79;27.46,109.9;
#1174:
>0:34.1,116.78;36.04,114.82;29.81,113.66;25.99,111.13;
#1175:
>0:18.2,118.42;24.45,117.28;26.64,119.24;29.29,117.71;35.92,118.56;
#1176:
>0:21.96,110.42;20.88,112.04;20.08,114.81;
#1177:
>0:40.11,114.59;35.42,117.46;29.83,117.87;
#1178:
>0:35.87,112.25;40.35,111.16;
#1179:
>0:18.81,117.01;21.32,114.55;
#1180:
>0:23.34,117.58;20.92,114.55;21.15,112.92;27.91,111.19;
#1181:
>0:40.0,117.48;40.82,117.15;
#1182:
>0:41.8,118.01;42.16,116.21;
#1183:
>0:41.11,116.03;40.37,117.68;
#1184:
>0:26.49,110.53;30.63,111.44;
#1185:
>0:31.39,120.41;35.95,119.03;34.78,116.89;34.79,113.38;38.1,112.66;34.66,109.87;32.98,111.51;30.75,113.39;29.18,112.21;28.1,110.33;30.17,110.91;34.44,113.34;31.18,113.58;28.88,116.49;26.32,114.99;30.86,114.83;
#1186:
>0:21.42,110.17;22.5,112.08;25.57,114.2;30.05,116.02;35.59,116.73;32.89,120.44;
#1187:
>0:39.55,117.3;43.05,117.59;
#1188:
>0:40.35,116.65;40.69,117.26;
#1189:
>0:32.47,113.65;27.71,111.8;23.24,113.11;
#1190:
>0:32.74,109.16;25.99,111.49;23.62,112.21;
#1191:
>0:31.79,118.96;27.88,121.78;
#1192:
>0:40.58,118.12;41.67,116.76;
#1193:
>0:32.76,120.6;32.28,121.63;
#1194:
>0:41.58,116.87;40.08,117.85;
#1195:
>0:20.24,110.25;20.88,112.68;19.39,114.52;24.91,117.49;21.12,119.13;
#1196:
>0:28.58,119.58;32.86,117.58;35.02,116.27;34.34,114.41;39.96,110.36;
#1197:
>0:30.92,120.83;32.13,121.31;
#1198:
>0:36.12,113.19;39.84,110.69;
#1199:
>0:42.2,117.26;41.64,117.37;
#1200:
>0:42.36,117.84;33.27,116.26;
#1201:
>0:39.62,117.93;42.47,117.55;
#1202:
>0:40.31,117.4;33.57,115.64;30.87,118.98;
#1203:
>0:28.38,121.62;22.12,118.04;21.27,117.32;22.96,114.04;22.94,111.83;
#1204:
>0:21.24,121.43;19.56,118.28;
#1205:
>0:29.28,113.79;34.45,111.78;
#1206:
>0:30.93,118.04;26.45,118.87;23.16,116.5;19.96,119.63;
#1207:
>0:39.85,117.35;40.13,116.16;
#1208:
>0:39.96,116.91;40.66,117.93;
#1209:
>0:27.0,117.82;27.73,119.41;
#1210:
>0:35.98,120.45;39.04,118.43;33.23,118.91;34.78,117.09;31.99,114.24;31.92,110.42;
#1211:
>0:42.04,117.53;35.69,113.6;31.34,116.65;27.35,113.41;
#1212:
>0:42.74,116.27;42.16,116.76;
#1213:
>0:22.14,114.11;21.01,111.72;
#1214:
>0:29.71,110.27;27.33,113.04;21.87,113.02;
#1215:
>0:43.1,118.11;40.39,117.33;
#1216:
>0:40.98,117.5;42.52,117.43;
#1217:
>0:40.46,118.61;42.42,116.94;
#1218:
>0:39.89,112.15;33.69,114.86;41.79,116.46;30.2,119.42;
#1219:
>0:41.96,116.42;42.03,116.88;
#1220:
>0:19.67,117.32;23.16,114.57;25.91,113.19;27.83,113.94;32.6,117.07;36.73,115.37;
#1221:
>0:20.91,109.38;20.92,110.09;
#1222:
>0:22.93,114.49;27.2,112.73;30.13,112.18;34.37,114.52;37.62,114.0;
#1223:
>0:20.61,121.19;23.42,119.47;27.07,118.62;31.43,120.13;
#1224:
>0:29.23,120.82;30.78,119.24;34.66,118.57;30.58,115.08;
#1225:
>0:42.02,117.79;41.03,117.13;
#1226:
>0:39.81,116.26;42.0,118.11;
#1227:
>0:26.0,121.08;32.82,119.04;34.16,118.33;29.65,114.3;
#1228:
>0:40.47,117.47;39.85,117.24;
#1229:
>0:41.68,117.05;42.87,116.65;
#1230:
>0:42.39,116.56;42.52,117.61;
#1231:
>0:25.54,115.32;25.37,112.26;26.82,112.68;31.48,111.97;41.33,117.31;
#1232:
>0:26.94,120.99;24.09,117.66;19.71,117.15;22.61,114.44;27.23,111.76;19.76,109.78;
#1233:
>0:42.79,117.72;40.45,116.41;
#1234:
>0:29.61,117.65;35.16,118.7;36.05,114.45;
#1235:
>0:26.04,110.6;31.24,109.41;35.1,112.64;39.37,112.81;
#1236:
>0:31.97,120.44;29.06,119.07;25.68,115.79;
#1237:
>0:40.42,116.83;41.38,116.19;
#1238:
>0:21.86,121.65;22.68,120.09;
#1239:
>0:28.3,117.68;24.52,116.47;22.72,113.84;
#1240:
>0:41.27,116.81;41.68,116.31;
#1241:
>0:24.27,118.45;19.27,118.86;18.92,115.76;25.87,111.71;
#1242:
>0:31.4,109.68;26.6,112.93;22.29,111.3;18.5,111.85;
#1243:
>0:39.57,117.91;43.07,117.95;
#1244:
>0:31.39,119.84;30.31,121.47;
#1245:
>0:31.3,115.02;27.93,115.49;
#1246:
>0:29.89,120.39;30.03,120.45;
#1247:
>0:29.02,116.57;32.6,116.92;32.28,114.42;31.34,110.81;
#1248:
>0:40.35,116.58;40.01,116.85;
#1249:
>0:38.65,118.47;36.58,118.51;34.37,116.41;30.39,113.68;26.66,112.95;20.01,111.01;
#1250:
>0:29.97,120.78;29.37,121.77;
#1251:
>0:29.55,120.2;30.65,120.76;
#1252:
>0:32.94,121.13;27.2,120.14;26.18,119.07;21.24,114.37;
#1253:
>0:42.67,116.07;39.54,116.37;
#1254:
>0:40.19,116.12;40.66,118.0;
#1255:
>0:22.66,120.92;27.51,119.55;29.36,117.17;30.37,114.93;
#1256:
>0:30.17,112.1;25.63,110.74;
#1257:
>0:30.67,120.88;27.51,120.67;24.86,117.73;19.43,115.77;
#1258:
>0:26.03,116.91;24.2,115.82;
#1259:
>0:35.65,118.54;40.61,117.77;34.11,117.18;39.87,112.14;
#1260:
>0:36.09,109.4;34.33,111.77;30.87,113.48;36.64,116.1;38.97,117.7;33.46,120.28;
#1261:
>0:41.43,116.07;40.77,117.09;
#1262:
>0:40.5,116.86;42.46,116.87;
#1263:
>0:41.49,116.94;40.82,117.59;
#1264:
>0:30.34,121.02;29.87,120.17;
#1265:
>0:41.73,117.61;42.49,116.88;
#1266:
>0:43.13,117.09;39.56,117.81;
#1267:
>0:42.28,117.69;42.52,117.12;
#1268:
>0:39.73,120.82;34.95,119.63;33.08,115.48;36.58,113.77;28.34,112.37;
#1269:
>0:39.51,117.97;33.92,116.71;29.78,118.68;
#1270:
>0:35.54,118.26;41.04,117.42;33.74,116.89;37.37,112.71;
#1271:
>0:28.27,111.26;24.02,111.61;23.45,114.66;25.19,116.12;
#1272:
>0:39.8,116.89;40.72,117.71;
#1273:
>0:40.16,118.1;42.37,116.04;
#1274:
>0:18.25,111.28;22.33,111.56;28.99,111.76;
#1275:
>0:41.34,117.05;40.82,116.54;
#1276:
>0:41.11,117.37;40.18,116.82;
#1277:
>0:39.49,117.98;42.44,117.69;
#1278:
>0:19.25,121.25;22.35,117.97;26.59,117.76;32.17,118.73;35.25,119.15;
#1279:
>0:42.03,117.83;41.49,116.64;
#1280:
>0:25.68,110.03;22.92,111.35;22.72,113.84;23.55,115.6;
#1281:
>0:18.58,109.32;19.21,113.03;19.53,113.82;18.3,116.31;18.49,119.23;
#1282:
>0:39.54,116.36;41.72,117.8;
#1283:
>0:18.19,110.11;20.03,109.92;
#1284:
>0:42.85,116.27;40.86,117.77;
#1285:
>0:30.6,120.29;31.58,120.39;
#1286:
>0:39.99,117.24;40.85,116.67;
#1287:
>0:23.59,109.76;28.03,109.88;
#1288:
>0:42.23,118.08;41.82,117.59;
#1289:
>0:39.87,117.64;41.44,117.04;
#1290:
>0:40.51,117.84;41.68,116.07;
#1291:
>0:32.83,120.25;30.28,121.51;
#1292:
>0:42.98,116.1;39.48,117.96;
#1293:
>0:41.06,116.71;42.92,116.76;
#1294:
>0:40.77,116.3;41.19,116.36;
#1295:
>0:35.93,121.63;32.95,120.0;36.21,119.12;36.46,116.73;34.05,114.03;31.45,109.79;
#1296:
>0:39.64,117.45;40.71,117.28;
#1297:
>0:40.52,117.11;42.62,116.25;
#1298:
>0:39.77,116.74;39.64,117.98;
#1299:
>0:40.44,116.6;41.51,116.1;
#1300:
>0:39.51,120.06;36.82,120.07;
#1301:
>0:21.87,112.34;24.35,114.85;26.47,116.6;31.33,119.57;32.0,121.18;
#1302:
>0:26.62,121.42;32.06,117.64;34.1,116.36;41.84,116.42;35.9,114.89;39.23,111.12;
#1303:
>0:32.44,120.84;34.33,119.18;32.7,120.33;33.09,119.59;36.57,116.6;36.39,113.72;31.18,114.1;26.54,112.84;22.44,112.51;20.79,111.09;23.33,112.51;25.39,109.57;21.47,110.64;22.22,111.61;21.9,109.28;26.97,113.13;25.15,110.09;21.18,110.62;22.35,112.01;20.66,110.82;25.44,111.93;19.02,109.18;25.14,113.09;23.0,111.14;28.96,109.8;29.3,109.23;28.05,109.24;32.25,109.99;35.46,111.57;32.43,114.48;31.6,114.24;
#1304:
>0:26.51,119.81;26.4,118.4;25.36,115.6;19.38,114.59;21.36,112.03;25.61,109.72;
#1305:
>0:42.25,117.94;40.23,117.45;
#1306:
>0:18.22,109.56;21.37,111.18;
#1307:
>0:37.42,117.58;42.11,117.57;
#1308:
>0:41.81,116.65;42.06,116.29;
#1309:
>0:33.1,111.3;33.48,114.25;
#1310:
>0:23.8,119.37;28.9,119.04;29.89,120.27;
#1311:
>0:38.34,109.59;33.49,111.66;30.16,114.39;28.04,116.27;24.67,119.41;23.41,120.54;
#1312:
>0:34.23,118.2;36.27,117.51;31.89,114.82;24.71,114.13;
#1313:
>0:42.15,117.3;41.8,117.03;
#1314:
>0:21.34,117.13;23.81,114.73;27.63,112.73;29.82,110.69;
#1315:
>0:31.98,109.75;33.09,110.61;36.85,109.17;
#1316:
>0:39.99,117.34;39.71,117.69;
#1317:
>0:33.19,110.55;35.52,112.76;36.79,113.38;33.71,115.89;37.95,119.04;35.83,120.86;
#1318:
>0:39.51,120.62;33.66,119.42;35.66,116.63;31.01,114.16;
#1319:
>0:37.53,120.27;36.93,121.3;
#1320:
>0:40.78,116.4;41.53,118.04;
#1321:
>0:37.29,117.5;38.87,114.33;
#1322:
>0:42.74,116.81;43.07,117.32;
#1323:
>0:21.2,110.97;22.88,113.33;23.52,114.84;26.03,112.11;30.64,112.59;41.73,116.59;
#1324:
>0:40.64,116.26;42.16,116.3;
#1325:
>0:24.47,110.28;21.53,112.31;19.35,113.41;21.75,115.5;21.3,118.11;18.47,121.34;
#1326:
>0:42.38,116.26;41.78,118.46;
#1327:
>0:40.93,116.54;39.92,116.36;
#1328:
>0:22.06,117.92;25.65,115.75;31.65,116.41;33.06,113.68;
#1329:
>0:42.18,116.63;39.7,116.11;
#1330:
>0:28.73,111.35;22.66,114.01;22.63,115.5;24.36,118.51;22.91,121.29;
#1331:
>0:38.33,113.49;37.47,111.85;37.28,109.26;
#1332:
>0:39.89,117.05;40.0,116.66;
#1333:
>0:41.99,116.11;42.67,117.07;
#1334:
>0:39.45,117.52;40.24,118.01;
#1335:
>0:40.25,117.89;42.9,117.32;
#1336:
>0:42.04,116.04;41.89,117.69;
#1337:
>0:18.74,117.25;22.17,114.08;24.33,112.93;28.71,111.13;
#1338:
>0:40.5,116.91;41.79,118.08;
#1339:
>0:39.87,116.73;40.48,116.4;
#1340:
>0:42.17,116.25;41.24,116.91;
#1341:
>0:42.98,118.04;42.61,118.0;
#1342:
>0:29.78,117.66;34.21,119.68;33.86,117.58;29.6,115.37;36.12,110.87;
#1343:
>0:30.33,121.48;30.69,119.77;
#1344:
>0:22.59,115.52;26.47,116.35;25.79,115.1;34.58,115.54;
#1345:
>0:42.85,117.13;40.22,117.77;
#1346:
>0:40.9,116.41;40.05,117.84;
#1347:
>0:39.73,116.44;40.81,116.45;
#1348:
>0:31.24,120.16;30.7,120.84;
#1349:
>0:32.09,120.66;32.04,120.95;
#1350:
>0:41.12,116.47;42.67,118.09;
#1351:
>0:35.01,120.24;29.89,119.21;
#1352:
>0:42.42,116.48;40.87,117.48;
#1353:
>0:42.62,118.07;39.48,116.6;
#1354:
>0:24.97,115.1;28.5,112.4;
#1355:
>0:40.05,117.42;41.54,116.1;
#1356:
>0:30.43,120.46;30.09,121.59;
#1357:
>0:43.01,117.8;42.37,117.34;
#1358:
>0:21.68,120.76;21.74,118.37;22.91,116.98;29.97,117.38;
#1359:
>0:19.25,110.67;24.91,112.31;27.91,112.54;
#1360:
>0:42.45,117.48;43.09,117.48;
#1361:
>0:40.56,116.34;40.72,117.06;
#1362:
>0:29.65,113.13;26.04,110.6;
#1363:
>0:41.62,116.12;42.76,116.04;
#1364:
>0:33.7,119.7;30.24,120.55;25.6,119.36;
#1365:
>0:26.75,121.79;32.2,119.19;33.17,118.43;30.97,113.77;
#1366:
>0:31.11,120.23;31.41,120.28;
#1367:
>0:40.32,118.04;40.5,117.07;
#1368:
>0:32.23,119.38;29.4,121.77;28.25,120.09;21.23,120.62;
#1369:
>0:40.23,115.17;34.82,116.96;39.96,119.0;36.73,121.61;
#1370:
>0:42.8,117.91;40.59,117.32;
#1371:
>0:42.33,117.54;42.02,116.83;
#1372:
>0:28.5,112.42;27.17,115.24;26.08,116.56;27.7,119.34;
#1373:
>0:39.54,117.74;43.05,117.23;
#1374:
>0:41.02,116.48;40.79,116.18;
#1375:
>0:40.42,117.63;40.56,117.4;
#1376:
>0:19.44,111.53;22.54,114.22;23.44,116.89;22.77,119.64;
#1377:
>0:25.52,109.78;24.64,112.78;23.33,114.39;22.31,117.24;23.81,117.73;
#1378:
>0:21.65,111.31;24.66,110.75;26.64,112.54;27.53,110.59;36.1,112.1;
#1379:
>0:26.96,121.71;30.91,118.85;35.32,119.62;29.57,113.9;
#1380:
>0:31.9,120.79;32.82,119.75;
#1381:
>0:40.24,117.1;39.09,116.92;
#1382:
>0:19.4,111.97;23.49,112.14;27.78,111.51;
#1383:
>0:39.45,116.5;38.93,118.27;
#1384:
>0:40.78,117.05;41.88,116.8;
#1385:
>0:39.78,117.01;40.36,117.0;
#1386:
>0:25.95,109.68;22.54,109.23;
#1387:
>0:42.0,117.82;40.17,117.59;
#1388:
>0:39.88,116.61;39.52,116.08;
#1389:
>0:20.19,116.45;23.47,114.75;25.96,111.79;26.23,111.05;31.59,109.22;39.48,114.62;
#1390:
>0:22.12,109.92;25.66,112.42;29.98,111.65;28.35,116.88;
#1391:
>0:41.98,116.41;42.18,117.49;
#1392:
>0:31.8,116.57;35.44,116.73;37.78,115.36;
#1393:
>0:40.79,117.45;41.77,117.39;
#1394:
>0:20.94,110.93;18.31,110.76;
#1395:
>0:21.5,112.16;22.52,111.52;27.78,111.8;29.38,110.52;
#1396:
>0:41.08,117.53;40.25,118.1;
#1397:
>0:31.12,110.77;27.42,109.42;25.35,109.93;
#1398:
>0:34.77,114.87;30.08,115.96;27.27,118.34;24.6,121.08;
#1399:
>0:29.92,120.62;30.66,120.81;
#1400:
>0:20.75,120.19;22.58,121.51;
#1401:
>0:43.02,116.97;41.72,116.58;
#1402:
>0:19.7,109.36;20.27,112.34;19.29,114.59;20.89,116.52;18.99,118.25;21.59,121.16;
#1403:
>0:26.78,118.72;31.17,118.9;31.49,121.63;38.68,119.99;
#1404:
>0:40.35,116.83;40.4,118.04;
#1405:
>0:32.47,121.22;31.74,119.84;
#1406:
>0:36.16,121.25;31.17,121.07;41.93,116.67;
#1407:
>0:31.68,121.46;29.37,120.98;
#1408:
>0:39.86,116.64;42.33,118.05;
#1409:
>0:37.01,111.29;33.55,110.73;34.63,112.94;27.2,112.63;
#1410:
>0:29.67,110.52;33.82,112.01;39.48,112.78;
#1411:
>0:40.97,116.83;41.45,116.82;
#1412:
>0:37.18,121.37;35.07,121.31;31.26,120.88;29.07,119.05;
#1413:
>0:32.91,119.58;28.74,120.29;
#1414:
>0:32.57,114.06;26.32,112.01;28.93,110.59;
#1415:
>0:43.04,116.29;42.84,116.89;
#1416:
>0:41.1,117.49;41.93,117.5;
#1417:
>0:40.31,116.75;41.53,117.64;
#1418:
>0:40.54,117.14;40.54,116.89;
#1419:
>0:32.36,120.02;29.47,121.17;
#1420:
>0:28.47,119.26;31.95,116.13;
#1421:
>0:18.83,112.97;22.83,114.43;23.09,116.58;23.14,118.81;
#1422:
>0:27.3,113.55;23.55,114.76;21.85,114.22;
#1423:
>0:40.62,116.72;40.91,118.03;
#1424:
>0:42.72,116.16;41.23,116.19;
#1425:
>0:26.06,121.34;23.66,118.63;20.04,115.61;22.0,115.38;28.01,113.18;26.74,110.61;
#1426:
>0:41.98,117.5;42.04,117.63;
#1427:
>0:40.04,117.6;41.15,116.39;
#1428:
>0:39.73,116.88;41.96,117.35;
#1429:
>0:41.62,116.39;41.2,116.65;
#1430:
>0:21.17,120.12;22.1,119.83;21.2,119.17;21.62,116.59;24.86,115.45;21.03,109.35;
#1431:
>0:20.22,119.37;23.86,116.81;20.67,114.25;19.97,113.31;24.01,109.71;
#1432:
>0:23.0,113.8;25.19,114.16;
#1433:
>0:31.2,120.42;31.66,121.33;
#1434:
>0:28.65,118.98;31.54,115.86;
#1435:
>0:39.81,111.14;38.47,112.99;35.02,114.22;42.92,117.71;38.87,118.8;34.22,121.44;
#1436:
>0:32.11,121.43;30.44,120.14;
#1437:
>0:41.26,117.22;41.03,117.43;
#1438:
>0:19.9,112.35;21.97,111.51;
#1439:
>0:26.22,111.39;31.54,111.86;36.55,114.55;37.5,114.86;
#1440:
>0:25.64,116.35;22.88,113.58;
#1441:
>0:42.08,117.58;39.74,116.02;
#1442:
>0:41.39,117.37;39.45,116.25;
#1443:
>0:29.56,111.6;27.43,110.08;
#1444:
>0:19.25,113.24;22.68,111.01;25.63,111.71;
#1445:
>0:37.61,118.91;38.73,121.17;34.14,120.9;29.97,121.12;26.08,121.09;20.36,118.44;
#1446:
>0:36.17,120.93;30.93,121.06;36.53,118.39;35.18,116.9;30.8,114.54;30.53,109.58;
#1447:
>0:39.98,116.08;40.3,118.06;
#1448:
>0:37.11,113.9;33.7,116.74;35.47,113.41;31.03,113.95;22.6,111.48;
#1449:
>0:40.93,117.42;41.89,117.17;
#1450:
>0:26.12,120.07;29.48,117.97;35.23,115.77;42.67,116.05;36.48,115.23;36.97,109.6;
#1451:
>0:39.8,109.22;38.88,111.96;34.55,115.14;32.9,113.53;28.62,116.61;19.31,114.51;
#1452:
>0:42.92,117.43;42.69,118.42;
#1453:
>0:42.24,117.66;33.33,114.87;36.5,111.52;28.24,111.38;
#1454:
>0:40.71,116.08;42.25,117.3;
#1455:
>0:33.14,118.53;34.39,119.38;
#1456:
>0:39.78,117.7;42.61,117.58;
#1457:
>0:32.48,112.43;32.29,114.16;22.31,116.83;
#1458:
>0:41.81,117.76;39.74,116.79;
#1459:
>0:19.94,110.88;23.77,113.27;26.7,113.91;31.77,115.85;34.23,115.79;35.0,121.11;
#1460:
>0:41.36,116.29;39.65,116.66;
#1461:
>0:41.0,116.34;39.48,117.53;
#1462:
>0:32.36,121.81;32.81,120.2;
#1463:
>0:41.04,116.28;42.97,116.15;
#1464:
>0:35.47,112.1;34.14,114.46;29.47,114.06;27.63,117.1;18.4,113.45;
#1465:
>0:30.89,120.17;30.04,121.7;
#1466:
>0:29.93,119.79;29.58,120.06;
#1467:
>0:40.16,117.14;42.29,116.87;
#1468:
>0:20.86,114.77;21.58,113.11;23.57,109.69;26.74,112.81;29.9,113.07;36.96,111.85;
#1469:
>0:39.04,113.41;33.79,115.62;30.69,119.57;
#1470:
>0:23.11,115.35;22.74,113.18;30.55,109.58;
#1471:
>0:29.31,120.27;31.05,120.93;
#1472:
>0:27.09,112.98;29.26,110.62;30.91,111.08;39.67,113.48;
#1473:
>0:42.72,116.02;41.05,116.55;
#1474:
>0:28.85,116.9;28.03,115.85;
#1475:
>0:35.41,111.54;37.17,110.65;
#1476:
>0:20.78,117.59;23.98,114.19;23.51,112.12;29.19,112.09;31.96,111.29;37.43,112.44;
#1477:
>0:19.43,109.64;23.7,112.89;26.15,109.44;29.92,110.35;35.56,110.17;
#1478:
>0:24.96,115.18;28.5,113.12;31.54,112.85;32.94,115.26;41.46,117.43;
#1479:
>0:40.94,117.67;41.54,117.34;
#1480:
>0:20.69,113.01;23.05,111.83;
#1481:
>0:21.82,120.74;24.91,117.98;26.24,119.66;30.92,120.76;
#1482:
>0:31.29,114.03;27.51,112.08;24.32,112.93;
#1483:
>0:28.56,112.01;29.24,114.31;27.14,115.62;27.4,118.43;
#1484:
>0:19.82,111.19;20.27,110.34;
#1485:
>0:39.79,117.17;41.57,116.72;
#1486:
>0:20.63,110.03;23.9,113.01;28.67,114.63;31.24,116.05;33.36,117.12;34.93,120.31;
#1487:
>0:30.51,121.4;31.69,120.03;
#1488:
>0:26.56,114.48;32.35,117.11;35.97,116.04;30.98,120.33;
#1489:
>0:29.59,114.55;28.63,111.4;24.62,111.63;20.66,110.19;
#1490:
>0:41.36,116.53;40.07,116.21;
#1491:
>0:41.98,117.28;43.04,117.78;
#1492:
>0:32.51,120.75;29.63,120.68;
#1493:
>0:30.64,113.73;36.57,114.35;
#1494:
>0:40.35,117.98;42.06,116.65;
#1495:
>0:41.5,116.81;42.5,117.9;
#1496:
>0:30.58,114.27;31.58,113.97;
#1497:
>0:42.61,116.27;39.66,116.11;
#1498:
>0:41.32,117.86;43.1,116.83;
#1499:
>0:21.54,119.94;22.92,117.85;28.59,118.79;31.3,119.03;34.14,120.66;
#1500:
>0:31.57,119.75;32.65,120.05;
#1501:
>0:42.19,116.77;40.33,116.88;
#1502:
>0:25.03,120.44;27.93,118.63;31.48,119.41;35.8,119.7;39.58,118.99;
#1503:
>0:40.17,117.13;41.73,117.1;
#1504:
>0:41.65,116.71;40.08,116.52;
#1505:
>0:40.9,116.44;42.18,118.05;
#1506:
>0:19.05,121.25;22.99,119.4;27.57,117.08;29.42,114.47;
#1507:
>0:40.69,117.5;40.38,117.21;
#1508:
>0:38.93,118.71;39.74,121.09;31.02,121.1;
#1509:
>0:32.27,120.91;29.92,120.14;
#1510:
>0:29.84,119.91;31.42,120.7;
#1511:
>0:39.52,117.66;40.97,118.08;
#1512:
>0:42.65,116.64;40.15,117.83;
#1513:
>0:23.49,114.57;24.16,114.21;
