#0:
>0:40.05,113.08;39.47,112.96;39.18,113.74;38.52,113.91;38.16,115.06;37.82,114.96;
#1:
>0:39.45,113.73;39.54,114.18;39.03,114.85;38.54,114.54;37.74,116.34;
#2:
>0:38.2,114.74;38.49,115.39;
#3:
>0:38.05,112.93;37.69,112.85;
#4:
>0:39.15,114.64;39.48,114.81;39.04,113.26;
#5:
>0:40.02,116.77;40.2,116.29;
#6:
>0:38.99,115.32;38.83,114.78;38.18,115.01;37.82,115.12;
#7:
>0:38.38,115.83;38.67,115.23;38.9,114.83;38.63,114.39;39.17,113.48;
#8:
>0:38.76,115.4;38.78,114.66;38.73,114.28;39.09,113.99;38.55,112.77;
#9:
>0:39.22,114.46;39.08,114.84;38.86,115.54;
#10:
>0:38.42,114.3;38.37,113.83;
#11:
>0:38.89,116.09;38.72,115.66;38.59,114.84;38.54,114.07;38.71,113.68;
#12:
>0:40.06,116.4;39.55,116.17;39.2,115.22;38.59,115.13;38.23,114.85;37.86,114.84;38.21,115.35;38.87,116.08;38.8,115.7;37.94,114.01;
#13:
>0:37.94,113.66;38.09,113.8;38.48,114.32;38.57,113.97;38.98,114.18;40.07,113.42;
#14:
>0:38.54,115.83;38.75,115.26;38.68,114.54;
#15:
>0:40.08,116.57;39.97,116.15;
#16:
>0:38.97,113.1;39.32,113.05;
#17:
>0:38.99,115.84;39.44,115.22;39.46,114.95;38.75,114.39;
#18:
>0:38.87,114.32;38.1,113.41;38.08,113.05;
#19:
>0:39.93,115.33;39.9,114.68;
#20:
>0:38.56,115.66;39.09,115.58;39.3,115.66;39.69,115.51;
#21:
>0:38.08,113.22;38.14,114.38;38.65,114.54;39.07,114.95;39.33,114.25;39.73,114.69;
#22:
>0:39.86,114.11;39.62,114.52;38.93,114.8;38.68,114.27;38.26,114.77;37.74,113.88;
#23:
>0:38.64,113.11;39.12,113.25;39.58,113.88;
#24:
>0:40.03,116.48;40.21,116.22;
#25:
>0:39.46,113.64;39.01,112.98;38.81,112.87;38.38,112.55;37.94,112.87;
#26:
>0:38.87,113.73;39.27,114.29;38.63,114.91;38.82,115.15;38.29,116.36;
#27:
>0:40.18,116.76;40.21,116.68;
#28:
>0:39.18,114.17;38.58,114.95;38.76,115.5;39.29,116.4;
#29:
>0:39.44,113.47;39.08,114.22;38.87,114.92;38.58,115.55;38.96,116.29;
#30:
>0:38.95,113.39;39.29,114.0;39.85,114.64;
#31:
>0:38.88,113.42;38.19,114.07;37.94,114.18;37.94,114.82;38.62,116.04;
#32:
>0:38.84,114.32;38.57,115.03;38.6,115.16;38.4,116.3;
#33:
>0:38.23,113.88;38.78,113.39;
#34:
>0:39.59,114.99;38.88,113.96;38.68,113.51;
#35:
>0:39.79,113.72;39.52,113.47;39.99,113.85;39.74,114.76;40.07,116.41;
#36:
>0:38.7,115.25;38.51,114.99;39.11,114.97;40.0,114.32;
#37:
>0:39.73,114.78;39.73,114.24;39.04,114.94;
#38:
>0:39.21,112.69;38.51,113.49;38.25,114.04;38.38,114.56;
#39:
>0:38.1,115.88;38.53,116.16;38.48,114.82;
#40:
>0:40.01,116.38;39.93,116.48;
#41:
>0:38.67,116.09;38.51,115.47;38.89,114.8;39.28,113.97;39.63,113.34;
#42:
>0:37.69,115.36;38.27,116.21;38.25,115.79;38.94,116.01;
#43:
>0:39.54,112.59;38.9,112.69;
#44:
>0:38.11,115.75;38.83,114.51;38.15,115.04;37.95,113.89;37.91,113.16;
#45:
>0:40.21,116.29;39.72,115.79;39.96,114.94;39.84,114.0;39.52,113.28;
#46:
>0:37.7,112.65;37.69,112.85;
#47:
>0:39.8,115.23;39.28,115.07;39.05,114.85;38.69,114.96;38.38,114.77;37.8,114.88;
#48:
>0:38.88,115.99;38.58,115.17;38.81,114.9;38.85,114.18;38.81,113.55;
#49:
>0:38.53,113.57;38.96,114.19;38.74,115.12;38.48,115.64;38.84,116.03;
#50:
>0:38.21,113.91;37.77,114.15;37.86,114.56;38.85,115.9;
#51:
>0:37.96,116.33;38.23,115.39;38.77,114.56;37.69,114.29;
#52:
>0:39.86,115.04;39.98,114.32;
#53:
>0:39.06,114.12;39.19,113.32;
#54:
>0:38.77,115.48;38.52,115.07;39.35,113.86;
#55:
>0:39.15,115.35;38.51,114.87;38.35,114.75;37.97,114.6;
#56:
>0:37.7,116.06;38.28,115.68;38.82,115.13;38.48,114.01;
#57:
>0:38.64,116.19;38.45,115.2;37.81,115.58;
#58:
>0:38.67,112.64;38.4,113.01;38.91,114.22;
#59:
>0:40.01,116.75;39.95,116.32;
#60:
>0:39.9,116.3;39.95,116.42;
#61:
>0:39.9,113.61;39.28,113.35;39.1,115.12;
#62:
>0:37.79,115.43;38.19,115.01;38.64,114.2;39.06,113.38;39.37,113.37;
#63:
>0:39.04,114.69;38.48,115.37;
#64:
>0:39.66,115.22;39.34,115.09;38.92,114.66;38.27,113.4;
#65:
>0:38.24,115.7;38.71,114.7;38.16,114.16;
#66:
>0:39.13,116.37;38.58,116.43;38.31,115.97;38.07,116.04;
#67:
>0:38.88,114.74;38.55,114.56;
#68:
>0:40.23,116.69;40.25,116.6;
#69:
>0:38.44,113.91;37.72,114.39;37.91,114.52;38.55,116.06;
#70:
>0:39.64,113.82;38.99,113.94;38.56,114.79;38.12,114.9;37.72,113.92;
#71:
>0:39.46,112.9;38.92,113.57;38.58,114.12;38.09,114.89;
#72:
>0:38.32,114.8;38.52,115.12;38.89,114.73;39.49,114.46;39.8,114.96;
#73:
>0:38.33,112.71;38.87,113.78;37.89,114.38;
#74:
>0:39.0,115.47;38.53,114.92;38.27,114.55;37.99,115.11;
#75:
>0:38.97,114.39;39.28,113.72;39.78,112.82;
#76:
>0:39.46,113.71;39.41,113.61;
#77:
>0:39.75,112.93;39.89,113.45;39.65,113.78;39.96,114.21;40.03,114.95;39.9,116.58;
#78:
>0:38.21,113.93;38.09,113.4;
#79:
>0:38.79,115.25;39.24,114.99;39.41,113.91;39.89,113.27;39.02,112.92;
#80:
>0:38.99,114.01;39.2,114.66;38.59,115.79;
#81:
>0:38.16,115.01;37.87,115.03;38.24,116.09;
#82:
>0:38.0,113.71;38.23,113.93;38.7,114.96;38.91,115.03;39.62,114.15;40.0,115.07;
#83:
>0:37.79,115.66;38.24,115.09;37.84,115.06;37.89,114.16;38.13,112.53;
#84:
>0:39.6,115.63;39.5,114.71;38.74,114.74;
#85:
>0:39.86,113.58;39.41,113.73;39.56,114.07;39.22,114.66;38.23,115.14;
