#0:
>0:39.5,113.47;38.94,114.43;39.64,113.9;39.97,115.24;
#1:
>0:39.47,113.89;38.96,114.58;38.77,114.79;
#2:
>0:38.89,116.31;39.33,116.4;39.43,115.59;39.42,115.08;39.73,113.21;
#3:
>0:38.74,116.4;39.26,115.98;39.52,114.82;39.99,114.96;
#4:
>0:38.13,116.35;38.14,115.37;38.87,115.49;38.93,114.93;38.72,114.42;38.25,112.64;
#5:
>0:39.11,113.08;38.58,113.48;38.59,113.89;
#6:
>0:39.67,115.2;39.14,114.84;38.69,113.93;38.61,113.2;37.83,113.15;
#7:
>0:39.84,115.37;39.51,115.25;
#8:
>0:40.03,112.61;39.42,113.07;39.12,112.97;
#9:
>0:39.74,112.65;39.55,113.24;39.51,114.43;39.65,115.09;39.21,115.69;38.55,115.84;
#10:
>0:38.13,115.0;38.12,115.78;
#11:
>0:39.87,115.05;39.6,115.4;39.2,115.08;38.6,113.93;38.23,112.58;
#12:
>0:38.37,112.82;38.64,113.56;38.45,113.89;38.43,114.96;38.1,115.4;38.19,116.08;
#13:
>0:38.71,116.09;38.12,115.65;38.65,115.45;
#14:
>0:37.72,113.09;38.25,112.54;38.49,113.54;39.15,114.56;
#15:
>0:39.29,114.45;39.12,113.34;38.56,113.62;
#16:
>0:40.1,116.54;39.75,115.22;39.67,115.58;38.87,114.82;
#17:
>0:38.53,114.95;38.29,115.58;37.82,115.93;
#18:
>0:38.24,114.05;38.71,114.58;
#19:
>0:40.02,114.64;39.49,114.25;
#20:
>0:38.58,113.64;38.14,113.49;
#21:
>0:37.81,114.89;38.39,115.13;
#22:
>0:39.38,113.34;39.25,114.12;38.92,115.07;38.29,115.8;
#23:
>0:38.67,112.92;39.2,112.99;39.6,112.95;
#24:
>0:39.61,114.49;39.39,113.43;40.06,112.86;
#25:
>0:37.95,113.95;37.82,113.64;38.25,113.16;38.79,112.99;39.19,113.13;39.83,112.56;
#26:
>0:39.14,115.03;39.0,115.63;38.09,115.32;38.07,116.36;
#27:
>0:38.38,114.2;38.58,114.37;38.9,113.77;39.65,113.85;
#28:
>0:37.75,116.1;38.11,115.21;39.07,115.72;39.06,115.0;39.08,113.45;
#29:
>0:37.79,115.29;38.03,114.62;38.26,114.25;37.72,113.51;
#30:
>0:38.15,115.22;38.55,114.83;39.13,115.81;39.42,114.2;
#31:
>0:38.05,114.52;38.45,115.18;38.13,116.31;38.74,116.05;39.62,116.45;
#32:
>0:38.59,116.14;39.32,115.85;39.54,116.28;40.12,116.68;
#33:
>0:39.56,116.45;39.28,115.67;39.62,115.26;38.9,114.54;39.41,114.4;38.8,112.77;
#34:
>0:38.54,115.13;38.13,114.26;37.87,113.59;38.07,113.0;
#35:
>0:38.94,112.62;38.98,113.71;39.09,114.18;39.38,114.21;39.73,115.33;
#36:
>0:38.33,115.94;37.75,116.24;
#37:
>0:39.44,113.69;38.88,114.41;39.48,114.31;39.88,115.24;
#38:
>0:39.52,114.09;39.15,113.52;38.71,113.72;
#39:
>0:39.09,114.85;38.64,114.31;39.24,113.46;39.02,112.8;
#40:
>0:39.67,113.05;39.06,113.14;39.14,113.32;38.39,114.23;
#41:
>0:38.32,115.25;38.71,114.38;39.07,113.58;38.98,112.53;
#42:
>0:38.58,113.45;39.24,114.4;39.54,114.43;
#43:
>0:37.77,113.59;38.39,114.12;38.52,114.0;
#44:
>0:38.73,113.94;38.89,114.03;
#45:
>0:40.04,113.74;39.66,113.48;39.1,114.19;39.3,115.09;39.59,116.38;
#46:
>0:39.8,115.37;39.58,114.79;38.9,115.08;38.86,114.76;38.63,115.05;37.8,114.54;
#47:
>0:39.31,116.13;39.59,115.78;
#48:
>0:38.47,115.54;39.07,115.63;39.06,114.98;39.29,114.95;
#49:
>0:38.41,116.19;38.79,116.39;39.08,115.82;39.37,114.66;39.71,114.94;
#50:
>0:39.04,114.49;38.85,115.06;38.52,115.01;
#51:
>0:38.27,113.89;38.35,114.2;38.73,114.68;
#52:
>0:38.78,113.97;38.16,114.02;37.85,115.43;
#53:
>0:38.77,116.34;39.24,116.1;39.58,114.63;40.02,114.13;40.04,113.58;
#54:
>0:37.88,112.87;38.39,112.54;38.7,113.79;39.08,113.69;
#55:
>0:39.61,115.63;39.04,116.45;
#56:
>0:38.66,115.29;38.23,114.6;
#57:
>0:39.01,113.57;38.71,113.63;38.26,114.48;37.95,114.25;
#58:
>0:38.71,115.88;39.16,115.62;
#59:
>0:38.07,114.57;38.46,114.17;38.38,113.46;38.14,112.8;
#60:
>0:39.47,114.67;39.5,115.07;
#61:
>0:39.48,116.3;40.06,116.51;39.98,115.49;39.87,114.27;
#62:
>0:39.07,115.36;39.0,116.12;
#63:
>0:39.56,112.71;39.07,113.07;38.56,113.32;38.28,113.91;37.88,113.63;
#64:
>0:39.7,112.7;39.5,113.19;39.22,113.85;39.66,114.87;39.19,116.01;
#65:
>0:38.69,115.19;38.44,114.75;37.7,115.03;
#66:
>0:38.42,113.03;38.53,113.05;38.88,113.05;
#67:
>0:39.43,115.71;39.67,115.2;39.58,113.92;
#68:
>0:39.12,113.04;39.2,113.43;39.12,114.26;39.57,114.03;39.67,115.27;
#69:
>0:39.41,114.66;39.77,113.85;39.39,113.52;
#70:
>0:39.57,115.7;39.41,116.12;
#71:
>0:40.0,116.47;40.08,116.76;
#72:
>0:38.42,116.38;38.67,116.04;39.4,115.53;39.55,114.64;40.01,114.1;39.46,112.6;
#73:
>0:39.4,115.5;38.91,114.86;38.61,116.17;
#74:
>0:38.5,113.89;39.07,113.28;
#75:
>0:40.16,116.44;39.96,116.63;
#76:
>0:38.13,114.47;38.38,113.45;37.93,112.7;
#77:
>0:38.45,115.09;38.25,114.22;
#78:
>0:38.45,114.48;38.41,115.02;
#79:
>0:39.21,114.72;39.49,115.02;39.98,115.02;
#80:
>0:39.49,115.27;39.18,115.84;
#81:
>0:37.83,114.65;38.44,113.86;38.63,114.62;38.88,114.91;39.33,114.35;39.86,114.3;
#82:
>0:38.38,114.2;38.64,113.73;
#83:
>0:38.55,116.09;39.25,115.84;39.45,115.28;39.06,114.69;38.77,114.18;38.4,112.78;
#84:
>0:39.58,115.11;39.08,115.67;38.71,116.41;
#85:
>0:37.92,112.78;38.43,113.84;38.02,114.23;
