#0:
>0:38.73,112.74;39.2,113.2;39.67,113.88;39.6,114.72;39.53,115.4;
#1:
>0:40.21,116.63;39.85,115.68;
#2:
>0:37.74,113.6;38.13,114.38;38.6,114.74;39.14,115.03;39.03,116.4;
#3:
>0:39.06,112.66;38.71,113.29;38.11,114.1;37.98,114.76;
#4:
>0:39.11,112.56;39.35,113.29;39.32,114.41;39.45,114.92;39.33,115.52;
#5:
>0:38.4,116.35;38.36,115.66;38.87,115.41;38.89,116.4;40.25,116.63;
#6:
>0:38.66,113.18;39.26,113.75;39.41,114.39;40.0,114.82;39.9,115.41;
#7:
>0:39.14,115.63;38.94,115.88;
#8:
>0:39.35,114.08;39.67,114.59;
#9:
>0:38.12,114.79;38.21,114.52;
#10:
>0:39.96,114.07;39.59,113.72;39.54,112.73;38.92,113.27;38.11,113.03;
#11:
>0:37.92,115.98;37.99,115.47;
#12:
>0:38.82,114.86;38.48,114.55;
#13:
>0:38.24,115.49;38.53,115.39;39.23,114.89;
#14:
>0:39.12,114.96;38.81,114.19;38.31,113.31;37.96,112.91;
#15:
>0:39.39,115.57;39.95,114.59;
#16:
>0:37.7,115.33;38.32,116.33;38.42,115.64;38.52,114.99;39.51,114.28;
#17:
>0:37.76,114.68;38.2,113.87;37.9,113.54;38.29,112.53;
#18:
>0:38.82,116.42;38.98,115.4;39.14,115.13;39.5,114.14;38.98,114.07;39.35,112.99;
#19:
>0:39.93,113.34;39.76,113.02;39.29,112.7;38.9,113.46;38.41,113.15;
#20:
>0:39.77,115.0;39.35,114.44;39.19,113.9;
#21:
>0:38.77,115.05;38.5,114.93;
#22:
>0:39.46,112.71;40.0,113.4;39.68,114.11;40.05,114.84;39.81,115.18;39.2,116.17;
#23:
>0:38.11,115.7;38.35,114.68;38.84,113.91;39.64,115.11;
#24:
>0:38.33,115.71;38.35,114.55;38.56,114.0;39.64,114.9;
#25:
>0:39.28,115.79;40.01,116.82;
#26:
>0:39.57,113.89;39.57,113.25;39.68,113.07;
#27:
>0:38.28,113.48;38.51,114.05;38.49,114.71;38.57,115.37;39.5,116.02;
#28:
>0:39.45,114.98;39.28,114.27;39.64,113.19;
#29:
>0:37.87,112.61;37.82,113.16;
#30:
>0:39.71,113.01;39.53,112.97;39.07,113.03;
#31:
>0:37.7,114.6;38.44,114.07;38.15,113.64;38.81,112.7;39.46,112.59;
#32:
>0:39.39,113.6;39.62,112.69;
#33:
>0:39.23,115.33;38.96,114.94;39.32,114.35;39.06,113.25;
#34:
>0:39.82,115.56;39.32,114.9;38.97,114.47;38.86,113.77;38.39,112.71;37.85,112.76;
#35:
>0:39.7,114.66;39.33,114.08;40.01,113.43;
#36:
>0:38.64,114.19;38.59,114.49;38.93,115.56;
#37:
>0:38.79,115.43;38.35,115.18;37.84,115.76;
#38:
>0:38.28,114.83;38.59,114.17;39.18,113.77;
#39:
>0:37.76,113.1;37.77,113.78;37.82,114.42;38.05,115.07;37.93,115.42;37.85,116.25;
#40:
>0:39.18,113.38;39.67,113.16;39.95,112.77;
#41:
>0:38.39,114.62;38.74,114.39;39.14,114.39;38.61,113.02;
#42:
>0:40.01,112.85;39.58,113.72;38.93,113.94;38.48,114.16;38.77,115.34;
#43:
>0:39.73,112.82;39.66,112.58;39.6,114.1;
#44:
>0:39.52,116.0;39.16,115.33;38.66,115.23;38.7,114.77;38.44,114.08;38.17,113.06;
#45:
>0:39.11,113.87;39.11,114.11;
#46:
>0:40.31,116.88;40.19,116.52;
#47:
>0:39.42,113.45;39.53,113.74;
#48:
>0:38.01,113.1;37.76,112.86;
#49:
>0:38.52,113.23;39.18,114.16;39.35,114.54;39.89,115.31;
#50:
>0:38.68,113.7;39.12,114.39;39.3,114.5;39.97,114.5;
#51:
>0:38.99,113.25;38.78,114.28;38.34,114.66;
#52:
>0:39.71,112.84;39.38,113.17;38.93,114.37;
#53:
>0:39.81,115.77;39.56,116.38;
#54:
>0:39.98,115.61;39.36,114.95;38.93,114.26;38.94,113.37;38.33,112.73;
#55:
>0:39.49,115.12;40.07,115.18;
#56:
>0:38.42,116.06;38.19,115.4;38.67,114.52;39.2,114.71;39.32,114.46;39.56,112.73;
#57:
>0:37.98,115.5;38.28,116.36;38.12,115.37;38.57,114.79;39.1,114.93;40.06,114.8;
#58:
>0:38.71,113.81;39.05,114.22;39.64,114.68;39.72,114.96;
#59:
>0:37.81,114.33;38.27,114.56;38.55,115.8;38.67,115.9;
#60:
>0:38.19,112.92;38.19,113.83;38.55,114.23;38.57,114.94;39.38,115.64;
#61:
>0:38.04,114.71;38.14,114.99;
#62:
>0:40.35,116.61;40.23,116.61;
#63:
>0:39.36,115.15;39.37,114.98;
#64:
>0:37.96,115.55;38.1,116.07;38.4,115.75;38.56,114.86;39.19,115.09;39.73,114.94;
#65:
>0:39.74,113.99;39.29,115.11;39.55,115.37;39.55,116.36;
#66:
>0:40.26,116.31;40.21,116.59;
#67:
>0:39.85,115.31;39.68,115.04;39.63,114.46;39.55,113.66;39.9,112.56;
#68:
>0:38.16,112.82;38.16,113.59;38.77,114.22;38.88,114.76;39.32,115.77;
#69:
>0:38.66,116.28;38.94,115.65;39.06,115.11;39.41,114.45;39.51,113.38;39.75,113.04;
#70:
>0:39.9,114.02;39.86,113.19;
#71:
>0:40.21,116.56;40.16,116.73;
#72:
>0:40.0,116.62;39.88,116.41;
#73:
>0:37.98,113.69;38.3,113.34;38.24,114.77;
#74:
>0:39.9,115.5;39.36,114.99;39.02,114.37;38.86,113.22;39.02,112.83;
#75:
>0:39.55,113.74;39.27,114.1;38.84,114.42;38.38,114.05;
#76:
>0:38.6,114.1;38.59,114.86;38.81,115.52;39.55,115.86;
#77:
>0:37.79,113.24;38.2,113.53;38.06,114.36;38.26,114.78;38.09,116.12;
#78:
>0:38.4,114.7;38.86,113.88;38.61,114.58;39.45,114.32;
#79:
>0:38.62,115.7;38.6,114.5;39.38,114.22;
#80:
>0:39.25,115.75;39.31,115.0;
#81:
>0:39.84,113.47;39.3,114.48;39.12,114.28;38.52,114.19;38.5,114.63;37.83,114.44;
#82:
>0:37.75,116.08;38.15,115.65;38.57,114.8;
#83:
>0:37.99,113.13;38.28,113.73;38.56,112.86;38.86,113.42;39.65,114.75;
#84:
>0:38.26,113.35;38.58,114.29;38.6,114.51;38.6,115.27;39.43,116.34;
#85:
>0:38.95,115.13;38.54,114.57;38.32,115.14;38.08,115.14;
