#0:
>0:35.18,116.29;35.96,116.27;37.36,116.27;38.59,116.27;
#1:
>0:35.21,116.29;36.18,116.31;36.72,116.29;37.89,116.3;40.16,116.31;
#2:
>0:34.72,116.33;36.3,116.33;
#3:
>0:37.67,116.28;36.16,116.27;35.19,116.28;33.6,116.28;
#4:
>0:39.34,116.28;38.33,116.27;36.66,116.3;
#5:
>0:35.51,116.27;35.94,116.27;37.09,116.3;
#6:
>0:40.62,116.31;38.2,116.32;36.99,116.31;37.04,116.29;35.49,116.3;
#7:
>0:38.76,116.3;38.49,116.29;
#8:
>0:38.22,116.32;37.81,116.32;
#9:
>0:36.63,116.32;36.09,116.32;33.44,116.33;
