#0:
>0:40.66,117.73;41.07,117.78;41.22,117.24;41.45,116.87;
#1:
>0:40.04,117.68;40.38,117.49;40.67,117.16;40.67,117.14;40.59,116.45;
#2:
>0:41.15,117.16;40.74,117.34;
#3:
>0:41.39,116.39;41.07,116.44;40.62,116.71;40.7,117.11;40.07,117.42;40.07,117.77;
#4:
>0:40.89,116.64;41.36,116.98;41.69,117.18;41.81,117.52;
#5:
>0:41.46,116.53;41.42,116.96;41.18,117.05;41.12,117.24;40.99,117.81;
#6:
>0:40.69,117.15;40.01,117.29;40.69,116.65;
#7:
>0:41.24,117.63;41.01,117.87;41.15,117.53;40.55,116.88;
#8:
>0:39.98,116.4;40.12,116.28;
#9:
>0:40.66,117.55;40.6,117.34;
#10:
>0:40.01,116.41;39.94,116.4;
#11:
>0:40.26,116.31;39.97,116.41;
#12:
>0:40.58,117.57;41.06,117.1;40.46,116.85;
#13:
>0:40.74,117.38;40.94,117.89;41.4,117.78;41.74,117.89;
#14:
>0:41.38,117.24;40.93,117.24;40.55,117.85;
#15:
>0:40.98,117.24;40.66,117.37;40.25,117.76;40.03,117.84;
#16:
>0:40.76,117.61;40.68,117.42;41.06,117.64;41.55,117.36;
#17:
>0:40.28,116.14;40.4,116.5;40.5,116.8;
#18:
>0:41.84,117.89;41.92,118.04;
#19:
>0:40.0,116.61;40.21,116.65;40.48,116.97;40.6,116.43;41.33,116.46;
#20:
>0:41.16,117.11;40.92,117.29;
#21:
>0:40.59,117.21;40.67,116.84;
#22:
>0:40.79,116.39;40.48,116.57;40.81,116.92;40.91,117.12;41.23,117.47;40.78,117.82;
#23:
>0:40.0,116.6;40.37,116.83;40.68,117.23;40.68,117.23;40.37,117.77;
#24:
>0:40.65,116.41;41.01,116.3;41.19,116.83;
#25:
>0:40.83,117.76;40.6,117.44;41.17,117.24;41.51,116.79;
#26:
>0:40.99,116.59;41.28,116.34;41.73,116.32;
#27:
>0:40.73,116.36;40.42,116.57;40.09,116.4;
#28:
>0:40.54,117.12;40.48,117.1;40.45,117.75;
#29:
>0:41.32,117.04;41.44,116.86;
#30:
>0:40.09,116.98;40.7,117.17;40.31,117.33;40.64,117.76;
#31:
>0:41.11,116.27;41.35,116.6;41.22,116.72;
#32:
>0:41.0,116.97;41.49,117.03;41.5,117.32;
#33:
>0:41.29,117.44;40.92,117.52;40.57,117.72;40.57,117.07;
#34:
>0:40.53,117.24;40.66,117.14;40.22,117.77;
#35:
>0:41.4,117.15;41.04,116.99;41.06,116.58;
#36:
>0:41.36,117.73;41.21,117.7;40.59,117.84;40.25,117.53;39.95,116.74;
#37:
>0:40.15,117.89;40.31,117.54;40.64,117.35;40.85,117.62;41.12,117.84;41.51,117.39;
#38:
>0:40.05,116.74;40.09,116.97;
#39:
>0:41.44,116.14;41.77,116.58;41.79,116.71;41.69,117.06;41.73,117.43;
#40:
>0:40.99,116.32;40.71,116.4;40.48,116.56;40.14,116.59;
#41:
>0:41.26,116.29;41.16,116.14;40.96,116.69;40.77,116.81;40.55,117.39;
#42:
>0:40.21,116.48;40.34,116.6;40.56,116.78;40.57,117.0;39.92,117.07;40.32,117.82;
#43:
>0:40.7,117.77;40.65,117.43;41.29,117.25;
#44:
>0:39.88,117.5;40.49,117.19;40.75,116.86;41.11,116.74;
#45:
>0:40.66,116.79;40.8,117.12;40.32,116.68;
#46:
>0:40.68,117.49;41.11,117.53;41.33,117.35;
#47:
>0:41.59,116.71;41.4,117.24;41.08,117.27;41.12,117.5;40.83,117.87;40.14,117.41;
#48:
>0:40.73,116.6;40.47,116.6;41.1,117.01;
#49:
>0:41.66,118.04;41.81,117.86;
#50:
>0:40.9,117.14;41.31,117.5;41.69,117.23;
#51:
>0:41.06,117.82;41.48,117.75;41.01,117.77;40.83,116.77;
#52:
>0:41.34,116.89;41.42,117.23;41.15,117.11;40.58,117.67;
#53:
>0:40.06,117.66;40.31,117.48;40.77,117.47;40.82,117.73;40.94,117.87;41.71,117.44;
#54:
>0:41.76,117.55;41.37,117.0;40.89,116.78;40.69,116.57;40.55,116.32;
#55:
>0:40.0,117.24;40.36,116.72;40.62,116.58;41.09,116.53;
#56:
>0:41.2,116.17;41.05,116.16;41.11,116.45;40.59,116.74;40.67,117.43;
#57:
>0:40.14,116.72;40.52,116.77;40.74,116.95;40.89,117.18;40.85,117.79;
#58:
>0:40.91,116.96;40.66,116.67;40.67,116.37;
#59:
>0:41.27,116.5;41.38,116.83;41.47,117.08;41.0,117.24;41.12,117.78;
#60:
>0:40.62,117.14;40.94,117.68;40.95,117.75;
#61:
>0:40.61,117.5;40.91,117.11;41.47,116.89;41.45,116.57;
#62:
>0:40.56,117.82;41.09,117.64;41.37,117.63;
#63:
>0:40.21,116.24;40.05,116.19;
#64:
>0:40.35,116.82;40.72,116.71;40.96,117.15;40.62,117.62;
#65:
>0:40.2,117.06;40.29,116.7;40.74,116.45;41.08,116.16;41.22,116.99;
#66:
>0:40.16,116.4;40.06,116.55;
#67:
>0:41.25,117.57;40.95,117.05;40.75,116.77;40.76,116.47;40.74,116.22;
#68:
>0:40.14,116.38;40.05,116.3;
#69:
>0:41.75,117.85;41.45,117.5;41.41,117.77;40.54,117.84;40.59,117.02;
#70:
>0:40.81,117.76;40.89,117.58;40.98,117.02;40.99,116.71;
#71:
>0:40.92,117.1;41.28,117.12;41.65,116.74;
#72:
>0:40.17,116.13;40.16,116.4;40.27,116.4;40.65,116.95;41.47,117.05;
#73:
>0:40.51,117.38;40.57,117.0;40.91,116.71;41.19,116.63;
#74:
>0:41.83,117.82;41.25,117.58;41.17,117.23;41.45,116.74;
#75:
>0:40.53,116.4;40.46,116.67;40.53,116.97;40.62,117.51;
#76:
>0:41.74,117.03;41.65,116.75;
#77:
>0:39.97,116.15;39.89,116.61;40.31,116.58;40.69,116.92;41.2,117.27;
#78:
>0:40.21,116.43;39.98,116.66;40.43,116.92;40.67,116.46;40.87,116.11;41.71,116.54;
#79:
>0:40.9,117.19;40.7,117.16;40.51,116.77;40.08,116.5;
#80:
>0:41.49,117.38;41.49,117.23;
#81:
>0:41.23,117.66;40.86,117.63;41.04,117.81;40.56,116.79;
#82:
>0:41.24,117.21;41.0,117.03;41.12,117.74;
#83:
>0:40.14,116.79;40.02,116.65;
#84:
>0:41.15,116.68;41.29,116.83;41.5,117.13;41.56,117.39;
#85:
>0:41.7,117.69;41.92,117.9;
#86:
>0:40.73,117.66;40.68,117.48;40.9,117.04;41.69,116.98;
#87:
>0:40.48,117.56;40.72,117.27;40.44,117.07;40.32,116.82;41.08,116.16;
#88:
>0:41.2,117.62;41.2,117.73;40.64,117.16;40.58,117.07;40.05,116.82;
#89:
>0:40.84,116.73;41.13,117.26;40.59,117.41;
#90:
>0:40.86,116.99;40.58,116.77;40.5,116.93;
#91:
>0:41.76,117.15;41.26,116.9;41.16,116.54;
#92:
>0:40.58,117.84;40.43,117.43;40.67,117.11;40.44,117.16;40.44,116.97;40.61,116.3;
#93:
>0:40.06,117.63;40.38,117.47;40.65,117.12;40.72,117.21;40.25,116.44;
#94:
>0:40.3,117.42;40.73,117.3;40.86,116.98;41.45,116.4;
#95:
>0:39.99,116.46;40.05,116.5;
#96:
>0:41.78,117.81;41.38,117.73;40.85,117.64;40.56,117.7;40.23,117.77;39.96,117.73;
#97:
>0:40.1,117.81;40.27,117.43;40.67,117.16;40.21,116.9;
#98:
>0:41.46,117.35;41.47,117.36;
#99:
>0:40.02,117.2;40.5,116.74;
#100:
>0:40.0,117.19;40.22,116.82;40.75,116.5;41.11,116.57;41.39,116.42;
#101:
>0:41.12,116.3;40.71,116.51;40.39,116.52;40.57,116.72;40.97,117.54;
#102:
>0:41.32,117.39;41.09,117.65;40.77,117.24;40.31,116.74;
#103:
>0:40.17,117.32;40.64,117.36;40.82,116.85;40.98,116.78;
#104:
>0:41.21,116.77;41.73,117.29;
#105:
>0:40.73,117.67;40.4,117.41;40.69,117.24;40.63,117.11;40.76,116.65;
#106:
>0:40.46,116.46;40.58,116.24;41.01,116.32;41.2,116.37;
#107:
>0:41.14,117.2;40.75,117.3;
#108:
>0:40.94,117.64;40.78,117.81;
#109:
>0:40.44,117.7;40.79,117.35;
#110:
>0:40.05,116.56;40.35,116.79;40.6,117.14;40.63,116.96;40.86,117.11;41.55,117.01;
#111:
>0:40.51,116.41;40.54,116.21;
#112:
>0:40.74,116.33;40.39,116.42;40.01,116.46;40.49,117.19;
#113:
>0:40.61,117.21;39.97,117.03;40.42,116.78;41.11,116.34;
#114:
>0:41.81,116.88;41.47,116.64;40.95,116.51;40.66,116.47;
#115:
>0:40.55,116.63;40.85,116.34;41.49,116.43;41.59,116.79;
#116:
>0:40.04,116.49;40.1,116.46;
#117:
>0:40.11,117.49;40.21,117.47;40.42,117.28;40.46,116.52;
#118:
>0:41.76,117.83;41.32,117.56;41.06,117.61;41.05,117.58;40.62,117.14;
#119:
>0:40.64,116.87;40.86,116.78;41.33,116.77;
#120:
>0:40.2,116.85;40.3,116.65;
#121:
>0:40.24,117.42;40.53,117.1;40.53,116.72;40.92,117.12;41.51,116.96;
#122:
>0:41.45,116.93;40.85,116.82;
#123:
>0:40.71,116.23;40.21,116.46;40.5,116.77;39.96,117.17;
#124:
>0:40.3,116.41;40.8,116.87;
#125:
>0:40.88,116.32;40.71,116.47;40.52,116.72;
#126:
>0:39.94,116.61;40.34,116.1;40.83,116.16;41.0,116.16;41.47,116.17;41.79,116.11;
#127:
>0:40.2,117.85;40.0,117.58;40.69,117.08;
