#0:
>0:41.36,116.56;41.18,116.89;40.9,117.15;40.43,117.2;
#1:
>0:41.13,116.94;41.09,117.12;40.6,117.35;
#2:
>0:41.3,117.0;40.86,116.53;40.64,116.24;
#3:
>0:39.95,116.37;40.08,116.42;
#4:
>0:40.87,117.81;40.53,117.5;40.49,117.04;40.77,116.9;40.05,116.42;
#5:
>0:41.72,116.68;41.41,116.71;41.16,116.59;40.61,116.25;40.29,116.91;
#6:
>0:40.17,116.48;40.06,116.19;
#7:
>0:41.58,117.75;41.36,117.57;40.98,117.6;40.53,117.71;40.38,117.88;40.34,117.52;40.12,117.25;40.03,116.87;40.44,116.48;39.95,116.37;
#8:
>0:40.09,117.54;40.15,117.13;40.39,117.17;40.79,117.02;41.2,116.83;
#9:
>0:40.09,116.37;39.92,116.39;
#10:
>0:40.19,116.42;40.16,116.4;
#11:
>0:41.25,117.36;40.89,117.22;40.83,116.73;40.46,116.61;
#12:
>0:40.42,116.79;40.66,116.53;41.1,116.31;
#13:
>0:41.1,116.72;41.08,117.17;40.56,117.32;40.15,117.19;
#14:
>0:40.12,116.27;39.93,116.6;
#15:
>0:40.05,116.34;39.97,116.29;
#16:
>0:40.49,117.3;40.75,117.09;40.88,116.98;41.19,116.96;40.67,116.39;
#17:
>0:41.78,116.89;41.53,116.61;41.06,117.0;
#18:
>0:41.12,117.81;41.43,117.64;
#19:
>0:40.22,117.04;40.47,116.76;
#20:
>0:41.16,117.86;40.54,117.88;40.36,117.45;
#21:
>0:40.22,117.1;40.4,117.59;40.2,117.68;
#22:
>0:39.98,116.21;40.12,116.26;
#23:
>0:39.91,116.23;39.91,116.5;
#24:
>0:40.75,117.66;40.28,117.73;40.51,117.43;40.4,116.97;
#25:
>0:41.77,117.25;41.62,116.73;41.51,116.47;41.28,116.33;
#26:
>0:40.92,117.83;41.19,117.5;41.49,117.07;40.93,116.86;41.4,116.89;41.45,116.22;
#27:
>0:40.18,116.44;39.93,116.48;
#28:
>0:40.34,117.26;40.69,116.95;41.13,116.45;41.21,116.45;41.8,116.27;
#29:
>0:40.06,116.32;39.94,116.14;
#30:
>0:40.37,117.49;40.66,117.43;
#31:
>0:40.18,116.54;40.43,116.64;40.72,116.99;41.05,117.29;41.44,117.24;41.41,117.45;41.52,117.65;
#32:
>0:40.79,117.49;40.83,117.34;
#33:
>0:40.66,117.66;40.42,117.72;40.35,117.57;40.28,117.08;40.34,116.53;
#34:
>0:40.19,116.24;39.96,116.28;
#35:
>0:39.92,116.1;39.99,116.35;
#36:
>0:41.39,117.11;41.16,117.32;40.95,117.84;40.5,117.71;
#37:
>0:41.4,117.38;40.95,117.15;40.57,116.77;40.25,116.64;
#38:
>0:40.17,116.3;40.16,116.39;
#39:
>0:41.64,116.54;41.79,116.31;41.12,116.18;
#40:
>0:40.2,116.51;39.98,116.49;
#41:
>0:40.26,116.69;40.44,116.29;41.11,116.17;
#42:
>0:41.61,117.39;41.22,117.53;41.11,117.07;40.72,117.44;40.41,116.78;
#43:
>0:39.88,116.38;39.98,116.19;
#44:
>0:40.11,116.48;40.1,116.52;
#45:
>0:41.23,117.55;41.08,117.03;40.97,116.92;40.9,116.42;40.94,116.1;
#46:
>0:39.93,116.13;40.18,116.13;
#47:
>0:40.79,116.58;41.17,116.12;
#48:
>0:40.94,117.85;40.63,117.63;40.37,117.63;40.01,117.29;
#49:
>0:40.31,117.68;40.25,117.53;40.33,117.05;40.37,116.85;
#50:
>0:40.19,116.1;39.92,116.37;
#51:
>0:40.01,116.1;39.92,116.3;
#52:
>0:41.61,116.2;41.21,116.53;
#53:
>0:40.3,116.22;39.9,116.14;40.04,116.81;
#54:
>0:39.93,116.75;40.42,116.43;40.36,116.3;
#55:
>0:41.39,116.98;41.17,116.44;40.75,116.19;
#56:
>0:41.62,117.7;41.52,117.8;
#57:
>0:40.26,117.37;40.22,117.11;40.75,117.01;41.17,117.57;41.75,117.84;
#58:
>0:41.32,117.16;41.18,117.32;
#59:
>0:41.21,116.73;41.02,116.62;40.57,116.1;
#60:
>0:39.96,117.23;40.09,117.55;
#61:
>0:40.51,117.83;40.76,117.59;40.99,117.53;41.45,117.48;
#62:
>0:41.62,116.72;41.44,116.41;41.1,116.39;40.71,116.35;40.51,116.14;
#63:
>0:40.15,117.29;40.31,117.04;40.65,117.15;40.93,117.53;
#64:
>0:41.26,116.31;40.92,116.46;40.57,116.39;40.5,116.44;40.05,116.69;
#65:
>0:40.79,117.37;40.94,117.22;
#66:
>0:40.78,117.65;40.25,117.49;40.52,117.2;40.31,116.87;40.13,116.65;
#67:
>0:39.91,116.52;40.14,116.47;
#68:
>0:41.77,116.54;41.61,116.35;41.43,116.15;40.7,116.62;
#69:
>0:41.29,116.8;41.06,117.29;40.78,117.52;40.84,117.06;39.95,117.34;
#70:
>0:41.72,117.78;41.29,117.31;40.99,117.35;40.74,117.33;
#71:
>0:41.19,117.49;41.15,117.09;40.59,116.87;40.41,116.65;
#72:
>0:40.64,116.6;41.06,116.83;41.3,116.75;41.59,116.77;
#73:
>0:39.88,116.33;39.88,116.19;
#74:
>0:39.95,116.33;40.12,116.3;
#75:
>0:40.02,116.44;39.91,116.46;
#76:
>0:40.2,116.17;40.11,116.39;
#77:
>0:39.99,116.26;40.41,116.3;40.3,116.45;40.78,117.23;
#78:
>0:41.43,117.52;41.37,117.09;40.9,116.95;41.17,116.4;
#79:
>0:40.05,117.01;40.26,116.99;40.55,116.54;41.09,116.25;
#80:
>0:40.18,116.53;40.12,116.3;
#81:
>0:40.03,116.5;39.9,116.5;
#82:
>0:40.02,116.54;39.94,116.26;
#83:
>0:41.11,116.98;40.79,116.6;40.29,116.28;
#84:
>0:41.65,116.94;41.76,116.55;41.37,116.79;41.02,117.0;40.32,117.29;
#85:
>0:39.92,116.26;39.95,116.28;
#86:
>0:41.65,117.6;41.47,117.51;40.85,117.25;40.64,116.78;
#87:
>0:40.57,116.15;41.07,116.47;41.43,116.27;
#88:
>0:40.15,116.37;39.98,116.31;
#89:
>0:41.04,117.33;41.17,117.38;41.53,117.4;
#90:
>0:40.17,116.24;40.12,116.27;
#91:
>0:40.13,116.46;40.14,116.51;
#92:
>0:40.81,116.93;40.64,117.12;41.09,117.48;41.64,117.69;
#93:
>0:40.46,117.31;39.98,117.67;
#94:
>0:41.66,116.13;41.18,116.35;41.4,116.44;41.13,116.99;41.38,117.4;
#95:
>0:40.91,116.51;41.39,116.41;41.4,116.81;40.64,117.56;
#96:
>0:40.31,116.14;40.46,116.54;39.88,116.7;40.25,117.05;
#97:
>0:41.44,116.53;41.37,116.91;40.87,116.47;40.64,116.28;40.04,116.62;
#98:
>0:40.07,117.79;40.33,117.42;40.59,117.05;41.01,116.85;41.3,116.93;41.34,116.39;
#99:
>0:41.5,116.74;41.28,117.18;41.38,117.5;40.81,117.86;
#100:
>0:40.07,116.27;40.17,116.18;
#101:
>0:40.26,117.62;40.24,117.36;
#102:
>0:40.32,117.73;40.67,117.41;
#103:
>0:40.09,116.31;40.07,116.32;
#104:
>0:41.04,117.11;41.28,116.97;
#105:
>0:40.19,117.74;40.43,117.54;40.3,117.27;40.77,117.25;41.31,117.24;
#106:
>0:41.56,116.69;41.57,116.99;41.6,117.17;
#107:
>0:39.92,116.79;40.47,116.63;40.58,116.51;
#108:
>0:41.05,117.83;40.66,117.68;40.48,117.31;
#109:
>0:41.71,117.45;41.59,117.65;
#110:
>0:40.09,116.38;39.95,116.31;
#111:
>0:40.48,116.48;40.29,116.33;40.88,116.19;
#112:
>0:40.14,116.14;39.9,116.24;
#113:
>0:40.06,116.44;40.41,116.23;
#114:
>0:41.41,116.5;40.9,116.9;41.2,117.18;40.99,117.48;40.58,117.86;
#115:
>0:40.66,117.7;40.25,117.74;40.42,117.36;40.14,117.25;40.51,116.57;
#116:
>0:40.38,117.57;40.4,117.23;40.74,116.99;40.35,116.63;
#117:
>0:39.96,116.51;39.88,116.45;
#118:
>0:40.95,116.63;41.32,116.67;41.4,116.78;40.76,117.36;
#119:
>0:40.0,116.54;39.97,116.47;
#120:
>0:41.36,116.23;41.79,116.69;41.31,116.84;40.99,117.13;40.37,117.31;
#121:
>0:40.55,116.29;41.05,116.42;41.36,116.31;
#122:
>0:40.83,117.01;40.32,117.35;39.93,117.75;
#123:
>0:40.01,116.22;40.09,116.33;
#124:
>0:40.09,117.86;40.21,117.52;40.67,117.03;40.94,116.7;41.34,116.84;41.48,116.37;
#125:
>0:41.65,117.67;41.57,117.56;41.56,117.24;41.57,116.93;41.57,116.48;
#126:
>0:40.28,117.8;40.0,117.88;40.4,117.26;
#127:
>0:40.23,117.16;40.5,116.73;
