#0:
>0:40.14,116.35;40.19,116.17;
#1:
>0:41.79,117.58;41.27,117.45;
#2:
>0:41.81,117.2;41.18,116.73;41.11,116.87;40.79,116.96;40.48,116.48;40.15,116.73;
#3:
>0:41.74,117.35;41.71,117.67;41.04,117.52;
#4:
>0:41.18,116.76;40.94,117.06;
#5:
>0:40.94,116.94;40.81,116.72;40.72,117.07;40.19,117.42;
#6:
>0:39.93,116.48;39.93,116.43;
#7:
>0:41.73,117.83;41.71,117.75;
#8:
>0:41.68,117.63;41.65,117.43;41.51,117.09;
#9:
>0:41.15,116.13;40.77,116.57;40.94,116.81;40.7,116.94;40.78,117.5;
#10:
>0:41.04,116.63;41.41,116.57;
#11:
>0:40.33,117.43;40.76,117.08;
#12:
>0:40.62,116.36;40.39,116.44;40.37,116.82;
#13:
>0:40.12,116.31;40.16,116.49;
#14:
>0:40.16,116.16;39.89,116.31;
#15:
>0:40.35,116.62;40.21,116.9;40.59,116.7;41.38,116.6;
#16:
>0:41.23,117.89;41.12,117.38;41.19,117.47;41.45,116.99;
#17:
>0:39.98,117.53;40.25,117.1;40.55,117.27;41.04,117.01;41.45,117.29;
#18:
>0:40.99,116.98;41.25,117.1;41.79,117.29;41.68,117.85;
#19:
>0:40.04,116.76;40.32,117.15;40.44,117.39;41.04,117.63;
#20:
>0:40.68,116.19;40.78,116.69;40.93,116.79;40.7,116.96;40.72,117.33;
#21:
>0:41.34,116.16;40.88,116.69;40.69,116.52;40.98,117.19;
#22:
>0:40.81,116.64;40.88,116.98;41.0,117.01;40.72,117.34;
#23:
>0:40.75,116.77;40.89,117.08;41.49,117.5;41.51,117.62;
#24:
>0:40.03,116.2;39.93,116.21;
#25:
>0:40.88,117.48;41.49,117.58;40.55,116.82;
#26:
>0:40.11,116.29;39.96,116.35;
#27:
>0:40.73,116.47;40.36,116.56;40.44,116.95;40.15,117.37;
#28:
>0:41.6,116.3;41.19,116.42;
#29:
>0:41.61,116.19;41.32,116.47;
#30:
>0:41.37,117.62;41.01,117.3;41.27,117.49;41.02,116.92;
#31:
>0:40.73,117.36;41.17,117.18;40.55,116.95;40.29,116.55;40.82,116.33;
#32:
>0:41.26,117.71;40.9,117.51;41.49,117.52;41.01,117.14;41.14,116.72;41.56,116.28;
#33:
>0:41.55,117.33;41.36,117.43;
#34:
>0:40.61,117.41;40.96,117.41;
#35:
>0:40.42,116.16;40.07,116.41;40.39,116.77;40.55,117.29;
#36:
>0:40.05,116.65;40.36,116.97;40.73,116.88;41.13,116.94;
#37:
>0:40.58,116.52;40.55,116.78;
#38:
>0:40.57,117.34;40.72,117.58;
#39:
>0:41.28,117.5;41.07,117.27;40.75,116.8;40.45,116.42;40.18,116.67;
#40:
>0:41.38,116.57;41.15,116.9;40.7,116.9;40.31,117.0;
#41:
>0:40.34,117.12;40.35,116.88;40.62,116.89;41.0,116.98;41.75,116.48;
#42:
>0:40.73,117.63;40.74,117.38;40.99,117.54;41.31,116.97;
#43:
>0:40.97,117.79;40.75,117.72;40.26,117.81;
#44:
>0:40.38,116.35;40.54,116.13;40.97,116.18;41.2,116.18;41.78,116.67;
#45:
>0:41.01,117.62;40.81,117.4;41.15,117.16;40.58,116.86;40.11,116.68;
#46:
>0:40.54,116.29;40.44,116.6;40.37,116.82;40.19,117.2;
#47:
>0:40.7,116.54;41.03,116.89;40.81,117.07;
#48:
>0:41.4,117.79;40.98,117.79;40.83,117.33;
#49:
>0:39.88,116.25;40.03,116.37;
#50:
>0:40.43,116.25;40.71,116.41;40.96,116.86;41.22,117.18;41.58,117.21;41.78,117.63;
#51:
>0:40.04,116.35;40.01,116.45;
#52:
>0:40.04,116.35;40.16,116.41;
#53:
>0:40.16,116.33;40.08,116.21;
#54:
>0:40.08,117.29;40.03,116.94;
#55:
>0:39.99,116.22;40.4,116.66;40.82,116.98;40.91,117.22;41.33,116.79;41.75,117.23;41.47,117.24;41.73,117.27;41.51,117.84;
#56:
>0:41.68,117.39;41.77,117.47;
#57:
>0:40.09,116.34;40.14,116.32;
#58:
>0:40.38,117.26;40.65,117.52;40.89,117.75;41.27,117.82;41.74,117.63;
#59:
>0:41.62,117.51;41.32,117.51;40.94,117.21;40.6,117.19;40.22,117.45;40.1,117.71;
#60:
>0:40.39,117.71;40.74,117.51;
#61:
>0:39.95,116.26;40.19,116.17;
#62:
>0:41.03,116.24;41.41,116.44;41.53,116.67;41.6,117.24;
#63:
>0:40.1,116.44;40.06,116.53;
#64:
>0:40.64,117.4;40.74,117.19;
#65:
>0:40.35,117.27;40.4,116.93;40.23,116.56;40.87,116.33;
#66:
>0:40.64,116.65;40.5,116.32;
#67:
>0:41.11,117.41;41.12,117.12;40.73,116.88;40.19,116.68;
#68:
>0:39.96,116.51;40.32,116.77;40.7,116.78;40.69,117.02;41.32,116.82;
#69:
>0:40.0,116.38;39.95,116.27;
#70:
>0:40.14,117.79;40.3,117.49;40.39,117.17;40.76,117.05;41.03,117.06;41.6,117.26;
#71:
>0:41.68,116.74;41.47,116.41;
#72:
>0:39.88,116.31;39.94,116.33;
#73:
>0:41.4,117.32;40.96,117.08;41.04,116.99;
#74:
>0:39.91,116.12;40.08,116.46;
#75:
>0:40.45,116.41;40.47,116.95;40.47,117.14;40.51,117.49;40.28,117.69;
#76:
>0:39.96,116.18;39.88,116.3;
#77:
>0:39.98,116.51;40.38,116.54;40.57,116.73;41.12,117.29;41.17,116.86;41.67,117.26;41.66,117.51;41.65,117.68;41.8,117.71;
#78:
>0:40.01,116.43;40.15,116.46;
#79:
>0:40.63,117.51;40.86,117.05;40.75,116.99;41.0,116.98;41.6,116.21;
#80:
>0:39.96,116.52;39.88,116.44;
#81:
>0:40.18,116.2;40.04,116.35;
#82:
>0:41.5,116.26;41.34,116.55;41.04,116.19;40.74,116.43;40.32,116.73;
#83:
>0:41.16,116.57;41.43,116.69;
#84:
>0:40.86,116.11;41.21,116.4;
#85:
>0:40.28,117.59;40.08,117.17;40.4,116.92;40.29,116.62;41.01,116.34;
#86:
>0:41.32,117.74;41.0,117.55;41.12,117.22;41.78,116.81;
#87:
>0:41.62,116.18;41.5,116.55;41.42,116.96;41.06,117.05;40.76,117.09;40.14,117.71;
#88:
>0:40.2,117.6;40.77,117.56;40.91,117.1;40.62,116.99;40.99,116.71;41.7,116.34;
#89:
>0:39.88,116.52;39.92,116.65;
#90:
>0:40.37,116.97;40.05,117.17;40.22,117.16;40.81,117.8;
#91:
>0:41.33,116.65;41.12,116.75;
#92:
>0:40.82,116.91;40.61,117.01;
#93:
>0:41.65,117.34;41.34,117.42;41.06,117.26;40.77,116.89;40.84,116.39;
#94:
>0:40.4,117.45;40.68,117.14;40.9,117.03;41.45,116.56;
#95:
>0:40.67,116.54;40.28,116.52;40.42,116.99;39.91,117.57;
#96:
>0:41.68,116.16;41.55,116.43;41.32,116.7;41.05,116.7;40.46,116.51;
#97:
>0:41.59,116.22;41.45,116.61;41.14,116.29;40.71,116.2;
#98:
>0:41.67,116.32;41.55,116.57;
#99:
>0:41.55,117.62;41.35,117.59;41.12,117.21;40.71,116.71;40.76,116.5;40.37,116.49;39.91,116.19;
#100:
>0:41.36,117.15;40.89,116.91;40.72,116.97;40.5,116.41;
#101:
>0:41.49,117.04;40.88,117.33;
#102:
>0:41.65,116.42;41.67,116.73;
#103:
>0:40.95,117.52;41.11,117.17;41.06,116.99;
#104:
>0:41.16,116.92;40.91,117.09;40.62,117.24;40.12,117.5;
#105:
>0:40.28,117.19;40.65,117.1;40.99,117.26;41.15,116.97;41.59,116.5;
#106:
>0:40.88,116.13;40.6,116.68;40.3,116.41;40.12,116.56;
#107:
>0:40.97,116.63;40.53,116.77;40.35,116.99;40.35,117.2;39.97,117.77;
#108:
>0:40.0,116.86;40.07,117.29;40.62,116.93;
#109:
>0:40.03,116.31;39.98,116.25;
#110:
>0:40.98,117.54;41.12,117.01;40.56,116.97;41.24,116.69;
#111:
>0:41.58,116.36;41.49,116.69;41.09,116.14;40.65,116.57;40.45,116.22;
#112:
>0:39.91,116.27;40.31,116.46;40.82,116.96;41.08,117.1;41.21,116.73;41.79,117.25;41.64,117.82;
#113:
>0:40.35,117.31;40.21,117.17;
#114:
>0:39.93,116.14;40.0,116.27;
#115:
>0:40.87,116.76;41.06,117.06;40.47,117.4;
#116:
>0:41.63,117.25;41.31,117.03;40.92,116.94;40.95,116.27;
#117:
>0:41.41,117.4;40.92,117.11;40.61,116.75;40.49,117.0;
#118:
>0:40.52,117.25;40.89,117.02;40.6,116.89;40.79,116.16;
#119:
>0:41.59,117.55;41.79,117.85;41.15,117.46;
#120:
>0:40.07,116.47;39.93,116.39;
#121:
>0:40.19,116.13;39.92,116.14;
#122:
>0:40.17,116.42;40.17,116.62;
#123:
>0:41.1,117.17;40.91,116.79;41.77,116.67;
#124:
>0:40.09,116.65;40.07,116.64;
#125:
>0:40.16,116.26;40.09,116.32;
#126:
>0:40.56,116.74;40.8,116.68;
#127:
>0:41.07,116.42;40.66,116.42;
