#0:
>0:40.1,116.75;40.21,116.73;40.8,116.39;41.08,116.69;41.41,116.85;41.76,116.29;
#1:
>0:40.93,116.98;40.72,116.52;40.85,116.13;
#2:
>0:40.43,116.39;40.05,116.57;40.47,116.67;39.94,116.87;40.52,117.51;
#3:
>0:40.67,117.52;40.97,117.47;41.48,117.32;
#4:
>0:41.4,117.66;41.07,117.58;40.57,117.42;40.29,117.83;40.17,117.28;
#5:
>0:41.74,116.61;41.28,116.58;41.21,117.13;
#6:
>0:40.83,117.3;40.57,116.73;41.37,117.22;
#7:
>0:40.22,116.57;39.98,116.23;
#8:
>0:41.16,116.85;41.21,117.11;40.9,117.22;41.26,117.66;
#9:
>0:39.96,116.69;40.35,116.73;39.97,116.72;39.98,117.39;
#10:
>0:40.27,117.2;40.69,116.86;41.0,116.77;41.21,117.0;41.53,116.61;
#11:
>0:41.33,117.03;40.95,117.17;40.71,117.21;40.42,117.54;40.16,117.61;
#12:
>0:41.41,116.42;41.46,116.87;41.23,117.25;41.63,117.3;
#13:
>0:40.4,117.21;40.67,116.98;40.91,116.59;
#14:
>0:41.04,117.55;41.43,117.18;41.65,117.28;41.66,116.92;41.72,116.24;
#15:
>0:39.97,116.44;40.19,116.71;40.06,116.7;
#16:
>0:40.18,117.45;40.36,117.19;40.71,116.88;41.0,116.8;41.47,117.08;41.8,116.58;
#17:
>0:40.52,117.53;40.49,117.85;40.6,117.42;41.35,117.31;
#18:
>0:40.99,117.82;40.6,117.55;40.43,117.02;
#19:
>0:40.68,117.34;40.31,116.86;40.43,116.71;40.29,116.15;
#20:
>0:40.03,116.44;40.08,116.47;
#21:
>0:39.97,117.88;40.03,117.31;40.18,117.12;40.16,116.92;
#22:
>0:40.11,116.32;40.41,116.74;40.7,116.81;41.08,117.03;41.27,117.41;41.65,118.03;41.56,117.83;41.83,117.89;41.68,117.68;
#23:
>0:41.32,117.82;41.07,117.71;
#24:
>0:40.19,116.66;40.62,116.75;40.48,117.22;
#25:
>0:41.2,116.28;41.15,116.58;40.64,116.77;40.24,117.23;
#26:
>0:40.21,116.74;40.27,116.74;
#27:
>0:40.48,116.1;40.4,116.56;40.48,116.55;40.54,116.71;40.7,117.53;
#28:
>0:40.66,117.32;40.58,117.74;
#29:
>0:40.03,116.28;40.25,116.47;40.09,116.77;
#30:
>0:41.15,116.86;40.92,117.06;40.78,117.35;40.36,117.79;
#31:
>0:41.5,117.37;41.68,117.0;41.26,116.97;41.07,116.63;40.62,116.48;40.04,116.52;
#32:
>0:41.47,117.67;40.92,117.5;40.9,117.32;40.48,116.95;
#33:
>0:41.03,117.83;40.81,117.42;41.1,117.07;40.62,117.09;40.96,116.62;
#34:
>0:40.22,117.39;40.03,117.78;
#35:
>0:41.44,117.27;41.59,117.14;41.5,116.57;
#36:
>0:40.05,117.87;40.44,117.49;39.9,117.48;40.8,116.87;
#37:
>0:41.77,116.32;41.6,116.48;41.76,116.78;
#38:
>0:40.95,116.56;41.23,116.81;41.58,116.54;
#39:
>0:41.94,118.02;41.25,117.31;40.98,117.49;40.68,117.42;40.38,117.37;
#40:
>0:40.61,117.3;40.65,117.7;
#41:
>0:41.19,116.57;41.25,116.24;41.06,116.31;40.6,116.41;39.9,116.93;
#42:
>0:40.0,116.95;40.08,117.1;40.45,117.3;
#43:
>0:41.32,117.14;40.85,117.28;40.65,117.22;40.35,116.66;
#44:
>0:41.56,116.7;41.23,117.01;41.15,117.51;40.54,117.71;
#45:
>0:40.24,116.66;40.55,116.26;40.95,116.55;41.44,117.26;
#46:
>0:40.59,116.65;40.42,116.78;
#47:
>0:41.29,116.65;40.89,116.98;40.86,117.02;40.78,117.16;40.15,117.27;
#48:
>0:41.24,116.94;41.45,117.27;
#49:
>0:41.45,117.77;41.11,117.56;40.97,117.13;
#50:
>0:41.18,117.74;41.5,117.41;41.68,117.23;
#51:
>0:40.23,117.61;40.82,117.59;
#52:
>0:41.5,117.87;41.33,117.59;40.86,117.29;40.74,117.26;
#53:
>0:39.93,116.37;40.22,116.55;
#54:
>0:41.18,116.21;41.06,116.53;40.96,116.92;40.88,117.17;40.64,117.47;
#55:
>0:39.89,117.83;40.11,117.41;40.26,117.23;40.55,116.72;41.17,116.86;41.52,116.94;
#56:
>0:40.45,117.4;40.75,117.42;41.0,117.02;41.23,116.74;41.78,116.75;
#57:
>0:40.87,117.0;40.24,116.83;40.14,116.96;
#58:
>0:40.51,116.38;40.27,116.67;40.09,116.76;39.96,117.08;40.31,117.52;
#59:
>0:41.72,117.79;41.22,117.48;41.77,117.2;41.28,116.8;40.81,116.66;
#60:
>0:41.09,117.07;40.59,117.32;40.97,117.78;
#61:
>0:41.49,117.72;41.02,117.43;40.54,117.58;
#62:
>0:41.44,117.16;40.89,117.18;40.8,117.32;40.47,117.18;40.11,116.42;
#63:
>0:40.69,116.71;40.41,116.74;40.12,116.96;
#64:
>0:41.16,117.8;40.81,117.55;40.21,117.8;39.99,117.11;
#65:
>0:39.98,117.12;40.3,117.53;40.66,117.49;40.89,117.18;41.41,117.36;41.5,117.42;
#66:
>0:40.21,116.8;40.76,116.36;40.86,116.91;
#67:
>0:41.55,116.81;41.3,116.85;41.21,117.16;41.09,117.19;40.58,117.09;39.9,117.52;
#68:
>0:41.78,116.93;41.42,116.78;41.33,117.01;40.94,117.18;40.71,117.26;39.95,117.36;
#69:
>0:41.16,116.82;40.88,117.27;
#70:
>0:40.02,117.43;40.46,117.06;40.65,116.75;
#71:
>0:41.65,116.13;41.4,116.65;41.38,116.3;41.08,116.35;40.74,116.14;40.19,116.94;
#72:
>0:40.46,116.18;40.24,116.74;40.67,116.85;41.14,116.85;41.68,117.17;
#73:
>0:41.3,117.56;41.82,117.06;41.62,116.74;41.59,116.53;41.42,116.19;
#74:
>0:40.05,116.38;39.93,116.41;
#75:
>0:41.9,118.02;41.23,117.34;41.69,117.01;41.2,116.74;40.83,116.41;
#76:
>0:41.72,117.86;41.36,117.52;41.1,117.08;40.76,117.32;
#77:
>0:41.29,116.92;41.78,117.26;
#78:
>0:41.81,116.83;41.42,116.82;
#79:
>0:40.8,116.33;40.47,116.52;40.04,116.98;40.11,117.18;40.62,117.59;
#80:
>0:41.56,117.8;41.45,117.52;41.6,117.26;41.74,116.88;41.53,116.62;40.9,116.1;
#81:
>0:40.08,116.83;40.28,116.67;40.6,116.83;41.1,117.15;41.28,117.74;
#82:
>0:40.12,116.36;39.97,116.38;
#83:
>0:40.03,117.38;40.29,117.12;40.56,116.85;40.94,117.17;41.19,117.7;
#84:
>0:39.95,117.46;40.33,117.25;
#85:
>0:40.38,117.41;40.68,117.76;41.13,117.62;41.25,117.89;41.67,117.77;
#86:
>0:41.86,117.92;41.28,117.41;41.04,117.03;40.8,117.26;
#87:
>0:41.23,116.4;41.18,116.78;41.48,117.23;41.74,117.47;
#88:
>0:41.3,116.31;41.15,116.5;40.73,116.98;40.38,117.16;
#89:
>0:40.23,117.75;40.8,117.33;41.1,117.1;41.21,116.95;41.76,117.22;
#90:
>0:41.66,117.16;41.22,117.42;41.14,117.51;40.74,117.37;
#91:
>0:40.13,117.44;40.51,117.37;
#92:
>0:40.45,116.81;40.22,116.58;40.59,116.82;40.93,116.78;41.5,116.7;
#93:
>0:40.98,116.87;41.1,116.63;40.98,116.13;
#94:
>0:41.15,116.72;40.77,116.55;40.27,116.82;40.06,116.49;
#95:
>0:40.92,117.75;40.66,117.35;40.96,117.03;40.8,117.26;41.01,116.62;
#96:
>0:40.87,116.36;40.83,116.18;40.48,116.17;
#97:
>0:41.56,116.61;41.24,116.78;41.41,117.1;40.95,117.17;40.72,117.13;39.98,117.86;
#98:
>0:40.27,117.36;40.75,117.37;41.0,117.26;41.42,116.45;
#99:
>0:40.56,116.99;40.99,117.2;40.72,117.43;39.95,117.81;
#100:
>0:40.23,117.15;40.59,117.48;40.66,117.7;
#101:
>0:40.44,117.33;40.02,117.78;
#102:
>0:41.42,117.9;41.63,117.42;41.25,117.33;41.6,117.07;41.6,116.9;41.27,116.27;
#103:
>0:40.14,117.33;40.4,117.16;40.7,116.99;41.14,116.54;
#104:
>0:39.88,117.66;40.24,117.39;40.05,117.3;40.57,116.76;
#105:
>0:40.43,116.81;40.21,116.62;
#106:
>0:40.82,117.32;41.08,117.18;41.39,117.49;41.73,117.31;
#107:
>0:40.97,117.84;40.79,117.32;40.78,117.22;
#108:
>0:40.34,116.14;40.29,116.65;40.68,116.83;40.94,116.79;41.59,117.28;
#109:
>0:41.27,117.71;41.11,117.57;40.81,117.26;40.51,116.71;
#110:
>0:40.9,117.8;40.6,117.36;40.66,117.29;
#111:
>0:40.12,117.46;40.22,117.76;
#112:
>0:39.98,116.28;40.2,116.36;
#113:
>0:39.9,117.03;40.4,117.58;40.72,117.55;40.88,117.24;41.27,117.33;41.81,117.5;
#114:
>0:40.32,116.94;39.92,116.74;
#115:
>0:41.43,116.85;41.19,117.2;
#116:
>0:40.19,117.36;40.47,117.24;40.68,116.78;
#117:
>0:41.26,116.3;40.86,116.44;
#118:
>0:41.65,116.53;41.26,116.73;40.98,117.0;40.8,117.4;40.66,117.69;
#119:
>0:41.71,116.87;41.28,116.76;41.46,117.03;40.91,117.29;
#120:
>0:41.35,116.63;41.48,116.79;
#121:
>0:41.41,117.51;41.5,117.39;
#122:
>0:40.62,117.61;40.42,117.43;39.97,117.21;
#123:
>0:40.26,117.47;40.0,117.64;
#124:
>0:41.69,117.24;41.33,117.45;41.17,117.44;40.75,117.38;
#125:
>0:40.74,116.91;40.87,117.21;40.84,117.37;40.34,117.61;
#126:
>0:40.45,117.06;40.78,116.74;41.04,116.76;41.34,116.85;41.65,117.28;
#127:
>0:41.44,116.92;41.32,117.01;
