#0:
>0:40.5,116.71;40.0,117.04;
#1:
>0:40.19,117.37;40.02,117.08;40.68,116.88;
#2:
>0:40.17,116.34;39.93,116.67;
#3:
>0:40.03,116.28;39.92,116.28;
#4:
>0:39.89,117.62;40.36,117.44;40.34,117.29;40.22,116.73;40.26,116.53;40.43,116.37;
#5:
>0:39.89,116.37;40.06,116.19;
#6:
>0:39.93,116.51;40.04,116.37;
#7:
>0:41.16,117.49;40.73,117.68;
#8:
>0:40.52,116.84;40.67,116.56;41.16,116.39;
#9:
>0:41.09,117.07;41.35,117.12;
#10:
>0:39.97,116.31;40.13,116.17;
#11:
>0:41.39,117.7;41.36,117.47;40.98,117.11;40.84,116.81;40.83,116.41;
#12:
>0:41.62,117.37;41.19,117.68;41.38,117.41;41.1,117.02;40.52,116.89;40.01,116.83;
#13:
>0:39.89,116.35;40.01,116.69;
#14:
>0:39.95,116.43;40.16,116.34;
#15:
>0:40.28,117.88;40.31,117.39;40.77,117.86;41.46,117.88;
#16:
>0:40.86,116.91;40.57,116.95;40.29,116.73;
#17:
>0:40.01,116.11;40.14,116.28;
#18:
>0:41.46,117.39;41.34,117.08;40.88,117.05;40.91,116.92;41.49,116.21;
#19:
>0:40.11,116.49;39.93,116.42;
#20:
>0:40.16,116.25;40.15,116.36;
#21:
>0:40.24,116.25;40.76,116.11;41.14,116.43;41.25,116.53;
#22:
>0:40.18,116.32;40.09,116.28;
#23:
>0:41.14,116.52;41.15,116.79;
#24:
>0:40.35,117.65;40.3,117.36;40.76,117.75;41.28,117.89;
#25:
>0:40.9,116.1;40.58,116.53;40.32,116.9;40.48,117.27;40.51,117.33;40.34,117.88;
#26:
>0:39.94,117.46;40.28,117.43;40.65,117.64;40.91,117.56;
#27:
>0:41.44,117.39;41.31,117.24;41.08,117.14;41.06,116.8;41.41,116.13;
#28:
>0:40.88,117.28;41.24,116.77;41.47,116.61;41.48,116.12;
#29:
>0:40.05,116.38;40.15,116.55;
#30:
>0:39.95,116.28;40.03,116.26;
#31:
>0:40.76,116.37;40.89,116.6;40.95,116.77;40.89,117.06;41.02,117.37;
#32:
>0:39.96,116.43;40.03,116.48;
#33:
>0:41.21,117.85;40.96,117.34;40.56,117.01;40.43,117.13;
#34:
>0:39.94,116.27;39.89,116.46;
#35:
>0:40.3,117.04;39.97,116.82;40.02,116.65;40.18,116.29;
#36:
>0:41.09,117.41;41.42,117.0;41.44,116.93;
#37:
>0:40.03,116.11;40.16,116.3;
#38:
>0:41.03,116.73;40.6,116.83;40.28,116.83;
#39:
>0:40.05,116.28;39.89,116.44;
#40:
>0:41.48,117.4;41.34,117.05;41.06,117.22;40.95,116.8;41.39,116.34;
#41:
>0:39.91,116.43;40.18,116.5;
#42:
>0:41.42,116.6;41.02,116.77;41.44,117.17;41.39,117.32;41.37,117.7;
#43:
>0:39.96,116.49;39.96,116.36;
#44:
>0:40.42,116.15;40.04,116.59;
#45:
>0:40.74,117.87;40.43,117.34;40.01,117.27;40.19,116.7;40.11,116.63;
#46:
>0:40.13,116.39;40.07,116.4;
#47:
>0:40.04,116.88;40.45,117.17;40.2,117.58;40.25,117.89;
#48:
>0:40.92,117.35;41.4,117.15;41.73,116.78;
#49:
>0:40.76,116.53;40.67,116.88;40.7,117.11;
#50:
>0:40.09,117.8;40.28,117.74;40.44,117.36;41.06,117.61;
#51:
>0:39.96,116.53;39.95,116.48;
#52:
>0:41.61,117.87;41.76,117.75;
#53:
>0:40.99,116.66;40.94,116.9;
#54:
>0:39.94,116.17;39.89,116.11;
#55:
>0:39.91,116.36;40.04,116.53;
#56:
>0:40.74,117.15;40.22,116.75;39.96,116.45;
#57:
>0:41.61,117.08;41.42,117.07;
#58:
>0:39.99,116.34;40.34,116.4;
#59:
>0:40.14,116.25;39.9,116.19;
#60:
>0:40.81,117.82;40.5,117.54;40.19,117.16;39.98,116.77;39.97,116.68;
#61:
>0:40.02,116.2;39.89,116.49;
#62:
>0:41.07,117.47;41.47,117.13;41.45,116.86;
#63:
>0:41.64,117.55;41.36,117.35;41.0,117.2;40.74,116.73;40.34,116.88;
#64:
>0:40.71,116.45;40.32,116.94;40.0,116.8;39.99,117.59;
#65:
>0:40.38,117.73;40.57,117.35;40.67,117.07;
#66:
>0:41.01,117.84;41.41,117.67;41.28,117.3;40.88,117.09;40.99,116.69;
#67:
>0:40.55,116.57;40.22,116.14;40.04,116.14;
#68:
>0:39.96,116.5;40.04,116.6;
#69:
>0:41.22,116.21;41.55,116.7;41.19,116.78;
#70:
>0:39.9,116.31;40.11,116.33;
#71:
>0:41.75,117.55;41.38,117.6;41.27,117.51;40.87,117.05;40.63,116.7;40.01,116.78;
#72:
>0:41.25,117.4;41.06,117.74;40.69,117.83;
#73:
>0:40.42,117.11;40.2,116.89;40.58,116.98;41.46,117.15;
#74:
>0:40.19,116.17;40.19,116.54;
#75:
>0:39.97,116.48;39.93,116.21;
#76:
>0:40.04,116.14;40.09,116.32;
#77:
>0:40.57,117.54;41.15,117.2;40.72,116.96;40.21,116.45;40.67,116.37;
#78:
>0:39.94,116.36;40.1,116.38;
#79:
>0:41.37,116.22;41.71,116.41;41.66,116.81;41.42,117.01;
#80:
>0:40.23,117.28;40.42,117.18;
#81:
>0:40.15,116.41;40.47,116.9;40.7,116.77;41.15,117.07;41.32,116.5;
#82:
>0:41.73,116.26;41.44,116.36;40.94,116.52;
#83:
>0:40.1,116.16;40.03,116.13;
#84:
>0:39.99,116.25;39.98,116.49;
#85:
>0:40.05,116.26;39.99,116.45;40.3,116.82;40.44,117.01;40.78,117.3;41.36,117.8;
#86:
>0:39.88,116.3;40.29,116.51;40.37,116.85;40.24,117.28;40.64,117.36;41.2,117.83;
#87:
>0:40.19,116.26;39.92,116.58;
#88:
>0:39.91,116.25;40.16,116.32;
#89:
>0:41.81,117.82;41.8,117.51;41.26,117.61;41.27,117.35;41.78,117.78;41.18,117.86;41.33,117.49;41.31,117.28;41.02,117.04;40.65,116.71;40.48,116.68;40.51,116.89;39.98,116.37;
#90:
>0:40.07,116.31;40.16,116.1;
#91:
>0:40.88,117.74;40.82,117.77;40.79,117.48;40.88,117.29;40.8,116.81;40.67,116.3;
#92:
>0:40.59,117.83;40.25,117.43;39.88,117.22;40.16,116.94;39.99,116.45;
#93:
>0:39.95,116.2;39.9,116.32;
#94:
>0:40.07,116.16;40.09,116.41;
#95:
>0:39.93,116.32;40.14,116.3;
#96:
>0:41.68,117.8;41.64,117.7;
#97:
>0:40.1,117.11;40.27,117.4;40.56,117.84;40.9,117.52;
#98:
>0:40.18,116.41;39.96,116.41;40.24,116.57;40.39,116.73;40.57,116.98;40.93,117.25;41.27,117.14;41.81,117.63;
#99:
>0:39.9,116.24;40.01,116.17;
#100:
>0:41.19,117.72;40.91,117.52;40.57,117.27;40.39,116.8;40.36,116.68;40.49,116.19;
#101:
>0:40.05,116.54;40.45,116.48;40.74,116.27;41.11,116.64;41.49,116.52;
#102:
>0:39.99,116.38;40.01,116.24;
#103:
>0:40.16,116.39;40.1,116.67;
#104:
>0:40.73,116.56;40.46,116.92;40.07,116.78;40.05,117.45;
#105:
>0:40.07,116.27;39.93,116.33;
#106:
>0:40.25,117.04;40.08,116.75;39.95,116.43;39.94,116.26;
#107:
>0:40.56,116.39;40.91,116.63;41.01,116.95;41.13,117.0;41.09,117.43;
#108:
>0:41.65,117.8;41.75,117.8;
#109:
>0:40.83,116.69;40.68,116.91;40.69,117.23;
#110:
>0:41.43,116.65;41.1,116.95;41.17,117.11;41.37,117.44;41.39,117.7;
#111:
>0:39.91,116.45;40.01,116.36;
#112:
>0:41.56,116.82;41.63,116.54;
#113:
>0:39.95,117.26;40.52,116.76;40.54,116.73;41.07,117.17;41.43,117.01;41.56,117.41;
#114:
>0:41.33,117.69;41.09,117.57;40.75,117.1;40.44,116.79;40.52,116.51;40.39,116.23;
#115:
>0:40.16,116.25;40.09,116.34;
#116:
>0:40.05,116.77;40.14,117.11;39.92,117.45;
#117:
>0:41.13,116.26;41.01,116.4;41.13,116.83;41.12,117.01;
#118:
>0:40.44,116.36;40.54,116.1;41.04,116.32;41.32,116.37;41.82,116.1;
#119:
>0:41.4,116.19;41.14,116.43;40.81,116.4;40.8,116.98;40.08,116.96;
#120:
>0:40.35,117.36;39.92,117.29;
#121:
>0:41.3,117.12;41.03,117.22;40.75,116.79;40.34,116.63;39.92,116.44;
#122:
>0:40.06,116.51;39.95,116.33;
#123:
>0:40.34,116.31;40.0,116.46;
#124:
>0:40.34,116.25;40.67,116.16;41.13,116.73;
#125:
>0:40.32,116.27;40.14,116.59;
#126:
>0:40.95,117.33;40.85,117.42;
#127:
>0:40.77,116.66;41.05,116.76;41.47,116.73;
