#0:
>0:39.91,116.3;39.87,116.32;39.9,116.36;39.93,116.4;39.92,116.46;39.92,116.51;
#1:
>0:39.82,116.49;39.85,116.44;39.88,116.38;39.93,116.37;39.95,116.35;
#2:
>0:39.97,116.54;39.96,116.46;39.94,116.43;39.92,116.38;39.84,116.38;
#3:
>0:39.8,116.5;39.81,116.47;
#4:
>0:39.85,116.43;39.88,116.4;39.91,116.33;39.94,116.34;
#5:
>0:39.85,116.35;39.89,116.34;39.89,116.4;39.89,116.42;39.92,116.55;
#6:
>0:39.8,116.5;39.81,116.49;39.81,116.54;39.82,116.47;39.84,116.42;39.85,116.36;
#7:
>0:39.99,116.29;39.95,116.33;39.95,116.37;39.9,116.4;39.92,116.45;39.93,116.54;
#8:
>0:39.99,116.44;39.95,116.4;
#9:
>0:39.82,116.34;39.86,116.42;39.9,116.39;39.89,116.45;39.88,116.53;
#10:
>0:39.98,116.3;39.96,116.3;39.91,116.31;39.87,116.3;39.85,116.36;39.82,116.3;
#11:
>0:39.95,116.35;39.9,116.39;39.88,116.31;
#12:
>0:39.97,116.45;39.99,116.38;39.94,116.45;39.9,116.5;39.89,116.51;39.82,116.5;
#13:
>0:39.89,116.39;39.84,116.36;39.8,116.36;39.85,116.41;39.81,116.38;39.85,116.41;39.83,116.38;39.85,116.37;39.81,116.39;39.83,116.42;39.87,116.41;39.86,116.38;39.89,116.38;39.89,116.39;39.84,116.45;39.84,116.47;39.89,116.43;39.89,116.38;39.85,116.42;39.83,116.38;39.85,116.4;39.88,116.39;39.89,116.38;39.88,116.38;
#14:
>0:39.97,116.49;39.96,116.47;39.93,116.42;39.91,116.47;39.87,116.48;39.82,116.51;
#15:
>0:39.86,116.36;39.9,116.38;39.88,116.4;39.95,116.47;
#16:
>0:39.84,116.4;39.87,116.39;39.89,116.46;39.94,116.46;
#17:
>0:39.82,116.39;39.85,116.4;39.89,116.45;
#18:
>0:39.96,116.51;39.95,116.48;39.95,116.44;39.92,116.39;39.89,116.4;39.96,116.3;
#19:
>0:39.82,116.46;39.83,116.42;39.87,116.38;
#20:
>0:39.99,116.49;39.96,116.5;
#21:
>0:39.8,116.43;39.84,116.44;39.88,116.43;
#22:
>0:39.97,116.5;39.95,116.54;39.92,116.49;39.88,116.53;
#23:
>0:39.84,116.38;39.88,116.4;39.89,116.43;39.89,116.52;
#24:
>0:39.99,116.3;39.96,116.34;39.91,116.4;39.88,116.45;
#25:
>0:39.99,116.37;39.94,116.31;39.94,116.37;39.93,116.41;39.85,116.36;
#26:
>0:39.9,116.37;39.92,116.4;39.9,116.42;
#27:
>0:39.96,116.48;39.96,116.42;39.9,116.4;39.92,116.34;39.92,116.31;
#28:
>0:39.89,116.29;39.91,116.35;39.91,116.42;39.92,116.44;39.89,116.42;39.87,116.51;
#29:
>0:39.81,116.53;39.8,116.48;39.83,116.47;39.83,116.53;39.82,116.51;39.81,116.48;39.84,116.48;39.89,116.43;39.89,116.39;39.85,116.33;
#30:
>0:39.99,116.54;39.93,116.53;39.93,116.5;39.9,116.53;
#31:
>0:39.99,116.34;39.99,116.3;39.91,116.33;
#32:
>0:39.82,116.36;39.81,116.39;
#33:
>0:39.91,116.47;39.94,116.43;39.97,116.41;
#34:
>0:39.84,116.48;39.82,116.5;39.88,116.38;
#35:
>0:39.96,116.33;39.91,116.36;39.93,116.41;39.9,116.44;39.88,116.52;
#36:
>0:39.85,116.35;39.84,116.41;39.83,116.46;39.85,116.48;39.83,116.5;39.82,116.53;39.82,116.53;
#37:
>0:39.88,116.37;39.88,116.44;39.91,116.48;39.86,116.54;
#38:
>0:39.98,116.46;39.94,116.41;39.91,116.34;39.87,116.31;39.86,116.29;
#39:
>0:39.8,116.49;39.84,116.43;
#40:
>0:39.91,116.34;39.89,116.41;39.84,116.45;39.8,116.49;
#41:
>0:39.82,116.52;39.85,116.47;39.89,116.53;
#42:
>0:39.97,116.48;39.94,116.53;39.92,116.51;
#43:
>0:39.9,116.3;39.96,116.32;39.91,116.38;
#44:
>0:39.8,116.45;39.83,116.44;39.84,116.4;39.9,116.36;39.94,116.3;
#45:
>0:39.82,116.52;39.84,116.5;39.82,116.46;39.85,116.49;39.85,116.43;39.86,116.39;39.8,116.4;39.86,116.4;39.86,116.42;39.86,116.48;39.89,116.43;39.89,116.41;39.83,116.35;
#46:
>0:39.96,116.39;39.93,116.45;39.87,116.45;39.84,116.45;
#47:
>0:39.94,116.32;39.92,116.34;39.89,116.39;39.86,116.39;39.83,116.46;
#48:
>0:39.94,116.47;39.96,116.54;39.9,116.46;39.89,116.53;39.82,116.49;
#49:
>0:39.8,116.33;39.85,116.38;39.87,116.4;39.86,116.44;39.89,116.54;
#50:
>0:39.81,116.37;39.86,116.34;39.87,116.36;39.88,116.37;39.94,116.5;
#51:
>0:39.83,116.41;39.82,116.46;
#52:
>0:39.83,116.48;39.82,116.42;39.89,116.38;
#53:
>0:40.0,116.29;39.96,116.3;39.91,116.34;39.92,116.4;39.9,116.34;39.9,116.41;39.87,116.39;39.83,116.35;39.85,116.36;
#54:
>0:39.92,116.54;39.95,116.52;39.91,116.47;39.93,116.39;
#55:
>0:39.89,116.41;39.84,116.36;
#56:
>0:39.97,116.32;39.94,116.33;39.94,116.35;39.88,116.31;
#57:
>0:39.89,116.4;39.89,116.38;39.91,116.32;39.98,116.31;
#58:
>0:39.94,116.41;39.91,116.43;39.92,116.49;39.85,116.5;
#59:
>0:39.86,116.35;39.9,116.37;39.87,116.39;39.89,116.44;39.87,116.38;39.86,116.4;39.87,116.38;39.84,116.44;39.82,116.53;
#60:
>0:39.93,116.37;39.92,116.39;39.86,116.31;
#61:
>0:39.92,116.4;39.93,116.35;
#62:
>0:39.94,116.35;39.91,116.38;39.87,116.38;39.84,116.45;39.8,116.51;
#63:
>0:39.94,116.49;39.95,116.45;39.91,116.4;39.87,116.39;
#64:
>0:39.83,116.34;39.89,116.38;39.91,116.35;39.91,116.4;39.92,116.42;39.92,116.5;39.89,116.52;39.87,116.48;39.83,116.53;
#65:
>0:39.98,116.54;39.99,116.5;39.94,116.49;39.93,116.4;
#66:
>0:39.85,116.32;39.88,116.31;39.92,116.31;39.94,116.29;39.98,116.31;
#67:
>0:39.91,116.42;39.93,116.38;
#68:
>0:39.88,116.54;39.93,116.49;39.95,116.42;39.96,116.37;
#69:
>0:39.83,116.3;39.9,116.3;39.92,116.33;39.94,116.46;
#70:
>0:39.89,116.36;39.92,116.35;39.92,116.42;39.92,116.48;
#71:
>0:39.89,116.54;39.91,116.51;39.96,116.42;
#72:
>0:39.92,116.31;39.89,116.3;39.86,116.36;39.84,116.39;39.83,116.47;
#73:
>0:39.89,116.54;39.83,116.47;39.84,116.45;
#74:
>0:39.83,116.44;39.82,116.45;
#75:
>0:39.96,116.35;39.99,116.33;39.96,116.33;
#76:
>0:39.93,116.37;39.92,116.4;39.99,116.45;
#77:
>0:39.94,116.53;39.9,116.47;39.9,116.43;39.91,116.37;
#78:
>0:39.81,116.5;39.86,116.5;39.82,116.49;39.82,116.54;39.85,116.48;39.84,116.43;39.86,116.39;39.82,116.38;39.85,116.39;39.81,116.4;39.83,116.34;
#79:
>0:39.91,116.47;39.88,116.46;
#80:
>0:39.87,116.32;39.91,116.37;39.94,116.4;39.99,116.38;39.95,116.44;39.87,116.54;
#81:
>0:39.99,116.39;39.94,116.45;39.95,116.5;39.97,116.54;
#82:
>0:39.97,116.39;39.94,116.4;
#83:
>0:39.98,116.36;39.93,116.39;39.92,116.42;
#84:
>0:39.82,116.33;39.86,116.41;39.87,116.4;39.88,116.44;39.92,116.53;
#85:
>0:40.0,116.44;39.94,116.39;39.91,116.36;39.91,116.32;
#86:
>0:39.86,116.33;39.83,116.4;39.85,116.4;39.8,116.38;39.85,116.4;39.84,116.43;39.84,116.49;39.8,116.53;
#87:
>0:39.8,116.54;39.8,116.51;
#88:
>0:39.97,116.46;39.94,116.44;39.92,116.39;39.87,116.44;
#89:
>0:39.81,116.31;39.83,116.34;39.84,116.39;39.89,116.38;39.94,116.33;
