#0:
>0:39.8,116.5;39.84,116.5;39.85,116.39;
#1:
>0:39.9,116.43;39.89,116.37;39.89,116.35;39.96,116.33;
#2:
>0:39.96,116.38;39.95,116.34;39.92,116.39;39.84,116.34;
#3:
>0:39.83,116.31;39.88,116.32;39.84,116.4;
#4:
>0:39.87,116.33;39.85,116.35;39.88,116.41;39.89,116.43;39.83,116.48;39.82,116.52;
#5:
>0:39.99,116.3;39.96,116.36;39.9,116.39;39.88,116.37;39.84,116.44;
#6:
>0:39.96,116.3;39.92,116.34;39.92,116.41;39.88,116.45;39.81,116.5;
#7:
>0:39.88,116.5;39.88,116.42;39.93,116.46;
#8:
>0:39.8,116.52;39.8,116.48;39.89,116.47;
#9:
>0:39.92,116.37;39.92,116.4;39.88,116.45;39.83,116.43;
#10:
>0:39.94,116.32;39.92,116.36;39.91,116.41;39.89,116.44;39.81,116.42;
#11:
>0:39.81,116.47;39.85,116.46;39.84,116.41;
#12:
>0:39.8,116.51;39.81,116.47;39.84,116.47;39.84,116.46;39.81,116.45;39.81,116.39;39.83,116.36;
#13:
>0:39.95,116.54;39.93,116.46;39.88,116.46;39.84,116.41;39.86,116.37;39.85,116.31;
#14:
>0:39.82,116.51;39.86,116.47;39.8,116.5;39.82,116.54;39.86,116.48;39.81,116.44;39.81,116.41;39.86,116.41;39.87,116.39;39.86,116.38;39.87,116.41;39.88,116.42;39.89,116.38;39.85,116.34;
#15:
>0:39.84,116.5;39.86,116.42;39.82,116.39;39.84,116.36;39.86,116.31;
#16:
>0:39.86,116.32;39.87,116.36;39.88,116.41;39.9,116.42;39.96,116.5;
#17:
>0:39.92,116.36;39.96,116.34;39.87,116.42;
#18:
>0:39.96,116.32;39.93,116.36;39.88,116.38;39.84,116.45;39.85,116.48;39.85,116.52;
#19:
>0:39.88,116.31;39.91,116.36;39.95,116.34;39.99,116.44;
#20:
>0:39.81,116.29;39.84,116.37;39.88,116.4;39.9,116.44;39.9,116.45;39.98,116.53;
#21:
>0:39.95,116.3;39.92,116.34;39.93,116.4;
#22:
>0:39.93,116.35;39.91,116.41;39.87,116.43;
#23:
>0:39.86,116.46;39.9,116.4;39.87,116.35;39.86,116.41;39.81,116.41;39.82,116.33;39.84,116.34;39.86,116.34;
#24:
>0:39.82,116.46;39.83,116.44;39.81,116.4;39.86,116.34;
#25:
>0:39.9,116.43;39.88,116.42;39.85,116.35;39.84,116.32;
#26:
>0:39.89,116.45;39.87,116.45;
#27:
>0:39.96,116.33;39.98,116.3;
#28:
>0:39.94,116.3;39.91,116.31;39.95,116.35;39.95,116.43;
#29:
>0:39.93,116.32;39.89,116.35;39.86,116.4;
#30:
>0:39.89,116.51;39.84,116.53;39.83,116.52;
#31:
>0:39.9,116.36;39.86,116.36;
#32:
>0:39.83,116.47;39.83,116.43;39.81,116.41;
#33:
>0:39.89,116.34;39.87,116.41;
#34:
>0:39.85,116.46;39.88,116.39;
#35:
>0:39.92,116.42;39.87,116.4;39.88,116.37;39.96,116.31;
#36:
>0:39.85,116.38;39.84,116.36;39.85,116.33;
#37:
>0:39.82,116.39;39.85,116.38;39.87,116.39;39.92,116.4;39.93,116.38;39.97,116.4;
#38:
>0:39.86,116.48;39.87,116.45;39.93,116.4;39.93,116.41;
#39:
>0:39.93,116.53;39.87,116.46;39.85,116.47;
#40:
>0:39.9,116.54;39.87,116.47;39.84,116.47;
#41:
>0:39.89,116.42;39.89,116.39;39.93,116.38;39.86,116.37;
#42:
>0:39.92,116.46;39.89,116.45;39.83,116.47;39.8,116.54;
#43:
>0:39.93,116.33;39.93,116.3;39.89,116.33;39.83,116.32;
#44:
>0:39.95,116.53;39.93,116.47;39.89,116.46;39.86,116.4;39.83,116.34;39.86,116.32;
#45:
>0:39.98,116.51;39.95,116.46;39.93,116.42;39.91,116.38;39.89,116.34;39.82,116.32;
#46:
>0:39.89,116.35;39.86,116.38;39.81,116.39;39.81,116.42;39.85,116.42;39.86,116.5;39.81,116.52;
#47:
>0:39.88,116.43;39.87,116.39;39.88,116.35;39.93,116.3;
#48:
>0:39.97,116.29;39.94,116.34;39.91,116.41;39.87,116.36;39.84,116.4;
#49:
>0:39.87,116.36;39.89,116.38;39.86,116.4;39.83,116.45;39.81,116.46;39.85,116.42;39.83,116.47;39.85,116.43;39.85,116.49;39.82,116.52;
#50:
>0:39.97,116.32;39.94,116.36;
#51:
>0:39.89,116.31;39.87,116.34;
#52:
>0:39.83,116.38;39.85,116.44;39.87,116.47;39.95,116.5;
#53:
>0:39.86,116.34;39.89,116.31;39.93,116.38;
#54:
>0:39.87,116.3;39.9,116.34;39.81,116.3;
#55:
>0:39.93,116.4;39.87,116.45;
#56:
>0:39.87,116.51;39.91,116.53;39.87,116.5;39.9,116.41;
#57:
>0:39.84,116.29;39.86,116.35;39.87,116.4;39.88,116.45;39.91,116.45;39.99,116.55;
#58:
>0:39.96,116.5;39.93,116.44;39.86,116.42;39.87,116.41;39.89,116.32;
#59:
>0:39.92,116.33;39.94,116.38;
#60:
>0:39.94,116.36;39.9,116.4;39.88,116.43;
#61:
>0:39.84,116.49;39.89,116.43;39.92,116.45;39.94,116.5;39.98,116.44;
#62:
>0:39.98,116.45;39.96,116.5;39.9,116.52;39.89,116.49;39.9,116.43;39.82,116.44;
#63:
>0:39.96,116.37;39.97,116.31;
#64:
>0:39.94,116.37;39.92,116.34;39.88,116.36;
#65:
>0:39.88,116.43;39.92,116.46;39.93,116.51;
#66:
>0:39.99,116.49;39.95,116.45;
#67:
>0:39.87,116.34;39.83,116.38;39.82,116.46;
#68:
>0:39.95,116.33;39.91,116.32;39.93,116.36;39.93,116.44;
#69:
>0:39.82,116.34;39.81,116.38;39.82,116.44;39.8,116.5;
#70:
>0:39.92,116.54;39.93,116.48;
#71:
>0:39.85,116.45;39.88,116.38;
#72:
>0:39.89,116.37;39.87,116.29;
#73:
>0:39.82,116.39;39.8,116.37;39.83,116.33;39.9,116.32;39.92,116.37;39.99,116.3;
#74:
>0:39.86,116.42;39.84,116.35;39.86,116.31;
#75:
>0:39.85,116.38;39.88,116.4;39.88,116.44;39.87,116.52;
#76:
>0:39.97,116.48;39.96,116.51;39.91,116.54;39.89,116.53;39.86,116.51;
#77:
>0:39.84,116.44;39.88,116.42;
#78:
>0:39.84,116.54;39.83,116.47;
#79:
>0:39.8,116.38;39.83,116.41;39.87,116.4;39.89,116.33;39.96,116.33;
#80:
>0:39.8,116.52;39.86,116.48;39.89,116.47;
#81:
>0:39.89,116.41;39.85,116.38;39.86,116.43;39.85,116.46;39.82,116.5;39.82,116.51;39.8,116.54;
#82:
>0:39.84,116.43;39.87,116.38;
#83:
>0:39.85,116.4;39.83,116.44;39.86,116.5;39.81,116.55;
#84:
>0:39.89,116.45;39.93,116.41;39.93,116.35;
#85:
>0:39.94,116.37;39.9,116.32;39.89,116.31;39.85,116.32;
#86:
>0:39.89,116.41;39.89,116.44;39.9,116.43;40.0,116.52;
#87:
>0:40.0,116.39;39.95,116.41;40.0,116.44;39.99,116.52;
#88:
>0:39.87,116.4;39.88,116.38;
#89:
>0:39.91,116.46;39.94,116.42;
