#0:
>0:39.89,116.43;39.92,116.45;39.9,116.33;
#1:
>0:39.86,116.33;39.83,116.41;39.81,116.43;39.81,116.48;39.82,116.53;39.81,116.52;39.8,116.54;
#2:
>0:39.94,116.5;39.93,116.45;39.93,116.38;39.86,116.36;39.81,116.29;
#3:
>0:39.98,116.35;39.97,116.38;39.93,116.39;39.91,116.38;39.87,116.36;39.8,116.3;
#4:
>0:39.97,116.46;40.0,116.41;39.94,116.39;39.92,116.42;39.89,116.38;39.81,116.33;
#5:
>0:39.83,116.51;39.87,116.54;39.88,116.42;
#6:
>0:39.92,116.35;39.89,116.34;39.96,116.42;
#7:
>0:39.94,116.31;39.92,116.34;39.9,116.38;
#8:
>0:39.88,116.53;39.91,116.48;39.93,116.44;
#9:
>0:39.86,116.37;39.82,116.42;39.83,116.45;39.81,116.5;39.83,116.5;39.81,116.54;39.8,116.51;39.82,116.54;39.81,116.51;39.82,116.54;39.8,116.53;39.82,116.52;
#10:
>0:39.85,116.48;39.88,116.45;
#11:
>0:39.9,116.52;39.91,116.5;39.84,116.46;39.83,116.38;
#12:
>0:39.84,116.29;39.88,116.3;39.9,116.31;39.96,116.33;
#13:
>0:39.98,116.42;39.93,116.42;
#14:
>0:39.84,116.33;39.81,116.37;39.82,116.44;39.81,116.5;39.83,116.54;39.81,116.53;39.8,116.52;39.83,116.53;
#15:
>0:39.91,116.35;39.87,116.42;39.85,116.45;
#16:
>0:39.85,116.35;39.87,116.3;39.92,116.32;
#17:
>0:39.86,116.35;39.81,116.41;39.81,116.46;39.8,116.5;39.82,116.52;39.82,116.53;39.8,116.53;39.8,116.52;39.82,116.51;39.82,116.53;39.81,116.54;39.8,116.54;
#18:
>0:39.87,116.4;39.89,116.34;
#19:
>0:39.84,116.32;39.87,116.33;39.92,116.39;39.93,116.44;39.94,116.5;39.92,116.54;
#20:
>0:39.92,116.37;39.93,116.41;39.95,116.45;39.95,116.47;39.91,116.51;
#21:
>0:39.81,116.39;39.85,116.4;39.88,116.41;39.9,116.44;39.93,116.4;39.97,116.48;
#22:
>0:40.0,116.48;39.97,116.46;39.93,116.42;
#23:
>0:39.91,116.39;39.87,116.36;39.85,116.37;39.81,116.3;
#24:
>0:39.89,116.51;39.85,116.53;39.9,116.49;39.88,116.41;
#25:
>0:39.95,116.33;39.9,116.4;39.87,116.44;39.84,116.48;39.81,116.51;
#26:
>0:39.87,116.39;39.88,116.33;
#27:
>0:39.89,116.5;39.85,116.47;39.84,116.43;39.82,116.33;
#28:
>0:39.93,116.54;39.88,116.48;39.84,116.44;39.81,116.4;39.82,116.36;
#29:
>0:39.8,116.46;39.82,116.4;39.83,116.33;
#30:
>0:39.94,116.5;39.92,116.47;39.89,116.43;39.86,116.42;39.81,116.36;
#31:
>0:39.84,116.37;39.81,116.41;39.82,116.44;39.8,116.49;39.82,116.54;39.8,116.52;39.8,116.53;39.82,116.53;39.81,116.52;39.81,116.54;
#32:
>0:39.87,116.39;39.89,116.43;39.89,116.5;
#33:
>0:39.86,116.39;39.8,116.43;39.82,116.5;39.81,116.53;
#34:
>0:39.8,116.5;39.8,116.54;
#35:
>0:39.93,116.49;39.93,116.43;40.0,116.45;39.98,116.36;
#36:
>0:39.88,116.44;39.85,116.44;39.86,116.51;
#37:
>0:39.88,116.3;39.85,116.34;39.83,116.38;39.85,116.39;39.85,116.46;
#38:
>0:39.92,116.35;39.9,116.41;39.95,116.42;39.94,116.49;39.96,116.51;
#39:
>0:39.85,116.33;39.88,116.36;39.93,116.36;
#40:
>0:39.86,116.46;39.88,116.45;39.93,116.42;39.95,116.43;
#41:
>0:40.0,116.47;39.96,116.44;40.0,116.41;
#42:
>0:39.91,116.36;39.91,116.4;39.94,116.43;39.91,116.5;
#43:
>0:39.91,116.53;39.91,116.49;39.89,116.46;39.87,116.4;39.81,116.34;
#44:
>0:39.92,116.42;39.92,116.42;39.83,116.35;
#45:
>0:39.92,116.52;39.88,116.47;39.91,116.45;39.93,116.38;39.88,116.35;39.89,116.3;
#46:
>0:39.92,116.33;39.96,116.39;
#47:
>0:39.98,116.38;39.96,116.43;39.91,116.48;39.9,116.46;
#48:
>0:39.82,116.41;39.85,116.41;39.83,116.45;39.92,116.42;
#49:
>0:39.86,116.37;39.86,116.31;39.9,116.4;
#50:
>0:39.84,116.45;39.84,116.4;39.81,116.34;39.83,116.33;
#51:
>0:39.93,116.5;39.95,116.43;39.98,116.43;39.97,116.36;
#52:
>0:39.85,116.33;39.88,116.35;39.92,116.34;
#53:
>0:39.96,116.43;39.91,116.38;39.88,116.36;39.86,116.35;39.82,116.32;
#54:
>0:39.9,116.48;39.88,116.46;
#55:
>0:39.96,116.54;39.98,116.46;
#56:
>0:39.9,116.46;39.89,116.43;39.84,116.4;
#57:
>0:39.99,116.34;39.97,116.38;39.94,116.45;39.91,116.38;39.83,116.31;
#58:
>0:39.96,116.38;39.91,116.38;39.89,116.39;
#59:
>0:39.99,116.38;39.95,116.4;39.92,116.44;39.93,116.55;
#60:
>0:39.86,116.42;39.83,116.5;39.81,116.54;
#61:
>0:39.94,116.54;39.93,116.54;39.89,116.53;39.86,116.5;
#62:
>0:39.81,116.46;39.82,116.38;39.82,116.34;
#63:
>0:39.98,116.45;39.94,116.49;39.92,116.47;39.88,116.48;
#64:
>0:39.92,116.36;39.92,116.38;39.94,116.44;39.95,116.48;39.95,116.55;
#65:
>0:39.93,116.37;39.88,116.4;39.88,116.45;39.92,116.42;39.91,116.53;
#66:
>0:39.97,116.33;39.96,116.34;39.99,116.29;39.95,116.37;39.99,116.33;39.94,116.34;39.96,116.31;39.91,116.37;39.83,116.34;
#67:
>0:39.97,116.31;39.95,116.36;39.93,116.3;39.97,116.36;39.99,116.39;39.94,116.38;39.91,116.43;39.92,116.39;39.84,116.33;
#68:
>0:39.95,116.52;39.97,116.48;39.94,116.46;39.91,116.41;39.84,116.35;
#69:
>0:39.81,116.37;39.81,116.39;39.84,116.4;39.85,116.5;
#70:
>0:39.91,116.54;39.88,116.47;39.88,116.43;39.87,116.41;39.8,116.36;
#71:
>0:39.82,116.34;39.81,116.41;39.86,116.45;
#72:
>0:39.94,116.39;39.97,116.41;
#73:
>0:39.91,116.46;39.85,116.49;39.8,116.44;
#74:
>0:39.88,116.46;39.84,116.5;
#75:
>0:39.98,116.53;40.0,116.5;
#76:
>0:39.97,116.49;39.94,116.44;39.92,116.38;39.88,116.43;39.85,116.48;
#77:
>0:39.83,116.42;39.86,116.45;39.93,116.41;
#78:
>0:39.99,116.42;39.95,116.43;39.96,116.48;
#79:
>0:39.9,116.36;39.94,116.3;39.99,116.36;
#80:
>0:39.83,116.45;39.8,116.49;39.85,116.54;39.91,116.51;
#81:
>0:39.9,116.36;39.92,116.42;39.86,116.36;
#82:
>0:39.97,116.35;39.97,116.41;39.96,116.41;39.93,116.41;39.89,116.34;39.82,116.31;
#83:
>0:39.83,116.44;39.82,116.49;
#84:
>0:39.91,116.31;39.87,116.34;39.83,116.37;
#85:
>0:39.95,116.36;39.99,116.33;39.95,116.43;
#86:
>0:39.93,116.52;39.94,116.47;39.94,116.44;39.94,116.38;
#87:
>0:39.99,116.34;39.94,116.4;39.93,116.46;39.89,116.5;39.84,116.52;39.8,116.52;
#88:
>0:39.84,116.35;39.82,116.39;39.81,116.42;39.8,116.49;39.8,116.5;39.81,116.51;39.82,116.52;39.81,116.54;39.83,116.53;
#89:
>0:39.93,116.38;39.87,116.34;39.89,116.32;
