#0:
>0:39.92,116.41;39.87,116.33;
#1:
>0:39.85,116.34;39.88,116.4;39.89,116.45;39.93,116.49;39.98,116.45;
#2:
>0:39.82,116.5;39.81,116.5;39.81,116.53;39.85,116.53;39.86,116.5;39.87,116.43;39.89,116.38;39.84,116.38;39.82,116.38;39.9,116.35;
#3:
>0:39.82,116.52;39.82,116.48;39.84,116.47;39.86,116.46;39.92,116.39;39.9,116.36;39.87,116.39;39.88,116.34;39.88,116.37;
#4:
>0:39.98,116.34;39.96,116.3;39.96,116.34;39.9,116.36;39.84,116.34;
#5:
>0:39.95,116.48;39.96,116.49;
#6:
>0:39.98,116.47;39.96,116.54;39.91,116.51;39.88,116.52;39.84,116.53;
#7:
>0:39.96,116.32;39.94,116.34;39.92,116.41;39.87,116.45;39.8,116.45;
#8:
>0:39.82,116.48;39.85,116.49;39.88,116.44;39.92,116.47;39.96,116.41;
#9:
>0:39.98,116.36;39.95,116.3;39.93,116.38;
#10:
>0:39.93,116.35;39.97,116.41;39.94,116.44;39.99,116.48;39.96,116.54;39.95,116.48;39.92,116.45;39.91,116.39;39.91,116.34;39.93,116.3;
#11:
>0:39.87,116.39;39.93,116.37;39.96,116.32;39.98,116.39;
#12:
>0:39.83,116.29;39.81,116.33;
#13:
>0:39.8,116.49;39.84,116.48;39.84,116.46;39.85,116.4;39.82,116.33;
#14:
>0:39.99,116.36;39.93,116.29;39.96,116.36;39.92,116.34;39.85,116.37;
#15:
>0:39.83,116.53;39.8,116.5;39.83,116.51;39.81,116.47;39.85,116.5;39.9,116.43;39.88,116.39;39.86,116.34;
#16:
>0:39.96,116.31;39.94,116.33;
#17:
>0:39.98,116.29;39.94,116.31;39.95,116.36;39.9,116.39;39.87,116.43;39.89,116.52;
#18:
>0:39.95,116.42;39.94,116.38;39.99,116.33;39.96,116.33;
#19:
>0:39.93,116.46;39.95,116.37;39.92,116.4;39.91,116.29;
#20:
>0:39.96,116.34;39.91,116.36;39.88,116.41;39.92,116.47;
#21:
>0:39.9,116.46;39.88,116.41;
#22:
>0:39.93,116.36;39.93,116.37;
#23:
>0:39.97,116.53;39.97,116.47;39.98,116.45;39.97,116.41;39.99,116.36;
#24:
>0:40.0,116.34;39.99,116.41;
#25:
>0:39.8,116.46;39.85,116.49;39.89,116.51;
#26:
>0:39.87,116.43;39.86,116.46;39.81,116.43;
#27:
>0:39.83,116.5;39.8,116.49;39.84,116.49;39.88,116.43;39.89,116.4;39.88,116.36;39.88,116.34;
#28:
>0:39.81,116.43;39.86,116.47;39.89,116.51;
#29:
>0:39.96,116.54;39.95,116.48;39.92,116.42;39.88,116.42;39.89,116.36;39.92,116.29;
#30:
>0:39.94,116.45;39.94,116.4;39.91,116.36;39.85,116.3;
#31:
>0:39.85,116.36;39.88,116.41;39.86,116.4;39.89,116.39;39.88,116.43;39.87,116.38;39.86,116.4;39.85,116.42;39.83,116.47;39.8,116.51;
#32:
>0:39.86,116.5;39.88,116.44;39.89,116.39;39.92,116.37;
#33:
>0:39.89,116.49;39.86,116.43;
#34:
>0:39.93,116.32;39.94,116.32;
#35:
>0:39.88,116.42;39.89,116.41;39.84,116.41;39.88,116.37;39.83,116.34;
#36:
>0:39.82,116.4;39.86,116.34;39.83,116.29;
#37:
>0:39.89,116.46;39.93,116.49;39.95,116.46;
#38:
>0:39.86,116.34;39.87,116.33;39.85,116.35;39.86,116.36;39.89,116.41;39.86,116.41;39.86,116.34;39.84,116.37;39.85,116.42;39.85,116.46;39.81,116.53;39.81,116.52;
#39:
>0:39.88,116.46;39.89,116.4;
#40:
>0:39.81,116.45;39.86,116.41;39.87,116.37;39.92,116.32;
#41:
>0:39.96,116.49;39.99,116.49;
#42:
>0:39.83,116.46;39.85,116.4;39.85,116.34;39.89,116.31;39.93,116.29;39.98,116.34;
#43:
>0:39.83,116.54;39.83,116.48;39.83,116.48;39.84,116.44;39.81,116.35;
#44:
>0:39.84,116.45;39.84,116.42;39.91,116.43;
#45:
>0:39.84,116.36;39.89,116.3;39.93,116.31;39.94,116.33;
#46:
>0:39.93,116.36;39.89,116.36;39.87,116.45;
#47:
>0:39.92,116.42;39.94,116.48;39.98,116.44;
#48:
>0:39.95,116.44;39.95,116.38;
#49:
>0:39.93,116.5;39.92,116.44;39.91,116.41;39.85,116.47;
#50:
>0:39.82,116.51;39.81,116.5;39.81,116.53;39.81,116.48;39.86,116.5;39.88,116.44;39.87,116.38;39.89,116.34;39.86,116.35;39.85,116.36;
#51:
>0:39.9,116.39;39.95,116.44;39.99,116.48;39.92,116.51;
#52:
>0:39.91,116.34;39.88,116.41;39.86,116.43;39.81,116.49;
#53:
>0:39.86,116.37;39.89,116.32;39.93,116.33;39.94,116.35;
#54:
>0:39.88,116.36;39.85,116.36;39.88,116.35;39.9,116.38;39.9,116.36;
#55:
>0:39.83,116.53;39.82,116.47;39.8,116.53;39.82,116.46;39.84,116.47;39.9,116.45;39.92,116.38;39.88,116.36;
#56:
>0:39.85,116.45;39.85,116.47;39.93,116.48;
#57:
>0:39.8,116.5;39.84,116.47;39.86,116.44;39.86,116.41;39.82,116.33;
#58:
>0:39.86,116.52;39.86,116.47;39.89,116.42;39.89,116.38;39.88,116.34;39.8,116.3;
#59:
>0:39.81,116.48;39.84,116.47;
#60:
>0:39.82,116.52;39.81,116.47;39.84,116.48;39.84,116.43;39.83,116.48;39.85,116.42;39.86,116.38;39.85,116.35;
#61:
>0:39.85,116.33;39.9,116.41;39.85,116.38;39.89,116.38;39.84,116.38;39.84,116.43;39.86,116.49;39.82,116.5;39.8,116.52;39.8,116.53;
#62:
>0:39.96,116.32;39.96,116.35;39.88,116.34;
#63:
>0:39.83,116.42;39.83,116.48;39.87,116.53;
#64:
>0:39.82,116.54;39.83,116.48;39.83,116.49;39.87,116.46;39.92,116.4;39.9,116.36;39.88,116.35;39.87,116.38;39.87,116.35;39.88,116.34;
#65:
>0:39.82,116.53;39.83,116.49;39.86,116.5;39.83,116.44;39.86,116.38;39.82,116.32;
#66:
>0:39.97,116.34;39.96,116.37;39.92,116.33;39.88,116.39;39.83,116.37;39.82,116.42;
#67:
>0:39.81,116.3;39.8,116.33;39.84,116.41;39.87,116.38;39.94,116.43;
#68:
>0:39.94,116.45;39.95,116.39;
#69:
>0:39.96,116.51;39.95,116.47;39.93,116.44;39.9,116.38;39.88,116.35;39.9,116.29;
#70:
>0:39.82,116.48;39.84,116.47;
#71:
>0:39.96,116.43;39.94,116.42;
#72:
>0:39.95,116.47;39.94,116.51;
#73:
>0:39.96,116.42;39.98,116.45;39.99,116.37;
#74:
>0:39.83,116.35;39.86,116.35;39.87,116.39;39.9,116.36;39.87,116.41;39.84,116.39;39.84,116.45;39.84,116.49;39.83,116.51;
#75:
>0:39.8,116.43;39.86,116.46;39.88,116.49;39.92,116.45;39.96,116.43;
#76:
>0:39.97,116.4;39.95,116.46;39.95,116.39;39.88,116.45;
#77:
>0:39.86,116.42;39.84,116.38;39.8,116.38;39.8,116.32;
#78:
>0:39.85,116.29;39.82,116.34;39.87,116.39;
#79:
>0:39.8,116.53;39.82,116.5;39.83,116.48;39.9,116.42;39.89,116.41;39.84,116.4;39.84,116.46;39.85,116.5;39.86,116.43;39.84,116.46;39.89,116.44;39.93,116.4;39.87,116.45;39.86,116.4;39.85,116.34;
#80:
>0:39.96,116.5;39.99,116.5;
#81:
>0:39.81,116.31;39.83,116.37;39.83,116.37;39.88,116.38;39.94,116.46;
#82:
>0:39.87,116.37;39.92,116.4;39.89,116.43;39.84,116.47;39.83,116.53;
#83:
>0:40.0,116.34;39.97,116.4;
#84:
>0:39.9,116.35;39.87,116.36;39.87,116.39;39.82,116.39;
#85:
>0:39.86,116.37;39.88,116.35;39.89,116.41;39.85,116.4;39.85,116.45;39.84,116.47;39.83,116.49;39.8,116.54;39.81,116.53;
#86:
>0:39.87,116.54;39.91,116.51;
#87:
>0:39.88,116.54;39.89,116.53;
#88:
>0:39.97,116.49;39.99,116.45;
#89:
>0:39.92,116.4;39.88,116.46;39.84,116.45;39.83,116.49;
