#0:
>0:39.88,116.42;39.87,116.43;
#1:
>0:39.93,116.53;39.94,116.48;39.94,116.45;
#2:
>0:39.86,116.47;39.85,116.42;39.86,116.5;39.9,116.53;39.99,116.43;
#3:
>0:39.82,116.49;39.85,116.45;39.89,116.43;39.93,116.37;39.96,116.38;
#4:
>0:40.0,116.48;39.99,116.42;39.97,116.41;
#5:
>0:39.93,116.41;39.94,116.35;39.9,116.41;39.9,116.34;39.82,116.31;
#6:
>0:39.98,116.44;39.94,116.4;39.91,116.39;
#7:
>0:39.85,116.47;39.85,116.45;39.88,116.48;39.92,116.53;39.98,116.46;
#8:
>0:39.82,116.31;39.81,116.35;39.86,116.37;39.92,116.31;
#9:
>0:39.99,116.42;39.93,116.4;39.9,116.43;39.87,116.46;39.87,116.48;39.82,116.54;
#10:
>0:39.84,116.38;39.89,116.33;39.83,116.29;
#11:
>0:39.97,116.49;39.99,116.54;
#12:
>0:39.82,116.4;39.81,116.4;
#13:
>0:39.88,116.49;39.93,116.44;39.89,116.42;39.87,116.35;
#14:
>0:39.81,116.41;39.85,116.36;39.89,116.35;39.93,116.33;39.94,116.34;39.98,116.33;
#15:
>0:39.96,116.36;39.96,116.4;
#16:
>0:39.82,116.41;39.83,116.36;39.87,116.36;39.9,116.29;39.96,116.37;39.99,116.41;
#17:
>0:39.8,116.5;39.81,116.48;39.84,116.47;39.8,116.5;39.82,116.43;39.83,116.43;39.86,116.4;39.89,116.4;39.83,116.4;39.87,116.4;39.86,116.4;39.85,116.34;
#18:
>0:39.92,116.36;39.95,116.34;
#19:
>0:39.82,116.45;39.86,116.44;39.84,116.49;39.92,116.45;
#20:
>0:39.88,116.42;39.91,116.41;39.95,116.34;39.97,116.31;
#21:
>0:39.94,116.36;39.92,116.4;39.93,116.36;39.89,116.35;39.81,116.29;
#22:
>0:39.97,116.29;39.95,116.37;39.95,116.41;39.91,116.42;39.98,116.48;
#23:
>0:39.8,116.46;39.86,116.45;39.88,116.45;39.92,116.52;
#24:
>0:39.86,116.3;39.83,116.3;39.82,116.35;39.86,116.4;39.85,116.48;
#25:
>0:39.84,116.29;39.82,116.32;39.84,116.41;
#26:
>0:39.81,116.51;39.82,116.47;39.84,116.43;39.93,116.38;
#27:
>0:39.86,116.48;39.87,116.42;39.92,116.4;39.95,116.35;39.97,116.34;
#28:
>0:39.93,116.4;39.94,116.35;39.99,116.35;
#29:
>0:39.81,116.48;39.8,116.48;
#30:
>0:39.89,116.35;39.89,116.42;39.83,116.39;39.85,116.42;39.82,116.51;
#31:
>0:39.84,116.53;39.89,116.52;39.86,116.46;39.85,116.44;39.8,116.37;
#32:
>0:40.0,116.48;39.98,116.54;
#33:
>0:39.91,116.45;39.87,116.46;
#34:
>0:39.89,116.32;39.85,116.33;
#35:
>0:39.87,116.53;39.88,116.48;39.93,116.53;39.98,116.45;
#36:
>0:39.81,116.34;39.85,116.38;39.85,116.45;39.86,116.47;39.83,116.53;
#37:
>0:39.97,116.32;39.94,116.31;39.92,116.3;39.88,116.37;39.84,116.39;
#38:
>0:39.9,116.46;39.95,116.49;39.99,116.39;
#39:
>0:39.83,116.34;39.87,116.36;39.88,116.39;39.93,116.46;
#40:
>0:39.82,116.35;39.85,116.38;
#41:
>0:39.83,116.37;39.83,116.38;
#42:
>0:39.94,116.52;39.93,116.54;39.92,116.46;39.93,116.42;39.85,116.36;
#43:
>0:39.97,116.35;39.95,116.33;39.93,116.41;39.89,116.43;39.84,116.51;
#44:
>0:39.85,116.39;39.85,116.37;
#45:
>0:39.99,116.31;39.94,116.32;39.98,116.29;39.95,116.31;39.95,116.33;39.92,116.3;39.86,116.33;
#46:
>0:39.87,116.39;39.83,116.39;39.85,116.42;39.86,116.5;39.82,116.54;
#47:
>0:40.0,116.3;39.95,116.29;39.99,116.29;39.93,116.31;39.93,116.35;39.83,116.37;
#48:
>0:39.8,116.43;39.84,116.43;39.88,116.39;
#49:
>0:39.8,116.54;39.83,116.46;39.89,116.45;39.9,116.43;39.96,116.43;
#50:
>0:39.99,116.48;39.97,116.44;39.99,116.39;
#51:
>0:39.98,116.38;39.97,116.34;39.9,116.29;
#52:
>0:40.0,116.47;39.99,116.46;
#53:
>0:39.94,116.42;39.91,116.42;39.89,116.43;39.84,116.38;39.81,116.43;
#54:
>0:39.91,116.33;39.87,116.35;39.84,116.41;
#55:
>0:39.87,116.49;39.89,116.45;39.85,116.39;39.81,116.35;
#56:
>0:39.98,116.36;39.93,116.37;39.93,116.4;39.87,116.44;39.83,116.54;
#57:
>0:39.97,116.38;39.96,116.43;39.93,116.44;39.96,116.55;
#58:
>0:39.94,116.4;39.94,116.37;39.89,116.35;
#59:
>0:39.81,116.46;39.84,116.45;39.84,116.4;39.88,116.37;39.91,116.3;39.97,116.32;
#60:
>0:39.87,116.4;39.86,116.39;39.81,116.35;
#61:
>0:39.86,116.47;39.89,116.48;
#62:
>0:39.89,116.29;39.92,116.35;39.96,116.4;39.98,116.43;
#63:
>0:39.87,116.35;39.86,116.35;39.88,116.36;39.92,116.3;39.94,116.3;39.97,116.31;
#64:
>0:39.9,116.3;39.96,116.37;39.93,116.41;39.97,116.46;
#65:
>0:39.85,116.4;39.89,116.37;
#66:
>0:39.93,116.48;39.89,116.46;
#67:
>0:39.83,116.37;39.84,116.42;39.86,116.43;39.84,116.37;39.86,116.44;39.86,116.49;39.8,116.54;
#68:
>0:39.87,116.36;39.88,116.39;39.83,116.38;39.86,116.42;39.86,116.48;39.82,116.54;
#69:
>0:40.0,116.42;39.93,116.38;39.94,116.35;39.88,116.34;
#70:
>0:39.83,116.52;39.89,116.54;39.87,116.48;39.91,116.43;39.89,116.41;39.81,116.32;
#71:
>0:39.83,116.36;39.83,116.38;39.86,116.44;39.84,116.49;39.82,116.5;39.8,116.54;39.82,116.5;39.86,116.48;39.8,116.52;
#72:
>0:39.97,116.45;39.94,116.39;39.94,116.36;39.87,116.36;
#73:
>0:39.95,116.53;39.9,116.52;39.96,116.49;39.97,116.41;
#74:
>0:39.81,116.52;39.81,116.49;39.86,116.43;39.87,116.49;39.92,116.54;39.99,116.5;
#75:
>0:39.86,116.34;39.89,116.29;39.86,116.37;39.85,116.39;39.84,116.46;39.84,116.46;39.8,116.52;
#76:
>0:39.88,116.51;39.87,116.48;39.91,116.43;
#77:
>0:39.81,116.42;39.85,116.45;39.88,116.49;39.87,116.44;39.92,116.42;39.98,116.43;
#78:
>0:39.83,116.31;39.82,116.35;39.83,116.4;39.86,116.43;39.8,116.49;
#79:
>0:39.88,116.35;39.83,116.35;39.86,116.41;39.85,116.42;39.82,116.51;
#80:
>0:39.88,116.49;39.88,116.45;39.93,116.44;39.99,116.42;
#81:
>0:39.92,116.33;39.89,116.31;
#82:
>0:39.93,116.54;39.91,116.52;39.87,116.48;39.87,116.43;39.96,116.36;
#83:
>0:39.83,116.51;39.8,116.46;39.86,116.49;39.85,116.42;39.86,116.39;39.89,116.38;39.85,116.33;39.88,116.34;39.86,116.36;39.89,116.33;39.85,116.37;39.85,116.34;
#84:
>0:39.85,116.32;39.81,116.33;
#85:
>0:39.91,116.43;39.95,116.46;40.0,116.4;
#86:
>0:39.97,116.47;39.97,116.51;
#87:
>0:39.85,116.39;39.86,116.43;39.86,116.49;39.96,116.51;
#88:
>0:39.84,116.45;39.86,116.41;39.92,116.42;
#89:
>0:39.9,116.4;39.85,116.4;39.8,116.4;
