#0:
>0:39.8,116.52;39.85,116.5;39.88,116.43;39.9,116.5;39.91,116.44;39.98,116.5;
#1:
>0:39.91,116.3;39.89,116.3;39.87,116.38;
#2:
>0:39.89,116.52;39.89,116.53;
#3:
>0:39.9,116.35;39.87,116.31;39.9,116.35;39.82,116.43;
#4:
>0:39.9,116.34;39.91,116.39;39.89,116.46;39.83,116.5;
#5:
>0:39.94,116.38;39.96,116.44;39.9,116.46;
#6:
>0:39.82,116.48;39.89,116.46;39.88,116.39;39.88,116.37;
#7:
>0:39.81,116.53;39.83,116.48;39.83,116.47;39.8,116.43;39.8,116.46;39.81,116.52;39.86,116.49;39.86,116.42;39.87,116.4;39.91,116.34;39.91,116.33;39.88,116.32;39.84,116.34;
#8:
>0:39.85,116.3;39.88,116.3;39.89,116.34;39.89,116.46;
#9:
>0:39.91,116.31;39.89,116.3;39.89,116.37;39.8,116.45;
#10:
>0:39.95,116.47;39.9,116.5;39.93,116.53;39.91,116.47;39.82,116.46;
#11:
>0:39.8,116.42;39.86,116.46;39.91,116.48;39.9,116.5;
#12:
>0:39.91,116.52;39.92,116.5;39.91,116.48;39.9,116.39;
#13:
>0:39.85,116.33;39.82,116.31;39.8,116.33;39.82,116.46;
#14:
>0:39.97,116.38;39.94,116.36;39.94,116.33;39.87,116.33;
#15:
>0:39.91,116.33;39.94,116.34;39.94,116.4;39.96,116.43;39.98,116.47;
#16:
>0:39.99,116.47;39.95,116.44;39.93,116.4;39.93,116.34;
#17:
>0:39.84,116.4;39.81,116.34;
#18:
>0:39.97,116.54;39.94,116.51;39.91,116.51;39.88,116.5;
#19:
>0:39.83,116.36;39.87,116.36;39.92,116.41;
#20:
>0:39.81,116.35;39.8,116.38;39.83,116.34;39.86,116.33;39.91,116.4;40.0,116.3;
#21:
>0:39.93,116.31;39.91,116.34;39.86,116.42;39.87,116.39;39.81,116.46;39.86,116.54;
#22:
>0:39.95,116.4;39.94,116.34;39.99,116.29;
#23:
>0:39.86,116.47;39.87,116.39;39.91,116.33;39.87,116.32;
#24:
>0:39.93,116.4;39.93,116.35;39.89,116.29;
#25:
>0:39.98,116.38;39.96,116.33;39.94,116.39;39.88,116.29;
#26:
>0:39.96,116.35;39.91,116.37;39.87,116.29;
#27:
>0:39.92,116.37;39.87,116.35;39.88,116.46;
#28:
>0:39.89,116.3;39.9,116.35;39.92,116.41;
#29:
>0:39.92,116.45;39.88,116.48;39.89,116.45;
#30:
>0:40.01,116.38;39.97,116.41;39.99,116.43;40.0,116.5;39.95,116.5;
#31:
>0:39.9,116.5;39.86,116.52;
#32:
>0:39.98,116.34;39.98,116.41;39.92,116.44;
#33:
>0:39.84,116.3;39.8,116.32;39.83,116.35;39.8,116.43;
#34:
>0:39.83,116.55;39.82,116.5;
#35:
>0:40.0,116.39;39.93,116.44;39.98,116.47;
#36:
>0:39.99,116.44;39.95,116.42;39.91,116.37;39.89,116.39;
#37:
>0:39.93,116.4;39.95,116.35;39.99,116.4;
#38:
>0:39.91,116.29;39.9,116.31;39.84,116.35;
#39:
>0:39.82,116.48;39.81,116.42;39.87,116.45;39.8,116.34;
#40:
>0:39.99,116.55;40.0,116.53;
#41:
>0:39.85,116.54;39.87,116.51;39.9,116.48;39.93,116.53;
#42:
>0:39.94,116.5;39.91,116.44;39.88,116.39;
#43:
>0:39.86,116.41;39.87,116.48;
#44:
>0:39.99,116.45;39.95,116.41;39.92,116.35;39.89,116.37;
#45:
>0:39.99,116.46;39.95,116.46;39.91,116.51;
#46:
>0:39.85,116.49;39.8,116.44;
#47:
>0:39.85,116.42;39.82,116.36;
#48:
>0:39.96,116.45;39.93,116.43;39.9,116.49;39.88,116.45;
#49:
>0:39.9,116.52;39.9,116.48;39.96,116.45;
#50:
>0:39.98,116.31;39.96,116.36;
#51:
>0:39.8,116.53;39.81,116.48;39.87,116.51;
#52:
>0:39.92,116.44;39.88,116.44;39.86,116.43;
#53:
>0:39.84,116.47;39.86,116.47;39.9,116.4;
#54:
>0:39.83,116.3;39.81,116.33;39.84,116.41;39.88,116.44;39.86,116.49;
#55:
>0:39.93,116.3;39.9,116.3;39.89,116.34;39.88,116.37;39.8,116.44;39.86,116.53;
#56:
>0:39.9,116.4;39.95,116.45;39.94,116.49;39.9,116.54;
#57:
>0:39.83,116.38;39.86,116.36;39.87,116.4;39.93,116.41;39.96,116.34;39.98,116.38;
#58:
>0:39.96,116.48;39.97,116.52;
#59:
>0:39.96,116.46;39.9,116.44;39.88,116.46;39.87,116.45;
#60:
>0:39.92,116.31;39.87,116.29;39.89,116.36;39.93,116.39;39.93,116.44;39.95,116.52;
#61:
>0:39.84,116.36;39.82,116.32;
#62:
>0:39.97,116.33;39.93,116.35;39.9,116.31;
#63:
>0:39.93,116.54;39.91,116.52;39.92,116.48;39.92,116.43;39.92,116.42;39.95,116.32;
#64:
>0:39.96,116.33;39.94,116.41;39.87,116.32;
#65:
>0:39.97,116.39;39.95,116.34;39.93,116.31;
#66:
>0:39.95,116.35;39.91,116.35;39.89,116.38;39.87,116.41;39.81,116.42;39.82,116.51;
#67:
>0:39.92,116.42;39.93,116.43;39.96,116.48;
#68:
>0:39.82,116.42;39.86,116.49;39.91,116.51;39.9,116.53;39.95,116.55;39.98,116.51;
#69:
>0:39.9,116.31;39.92,116.32;
#70:
>0:39.95,116.4;39.91,116.37;
#71:
>0:39.8,116.47;39.83,116.49;39.86,116.49;39.93,116.46;
#72:
>0:39.88,116.39;39.93,116.4;39.92,116.49;
#73:
>0:39.91,116.46;39.95,116.45;39.99,116.41;
#74:
>0:39.93,116.3;39.87,116.29;39.89,116.36;39.87,116.44;39.82,116.45;39.85,116.55;
#75:
>0:39.91,116.49;39.85,116.53;
#76:
>0:39.9,116.49;39.86,116.46;39.88,116.4;39.86,116.36;
#77:
>0:39.86,116.34;39.87,116.39;39.82,116.45;
#78:
>0:39.95,116.54;39.9,116.54;39.9,116.49;39.92,116.44;39.92,116.4;39.93,116.35;
#79:
>0:39.86,116.4;39.81,116.37;
#80:
>0:39.94,116.34;39.95,116.38;39.87,116.3;
#81:
>0:39.8,116.46;39.86,116.54;39.88,116.52;
#82:
>0:39.91,116.53;39.94,116.49;39.94,116.42;39.93,116.41;
#83:
>0:39.97,116.29;39.99,116.33;39.91,116.3;39.87,116.3;39.9,116.34;39.82,116.3;
#84:
>0:39.84,116.47;39.9,116.42;
#85:
>0:39.91,116.54;39.88,116.52;39.85,116.53;
#86:
>0:39.94,116.43;39.92,116.46;39.9,116.42;39.94,116.34;
#87:
>0:39.92,116.52;39.96,116.49;39.94,116.44;39.94,116.4;
#88:
>0:39.97,116.41;40.0,116.37;39.99,116.29;
#89:
>0:39.89,116.51;39.93,116.54;39.93,116.49;39.93,116.46;39.93,116.38;39.98,116.32;
