#0:
>0:39.85,116.43;39.9,116.2;
#1:
>0:39.38,116.71;39.38,116.61;39.29,116.5;39.11,116.41;39.06,116.27;39.11,116.1;
#2:
>0:39.63,116.3;39.76,116.1;
#3:
>0:39.83,116.34;40.17,116.54;39.9,116.39;
#4:
>0:39.91,116.78;39.85,116.61;39.61,116.5;39.61,116.36;39.88,116.28;
#5:
>0:39.97,116.72;39.94,116.71;
#6:
>0:39.99,116.76;39.7,116.69;39.77,116.54;39.86,116.46;39.87,116.24;
#7:
>0:39.19,116.45;38.99,116.42;39.06,116.23;39.05,116.09;
#8:
>0:39.7,116.64;39.49,116.49;39.5,116.37;
#9:
>0:39.84,116.28;39.82,116.44;39.96,116.29;39.86,116.34;39.9,116.29;39.9,116.44;39.88,116.27;40.13,116.26;40.14,116.15;40.08,116.32;39.92,116.39;
#10:
>0:39.99,116.44;39.81,116.24;
#11:
>0:39.97,116.43;39.84,116.3;
#12:
>0:39.88,116.73;39.91,116.77;
#13:
>0:39.57,116.77;39.64,116.7;39.44,116.57;
#14:
>0:39.04,116.76;39.26,116.6;39.5,116.53;39.8,116.34;39.99,116.42;40.06,116.35;
#15:
>0:39.97,116.71;39.88,116.59;39.62,116.52;39.98,116.54;39.81,116.2;
#16:
>0:39.42,116.11;39.19,116.28;39.58,116.31;39.52,116.48;
#17:
>0:39.17,116.16;38.99,116.13;
#18:
>0:40.01,116.56;39.97,116.56;39.74,116.48;39.51,116.73;
#19:
>0:39.54,116.21;39.3,116.3;39.1,116.4;39.28,116.46;39.27,116.72;
#20:
>0:39.94,116.26;40.15,116.34;39.82,116.39;39.81,116.31;39.97,116.21;
#21:
>0:40.06,116.38;40.09,116.27;
#22:
>0:39.91,116.22;39.92,116.41;39.97,116.22;39.95,116.21;
#23:
>0:39.93,116.26;40.01,116.37;39.83,116.29;40.12,116.36;40.22,116.29;39.93,116.43;
#24:
>0:39.84,116.27;39.88,116.41;39.84,116.2;39.82,116.44;39.99,116.28;39.9,116.22;
#25:
>0:39.24,116.54;39.38,116.64;39.65,116.64;40.0,116.81;40.06,116.61;
#26:
>0:39.94,116.4;40.18,116.48;40.11,116.69;39.85,116.77;
#27:
>0:39.88,116.36;39.84,116.25;
#28:
>0:39.96,116.28;39.9,116.34;39.85,116.21;40.01,116.44;39.94,116.26;40.0,116.45;39.93,116.28;39.91,116.45;40.14,116.42;40.1,116.3;40.03,116.1;40.05,116.27;39.92,116.41;40.0,116.21;39.98,116.38;39.96,116.21;39.84,116.35;39.91,116.29;39.89,116.37;39.87,116.22;39.85,116.3;
#29:
>0:39.11,116.09;38.96,116.17;
#30:
>0:39.2,116.33;39.42,116.46;39.78,116.64;
#31:
>0:39.94,116.26;39.84,116.42;39.95,116.21;39.88,116.43;39.9,116.21;39.88,116.35;39.83,116.44;
#32:
>0:39.84,116.3;40.16,116.13;40.1,116.3;39.99,116.43;
#33:
>0:40.1,116.16;39.93,116.28;39.75,116.21;39.4,116.41;
#34:
>0:39.73,116.19;39.73,116.21;40.22,116.16;
#35:
>0:39.97,116.45;39.87,116.24;40.06,116.29;39.85,116.26;
#36:
>0:39.96,116.42;39.81,116.28;
#37:
>0:39.06,116.14;39.03,116.08;
#38:
>0:39.86,116.41;39.89,116.3;40.13,116.35;39.91,116.45;39.98,116.34;
#39:
>0:39.86,116.43;39.99,116.3;40.09,116.38;39.9,116.28;
#40:
>0:40.09,116.76;39.86,116.82;39.99,116.57;
#41:
>0:40.13,116.34;40.22,116.25;39.97,116.22;39.72,116.21;39.48,116.1;39.08,116.13;
#42:
>0:39.63,116.58;39.57,116.47;39.18,116.55;39.07,116.73;
#43:
>0:39.91,116.23;39.94,116.4;39.82,116.29;39.85,116.38;39.88,116.39;
#44:
>0:39.88,116.34;39.98,116.28;39.92,116.42;39.89,116.29;39.81,116.38;39.95,116.24;39.96,116.45;39.85,116.25;39.82,116.35;39.96,116.52;39.74,116.67;39.95,116.62;40.13,116.63;40.01,116.81;
#45:
>0:39.93,116.29;39.97,116.31;
#46:
>0:39.93,116.2;39.99,116.39;40.17,116.49;39.9,116.44;
#47:
>0:39.73,116.67;39.42,116.55;39.32,116.57;39.17,116.81;
#48:
>0:39.95,116.27;39.84,116.45;39.94,116.29;39.88,116.37;39.9,116.31;40.02,116.28;40.07,116.17;40.1,116.2;39.83,116.43;
#49:
>0:39.97,116.67;39.71,116.53;39.64,116.4;39.66,116.28;39.74,116.12;
#50:
>0:39.85,116.42;40.0,116.21;
#51:
>0:39.26,116.4;39.53,116.23;
#52:
>0:39.64,116.37;39.68,116.5;39.51,116.68;39.41,116.83;
#53:
>0:39.81,116.55;39.88,116.68;39.92,116.74;
#54:
>0:39.96,116.46;39.72,116.61;39.67,116.79;39.29,116.8;
#55:
>0:39.82,116.43;39.82,116.3;40.0,116.45;
#56:
>0:39.99,116.4;39.98,116.23;
#57:
>0:39.33,116.82;39.43,116.59;39.76,116.47;
#58:
>0:39.07,116.79;39.1,116.64;39.22,116.45;39.63,116.58;
#59:
>0:39.19,116.77;39.51,116.63;39.61,116.51;
#60:
>0:39.8,116.39;39.89,116.23;40.0,116.3;
#61:
>0:39.91,116.45;39.99,116.23;39.61,116.24;39.56,116.19;39.09,116.33;
#62:
>0:39.76,116.6;39.4,116.5;39.42,116.34;
#63:
>0:39.82,116.79;39.84,116.76;
#64:
>0:40.11,116.29;39.85,116.45;39.79,116.53;39.58,116.64;39.36,116.65;
#65:
>0:40.0,116.36;40.01,116.23;
#66:
>0:39.11,116.33;39.32,116.54;39.46,116.56;
#67:
>0:39.81,116.27;40.01,116.26;
#68:
>0:39.87,116.38;39.83,116.2;40.01,116.42;39.84,116.38;
#69:
>0:39.09,116.18;39.03,116.14;
#70:
>0:39.81,116.79;39.73,116.6;39.59,116.5;39.17,116.5;39.06,116.58;
#71:
>0:39.2,116.43;39.58,116.46;39.63,116.64;
#72:
>0:39.98,116.31;39.94,116.41;40.08,116.48;40.03,116.6;39.93,116.62;39.84,116.56;39.87,116.4;39.89,116.32;39.96,116.32;39.86,116.23;39.85,116.44;39.9,116.3;39.86,116.25;
#73:
>0:39.94,116.23;39.87,116.33;39.86,116.23;39.96,116.34;39.95,116.24;39.93,116.45;
#74:
>0:39.93,116.22;39.93,116.42;39.92,116.52;39.65,116.34;39.84,116.41;39.96,116.36;
#75:
>0:39.92,116.44;39.89,116.3;
#76:
>0:40.01,116.23;40.13,116.26;39.97,116.41;
#77:
>0:39.9,116.38;39.89,116.32;40.07,116.24;39.81,116.29;
#78:
>0:39.94,116.34;39.83,116.44;
#79:
>0:39.94,116.44;39.97,116.3;39.87,116.28;
#80:
>0:39.51,116.74;39.31,116.63;38.99,116.61;39.28,116.54;38.97,116.25;
#81:
>0:40.22,116.66;40.01,116.6;39.92,116.49;39.64,116.39;39.58,116.08;
#82:
>0:38.96,116.74;39.31,116.75;39.31,116.62;39.21,116.51;39.21,116.26;
#83:
>0:39.66,116.28;39.63,116.17;
#84:
>0:39.8,116.27;39.94,116.36;39.96,116.21;40.0,116.44;39.81,116.26;40.06,116.3;40.08,116.14;40.22,116.21;39.91,116.43;
#85:
>0:39.87,116.22;39.9,116.38;39.9,116.25;40.06,116.42;40.03,116.22;39.9,116.42;
#86:
>0:39.92,116.26;39.87,116.34;39.92,116.29;40.01,116.41;39.95,116.37;
#87:
>0:39.89,116.29;39.85,116.35;39.82,116.22;39.94,116.38;39.89,116.42;
#88:
>0:39.89,116.36;39.97,116.26;
#89:
>0:39.9,116.21;39.93,116.37;39.88,116.31;39.93,116.44;39.88,116.24;
#90:
>0:39.99,116.26;40.18,116.34;39.88,116.39;39.86,116.28;39.91,116.21;
#91:
>0:39.05,116.43;39.36,116.49;39.54,116.37;39.75,116.11;
#92:
>0:39.87,116.33;39.94,116.2;
#93:
>0:39.86,116.34;39.91,116.23;39.85,116.3;
#94:
>0:39.88,116.29;39.88,116.4;39.84,116.25;39.85,116.41;39.97,116.29;39.9,116.4;39.86,116.3;39.9,116.3;
#95:
>0:40.18,116.22;39.93,116.36;39.73,116.52;39.43,116.65;39.19,116.75;39.17,116.76;
#96:
>0:39.81,116.35;39.94,116.27;
#97:
>0:40.08,116.71;39.93,116.78;40.0,116.6;39.84,116.47;39.76,116.33;39.78,116.15;
#98:
>0:39.67,116.61;39.52,116.49;39.54,116.44;
#99:
>0:39.98,116.37;39.84,116.32;39.87,116.27;
#100:
>0:39.66,116.55;39.52,116.62;39.24,116.81;39.09,116.77;
#101:
>0:39.85,116.08;39.71,116.22;39.57,116.23;39.59,116.52;
#102:
>0:39.93,116.78;39.87,116.7;39.91,116.47;39.95,116.38;39.81,116.43;
#103:
>0:40.11,116.68;39.94,116.7;39.94,116.49;39.78,116.5;39.18,116.77;
#104:
>0:39.33,116.36;39.35,116.31;
#105:
>0:39.79,116.29;39.58,116.27;39.49,116.36;39.41,116.5;39.0,116.77;
#106:
>0:39.26,116.39;39.21,116.23;39.67,116.2;
#107:
>0:39.02,116.16;39.21,116.23;39.53,116.35;39.62,116.49;39.88,116.66;40.03,116.75;
#108:
>0:39.92,116.35;40.0,116.38;
#109:
>0:39.87,116.36;40.0,116.31;
#110:
>0:39.91,116.37;39.86,116.25;
#111:
>0:39.13,116.13;39.22,116.3;39.28,116.41;39.69,116.08;
#112:
>0:39.96,116.34;39.97,116.5;39.92,116.23;
#113:
>0:39.93,116.23;40.09,116.4;40.19,116.3;39.9,116.35;
#114:
>0:39.94,116.26;40.02,116.3;40.18,116.41;40.19,116.54;40.05,116.62;39.82,116.78;
#115:
>0:39.84,116.43;39.94,116.22;39.94,116.3;
#116:
>0:39.97,116.36;40.03,116.32;39.89,116.4;
#117:
>0:39.94,116.78;39.81,116.72;
#118:
>0:39.86,116.32;39.99,116.43;39.93,116.31;39.84,116.41;39.91,116.3;39.89,116.43;39.89,116.31;40.01,116.4;40.12,116.5;40.04,116.64;39.9,116.69;39.9,116.74;39.92,116.83;
#119:
>0:39.93,116.26;40.01,116.33;39.92,116.52;
#120:
>0:39.9,116.21;40.01,116.34;39.99,116.27;39.6,116.27;39.43,116.29;39.73,116.31;39.57,116.21;39.75,116.28;39.93,116.21;39.81,116.34;39.86,116.41;
#121:
>0:39.95,116.26;40.05,116.34;39.92,116.33;39.89,116.3;39.91,116.39;39.96,116.43;
#122:
>0:39.9,116.3;39.81,116.35;39.83,116.27;39.86,116.43;39.85,116.23;39.82,116.43;39.81,116.3;40.07,116.12;40.06,116.3;39.84,116.23;39.96,116.45;40.0,116.27;39.93,116.38;39.83,116.25;39.86,116.44;39.97,116.24;39.86,116.28;
#123:
>0:39.92,116.36;40.01,116.29;40.08,116.3;39.86,116.21;39.81,116.39;39.99,116.27;39.97,116.34;40.01,116.43;
#124:
>0:39.95,116.32;39.96,116.43;39.86,116.46;39.61,116.37;39.63,116.27;39.94,116.43;
#125:
>0:39.87,116.73;39.92,116.62;39.76,116.55;39.87,116.38;
#126:
>0:39.36,116.43;39.44,116.49;39.73,116.62;
#127:
>0:39.19,116.09;39.58,116.3;39.64,116.24;39.85,116.36;39.93,116.66;
#128:
>0:39.48,116.5;39.25,116.38;39.14,116.23;39.11,116.11;
#129:
>0:39.32,116.73;39.2,116.6;39.54,116.47;39.6,116.39;39.98,116.23;
#130:
>0:39.95,116.23;40.16,116.41;39.97,116.22;
#131:
>0:39.99,116.2;39.87,116.33;39.99,116.28;39.8,116.35;39.85,116.3;39.81,116.39;39.93,116.3;39.89,116.32;39.98,116.41;
#132:
>0:39.82,116.29;39.98,116.33;39.95,116.2;39.96,116.41;39.98,116.24;39.9,116.42;39.92,116.3;39.92,116.41;40.0,116.32;39.81,116.42;39.95,116.32;39.91,116.32;40.0,116.23;39.93,116.37;39.95,116.26;39.91,116.37;39.85,116.3;39.85,116.4;39.94,116.27;39.82,116.23;
#133:
>0:39.86,116.78;39.89,116.82;
#134:
>0:39.86,116.77;39.92,116.68;39.87,116.76;40.0,116.59;40.01,116.37;
#135:
>0:39.0,116.54;39.27,116.52;39.08,116.23;
#136:
>0:39.87,116.27;39.87,116.32;39.88,116.2;39.98,116.41;39.86,116.21;39.87,116.38;39.88,116.41;
#137:
>0:40.09,116.36;40.0,116.57;39.75,116.58;39.52,116.76;
#138:
>0:39.99,116.39;39.82,116.23;39.96,116.44;40.2,116.46;39.82,116.37;
#139:
>0:39.9,116.26;39.95,116.33;39.85,116.2;39.96,116.29;
#140:
>0:40.01,116.37;39.96,116.26;
#141:
>0:39.93,116.24;39.97,116.43;39.91,116.22;39.93,116.2;
#142:
>0:39.9,116.28;39.89,116.37;39.97,116.3;39.95,116.36;
#143:
>0:40.0,116.75;39.81,116.7;39.78,116.61;39.71,116.49;39.43,116.29;
#144:
>0:40.01,116.37;39.84,116.23;
#145:
>0:39.66,116.76;39.64,116.63;39.85,116.67;39.95,116.57;39.85,116.27;
#146:
>0:39.88,116.32;39.83,116.23;
#147:
>0:39.9,116.2;40.0,116.37;39.81,116.25;39.87,116.35;39.95,116.41;
#148:
>0:39.98,116.2;39.87,116.43;39.99,116.27;39.88,116.41;39.93,116.3;39.85,116.37;39.84,116.27;40.17,116.41;40.01,116.48;39.9,116.54;39.84,116.32;
#149:
>0:39.1,116.18;39.37,116.28;39.46,116.39;39.75,116.5;39.82,116.49;40.05,116.65;
#150:
>0:39.91,116.36;39.92,116.28;
#151:
>0:39.95,116.22;39.88,116.44;39.96,116.3;39.95,116.38;39.84,116.3;39.99,116.4;39.98,116.24;39.93,116.39;39.92,116.31;40.03,116.37;39.96,116.36;39.98,116.28;39.81,116.35;39.91,116.3;39.83,116.33;39.87,116.24;39.9,116.36;39.86,116.25;39.91,116.44;39.89,116.28;39.86,116.34;40.14,116.35;39.89,116.42;39.86,116.25;39.85,116.29;
#152:
>0:39.86,116.37;39.96,116.53;39.97,116.44;40.12,116.46;40.07,116.59;39.91,116.76;
#153:
>0:39.91,116.32;39.99,116.4;39.94,116.28;39.99,116.37;39.93,116.22;39.93,116.41;39.98,116.41;
#154:
>0:39.98,116.8;39.92,116.65;39.95,116.51;39.91,116.43;39.92,116.31;39.8,116.1;
#155:
>0:39.29,116.31;39.59,116.21;39.72,116.27;39.88,116.54;
#156:
>0:39.95,116.28;39.88,116.35;39.95,116.5;39.88,116.4;39.86,116.25;39.92,116.44;39.89,116.22;39.94,116.42;39.91,116.27;39.83,116.39;40.0,116.32;39.83,116.42;39.92,116.32;39.86,116.36;39.88,116.27;39.96,116.28;
#157:
>0:39.9,116.77;39.88,116.81;
#158:
>0:39.87,116.73;39.99,116.58;39.88,116.73;39.81,116.66;39.86,116.78;39.87,116.59;39.91,116.41;
#159:
>0:39.85,116.3;39.9,116.45;
#160:
>0:40.0,116.34;39.94,116.2;
#161:
>0:39.73,116.79;39.73,116.69;39.86,116.67;39.83,116.5;39.88,116.41;40.06,116.19;
#162:
>0:39.87,116.43;39.9,116.3;39.82,116.31;
#163:
>0:39.98,116.43;40.05,116.23;39.9,116.4;39.8,116.2;39.92,116.24;
#164:
>0:39.14,116.63;39.19,116.53;39.56,116.37;39.35,116.2;
#165:
>0:40.0,116.33;40.0,116.26;39.88,116.39;39.91,116.29;39.98,116.43;39.91,116.26;40.12,116.21;39.81,116.31;40.22,116.08;40.21,116.24;39.99,116.41;
#166:
>0:39.81,116.23;39.84,116.34;40.19,116.25;40.01,116.23;39.86,116.25;
#167:
>0:39.42,116.32;39.65,116.48;39.86,116.49;40.22,116.71;
#168:
>0:40.21,116.19;40.12,116.32;39.92,116.4;39.98,116.33;
#169:
>0:39.84,116.36;39.92,116.29;39.8,116.31;
#170:
>0:39.88,116.43;39.99,116.31;
#171:
>0:39.94,116.71;39.99,116.59;40.03,116.56;39.83,116.44;
#172:
>0:39.84,116.34;39.8,116.28;39.87,116.25;
#173:
>0:39.58,116.36;39.51,116.51;39.73,116.33;40.21,116.32;
#174:
>0:40.0,116.25;39.99,116.35;39.84,116.26;39.98,116.37;39.85,116.53;39.88,116.38;40.15,116.43;40.06,116.49;40.03,116.41;39.86,116.21;39.91,116.26;
#175:
>0:39.91,116.82;39.87,116.71;
#176:
>0:39.92,116.45;39.87,116.29;39.88,116.26;
#177:
>0:39.92,116.42;39.97,116.3;39.87,116.25;
#178:
>0:40.19,116.32;40.14,116.16;
#179:
>0:39.85,116.26;39.98,116.34;40.2,116.47;40.17,116.66;39.99,116.61;39.86,116.81;39.99,116.74;
#180:
>0:39.98,116.31;39.84,116.41;39.92,116.29;39.87,116.4;39.98,116.29;39.85,116.26;
#181:
>0:39.06,116.24;39.33,116.43;39.13,116.39;39.3,116.65;
#182:
>0:39.83,116.29;39.98,116.38;39.96,116.24;40.0,116.34;39.84,116.2;39.86,116.42;40.0,116.38;
#183:
>0:39.88,116.41;39.81,116.29;
#184:
>0:39.81,116.43;39.81,116.2;
#185:
>0:39.91,116.42;39.83,116.34;
#186:
>0:39.16,116.31;39.36,116.41;
#187:
>0:39.93,116.83;39.82,116.78;
#188:
>0:39.85,116.34;39.94,116.32;39.93,116.3;
#189:
>0:39.86,116.3;39.83,116.4;39.84,116.26;39.93,116.35;39.87,116.27;40.08,116.26;40.02,116.34;40.16,116.5;39.84,116.57;39.95,116.58;39.82,116.83;
#190:
>0:39.95,116.42;39.84,116.25;39.87,116.25;
#191:
>0:39.98,116.39;40.02,116.45;39.88,116.32;
#192:
>0:39.13,116.76;39.12,116.74;
#193:
>0:39.95,116.32;40.01,116.31;39.86,116.27;
#194:
>0:39.99,116.26;39.86,116.37;39.97,116.21;39.89,116.4;39.87,116.29;39.88,116.37;39.81,116.24;39.85,116.38;39.99,116.27;39.91,116.37;39.95,116.32;40.0,116.39;39.81,116.29;39.86,116.34;39.89,116.24;39.82,116.37;39.81,116.21;39.85,116.38;39.96,116.27;39.96,116.31;
#195:
>0:39.85,116.38;39.97,116.26;
#196:
>0:39.89,116.4;39.9,116.32;
#197:
>0:39.87,116.3;39.98,116.35;39.95,116.26;39.88,116.33;40.03,116.27;39.87,116.21;40.0,116.41;39.88,116.23;39.99,116.41;39.81,116.22;39.86,116.43;39.89,116.26;39.82,116.43;39.88,116.32;39.91,116.45;39.88,116.23;40.0,116.34;40.0,116.22;40.0,116.39;39.91,116.29;40.01,116.25;
#198:
>0:39.1,116.42;39.2,116.57;39.54,116.56;
#199:
>0:39.88,116.39;39.85,116.32;39.85,116.21;
#200:
>0:39.99,116.32;40.01,116.35;39.9,116.38;
#201:
>0:38.97,116.33;39.11,116.29;
#202:
>0:39.89,116.37;39.96,116.24;39.81,116.31;
#203:
>0:39.84,116.72;39.99,116.6;39.87,116.56;40.01,116.41;40.01,116.41;
#204:
>0:39.77,116.73;39.62,116.69;40.1,116.66;
#205:
>0:39.08,116.16;39.14,116.12;
#206:
>0:40.19,116.5;39.92,116.49;39.63,116.39;39.54,116.26;39.22,116.4;
#207:
>0:39.88,116.45;39.87,116.22;39.96,116.21;
#208:
>0:39.85,116.27;40.14,116.21;39.97,116.45;39.93,116.44;
#209:
>0:39.05,116.08;39.29,116.17;39.45,116.16;
#210:
>0:40.16,116.12;40.16,116.3;39.93,116.4;
#211:
>0:39.92,116.32;39.72,116.24;39.89,116.1;39.69,116.08;39.73,116.23;39.84,116.44;
#212:
>0:39.84,116.41;40.0,116.29;39.83,116.21;
#213:
>0:39.88,116.26;39.91,116.44;39.83,116.3;39.87,116.42;39.88,116.29;39.98,116.39;39.94,116.36;
#214:
>0:39.97,116.76;39.97,116.58;39.82,116.46;39.75,116.51;39.56,116.22;
#215:
>0:39.46,116.4;39.43,116.49;39.64,116.35;40.04,116.35;
#216:
>0:40.01,116.3;39.94,116.41;39.84,116.24;39.93,116.41;39.96,116.42;
#217:
>0:39.71,116.31;39.99,116.22;39.85,116.43;39.65,116.54;39.28,116.72;
#218:
>0:39.86,116.41;39.95,116.24;40.0,116.3;
#219:
>0:39.96,116.3;39.91,116.33;39.9,116.24;39.98,116.37;40.17,116.35;40.04,116.23;39.81,116.21;39.89,116.33;39.95,116.31;39.84,116.28;
#220:
>0:39.93,116.31;39.82,116.41;39.86,116.29;39.84,116.28;
#221:
>0:39.86,116.45;39.91,116.28;
#222:
>0:39.37,116.78;39.24,116.7;
#223:
>0:39.99,116.27;40.01,116.32;40.0,116.32;39.99,116.43;39.86,116.23;39.9,116.43;40.12,116.49;40.13,116.68;40.03,116.79;39.99,116.74;39.84,116.77;
#224:
>0:39.81,116.29;39.99,116.41;39.92,116.24;40.14,116.39;40.07,116.24;39.83,116.37;
#225:
>0:39.48,116.36;39.44,116.49;39.38,116.54;39.76,116.83;
#226:
>0:39.81,116.71;39.99,116.72;
#227:
>0:39.8,116.78;39.83,116.75;
#228:
>0:39.83,116.33;39.82,116.38;
#229:
>0:39.85,116.28;40.0,116.34;39.95,116.28;39.96,116.28;
#230:
>0:40.0,116.24;40.14,116.42;39.98,116.41;39.86,116.23;39.81,116.35;39.93,116.33;
#231:
>0:39.88,116.25;39.82,116.35;40.04,116.35;40.06,116.52;39.99,116.34;39.96,116.54;39.95,116.42;39.92,116.25;39.99,116.41;39.85,116.32;39.98,116.4;39.98,116.23;39.83,116.28;
#232:
>0:40.01,116.28;39.96,116.38;39.92,116.22;40.01,116.36;40.12,116.5;40.17,116.68;39.82,116.77;
#233:
>0:39.98,116.35;40.0,116.27;
#234:
>0:39.98,116.22;39.94,116.41;39.96,116.49;39.73,116.46;39.92,116.6;40.06,116.79;39.95,116.81;40.01,116.6;40.2,116.63;40.01,116.74;
#235:
>0:39.16,116.76;39.15,116.68;39.22,116.57;39.15,116.48;39.2,116.26;
#236:
>0:38.98,116.82;39.29,116.77;39.46,116.76;
#237:
>0:39.94,116.43;39.99,116.3;39.85,116.34;39.87,116.22;39.96,116.37;39.94,116.31;39.97,116.43;39.82,116.28;40.1,116.34;40.14,116.28;39.82,116.41;
#238:
>0:40.13,116.22;40.11,116.17;
#239:
>0:39.8,116.7;39.39,116.52;39.52,116.33;
#240:
>0:39.85,116.2;40.01,116.32;39.93,116.28;39.96,116.39;39.96,116.27;39.96,116.33;39.9,116.34;
#241:
>0:39.13,116.07;39.1,116.11;
#242:
>0:39.89,116.38;39.94,116.28;
#243:
>0:39.46,116.43;39.7,116.32;
#244:
>0:39.94,116.22;40.0,116.35;39.97,116.47;
#245:
>0:39.92,116.27;40.06,116.41;40.07,116.22;39.86,116.28;39.91,116.31;
#246:
>0:39.81,116.71;39.81,116.67;39.94,116.56;39.89,116.38;
#247:
>0:40.07,116.53;40.01,116.5;39.81,116.66;39.72,116.61;39.35,116.35;
#248:
>0:39.86,116.2;39.87,116.33;40.13,116.44;39.94,116.31;40.0,116.37;39.87,116.42;
#249:
>0:40.01,116.29;39.93,116.35;39.83,116.33;
#250:
>0:39.32,116.67;39.17,116.72;
#251:
>0:39.92,116.33;39.99,116.28;
#252:
>0:40.1,116.57;40.11,116.68;39.8,116.6;39.66,116.68;39.28,116.33;
#253:
>0:39.25,116.12;39.2,116.23;39.01,116.37;39.23,116.54;39.56,116.63;39.26,116.78;
#254:
>0:39.03,116.57;38.97,116.4;39.2,116.56;39.41,116.58;39.87,116.48;
#255:
>0:39.89,116.76;39.72,116.66;39.61,116.52;39.82,116.41;
#256:
>0:40.16,116.55;40.2,116.61;39.82,116.69;39.97,116.82;39.9,116.82;
#257:
>0:39.99,116.45;39.93,116.23;39.93,116.31;
#258:
>0:39.94,116.31;39.91,116.39;39.99,116.24;39.85,116.28;
#259:
>0:39.9,116.36;39.81,116.2;39.88,116.21;
#260:
>0:39.72,116.12;39.67,116.27;40.22,116.21;
#261:
>0:39.89,116.28;39.82,116.32;39.95,116.41;
#262:
>0:39.73,116.3;39.9,116.3;39.89,116.5;
#263:
>0:39.9,116.41;39.89,116.23;39.93,116.24;
#264:
>0:39.96,116.3;39.91,116.35;39.81,116.31;39.93,116.38;
#265:
>0:39.99,116.2;39.91,116.39;39.91,116.22;39.97,116.4;40.01,116.39;
#266:
>0:39.81,116.3;39.85,116.42;40.01,116.29;40.0,116.28;
#267:
>0:39.42,116.44;39.7,116.26;
#268:
>0:39.83,116.36;39.91,116.21;
#269:
>0:39.5,116.33;39.62,116.48;39.78,116.68;
#270:
>0:40.06,116.3;39.86,116.44;39.87,116.22;39.54,116.15;
#271:
>0:39.56,116.21;39.5,116.33;39.09,116.44;
#272:
>0:40.01,116.43;40.0,116.25;
#273:
>0:39.74,116.61;39.89,116.56;
#274:
>0:39.86,116.3;40.0,116.44;39.81,116.34;
#275:
>0:39.82,116.31;39.93,116.4;39.82,116.2;39.82,116.39;39.81,116.31;39.86,116.32;
#276:
>0:40.01,116.22;39.92,116.38;39.96,116.26;39.85,116.44;39.9,116.23;39.9,116.33;40.1,116.52;39.83,116.37;
#277:
>0:39.87,116.67;40.0,116.56;39.65,116.54;39.69,116.38;39.7,116.09;
#278:
>0:39.83,116.24;39.88,116.42;39.83,116.26;39.87,116.39;39.92,116.3;39.82,116.44;39.99,116.31;39.87,116.45;39.82,116.21;39.92,116.33;39.94,116.42;
#279:
>0:39.86,116.27;39.88,116.33;39.82,116.28;39.83,116.38;39.89,116.21;39.81,116.44;39.95,116.3;39.88,116.38;40.01,116.3;40.01,116.39;39.97,116.25;39.99,116.35;39.94,116.33;
#280:
>0:39.1,116.18;39.22,116.2;39.41,116.42;39.68,116.47;39.89,116.5;40.17,116.72;
#281:
>0:39.97,116.44;39.87,116.29;
#282:
>0:39.92,116.41;39.98,116.29;
#283:
>0:40.14,116.26;39.92,116.36;39.76,116.34;39.39,116.43;39.31,116.64;
#284:
>0:39.87,116.37;39.92,116.2;
#285:
>0:40.22,116.61;39.99,116.7;39.66,116.45;39.52,116.64;39.31,116.77;
#286:
>0:39.95,116.37;39.82,116.3;
#287:
>0:39.81,116.34;39.9,116.25;39.97,116.37;39.92,116.38;
#288:
>0:39.91,116.27;40.12,116.42;39.89,116.38;39.96,116.21;39.99,116.31;
#289:
>0:39.02,116.32;39.18,116.41;39.01,116.35;39.27,116.59;
#290:
>0:39.94,116.4;39.88,116.22;
#291:
>0:39.36,116.14;39.55,116.28;
#292:
>0:40.15,116.82;39.93,116.83;40.01,116.67;39.7,116.65;39.52,116.5;39.1,116.32;
#293:
>0:39.88,116.27;39.89,116.23;
#294:
>0:39.18,116.68;39.56,116.55;
#295:
>0:39.92,116.33;39.92,116.28;39.88,116.24;
#296:
>0:39.2,116.5;39.55,116.68;
#297:
>0:39.84,116.36;40.05,116.3;39.86,116.21;39.98,116.25;
#298:
>0:39.29,116.69;39.55,116.46;
#299:
>0:39.94,116.44;40.01,116.27;39.98,116.22;
#300:
>0:40.01,116.32;40.01,116.44;39.84,116.22;39.94,116.33;39.88,116.21;39.81,116.43;39.83,116.32;39.86,116.37;39.97,116.2;39.98,116.41;39.89,116.26;39.96,116.39;39.97,116.32;39.88,116.33;39.87,116.22;39.96,116.33;39.81,116.48;39.63,116.4;39.84,116.36;39.84,116.26;39.92,116.41;39.92,116.26;39.85,116.38;40.0,116.25;39.99,116.37;39.82,116.23;39.97,116.36;39.94,116.55;40.0,116.63;39.96,116.76;39.91,116.6;39.81,116.51;39.83,116.33;39.92,116.23;39.99,116.31;
#301:
>0:39.81,116.31;40.05,116.43;39.88,116.36;39.88,116.3;39.94,116.29;
#302:
>0:39.93,116.2;40.0,116.41;39.86,116.28;
#303:
>0:39.35,116.37;39.53,116.51;39.66,116.68;
#304:
>0:39.88,116.76;39.91,116.6;40.16,116.52;39.95,116.42;
#305:
>0:39.81,116.23;39.93,116.34;39.83,116.29;39.84,116.32;39.95,116.44;
#306:
>0:39.89,116.2;39.95,116.38;40.01,116.25;39.81,116.33;39.99,116.26;39.98,116.37;
#307:
>0:40.01,116.2;39.81,116.35;39.82,116.22;39.99,116.38;39.82,116.21;39.97,116.42;39.93,116.22;40.01,116.44;39.99,116.27;39.92,116.27;
#308:
>0:40.1,116.32;39.81,116.35;39.7,116.51;39.43,116.42;39.45,116.46;39.03,116.51;
#309:
>0:39.93,116.25;40.05,116.37;39.94,116.21;
#310:
>0:39.11,116.07;39.17,116.27;
#311:
>0:39.67,116.79;39.49,116.67;39.71,116.56;
#312:
>0:39.91,116.3;39.81,116.37;39.97,116.51;
#313:
>0:39.85,116.2;40.13,116.21;39.86,116.24;
#314:
>0:39.92,116.43;39.86,116.28;
#315:
>0:39.95,116.25;40.2,116.09;39.87,116.24;
#316:
>0:39.83,116.74;39.87,116.71;
#317:
>0:39.88,116.71;39.88,116.66;39.95,116.53;39.9,116.43;39.9,116.32;39.45,116.11;
#318:
>0:39.99,116.25;39.81,116.44;39.93,116.28;39.9,116.38;40.0,116.23;39.82,116.32;39.88,116.42;
#319:
>0:39.85,116.46;39.85,116.68;39.69,116.46;39.23,116.76;
#320:
>0:39.88,116.22;39.89,116.37;39.83,116.28;39.88,116.39;39.92,116.25;40.01,116.36;39.9,116.22;39.82,116.43;39.85,116.25;39.82,116.4;40.02,116.3;40.1,116.35;39.86,116.32;
#321:
>0:39.35,116.7;39.04,116.57;
#322:
>0:39.9,116.83;39.81,116.65;39.79,116.46;39.95,116.35;
#323:
>0:39.98,116.28;40.01,116.12;40.12,116.21;40.01,116.29;39.98,116.25;
#324:
>0:39.95,116.29;39.92,116.36;39.94,116.31;39.9,116.41;39.89,116.27;40.2,116.34;40.21,116.25;39.9,116.24;39.81,116.34;39.87,116.26;39.96,116.27;
#325:
>0:39.91,116.35;39.83,116.44;
#326:
>0:39.96,116.22;40.01,116.43;40.01,116.49;40.1,116.61;39.85,116.72;
#327:
>0:39.9,116.45;39.92,116.23;39.93,116.23;
#328:
>0:39.9,116.76;39.85,116.68;39.81,116.48;39.81,116.38;39.88,116.2;39.67,116.13;
#329:
>0:39.04,116.8;39.03,116.66;39.24,116.54;39.45,116.42;39.47,116.27;39.41,116.18;
#330:
>0:39.15,116.46;39.15,116.43;39.17,116.32;39.7,116.1;
#331:
>0:39.58,116.41;39.62,116.23;
#332:
>0:39.33,116.15;39.3,116.31;39.18,116.42;39.02,116.44;39.33,116.5;39.35,116.77;
#333:
>0:39.95,116.26;39.95,116.37;39.85,116.23;39.95,116.37;39.96,116.2;39.93,116.36;39.98,116.23;39.92,116.41;39.98,116.27;39.82,116.43;40.01,116.28;39.86,116.36;40.0,116.22;39.83,116.35;40.01,116.28;39.82,116.36;39.91,116.2;39.98,116.4;39.82,116.3;40.01,116.45;39.89,116.21;39.84,116.4;39.86,116.29;39.99,116.37;39.9,116.24;40.0,116.28;
#334:
>0:39.93,116.39;39.88,116.3;
#335:
>0:39.97,116.8;39.82,116.63;39.91,116.53;39.88,116.33;39.86,116.34;
#336:
>0:39.8,116.32;39.87,116.31;39.96,116.25;
#337:
>0:39.93,116.32;39.98,116.2;39.82,116.43;39.85,116.34;
#338:
>0:39.99,116.33;39.89,116.27;39.91,116.26;
#339:
>0:39.84,116.3;39.88,116.41;39.93,116.22;
#340:
>0:39.52,116.76;39.24,116.6;38.99,116.62;39.37,116.46;39.12,116.27;
#341:
>0:40.0,116.75;39.64,116.69;39.4,116.48;39.37,116.49;39.03,116.64;
#342:
>0:39.92,116.33;40.0,116.5;40.2,116.49;40.03,116.59;39.9,116.72;
#343:
>0:39.92,116.42;40.01,116.21;39.81,116.2;
#344:
>0:39.98,116.39;39.88,116.2;
#345:
>0:39.5,116.79;39.22,116.64;39.03,116.66;39.41,116.44;
#346:
>0:39.84,116.41;39.83,116.29;
#347:
>0:39.83,116.4;40.0,116.23;39.95,116.28;
#348:
>0:39.18,116.8;39.31,116.68;39.52,116.61;39.68,116.69;40.09,116.79;
#349:
>0:39.91,116.31;39.96,116.41;39.99,116.22;39.91,116.34;39.95,116.21;39.92,116.37;39.86,116.36;
#350:
>0:39.93,116.26;39.84,116.4;40.09,116.44;40.2,116.27;40.0,116.22;40.18,116.45;39.86,116.33;39.83,116.28;39.93,116.37;39.86,116.5;40.0,116.74;
#351:
>0:39.86,116.19;39.96,116.18;
#352:
>0:39.48,116.43;39.54,116.35;
#353:
>0:39.99,116.74;39.84,116.68;40.07,116.47;39.98,116.41;
#354:
>0:39.99,116.21;39.96,116.41;39.94,116.2;39.85,116.39;39.99,116.38;
#355:
>0:39.24,116.34;39.5,116.53;39.77,116.65;
#356:
>0:39.93,116.32;39.91,116.38;39.92,116.45;
#357:
>0:39.86,116.36;39.94,116.24;39.95,116.26;
#358:
>0:39.68,116.63;39.56,116.52;
#359:
>0:39.31,116.16;39.24,116.2;38.99,116.36;
#360:
>0:39.84,116.35;39.99,116.21;
#361:
>0:39.93,116.78;39.81,116.74;
#362:
>0:40.0,116.25;39.97,116.37;39.92,116.55;
#363:
>0:39.58,116.22;39.51,116.34;39.54,116.55;
#364:
>0:40.21,116.22;39.85,116.32;39.63,116.46;
#365:
>0:39.82,116.76;39.91,116.82;
#366:
>0:39.35,116.38;39.14,116.41;39.38,116.12;
#367:
>0:39.25,116.21;39.31,116.45;39.57,116.22;39.69,116.3;40.1,116.31;
#368:
>0:39.88,116.25;39.98,116.37;39.99,116.21;39.92,116.34;39.83,116.2;40.0,116.4;39.86,116.42;
#369:
>0:39.94,116.65;39.86,116.65;
#370:
>0:39.93,116.21;39.88,116.34;39.93,116.34;
#371:
>0:39.7,116.5;39.49,116.41;39.22,116.46;
#372:
>0:40.13,116.21;39.86,116.36;39.73,116.52;39.53,116.59;39.35,116.77;39.06,116.76;
#373:
>0:39.99,116.23;39.85,116.36;39.9,116.31;39.99,116.44;39.92,116.57;39.96,116.67;39.8,116.77;39.96,116.67;39.96,116.76;39.9,116.77;
#374:
>0:39.8,116.31;39.91,116.36;39.92,116.44;
#375:
>0:39.46,116.47;39.69,116.35;39.55,116.28;39.53,116.17;
#376:
>0:39.92,116.42;39.99,116.29;
#377:
>0:39.91,116.32;39.92,116.36;39.88,116.3;40.2,116.16;40.12,116.21;40.06,116.08;40.22,116.22;40.0,116.31;39.97,116.33;39.99,116.41;
#378:
>0:39.85,116.4;39.99,116.22;
#379:
>0:39.98,116.42;39.84,116.31;40.1,116.11;39.81,116.26;
#380:
>0:39.52,116.57;39.23,116.43;39.03,116.39;
#381:
>0:39.83,116.43;40.0,116.26;39.89,116.29;
#382:
>0:40.01,116.38;39.84,116.25;
#383:
>0:40.01,116.53;39.64,116.58;40.0,116.78;
#384:
>0:39.96,116.38;39.94,116.25;
#385:
>0:39.55,116.33;39.48,116.44;
#386:
>0:40.12,116.6;39.93,116.69;39.69,116.55;39.79,116.45;39.46,116.15;
#387:
>0:38.97,116.13;39.15,116.21;
#388:
>0:39.91,116.24;40.22,116.19;40.02,116.25;40.02,116.44;39.99,116.44;39.96,116.24;39.97,116.42;39.95,116.22;39.96,116.37;39.98,116.45;
#389:
>0:39.87,116.43;39.82,116.3;
#390:
>0:39.16,116.24;39.35,116.39;
#391:
>0:39.01,116.36;39.34,116.47;39.56,116.61;39.72,116.58;
#392:
>0:39.5,116.6;39.77,116.66;39.49,116.49;39.66,116.29;
#393:
>0:39.95,116.27;39.86,116.38;40.07,116.26;39.97,116.42;
#394:
>0:40.01,116.31;39.94,116.42;39.82,116.23;40.01,116.36;
#395:
>0:39.92,116.27;39.8,116.41;39.77,116.37;39.85,116.23;39.89,116.35;39.97,116.35;
#396:
>0:39.32,116.44;39.48,116.23;
#397:
>0:39.84,116.12;39.91,116.12;
#398:
>0:39.92,116.38;40.15,116.4;39.87,116.33;
#399:
>0:39.86,116.24;39.97,116.43;39.97,116.3;39.9,116.4;39.91,116.29;39.86,116.41;39.87,116.24;40.0,116.35;39.96,116.28;39.84,116.41;39.95,116.22;39.93,116.41;39.87,116.2;40.04,116.22;39.87,116.22;40.21,116.23;39.98,116.36;40.01,116.22;39.81,116.44;39.91,116.26;40.0,116.22;
#400:
>0:40.0,116.31;40.0,116.44;39.94,116.25;39.89,116.36;39.93,116.24;39.94,116.42;40.0,116.24;39.85,116.44;39.84,116.37;
#401:
>0:39.96,116.76;39.89,116.79;
#402:
>0:39.86,116.45;39.98,116.22;40.01,116.23;
#403:
>0:39.38,116.34;39.48,116.48;39.72,116.66;
#404:
>0:40.19,116.21;39.83,116.27;
#405:
>0:39.65,116.53;39.73,116.39;39.65,116.3;39.78,116.17;
#406:
>0:39.84,116.35;39.97,116.28;39.82,116.35;
#407:
>0:39.42,116.56;39.29,116.36;39.03,116.38;
#408:
>0:39.93,116.76;39.86,116.65;39.8,116.48;39.86,116.4;
#409:
>0:39.88,116.28;39.97,116.43;39.82,116.22;40.12,116.39;40.09,116.27;39.86,116.2;39.89,116.42;39.91,116.21;39.89,116.24;
#410:
>0:38.97,116.83;39.1,116.59;39.32,116.49;39.45,116.34;39.51,116.31;39.48,116.14;
#411:
>0:39.75,116.81;39.55,116.6;39.72,116.53;
#412:
>0:39.94,116.27;40.0,116.41;39.7,116.57;39.39,116.66;39.24,116.79;
#413:
>0:39.91,116.26;40.0,116.37;39.97,116.32;39.83,116.34;39.8,116.25;39.96,116.32;
#414:
>0:39.45,116.29;39.49,116.36;39.5,116.56;39.35,116.54;39.22,116.71;
#415:
>0:39.9,116.32;40.22,116.37;40.16,116.46;39.82,116.55;39.81,116.22;
#416:
>0:39.96,116.28;39.92,116.45;39.82,116.28;40.08,116.29;39.96,116.35;39.83,116.42;
#417:
>0:39.9,116.31;39.67,116.26;39.96,116.17;39.77,116.15;39.86,116.22;39.85,116.32;39.85,116.29;39.82,116.36;39.9,116.27;39.83,116.42;40.0,116.31;40.01,116.36;39.82,116.25;40.0,116.39;39.96,116.32;39.93,116.45;40.11,116.28;40.09,116.38;40.12,116.55;40.11,116.61;40.17,116.72;39.81,116.81;39.95,116.61;39.8,116.48;39.99,116.43;39.84,116.26;39.83,116.31;
#418:
>0:39.75,116.47;39.45,116.37;39.57,116.52;39.16,116.21;
#419:
>0:40.01,116.32;39.92,116.37;39.84,116.41;
#420:
>0:40.0,116.75;39.7,116.62;39.53,116.54;39.29,116.39;39.13,116.2;
#421:
>0:39.61,116.51;39.59,116.38;39.3,116.22;39.08,116.29;
#422:
>0:38.97,116.48;39.03,116.59;
#423:
>0:39.94,116.28;39.86,116.4;39.92,116.31;39.97,116.39;39.98,116.44;
#424:
>0:39.75,116.76;39.65,116.59;39.65,116.53;39.95,116.49;39.87,116.26;
#425:
>0:38.98,116.83;39.08,116.68;39.27,116.55;39.73,116.69;
#426:
>0:39.16,116.22;39.26,116.17;39.47,116.25;
#427:
>0:39.85,116.44;39.94,116.31;40.09,116.23;40.08,116.31;
#428:
>0:39.83,116.3;39.96,116.34;39.99,116.29;40.09,116.2;40.21,116.15;39.88,116.33;
#429:
>0:39.99,116.45;39.82,116.24;
#430:
>0:39.35,116.63;39.11,116.65;39.31,116.41;
#431:
>0:39.95,116.72;39.82,116.58;39.97,116.53;39.65,116.34;39.49,116.31;39.48,116.12;
#432:
>0:39.75,116.74;39.63,116.62;39.99,116.52;
#433:
>0:39.49,116.33;39.8,116.52;39.7,116.67;
#434:
>0:40.22,116.32;39.82,116.34;39.66,116.56;39.56,116.35;39.48,116.53;38.96,116.49;
#435:
>0:39.92,116.28;40.08,116.43;40.12,116.28;39.94,116.35;
#436:
>0:40.0,116.25;39.85,116.34;39.93,116.31;40.11,116.22;39.93,116.35;
#437:
>0:40.01,116.83;39.92,116.6;39.66,116.56;39.65,116.42;39.89,116.22;
#438:
>0:39.99,116.35;39.86,116.2;39.87,116.31;
#439:
>0:39.93,116.76;39.84,116.59;39.89,116.49;39.81,116.33;39.87,116.26;39.83,116.33;39.94,116.35;
#440:
>0:39.93,116.4;39.85,116.29;39.88,116.31;
#441:
>0:38.97,116.71;39.14,116.68;39.28,116.53;39.11,116.5;39.24,116.29;
#442:
>0:39.49,116.35;39.66,116.54;39.9,116.5;40.16,116.79;
#443:
>0:39.81,116.31;40.04,116.17;40.15,116.23;39.81,116.44;
#444:
>0:39.95,116.77;39.89,116.68;39.89,116.56;39.85,116.38;39.94,116.22;39.94,116.38;39.81,116.43;
#445:
>0:39.84,116.41;39.81,116.23;40.08,116.34;39.86,116.3;
#446:
>0:39.87,116.28;40.03,116.29;39.91,116.39;39.95,116.35;
#447:
>0:39.98,116.29;40.0,116.41;39.98,116.31;39.98,116.33;39.94,116.24;39.87,116.35;39.88,116.41;
#448:
>0:39.93,116.35;39.98,116.2;
#449:
>0:39.71,116.52;39.76,116.55;
#450:
>0:39.48,116.61;39.24,116.48;39.09,116.35;
#451:
>0:39.95,116.3;39.96,116.37;39.85,116.22;39.93,116.34;39.8,116.24;39.87,116.25;
#452:
>0:39.84,116.4;39.82,116.23;40.16,116.32;39.81,116.24;39.84,116.34;40.1,116.56;40.03,116.7;39.96,116.77;
#453:
>0:39.4,116.4;39.41,116.52;39.33,116.55;39.53,116.73;
#454:
>0:39.19,116.68;39.52,116.53;39.21,116.41;39.21,116.29;39.68,116.11;
#455:
>0:39.87,116.72;39.92,116.66;39.91,116.53;39.86,116.36;39.95,116.36;
#456:
>0:39.34,116.56;39.49,116.7;39.75,116.67;39.61,116.55;40.21,116.65;
#457:
>0:39.53,116.51;39.34,116.62;38.96,116.53;
#458:
>0:39.81,116.39;40.07,116.48;39.96,116.5;39.98,116.3;
#459:
>0:39.97,116.36;39.85,116.22;39.94,116.33;39.98,116.21;39.96,116.41;40.16,116.38;39.93,116.23;40.01,116.33;39.83,116.45;
#460:
>0:40.0,116.4;39.85,116.26;
#461:
>0:39.48,116.15;39.29,116.29;39.42,116.39;
#462:
>0:39.53,116.17;39.77,116.28;39.96,116.18;
#463:
>0:39.98,116.74;39.92,116.77;
#464:
>0:39.76,116.13;39.61,116.21;39.98,116.34;
#465:
>0:39.94,116.77;39.65,116.62;39.94,116.61;39.85,116.4;
#466:
>0:39.34,116.44;39.23,116.31;39.68,116.14;
#467:
>0:40.01,116.31;39.9,116.41;39.95,116.29;39.9,116.26;
#468:
>0:39.91,116.76;39.71,116.68;39.75,116.51;39.82,116.57;39.95,116.41;39.81,116.36;
#469:
>0:39.78,116.1;39.99,116.32;39.68,116.4;
#470:
>0:39.07,116.59;39.24,116.45;39.57,116.65;39.63,116.68;
#471:
>0:39.03,116.25;39.21,116.33;39.03,116.33;39.28,116.45;39.39,116.71;
#472:
>0:40.07,116.16;39.9,116.32;39.67,116.31;39.5,116.09;39.34,116.33;
#473:
>0:39.94,116.41;39.91,116.41;
#474:
>0:39.97,116.25;40.16,116.31;40.1,116.16;40.06,116.24;40.09,116.19;40.01,116.34;
#475:
>0:39.8,116.39;39.84,116.25;39.96,116.34;39.84,116.24;39.85,116.39;39.88,116.26;39.8,116.4;39.85,116.45;
#476:
>0:39.9,116.39;39.86,116.3;40.17,116.31;
#477:
>0:40.18,116.21;39.98,116.39;39.95,116.28;39.42,116.09;
#478:
>0:39.9,116.42;39.84,116.2;39.93,116.21;
#479:
>0:39.88,116.43;39.8,116.22;39.81,116.28;
#480:
>0:39.88,116.31;40.03,116.34;39.81,116.45;39.84,116.31;40.0,116.33;39.91,116.43;
#481:
>0:39.05,116.26;39.36,116.33;39.44,116.25;39.79,116.32;40.0,116.27;40.19,116.53;
#482:
>0:39.86,116.4;39.93,116.21;
#483:
>0:39.9,116.31;40.19,116.19;40.1,116.29;39.85,116.33;
#484:
>0:40.03,116.65;40.0,116.63;39.99,116.52;40.01,116.35;40.09,116.15;
#485:
>0:40.07,116.33;40.21,116.21;
#486:
>0:39.64,116.08;39.68,116.23;
#487:
>0:40.18,116.76;39.82,116.81;39.75,116.53;
#488:
>0:39.17,116.66;39.49,116.45;39.64,116.33;39.89,116.21;
#489:
>0:39.99,116.3;39.81,116.37;39.89,116.28;39.93,116.44;39.99,116.22;39.96,116.39;39.91,116.31;40.0,116.42;39.88,116.24;39.81,116.26;
#490:
>0:39.95,116.22;39.93,116.4;
#491:
>0:39.12,116.13;39.03,116.17;
#492:
>0:39.89,116.43;40.16,116.39;40.09,116.57;39.95,116.26;
#493:
>0:39.99,116.48;39.89,116.65;39.89,116.73;
#494:
>0:39.94,116.42;40.14,116.46;40.12,116.62;40.0,116.61;39.98,116.48;39.94,116.34;40.0,116.38;
#495:
>0:39.63,116.8;39.67,116.64;39.96,116.61;39.88,116.46;39.81,116.3;
#496:
>0:39.31,116.55;39.59,116.61;39.68,116.67;39.94,116.75;40.07,116.6;
#497:
>0:39.19,116.54;39.17,116.4;39.1,116.2;39.11,116.16;
#498:
>0:39.57,116.36;39.45,116.46;39.33,116.53;39.58,116.83;
#499:
>0:40.0,116.29;39.88,116.34;39.97,116.23;39.99,116.34;39.94,116.44;
#500:
>0:39.37,116.6;39.0,116.59;38.98,116.46;39.02,116.33;39.28,116.16;
#501:
>0:39.89,116.22;40.2,116.25;40.04,116.37;39.85,116.41;40.06,116.26;39.83,116.23;40.0,116.27;
#502:
>0:39.95,116.35;40.08,116.5;40.16,116.32;
#503:
>0:39.86,116.31;39.94,116.41;39.96,116.3;39.83,116.4;39.83,116.23;39.96,116.38;39.86,116.2;39.97,116.41;40.03,116.41;39.95,116.25;39.93,116.41;39.83,116.27;39.99,116.24;
#504:
>0:39.85,116.77;40.0,116.61;39.84,116.48;39.96,116.44;39.99,116.44;
#505:
>0:39.88,116.34;39.97,116.23;39.98,116.3;
#506:
>0:40.01,116.25;39.85,116.33;39.9,116.26;39.86,116.43;39.97,116.25;40.01,116.38;39.81,116.47;39.97,116.63;40.17,116.8;39.92,116.82;39.9,116.73;
#507:
>0:39.89,116.21;40.01,116.23;
#508:
>0:39.21,116.19;39.32,116.28;39.47,116.25;39.93,116.18;
#509:
>0:40.16,116.24;39.96,116.42;39.8,116.53;39.53,116.63;39.37,116.79;38.98,116.73;
#510:
>0:39.2,116.4;39.19,116.31;39.69,116.16;
#511:
>0:39.97,116.41;39.92,116.28;40.2,116.26;39.84,116.4;39.93,116.24;40.01,116.35;39.85,116.38;
#512:
>0:39.08,116.29;39.24,116.41;39.39,116.28;39.65,116.22;39.86,116.2;40.17,116.49;
#513:
>0:39.82,116.25;39.9,116.39;39.93,116.29;40.0,116.35;39.96,116.3;39.92,116.39;40.1,116.55;40.13,116.69;40.01,116.8;
#514:
>0:39.57,116.35;39.19,116.29;39.74,116.15;
#515:
>0:39.85,116.31;39.92,116.35;39.84,116.32;39.85,116.41;39.96,116.31;39.88,116.42;39.87,116.27;39.95,116.33;39.85,116.3;39.84,116.38;39.82,116.3;39.86,116.4;39.97,116.28;39.94,116.37;39.86,116.27;39.93,116.43;39.91,116.3;40.01,116.23;
#516:
>0:39.15,116.18;39.29,116.13;39.53,116.19;
#517:
>0:39.07,116.1;39.24,116.23;39.57,116.4;39.72,116.52;
#518:
>0:39.86,116.72;39.96,116.77;
#519:
>0:39.92,116.24;40.14,116.29;40.01,116.36;39.82,116.26;39.85,116.34;39.92,116.37;
#520:
>0:39.98,116.45;39.88,116.29;39.91,116.44;
#521:
>0:39.94,116.21;39.93,116.38;39.91,116.22;39.94,116.33;
#522:
>0:39.15,116.44;39.33,116.28;39.53,116.31;39.78,116.22;39.96,116.28;40.06,116.13;
#523:
>0:39.97,116.28;39.99,116.33;39.98,116.32;39.82,116.44;39.97,116.3;39.82,116.45;39.94,116.33;
#524:
>0:39.92,116.21;39.91,116.41;39.82,116.28;39.84,116.42;39.94,116.56;39.84,116.8;
#525:
>0:39.53,116.21;39.45,116.33;39.12,116.36;
#526:
>0:39.01,116.63;39.19,116.47;39.44,116.6;39.61,116.64;39.97,116.79;40.03,116.52;
#527:
>0:39.81,116.39;39.98,116.28;
#528:
>0:39.82,116.28;40.15,116.1;40.15,116.3;39.96,116.31;39.8,116.35;39.99,116.24;39.99,116.36;39.87,116.23;39.96,116.36;39.87,116.45;
#529:
>0:39.81,116.23;39.87,116.37;39.86,116.24;40.14,116.32;39.87,116.34;
#530:
>0:39.85,116.32;40.01,116.34;39.84,116.31;39.94,116.42;39.93,116.3;39.95,116.43;39.92,116.32;39.98,116.31;
#531:
>0:39.53,116.36;39.68,116.31;
#532:
>0:39.96,116.23;39.87,116.41;39.98,116.26;39.87,116.38;40.01,116.24;39.95,116.22;
#533:
>0:39.91,116.27;40.0,116.28;
#534:
>0:40.01,116.33;39.99,116.22;39.81,116.33;40.2,116.36;39.9,116.34;
#535:
>0:39.92,116.24;40.02,116.37;40.1,116.32;39.84,116.23;39.9,116.27;
#536:
>0:39.4,116.26;39.61,116.29;39.83,116.29;40.1,116.18;
#537:
>0:39.94,116.27;39.85,116.36;40.11,116.31;39.96,116.35;
#538:
>0:39.57,116.5;39.37,116.52;39.31,116.24;
#539:
>0:39.78,116.37;39.58,116.46;39.2,116.5;39.09,116.61;
#540:
>0:39.86,116.41;39.88,116.32;
#541:
>0:39.95,116.33;39.87,116.27;39.9,116.26;
#542:
>0:39.72,116.79;39.39,116.66;39.65,116.55;
#543:
>0:39.83,116.35;39.85,116.26;39.92,116.27;
#544:
>0:39.94,116.79;39.92,116.61;39.81,116.5;39.79,116.39;39.9,116.24;
#545:
>0:39.54,116.52;39.3,116.33;39.55,116.32;39.5,116.12;
#546:
>0:39.82,116.33;39.92,116.28;40.01,116.43;40.01,116.37;
#547:
>0:39.96,116.72;39.86,116.68;39.61,116.51;39.99,116.38;
#548:
>0:39.6,116.53;39.49,116.38;39.27,116.26;39.05,116.19;
#549:
>0:40.01,116.21;40.01,116.24;
#550:
>0:39.87,116.22;39.98,116.44;39.85,116.31;39.99,116.4;39.94,116.35;
#551:
>0:39.83,116.44;39.88,116.28;
#552:
>0:39.92,116.37;39.93,116.22;40.01,116.33;39.97,116.22;39.9,116.42;39.88,116.22;39.96,116.33;39.91,116.35;
#553:
>0:39.64,116.35;39.78,116.29;39.67,116.17;
#554:
>0:39.91,116.4;39.99,116.32;
#555:
>0:39.9,116.2;39.84,116.43;40.0,116.27;39.98,116.44;40.0,116.24;39.96,116.43;39.81,116.21;39.86,116.37;39.94,116.42;
#556:
>0:39.83,116.25;39.95,116.35;39.84,116.22;39.91,116.43;39.93,116.28;39.9,116.41;39.91,116.27;39.88,116.43;39.88,116.43;
#557:
>0:39.89,116.28;40.03,116.24;40.21,116.36;39.88,116.41;
#558:
>0:39.69,116.3;39.86,116.29;39.93,116.42;39.64,116.6;
#559:
>0:39.91,116.44;40.0,116.31;
#560:
>0:39.86,116.43;39.92,116.32;
#561:
>0:39.83,116.72;40.01,116.74;
#562:
>0:39.24,116.73;39.41,116.68;39.78,116.57;
#563:
>0:39.89,116.34;39.92,116.28;40.01,116.41;39.92,116.29;39.98,116.24;
#564:
>0:39.9,116.35;39.97,116.23;
#565:
>0:39.98,116.33;40.01,116.22;
#566:
>0:39.4,116.35;39.66,116.51;39.8,116.61;
#567:
>0:39.84,116.23;40.03,116.22;39.83,116.35;39.88,116.27;39.83,116.4;39.98,116.25;39.86,116.36;39.89,116.39;
#568:
>0:39.87,116.24;39.91,116.44;39.9,116.32;40.0,116.36;39.92,116.31;39.84,116.35;39.85,116.2;39.97,116.37;39.99,116.28;39.88,116.38;39.82,116.31;39.93,116.36;39.99,116.24;39.95,116.39;40.15,116.26;39.87,116.28;39.98,116.45;39.96,116.3;39.94,116.4;39.89,116.31;39.81,116.42;39.96,116.23;39.99,116.4;39.91,116.25;39.88,116.44;40.13,116.47;39.98,116.42;39.85,116.26;39.87,116.39;40.0,116.29;39.92,116.42;39.99,116.27;39.89,116.36;39.82,116.21;39.82,116.24;
#569:
>0:39.18,116.14;39.36,116.22;39.21,116.42;39.14,116.34;39.27,116.5;39.35,116.79;
#570:
>0:39.06,116.57;39.28,116.45;39.04,116.23;
#571:
>0:39.67,116.39;39.75,116.2;39.64,116.19;
#572:
>0:39.22,116.55;39.43,116.66;39.63,116.6;39.65,116.55;40.06,116.68;
#573:
>0:39.86,116.29;39.86,116.45;39.99,116.21;40.0,116.34;39.87,116.26;39.83,116.45;40.07,116.49;40.03,116.6;39.91,116.58;39.89,116.81;
#574:
>0:39.99,116.21;39.96,116.35;40.17,116.52;39.97,116.49;39.81,116.58;39.87,116.72;39.88,116.59;39.96,116.53;40.0,116.39;39.86,116.44;
#575:
>0:39.21,116.44;39.35,116.28;39.76,116.17;
#576:
>0:39.9,116.21;39.87,116.35;39.84,116.32;39.99,116.45;40.22,116.46;40.17,116.7;39.89,116.66;39.9,116.79;
#577:
>0:39.56,116.33;39.17,116.22;39.69,116.1;
#578:
>0:39.04,116.12;39.08,116.08;
#579:
>0:39.99,116.32;40.01,116.37;39.83,116.22;40.1,116.44;40.22,116.22;39.93,116.23;39.86,116.39;39.92,116.33;
#580:
>0:39.7,116.47;39.72,116.38;40.03,116.35;
#581:
>0:39.93,116.38;39.95,116.21;
#582:
>0:39.59,116.8;39.37,116.61;39.42,116.55;39.62,116.45;40.17,116.22;
#583:
>0:39.86,116.33;39.98,116.24;
#584:
>0:39.99,116.32;39.89,116.38;39.81,116.41;
#585:
>0:39.74,116.2;39.52,116.21;39.59,116.41;39.4,116.47;38.97,116.79;
#586:
>0:40.01,116.26;39.84,116.34;39.82,116.24;
#587:
>0:39.13,116.64;39.23,116.54;39.15,116.49;39.26,116.3;
#588:
>0:39.71,116.12;39.77,116.26;
#589:
>0:39.02,116.58;39.21,116.47;39.42,116.68;39.74,116.59;39.79,116.49;40.03,116.52;
#590:
>0:38.96,116.81;39.33,116.73;39.26,116.69;39.73,116.66;
#591:
>0:39.31,116.45;39.42,116.24;
