#0:
>0:40.01,116.28;39.84,116.4;39.75,116.44;39.48,116.3;39.62,116.18;39.91,116.21;39.89,116.2;
#1:
>0:39.94,116.32;39.83,116.21;
#2:
>0:39.84,116.2;39.91,116.43;39.83,116.23;39.98,116.37;
#3:
>0:39.94,116.23;39.97,116.3;
#4:
>0:39.9,116.39;40.0,116.24;
#5:
>0:39.85,116.28;39.89,116.41;39.84,116.26;39.93,116.32;40.01,116.33;
#6:
>0:39.9,116.35;39.99,116.28;
#7:
>0:39.84,116.34;39.98,116.27;
#8:
>0:39.94,116.26;40.17,116.42;39.86,116.32;39.94,116.21;
#9:
>0:39.86,116.27;39.85,116.41;39.91,116.57;39.99,116.36;39.89,116.41;
#10:
>0:39.75,116.27;39.47,116.3;39.46,116.38;39.39,116.68;
#11:
>0:39.63,116.81;39.4,116.66;39.18,116.55;39.22,116.38;
#12:
>0:39.91,116.38;39.9,116.24;39.83,116.22;
#13:
>0:39.21,116.79;39.41,116.58;39.77,116.48;39.88,116.45;
#14:
>0:40.01,116.72;39.9,116.63;40.07,116.5;39.84,116.43;
#15:
>0:39.55,116.28;39.18,116.44;39.49,116.33;39.48,116.6;
#16:
>0:39.93,116.73;39.93,116.76;
#17:
>0:39.87,116.41;39.83,116.3;39.96,116.22;
#18:
>0:39.8,116.38;39.88,116.28;
#19:
>0:39.99,116.43;39.96,116.25;
#20:
>0:39.91,116.2;39.99,116.33;40.01,116.26;39.82,116.39;39.81,116.24;39.82,116.33;39.95,116.25;39.83,116.43;
#21:
>0:40.0,116.43;39.83,116.3;39.91,116.39;39.83,116.3;39.94,116.38;39.85,116.25;39.98,116.36;39.9,116.28;39.82,116.4;40.0,116.25;39.83,116.38;39.93,116.44;
#22:
>0:39.9,116.22;39.85,116.4;39.74,116.4;39.85,116.37;
#23:
>0:39.98,116.24;40.03,116.4;39.92,116.28;
#24:
>0:39.82,116.71;40.0,116.73;
#25:
>0:39.85,116.75;39.98,116.76;
#26:
>0:39.34,116.3;39.26,116.44;39.26,116.55;
#27:
>0:40.04,116.23;40.09,116.34;40.17,116.31;39.99,116.28;39.87,116.36;39.84,116.32;39.95,116.39;39.86,116.24;39.85,116.43;39.88,116.23;39.98,116.41;39.87,116.32;39.82,116.39;39.94,116.28;39.92,116.45;39.86,116.21;39.98,116.38;39.98,116.31;40.0,116.42;39.91,116.47;39.9,116.75;
#28:
>0:39.67,116.23;39.56,116.28;39.54,116.42;39.44,116.64;
#29:
>0:40.08,116.26;39.88,116.3;39.99,116.33;39.88,116.31;39.94,116.44;39.85,116.28;39.96,116.39;39.85,116.31;39.84,116.37;39.95,116.3;39.89,116.36;39.9,116.53;39.98,116.6;39.87,116.79;39.88,116.63;39.89,116.82;39.84,116.58;39.96,116.8;39.8,116.66;39.93,116.74;39.81,116.72;
#30:
>0:39.88,116.31;39.9,116.34;39.92,116.3;39.9,116.43;39.95,116.32;39.98,116.39;39.81,116.41;
#31:
>0:39.84,116.28;39.89,116.34;40.0,116.21;
#32:
>0:39.23,116.29;39.37,116.44;39.32,116.51;
#33:
>0:39.83,116.28;39.94,116.4;39.89,116.2;39.94,116.44;40.01,116.22;40.0,116.35;39.89,116.29;39.95,116.42;39.94,116.29;39.88,116.39;39.87,116.27;39.86,116.34;39.95,116.25;40.01,116.35;39.94,116.23;39.93,116.43;39.83,116.28;39.82,116.45;39.99,116.31;39.97,116.21;
#34:
>0:39.16,116.5;39.29,116.7;39.46,116.58;
#35:
>0:40.22,116.8;39.97,116.75;39.87,116.69;39.62,116.52;39.71,116.42;39.25,116.08;
#36:
>0:40.15,116.25;40.02,116.38;39.83,116.3;39.78,116.42;39.36,116.09;
#37:
>0:39.98,116.32;39.81,116.42;39.91,116.28;39.95,116.36;39.96,116.43;
#38:
>0:39.9,116.21;39.95,116.34;39.83,116.26;39.97,116.42;39.82,116.31;39.9,116.44;39.84,116.23;39.91,116.44;39.96,116.24;39.94,116.4;40.0,116.54;39.81,116.79;
#39:
>0:39.84,116.36;39.81,116.26;39.86,116.27;
#40:
>0:39.86,116.32;39.95,116.36;39.96,116.23;39.99,116.38;39.91,116.22;39.95,116.37;39.82,116.31;39.81,116.39;39.99,116.53;39.89,116.72;
#41:
>0:39.43,116.39;39.63,116.4;39.51,116.62;
#42:
>0:39.91,116.44;39.92,116.3;39.96,116.37;39.88,116.3;39.85,116.24;
#43:
>0:39.94,116.27;39.91,116.33;39.9,116.25;39.87,116.21;
#44:
>0:39.89,116.33;39.87,116.26;
#45:
>0:39.81,116.44;39.93,116.3;
#46:
>0:39.9,116.35;39.89,116.2;39.85,116.43;40.0,116.31;39.88,116.41;40.0,116.26;39.96,116.43;39.95,116.27;40.0,116.4;39.93,116.28;39.88,116.41;40.0,116.22;39.85,116.44;39.97,116.21;39.83,116.33;39.95,116.26;39.89,116.35;39.82,116.34;
#47:
>0:40.0,116.34;39.81,116.23;
#48:
>0:39.98,116.28;39.96,116.42;40.0,116.31;39.99,116.41;39.91,116.21;39.9,116.31;
#49:
>0:39.94,116.21;39.82,116.4;39.88,116.22;39.92,116.44;39.97,116.29;39.83,116.45;39.91,116.24;39.87,116.45;39.85,116.23;39.89,116.35;39.87,116.22;39.99,116.44;39.86,116.32;39.84,116.34;39.98,116.26;39.89,116.38;39.9,116.23;40.01,116.36;39.98,116.2;39.9,116.36;39.81,116.31;39.86,116.33;39.94,116.27;39.94,116.27;
#50:
>0:39.93,116.29;39.93,116.33;39.97,116.45;39.51,116.63;
#51:
>0:39.94,116.21;39.94,116.38;39.84,116.24;39.93,116.41;39.81,116.22;39.8,116.38;40.01,116.3;39.97,116.39;39.92,116.3;39.96,116.38;40.01,116.32;39.84,116.33;39.99,116.21;39.9,116.43;39.93,116.29;39.87,116.34;39.87,116.22;39.83,116.23;
#52:
>0:39.85,116.32;39.89,116.38;39.93,116.39;
#53:
>0:39.99,116.42;39.97,116.22;39.83,116.32;
#54:
>0:39.95,116.33;39.98,116.22;39.95,116.31;
#55:
>0:39.81,116.35;39.81,116.2;39.94,116.22;
#56:
>0:39.81,116.48;39.76,116.51;39.56,116.59;39.45,116.73;39.13,116.58;
#57:
>0:40.03,116.21;39.82,116.42;39.76,116.33;39.61,116.48;39.58,116.61;39.16,116.47;
#58:
>0:39.85,116.21;39.97,116.39;39.81,116.21;39.93,116.4;39.83,116.3;39.86,116.34;39.92,116.3;39.99,116.4;39.86,116.24;39.84,116.36;39.91,116.56;39.99,116.74;
#59:
>0:40.0,116.26;39.84,116.4;39.89,116.22;39.85,116.36;39.87,116.22;39.97,116.42;39.81,116.44;
#60:
>0:39.9,116.32;39.88,116.36;39.8,116.29;39.81,116.37;39.8,116.21;39.94,116.38;39.89,116.3;39.83,116.36;39.83,116.4;
#61:
>0:39.98,116.44;40.01,116.23;
#62:
>0:39.81,116.44;39.96,116.21;39.91,116.23;
#63:
>0:39.86,116.4;40.04,116.39;39.81,116.34;
#64:
>0:39.7,116.15;39.76,116.25;39.31,116.08;
#65:
>0:39.97,116.8;40.16,116.73;39.94,116.81;39.83,116.65;39.88,116.33;
#66:
>0:39.72,116.53;39.43,116.6;39.4,116.73;39.12,116.78;
#67:
>0:40.02,116.26;40.01,116.29;39.86,116.44;39.82,116.32;39.81,116.35;40.0,116.26;39.87,116.4;39.99,116.21;39.87,116.37;39.84,116.31;39.87,116.4;39.94,116.32;39.93,116.39;39.91,116.2;39.9,116.36;39.88,116.31;39.99,116.4;39.96,116.23;39.92,116.4;39.83,116.53;39.96,116.7;
#68:
>0:39.83,116.5;39.87,116.65;39.91,116.79;
#69:
>0:39.82,116.37;39.9,116.38;
#70:
>0:39.83,116.4;39.9,116.25;39.91,116.38;39.9,116.2;39.86,116.28;
#71:
>0:39.9,116.35;39.98,116.25;39.99,116.24;
#72:
>0:39.39,116.25;39.18,116.35;39.41,116.41;39.59,116.5;39.49,116.81;
#73:
>0:39.1,116.81;39.31,116.81;39.44,116.68;39.52,116.74;39.85,116.77;
#74:
>0:40.06,116.36;39.85,116.27;39.81,116.12;
#75:
>0:39.83,116.39;39.94,116.29;39.97,116.21;
#76:
>0:39.45,116.28;39.48,116.43;
#77:
>0:39.23,116.35;39.52,116.54;39.27,116.51;39.47,116.81;
#78:
>0:39.99,116.69;39.96,116.49;39.72,116.39;39.75,116.25;39.34,116.12;
#79:
>0:40.21,116.44;40.04,116.31;39.89,116.08;39.62,116.31;39.29,116.19;
#80:
>0:39.87,116.22;39.89,116.25;
#81:
>0:39.95,116.26;40.03,116.34;39.85,116.31;
#82:
>0:39.83,116.4;39.94,116.23;
#83:
>0:39.96,116.32;39.87,116.39;39.99,116.23;39.92,116.27;
#84:
>0:39.93,116.78;39.99,116.72;
#85:
>0:39.92,116.2;39.81,116.3;
#86:
>0:39.9,116.35;39.93,116.26;
#87:
>0:39.92,116.36;39.86,116.24;
#88:
>0:39.81,116.31;39.83,116.38;39.81,116.28;
#89:
>0:39.83,116.34;39.89,116.23;
#90:
>0:39.9,116.27;39.9,116.44;39.9,116.33;
#91:
>0:39.65,116.09;39.79,116.25;39.86,116.27;39.87,116.36;40.0,116.47;39.98,116.79;
#92:
>0:39.9,116.82;39.86,116.65;40.14,116.49;39.9,116.49;39.92,116.22;
#93:
>0:39.91,116.39;39.98,116.28;
#94:
>0:39.42,116.27;39.38,116.44;
#95:
>0:39.99,116.26;40.0,116.35;39.85,116.24;39.87,116.35;39.82,116.22;39.81,116.37;39.83,116.3;39.97,116.33;39.92,116.22;39.97,116.41;39.97,116.32;39.93,116.32;
#96:
>0:39.86,116.83;39.92,116.75;
#97:
>0:39.83,116.23;40.05,116.44;39.84,116.21;
#98:
>0:39.02,116.15;39.02,116.25;39.17,116.42;39.74,116.44;
#99:
>0:39.9,116.24;39.73,116.45;39.82,116.3;
#100:
>0:39.81,116.79;39.84,116.66;39.86,116.79;
#101:
>0:39.1,116.26;39.24,116.33;39.59,116.35;39.61,116.21;
#102:
>0:40.02,116.38;39.95,116.42;39.82,116.31;39.7,116.33;39.19,116.22;
#103:
>0:39.84,116.23;39.92,116.38;39.83,116.28;39.83,116.36;39.91,116.43;
#104:
>0:39.82,116.37;40.08,116.4;39.88,116.3;39.91,116.23;
#105:
>0:39.91,116.27;39.7,116.41;39.54,116.32;39.79,116.13;39.97,116.32;40.01,116.42;40.04,116.4;39.83,116.29;39.95,116.41;39.92,116.4;
#106:
>0:39.81,116.25;39.95,116.33;40.22,116.3;39.8,116.34;
#107:
>0:39.96,116.29;39.82,116.45;39.87,116.32;39.88,116.38;
#108:
>0:39.93,116.42;39.91,116.2;39.99,116.28;
#109:
>0:40.12,116.69;39.99,116.74;
#110:
>0:39.95,116.3;39.87,116.36;39.81,116.25;39.85,116.38;39.93,116.27;39.84,116.43;40.0,116.41;
#111:
>0:39.23,116.4;39.05,116.41;39.3,116.18;
#112:
>0:39.94,116.38;39.85,116.31;39.69,116.35;39.81,116.43;40.0,116.32;39.93,116.41;40.01,116.39;
#113:
>0:39.93,116.4;40.01,116.25;39.86,116.28;
#114:
>0:39.87,116.44;39.83,116.25;39.9,116.45;39.85,116.32;
#115:
>0:40.0,116.33;40.06,116.4;40.01,116.23;39.98,116.21;
#116:
>0:39.85,116.37;39.82,116.24;
#117:
>0:39.0,116.13;39.16,116.17;
#118:
>0:40.0,116.3;39.91,116.45;39.9,116.46;39.89,116.7;39.92,116.46;40.0,116.83;
#119:
>0:39.56,116.13;39.62,116.22;39.89,116.28;40.11,116.27;
#120:
>0:39.89,116.32;40.06,116.41;39.86,116.51;
#121:
>0:39.23,116.15;39.33,116.29;39.54,116.44;39.62,116.48;39.73,116.6;39.97,116.74;
#122:
>0:39.88,116.49;39.84,116.65;39.65,116.75;
#123:
>0:38.99,116.17;39.13,116.24;39.27,116.35;39.72,116.35;
#124:
>0:39.93,116.39;39.95,116.32;
#125:
>0:39.89,116.58;39.76,116.51;39.53,116.44;39.27,116.26;39.0,116.33;
#126:
>0:38.98,116.09;39.07,116.21;39.29,116.11;39.42,116.12;39.82,116.27;
#127:
>0:39.83,116.25;39.97,116.44;39.9,116.31;39.91,116.41;39.96,116.2;39.95,116.43;39.92,116.32;39.99,116.38;39.85,116.25;39.94,116.41;39.82,116.22;40.01,116.21;
#128:
>0:39.81,116.36;39.9,116.27;
#129:
>0:39.98,116.27;39.87,116.43;39.92,116.24;39.86,116.33;39.94,116.23;39.74,116.27;39.42,116.4;39.69,116.54;39.7,116.36;39.96,116.34;40.0,116.5;40.14,116.33;40.08,116.27;40.04,116.41;39.87,116.21;
#130:
>0:39.96,116.36;39.82,116.31;
#131:
>0:39.89,116.27;39.94,116.35;39.89,116.27;39.93,116.41;39.85,116.31;39.87,116.28;
#132:
>0:39.83,116.27;40.1,116.41;39.88,116.45;39.88,116.29;39.83,116.38;39.97,116.28;40.0,116.31;
#133:
>0:39.94,116.43;39.9,116.24;39.84,116.36;39.95,116.25;39.86,116.37;40.0,116.45;39.91,116.65;39.8,116.62;39.68,116.8;39.88,116.71;
#134:
>0:39.46,116.21;39.3,116.39;39.53,116.53;39.34,116.51;39.5,116.7;
#135:
>0:39.93,116.24;39.83,116.34;39.98,116.2;40.0,116.4;39.83,116.3;39.8,116.34;39.99,116.27;39.94,116.36;39.84,116.31;39.94,116.42;39.9,116.29;40.01,116.44;39.9,116.25;39.91,116.43;39.82,116.28;40.0,116.3;
#136:
>0:39.99,116.41;39.89,116.26;40.01,116.36;40.01,116.23;39.88,116.39;39.81,116.31;39.86,116.39;39.91,116.55;39.95,116.81;
#137:
>0:39.95,116.44;39.95,116.26;
#138:
>0:39.44,116.56;39.69,116.62;39.67,116.72;
#139:
>0:40.0,116.72;39.99,116.81;
#140:
>0:39.89,116.37;39.96,116.28;39.97,116.39;39.91,116.23;
#141:
>0:39.96,116.64;39.77,116.49;
#142:
>0:39.81,116.41;40.01,116.24;39.99,116.34;
#143:
>0:39.14,116.6;39.35,116.46;39.48,116.61;39.7,116.67;
#144:
>0:39.67,116.4;39.71,116.51;39.55,116.63;39.11,116.51;
#145:
>0:39.9,116.3;39.88,116.35;40.0,116.28;39.89,116.37;39.71,116.36;39.46,116.2;39.64,116.11;39.78,116.25;39.64,116.12;39.91,116.36;
#146:
>0:39.85,116.22;39.82,116.34;39.95,116.21;39.82,116.38;39.87,116.34;
#147:
>0:39.86,116.37;39.94,116.31;39.91,116.39;39.93,116.28;39.98,116.45;39.83,116.31;40.01,116.44;39.99,116.22;39.98,116.36;40.13,116.4;39.92,116.35;
#148:
>0:39.15,116.75;39.11,116.7;39.56,116.66;
#149:
>0:39.85,116.24;39.99,116.38;39.81,116.48;40.13,116.69;39.93,116.7;40.0,116.63;39.97,116.83;
#150:
>0:39.96,116.8;39.98,116.66;39.61,116.65;39.87,116.6;39.9,116.35;
#151:
>0:39.95,116.29;39.82,116.4;39.83,116.4;
#152:
>0:39.46,116.32;39.44,116.36;
#153:
>0:39.68,116.27;39.86,116.31;39.95,116.38;40.21,116.59;
#154:
>0:39.87,116.35;39.89,116.22;
#155:
>0:39.99,116.36;39.93,116.3;39.85,116.25;
#156:
>0:40.19,116.57;40.07,116.54;
#157:
>0:39.1,116.13;39.05,116.09;
#158:
>0:39.65,116.47;39.73,116.39;40.08,116.21;
#159:
>0:40.03,116.12;39.95,116.25;39.89,116.35;39.9,116.51;39.85,116.68;39.95,116.78;
#160:
>0:40.13,116.08;39.97,116.22;39.62,116.43;39.6,116.53;39.28,116.48;
#161:
>0:39.93,116.43;39.9,116.31;39.91,116.29;
#162:
>0:39.86,116.26;39.99,116.34;40.06,116.37;39.86,116.41;40.0,116.24;39.86,116.39;39.84,116.3;39.85,116.42;39.84,116.32;39.99,116.25;
#163:
>0:39.87,116.23;40.12,116.34;39.93,116.33;39.99,116.32;39.92,116.29;
#164:
>0:39.86,116.32;39.89,116.21;39.99,116.23;
#165:
>0:39.94,116.28;39.88,116.43;39.82,116.26;39.93,116.38;39.87,116.35;
#166:
>0:39.91,116.32;39.89,116.4;39.95,116.31;39.9,116.39;39.83,116.28;39.9,116.38;39.94,116.31;39.96,116.44;39.99,116.23;39.98,116.44;39.99,116.26;39.97,116.41;39.96,116.51;39.87,116.28;
#167:
>0:40.2,116.43;39.88,116.42;39.93,116.55;39.77,116.5;39.26,116.22;
#168:
>0:39.09,116.79;39.18,116.58;39.54,116.83;39.62,116.67;39.86,116.48;
#169:
>0:39.3,116.65;39.58,116.77;
#170:
>0:39.52,116.3;39.42,116.44;39.59,116.39;39.7,116.62;
#171:
>0:38.96,116.79;39.24,116.61;39.11,116.46;39.06,116.39;39.39,116.31;
#172:
>0:39.83,116.3;39.94,116.36;39.91,116.31;39.91,116.45;39.99,116.3;39.81,116.42;39.9,116.27;39.96,116.41;39.87,116.26;39.86,116.2;
#173:
>0:39.3,116.33;39.37,116.42;
#174:
>0:39.61,116.1;40.0,116.1;
#175:
>0:40.15,116.23;39.85,116.41;
#176:
>0:39.81,116.25;39.84,116.34;39.87,116.32;39.89,116.36;39.98,116.24;39.84,116.34;39.98,116.45;
#177:
>0:39.01,116.19;39.36,116.08;
#178:
>0:39.98,116.75;39.89,116.79;
#179:
>0:39.88,116.29;39.84,116.35;39.85,116.29;39.97,116.22;
#180:
>0:39.84,116.3;40.16,116.37;40.01,116.56;
#181:
>0:39.88,116.45;39.98,116.29;39.86,116.24;
#182:
>0:40.09,116.41;40.19,116.47;39.86,116.5;39.78,116.5;39.57,116.67;38.96,116.5;
#183:
>0:39.94,116.36;39.98,116.23;40.14,116.43;40.01,116.44;39.91,116.39;
#184:
>0:39.15,116.16;39.11,116.27;39.31,116.28;39.4,116.29;39.97,116.29;
#185:
>0:40.01,116.27;39.86,116.43;39.85,116.27;39.92,116.23;
#186:
>0:39.17,116.75;39.32,116.82;39.51,116.78;39.78,116.62;39.93,116.75;
#187:
>0:40.22,116.44;39.83,116.42;40.01,116.52;39.57,116.56;
#188:
>0:39.84,116.27;39.82,116.37;39.95,116.32;40.15,116.13;
#189:
>0:38.98,116.36;39.23,116.3;39.44,116.21;39.75,116.15;39.94,116.44;
#190:
>0:39.81,116.29;39.86,116.38;39.93,116.22;39.84,116.41;39.85,116.29;39.92,116.3;
#191:
>0:39.16,116.19;39.22,116.12;
#192:
>0:40.08,116.18;39.95,116.22;40.07,116.34;40.04,116.52;39.94,116.51;39.86,116.71;
#193:
>0:39.89,116.24;39.95,116.43;39.84,116.29;39.99,116.36;39.81,116.27;39.93,116.4;39.89,116.32;39.82,116.43;39.85,116.26;39.91,116.27;
#194:
>0:39.97,116.31;39.8,116.37;40.09,116.4;40.17,116.53;39.94,116.36;39.81,116.34;
#195:
>0:39.87,116.26;40.01,116.33;39.85,116.22;39.92,116.15;39.63,116.18;39.85,116.28;39.94,116.35;39.97,116.36;
#196:
>0:39.71,116.09;39.79,116.24;39.94,116.22;39.95,116.42;39.88,116.68;
#197:
>0:39.94,116.37;39.9,116.3;39.94,116.2;
#198:
>0:39.51,116.56;39.63,116.67;39.99,116.59;40.17,116.65;
#199:
>0:39.99,116.34;39.85,116.27;
#200:
>0:38.97,116.75;39.27,116.64;39.14,116.52;39.02,116.42;39.39,116.25;
#201:
>0:39.81,116.75;39.92,116.73;
#202:
>0:39.74,116.38;39.97,116.56;
#203:
>0:39.94,116.37;39.93,116.31;39.87,116.29;
#204:
>0:39.96,116.27;39.87,116.37;40.16,116.34;40.21,116.3;40.17,116.34;39.87,116.37;
#205:
>0:40.14,116.29;39.99,116.12;39.65,116.3;39.53,116.38;
#206:
>0:39.04,116.62;39.19,116.47;39.2,116.38;39.79,116.4;
#207:
>0:40.02,116.41;40.1,116.5;39.87,116.57;39.67,116.55;39.51,116.41;39.1,116.69;
#208:
>0:40.14,116.52;39.86,116.47;39.89,116.21;
#209:
>0:39.74,116.45;39.63,116.34;39.58,116.23;39.54,116.08;
#210:
>0:39.99,116.75;40.01,116.63;39.84,116.53;39.85,116.37;39.99,116.39;
#211:
>0:40.01,116.21;39.99,116.34;39.82,116.21;39.99,116.32;
#212:
>0:39.99,116.23;40.0,116.22;
#213:
>0:39.98,116.77;39.92,116.6;39.88,116.46;40.03,116.41;39.83,116.32;
#214:
>0:40.0,116.22;39.91,116.44;39.88,116.38;
#215:
>0:39.71,116.42;39.53,116.33;
#216:
>0:39.88,116.55;39.87,116.65;39.97,116.79;
#217:
>0:39.58,116.1;39.67,116.3;39.89,116.24;39.99,116.36;39.93,116.61;
#218:
>0:38.97,116.33;39.29,116.51;39.58,116.64;39.5,116.78;39.62,116.62;40.15,116.61;
#219:
>0:39.93,116.27;39.84,116.36;40.12,116.22;39.93,116.28;39.89,116.45;39.9,116.27;40.01,116.36;39.85,116.4;
#220:
>0:39.93,116.29;39.9,116.37;39.82,116.21;40.0,116.34;39.99,116.31;39.8,116.38;39.83,116.43;
#221:
>0:39.85,116.39;39.82,116.25;39.83,116.29;
#222:
>0:39.81,116.21;39.65,116.32;39.97,116.24;
#223:
>0:39.99,116.82;39.91,116.8;
#224:
>0:39.83,116.41;40.0,116.3;
#225:
>0:39.95,116.21;40.04,116.34;40.14,116.32;39.9,116.4;
#226:
>0:40.0,116.33;39.99,116.21;
#227:
>0:39.91,116.3;39.93,116.42;40.09,116.36;39.9,116.32;39.92,116.39;39.98,116.3;39.89,116.23;
#228:
>0:39.95,116.23;39.86,116.44;40.0,116.32;39.86,116.3;
#229:
>0:39.83,116.19;39.9,116.21;
#230:
>0:39.96,116.25;40.08,116.45;40.15,116.2;39.98,116.31;39.95,116.34;39.82,116.37;
#231:
>0:39.95,116.39;39.97,116.31;39.9,116.32;
#232:
>0:39.96,116.25;39.93,116.41;39.95,116.23;39.94,116.4;39.86,116.51;39.95,116.61;39.6,116.53;39.63,116.37;39.73,116.21;39.82,116.28;39.81,116.42;40.0,116.26;39.82,116.34;39.98,116.25;39.9,116.27;
#233:
>0:39.99,116.42;39.94,116.28;39.96,116.26;
#234:
>0:39.45,116.82;39.26,116.63;39.1,116.47;39.15,116.37;39.42,116.25;
#235:
>0:40.01,116.71;39.82,116.58;40.07,116.48;39.87,116.36;
#236:
>0:39.82,116.26;39.94,116.37;39.97,116.48;39.81,116.68;39.97,116.74;39.96,116.75;
#237:
>0:39.82,116.36;39.94,116.3;39.86,116.24;
#238:
>0:39.82,116.27;39.96,116.44;39.95,116.54;39.95,116.62;39.87,116.76;
#239:
>0:39.95,116.21;39.82,116.41;40.01,116.3;39.99,116.43;39.81,116.33;
#240:
>0:39.84,116.23;39.83,116.44;39.87,116.25;39.97,116.34;39.84,116.43;
#241:
>0:40.0,116.3;39.85,116.43;39.88,116.24;40.19,116.36;39.93,116.41;39.99,116.21;39.95,116.41;39.8,116.28;39.82,116.41;39.87,116.23;39.96,116.31;
#242:
>0:40.2,116.26;39.95,116.09;39.91,116.3;39.7,116.26;39.2,116.16;
#243:
>0:39.83,116.23;39.81,116.44;39.88,116.45;40.14,116.69;40.0,116.7;39.98,116.65;39.94,116.53;40.1,116.48;40.05,116.55;
#244:
>0:40.16,116.37;39.88,116.39;39.85,116.51;39.61,116.54;39.39,116.65;39.08,116.5;
#245:
>0:40.13,116.49;39.87,116.65;40.0,116.72;39.99,116.69;39.94,116.55;39.96,116.62;39.88,116.78;39.98,116.68;39.92,116.8;39.81,116.61;39.84,116.73;40.0,116.81;
#246:
>0:39.93,116.33;39.87,116.2;39.87,116.45;39.89,116.22;39.97,116.36;
#247:
>0:39.25,116.14;39.37,116.28;39.23,116.34;39.55,116.36;39.78,116.46;39.99,116.78;
#248:
>0:39.93,116.23;39.93,116.41;40.21,116.37;40.1,116.32;39.88,116.35;
#249:
>0:39.86,116.2;40.0,116.45;40.0,116.29;39.81,116.38;39.9,116.29;39.9,116.33;39.95,116.36;
#250:
>0:40.01,116.44;39.93,116.2;39.99,116.32;
#251:
>0:39.15,116.41;39.24,116.22;39.48,116.22;39.64,116.11;39.97,116.34;
#252:
>0:39.82,116.73;39.82,116.62;39.91,116.78;40.0,116.58;39.87,116.51;39.85,116.37;
#253:
>0:39.85,116.3;39.87,116.4;39.98,116.24;39.86,116.41;39.82,116.24;39.98,116.35;39.96,116.23;39.88,116.4;39.86,116.22;40.0,116.37;39.9,116.21;39.86,116.2;
#254:
>0:39.21,116.46;39.35,116.7;
#255:
>0:38.96,116.23;39.0,116.37;
#256:
>0:39.82,116.3;39.82,116.42;39.89,116.27;40.03,116.4;39.9,116.37;39.97,116.23;39.96,116.34;40.0,116.38;
#257:
>0:39.9,116.42;39.87,116.29;40.0,116.3;
#258:
>0:39.45,116.55;39.22,116.41;39.1,116.3;
#259:
>0:39.94,116.21;40.02,116.37;39.95,116.36;39.99,116.44;
#260:
>0:39.91,116.31;39.99,116.35;39.94,116.21;39.99,116.32;
#261:
>0:39.89,116.21;39.81,116.34;39.9,116.28;
#262:
>0:39.86,116.34;39.92,116.32;40.04,116.33;39.85,116.2;
#263:
>0:39.96,116.33;39.87,116.29;
#264:
>0:39.91,116.22;39.81,116.36;40.0,116.24;39.84,116.43;39.96,116.44;
#265:
>0:39.94,116.26;39.93,116.35;39.99,116.23;40.0,116.35;39.88,116.44;
#266:
>0:39.88,116.23;39.97,116.44;39.97,116.22;39.85,116.43;39.83,116.38;
#267:
>0:39.84,116.22;39.96,116.2;
#268:
>0:40.0,116.4;39.89,116.24;39.79,116.42;39.99,116.32;
#269:
>0:39.94,116.42;39.82,116.32;40.01,116.26;
#270:
>0:39.21,116.59;39.04,116.58;39.06,116.41;
#271:
>0:39.96,116.27;39.9,116.43;39.9,116.29;39.9,116.32;
#272:
>0:39.95,116.64;39.79,116.69;
#273:
>0:39.96,116.44;39.86,116.27;39.91,116.44;39.92,116.45;39.84,116.79;
#274:
>0:39.37,116.25;39.52,116.43;39.6,116.48;39.71,116.66;40.06,116.66;
#275:
>0:39.02,116.61;39.27,116.47;39.53,116.62;39.71,116.58;
#276:
>0:39.91,116.2;39.94,116.38;39.87,116.29;39.85,116.43;39.87,116.28;39.82,116.44;39.94,116.45;
#277:
>0:40.01,116.81;40.0,116.66;39.79,116.54;39.26,116.51;
#278:
>0:39.98,116.21;39.92,116.18;39.64,116.23;39.82,116.37;
#279:
>0:39.88,116.25;39.82,116.4;39.94,116.21;39.85,116.26;
#280:
>0:39.89,116.37;39.99,116.21;39.94,116.22;
#281:
>0:39.96,116.22;39.85,116.33;39.85,116.3;39.99,116.37;39.91,116.27;39.83,116.4;39.85,116.28;39.94,116.37;39.89,116.22;39.92,116.35;39.95,116.29;39.62,116.44;39.61,116.48;39.58,116.54;39.28,116.47;39.28,116.33;39.14,116.38;39.18,116.29;39.15,116.16;39.13,116.26;39.18,116.12;39.09,116.16;39.12,116.27;39.28,116.21;39.06,116.35;39.21,116.31;39.4,116.2;39.62,116.14;39.68,116.22;39.45,116.22;39.19,116.13;39.51,116.1;39.69,116.21;39.39,116.27;39.96,116.24;
#282:
>0:39.83,116.39;39.91,116.27;
#283:
>0:40.01,116.38;39.95,116.23;40.21,116.33;40.22,116.3;39.9,116.36;
#284:
>0:40.01,116.41;39.98,116.26;39.96,116.25;
#285:
>0:39.82,116.6;39.91,116.5;39.67,116.46;39.58,116.41;39.22,116.12;
#286:
>0:39.86,116.72;39.92,116.77;
#287:
>0:39.96,116.29;39.84,116.39;39.99,116.23;40.14,116.35;39.96,116.3;40.08,116.37;40.2,116.3;39.85,116.27;39.82,116.23;
#288:
>0:39.03,116.37;39.2,116.32;39.21,116.34;39.63,116.53;
#289:
>0:39.9,116.25;39.94,116.35;40.0,116.26;39.98,116.36;39.97,116.25;39.72,116.22;39.85,116.36;39.99,116.26;39.92,116.43;39.83,116.23;39.86,116.37;39.83,116.38;
#290:
>0:39.86,116.32;39.94,116.35;39.93,116.2;39.98,116.38;39.84,116.3;39.9,116.4;39.94,116.29;39.87,116.28;
#291:
>0:39.91,116.38;39.81,116.3;
#292:
>0:39.89,116.24;40.12,116.4;39.99,116.23;
#293:
>0:39.86,116.41;39.89,116.25;39.81,116.21;
#294:
>0:39.8,116.37;39.9,116.25;40.12,116.43;39.93,116.27;
#295:
>0:40.01,116.22;39.89,116.25;
#296:
>0:39.27,116.72;39.42,116.78;39.62,116.81;
#297:
>0:39.84,116.25;39.64,116.27;39.95,116.33;39.93,116.29;39.84,116.41;39.88,116.35;
#298:
>0:39.07,116.17;39.03,116.16;
#299:
>0:39.4,116.59;39.26,116.6;39.03,116.39;
#300:
>0:39.83,116.76;39.98,116.68;39.98,116.51;40.08,116.38;39.97,116.25;
#301:
>0:39.26,116.22;39.35,116.42;39.36,116.45;
#302:
>0:39.97,116.38;39.85,116.53;39.89,116.69;
#303:
>0:39.11,116.09;39.08,116.28;39.23,116.44;39.59,116.41;
#304:
>0:40.19,116.28;39.9,116.39;39.95,116.46;39.71,116.48;39.54,116.69;39.03,116.56;
#305:
>0:39.81,116.2;39.83,116.39;39.84,116.21;39.98,116.35;39.88,116.37;
#306:
>0:39.81,116.42;39.99,116.21;
#307:
>0:39.25,116.33;39.06,116.51;38.98,116.58;38.98,116.8;
#308:
>0:39.23,116.69;39.41,116.69;
#309:
>0:39.65,116.14;39.82,116.31;39.95,116.33;39.81,116.45;40.01,116.58;39.72,116.71;
#310:
>0:39.86,116.31;39.88,116.34;39.93,116.57;39.89,116.66;39.86,116.72;39.97,116.7;39.97,116.51;39.81,116.59;39.89,116.5;39.87,116.63;39.91,116.72;39.89,116.73;
#311:
>0:39.91,116.25;39.88,116.35;40.0,116.57;39.69,116.57;39.47,116.8;
#312:
>0:40.13,116.28;39.96,116.14;39.78,116.14;
#313:
>0:39.94,116.35;39.81,116.28;39.98,116.23;
#314:
>0:39.87,116.45;40.01,116.31;
#315:
>0:39.14,116.64;39.31,116.46;39.56,116.66;39.76,116.33;
#316:
>0:39.46,116.24;39.59,116.39;39.72,116.57;39.74,116.64;40.19,116.77;
#317:
>0:39.84,116.22;39.83,116.43;39.95,116.3;
#318:
>0:39.0,116.53;39.19,116.68;39.41,116.72;39.68,116.69;39.89,116.78;
#319:
>0:39.52,116.08;39.3,116.25;
#320:
>0:39.95,116.3;39.75,116.37;39.91,116.34;39.95,116.31;39.95,116.41;39.81,116.43;
#321:
>0:39.96,116.76;39.95,116.72;
#322:
>0:40.04,116.12;39.93,116.23;39.72,116.43;39.46,116.23;39.28,116.46;
#323:
>0:39.75,116.38;39.85,116.42;
#324:
>0:39.94,116.3;39.61,116.29;39.62,116.07;39.8,116.38;
#325:
>0:39.91,116.28;39.86,116.4;39.83,116.29;39.88,116.4;39.96,116.45;
#326:
>0:40.0,116.43;39.97,116.2;39.94,116.4;39.97,116.21;39.86,116.44;39.91,116.44;
#327:
>0:39.96,116.42;39.93,116.29;39.87,116.21;
#328:
>0:39.91,116.42;39.88,116.31;
#329:
>0:39.03,116.13;39.12,116.1;
#330:
>0:39.91,116.26;40.15,116.38;39.95,116.57;
#331:
>0:40.01,116.28;40.04,116.35;39.96,116.24;
#332:
>0:40.03,116.31;39.94,116.17;39.66,116.32;39.44,116.18;39.29,116.1;39.07,116.33;
#333:
>0:39.84,116.27;39.98,116.34;39.96,116.3;39.87,116.26;
#334:
>0:39.05,116.14;39.02,116.24;39.18,116.45;39.7,116.37;
#335:
>0:39.93,116.79;39.99,116.73;
#336:
>0:39.93,116.22;40.14,116.42;39.81,116.56;
#337:
>0:40.0,116.37;39.84,116.31;
#338:
>0:39.94,116.35;39.81,116.29;40.01,116.41;39.94,116.32;39.82,116.33;39.95,116.38;
#339:
>0:39.83,116.27;39.98,116.42;39.93,116.28;39.87,116.38;
#340:
>0:39.83,116.38;39.86,116.27;39.94,116.35;39.83,116.28;39.78,116.44;39.83,116.39;39.85,116.23;39.94,116.34;40.01,116.2;39.98,116.43;39.93,116.24;39.87,116.39;39.81,116.39;
#341:
>0:40.02,116.08;39.88,116.32;39.95,116.41;39.96,116.54;39.84,116.67;39.84,116.81;
#342:
>0:39.82,116.36;39.87,116.23;39.9,116.37;39.91,116.31;40.0,116.38;39.95,116.3;39.9,116.41;39.91,116.28;39.99,116.42;39.8,116.28;40.02,116.39;39.92,116.41;39.98,116.4;
#343:
>0:39.9,116.22;39.94,116.4;40.0,116.21;39.83,116.35;39.84,116.31;39.9,116.39;39.91,116.34;
#344:
>0:39.81,116.25;39.97,116.42;39.9,116.21;39.91,116.36;39.99,116.28;39.99,116.26;
#345:
>0:39.15,116.13;38.97,116.12;
#346:
>0:40.01,116.38;39.75,116.21;
#347:
>0:39.95,116.23;39.83,116.27;
#348:
>0:39.97,116.35;39.97,116.22;
#349:
>0:39.06,116.24;39.31,116.28;39.49,116.25;39.7,116.28;
#350:
>0:39.86,116.4;39.85,116.3;39.92,116.32;40.0,116.3;39.82,116.29;
#351:
>0:39.9,116.43;39.91,116.2;39.9,116.35;39.88,116.38;
#352:
>0:40.01,116.37;39.83,116.24;39.83,116.25;
#353:
>0:39.73,116.51;39.73,116.49;
#354:
>0:39.9,116.44;40.0,116.2;
#355:
>0:39.99,116.25;40.01,116.37;39.91,116.21;39.89,116.37;39.87,116.32;39.94,116.42;39.83,116.2;39.8,116.44;39.83,116.43;
#356:
>0:40.03,116.74;39.98,116.74;39.95,116.66;39.73,116.47;39.54,116.42;39.17,116.18;
#357:
>0:40.03,116.38;40.03,116.3;40.01,116.16;39.7,116.32;39.28,116.16;
#358:
>0:39.82,116.22;39.92,116.38;40.0,116.24;39.88,116.35;39.87,116.3;39.86,116.45;39.96,116.33;
#359:
>0:39.83,116.32;39.88,116.39;39.87,116.22;39.82,116.38;39.93,116.46;39.83,116.6;39.6,116.63;39.82,116.69;39.87,116.33;
#360:
>0:39.85,116.39;39.94,116.3;39.97,116.22;
#361:
>0:39.41,116.23;39.31,116.4;39.08,116.54;
#362:
>0:39.88,116.45;39.81,116.28;40.0,116.24;
#363:
>0:39.9,116.78;39.81,116.64;39.87,116.53;39.87,116.36;
#364:
>0:39.83,116.3;39.94,116.38;39.81,116.28;40.15,116.44;40.04,116.52;39.95,116.55;39.85,116.58;39.85,116.51;39.99,116.43;39.81,116.3;39.95,116.43;40.04,116.22;40.02,116.33;39.91,116.2;39.85,116.41;39.87,116.23;39.91,116.25;
#365:
>0:40.01,116.74;39.95,116.75;
#366:
>0:39.89,116.27;39.94,116.43;39.81,116.21;39.95,116.35;39.82,116.22;39.87,116.34;39.81,116.3;40.01,116.33;39.83,116.32;39.89,116.37;40.17,116.34;39.91,116.29;39.95,116.21;
#367:
>0:39.94,116.45;40.08,116.24;40.01,116.41;39.95,116.26;
#368:
>0:39.83,116.45;39.98,116.26;39.97,116.36;39.85,116.28;39.85,116.43;
#369:
>0:39.99,116.34;39.93,116.23;40.0,116.25;
#370:
>0:39.22,116.43;39.39,116.37;39.47,116.68;
#371:
>0:39.97,116.27;39.82,116.38;40.0,116.22;39.95,116.21;
#372:
>0:38.97,116.75;39.17,116.79;39.56,116.78;39.69,116.61;39.94,116.58;40.2,116.64;
#373:
>0:39.99,116.73;39.91,116.67;40.18,116.48;39.9,116.5;40.01,116.22;
#374:
>0:39.99,116.26;39.95,116.36;39.89,116.5;39.81,116.69;39.87,116.5;39.86,116.67;39.99,116.73;
#375:
>0:39.83,116.23;40.21,116.22;40.2,116.36;39.9,116.35;
#376:
>0:39.83,116.44;39.95,116.3;40.11,116.22;39.96,116.29;39.98,116.42;39.98,116.31;39.81,116.42;39.98,116.23;39.93,116.35;39.99,116.41;
#377:
>0:39.81,116.44;39.98,116.27;39.92,116.26;
#378:
>0:39.91,116.4;39.88,116.22;
#379:
>0:39.83,116.24;39.98,116.32;
#380:
>0:39.88,116.8;39.98,116.58;39.89,116.57;39.84,116.33;39.96,116.24;39.91,116.43;39.98,116.31;39.89,116.36;40.03,116.3;
#381:
>0:40.01,116.32;39.85,116.36;39.96,116.52;40.0,116.69;40.01,116.49;39.92,116.59;39.96,116.71;39.86,116.74;
#382:
>0:39.91,116.7;39.83,116.81;
#383:
>0:39.18,116.56;39.17,116.37;
#384:
>0:39.85,116.35;39.87,116.3;39.99,116.34;39.98,116.28;39.82,116.43;39.81,116.26;40.0,116.42;39.93,116.2;39.92,116.45;39.82,116.31;40.01,116.35;39.83,116.43;
#385:
>0:39.9,116.35;39.98,116.26;40.11,116.39;39.98,116.32;
#386:
>0:40.04,116.42;40.08,116.55;39.9,116.66;39.74,116.83;39.56,116.8;39.12,116.51;
#387:
>0:39.85,116.32;39.87,116.38;39.98,116.23;39.93,116.21;
#388:
>0:39.85,116.29;40.01,116.34;39.94,116.39;
#389:
>0:39.85,116.32;39.92,116.38;39.96,116.28;39.86,116.08;39.79,116.25;39.94,116.42;
#390:
>0:39.88,116.25;39.91,116.45;39.93,116.21;39.89,116.33;39.95,116.31;39.81,116.38;39.97,116.33;
#391:
>0:39.82,116.3;39.96,116.42;39.83,116.25;39.97,116.36;39.81,116.29;39.83,116.27;
#392:
>0:39.81,116.38;39.96,116.24;39.94,116.26;
#393:
>0:39.9,116.3;39.91,116.22;
#394:
>0:39.98,116.23;40.0,116.38;40.01,116.29;39.92,116.42;39.84,116.44;
#395:
>0:39.91,116.23;40.0,116.36;39.86,116.22;39.85,116.38;39.91,116.46;39.86,116.23;
#396:
>0:39.39,116.61;39.49,116.83;
#397:
>0:39.93,116.43;39.85,116.22;40.0,116.43;39.9,116.24;39.92,116.44;39.96,116.2;39.89,116.38;39.86,116.25;39.85,116.43;39.99,116.2;40.21,116.37;39.87,116.35;39.95,116.26;39.99,116.35;39.94,116.27;39.95,116.36;39.96,116.28;39.89,116.42;39.9,116.22;39.83,116.33;39.86,116.33;
#398:
>0:39.56,116.32;39.65,116.37;39.95,116.13;
#399:
>0:40.0,116.41;40.01,116.31;40.03,116.41;39.87,116.28;
#400:
>0:39.82,116.43;39.83,116.2;
#401:
>0:39.17,116.51;39.05,116.38;39.27,116.27;39.49,116.29;39.61,116.08;40.09,116.27;
#402:
>0:39.1,116.19;39.08,116.24;39.35,116.17;39.5,116.2;39.96,116.29;
#403:
>0:39.91,116.78;39.82,116.61;39.93,116.79;
#404:
>0:39.95,116.3;39.83,116.41;39.87,116.28;40.05,116.27;39.96,116.27;
#405:
>0:39.97,116.28;39.99,116.35;39.84,116.29;39.88,116.42;40.01,116.24;40.0,116.38;
#406:
>0:39.86,116.28;40.0,116.35;39.95,116.26;39.89,116.43;
#407:
>0:39.81,116.21;39.85,116.22;
#408:
>0:39.84,116.37;39.83,116.29;39.97,116.33;39.99,116.23;39.96,116.25;
#409:
>0:39.3,116.13;39.56,116.18;39.72,116.17;
#410:
>0:40.07,116.34;39.92,116.46;
#411:
>0:39.15,116.12;39.01,116.12;
#412:
>0:40.1,116.32;39.85,116.08;39.75,116.19;
#413:
>0:40.14,116.77;39.93,116.79;39.95,116.59;39.89,116.5;39.95,116.34;40.01,116.2;
#414:
>0:39.9,116.4;39.99,116.28;39.87,116.24;
#415:
>0:39.85,116.26;39.91,116.36;39.97,116.24;39.98,116.33;39.99,116.32;39.96,116.37;39.93,116.5;39.92,116.62;40.0,116.71;39.85,116.77;
#416:
>0:39.87,116.22;39.84,116.41;39.82,116.25;39.95,116.38;39.82,116.29;40.0,116.41;40.01,116.28;39.87,116.45;39.85,116.46;39.82,116.7;39.86,116.82;39.91,116.79;
#417:
>0:39.86,116.8;39.94,116.64;39.63,116.55;39.18,116.53;
#418:
>0:39.9,116.3;39.86,116.32;
#419:
>0:39.13,116.13;38.99,116.14;
#420:
>0:39.81,116.41;39.83,116.28;40.02,116.33;39.85,116.26;
#421:
>0:39.87,116.41;39.93,116.28;39.94,116.33;39.91,116.24;39.66,116.22;39.66,116.11;39.95,116.4;
#422:
>0:40.01,116.31;39.97,116.41;39.83,116.27;39.81,116.35;39.89,116.22;39.9,116.44;39.82,116.3;39.98,116.42;39.84,116.24;39.92,116.4;40.0,116.27;39.82,116.3;
#423:
>0:39.87,116.43;39.81,116.23;39.96,116.28;
#424:
>0:39.84,116.3;39.86,116.38;39.86,116.29;40.01,116.44;39.99,116.33;
#425:
>0:39.91,116.3;39.95,116.41;39.91,116.23;39.83,116.42;39.86,116.37;
#426:
>0:39.95,116.35;39.99,116.31;
#427:
>0:40.0,116.33;39.98,116.25;39.96,116.3;
#428:
>0:39.85,116.38;39.84,116.26;
#429:
>0:39.85,116.78;39.93,116.65;40.14,116.45;39.81,116.51;39.99,116.25;
#430:
>0:39.99,116.28;39.98,116.37;39.8,116.24;39.95,116.36;39.87,116.21;39.88,116.24;
#431:
>0:40.14,116.43;40.16,116.51;39.97,116.53;39.57,116.6;
#432:
>0:40.14,116.71;39.94,116.62;
#433:
>0:39.93,116.35;39.88,116.24;39.83,116.4;39.93,116.29;39.89,116.39;39.68,116.34;39.45,116.26;39.65,116.12;39.92,116.41;
#434:
>0:40.17,116.47;39.88,116.57;39.79,116.52;39.58,116.74;
#435:
>0:39.88,116.71;39.88,116.75;
#436:
>0:39.42,116.82;39.68,116.66;39.64,116.51;
#437:
>0:39.85,116.28;39.92,116.4;40.15,116.22;39.93,116.26;39.92,116.29;
#438:
>0:39.68,116.68;39.81,116.63;40.0,116.53;39.8,116.38;39.51,116.11;
#439:
>0:40.09,116.45;39.83,116.54;39.72,116.46;39.44,116.82;
#440:
>0:39.36,116.19;39.47,116.14;39.6,116.21;39.99,116.57;
#441:
>0:39.79,116.44;39.56,116.44;
#442:
>0:39.89,116.43;39.99,116.29;39.93,116.44;39.84,116.29;40.2,116.2;39.88,116.25;39.94,116.35;40.01,116.23;39.95,116.43;39.81,116.31;39.9,116.39;39.92,116.25;39.84,116.4;39.91,116.49;39.81,116.39;39.82,116.34;
#443:
>0:40.01,116.43;40.01,116.53;39.92,116.67;
#444:
>0:40.07,116.78;39.86,116.72;39.85,116.69;39.62,116.52;39.54,116.47;39.16,116.61;
#445:
>0:39.83,116.38;39.96,116.29;
#446:
>0:39.7,116.45;39.94,116.26;40.12,116.1;
#447:
>0:39.89,116.4;39.84,116.21;39.82,116.38;39.99,116.22;40.03,116.21;
#448:
>0:39.89,116.22;39.86,116.38;39.92,116.29;39.81,116.34;39.93,116.29;39.87,116.41;39.9,116.2;39.91,116.4;39.99,116.29;39.9,116.44;39.84,116.3;39.91,116.31;
#449:
>0:39.97,116.22;39.88,116.36;40.0,116.3;40.0,116.34;39.87,116.3;39.99,116.2;
#450:
>0:39.94,116.3;39.87,116.36;39.97,116.21;39.92,116.42;39.93,116.32;39.85,116.33;39.98,116.22;39.99,116.41;39.92,116.21;39.91,116.28;
#451:
>0:39.92,116.33;40.0,116.29;39.9,116.43;
#452:
>0:39.89,116.29;39.98,116.41;39.83,116.2;39.86,116.43;39.88,116.23;
#453:
>0:39.97,116.26;39.87,116.41;39.68,116.43;39.86,116.44;
#454:
>0:39.34,116.36;39.52,116.54;39.2,116.56;39.52,116.8;
#455:
>0:39.88,116.4;39.85,116.31;39.94,116.23;
#456:
>0:39.07,116.11;39.16,116.14;
#457:
>0:39.98,116.21;39.84,116.27;
#458:
>0:39.85,116.35;39.99,116.31;
#459:
>0:39.84,116.23;39.87,116.42;39.99,116.22;39.95,116.42;39.87,116.39;
#460:
>0:40.0,116.26;39.9,116.44;39.88,116.52;39.97,116.63;39.87,116.71;
#461:
>0:40.0,116.37;39.93,116.31;39.96,116.23;
#462:
>0:40.0,116.43;39.99,116.22;
#463:
>0:39.4,116.68;39.54,116.78;
#464:
>0:39.93,116.81;39.91,116.67;39.95,116.82;
#465:
>0:38.97,116.5;39.03,116.4;39.35,116.22;39.5,116.41;39.7,116.38;40.21,116.43;
#466:
>0:39.98,116.3;40.15,116.45;39.95,116.24;39.85,116.34;39.82,116.24;39.8,116.33;
#467:
>0:39.78,116.54;39.38,116.41;39.7,116.43;39.45,116.11;
#468:
>0:39.99,116.22;39.95,116.43;39.89,116.55;39.98,116.41;39.83,116.29;39.89,116.33;39.98,116.43;
#469:
>0:39.72,116.81;39.49,116.66;39.2,116.49;
#470:
>0:40.0,116.38;39.94,116.28;40.19,116.34;39.88,116.22;
#471:
>0:39.22,116.2;39.01,116.44;39.42,116.54;
#472:
>0:39.84,116.27;39.94,116.42;39.81,116.28;40.03,116.4;39.87,116.28;39.95,116.21;
#473:
>0:39.92,116.82;39.85,116.69;40.19,116.57;39.86,116.44;
#474:
>0:39.96,116.22;39.98,116.42;39.95,116.23;40.0,116.42;39.83,116.5;39.74,116.57;39.45,116.4;39.75,116.56;39.57,116.36;39.66,116.52;39.39,116.67;39.41,116.78;39.97,116.73;
#475:
>0:39.82,116.42;39.9,116.29;
#476:
>0:40.0,116.32;39.92,116.42;39.81,116.29;39.87,116.37;40.0,116.35;
#477:
>0:40.01,116.34;39.85,116.27;39.81,116.23;
#478:
>0:39.82,116.44;39.91,116.24;
#479:
>0:39.97,116.78;39.81,116.69;39.84,116.53;39.83,116.36;
#480:
>0:39.9,116.39;39.84,116.22;
#481:
>0:39.05,116.36;39.32,116.27;39.45,116.29;39.78,116.15;39.98,116.38;
#482:
>0:39.82,116.38;39.99,116.22;39.93,116.34;39.98,116.28;39.96,116.24;
#483:
>0:40.08,116.32;39.92,116.07;39.7,116.26;39.43,116.45;
#484:
>0:40.01,116.37;39.99,116.51;39.78,116.55;39.71,116.4;39.57,116.21;39.61,116.08;39.88,116.37;
#485:
>0:39.92,116.42;39.96,116.26;
#486:
>0:39.91,116.37;39.82,116.25;
#487:
>0:39.86,116.39;39.89,116.42;
#488:
>0:40.01,116.35;39.95,116.31;
#489:
>0:39.91,116.4;39.96,116.37;
#490:
>0:39.89,116.71;39.94,116.81;
#491:
>0:39.81,116.32;39.89,116.37;39.82,116.21;39.88,116.43;39.96,116.26;39.85,116.4;39.84,116.38;
#492:
>0:40.18,116.21;39.91,116.22;39.97,116.44;39.96,116.64;
#493:
>0:39.75,116.21;39.53,116.23;39.32,116.26;
#494:
>0:39.96,116.33;39.81,116.28;39.9,116.44;
#495:
>0:39.89,116.28;40.17,116.37;40.05,116.25;40.09,116.4;39.82,116.33;39.96,116.42;
#496:
>0:39.93,116.34;39.91,116.21;
#497:
>0:39.37,116.67;39.05,116.67;38.97,116.37;
#498:
>0:39.04,116.1;39.07,116.12;
#499:
>0:39.63,116.46;39.71,116.43;40.05,116.41;
#500:
>0:39.81,116.34;39.81,116.25;
#501:
>0:39.88,116.7;39.92,116.66;39.96,116.51;39.91,116.41;
#502:
>0:39.88,116.45;39.97,116.28;
#503:
>0:39.78,116.13;39.79,116.3;39.95,116.21;39.96,116.4;39.91,116.57;39.85,116.75;
#504:
>0:39.93,116.42;39.9,116.21;39.99,116.22;
#505:
>0:39.95,116.19;39.93,116.26;39.9,116.34;39.81,116.55;39.95,116.63;39.89,116.79;
#506:
>0:39.84,116.29;39.9,116.4;39.84,116.31;40.14,116.38;39.86,116.41;39.9,116.35;
#507:
>0:39.97,116.24;40.0,116.38;40.01,116.28;39.64,116.44;39.77,116.26;39.86,116.44;
#508:
>0:39.05,116.18;39.04,116.12;
#509:
>0:39.97,116.35;39.81,116.2;39.84,116.32;
#510:
>0:40.04,116.35;40.06,116.5;
#511:
>0:39.54,116.26;39.6,116.2;39.94,116.25;
#512:
>0:39.89,116.22;39.67,116.35;39.84,116.32;40.05,116.28;40.22,116.34;40.16,116.54;39.95,116.75;
#513:
>0:39.91,116.27;39.88,116.34;39.89,116.29;39.84,116.43;39.89,116.26;39.95,116.24;
#514:
>0:39.99,116.42;39.9,116.27;
#515:
>0:40.21,116.82;39.88,116.81;39.86,116.67;39.76,116.5;39.44,116.37;39.18,116.12;
#516:
>0:39.84,116.81;39.9,116.68;39.95,116.57;39.94,116.33;
#517:
>0:39.98,116.42;39.72,116.39;39.54,116.67;
#518:
>0:39.99,116.25;39.85,116.34;39.93,116.23;39.8,116.37;39.81,116.29;39.95,116.35;39.92,116.55;39.83,116.73;
#519:
>0:39.97,116.21;40.04,116.34;
#520:
>0:40.0,116.4;39.88,116.24;
#521:
>0:40.06,116.51;40.11,116.49;
#522:
>0:39.12,116.18;39.09,116.12;
#523:
>0:39.87,116.36;39.85,116.24;39.99,116.24;
#524:
>0:39.29,116.65;39.07,116.68;39.13,116.41;
#525:
>0:39.99,116.34;39.98,116.26;39.87,116.07;39.99,116.2;
#526:
>0:39.2,116.16;39.45,116.13;39.78,116.13;
#527:
>0:39.84,116.45;39.84,116.25;40.17,116.34;39.99,116.28;
#528:
>0:39.55,116.4;39.8,116.47;39.27,116.64;
#529:
>0:39.99,116.78;39.97,116.72;
#530:
>0:39.87,116.41;39.82,116.22;39.96,116.28;
#531:
>0:39.85,116.25;39.95,116.36;40.04,116.35;39.82,116.21;39.86,116.24;
#532:
>0:40.12,116.57;39.86,116.47;39.79,116.45;39.51,116.79;
#533:
>0:39.8,116.73;39.93,116.63;40.1,116.52;39.91,116.43;
#534:
>0:39.95,116.3;39.87,116.35;39.89,116.24;39.87,116.22;
#535:
>0:40.17,116.69;39.82,116.77;39.82,116.7;39.41,116.64;
#536:
>0:40.01,116.29;39.87,116.36;39.9,116.25;39.89,116.35;39.91,116.25;39.99,116.4;40.0,116.28;39.94,116.31;
#537:
>0:39.84,116.25;39.91,116.2;
#538:
>0:39.0,116.08;39.16,116.19;
#539:
>0:39.11,116.17;39.16,116.07;
#540:
>0:39.98,116.44;39.84,116.29;39.95,116.3;
#541:
>0:39.81,116.32;40.08,116.32;39.98,116.37;39.92,116.23;39.82,116.37;39.89,116.23;39.81,116.39;39.89,116.4;
#542:
>0:39.84,116.29;40.0,116.17;39.72,116.23;39.96,116.22;39.96,116.44;39.86,116.39;
#543:
>0:39.22,116.59;39.5,116.77;39.68,116.65;39.92,116.68;40.1,116.44;
#544:
>0:39.98,116.39;39.98,116.24;
#545:
>0:39.94,116.24;39.87,116.34;39.87,116.22;39.86,116.42;39.99,116.31;39.96,116.42;39.92,116.36;
#546:
>0:39.86,116.23;40.0,116.39;39.84,116.22;39.85,116.42;39.86,116.48;40.01,116.73;
#547:
>0:39.97,116.11;39.71,116.21;39.98,116.23;40.01,116.33;40.1,116.63;
#548:
>0:40.01,116.3;40.01,116.37;39.82,116.22;39.97,116.44;39.87,116.45;
#549:
>0:39.58,116.52;39.7,116.62;
#550:
>0:39.84,116.38;40.09,116.42;39.84,116.67;
#551:
>0:39.66,116.45;39.93,116.35;40.05,116.26;
#552:
>0:39.91,116.32;40.2,116.25;39.82,116.13;39.81,116.38;
#553:
>0:39.89,116.27;40.09,116.43;40.12,116.2;39.97,116.37;
#554:
>0:39.92,116.29;39.91,116.32;39.89,116.22;40.15,116.28;40.11,116.36;39.81,116.38;
#555:
>0:39.94,116.43;39.88,116.31;39.84,116.29;
#556:
>0:39.95,116.25;39.93,116.34;39.81,116.21;39.92,116.43;39.93,116.38;
#557:
>0:40.01,116.22;39.95,116.41;39.97,116.25;39.87,116.35;39.9,116.3;39.95,116.27;
#558:
>0:39.9,116.31;39.82,116.33;40.01,116.26;39.89,116.45;39.81,116.34;
#559:
>0:39.95,116.78;39.83,116.58;39.98,116.47;39.96,116.37;39.86,116.44;
#560:
>0:39.81,116.38;40.0,116.3;
#561:
>0:39.38,116.39;39.63,116.41;39.62,116.5;39.39,116.78;
#562:
>0:39.98,116.37;39.97,116.3;39.82,116.37;39.86,116.3;39.96,116.12;39.65,116.12;39.91,116.22;39.84,116.35;39.81,116.29;39.98,116.42;39.91,116.26;39.9,116.4;39.94,116.21;39.94,116.4;40.01,116.38;
#563:
>0:39.0,116.17;39.06,116.17;
#564:
>0:40.01,116.45;39.82,116.26;39.95,116.34;39.94,116.22;39.89,116.44;39.84,116.36;
#565:
>0:39.98,116.43;40.01,116.32;
#566:
>0:39.85,116.3;40.01,116.34;39.95,116.28;39.8,116.22;39.91,116.22;
#567:
>0:39.97,116.21;39.71,116.45;39.97,116.42;39.99,116.29;39.84,116.31;
#568:
>0:39.92,116.77;39.88,116.59;39.84,116.56;39.81,116.34;
#569:
>0:39.06,116.12;39.17,116.11;
#570:
>0:39.91,116.28;39.81,116.38;39.87,116.27;39.96,116.39;40.01,116.23;39.94,116.39;39.83,116.28;39.85,116.42;39.82,116.57;39.88,116.58;40.0,116.78;39.9,116.71;
#571:
>0:39.81,116.13;39.6,116.31;39.47,116.43;39.38,116.47;39.06,116.54;
#572:
>0:39.1,116.37;39.14,116.33;
#573:
>0:39.9,116.23;40.11,116.38;39.81,116.22;
#574:
>0:39.86,116.33;39.81,116.25;
#575:
>0:39.73,116.42;39.86,116.37;40.19,116.14;
#576:
>0:40.0,116.41;39.88,116.28;39.98,116.21;
#577:
>0:39.32,116.65;39.51,116.79;
#578:
>0:39.92,116.25;40.02,116.43;39.91,116.33;39.85,116.43;
#579:
>0:39.24,116.61;39.02,116.64;39.0,116.36;
#580:
>0:39.78,116.55;39.79,116.68;40.18,116.46;
#581:
>0:40.01,116.45;40.0,116.28;39.97,116.41;39.83,116.23;40.15,116.22;40.17,116.36;39.89,116.35;
#582:
>0:39.82,116.4;39.81,116.31;39.99,116.44;39.96,116.26;39.98,116.34;40.0,116.28;40.01,116.19;39.84,116.25;40.0,116.45;39.95,116.25;39.81,116.39;39.8,116.31;39.9,116.37;40.01,116.22;39.87,116.43;39.87,116.21;39.81,116.4;40.0,116.29;39.99,116.4;40.0,116.23;39.94,116.34;39.85,116.3;39.95,116.39;39.96,116.45;
#583:
>0:38.97,116.11;39.12,116.12;
#584:
>0:39.8,116.38;39.85,116.24;
#585:
>0:39.85,116.38;40.01,116.31;39.96,116.22;
#586:
>0:40.01,116.33;40.0,116.23;39.68,116.25;39.89,116.24;
#587:
>0:39.75,116.71;39.49,116.58;39.36,116.57;
#588:
>0:39.83,116.27;39.84,116.34;39.94,116.55;39.73,116.47;39.55,116.41;39.65,116.48;39.53,116.59;39.4,116.73;39.87,116.73;
#589:
>0:38.97,116.56;39.33,116.62;39.41,116.77;39.6,116.69;39.87,116.69;40.08,116.44;
#590:
>0:39.88,116.79;39.9,116.64;39.95,116.56;40.16,116.42;39.97,116.41;
#591:
>0:40.0,116.77;39.87,116.67;39.94,116.76;
