#0:
>0:39.04,116.74;39.34,116.6;39.42,116.64;39.74,116.52;39.95,116.37;
#1:
>0:39.92,116.33;39.97,116.31;40.03,116.3;
#2:
>0:39.5,116.79;39.74,116.63;39.84,116.63;
#3:
>0:39.7,116.62;39.84,116.63;
#4:
>0:39.61,116.47;39.4,116.66;39.23,116.63;39.1,116.66;
#5:
>0:39.26,116.48;39.15,116.36;
#6:
>0:40.16,116.31;39.85,116.19;39.63,116.13;39.43,116.09;39.22,116.11;
#7:
>0:39.48,116.1;39.23,116.3;39.45,116.21;39.46,116.52;
#8:
>0:40.0,116.36;40.02,116.33;39.94,116.37;40.07,116.38;39.69,116.54;39.86,116.59;39.99,116.55;39.99,116.62;39.9,116.49;39.87,116.71;
#9:
>0:39.95,116.32;40.07,116.39;39.98,116.35;40.02,116.4;40.11,116.45;
#10:
>0:40.1,116.42;40.1,116.31;40.03,116.34;39.83,116.41;40.1,116.35;40.09,116.38;39.94,116.27;40.02,116.39;39.97,116.37;39.96,116.49;40.01,116.31;40.06,116.32;
#11:
>0:39.21,116.31;39.35,116.39;
#12:
>0:40.0,116.37;40.09,116.32;40.01,116.35;
#13:
>0:39.98,116.39;40.1,116.32;40.05,116.29;
#14:
>0:39.43,116.59;39.63,116.51;39.91,116.5;40.11,116.34;
#15:
>0:40.16,116.42;40.03,116.34;39.61,116.33;39.57,116.34;
#16:
>0:40.02,116.44;39.62,116.42;
#17:
>0:40.1,116.4;39.93,116.34;39.99,116.39;40.08,116.31;40.12,116.45;39.97,116.26;39.92,116.34;40.15,116.32;40.03,116.11;39.82,116.1;39.95,116.24;39.96,116.4;40.02,116.38;
#18:
>0:39.84,116.19;40.13,116.07;39.94,116.38;
#19:
>0:39.98,116.39;39.95,116.32;39.93,116.31;
#20:
>0:39.6,116.45;39.93,116.33;39.91,116.18;
#21:
>0:39.13,116.3;39.29,116.34;39.44,116.47;39.39,116.64;
#22:
>0:39.44,116.78;39.31,116.81;
#23:
>0:40.1,116.28;40.05,116.12;40.03,116.29;39.7,116.24;39.2,116.23;
#24:
>0:39.81,116.66;39.75,116.49;39.51,116.34;39.49,116.29;
#25:
>0:40.03,116.32;39.99,116.34;
#26:
>0:40.13,116.15;39.94,116.1;39.96,116.4;
#27:
>0:39.22,116.35;39.2,116.3;39.55,116.21;39.6,116.36;40.17,116.51;
#28:
>0:39.87,116.81;40.0,116.59;39.87,116.53;39.92,116.4;40.07,116.28;40.07,116.15;
#29:
>0:39.67,116.37;39.87,116.32;39.73,116.08;
#30:
>0:39.94,116.17;40.03,116.3;39.79,116.26;39.29,116.2;
#31:
>0:39.64,116.51;39.63,116.34;39.3,116.27;
#32:
>0:40.19,116.33;39.94,116.45;39.61,116.69;
#33:
>0:39.27,116.47;39.42,116.61;39.62,116.8;
#34:
>0:40.07,116.41;39.92,116.26;
#35:
>0:40.12,116.72;39.97,116.58;40.0,116.72;39.71,116.77;39.37,116.54;
#36:
>0:39.75,116.38;39.91,116.35;39.98,116.17;
#37:
>0:39.65,116.81;39.4,116.58;39.36,116.54;39.12,116.51;39.19,116.22;
#38:
>0:39.91,116.36;40.05,116.3;
#39:
>0:39.94,116.3;40.1,116.34;39.92,116.34;39.96,116.36;40.04,116.27;40.09,116.44;39.91,116.35;40.02,116.47;
#40:
>0:39.62,116.41;39.68,116.3;39.83,116.17;
#41:
>0:39.96,116.37;39.7,116.22;39.56,116.18;39.42,116.23;38.97,116.09;
#42:
>0:39.68,116.58;39.82,116.58;
#43:
>0:39.65,116.25;39.38,116.33;39.33,116.51;39.31,116.65;
#44:
>0:38.99,116.08;39.31,116.15;39.41,116.2;39.8,116.33;40.02,116.42;40.1,116.35;
#45:
>0:39.44,116.49;39.5,116.59;39.94,116.36;
#46:
>0:40.19,116.19;39.81,116.18;40.1,116.4;
#47:
>0:40.01,116.3;39.94,116.34;39.97,116.36;40.11,116.32;40.02,116.3;39.62,116.26;40.08,116.33;40.06,116.33;39.95,116.39;39.91,116.35;40.04,116.31;40.01,116.37;39.98,116.37;40.18,116.55;
#48:
>0:39.4,116.18;39.22,116.24;39.47,116.31;39.45,116.47;
#49:
>0:40.2,116.36;40.04,116.35;39.7,116.4;39.43,116.27;39.35,116.34;
#50:
>0:39.42,116.43;39.61,116.32;40.11,116.31;40.16,116.45;
#51:
>0:39.17,116.16;39.14,116.19;
#52:
>0:39.92,116.35;40.08,116.35;40.04,116.3;40.01,116.33;39.96,116.35;40.03,116.37;40.11,116.39;40.04,116.39;40.1,116.36;40.02,116.41;40.0,116.27;40.06,116.26;
#53:
>0:39.32,116.1;39.44,116.14;39.53,116.23;39.62,116.41;39.25,116.69;
#54:
>0:39.66,116.33;40.12,116.39;39.98,116.69;
#55:
>0:39.93,116.28;40.01,116.35;39.96,116.28;40.1,116.57;
#56:
>0:39.17,116.09;39.36,116.07;39.49,116.17;39.79,116.42;
#57:
>0:40.11,116.38;39.92,116.33;39.99,116.35;39.92,116.36;39.95,116.43;40.01,116.28;40.15,116.32;40.03,116.26;
#58:
>0:39.18,116.09;39.42,116.13;39.4,116.21;39.65,116.45;39.55,116.51;39.07,116.8;
#59:
>0:39.22,116.46;39.47,116.65;39.62,116.77;
#60:
>0:39.96,116.37;39.96,116.37;40.03,116.44;40.04,116.3;40.08,116.39;39.8,116.48;39.94,116.73;
#61:
>0:39.41,116.59;39.74,116.52;39.92,116.47;39.91,116.31;
#62:
>0:39.72,116.45;39.81,116.57;39.88,116.33;39.96,116.13;
#63:
>0:39.25,116.55;39.55,116.58;39.68,116.56;39.91,116.77;
#64:
>0:39.22,116.24;39.58,116.09;39.77,116.08;40.01,116.07;40.17,116.17;
#65:
>0:39.27,116.58;39.12,116.8;
#66:
>0:39.4,116.48;39.26,116.39;
#67:
>0:39.11,116.67;39.09,116.53;39.09,116.45;39.34,116.29;39.73,116.09;
#68:
>0:39.36,116.64;39.09,116.81;
#69:
>0:39.68,116.15;39.51,116.29;39.25,116.22;39.1,116.37;
#70:
>0:40.06,116.4;40.0,116.33;40.07,116.44;40.08,116.36;39.89,116.21;40.06,116.27;
#71:
>0:39.05,116.34;39.29,116.55;39.53,116.65;
#72:
>0:39.09,116.53;39.35,116.36;
#73:
>0:39.96,116.36;40.01,116.35;40.0,116.39;
#74:
>0:39.2,116.09;39.39,116.11;39.38,116.32;39.64,116.39;39.5,116.66;
#75:
>0:40.08,116.14;40.07,116.31;39.7,116.25;39.59,116.15;39.38,116.08;
#76:
>0:39.21,116.57;39.46,116.55;
#77:
>0:39.96,116.43;40.1,116.33;40.1,116.44;39.77,116.54;39.83,116.48;39.91,116.34;
#78:
>0:39.94,116.34;39.92,116.3;39.94,116.48;39.92,116.27;40.19,116.25;39.99,116.29;
#79:
>0:39.65,116.81;39.59,116.73;39.31,116.77;
#80:
>0:39.95,116.34;40.13,116.37;40.03,116.38;
#81:
>0:39.99,116.37;40.07,116.39;40.09,116.29;39.91,116.39;39.97,116.35;39.91,116.34;40.06,116.38;40.07,116.29;
#82:
>0:39.98,116.33;39.94,116.41;39.94,116.47;39.91,116.62;39.98,116.46;39.69,116.61;39.84,116.62;39.98,116.48;39.91,116.79;
#83:
>0:39.98,116.31;39.94,116.34;39.91,116.31;40.12,116.45;39.93,116.28;40.11,116.37;39.92,116.37;40.01,116.28;
#84:
>0:39.8,116.82;39.59,116.83;39.42,116.61;39.19,116.55;39.51,116.44;39.2,116.17;
#85:
>0:39.42,116.09;39.33,116.21;39.39,116.25;39.8,116.33;39.42,116.51;38.98,116.71;
#86:
>0:39.08,116.6;39.37,116.52;39.45,116.4;39.75,116.27;39.96,116.32;40.15,116.4;
#87:
>0:39.71,116.13;39.61,116.22;39.61,116.42;
#88:
>0:39.46,116.82;39.18,116.78;
#89:
>0:39.37,116.76;39.4,116.6;39.18,116.56;39.54,116.39;40.04,116.36;
#90:
>0:40.06,116.4;40.03,116.28;
#91:
>0:39.46,116.33;39.77,116.51;39.84,116.46;40.2,116.8;
#92:
>0:40.09,116.33;39.79,116.3;39.44,116.27;
#93:
>0:39.93,116.7;39.76,116.62;39.47,116.5;39.23,116.41;
#94:
>0:40.13,116.77;39.86,116.67;39.72,116.55;39.55,116.46;
#95:
>0:39.67,116.11;39.51,116.25;39.38,116.32;38.97,116.21;
#96:
>0:39.69,116.07;39.42,116.21;39.17,116.31;39.11,116.41;
#97:
>0:39.07,116.79;39.18,116.6;39.57,116.62;39.62,116.45;39.96,116.34;
#98:
>0:40.03,116.26;40.03,116.25;
#99:
>0:39.05,116.27;39.27,116.41;39.4,116.49;39.39,116.67;
#100:
>0:39.85,116.82;39.69,116.8;39.53,116.63;39.99,116.41;
#101:
>0:39.77,116.2;40.02,116.31;39.98,116.39;39.64,116.57;39.86,116.73;
#102:
>0:39.6,116.08;39.47,116.3;39.21,116.23;39.11,116.4;
#103:
>0:39.56,116.16;39.36,116.3;39.49,116.3;39.67,116.42;39.47,116.48;39.16,116.76;
#104:
>0:39.95,116.16;39.64,116.3;39.57,116.11;39.21,116.2;39.13,116.34;
#105:
>0:39.99,116.44;40.05,116.36;
#106:
>0:39.92,116.79;39.68,116.8;39.57,116.61;39.61,116.55;39.99,116.3;
#107:
>0:39.98,116.3;39.95,116.41;39.99,116.26;40.0,116.34;39.94,116.41;
#108:
>0:40.05,116.37;40.05,116.43;40.06,116.29;40.17,116.32;40.03,116.12;40.04,116.4;
#109:
>0:40.01,116.38;39.64,116.25;39.42,116.16;39.43,116.28;38.98,116.22;
#110:
>0:39.27,116.57;39.0,116.35;
#111:
>0:39.94,116.39;40.04,116.37;40.07,116.36;39.99,116.28;
#112:
>0:40.07,116.2;39.98,116.38;39.98,116.34;39.97,116.4;40.05,116.42;
#113:
>0:40.01,116.39;40.1,116.29;39.93,116.4;40.06,116.32;40.03,116.41;39.95,116.41;
#114:
>0:39.13,116.42;39.19,116.47;39.55,116.7;
#115:
>0:40.06,116.42;40.08,116.35;39.6,116.33;39.57,116.25;39.25,116.39;
#116:
>0:39.61,116.35;40.11,116.33;39.73,116.09;
#117:
>0:40.03,116.44;40.1,116.31;39.94,116.35;40.01,116.27;39.92,116.42;40.03,116.3;40.11,116.21;40.08,116.09;40.14,116.28;40.06,116.18;39.92,116.34;40.04,116.34;39.98,116.28;39.94,116.41;40.1,116.4;
#118:
>0:39.84,116.76;39.6,116.73;39.49,116.67;39.22,116.51;39.43,116.43;39.28,116.16;
#119:
>0:39.2,116.3;39.53,116.28;39.74,116.33;40.02,116.43;40.04,116.52;
#120:
>0:40.08,116.11;39.83,116.14;39.95,116.38;39.66,116.24;39.33,116.28;
#121:
>0:39.27,116.6;39.2,116.48;39.78,116.41;
#122:
>0:40.01,116.38;39.63,116.36;
#123:
>0:39.69,116.28;39.66,116.34;39.49,116.5;39.3,116.62;39.4,116.7;
#124:
>0:39.21,116.22;39.56,116.44;39.68,116.54;39.82,116.62;39.64,116.78;
#125:
>0:39.95,116.44;39.99,116.36;39.94,116.35;
#126:
>0:40.07,116.44;39.93,116.27;39.75,116.28;39.42,116.1;39.1,116.28;
#127:
>0:39.51,116.44;39.8,116.39;
#128:
>0:39.2,116.52;39.59,116.61;39.6,116.83;
#129:
>0:39.39,116.19;39.37,116.32;39.41,116.23;39.38,116.49;
#130:
>0:39.36,116.8;39.54,116.61;
#131:
>0:39.78,116.61;39.87,116.76;
#132:
>0:39.95,116.37;40.03,116.44;40.09,116.27;40.15,116.23;39.96,116.3;
#133:
>0:39.74,116.73;40.01,116.6;40.19,116.66;
#134:
>0:39.97,116.7;39.75,116.83;39.74,116.48;
#135:
>0:39.98,116.77;39.77,116.6;39.52,116.64;39.38,116.63;
#136:
>0:39.09,116.35;39.27,116.35;
#137:
>0:39.6,116.5;39.95,116.48;40.02,116.36;39.93,116.12;
#138:
>0:39.99,116.42;39.96,116.3;40.08,116.31;40.08,116.29;
#139:
>0:39.94,116.53;39.69,116.38;39.54,116.21;39.33,116.4;
#140:
>0:39.52,116.58;39.7,116.47;39.84,116.67;40.06,116.63;
#141:
>0:40.11,116.34;39.92,116.37;39.96,116.4;40.12,116.37;39.93,116.51;40.05,116.34;39.95,116.35;40.09,116.33;39.92,116.42;40.0,116.56;39.67,116.64;39.96,116.78;
#142:
>0:39.48,116.57;39.5,116.58;39.63,116.55;40.17,116.44;
#143:
>0:40.08,116.79;40.03,116.69;40.05,116.53;40.12,116.45;
#144:
>0:39.41,116.32;39.38,116.45;39.01,116.51;39.07,116.63;
#145:
>0:40.09,116.35;39.93,116.31;40.1,116.25;40.0,116.31;
#146:
>0:39.46,116.11;39.39,116.25;39.69,116.42;39.92,116.38;40.09,116.67;
#147:
>0:39.72,116.7;39.83,116.66;40.14,116.47;
#148:
>0:39.57,116.38;39.76,116.27;39.99,116.3;40.03,116.57;
#149:
>0:39.76,116.38;39.53,116.49;39.25,116.51;39.07,116.37;
#150:
>0:40.0,116.29;40.06,116.45;40.07,116.42;
#151:
>0:39.32,116.21;39.2,116.38;
#152:
>0:39.39,116.39;39.36,116.55;39.09,116.52;
#153:
>0:39.74,116.66;39.92,116.66;39.97,116.55;40.03,116.44;39.74,116.14;
#154:
>0:39.73,116.66;39.88,116.68;39.98,116.47;40.01,116.36;
#155:
>0:40.1,116.38;39.84,116.44;39.88,116.35;39.91,116.44;40.06,116.31;40.07,116.45;40.01,116.45;
#156:
>0:39.57,116.17;39.23,116.32;39.47,116.21;39.39,116.45;
#157:
>0:40.06,116.69;39.88,116.54;40.11,116.43;
#158:
>0:39.17,116.67;39.37,116.54;39.41,116.57;39.65,116.43;39.99,116.38;40.18,116.58;
#159:
>0:40.04,116.39;40.04,116.29;39.82,116.33;40.0,116.35;40.03,116.34;39.99,116.36;39.99,116.36;
#160:
>0:39.66,116.8;39.82,116.6;40.09,116.48;
#161:
>0:40.1,116.38;39.91,116.32;40.1,116.32;39.95,116.43;
#162:
>0:39.64,116.52;39.4,116.59;39.36,116.62;39.1,116.63;
#163:
>0:40.06,116.37;39.78,116.53;39.56,116.59;39.36,116.6;39.13,116.67;
#164:
>0:39.38,116.47;39.61,116.64;39.68,116.81;
#165:
>0:39.4,116.38;39.72,116.31;40.11,116.26;40.17,116.22;
#166:
>0:39.27,116.4;39.52,116.31;39.76,116.43;39.85,116.36;
#167:
>0:39.27,116.28;39.24,116.08;
#168:
>0:39.98,116.33;40.22,116.22;40.21,116.12;40.09,116.3;40.07,116.43;39.95,116.39;40.03,116.35;40.01,116.32;39.97,116.32;
#169:
>0:39.98,116.34;39.91,116.38;39.99,116.55;39.95,116.59;39.98,116.51;39.9,116.61;39.85,116.54;39.89,116.71;
#170:
>0:40.08,116.28;40.19,116.26;
#171:
>0:39.08,116.31;39.2,116.23;
#172:
>0:40.04,116.45;40.02,116.3;
#173:
>0:40.09,116.34;40.06,116.37;39.98,116.37;40.09,116.2;40.11,116.13;39.82,116.43;
#174:
>0:39.16,116.1;39.27,116.09;39.38,116.1;39.41,116.28;39.75,116.45;40.15,116.43;
#175:
>0:39.44,116.38;39.35,116.45;
#176:
>0:39.13,116.35;39.3,116.56;39.48,116.54;39.5,116.7;39.59,116.58;40.2,116.81;
#177:
>0:40.14,116.14;40.03,116.35;39.71,116.17;
#178:
>0:39.17,116.7;39.48,116.79;
#179:
>0:39.38,116.34;39.61,116.53;
#180:
>0:39.52,116.65;39.78,116.53;39.99,116.6;40.2,116.58;
#181:
>0:40.0,116.28;40.03,116.33;39.92,116.3;40.08,116.35;40.02,116.3;39.99,116.43;39.98,116.39;40.04,116.39;39.99,116.38;39.98,116.43;40.12,116.43;39.92,116.36;39.98,116.36;40.03,116.43;40.06,116.35;39.93,116.38;40.1,116.37;39.94,116.44;40.06,116.31;39.92,116.4;40.1,116.36;39.91,116.4;40.11,116.44;
#182:
>0:39.73,116.22;39.42,116.15;39.2,116.17;
#183:
>0:39.41,116.72;39.46,116.75;
#184:
>0:39.52,116.76;39.33,116.68;39.35,116.55;39.09,116.5;39.1,116.39;39.02,116.1;
#185:
>0:40.2,116.19;40.1,116.33;39.68,116.21;39.69,116.33;39.34,116.3;
#186:
>0:39.55,116.81;39.67,116.65;39.83,116.58;
#187:
>0:39.95,116.75;39.77,116.59;39.51,116.62;39.34,116.63;
#188:
>0:40.07,116.34;39.9,116.25;40.04,116.41;39.96,116.34;
#189:
>0:40.08,116.19;39.83,116.11;39.99,116.32;39.79,116.23;39.4,116.12;39.08,116.24;
#190:
>0:39.38,116.23;38.99,116.2;
#191:
>0:39.97,116.74;40.1,116.83;
#192:
>0:40.11,116.36;40.01,116.39;39.93,116.38;40.11,116.27;
#193:
>0:39.16,116.37;38.97,116.23;39.48,116.28;
#194:
>0:39.62,116.44;39.44,116.48;39.35,116.61;39.04,116.56;
#195:
>0:40.06,116.44;40.04,116.35;39.94,116.12;40.03,116.39;39.97,116.41;
#196:
>0:39.91,116.46;39.76,116.36;39.53,116.21;39.21,116.42;
#197:
>0:39.8,116.8;39.92,116.69;39.95,116.54;39.81,116.6;39.93,116.36;
#198:
>0:39.39,116.47;39.45,116.59;39.76,116.5;40.13,116.6;
#199:
>0:40.22,116.39;40.07,116.38;39.81,116.08;
#200:
>0:39.92,116.37;40.08,116.31;40.04,116.43;40.05,116.37;40.06,116.34;39.95,116.34;40.07,116.38;
#201:
>0:40.06,116.28;39.98,116.4;39.94,116.22;40.0,116.36;40.11,116.39;39.93,116.44;39.97,116.29;39.94,116.34;
#202:
>0:39.64,116.77;39.82,116.72;
#203:
>0:39.31,116.83;39.13,116.67;39.34,116.52;38.96,116.57;39.07,116.37;39.08,116.18;
#204:
>0:39.72,116.58;39.82,116.68;
#205:
>0:40.22,116.49;40.11,116.37;39.75,116.21;39.66,116.44;39.48,116.26;39.01,116.18;
#206:
>0:39.95,116.41;39.95,116.35;40.08,116.35;40.0,116.4;
#207:
>0:39.48,116.71;39.66,116.64;40.0,116.46;40.09,116.33;
#208:
>0:40.1,116.45;40.01,116.34;39.64,116.4;39.45,116.39;
#209:
>0:39.06,116.82;39.35,116.61;39.51,116.64;39.65,116.57;39.97,116.45;39.89,116.12;
#210:
>0:39.77,116.77;39.47,116.71;
#211:
>0:39.58,116.33;39.74,116.47;39.95,116.55;40.09,116.79;
#212:
>0:39.47,116.39;39.77,116.54;39.83,116.58;40.08,116.7;
#213:
>0:39.13,116.15;39.37,116.19;39.52,116.26;39.64,116.36;39.41,116.47;39.25,116.79;
#214:
>0:39.32,116.2;39.52,116.09;39.45,116.31;39.77,116.41;40.1,116.47;
#215:
>0:39.15,116.17;39.0,116.31;
#216:
>0:40.14,116.7;40.0,116.48;39.69,116.52;39.39,116.46;
#217:
>0:40.07,116.53;40.0,116.59;39.95,116.5;39.83,116.63;39.94,116.55;39.82,116.59;39.97,116.52;39.85,116.58;39.91,116.53;39.97,116.63;39.85,116.55;39.88,116.74;
#218:
>0:39.59,116.34;39.79,116.28;39.68,116.44;40.13,116.25;
#219:
>0:39.2,116.36;39.47,116.34;
#220:
>0:39.64,116.37;39.51,116.49;39.22,116.69;39.01,116.33;
#221:
>0:39.41,116.82;39.28,116.69;39.2,116.48;39.14,116.56;39.11,116.35;39.05,116.07;
#222:
>0:39.23,116.67;39.33,116.47;39.16,116.55;39.17,116.31;
#223:
>0:39.39,116.78;39.66,116.64;39.93,116.63;
#224:
>0:39.95,116.58;39.83,116.72;39.64,116.81;39.52,116.6;39.11,116.5;
#225:
>0:39.99,116.41;39.97,116.35;
#226:
>0:40.03,116.33;40.01,116.4;
#227:
>0:40.0,116.78;39.64,116.71;39.41,116.67;40.03,116.36;
#228:
>0:39.53,116.8;39.76,116.69;39.98,116.7;
#229:
>0:39.92,116.44;40.05,116.29;40.0,116.37;40.07,116.31;40.02,116.34;
#230:
>0:39.1,116.16;39.15,116.16;
#231:
>0:40.09,116.79;39.86,116.58;39.95,116.81;39.46,116.7;
#232:
>0:40.09,116.5;39.94,116.38;39.66,116.27;39.49,116.1;39.34,116.31;39.17,116.14;
#233:
>0:39.89,116.74;39.63,116.69;39.55,116.61;39.21,116.59;
#234:
>0:39.49,116.71;39.76,116.69;39.84,116.5;40.13,116.47;
#235:
>0:39.84,116.53;39.72,116.32;39.42,116.25;39.22,116.44;
#236:
>0:40.07,116.28;39.9,116.43;
#237:
>0:40.07,116.35;40.07,116.37;40.05,116.38;40.07,116.29;39.95,116.27;
#238:
>0:40.02,116.28;39.86,116.41;39.96,116.48;39.9,116.58;39.72,116.72;
#239:
>0:39.72,116.62;39.9,116.69;
#240:
>0:39.97,116.45;39.84,116.51;39.81,116.69;39.79,116.77;
#241:
>0:39.57,116.29;39.25,116.28;39.16,116.22;
#242:
>0:39.4,116.45;39.76,116.39;
#243:
>0:39.98,116.73;39.78,116.73;39.88,116.74;
#244:
>0:38.97,116.11;39.32,116.11;39.53,116.16;39.66,116.13;
#245:
>0:39.99,116.33;39.93,116.45;39.98,116.28;40.1,116.28;
#246:
>0:39.98,116.09;39.76,116.28;39.51,116.33;39.23,116.53;39.14,116.7;
#247:
>0:39.67,116.3;40.04,116.31;40.08,116.39;39.92,116.55;39.91,116.79;
#248:
>0:38.99,116.64;39.1,116.57;39.43,116.49;
#249:
>0:39.66,116.72;39.38,116.77;39.23,116.73;
#250:
>0:39.87,116.48;39.78,116.38;39.52,116.3;39.35,116.33;
#251:
>0:39.92,116.38;39.93,116.31;
#252:
>0:39.1,116.28;39.33,116.35;39.46,116.51;39.71,116.56;
#253:
>0:39.13,116.43;39.28,116.26;39.53,116.19;39.67,116.1;39.94,116.12;
#254:
>0:39.57,116.71;39.79,116.61;39.9,116.58;39.83,116.55;40.08,116.37;39.93,116.18;
#255:
>0:40.1,116.51;39.94,116.61;39.92,116.78;39.93,116.66;39.74,116.61;39.9,116.58;40.0,116.77;39.71,116.8;39.41,116.67;39.79,116.45;39.88,116.54;39.86,116.8;
#256:
>0:39.9,116.75;39.71,116.78;39.84,116.66;39.92,116.55;39.93,116.36;
#257:
>0:39.93,116.81;39.65,116.79;39.58,116.65;39.72,116.52;40.08,116.36;
#258:
>0:40.17,116.55;40.01,116.63;39.8,116.75;
#259:
>0:39.85,116.18;39.74,116.29;39.46,116.37;39.36,116.56;39.16,116.61;
#260:
>0:39.72,116.38;39.93,116.36;39.83,116.12;
#261:
>0:39.93,116.79;39.93,116.64;39.87,116.78;39.82,116.68;40.0,116.49;39.87,116.66;39.96,116.47;39.92,116.58;39.9,116.52;39.96,116.74;
#262:
>0:39.18,116.51;39.45,116.54;39.55,116.62;39.85,116.47;
#263:
>0:39.39,116.28;39.75,116.42;40.02,116.37;40.04,116.49;
#264:
>0:39.3,116.79;39.58,116.69;
#265:
>0:39.86,116.12;39.98,116.18;
#266:
>0:39.59,116.57;39.61,116.62;39.73,116.82;
#267:
>0:39.92,116.48;40.09,116.31;
#268:
>0:40.09,116.2;40.02,116.37;40.04,116.4;40.14,116.48;
#269:
>0:39.68,116.15;39.59,116.22;39.23,116.3;39.0,116.26;
#270:
>0:40.15,116.43;40.02,116.34;39.63,116.67;
#271:
>0:39.4,116.33;39.61,116.23;39.77,116.32;40.04,116.53;
#272:
>0:39.94,116.33;40.08,116.35;
#273:
>0:39.23,116.71;39.49,116.58;
#274:
>0:40.03,116.59;39.83,116.79;39.75,116.7;
#275:
>0:39.48,116.58;39.26,116.54;39.08,116.55;38.97,116.43;39.29,116.08;
#276:
>0:39.92,116.34;39.93,116.36;
#277:
>0:39.62,116.63;39.87,116.48;
#278:
>0:40.07,116.42;39.96,116.34;40.2,116.41;40.0,116.3;
#279:
>0:39.93,116.45;39.76,116.43;
#280:
>0:40.01,116.35;39.97,116.47;40.11,116.36;40.07,116.35;40.04,116.39;40.11,116.34;
#281:
>0:40.01,116.31;39.98,116.4;40.03,116.3;40.04,116.41;40.0,116.32;39.91,116.42;39.94,116.38;
#282:
>0:40.09,116.34;40.04,116.3;
#283:
>0:39.89,116.73;39.92,116.68;39.7,116.6;39.22,116.49;
#284:
>0:39.2,116.42;39.4,116.24;39.7,116.4;40.1,116.38;
#285:
>0:39.77,116.74;39.41,116.64;39.72,116.57;40.08,116.34;
#286:
>0:40.18,116.11;39.97,116.3;39.93,116.38;39.81,116.55;39.63,116.65;
#287:
>0:40.16,116.79;39.95,116.65;39.93,116.74;39.66,116.82;39.25,116.55;
#288:
>0:40.0,116.37;40.17,116.24;40.02,116.15;39.95,116.35;
#289:
>0:39.41,116.77;39.57,116.8;
#290:
>0:39.97,116.3;40.0,116.43;39.98,116.32;40.16,116.44;40.01,116.21;
#291:
>0:40.08,116.35;40.07,116.35;40.0,116.56;40.11,116.75;
#292:
>0:39.97,116.37;40.07,116.27;39.9,116.24;
#293:
>0:39.34,116.46;39.57,116.51;
#294:
>0:40.03,116.29;39.96,116.45;
#295:
>0:39.84,116.79;39.88,116.62;39.92,116.49;39.83,116.51;40.04,116.33;
#296:
>0:39.81,116.8;39.61,116.75;39.44,116.6;40.08,116.39;
#297:
>0:39.79,116.77;39.4,116.58;39.19,116.59;39.16,116.63;
#298:
>0:39.96,116.56;39.76,116.48;39.49,116.56;
#299:
>0:39.92,116.34;39.76,116.57;39.39,116.63;39.3,116.78;
#300:
>0:40.03,116.4;39.98,116.33;39.95,116.25;
#301:
>0:39.14,116.76;39.33,116.64;39.31,116.55;39.3,116.45;
#302:
>0:39.84,116.33;40.22,116.36;40.08,116.37;39.9,116.55;39.97,116.37;40.1,116.29;39.93,116.33;
#303:
>0:39.66,116.5;40.01,116.52;39.91,116.41;39.82,116.13;
#304:
>0:39.9,116.7;39.79,116.7;39.4,116.54;
#305:
>0:39.89,116.33;40.04,116.28;40.14,116.21;39.99,116.36;
#306:
>0:39.62,116.27;39.52,116.12;
#307:
>0:39.95,116.13;39.6,116.28;39.41,116.09;39.31,116.27;39.06,116.33;
#308:
>0:39.13,116.72;39.2,116.59;39.4,116.68;39.63,116.52;39.83,116.7;
#309:
>0:39.18,116.68;39.58,116.64;39.33,116.48;39.34,116.23;
#310:
>0:39.98,116.32;39.92,116.44;39.82,116.22;40.04,116.38;39.93,116.32;39.92,116.28;
#311:
>0:40.05,116.28;39.66,116.2;39.56,116.17;39.58,116.32;38.98,116.25;
#312:
>0:40.22,116.13;39.91,116.28;39.99,116.44;39.85,116.52;39.92,116.6;39.75,116.79;
#313:
>0:39.92,116.31;40.05,116.31;39.94,116.37;
#314:
>0:39.19,116.47;39.29,116.6;
#315:
>0:39.51,116.12;39.7,116.25;40.05,116.3;40.2,116.23;
#316:
>0:39.11,116.4;39.23,116.33;39.47,116.32;
#317:
>0:39.97,116.34;39.98,116.37;
#318:
>0:39.86,116.08;40.06,116.37;39.59,116.32;39.72,116.39;39.4,116.47;39.19,116.71;
#319:
>0:39.57,116.15;39.2,116.3;39.52,116.32;39.68,116.38;39.5,116.54;39.1,116.74;
#320:
>0:39.15,116.17;39.05,116.21;
#321:
>0:40.01,116.28;40.12,116.42;40.08,116.26;40.06,116.39;40.04,116.37;40.08,116.37;
#322:
>0:39.74,116.09;39.38,116.3;39.2,116.43;
#323:
>0:39.41,116.77;39.5,116.73;
#324:
>0:40.03,116.37;39.99,116.44;39.93,116.09;
#325:
>0:39.52,116.47;39.55,116.64;40.09,116.36;
#326:
>0:40.09,116.36;40.09,116.27;39.83,116.41;39.95,116.35;39.93,116.43;39.95,116.3;40.03,116.34;40.06,116.36;39.94,116.39;39.93,116.34;40.18,116.23;40.05,116.17;39.93,116.45;
#327:
>0:38.98,116.39;39.18,116.21;39.56,116.2;39.73,116.11;39.87,116.08;
#328:
>0:39.9,116.34;40.01,116.34;40.16,116.26;40.03,116.29;
#329:
>0:40.1,116.3;39.97,116.42;39.99,116.38;40.11,116.37;39.96,116.34;40.0,116.43;39.86,116.35;40.1,116.38;40.09,116.28;40.04,116.37;40.04,116.42;
#330:
>0:39.74,116.49;39.97,116.56;39.93,116.36;39.76,116.1;
#331:
>0:39.65,116.09;39.45,116.24;39.22,116.29;39.07,116.22;
#332:
>0:39.96,116.35;39.72,116.24;39.59,116.13;39.27,116.27;38.97,116.08;
#333:
>0:39.8,116.77;39.64,116.76;39.44,116.6;39.34,116.55;39.48,116.34;39.24,116.11;
#334:
>0:39.38,116.8;39.33,116.7;39.27,116.5;39.16,116.54;39.08,116.36;39.06,116.08;
#335:
>0:39.54,116.43;39.72,116.57;39.96,116.53;40.1,116.71;
#336:
>0:39.2,116.16;39.5,116.19;39.58,116.23;39.6,116.44;40.03,116.42;
#337:
>0:40.19,116.47;40.08,116.36;39.72,116.23;39.41,116.11;39.34,116.2;39.15,116.1;
#338:
>0:40.01,116.36;39.96,116.35;40.01,116.52;39.74,116.69;39.96,116.75;
#339:
>0:39.7,116.21;39.46,116.35;39.34,116.45;39.27,116.68;
#340:
>0:38.96,116.55;39.18,116.63;39.57,116.81;
#341:
>0:39.29,116.38;39.39,116.25;39.79,116.36;39.91,116.29;
#342:
>0:39.07,116.33;39.22,116.2;39.4,116.14;39.71,116.19;39.88,116.16;
#343:
>0:39.2,116.63;39.24,116.53;39.19,116.36;
#344:
>0:39.41,116.69;39.72,116.53;39.97,116.55;40.04,116.53;
#345:
>0:39.01,116.58;39.29,116.57;39.44,116.49;39.56,116.7;39.71,116.56;40.03,116.69;
#346:
>0:39.08,116.19;39.33,116.09;39.56,116.22;39.7,116.42;40.02,116.34;39.94,116.39;40.11,116.37;39.74,116.47;39.87,116.62;39.88,116.47;39.9,116.71;
#347:
>0:39.16,116.16;39.22,116.12;39.53,116.14;39.7,116.14;39.96,116.19;
#348:
>0:39.96,116.38;39.97,116.29;
#349:
>0:40.05,116.12;39.87,116.19;39.97,116.37;39.42,116.15;
#350:
>0:39.04,116.16;39.2,116.22;39.05,116.29;39.09,116.18;39.22,116.11;39.39,116.15;39.58,116.25;39.72,116.35;39.95,116.39;39.98,116.48;39.86,116.75;
#351:
>0:40.05,116.31;40.13,116.24;40.1,116.13;40.02,116.44;
#352:
>0:40.22,116.12;39.94,116.33;39.65,116.26;39.45,116.09;39.19,116.26;38.98,116.11;
#353:
>0:39.08,116.15;39.2,116.08;39.39,116.11;39.38,116.23;39.65,116.33;40.04,116.44;
#354:
>0:39.79,116.8;39.49,116.75;
#355:
>0:38.99,116.16;39.19,116.25;
#356:
>0:39.88,116.43;39.94,116.34;39.92,116.26;
#357:
>0:40.17,116.8;39.82,116.66;39.77,116.52;39.72,116.38;39.47,116.22;39.33,116.18;
#358:
>0:39.22,116.38;39.34,116.31;38.97,116.12;
#359:
>0:39.96,116.4;39.91,116.29;
#360:
>0:39.64,116.45;39.6,116.35;39.26,116.23;
#361:
>0:40.03,116.41;40.01,116.33;40.1,116.37;39.98,116.32;39.96,116.37;40.11,116.32;40.1,116.38;
#362:
>0:39.8,116.47;39.72,116.39;39.37,116.31;
#363:
>0:40.02,116.35;40.06,116.4;39.97,116.37;39.92,116.39;39.76,116.57;39.9,116.47;39.89,116.76;
#364:
>0:40.02,116.4;39.71,116.46;39.46,116.62;39.33,116.72;
#365:
>0:39.47,116.74;39.22,116.67;39.35,116.46;39.0,116.47;39.14,116.42;39.13,116.11;
#366:
>0:40.06,116.4;39.87,116.46;39.49,116.6;
#367:
>0:39.93,116.35;39.96,116.38;39.95,116.37;39.93,116.39;40.05,116.3;40.1,116.36;39.94,116.28;40.05,116.36;39.93,116.48;39.82,116.33;39.89,116.57;40.0,116.73;
#368:
>0:39.3,116.48;38.97,116.55;38.96,116.41;39.16,116.08;
#369:
>0:39.58,116.18;39.71,116.25;40.09,116.33;39.94,116.48;39.7,116.6;
#370:
>0:39.68,116.22;39.52,116.39;39.19,116.53;39.56,116.46;38.97,116.74;
#371:
>0:39.92,116.39;39.97,116.26;39.84,116.31;
#372:
>0:39.13,116.32;39.31,116.31;
#373:
>0:39.42,116.61;39.28,116.49;39.12,116.49;39.09,116.35;39.35,116.17;
#374:
>0:39.37,116.34;39.49,116.32;
#375:
>0:39.73,116.23;39.62,116.41;39.47,116.57;39.22,116.61;39.43,116.76;
#376:
>0:40.03,116.41;40.04,116.37;40.1,116.26;40.02,116.33;
#377:
>0:39.21,116.66;39.46,116.67;39.73,116.42;
#378:
>0:40.05,116.38;40.01,116.35;39.94,116.24;39.99,116.36;40.01,116.27;40.0,116.35;39.95,116.31;40.1,116.43;40.08,116.26;40.11,116.43;39.91,116.37;40.03,116.4;39.83,116.34;
#379:
>0:39.7,116.57;39.9,116.59;
#380:
>0:39.51,116.39;39.69,116.27;39.78,116.33;40.11,116.29;
#381:
>0:39.93,116.33;40.02,116.34;
#382:
>0:39.66,116.39;39.97,116.42;39.85,116.51;40.19,116.76;
#383:
>0:40.09,116.46;40.0,116.47;
#384:
>0:39.28,116.13;39.42,116.17;39.46,116.27;39.67,116.43;39.54,116.61;
#385:
>0:39.9,116.71;39.87,116.62;39.99,116.54;39.92,116.43;40.03,116.35;
#386:
>0:39.03,116.17;39.3,116.2;39.52,116.14;39.56,116.21;39.77,116.43;40.18,116.45;
#387:
>0:39.08,116.18;38.97,116.11;
#388:
>0:40.11,116.57;39.91,116.51;
#389:
>0:40.13,116.15;39.97,116.27;39.67,116.29;39.39,116.54;
#390:
>0:40.01,116.37;40.01,116.45;40.03,116.3;39.99,116.39;40.0,116.27;39.92,116.36;39.92,116.41;
#391:
>0:39.94,116.37;39.86,116.4;39.92,116.32;39.94,116.26;
#392:
>0:39.03,116.52;39.25,116.65;39.45,116.72;
#393:
>0:40.21,116.68;40.02,116.56;40.09,116.42;
#394:
>0:39.94,116.31;40.05,116.29;
#395:
>0:39.23,116.4;39.55,116.45;39.39,116.62;39.76,116.54;40.04,116.72;
#396:
>0:40.06,116.71;39.87,116.66;39.89,116.51;39.94,116.36;39.69,116.26;
#397:
>0:39.96,116.27;39.65,116.21;39.39,116.09;39.4,116.32;38.98,116.26;
#398:
>0:40.07,116.46;39.59,116.5;39.84,116.47;39.86,116.64;40.0,116.56;39.98,116.32;40.09,116.35;39.92,116.41;39.86,116.3;39.95,116.42;40.04,116.32;40.06,116.3;
#399:
>0:39.98,116.27;40.19,116.33;39.95,116.43;40.03,116.38;
#400:
>0:40.04,116.73;39.89,116.61;39.85,116.51;39.99,116.39;39.67,116.26;
#401:
>0:39.97,116.37;39.98,116.35;39.95,116.28;40.11,116.33;40.0,116.34;40.1,116.33;39.99,116.36;
#402:
>0:39.68,116.16;39.47,116.23;39.35,116.34;39.02,116.52;38.97,116.58;
#403:
>0:40.18,116.32;40.06,116.44;39.77,116.41;39.59,116.4;
#404:
>0:39.92,116.41;39.91,116.33;40.08,116.36;40.09,116.37;40.01,116.34;40.03,116.33;40.03,116.33;39.97,116.33;39.92,116.27;
#405:
>0:40.01,116.71;39.6,116.72;39.51,116.68;39.76,116.45;39.47,116.28;
#406:
>0:39.1,116.11;39.11,116.1;
#407:
>0:39.38,116.09;39.06,116.32;39.03,116.45;
#408:
>0:40.1,116.37;39.75,116.26;39.56,116.15;39.29,116.26;39.0,116.16;
#409:
>0:39.89,116.6;39.97,116.81;39.68,116.78;39.55,116.6;39.14,116.5;
#410:
>0:39.45,116.63;39.73,116.53;39.88,116.59;40.13,116.69;
#411:
>0:39.88,116.51;40.01,116.36;40.07,116.25;39.9,116.1;
#412:
>0:39.07,116.16;39.06,116.17;
#413:
>0:39.86,116.75;39.64,116.74;39.55,116.62;39.64,116.54;40.0,116.53;39.96,116.73;
#414:
>0:40.15,116.63;39.91,116.82;39.69,116.82;39.56,116.72;39.34,116.8;39.13,116.77;
#415:
>0:39.46,116.72;39.34,116.64;39.26,116.47;39.17,116.47;39.24,116.32;
#416:
>0:40.08,116.32;40.08,116.39;40.09,116.27;40.05,116.35;40.11,116.33;40.02,116.38;40.02,116.35;40.12,116.4;39.98,116.27;39.92,116.34;40.03,116.39;
#417:
>0:39.72,116.48;39.81,116.66;
#418:
>0:39.59,116.71;39.47,116.65;39.23,116.47;39.04,116.49;39.33,116.24;
#419:
>0:39.32,116.55;39.41,116.62;39.65,116.48;39.83,116.79;
#420:
>0:39.87,116.16;40.0,116.38;39.72,116.26;39.78,116.41;39.52,116.58;39.11,116.71;
#421:
>0:39.86,116.8;39.67,116.75;39.41,116.65;39.8,116.57;39.82,116.45;39.99,116.69;39.86,116.5;39.87,116.74;
#422:
>0:39.58,116.72;39.6,116.58;40.0,116.65;39.9,116.45;40.09,116.31;
#423:
>0:39.51,116.75;39.28,116.59;39.21,116.45;39.05,116.46;39.19,116.3;
#424:
>0:39.67,116.65;39.99,116.76;
#425:
>0:39.96,116.27;39.95,116.42;40.02,116.34;40.1,116.21;40.03,116.43;40.01,116.33;40.1,116.32;40.07,116.35;39.94,116.31;40.05,116.44;39.93,116.27;40.0,116.49;40.11,116.26;39.95,116.39;39.95,116.35;40.03,116.37;39.92,116.33;40.01,116.42;40.01,116.29;39.97,116.39;39.99,116.27;40.09,116.38;39.94,116.37;39.61,116.2;39.6,116.33;39.43,116.49;39.74,116.33;39.69,116.2;40.0,116.31;39.92,116.31;
#426:
>0:39.94,116.28;39.95,116.43;40.07,116.34;
#427:
>0:40.09,116.3;40.17,116.11;40.01,116.35;40.09,116.44;40.0,116.29;39.95,116.36;40.03,116.37;39.95,116.33;40.09,116.29;39.98,116.44;40.03,116.31;39.94,116.38;40.07,116.27;40.02,116.42;40.06,116.27;39.91,116.35;39.93,116.28;39.96,116.39;39.99,116.55;39.71,116.66;39.89,116.76;
#428:
>0:39.07,116.51;39.32,116.55;
#429:
>0:39.93,116.75;39.67,116.65;39.49,116.6;39.32,116.66;
#430:
>0:40.03,116.28;39.86,116.43;39.77,116.53;40.03,116.34;
#431:
>0:40.06,116.43;39.79,116.49;39.89,116.51;40.1,116.38;40.0,116.3;39.94,116.42;39.99,116.38;40.04,116.26;
#432:
>0:39.67,116.16;39.39,116.32;39.19,116.31;39.15,116.43;
#433:
>0:40.05,116.42;40.01,116.23;39.97,116.28;
#434:
>0:40.0,116.7;39.69,116.8;39.39,116.63;39.96,116.44;
#435:
>0:40.06,116.38;39.98,116.3;
#436:
>0:39.59,116.58;39.28,116.5;39.11,116.46;39.14,116.35;39.23,116.09;
#437:
>0:40.09,116.38;40.0,116.34;40.01,116.34;39.92,116.33;39.98,116.33;39.81,116.57;39.9,116.6;39.86,116.56;39.83,116.72;
#438:
>0:40.04,116.77;39.99,116.7;39.74,116.56;39.56,116.32;39.55,116.29;
#439:
>0:39.23,116.54;39.52,116.56;
#440:
>0:40.01,116.74;39.66,116.81;39.47,116.64;39.7,116.45;40.1,116.31;
#441:
>0:39.81,116.45;39.86,116.63;39.77,116.74;
#442:
>0:39.96,116.29;39.94,116.38;39.93,116.35;40.05,116.37;40.08,116.36;39.9,116.2;39.92,116.3;
#443:
>0:39.99,116.27;40.05,116.36;40.0,116.3;39.95,116.43;39.8,116.3;40.07,116.37;39.84,116.32;39.95,116.33;39.91,116.48;39.96,116.61;39.92,116.78;39.93,116.79;
#444:
>0:39.94,116.73;39.77,116.8;39.38,116.59;39.83,116.41;
#445:
>0:39.67,116.37;39.78,116.31;
#446:
>0:39.51,116.72;39.64,116.6;
#447:
>0:39.43,116.11;39.23,116.25;39.47,116.27;39.54,116.46;
#448:
>0:39.91,116.35;39.88,116.31;39.76,116.26;40.0,116.36;40.09,116.36;40.06,116.38;40.2,116.27;40.11,116.26;
#449:
>0:40.06,116.32;39.68,116.28;39.49,116.16;39.21,116.27;38.96,116.12;
#450:
>0:39.44,116.36;39.26,116.26;39.49,116.11;
#451:
>0:39.41,116.67;39.75,116.47;39.92,116.68;40.02,116.7;
#452:
>0:39.21,116.48;39.07,116.51;38.98,116.33;39.11,116.16;
#453:
>0:39.38,116.19;39.61,116.24;40.09,116.28;40.01,116.39;39.61,116.65;
#454:
>0:40.09,116.37;40.1,116.35;40.03,116.38;39.94,116.35;39.98,116.4;
#455:
>0:40.16,116.6;39.95,116.46;39.7,116.45;39.57,116.49;
#456:
>0:39.99,116.38;40.01,116.36;39.82,116.56;39.64,116.58;39.88,116.62;39.85,116.46;40.02,116.33;40.05,116.34;40.03,116.35;39.97,116.3;39.92,116.43;40.0,116.28;39.92,116.44;39.99,116.29;40.0,116.36;39.93,116.27;39.98,116.37;40.04,116.3;40.0,116.39;39.98,116.33;40.12,116.34;
#457:
>0:40.02,116.38;40.1,116.37;39.91,116.41;40.09,116.33;
#458:
>0:39.71,116.42;40.06,116.4;39.92,116.54;39.96,116.81;
#459:
>0:39.96,116.75;39.76,116.82;39.47,116.69;40.0,116.37;
#460:
>0:40.02,116.4;39.92,116.38;
#461:
>0:40.14,116.09;39.93,116.18;39.92,116.32;40.02,116.37;39.77,116.58;
#462:
>0:40.13,116.82;39.93,116.66;39.97,116.79;39.7,116.79;39.46,116.58;39.08,116.55;
#463:
>0:39.67,116.23;39.62,116.43;39.36,116.09;
#464:
>0:40.11,116.27;39.92,116.36;40.06,116.36;39.94,116.43;39.83,116.28;39.96,116.39;40.07,116.39;
#465:
>0:39.45,116.43;39.22,116.55;38.98,116.47;
#466:
>0:39.96,116.28;39.61,116.24;39.39,116.16;39.29,116.3;39.02,116.33;
#467:
>0:40.1,116.69;39.92,116.47;
#468:
>0:39.71,116.53;39.67,116.43;39.57,116.54;39.01,116.48;
#469:
>0:39.47,116.76;39.49,116.8;
#470:
>0:39.8,116.7;39.87,116.72;
#471:
>0:39.24,116.79;39.14,116.66;39.31,116.49;39.11,116.54;39.1,116.38;39.03,116.18;
#472:
>0:39.75,116.11;39.38,116.31;39.31,116.29;39.15,116.35;
#473:
>0:39.92,116.77;39.83,116.64;39.84,116.49;40.05,116.38;
#474:
>0:39.44,116.28;39.31,116.21;38.99,116.07;
#475:
>0:40.01,116.13;40.06,116.34;39.76,116.2;39.6,116.35;39.57,116.47;39.17,116.71;
#476:
>0:39.98,116.37;39.83,116.3;40.02,116.43;40.03,116.28;39.96,116.36;
#477:
>0:40.0,116.33;39.94,116.4;
#478:
>0:39.96,116.4;39.98,116.3;39.91,116.29;
#479:
>0:40.21,116.79;39.85,116.61;39.78,116.52;39.61,116.33;39.54,116.32;39.34,116.19;
#480:
>0:39.83,116.6;39.7,116.64;39.47,116.7;39.23,116.68;39.13,116.58;
#481:
>0:39.13,116.36;39.3,116.4;
#482:
>0:39.66,116.24;39.52,116.12;
#483:
>0:39.16,116.15;39.07,116.22;
#484:
>0:39.97,116.33;39.65,116.24;39.77,116.43;39.43,116.53;39.29,116.79;
#485:
>0:38.96,116.46;39.22,116.57;
#486:
>0:40.03,116.37;39.94,116.39;39.65,116.37;
#487:
>0:39.99,116.33;40.01,116.4;39.95,116.37;40.01,116.38;39.95,116.29;39.93,116.39;39.78,116.52;39.93,116.44;39.71,116.47;39.63,116.4;39.82,116.49;39.91,116.28;39.93,116.34;40.03,116.37;
#488:
>0:39.92,116.39;39.91,116.29;40.1,116.35;39.66,116.51;39.82,116.46;39.9,116.8;
#489:
>0:39.37,116.34;39.43,116.56;39.59,116.6;39.86,116.82;
#490:
>0:39.25,116.1;39.41,116.15;39.55,116.22;39.63,116.42;40.18,116.43;
#491:
>0:39.92,116.42;40.03,116.33;40.06,116.27;
#492:
>0:39.41,116.18;39.51,116.31;39.8,116.39;39.95,116.39;40.11,116.63;
#493:
>0:39.62,116.79;39.44,116.62;39.69,116.47;39.97,116.44;
#494:
>0:39.71,116.1;39.52,116.24;39.22,116.24;39.09,116.25;
#495:
>0:40.09,116.26;39.68,116.24;39.61,116.34;39.98,116.33;39.96,116.33;39.98,116.35;40.04,116.31;40.09,116.41;40.02,116.36;40.06,116.34;40.05,116.28;40.11,116.38;40.0,116.41;
#496:
>0:39.99,116.41;40.1,116.34;39.98,116.33;39.95,116.36;39.88,116.33;
#497:
>0:40.21,116.57;40.03,116.69;
#498:
>0:39.36,116.2;39.58,116.24;39.64,116.45;39.98,116.39;
#499:
>0:40.09,116.38;39.87,116.36;
#500:
>0:39.95,116.33;40.08,116.35;39.78,116.48;39.6,116.42;40.11,116.4;39.96,116.38;40.04,116.41;40.1,116.38;39.98,116.37;39.96,116.33;
#501:
>0:39.79,116.46;39.86,116.67;
#502:
>0:40.06,116.39;40.09,116.32;40.03,116.44;40.06,116.32;39.96,116.33;39.98,116.34;40.19,116.2;39.92,116.28;
#503:
>0:39.31,116.47;39.09,116.48;39.04,116.37;39.16,116.17;
#504:
>0:39.15,116.36;39.35,116.52;39.54,116.65;
#505:
>0:39.24,116.33;39.22,116.28;38.97,116.08;
#506:
>0:40.02,116.49;40.02,116.34;40.06,116.44;40.22,116.19;
#507:
>0:39.7,116.51;39.66,116.4;39.39,116.53;38.96,116.47;
#508:
>0:40.12,116.16;40.07,116.26;39.79,116.29;39.41,116.56;
#509:
>0:39.48,116.76;39.2,116.71;
#510:
>0:40.05,116.16;39.99,116.19;
#511:
>0:40.02,116.35;40.08,116.28;40.07,116.32;
#512:
>0:39.07,116.4;39.12,116.27;39.45,116.31;
#513:
>0:40.02,116.34;40.08,116.42;
#514:
>0:39.14,116.1;39.07,116.14;
#515:
>0:39.92,116.81;39.67,116.62;39.4,116.6;39.29,116.66;
#516:
>0:39.95,116.39;40.07,116.27;39.93,116.36;
#517:
>0:39.07,116.2;39.36,116.44;39.48,116.48;39.66,116.62;
#518:
>0:39.06,116.36;39.18,116.57;
#519:
>0:39.41,116.25;39.51,116.19;
#520:
>0:39.86,116.83;39.73,116.74;39.43,116.67;39.8,116.54;39.95,116.37;
#521:
>0:39.0,116.22;39.2,116.27;
#522:
>0:39.67,116.41;39.69,116.21;
#523:
>0:40.04,116.31;40.03,116.36;40.04,116.27;40.0,116.43;40.2,116.46;
#524:
>0:40.08,116.27;39.96,116.39;40.11,116.27;39.94,116.41;40.04,116.34;39.96,116.4;39.91,116.31;40.03,116.29;39.98,116.28;
#525:
>0:39.86,116.67;39.63,116.62;39.91,116.47;39.99,116.33;
#526:
>0:39.99,116.34;40.09,116.21;40.16,116.18;40.03,116.42;
#527:
>0:39.24,116.73;39.57,116.69;39.75,116.57;39.59,116.37;40.02,116.3;
#528:
>0:39.85,116.69;39.77,116.72;
#529:
>0:39.94,116.29;39.79,116.21;39.71,116.43;39.23,116.1;
#530:
>0:39.19,116.53;39.39,116.5;
#531:
>0:39.36,116.47;39.49,116.4;39.72,116.3;39.99,116.17;
#532:
>0:39.95,116.74;39.71,116.66;39.43,116.54;39.29,116.35;
#533:
>0:39.42,116.12;39.42,116.27;39.73,116.34;39.71,116.52;
#534:
>0:40.0,116.31;40.1,116.4;39.94,116.35;
#535:
>0:40.05,116.56;40.04,116.36;40.08,116.2;39.99,116.14;
#536:
>0:39.96,116.31;40.22,116.23;40.15,116.08;39.98,116.29;39.93,116.36;
#537:
>0:39.76,116.76;39.41,116.64;39.35,116.57;
#538:
>0:39.98,116.45;39.85,116.46;39.94,116.59;39.63,116.82;
#539:
>0:39.49,116.54;39.59,116.63;40.09,116.35;
#540:
>0:40.03,116.43;39.96,116.33;40.1,116.37;39.82,116.21;39.97,116.28;
#541:
>0:39.06,116.79;39.2,116.59;
#542:
>0:40.2,116.53;39.82,116.56;39.75,116.5;39.46,116.52;
#543:
>0:39.62,116.08;39.39,116.27;39.33,116.26;39.13,116.25;
#544:
>0:39.65,116.41;39.55,116.53;39.19,116.49;
#545:
>0:39.72,116.46;39.56,116.4;
#546:
>0:39.21,116.1;39.49,116.1;39.47,116.3;39.62,116.39;40.12,116.34;
#547:
>0:39.2,116.39;39.44,116.56;39.39,116.68;39.68,116.54;40.16,116.79;
#548:
>0:39.87,116.53;40.01,116.42;40.1,116.36;
#549:
>0:40.04,116.42;39.96,116.33;39.97,116.29;
#550:
>0:39.12,116.1;39.34,116.24;
#551:
>0:39.38,116.4;39.19,116.3;
#552:
>0:39.28,116.12;39.05,116.21;39.05,116.41;
#553:
>0:40.07,116.08;39.81,116.08;40.06,116.37;39.66,116.22;39.56,116.11;39.08,116.28;
#554:
>0:40.12,116.39;39.94,116.36;40.07,116.29;40.0,116.36;39.98,116.33;39.99,116.39;40.08,116.31;40.08,116.43;39.92,116.36;40.02,116.39;40.0,116.37;40.0,116.43;40.06,116.29;40.03,116.39;40.05,116.3;40.03,116.36;39.96,116.35;39.93,116.39;40.07,116.4;
#555:
>0:39.91,116.36;40.02,116.3;
#556:
>0:39.94,116.33;39.97,116.33;40.11,116.4;39.92,116.38;
#557:
>0:39.37,116.64;39.39,116.64;39.71,116.57;39.86,116.57;
#558:
>0:39.09,116.81;39.35,116.66;39.33,116.58;39.57,116.35;39.7,116.24;39.86,116.17;
#559:
>0:39.56,116.25;39.26,116.36;39.02,116.57;39.03,116.69;
#560:
>0:39.95,116.71;39.89,116.68;39.88,116.48;39.87,116.61;39.85,116.47;
#561:
>0:39.41,116.63;39.18,116.51;39.52,116.33;39.43,116.25;
#562:
>0:39.75,116.68;39.96,116.74;
#563:
>0:39.99,116.3;40.07,116.37;40.04,116.37;40.12,116.35;40.02,116.27;39.93,116.42;40.07,116.34;
#564:
>0:40.06,116.26;40.1,116.43;39.81,116.31;40.08,116.45;39.92,116.44;
#565:
>0:39.05,116.12;39.18,116.15;39.39,116.26;39.6,116.33;40.08,116.34;40.16,116.42;
#566:
>0:39.62,116.57;39.74,116.42;39.47,116.25;39.09,116.15;
#567:
>0:40.08,116.35;39.71,116.44;
#568:
>0:40.17,116.18;39.92,116.32;39.72,116.26;39.73,116.36;39.55,116.56;39.14,116.78;
#569:
>0:39.23,116.36;39.45,116.44;
#570:
>0:39.48,116.7;39.5,116.6;39.37,116.5;39.43,116.57;39.61,116.45;39.42,116.13;
#571:
>0:39.39,116.29;39.4,116.15;
#572:
>0:39.61,116.14;39.47,116.24;39.41,116.41;39.42,116.5;
#573:
>0:39.67,116.32;39.61,116.33;39.54,116.49;39.33,116.69;39.56,116.8;
#574:
>0:40.1,116.42;40.05,116.29;39.92,116.35;40.01,116.33;39.71,116.29;40.01,116.28;39.92,116.41;39.86,116.22;39.93,116.43;40.08,116.39;
#575:
>0:40.01,116.22;40.12,116.41;39.74,116.35;39.47,116.35;
#576:
>0:39.98,116.82;39.84,116.6;39.86,116.47;39.95,116.4;39.93,116.37;40.02,116.16;
#577:
>0:39.94,116.76;39.7,116.82;39.47,116.65;39.7,116.48;40.11,116.4;40.0,116.42;
#578:
>0:39.52,116.58;39.27,116.57;39.55,116.48;39.42,116.24;
#579:
>0:39.76,116.78;39.4,116.63;39.47,116.45;39.45,116.44;
#580:
>0:39.94,116.36;39.66,116.49;39.76,116.35;39.74,116.3;40.11,116.27;40.08,116.41;40.05,116.36;40.08,116.38;39.91,116.34;39.91,116.37;40.07,116.27;40.02,116.42;40.08,116.34;40.04,116.33;39.95,116.29;39.74,116.27;39.72,116.4;39.56,116.51;39.98,116.4;
#581:
>0:39.08,116.41;39.25,116.53;39.58,116.58;
#582:
>0:40.22,116.78;40.12,116.67;40.09,116.51;40.18,116.37;
#583:
>0:39.96,116.11;39.6,116.12;39.43,116.18;39.17,116.13;
#584:
>0:39.86,116.6;39.69,116.82;39.51,116.71;
#585:
>0:39.29,116.07;39.56,116.08;39.58,116.27;39.77,116.38;39.29,116.62;
#586:
>0:39.03,116.72;39.34,116.63;39.2,116.53;39.2,116.37;
#587:
>0:38.99,116.09;38.98,116.31;
#588:
>0:39.2,116.13;39.5,116.26;39.63,116.42;39.92,116.54;
#589:
>0:39.81,116.81;39.62,116.71;39.45,116.63;39.62,116.52;39.92,116.54;39.87,116.69;39.83,116.57;39.82,116.6;39.81,116.49;39.97,116.79;
#590:
>0:39.97,116.72;39.68,116.62;39.56,116.7;39.32,116.63;
#591:
>0:39.95,116.38;40.03,116.34;39.91,116.33;40.01,116.39;40.06,116.26;40.05,116.21;39.96,116.36;
