#0:
>0:39.93,116.43;39.81,116.25;
#1:
>0:39.49,116.33;39.57,116.56;
#2:
>0:39.98,116.27;40.16,116.35;39.99,116.44;39.82,116.46;39.92,116.77;
#3:
>0:39.9,116.39;39.95,116.28;39.98,116.27;
#4:
>0:39.95,116.27;39.92,116.35;39.97,116.23;39.92,116.43;39.94,116.27;39.87,116.42;39.85,116.45;
#5:
>0:39.85,116.27;39.81,116.38;39.91,116.25;39.83,116.43;39.83,116.35;
#6:
>0:39.86,116.38;39.82,116.29;39.98,116.41;39.86,116.27;39.81,116.42;39.83,116.23;39.89,116.44;
#7:
>0:39.98,116.33;39.75,116.42;39.77,116.46;39.27,116.31;
#8:
>0:39.21,116.67;39.29,116.62;
#9:
>0:39.78,116.45;39.4,116.42;39.52,116.23;39.57,116.17;
#10:
>0:39.47,116.11;39.28,116.2;39.37,116.39;
#11:
>0:39.82,116.25;39.93,116.39;39.85,116.31;39.99,116.42;39.82,116.28;40.0,116.35;39.87,116.44;
#12:
>0:39.84,116.34;39.82,116.47;39.92,116.65;39.93,116.81;39.94,116.64;39.81,116.53;39.93,116.63;39.8,116.81;39.92,116.81;
#13:
>0:39.98,116.3;39.99,116.39;40.0,116.27;40.04,116.44;40.14,116.29;39.92,116.45;
#14:
>0:39.3,116.13;39.3,116.2;39.24,116.34;
#15:
>0:40.01,116.26;39.87,116.37;39.94,116.57;40.06,116.62;39.83,116.68;39.82,116.46;39.9,116.73;
#16:
>0:40.01,116.25;39.83,116.22;
#17:
>0:39.06,116.13;39.33,116.27;39.07,116.2;39.37,116.47;
#18:
>0:39.93,116.82;39.91,116.67;39.79,116.66;39.78,116.55;39.96,116.4;39.86,116.39;
#19:
>0:39.86,116.31;40.01,116.4;39.91,116.29;39.82,116.42;39.97,116.23;39.82,116.38;39.83,116.28;39.82,116.32;
#20:
>0:39.9,116.2;40.01,116.4;39.78,116.38;39.74,116.32;39.83,116.45;39.88,116.26;40.04,116.21;39.86,116.2;40.16,116.44;39.98,116.29;40.01,116.44;39.84,116.39;
#21:
>0:39.82,116.28;39.89,116.42;39.91,116.32;40.0,116.44;39.88,116.26;39.92,116.35;39.87,116.22;39.88,116.45;40.0,116.23;39.87,116.34;39.91,116.26;39.85,116.39;39.9,116.27;39.94,116.43;39.98,116.29;39.95,116.37;39.97,116.28;39.83,116.31;
#22:
>0:39.99,116.3;40.15,116.43;39.99,116.36;39.93,116.23;39.92,116.42;39.89,116.44;
#23:
>0:39.08,116.26;39.32,116.39;39.39,116.49;39.73,116.45;39.9,116.41;
#24:
>0:39.86,116.38;40.04,116.25;
#25:
>0:39.93,116.36;39.92,116.26;40.08,116.31;39.95,116.43;39.9,116.35;
#26:
>0:39.91,116.24;39.95,116.41;39.88,116.25;40.18,116.42;39.99,116.31;
#27:
>0:39.91,116.22;40.0,116.39;39.96,116.24;39.81,116.35;39.82,116.25;39.93,116.38;39.94,116.23;39.95,116.23;
#28:
>0:40.0,116.23;39.92,116.37;39.91,116.21;39.9,116.4;39.99,116.3;39.95,116.4;39.81,116.28;39.94,116.34;39.81,116.27;40.19,116.23;39.92,116.4;
#29:
>0:40.17,116.61;39.88,116.47;39.94,116.39;39.55,116.47;
#30:
>0:39.97,116.28;39.87,116.37;39.96,116.21;39.99,116.36;39.99,116.44;
#31:
>0:39.97,116.32;39.94,116.4;39.95,116.23;39.87,116.41;39.91,116.23;39.99,116.4;39.86,116.43;
#32:
>0:39.9,116.41;39.89,116.21;39.72,116.32;39.9,116.22;
#33:
>0:39.94,116.44;39.81,116.29;
#34:
>0:39.82,116.23;39.94,116.41;39.81,116.22;39.92,116.33;39.8,116.29;39.82,116.44;39.87,116.33;
#35:
>0:39.9,116.37;39.89,116.2;39.84,116.23;
#36:
>0:39.91,116.24;40.13,116.27;39.83,116.22;39.85,116.43;39.81,116.32;39.83,116.21;
#37:
>0:39.9,116.79;39.86,116.68;39.83,116.52;39.96,116.35;39.78,116.25;
#38:
>0:39.19,116.13;39.26,116.08;
#39:
>0:39.2,116.6;39.08,116.62;
#40:
>0:39.95,116.27;39.96,116.41;
#41:
>0:39.88,116.25;39.84,116.44;39.84,116.28;39.83,116.39;39.99,116.21;39.89,116.41;39.9,116.28;39.88,116.33;40.01,116.46;39.95,116.38;40.01,116.25;40.17,116.3;39.96,116.12;40.2,116.28;40.08,116.17;40.14,116.32;39.99,116.25;39.99,116.32;
#42:
>0:39.81,116.4;39.99,116.27;39.83,116.23;
#43:
>0:39.86,116.32;39.85,116.4;39.83,116.32;39.91,116.38;39.83,116.28;39.84,116.41;39.87,116.27;39.96,116.39;39.87,116.34;
#44:
>0:39.82,116.77;39.91,116.83;
#45:
>0:40.07,116.17;40.06,116.22;39.84,116.39;
#46:
>0:39.97,116.2;39.86,116.21;
#47:
>0:39.82,116.21;40.01,116.35;39.84,116.2;39.84,116.26;
#48:
>0:39.91,116.44;39.96,116.24;39.99,116.38;
#49:
>0:39.89,116.2;40.21,116.26;39.92,116.35;39.85,116.32;39.98,116.41;39.94,116.45;
#50:
>0:39.77,116.36;39.51,116.45;39.32,116.61;39.12,116.72;
#51:
>0:39.84,116.32;39.86,116.43;39.92,116.2;39.92,116.42;39.95,116.31;39.94,116.39;40.06,116.35;39.81,116.45;40.16,116.4;39.95,116.24;39.96,116.44;39.95,116.32;39.9,116.3;
#52:
>0:39.86,116.39;39.88,116.25;
#53:
>0:39.71,116.52;39.58,116.43;39.23,116.4;
#54:
>0:40.01,116.26;39.8,116.42;40.0,116.29;39.91,116.38;39.97,116.28;39.82,116.36;
#55:
>0:39.83,116.75;39.98,116.62;39.68,116.62;39.83,116.39;
#56:
>0:39.96,116.28;39.9,116.43;40.01,116.27;39.96,116.34;39.94,116.25;39.85,116.34;39.86,116.35;
#57:
>0:39.98,116.39;39.89,116.24;39.82,116.36;39.93,116.49;39.91,116.39;39.84,116.25;39.96,116.38;39.96,116.22;39.82,116.4;39.8,116.43;
#58:
>0:39.99,116.4;39.85,116.21;39.97,116.37;39.98,116.4;
#59:
>0:39.81,116.31;39.88,116.36;39.89,116.3;40.01,116.43;39.87,116.23;39.95,116.4;39.96,116.21;39.9,116.4;39.88,116.33;
#60:
>0:39.99,116.28;39.8,116.43;39.81,116.23;39.91,116.38;39.9,116.37;
#61:
>0:39.98,116.26;39.99,116.43;39.91,116.25;39.84,116.42;40.09,116.38;39.98,116.21;39.94,116.35;39.99,116.23;39.92,116.32;
#62:
>0:40.01,116.38;39.92,116.24;39.87,116.28;
#63:
>0:39.86,116.73;39.81,116.68;39.62,116.62;39.99,116.43;
#64:
>0:40.2,116.55;39.9,116.58;39.93,116.38;39.47,116.37;
#65:
>0:39.81,116.41;39.84,116.28;
#66:
>0:39.87,116.2;39.91,116.45;39.81,116.25;40.04,116.35;39.92,116.39;39.83,116.39;
#67:
>0:39.96,116.37;39.92,116.3;
#68:
>0:39.85,116.41;39.92,116.22;
#69:
>0:39.84,116.82;40.0,116.58;39.61,116.64;39.92,116.42;
#70:
>0:39.99,116.44;39.98,116.32;40.07,116.31;40.12,116.17;40.01,116.17;39.76,116.12;39.84,116.35;
#71:
>0:39.85,116.4;39.93,116.39;
#72:
>0:39.96,116.41;39.94,116.26;
#73:
>0:39.83,116.32;39.94,116.42;39.88,116.32;39.81,116.37;40.01,116.42;
#74:
>0:39.9,116.22;39.88,116.33;39.98,116.33;
#75:
>0:39.91,116.27;40.16,116.22;39.94,116.42;39.9,116.24;39.9,116.44;39.93,116.32;39.89,116.32;
#76:
>0:39.9,116.31;39.87,116.38;39.86,116.27;40.0,116.37;40.0,116.43;
#77:
>0:39.88,116.71;39.88,116.68;39.83,116.49;39.97,116.41;39.93,116.34;
#78:
>0:39.92,116.29;39.83,116.4;39.97,116.31;40.15,116.13;40.1,116.29;39.91,116.41;
#79:
>0:39.94,116.21;39.91,116.33;39.9,116.22;40.01,116.33;39.92,116.35;
#80:
>0:39.56,116.5;39.45,116.64;
#81:
>0:39.98,116.36;39.83,116.23;39.81,116.35;40.0,116.3;39.86,116.39;40.07,116.39;39.89,116.24;39.81,116.39;39.88,116.31;39.84,116.33;39.98,116.41;
#82:
>0:39.93,116.71;39.83,116.71;
#83:
>0:40.01,116.3;39.96,116.33;39.9,116.26;39.89,116.41;39.83,116.32;39.81,116.23;
#84:
>0:39.96,116.29;39.86,116.43;39.87,116.3;39.99,116.37;39.87,116.34;
#85:
>0:39.86,116.36;39.91,116.2;
#86:
>0:39.96,116.44;39.98,116.22;40.13,116.31;39.82,116.26;
#87:
>0:39.93,116.41;39.8,116.22;
#88:
>0:39.99,116.28;39.95,116.39;40.0,116.22;39.98,116.38;39.88,116.2;39.81,116.37;39.81,116.3;39.83,116.45;39.92,116.23;39.96,116.43;39.97,116.2;39.88,116.24;
#89:
>0:39.81,116.29;39.9,116.4;39.96,116.54;39.97,116.36;39.87,116.29;39.89,116.37;39.94,116.55;39.84,116.38;39.93,116.44;
#90:
>0:39.89,116.27;39.86,116.25;
#91:
>0:39.86,116.24;39.84,116.26;
#92:
>0:39.32,116.65;39.4,116.46;39.79,116.42;39.7,116.22;40.14,116.19;
#93:
>0:39.85,116.82;39.87,116.58;40.06,116.47;
#94:
>0:40.08,116.52;39.87,116.51;39.94,116.64;39.6,116.79;39.17,116.78;
#95:
>0:39.89,116.27;39.97,116.33;39.83,116.22;39.96,116.34;39.97,116.26;40.19,116.25;39.91,116.36;39.87,116.33;
#96:
>0:39.88,116.26;40.03,116.37;39.97,116.29;
#97:
>0:39.82,116.28;39.87,116.38;39.8,116.28;40.14,116.33;39.98,116.43;39.9,116.25;39.95,116.43;39.81,116.36;
#98:
>0:39.97,116.25;39.86,116.43;39.98,116.27;39.93,116.36;
#99:
>0:39.9,116.2;39.63,116.09;39.46,116.27;39.45,116.5;
#100:
>0:39.98,116.82;39.93,116.59;39.68,116.59;40.01,116.44;
#101:
>0:39.35,116.23;39.16,116.4;39.11,116.54;39.02,116.68;39.04,116.79;
#102:
>0:39.89,116.45;39.84,116.24;
#103:
>0:39.89,116.24;39.87,116.45;39.93,116.28;39.75,116.24;39.82,116.45;40.0,116.42;
#104:
>0:39.77,116.78;39.53,116.71;39.25,116.77;
#105:
>0:39.36,116.43;39.08,116.24;
#106:
>0:39.98,116.2;40.04,116.42;39.83,116.37;39.96,116.24;39.9,116.38;39.93,116.28;39.89,116.34;39.99,116.45;
#107:
>0:39.46,116.22;39.68,116.33;39.4,116.52;39.33,116.61;
#108:
>0:39.81,116.8;39.8,116.78;
#109:
>0:39.97,116.31;39.95,116.36;39.79,116.41;39.64,116.56;39.54,116.42;39.38,116.29;39.63,116.14;39.5,116.29;39.69,116.41;39.63,116.52;39.83,116.76;
#110:
>0:39.06,116.07;39.25,116.17;
#111:
>0:40.01,116.2;39.93,116.41;39.91,116.27;39.83,116.37;39.93,116.27;39.92,116.33;39.99,116.47;39.94,116.77;
#112:
>0:40.07,116.18;39.85,116.31;39.72,116.33;39.56,116.55;39.25,116.34;
#113:
>0:39.34,116.09;38.97,116.27;
#114:
>0:39.81,116.25;40.12,116.42;39.88,116.31;
#115:
>0:39.0,116.09;39.01,116.18;
#116:
>0:39.92,116.16;39.79,116.15;39.58,116.28;39.33,116.16;39.0,116.41;
#117:
>0:39.96,116.43;39.98,116.28;40.0,116.24;
#118:
>0:39.42,116.58;39.78,116.51;39.87,116.35;39.72,116.3;
#119:
>0:40.18,116.56;39.98,116.47;39.79,116.55;
#120:
>0:39.87,116.25;39.84,116.36;39.83,116.3;39.8,116.44;39.98,116.28;39.98,116.25;
#121:
>0:39.35,116.6;38.97,116.48;38.99,116.37;
#122:
>0:39.99,116.21;40.03,116.23;40.12,116.39;39.85,116.29;39.88,116.35;39.98,116.43;
#123:
>0:39.88,116.23;39.85,116.41;39.87,116.27;39.84,116.34;39.92,116.21;39.83,116.37;39.92,116.45;
#124:
>0:39.77,116.14;39.5,116.27;39.55,116.35;39.73,116.37;39.8,116.51;39.91,116.76;
#125:
>0:39.93,116.26;39.92,116.37;39.67,116.22;39.88,116.44;
#126:
>0:39.85,116.23;39.86,116.38;39.83,116.31;39.91,116.38;39.81,116.21;39.9,116.45;40.01,116.31;39.95,116.29;
#127:
>0:39.15,116.63;39.19,116.56;39.21,116.41;39.0,116.24;
#128:
>0:39.96,116.71;39.98,116.69;39.99,116.49;39.96,116.63;39.85,116.48;39.95,116.41;39.92,116.31;39.9,116.39;40.06,116.22;
#129:
>0:39.69,116.61;39.73,116.49;39.46,116.37;39.42,116.24;39.89,116.12;
#130:
>0:39.96,116.34;39.86,116.2;39.87,116.31;
#131:
>0:39.72,116.39;39.61,116.54;
#132:
>0:39.81,116.28;39.9,116.43;39.96,116.22;39.9,116.43;39.98,116.27;39.9,116.34;39.95,116.3;39.94,116.4;39.88,116.29;39.85,116.36;39.86,116.37;
#133:
>0:40.0,116.28;40.1,116.16;40.13,116.31;39.82,116.2;39.89,116.31;
#134:
>0:39.91,116.44;40.08,116.44;39.94,116.38;
#135:
>0:39.83,116.29;39.8,116.38;39.84,116.22;39.83,116.24;
#136:
>0:39.99,116.24;40.13,116.35;39.86,116.45;39.9,116.33;
#137:
>0:40.0,116.4;39.94,116.3;39.81,116.29;
#138:
>0:39.77,116.08;39.4,116.29;39.78,116.42;39.72,116.55;39.81,116.5;39.83,116.77;
#139:
>0:39.96,116.26;39.94,116.43;39.89,116.26;40.14,116.36;39.81,116.35;39.95,116.21;39.84,116.42;39.84,116.44;
#140:
>0:39.82,116.74;39.81,116.73;
#141:
>0:39.93,116.42;39.86,116.3;39.86,116.21;
#142:
>0:40.0,116.31;39.82,116.37;39.78,116.27;39.89,116.28;39.81,116.39;39.81,116.46;39.89,116.59;39.98,116.47;39.81,116.38;39.84,116.23;39.99,116.34;40.01,116.3;39.88,116.35;39.84,116.22;39.94,116.34;40.01,116.32;39.88,116.28;
#143:
>0:39.06,116.27;39.32,116.44;39.44,116.5;39.75,116.42;39.91,116.45;
#144:
>0:39.93,116.33;40.0,116.31;39.93,116.28;
#145:
>0:39.64,116.28;39.72,116.33;39.68,116.57;39.91,116.62;40.18,116.75;
#146:
>0:39.99,116.56;40.13,116.66;39.95,116.73;
#147:
>0:39.99,116.41;39.98,116.31;
#148:
>0:39.84,116.31;39.84,116.4;39.85,116.3;39.91,116.4;39.97,116.28;40.12,116.08;39.92,116.29;
#149:
>0:39.96,116.28;39.81,116.43;39.84,116.48;39.66,116.59;
#150:
>0:39.92,116.2;39.87,116.35;40.05,116.43;39.88,116.41;39.93,116.57;39.88,116.63;39.85,116.51;40.0,116.8;
#151:
>0:39.7,116.12;39.59,116.32;39.48,116.44;39.6,116.54;
#152:
>0:40.13,116.53;39.97,116.46;39.83,116.44;39.88,116.1;
#153:
>0:39.89,116.41;40.02,116.41;39.94,116.3;39.82,116.28;
#154:
>0:39.88,116.31;39.9,116.36;39.83,116.32;40.14,116.24;39.92,116.44;40.0,116.47;39.8,116.64;39.88,116.51;39.95,116.71;
#155:
>0:39.9,116.28;39.94,116.35;39.93,116.21;39.95,116.44;39.9,116.23;39.81,116.39;39.71,116.32;39.93,116.2;39.86,116.42;39.83,116.35;
#156:
>0:39.94,116.41;40.15,116.37;39.88,116.4;39.94,116.24;
#157:
>0:39.95,116.4;39.89,116.27;39.95,116.26;
#158:
>0:39.96,116.3;39.92,116.35;39.91,116.23;40.05,116.24;39.83,116.43;40.0,116.32;39.91,116.37;39.91,116.28;39.87,116.4;39.81,116.42;
#159:
>0:39.9,116.78;39.96,116.65;39.75,116.69;39.88,116.33;
#160:
>0:39.53,116.2;39.66,116.35;39.75,116.56;39.85,116.66;39.47,116.76;
#161:
>0:39.88,116.24;39.86,116.38;40.06,116.29;40.01,116.26;39.83,116.43;39.97,116.3;39.95,116.35;39.86,116.23;39.97,116.25;
#162:
>0:39.55,116.69;39.32,116.48;
#163:
>0:39.95,116.24;39.82,116.44;39.99,116.29;40.04,116.22;39.97,116.2;39.72,116.25;39.85,116.42;39.94,116.39;
#164:
>0:39.88,116.3;39.82,116.38;39.81,116.21;40.16,116.39;39.85,116.43;39.91,116.25;39.96,116.34;39.86,116.44;
#165:
>0:39.97,116.25;39.81,116.39;39.64,116.4;39.66,116.56;39.81,116.3;
#166:
>0:39.75,116.21;39.47,116.28;
#167:
>0:39.98,116.31;39.82,116.45;39.89,116.32;39.86,116.43;39.9,116.28;39.82,116.34;39.89,116.43;
#168:
>0:39.91,116.37;39.89,116.46;39.99,116.65;40.0,116.82;39.9,116.65;39.96,116.52;39.93,116.34;39.91,116.39;
#169:
>0:39.92,116.37;39.97,116.21;39.87,116.22;
#170:
>0:39.9,116.2;40.0,116.42;39.95,116.31;39.89,116.25;
#171:
>0:39.99,116.31;40.17,116.37;40.19,116.2;39.89,116.28;39.91,116.24;
#172:
>0:40.0,116.23;40.0,116.43;40.02,116.44;39.91,116.21;
#173:
>0:40.0,116.31;40.13,116.24;39.83,116.17;40.1,116.24;39.92,116.32;
#174:
>0:40.01,116.35;39.86,116.3;
#175:
>0:39.32,116.44;39.45,116.54;39.8,116.4;39.96,116.67;
#176:
>0:39.89,116.27;39.68,116.28;39.79,116.13;39.51,116.21;39.75,116.41;40.0,116.36;
#177:
>0:39.98,116.41;39.9,116.53;39.42,116.5;
#178:
>0:39.63,116.58;39.58,116.38;39.59,116.26;39.57,116.1;
#179:
>0:39.85,116.2;39.85,116.39;39.91,116.28;39.82,116.33;39.86,116.53;40.16,116.69;39.87,116.82;
#180:
>0:39.9,116.55;40.19,116.63;39.99,116.72;
#181:
>0:40.01,116.23;40.02,116.33;39.81,116.21;
#182:
>0:40.0,116.38;39.89,116.22;
#183:
>0:39.87,116.28;39.88,116.37;39.9,116.26;39.84,116.37;39.93,116.25;40.12,116.1;39.85,116.29;
#184:
>0:40.0,116.42;39.97,116.25;39.86,116.3;
#185:
>0:39.92,116.78;39.83,116.64;39.81,116.56;39.84,116.44;39.91,116.22;
#186:
>0:39.88,116.24;39.88,116.33;39.97,116.27;39.94,116.37;39.92,116.21;40.04,116.43;39.96,116.37;39.8,116.22;39.89,116.41;39.95,116.56;39.88,116.76;
#187:
>0:40.15,116.75;39.89,116.59;
#188:
>0:40.01,116.27;40.09,116.17;40.09,116.27;39.84,116.3;39.93,116.33;39.92,116.24;39.84,116.44;39.84,116.26;39.86,116.37;39.95,116.3;39.96,116.3;
#189:
>0:39.71,116.22;39.91,116.29;39.82,116.33;40.1,116.62;
#190:
>0:39.84,116.21;39.99,116.2;
#191:
>0:39.81,116.25;39.92,116.45;39.91,116.31;
#192:
>0:39.87,116.22;39.85,116.34;39.86,116.21;39.9,116.35;39.82,116.27;39.92,116.33;39.89,116.4;
#193:
>0:39.89,116.21;40.14,116.11;39.89,116.14;40.1,116.15;40.19,116.3;40.0,116.37;
#194:
>0:39.79,116.4;39.6,116.52;39.57,116.36;39.09,116.12;
#195:
>0:39.85,116.3;39.91,116.39;39.89,116.49;39.92,116.41;39.85,116.39;
#196:
>0:39.86,116.71;39.96,116.71;
#197:
>0:40.0,116.43;40.01,116.28;
#198:
>0:39.88,116.37;39.89,116.2;39.94,116.28;
#199:
>0:39.93,116.28;39.9,116.38;39.92,116.29;39.89,116.4;39.98,116.22;39.99,116.38;39.83,116.25;39.81,116.37;39.81,116.35;
#200:
>0:39.53,116.33;39.35,116.57;
#201:
>0:39.15,116.19;39.16,116.08;
#202:
>0:39.88,116.34;39.82,116.31;39.81,116.38;40.03,116.39;39.99,116.3;
#203:
>0:39.39,116.23;39.72,116.38;39.51,116.5;39.22,116.65;
#204:
>0:39.93,116.75;39.88,116.61;39.84,116.53;39.82,116.33;39.81,116.21;39.83,116.36;39.89,116.39;
#205:
>0:39.8,116.24;39.52,116.36;39.19,116.57;39.0,116.5;
#206:
>0:39.88,116.24;39.83,116.37;39.84,116.21;39.87,116.39;39.92,116.43;
#207:
>0:39.84,116.42;39.96,116.28;39.9,116.35;
#208:
>0:39.98,116.36;39.88,116.3;40.0,116.21;
#209:
>0:39.7,116.8;39.86,116.61;40.07,116.45;
#210:
>0:39.84,116.26;39.85,116.45;39.82,116.32;39.98,116.33;39.96,116.54;39.84,116.38;39.95,116.22;39.87,116.41;39.81,116.22;39.9,116.27;
#211:
>0:39.83,116.73;40.01,116.63;39.77,116.64;39.8,116.46;39.96,116.31;
#212:
>0:39.86,116.24;40.01,116.42;40.0,116.31;39.85,116.4;
#213:
>0:39.91,116.44;39.96,116.25;39.84,116.43;39.83,116.22;
#214:
>0:39.89,116.45;39.88,116.21;
#215:
>0:40.2,116.31;39.99,116.34;39.75,116.36;39.43,116.52;39.22,116.45;
#216:
>0:39.88,116.3;39.92,116.4;39.61,116.44;39.89,116.44;
#217:
>0:39.95,116.33;39.98,116.32;
#218:
>0:39.02,116.43;39.12,116.33;
#219:
>0:39.91,116.2;40.17,116.22;40.06,116.4;40.21,116.29;39.98,116.21;39.94,116.4;
#220:
>0:39.29,116.33;39.42,116.56;39.73,116.34;39.8,116.58;
#221:
>0:39.92,116.34;40.03,116.3;39.88,116.3;39.9,116.3;
#222:
>0:39.96,116.38;40.01,116.27;39.85,116.25;
#223:
>0:39.91,116.78;39.93,116.59;39.69,116.69;39.6,116.53;39.8,116.22;
#224:
>0:39.57,116.18;39.59,116.25;39.82,116.25;39.86,116.54;
#225:
>0:39.97,116.26;39.99,116.43;39.86,116.44;
#226:
>0:39.96,116.27;39.87,116.38;39.82,116.28;39.94,116.42;39.87,116.22;39.93,116.39;39.92,116.27;40.0,116.35;40.0,116.27;39.85,116.43;39.98,116.25;39.93,116.37;39.94,116.44;
#227:
>0:39.87,116.35;39.8,116.24;
#228:
>0:39.9,116.26;40.04,116.14;40.14,116.22;39.86,116.3;39.89,116.37;39.95,116.42;
#229:
>0:39.25,116.44;39.4,116.51;39.75,116.32;39.71,116.22;40.18,116.37;
#230:
>0:39.85,116.38;39.93,116.36;
#231:
>0:39.93,116.36;39.93,116.27;39.87,116.44;40.15,116.32;39.83,116.29;39.97,116.24;
#232:
>0:39.89,116.76;39.88,116.71;
#233:
>0:39.81,116.25;39.85,116.35;39.9,116.32;39.98,116.42;39.9,116.26;39.94,116.39;40.0,116.4;
#234:
>0:39.87,116.31;39.97,116.33;39.63,116.39;39.18,116.54;
#235:
>0:39.97,116.75;39.99,116.78;
#236:
>0:39.96,116.33;39.88,116.21;40.03,116.39;39.92,116.31;
#237:
>0:39.61,116.78;39.59,116.83;39.34,116.82;
#238:
>0:40.01,116.71;40.01,116.74;
#239:
>0:39.87,116.35;40.13,116.35;39.89,116.41;39.94,116.26;39.87,116.4;39.85,116.28;39.89,116.41;39.9,116.21;39.88,116.35;39.92,116.23;39.84,116.45;39.85,116.33;
#240:
>0:39.87,116.75;39.83,116.69;39.92,116.56;39.82,116.4;39.84,116.38;
#241:
>0:40.19,116.32;39.82,116.39;39.66,116.44;39.46,116.51;39.29,116.43;
#242:
>0:39.1,116.41;38.99,116.34;
#243:
>0:39.92,116.23;39.83,116.36;39.94,116.24;39.85,116.41;39.92,116.43;
#244:
>0:40.12,116.07;39.82,116.17;40.18,116.32;39.96,116.39;
#245:
>0:39.02,116.25;39.38,116.41;39.39,116.52;39.56,116.69;
#246:
>0:39.05,116.81;39.25,116.81;39.27,116.7;38.99,116.52;39.38,116.39;38.99,116.17;
#247:
>0:40.0,116.3;39.88,116.36;39.82,116.23;40.0,116.4;40.0,116.29;39.88,116.36;39.76,116.39;39.68,116.3;39.78,116.41;39.78,116.49;39.82,116.77;
#248:
>0:39.94,116.33;39.84,116.23;
#249:
>0:40.0,116.76;39.85,116.83;
#250:
>0:39.98,116.44;39.9,116.24;39.85,116.21;
#251:
>0:39.9,116.33;39.97,116.21;39.87,116.27;
#252:
>0:39.94,116.34;39.85,116.31;
#253:
>0:39.9,116.4;39.93,116.29;39.81,116.36;39.97,116.3;40.02,116.19;40.16,116.2;39.94,116.39;
#254:
>0:40.0,116.77;39.86,116.74;
#255:
>0:39.88,116.38;40.18,116.26;39.93,116.33;
#256:
>0:39.96,116.38;39.83,116.53;
#257:
>0:39.99,116.76;39.96,116.59;39.91,116.56;39.64,116.43;39.75,116.31;39.93,116.45;
#258:
>0:39.46,116.13;39.61,116.31;39.68,116.33;39.81,116.45;
#259:
>0:39.84,116.34;39.98,116.21;40.1,116.39;39.84,116.33;39.96,116.42;
#260:
>0:39.81,116.29;40.14,116.34;39.86,116.25;
#261:
>0:39.16,116.08;39.01,116.11;
#262:
>0:39.88,116.71;39.99,116.68;39.91,116.75;39.95,116.58;39.96,116.38;
#263:
>0:39.86,116.37;39.93,116.2;
#264:
>0:39.91,116.44;39.83,116.23;
#265:
>0:39.87,116.77;39.89,116.71;
#266:
>0:39.21,116.68;39.15,116.68;
#267:
>0:39.93,116.22;40.1,116.27;39.86,116.21;39.99,116.45;39.88,116.29;39.93,116.35;39.98,116.23;39.96,116.36;39.89,116.22;39.9,116.33;39.95,116.22;39.93,116.24;
#268:
>0:39.2,116.36;39.02,116.42;
#269:
>0:39.93,116.23;39.9,116.35;39.92,116.28;39.84,116.42;39.82,116.42;
#270:
>0:39.94,116.21;39.98,116.4;39.91,116.29;39.84,116.41;39.9,116.23;40.14,116.38;39.9,116.42;39.99,116.22;39.9,116.38;39.85,116.4;
#271:
>0:39.93,116.43;39.91,116.32;39.91,116.23;
#272:
>0:39.85,116.41;39.94,116.29;
#273:
>0:39.95,116.21;40.0,116.36;39.83,116.32;39.96,116.36;40.01,116.3;39.88,116.4;39.92,116.29;39.82,116.42;39.91,116.52;39.94,116.68;39.94,116.49;39.97,116.73;
#274:
>0:40.04,116.15;39.99,116.11;40.03,116.21;39.99,116.44;
#275:
>0:39.98,116.3;40.0,116.34;39.86,116.29;40.2,116.38;40.01,116.22;
#276:
>0:39.83,116.2;40.08,116.35;40.12,116.22;39.98,116.18;40.02,116.26;40.08,116.43;40.18,116.21;40.11,116.1;40.22,116.24;40.15,116.09;40.17,116.28;39.91,116.15;39.6,116.17;39.57,116.25;39.61,116.39;39.61,116.57;39.95,116.41;39.85,116.26;40.01,116.41;40.05,116.53;
#277:
>0:39.52,116.21;39.42,116.33;39.72,116.33;39.78,116.45;39.67,116.73;
#278:
>0:39.82,116.23;39.85,116.37;39.86,116.21;40.01,116.32;
#279:
>0:40.0,116.38;39.87,116.31;39.95,116.27;
#280:
>0:39.85,116.3;39.98,116.38;39.92,116.23;39.96,116.39;39.84,116.23;39.91,116.44;39.81,116.29;39.9,116.45;39.85,116.28;40.1,116.1;40.18,116.31;40.22,116.44;39.94,116.27;39.82,116.21;
#281:
>0:39.99,116.32;39.85,116.34;39.93,116.21;40.0,116.34;39.92,116.31;39.92,116.42;40.01,116.27;39.93,116.26;
#282:
>0:39.96,116.41;39.95,116.25;
#283:
>0:39.93,116.78;39.87,116.69;39.95,116.73;39.97,116.58;39.96,116.34;
#284:
>0:39.98,116.72;39.83,116.71;
#285:
>0:40.04,116.08;40.22,116.31;39.86,116.42;39.93,116.35;
#286:
>0:39.85,116.38;39.93,116.27;39.81,116.38;40.08,116.33;39.81,116.26;39.93,116.36;39.91,116.36;
#287:
>0:39.56,116.26;39.7,116.36;39.64,116.47;39.84,116.65;40.09,116.77;
#288:
>0:39.82,116.38;40.0,116.24;39.91,116.41;39.88,116.31;40.05,116.26;40.16,116.34;39.87,116.26;39.91,116.41;39.81,116.38;
#289:
>0:39.96,116.29;39.88,116.42;39.82,116.28;
#290:
>0:40.01,116.82;39.86,116.62;39.59,116.67;39.99,116.4;
#291:
>0:40.01,116.43;39.84,116.23;
#292:
>0:39.9,116.78;39.7,116.6;39.5,116.49;39.27,116.35;
#293:
>0:39.03,116.15;39.06,116.07;
#294:
>0:39.92,116.37;39.9,116.46;40.17,116.66;39.94,116.81;
#295:
>0:40.0,116.42;39.94,116.3;
#296:
>0:39.9,116.35;39.98,116.29;40.22,116.3;39.87,116.32;39.95,116.35;
#297:
>0:39.9,116.29;40.02,116.43;40.0,116.43;39.86,116.2;39.85,116.2;
#298:
>0:39.04,116.1;39.03,116.09;
#299:
>0:39.94,116.41;39.96,116.21;
#300:
>0:39.13,116.75;39.07,116.75;
#301:
>0:39.88,116.25;39.87,116.41;39.88,116.51;39.84,116.61;39.94,116.47;39.96,116.73;
#302:
>0:39.94,116.32;39.86,116.43;39.98,116.22;40.01,116.4;39.96,116.3;39.9,116.39;39.83,116.31;39.87,116.43;39.99,116.28;39.96,116.39;39.95,116.32;39.97,116.33;39.89,116.32;40.2,116.26;39.91,116.36;39.86,116.31;39.98,116.41;39.81,116.27;39.81,116.21;
#303:
>0:39.96,116.3;39.96,116.35;39.99,116.25;39.81,116.38;39.81,116.28;39.82,116.33;
#304:
>0:39.91,116.71;39.91,116.82;
#305:
>0:39.87,116.25;40.17,116.41;39.82,116.35;39.96,116.33;
#306:
>0:39.96,116.19;39.76,116.21;
#307:
>0:39.89,116.82;39.88,116.66;40.01,116.47;39.7,116.38;39.99,116.28;
#308:
>0:39.59,116.8;39.22,116.77;39.19,116.6;39.59,116.41;
#309:
>0:39.93,116.3;39.97,116.35;40.02,116.38;40.0,116.36;
#310:
>0:40.16,116.37;39.95,116.25;39.7,116.22;39.56,116.56;
#311:
>0:39.92,116.38;39.89,116.3;
#312:
>0:39.85,116.31;39.96,116.44;40.22,116.2;39.91,116.3;39.87,116.41;39.89,116.39;
#313:
>0:39.82,116.73;40.01,116.74;
#314:
>0:39.95,116.44;40.2,116.44;39.82,116.26;
#315:
>0:39.94,116.2;39.82,116.42;39.99,116.24;39.96,116.42;39.96,116.25;39.92,116.33;39.98,116.29;39.82,116.34;39.85,116.33;
#316:
>0:39.95,116.3;39.99,116.44;40.14,116.39;39.84,116.39;39.74,116.41;39.7,116.5;39.92,116.74;
#317:
>0:40.01,116.27;39.81,116.37;39.93,116.21;40.09,116.38;39.8,116.39;39.9,116.53;39.87,116.61;39.94,116.51;39.93,116.7;
#318:
>0:39.11,116.08;39.15,116.19;
#319:
>0:39.9,116.31;39.95,116.38;39.98,116.22;40.07,116.22;40.0,116.25;39.84,116.35;39.81,116.46;39.92,116.8;
#320:
>0:39.39,116.3;39.66,116.34;39.61,116.54;40.0,116.62;39.71,116.8;
#321:
>0:39.98,116.29;39.83,116.41;39.89,116.31;39.97,116.38;
#322:
>0:39.86,116.75;39.96,116.74;
#323:
>0:39.55,116.34;39.31,116.49;
#324:
>0:39.9,116.71;39.86,116.58;39.82,116.5;39.93,116.42;39.81,116.31;
#325:
>0:39.86,116.77;39.82,116.59;39.73,116.79;39.39,116.74;39.62,116.74;39.55,116.8;39.21,116.8;39.19,116.65;39.04,116.51;39.34,116.35;39.09,116.15;
#326:
>0:39.94,116.24;39.97,116.45;40.08,116.43;39.92,116.45;
#327:
>0:40.11,116.59;40.15,116.8;
#328:
>0:39.91,116.32;39.8,116.3;
#329:
>0:39.22,116.15;39.02,116.21;
#330:
>0:39.81,116.29;39.95,116.36;39.96,116.31;39.82,116.38;39.9,116.21;39.94,116.44;39.99,116.24;39.89,116.33;39.92,116.32;39.89,116.42;39.59,116.38;39.7,116.45;39.82,116.71;
#331:
>0:39.99,116.33;39.84,116.25;
#332:
>0:39.84,116.22;39.82,116.41;40.01,116.25;40.0,116.45;39.93,116.27;39.82,116.43;40.0,116.41;
#333:
>0:39.96,116.38;39.88,116.25;39.84,116.24;
#334:
>0:39.17,116.19;38.96,116.17;
#335:
>0:39.83,116.2;39.95,116.4;39.85,116.31;40.16,116.24;39.88,116.27;
#336:
>0:39.24,116.81;39.5,116.78;39.65,116.74;39.95,116.74;40.2,116.82;
#337:
>0:39.83,116.73;39.85,116.67;39.73,116.62;39.95,116.44;
#338:
>0:39.82,116.81;40.01,116.63;39.67,116.63;40.01,116.35;
#339:
>0:39.91,116.21;39.83,116.45;39.94,116.29;40.13,116.26;39.93,116.31;39.96,116.4;39.87,116.38;
#340:
>0:40.0,116.24;39.93,116.43;39.91,116.28;39.9,116.32;
#341:
>0:40.0,116.43;39.88,116.22;39.92,116.36;39.88,116.2;
#342:
>0:39.92,116.36;39.84,116.42;
#343:
>0:39.86,116.8;39.84,116.75;
#344:
>0:39.51,116.47;39.8,116.67;39.89,116.63;40.21,116.81;
#345:
>0:40.01,116.37;39.9,116.26;40.0,116.26;
#346:
>0:39.97,116.2;39.96,116.41;39.81,116.22;40.11,116.21;39.98,116.33;39.81,116.26;39.89,116.41;39.86,116.5;39.89,116.77;
#347:
>0:39.86,116.32;39.9,116.23;
#348:
>0:40.21,116.44;39.93,116.5;39.61,116.64;39.59,116.73;39.29,116.72;39.06,116.74;
#349:
>0:39.72,116.27;39.42,116.21;39.63,116.53;
#350:
>0:39.98,116.4;39.81,116.26;39.97,116.38;39.97,116.33;
#351:
>0:39.45,116.16;39.22,116.32;39.01,116.31;39.32,116.35;39.55,116.69;
#352:
>0:39.86,116.43;39.91,116.26;39.89,116.45;40.0,116.25;39.98,116.41;
#353:
>0:39.33,116.19;39.31,116.32;39.29,116.37;
#354:
>0:39.15,116.19;39.02,116.15;
#355:
>0:39.97,116.41;40.01,116.21;39.83,116.39;39.83,116.24;39.84,116.34;39.96,116.41;
#356:
>0:39.94,116.33;39.92,116.53;39.53,116.57;
#357:
>0:39.85,116.25;39.95,116.42;40.0,116.32;40.15,116.4;39.85,116.31;
#358:
>0:39.8,116.82;39.88,116.72;
#359:
>0:39.91,116.24;40.0,116.37;39.82,116.47;39.92,116.63;39.99,116.76;39.97,116.81;
#360:
>0:39.85,116.24;39.97,116.41;39.94,116.24;39.83,116.4;39.81,116.27;39.95,116.43;40.17,116.33;39.89,116.36;
#361:
>0:39.54,116.44;39.58,116.49;
#362:
>0:39.69,116.2;39.88,116.33;39.95,116.51;39.99,116.6;39.58,116.76;
#363:
>0:39.81,116.39;39.99,116.4;
#364:
>0:39.97,116.81;39.92,116.8;
#365:
>0:39.85,116.25;40.0,116.38;39.98,116.29;39.89,116.43;39.87,116.26;39.81,116.38;39.92,116.27;39.87,116.33;40.21,116.34;39.87,116.44;
#366:
>0:39.91,116.82;39.96,116.72;
#367:
>0:39.82,116.43;39.99,116.2;39.9,116.38;39.94,116.21;39.94,116.26;
#368:
>0:39.83,116.2;40.03,116.37;39.82,116.4;39.81,116.29;39.95,116.33;39.99,116.31;39.88,116.45;39.83,116.24;39.81,116.33;39.89,116.32;39.87,116.43;39.97,116.3;39.81,116.35;40.0,116.31;39.92,116.45;39.87,116.2;39.97,116.35;39.87,116.26;39.97,116.42;40.07,116.58;
#369:
>0:39.86,116.26;39.82,116.33;39.98,116.56;39.63,116.69;
#370:
>0:39.99,116.32;39.75,116.29;39.81,116.33;39.93,116.32;39.87,116.41;39.9,116.48;39.91,116.74;
#371:
>0:39.8,116.21;39.92,116.14;
#372:
>0:39.92,116.82;39.89,116.69;39.77,116.6;39.89,116.32;
#373:
>0:40.19,116.26;39.9,116.31;39.97,116.33;39.85,116.23;39.98,116.43;39.96,116.29;39.99,116.34;39.87,116.3;39.96,116.44;40.0,116.3;39.91,116.34;39.82,116.28;39.81,116.4;39.83,116.26;39.99,116.34;39.82,116.27;39.82,116.38;39.89,116.55;39.97,116.66;39.89,116.8;39.88,116.8;
#374:
>0:39.84,116.29;39.84,116.38;39.85,116.27;39.87,116.44;39.87,116.36;
#375:
>0:39.82,116.27;39.94,116.42;39.81,116.2;39.84,116.4;39.89,116.2;39.98,116.42;39.95,116.3;39.91,116.38;40.0,116.31;39.93,116.39;39.86,116.28;39.89,116.34;39.96,116.22;39.94,116.34;39.8,116.25;39.86,116.4;39.94,116.29;39.9,116.44;39.82,116.3;39.89,116.39;39.98,116.28;39.96,116.43;39.94,116.23;40.01,116.44;39.95,116.26;40.01,116.45;39.88,116.28;39.99,116.25;
#376:
>0:39.84,116.36;39.99,116.32;
#377:
>0:39.94,116.27;39.94,116.41;39.89,116.3;39.99,116.42;40.0,116.31;39.98,116.34;39.93,116.44;
#378:
>0:39.84,116.21;39.81,116.24;
#379:
>0:39.97,116.79;39.86,116.61;39.91,116.46;39.86,116.36;39.81,116.28;39.85,116.36;39.98,116.31;39.93,116.35;40.14,116.23;
#380:
>0:39.92,116.31;40.18,116.34;39.96,116.25;
#381:
>0:39.12,116.61;39.32,116.47;39.47,116.38;39.45,116.23;39.75,116.2;40.05,116.17;
#382:
>0:39.82,116.21;39.93,116.37;39.97,116.27;39.92,116.38;39.93,116.43;
#383:
>0:39.94,116.37;39.83,116.32;
#384:
>0:39.8,116.3;40.04,116.39;39.95,116.26;
#385:
>0:39.97,116.3;39.81,116.37;39.82,116.21;39.92,116.38;39.85,116.26;39.92,116.33;39.9,116.45;39.82,116.67;39.89,116.8;39.84,116.66;39.81,116.81;39.87,116.79;
#386:
>0:40.01,116.27;39.84,116.38;39.87,116.3;39.88,116.38;39.81,116.27;39.98,116.39;39.89,116.23;40.12,116.42;39.89,116.34;39.9,116.56;39.9,116.59;39.91,116.74;39.88,116.72;
#387:
>0:39.92,116.77;39.95,116.69;39.93,116.48;39.95,116.37;39.99,116.26;
#388:
>0:39.84,116.25;40.15,116.42;39.92,116.23;
#389:
>0:39.81,116.2;40.15,116.13;40.12,116.22;39.99,116.37;
#390:
>0:39.93,116.28;40.01,116.41;39.86,116.22;39.89,116.44;40.0,116.24;39.83,116.35;
#391:
>0:40.01,116.71;39.93,116.75;
#392:
>0:39.81,116.81;39.82,116.77;
#393:
>0:39.54,116.8;39.33,116.61;39.07,116.45;39.15,116.45;39.03,116.28;
#394:
>0:39.05,116.41;39.34,116.22;39.42,116.31;39.7,116.25;
#395:
>0:39.11,116.17;39.04,116.14;
#396:
>0:39.97,116.44;39.83,116.22;
#397:
>0:39.83,116.36;39.95,116.2;40.0,116.25;
#398:
>0:39.79,116.38;39.85,116.24;
#399:
>0:39.86,116.25;39.99,116.38;39.89,116.22;39.93,116.32;40.0,116.24;39.85,116.35;
#400:
>0:39.98,116.21;39.97,116.36;39.82,116.49;
#401:
>0:39.97,116.3;39.9,116.34;39.88,116.49;39.81,116.69;40.01,116.55;39.97,116.58;39.86,116.75;39.87,116.64;39.89,116.52;39.82,116.72;
#402:
>0:39.96,116.1;39.6,116.17;39.51,116.28;39.31,116.1;39.02,116.44;
#403:
>0:40.12,116.08;39.97,116.14;40.03,116.29;39.96,116.42;
#404:
>0:39.94,116.38;39.9,116.26;39.92,116.22;
#405:
>0:39.91,116.31;39.9,116.37;40.02,116.37;39.94,116.25;40.07,116.32;39.88,116.4;
#406:
>0:39.87,116.28;40.08,116.24;39.92,116.27;40.14,116.24;39.9,116.34;39.81,116.44;
#407:
>0:39.9,116.39;39.85,116.3;39.87,116.4;39.81,116.31;39.84,116.26;
#408:
>0:39.93,116.36;39.9,116.21;
#409:
>0:39.84,116.29;39.96,116.39;39.88,116.27;39.93,116.34;39.99,116.35;
#410:
>0:40.12,116.81;39.9,116.78;39.96,116.7;39.79,116.53;39.46,116.3;
#411:
>0:39.86,116.37;39.84,116.31;
#412:
>0:39.85,116.37;39.83,116.26;39.97,116.39;39.92,116.23;39.99,116.45;39.98,116.35;
#413:
>0:39.84,116.73;39.99,116.7;39.63,116.6;39.91,116.42;
#414:
>0:40.01,116.74;39.96,116.71;
#415:
>0:39.64,116.3;39.54,116.25;
#416:
>0:39.87,116.23;39.83,116.41;39.88,116.35;
#417:
>0:39.9,116.24;39.96,116.41;39.9,116.22;39.98,116.34;39.97,116.21;39.85,116.39;39.87,116.22;39.97,116.3;
#418:
>0:39.9,116.75;39.94,116.74;
#419:
>0:39.13,116.14;39.17,116.14;
#420:
>0:39.92,116.8;39.95,116.78;
#421:
>0:39.91,116.21;39.82,116.2;
#422:
>0:39.93,116.37;40.0,116.24;39.94,116.35;39.83,116.23;
#423:
>0:39.89,116.26;39.88,116.36;39.95,116.32;39.87,116.39;39.97,116.21;39.9,116.4;39.82,116.2;40.18,116.33;39.83,116.36;39.82,116.4;
#424:
>0:39.91,116.42;39.81,116.24;39.99,116.33;
#425:
>0:39.87,116.21;39.7,116.24;39.8,116.19;39.47,116.28;39.61,116.41;39.72,116.46;39.99,116.78;
#426:
>0:39.83,116.36;39.81,116.22;
#427:
>0:39.82,116.31;40.08,116.12;40.02,116.23;40.19,116.42;39.99,116.43;39.97,116.21;39.89,116.4;39.88,116.38;
#428:
>0:39.94,116.21;39.85,116.35;39.9,116.24;39.94,116.39;39.84,116.2;40.01,116.45;39.98,116.23;40.05,116.44;39.9,116.36;39.9,116.29;39.86,116.44;39.91,116.47;39.94,116.76;
#429:
>0:39.99,116.25;39.99,116.41;39.92,116.25;39.83,116.33;39.89,116.57;39.91,116.59;39.88,116.51;39.85,116.69;39.91,116.73;39.93,116.82;
#430:
>0:39.92,116.33;39.91,116.21;
#431:
>0:39.93,116.17;39.75,116.1;39.4,116.11;
#432:
>0:39.93,116.31;40.22,116.42;39.96,116.37;39.92,116.25;39.96,116.44;39.86,116.37;
#433:
>0:40.1,116.51;39.85,116.57;39.74,116.34;39.46,116.33;
#434:
>0:39.88,116.32;39.92,116.4;39.93,116.22;40.03,116.27;40.01,116.39;39.85,116.39;
#435:
>0:39.84,116.34;39.87,116.31;39.94,116.21;
#436:
>0:39.83,116.73;39.83,116.78;
#437:
>0:39.54,116.28;39.42,116.08;
#438:
>0:39.88,116.71;39.94,116.69;40.0,116.5;39.82,116.66;39.91,116.5;39.94,116.22;
#439:
>0:39.99,116.21;39.86,116.38;40.01,116.31;39.89,116.39;39.87,116.22;39.81,116.28;
#440:
>0:39.99,116.33;39.86,116.25;
#441:
>0:40.11,116.33;39.97,116.22;39.95,116.33;39.46,116.57;
#442:
>0:39.86,116.26;39.85,116.43;39.85,116.32;39.85,116.43;39.87,116.21;39.98,116.42;40.0,116.3;39.95,116.38;39.94,116.36;
#443:
>0:39.88,116.31;40.01,116.41;39.93,116.21;39.88,116.44;39.85,116.25;39.91,116.33;39.87,116.39;
#444:
>0:39.9,116.34;39.86,116.3;
#445:
>0:40.04,116.55;39.86,116.54;39.9,116.69;39.7,116.61;39.72,116.56;39.93,116.61;39.96,116.55;39.91,116.69;39.82,116.73;39.85,116.78;
#446:
>0:39.57,116.26;39.71,116.44;39.74,116.51;39.86,116.64;40.15,116.77;
#447:
>0:39.97,116.75;39.95,116.7;39.95,116.51;39.83,116.41;39.81,116.29;
#448:
>0:39.14,116.76;39.15,116.82;
#449:
>0:39.87,116.55;40.21,116.7;39.98,116.71;
#450:
>0:39.85,116.29;39.83,116.43;39.92,116.27;39.8,116.4;39.86,116.43;
#451:
>0:39.42,116.67;39.64,116.48;39.89,116.49;39.82,116.21;
#452:
>0:39.93,116.32;40.1,116.1;40.21,116.27;39.95,116.31;39.88,116.43;39.83,116.26;39.97,116.21;
#453:
>0:39.92,116.2;39.89,116.42;39.83,116.24;39.82,116.37;40.01,116.22;40.17,116.26;40.19,116.43;39.98,116.3;39.99,116.35;39.9,116.29;39.87,116.29;
#454:
>0:39.98,116.21;39.87,116.27;
#455:
>0:39.95,116.25;39.97,116.33;39.97,116.29;40.19,116.14;40.18,116.21;39.88,116.27;39.81,116.34;39.95,116.25;39.86,116.23;
#456:
>0:39.81,116.55;39.77,116.45;39.39,116.53;39.19,116.65;
#457:
>0:39.92,116.2;39.85,116.44;39.88,116.24;40.04,116.14;39.99,116.28;
#458:
>0:39.87,116.34;39.98,116.32;39.96,116.34;39.86,116.4;
#459:
>0:39.84,116.34;39.84,116.31;
#460:
>0:39.68,116.27;39.76,116.33;39.33,116.35;
#461:
>0:39.87,116.78;39.94,116.83;
#462:
>0:39.81,116.25;40.17,116.44;40.0,116.31;
#463:
>0:39.87,116.31;39.97,116.34;39.81,116.31;39.93,116.41;39.92,116.21;39.88,116.44;39.94,116.2;39.89,116.34;39.95,116.32;39.99,116.33;39.86,116.22;39.89,116.41;40.01,116.27;
#464:
>0:39.87,116.45;39.83,116.25;39.89,116.4;39.89,116.24;39.81,116.41;40.19,116.32;39.8,116.34;
#465:
>0:39.69,116.21;39.65,116.17;
#466:
>0:39.84,116.23;40.22,116.38;39.86,116.44;40.01,116.38;
#467:
>0:39.19,116.19;39.18,116.28;
#468:
>0:40.16,116.76;39.9,116.73;39.86,116.6;39.63,116.49;39.41,116.35;39.52,116.13;
#469:
>0:39.82,116.2;39.98,116.34;39.89,116.3;39.93,116.38;39.81,116.21;39.87,116.35;39.9,116.28;39.91,116.39;39.86,116.44;
#470:
>0:39.89,116.28;39.92,116.39;39.94,116.31;39.86,116.4;39.9,116.34;
#471:
>0:39.95,116.73;40.01,116.73;
#472:
>0:39.82,116.29;39.92,116.34;40.0,116.27;39.84,116.34;39.91,116.31;39.99,116.43;
#473:
>0:39.92,116.45;39.99,116.26;
#474:
>0:39.8,116.33;39.83,116.22;
#475:
>0:39.69,116.13;39.56,116.3;39.35,116.36;39.09,116.51;39.09,116.63;39.06,116.79;
#476:
>0:39.89,116.26;39.98,116.44;39.99,116.21;39.96,116.39;39.97,116.31;39.82,116.39;39.83,116.21;39.82,116.22;
#477:
>0:40.01,116.27;39.86,116.33;40.0,116.32;40.09,116.32;40.21,116.43;39.82,116.38;
#478:
>0:39.36,116.78;39.37,116.6;39.05,116.51;39.2,116.47;39.58,116.22;
#479:
>0:39.81,116.26;39.93,116.43;39.8,116.32;40.21,116.33;40.14,116.28;39.8,116.29;39.83,116.38;40.0,116.23;39.93,116.3;
#480:
>0:39.88,116.41;39.99,116.38;
#481:
>0:39.95,116.73;39.82,116.59;39.84,116.56;39.98,116.37;39.94,116.23;39.94,116.35;39.9,116.25;39.83,116.35;40.15,116.38;39.98,116.33;39.87,116.43;
#482:
>0:39.98,116.38;39.98,116.27;
#483:
>0:39.84,116.24;39.98,116.37;39.9,116.26;39.87,116.44;39.91,116.4;
#484:
>0:39.91,116.43;39.87,116.26;39.85,116.44;39.84,116.23;40.0,116.39;39.91,116.3;39.87,116.27;
#485:
>0:39.81,116.32;40.01,116.38;39.62,116.38;39.68,116.46;39.98,116.64;39.95,116.56;39.98,116.58;39.98,116.55;40.01,116.65;39.92,116.75;40.0,116.81;
#486:
>0:39.06,116.18;38.99,116.17;
#487:
>0:39.96,116.25;40.15,116.45;39.82,116.38;40.0,116.44;
#488:
>0:39.88,116.34;39.95,116.26;
#489:
>0:39.09,116.5;39.18,116.46;39.32,116.3;
#490:
>0:39.56,116.31;39.74,116.35;39.52,116.45;39.22,116.69;
#491:
>0:39.99,116.41;39.86,116.25;
#492:
>0:39.99,116.31;39.76,116.17;39.46,116.07;
#493:
>0:39.23,116.37;39.44,116.57;39.62,116.32;
#494:
>0:39.86,116.33;39.9,116.23;
#495:
>0:39.95,116.42;39.9,116.31;
#496:
>0:39.8,116.35;39.95,116.31;39.81,116.39;39.98,116.26;39.98,116.35;39.87,116.35;
#497:
>0:39.28,116.33;39.58,116.54;39.75,116.39;40.01,116.63;
#498:
>0:40.01,116.39;39.85,116.29;
#499:
>0:39.84,116.79;39.93,116.63;40.22,116.47;
#500:
>0:39.9,116.35;40.01,116.27;39.82,116.29;
#501:
>0:39.84,116.79;39.9,116.76;
#502:
>0:39.91,116.2;39.88,116.35;39.91,116.24;40.08,116.41;39.92,116.43;39.83,116.28;39.89,116.28;
#503:
>0:40.01,116.27;40.08,116.32;40.0,116.22;39.96,116.4;39.95,116.25;39.99,116.45;39.95,116.28;40.2,116.34;39.94,116.29;
#504:
>0:39.86,116.36;39.9,116.26;
#505:
>0:39.91,116.21;39.89,116.34;39.81,116.37;
#506:
>0:39.82,116.39;39.98,116.27;39.94,116.42;39.96,116.22;39.82,116.4;39.84,116.43;
#507:
>0:40.0,116.45;40.0,116.26;39.98,116.39;
#508:
>0:40.0,116.73;39.98,116.65;39.98,116.5;39.96,116.36;39.95,116.34;
#509:
>0:39.87,116.17;39.72,116.22;39.42,116.36;39.22,116.52;39.09,116.49;
#510:
>0:39.92,116.41;39.86,116.29;
#511:
>0:39.95,116.55;39.64,116.42;39.4,116.45;39.35,116.7;
#512:
>0:39.32,116.34;39.46,116.53;39.72,116.37;39.9,116.28;
#513:
>0:39.95,116.42;39.81,116.29;
#514:
>0:39.87,116.26;39.92,116.28;
#515:
>0:39.9,116.79;39.83,116.68;39.92,116.54;40.09,116.65;39.99,116.7;39.99,116.36;
#516:
>0:39.99,116.27;39.96,116.44;40.01,116.2;40.12,116.25;39.91,116.35;39.93,116.31;39.86,116.36;40.0,116.51;39.93,116.82;
#517:
>0:39.05,116.1;39.37,116.09;
#518:
>0:39.84,116.4;40.01,116.2;39.87,116.23;
#519:
>0:39.93,116.31;39.93,116.41;40.0,116.41;
#520:
>0:39.96,116.29;39.88,116.32;
#521:
>0:39.82,116.81;39.88,116.59;39.7,116.66;39.63,116.46;39.9,116.24;
#522:
>0:39.83,116.39;39.83,116.3;39.94,116.36;39.98,116.4;
#523:
>0:39.41,116.71;39.17,116.81;39.15,116.81;
#524:
>0:39.97,116.29;40.03,116.13;40.02,116.28;39.82,116.44;
#525:
>0:39.83,116.26;39.94,116.22;
#526:
>0:39.9,116.32;40.0,116.4;39.97,116.28;39.86,116.34;39.87,116.3;40.14,116.25;39.81,116.24;39.87,116.4;39.9,116.28;39.92,116.41;39.8,116.22;39.95,116.4;39.85,116.21;40.15,116.2;39.9,116.26;39.92,116.42;39.85,116.22;39.89,116.33;39.93,116.21;39.9,116.29;
#527:
>0:39.83,116.22;39.98,116.33;39.84,116.24;39.86,116.4;39.96,116.23;39.83,116.41;39.81,116.3;40.1,116.31;39.83,116.25;39.9,116.39;39.95,116.3;39.91,116.44;39.86,116.28;39.84,116.26;
#528:
>0:39.83,116.3;39.98,116.37;39.92,116.3;40.09,116.26;39.81,116.23;
#529:
>0:39.54,116.17;39.36,116.26;39.34,116.41;
#530:
>0:39.89,116.42;39.66,116.51;39.42,116.68;
#531:
>0:39.98,116.2;39.82,116.42;39.89,116.29;39.64,116.26;40.0,116.32;39.85,116.31;40.01,116.42;39.92,116.4;
#532:
>0:39.88,116.24;40.15,116.41;40.17,116.22;39.91,116.29;39.94,116.36;39.95,116.51;39.85,116.35;39.95,116.29;39.93,116.41;39.91,116.32;39.93,116.36;39.85,116.32;39.81,116.41;39.96,116.22;39.84,116.35;39.98,116.25;39.89,116.34;39.86,116.25;39.85,116.42;40.22,116.52;
#533:
>0:39.89,116.28;39.82,116.36;39.95,116.3;39.83,116.34;39.96,116.4;
#534:
>0:39.85,116.39;39.88,116.32;
#535:
>0:39.83,116.21;39.92,116.38;39.9,116.25;39.98,116.44;39.84,116.22;39.97,116.4;39.95,116.41;
#536:
>0:39.87,116.35;40.01,116.31;39.95,116.24;
#537:
>0:39.86,116.21;39.92,116.21;
#538:
>0:39.84,116.4;39.95,116.24;39.99,116.21;
#539:
>0:39.81,116.36;39.84,116.21;
#540:
>0:39.93,116.26;39.9,116.44;40.0,116.26;39.92,116.45;39.82,116.29;39.83,116.41;39.8,116.4;
#541:
>0:39.4,116.71;39.23,116.66;39.03,116.47;39.12,116.35;39.05,116.32;
#542:
>0:39.96,116.39;39.96,116.27;
#543:
>0:39.84,116.36;39.98,116.57;39.84,116.62;39.83,116.48;39.83,116.28;
#544:
>0:39.95,116.4;39.82,116.24;40.01,116.42;40.07,116.2;39.99,116.39;
#545:
>0:39.44,116.75;39.32,116.77;39.01,116.79;
#546:
>0:39.94,116.33;39.84,116.28;
#547:
>0:39.98,116.22;39.99,116.33;39.98,116.21;39.83,116.4;39.9,116.38;
#548:
>0:39.81,116.26;39.81,116.45;39.98,116.21;40.06,116.39;39.94,116.39;39.94,116.24;39.92,116.41;39.87,116.24;40.01,116.36;39.91,116.41;
#549:
>0:40.0,116.41;39.84,116.43;
#550:
>0:40.0,116.37;39.6,116.23;39.5,116.53;
#551:
>0:40.0,116.25;39.84,116.44;39.87,116.5;39.84,116.39;39.86,116.43;
#552:
>0:39.88,116.39;39.9,116.25;40.14,116.2;39.91,116.22;
#553:
>0:39.86,116.74;39.86,116.6;39.89,116.57;39.73,116.44;39.82,116.22;
#554:
>0:39.96,116.41;40.01,116.25;39.87,116.25;
#555:
>0:39.97,116.24;39.9,116.44;39.87,116.29;39.94,116.41;39.86,116.26;39.98,116.34;39.82,116.29;39.98,116.34;39.82,116.42;
#556:
>0:39.92,116.27;39.98,116.36;39.81,116.29;39.96,116.22;
#557:
>0:39.95,116.32;39.81,116.39;39.63,116.35;39.64,116.24;39.84,116.42;39.96,116.27;39.82,116.39;39.87,116.44;
#558:
>0:39.92,116.73;39.87,116.69;39.98,116.55;39.9,116.62;39.97,116.57;39.86,116.43;39.91,116.25;39.82,116.37;39.82,116.43;
#559:
>0:39.94,116.45;39.82,116.31;
#560:
>0:39.62,116.79;39.69,116.61;39.75,116.58;
#561:
>0:39.99,116.22;39.93,116.28;
#562:
>0:39.95,116.4;39.99,116.23;
#563:
>0:40.2,116.14;40.16,116.28;40.01,116.34;
#564:
>0:39.4,116.12;39.17,116.25;39.17,116.35;39.01,116.54;39.01,116.63;38.96,116.76;
#565:
>0:39.33,116.39;39.08,116.21;
#566:
>0:39.88,116.39;39.97,116.27;39.96,116.26;
#567:
>0:39.86,116.23;39.83,116.41;39.81,116.21;39.84,116.37;39.97,116.32;39.88,116.39;39.93,116.3;39.9,116.29;
#568:
>0:39.39,116.81;39.36,116.62;39.01,116.5;39.35,116.33;39.06,116.32;
#569:
>0:39.91,116.44;40.0,116.32;
#570:
>0:39.98,116.35;39.83,116.2;39.87,116.24;
#571:
>0:39.7,116.14;39.45,116.24;39.72,116.44;
#572:
>0:39.79,116.17;39.45,116.28;39.79,116.42;
#573:
>0:39.52,116.53;39.57,116.69;39.47,116.7;
#574:
>0:39.81,116.25;39.98,116.41;39.98,116.26;
#575:
>0:39.81,116.31;39.9,116.4;
#576:
>0:39.84,116.07;39.79,116.15;39.46,116.31;39.37,116.16;39.0,116.4;
#577:
>0:39.09,116.34;39.38,116.49;39.47,116.43;39.69,116.44;39.84,116.68;
#578:
>0:39.89,116.24;39.88,116.32;
#579:
>0:39.99,116.26;40.04,116.39;39.87,116.2;
#580:
>0:39.9,116.2;39.92,116.34;39.97,116.3;39.91,116.4;39.94,116.26;39.96,116.41;39.87,116.29;39.95,116.36;40.05,116.36;39.82,116.44;39.82,116.2;39.97,116.35;39.86,116.21;39.73,116.21;39.87,116.43;39.91,116.24;39.92,116.29;
#581:
>0:39.98,116.23;40.0,116.42;39.82,116.23;39.98,116.39;39.84,116.2;39.61,116.2;39.85,116.43;
#582:
>0:39.98,116.38;39.79,116.29;39.61,116.34;39.92,116.21;
#583:
>0:39.99,116.44;40.0,116.29;39.98,116.3;
#584:
>0:39.88,116.35;39.95,116.25;39.89,116.39;40.07,116.35;39.82,116.31;39.86,116.44;39.94,116.39;
#585:
>0:39.99,116.35;39.99,116.28;
#586:
>0:39.5,116.31;39.63,116.38;39.49,116.56;39.34,116.58;
#587:
>0:39.95,116.39;39.86,116.3;39.85,116.23;
#588:
>0:39.91,116.27;40.18,116.34;39.87,116.27;40.19,116.41;39.82,116.38;39.82,116.32;39.96,116.36;39.9,116.2;39.88,116.38;39.81,116.27;39.82,116.38;39.91,116.25;40.01,116.37;39.89,116.27;39.86,116.37;39.84,116.22;39.97,116.4;40.01,116.25;40.0,116.41;40.07,116.54;
#589:
>0:39.81,116.35;39.83,116.26;39.98,116.39;40.01,116.24;40.16,116.28;
#590:
>0:39.85,116.36;39.99,116.36;
#591:
>0:39.94,116.33;39.93,116.22;
