#0:
>0:40.07,116.4;40.1,116.37;
#1:
>0:40.1,116.9;40.06,116.75;40.04,116.92;39.99,116.66;
#2:
>0:39.95,116.63;39.99,116.78;40.01,116.96;39.98,117.0;
#3:
>0:39.98,117.06;39.99,116.91;39.99,116.82;40.0,116.63;39.99,116.55;40.0,116.41;
#4:
>0:40.06,116.66;40.08,116.5;40.06,116.35;40.15,116.41;
#5:
>0:40.01,116.38;40.08,116.44;40.09,116.46;40.13,116.58;
#6:
>0:40.08,117.08;40.11,117.1;40.15,117.09;
#7:
>0:40.05,116.65;40.08,116.74;40.09,116.75;40.13,116.85;
#8:
>0:40.1,116.75;40.08,116.62;40.05,116.53;40.03,116.66;39.97,116.38;
#9:
>0:40.03,117.1;40.08,117.0;40.11,116.72;40.14,116.84;
#10:
>0:40.08,116.86;40.08,117.05;40.02,116.92;
#11:
>0:39.98,116.69;40.02,116.52;
