#0:
>0:40.05,116.68;40.05,116.67;40.05,116.32;
#1:
>0:40.09,116.38;40.13,116.49;40.13,116.7;40.12,116.67;40.11,116.93;
#2:
>0:40.07,116.35;40.07,116.58;40.08,116.59;40.08,116.93;40.1,116.94;40.12,117.12;
#3:
>0:40.08,116.61;40.08,116.65;40.07,116.9;40.04,116.88;40.04,117.0;
#4:
>0:39.95,116.63;39.99,116.46;40.04,116.63;40.08,116.67;40.1,116.66;
#5:
>0:40.15,116.7;40.15,116.75;40.05,116.89;40.01,116.88;40.0,116.85;39.96,116.48;
#6:
>0:40.01,116.69;39.99,116.55;40.05,116.38;
#7:
>0:40.01,116.57;40.03,116.65;40.0,116.82;
#8:
>0:39.96,116.45;39.96,116.56;40.0,116.61;40.01,116.77;40.05,116.93;
#9:
>0:39.98,116.6;39.98,116.47;40.08,116.38;
#10:
>0:40.1,116.64;40.08,116.6;40.05,116.93;40.05,116.92;
#11:
>0:39.97,116.58;40.01,116.63;40.01,116.76;40.02,116.86;40.1,116.93;
