#0:
>0:40.12,116.49;40.08,116.54;40.06,116.69;
#1:
>0:39.97,116.74;39.98,116.73;39.97,117.07;
#2:
>0:40.08,117.12;40.03,116.91;40.05,116.75;40.15,116.64;
#3:
>0:40.11,116.87;40.09,117.09;
#4:
>0:40.12,116.34;40.08,116.59;40.06,116.71;40.08,116.8;40.09,116.87;40.07,117.01;
#5:
>0:40.02,116.91;39.99,116.74;39.96,116.64;
#6:
>0:39.98,116.83;40.02,116.91;40.08,116.85;40.11,116.94;40.13,116.9;
#7:
>0:40.04,116.79;39.99,116.88;39.97,116.82;
#8:
>0:40.05,116.96;40.04,116.79;40.0,116.69;
#9:
>0:40.09,116.46;40.05,116.55;40.04,116.58;
#10:
>0:39.98,116.67;40.01,116.71;40.01,116.56;40.04,116.62;40.08,116.66;40.12,116.64;
#11:
>0:40.14,116.62;40.09,116.52;40.08,116.47;40.02,116.5;40.0,116.47;39.94,116.55;
