#0:
>0:40.12,116.9;40.16,116.74;40.1,116.73;40.13,116.58;
#1:
>0:40.16,117.05;40.11,117.01;40.1,117.09;
#2:
>0:40.0,116.36;40.01,116.51;40.06,116.48;40.1,116.38;
#3:
>0:39.95,116.64;40.0,116.52;
#4:
>0:40.13,116.96;40.13,116.87;40.11,116.62;40.05,116.51;
#5:
>0:40.01,116.46;39.98,116.66;39.94,116.73;39.97,116.88;39.96,117.09;
#6:
>0:39.96,116.43;40.0,116.41;40.03,116.57;39.98,116.81;
#7:
>0:40.14,116.71;40.1,116.85;40.1,116.61;40.05,116.6;40.04,116.55;39.98,116.46;
#8:
>0:40.03,116.34;40.02,116.58;39.98,116.56;
#9:
>0:40.09,116.6;40.08,116.82;40.05,116.73;
#10:
>0:40.14,116.95;40.15,116.76;40.1,116.67;40.08,116.68;39.99,116.44;
#11:
>0:40.05,116.95;40.02,116.79;40.01,116.59;
