#0:
>0:40.07,116.91;40.05,116.96;
#1:
>0:39.98,116.72;40.06,116.88;
#2:
>0:39.98,116.98;39.98,116.77;
#3:
>0:40.15,117.06;40.11,116.99;40.1,116.77;40.09,116.6;40.06,116.6;40.07,116.36;
#4:
>0:40.12,116.67;40.1,116.6;40.15,117.01;
#5:
>0:40.14,116.66;40.12,116.5;40.11,116.44;40.02,116.38;
#6:
>0:40.02,116.37;40.04,116.52;40.01,116.59;40.04,116.8;40.02,116.96;40.13,117.03;
#7:
>0:40.01,116.97;40.04,116.98;
#8:
>0:40.02,116.58;40.02,116.47;40.08,116.67;40.08,116.48;
#9:
>0:40.09,116.66;40.07,116.7;
#10:
>0:40.02,116.73;40.07,116.6;40.1,116.71;
#11:
>0:40.05,116.77;40.07,116.63;40.12,116.63;
