#0:
>0:40.0,117.03;39.97,117.0;40.0,116.97;40.05,116.74;40.02,116.6;
#1:
>0:40.0,117.02;40.0,116.9;40.03,116.83;40.02,116.71;
#2:
>0:40.15,117.04;40.11,117.11;40.15,117.08;40.1,117.05;40.06,116.9;40.07,117.06;40.12,117.05;40.12,117.01;40.08,117.04;40.12,117.07;40.12,117.11;
#3:
>0:40.06,116.6;40.11,116.53;40.12,116.51;
#4:
>0:40.07,116.34;40.11,116.55;
#5:
>0:40.05,116.63;40.09,116.74;40.05,116.9;40.14,117.01;
#6:
>0:39.98,116.89;40.01,116.77;40.06,116.73;40.06,116.62;40.11,116.42;
#7:
>0:40.03,116.37;40.1,116.7;40.08,116.68;40.1,116.78;40.17,117.0;
#8:
>0:39.99,116.69;40.02,116.45;40.08,116.34;
#9:
>0:40.05,116.65;40.11,116.82;40.08,116.96;40.15,117.01;
#10:
>0:39.96,117.1;40.01,116.97;40.04,116.75;40.08,116.7;
#11:
>0:40.05,116.59;40.1,116.79;40.06,116.96;40.15,117.05;
