#0:
>0:39.89,116.5;39.87,116.53;
#1:
>0:40.01,116.52;40.05,116.47;40.01,116.39;40.0,116.31;
#2:
>0:39.87,116.35;39.86,116.41;
#3:
>0:39.88,116.47;39.9,116.47;39.93,116.38;39.93,116.33;39.99,116.42;
#4:
>0:40.03,116.3;40.0,116.33;39.96,116.35;
#5:
>0:40.05,116.49;40.0,116.52;39.98,116.42;39.94,116.37;
#6:
>0:40.0,116.5;39.97,116.45;39.93,116.47;39.94,116.31;
#7:
>0:40.04,116.64;40.0,116.54;39.98,116.5;39.97,116.44;39.89,116.37;
#8:
>0:39.94,116.43;39.91,116.49;39.91,116.56;
#9:
>0:39.97,116.41;39.96,116.46;
#10:
>0:39.86,116.44;39.86,116.37;
#11:
>0:39.88,116.59;39.92,116.53;39.92,116.47;39.93,116.44;39.95,116.39;40.01,116.34;
#12:
>0:39.92,116.42;39.94,116.44;
#13:
>0:39.98,116.31;39.92,116.39;39.92,116.47;
#14:
>0:39.9,116.45;39.93,116.42;39.97,116.51;39.98,116.42;40.02,116.54;
#15:
>0:39.99,116.52;40.04,116.44;40.01,116.4;40.01,116.31;
#16:
>0:39.97,116.62;39.93,116.54;39.96,116.54;39.92,116.42;
#17:
>0:40.01,116.58;39.98,116.51;39.95,116.47;39.89,116.53;
#18:
>0:39.97,116.37;39.95,116.43;39.9,116.48;39.91,116.56;39.89,116.62;
#19:
>0:39.98,116.63;39.93,116.58;39.9,116.51;39.91,116.43;39.86,116.41;
#20:
>0:39.94,116.42;39.9,116.51;39.87,116.55;
#21:
>0:39.98,116.36;39.94,116.31;39.9,116.35;39.87,116.33;
#22:
>0:39.96,116.52;39.93,116.47;39.93,116.42;39.86,116.43;
#23:
>0:39.9,116.47;39.89,116.58;39.93,116.63;
#24:
>0:39.88,116.38;39.88,116.42;39.88,116.5;39.87,116.56;39.86,116.63;
#25:
>0:40.04,116.42;40.01,116.49;39.97,116.54;39.93,116.54;39.89,116.56;39.88,116.56;
#26:
>0:40.0,116.46;40.04,116.36;39.96,116.32;
#27:
>0:39.96,116.32;40.01,116.35;40.03,116.35;
#28:
>0:40.02,116.38;40.02,116.36;40.02,116.46;39.95,116.44;39.95,116.42;39.87,116.4;
#29:
>0:39.99,116.44;40.01,116.5;39.96,116.44;39.9,116.48;
#30:
>0:39.94,116.34;39.92,116.4;39.86,116.44;39.85,116.48;39.87,116.58;39.87,116.6;
#31:
>0:39.88,116.6;39.9,116.6;39.93,116.55;39.9,116.5;39.91,116.42;39.94,116.31;
