#0:
>0:39.9,116.47;39.93,116.5;39.95,116.47;39.98,116.44;40.03,116.51;
#1:
>0:40.03,116.3;40.05,116.37;
#2:
>0:39.88,116.62;39.87,116.58;39.89,116.51;39.88,116.45;
#3:
>0:40.04,116.55;40.03,116.52;39.99,116.54;39.97,116.56;39.95,116.55;39.87,116.57;
#4:
>0:39.96,116.31;39.99,116.34;39.97,116.31;
#5:
>0:39.97,116.34;39.95,116.38;39.9,116.45;39.88,116.48;39.86,116.56;39.86,116.63;
#6:
>0:39.85,116.55;39.87,116.48;39.9,116.47;39.86,116.44;39.89,116.33;
#7:
>0:39.91,116.47;39.93,116.44;39.97,116.38;40.0,116.31;
#8:
>0:39.92,116.37;39.92,116.34;39.98,116.31;39.99,116.31;40.03,116.31;
#9:
>0:40.05,116.44;40.02,116.47;39.96,116.53;39.95,116.53;
#10:
>0:39.98,116.32;39.97,116.4;39.95,116.34;
#11:
>0:40.03,116.59;39.99,116.58;40.01,116.49;
#12:
>0:39.88,116.57;39.88,116.5;39.89,116.48;39.87,116.42;39.87,116.33;
#13:
>0:39.96,116.34;39.99,116.31;39.96,116.32;40.01,116.31;40.01,116.37;40.04,116.32;40.05,116.33;
#14:
>0:39.93,116.4;39.97,116.47;40.01,116.5;39.96,116.58;
#15:
>0:40.02,116.63;39.99,116.55;39.97,116.53;39.92,116.5;39.92,116.58;
#16:
>0:39.92,116.33;39.97,116.37;
#17:
>0:40.04,116.56;39.99,116.51;39.98,116.46;39.94,116.47;
#18:
>0:39.95,116.62;39.92,116.55;
#19:
>0:39.96,116.34;39.97,116.33;
#20:
>0:40.05,116.46;40.0,116.51;39.98,116.46;39.92,116.47;39.9,116.43;39.88,116.43;
#21:
>0:39.91,116.53;39.94,116.57;39.96,116.5;39.99,116.45;
#22:
>0:39.92,116.61;39.91,116.56;39.93,116.61;39.99,116.55;
#23:
>0:39.95,116.55;39.97,116.5;39.99,116.52;39.96,116.47;39.9,116.32;
#24:
>0:39.87,116.51;39.91,116.52;39.94,116.48;
#25:
>0:39.94,116.46;39.96,116.46;40.0,116.48;40.02,116.39;
#26:
>0:39.86,116.38;39.89,116.36;39.94,116.35;39.97,116.33;40.0,116.36;
#27:
>0:39.96,116.3;39.95,116.37;39.89,116.42;39.87,116.5;39.87,116.54;39.86,116.62;
#28:
>0:39.95,116.53;39.94,116.55;
#29:
>0:39.89,116.54;39.92,116.58;39.95,116.48;40.02,116.42;
#30:
>0:40.02,116.35;40.0,116.33;39.98,116.31;40.0,116.36;39.96,116.3;
#31:
>0:39.94,116.53;39.97,116.58;39.99,116.49;39.97,116.41;39.9,116.31;
