#0:
>0:40.03,116.49;39.99,116.42;39.97,116.48;39.94,116.51;39.91,116.6;
#1:
>0:40.05,116.56;39.99,116.52;39.97,116.46;39.94,116.51;39.89,116.49;39.88,116.39;
#2:
>0:40.01,116.63;39.96,116.56;39.95,116.64;39.92,116.56;
#3:
>0:39.98,116.31;39.99,116.32;
#4:
>0:39.94,116.35;39.97,116.36;39.95,116.45;39.94,116.52;39.91,116.58;
#5:
>0:39.96,116.44;39.97,116.49;39.89,116.48;
#6:
>0:40.03,116.6;40.0,116.53;40.02,116.52;39.92,116.48;
#7:
>0:39.93,116.5;39.94,116.44;39.99,116.5;
#8:
>0:40.04,116.31;39.99,116.33;39.97,116.33;40.01,116.34;39.98,116.34;
#9:
>0:40.03,116.49;40.0,116.47;39.98,116.51;39.94,116.47;39.91,116.49;39.88,116.51;
#10:
>0:39.99,116.49;40.0,116.55;
#11:
>0:39.91,116.49;39.91,116.6;39.94,116.61;40.01,116.63;
#12:
>0:39.98,116.45;40.0,116.48;40.02,116.54;
#13:
>0:40.0,116.47;39.99,116.45;
#14:
>0:40.0,116.61;39.96,116.61;39.95,116.59;39.93,116.61;
#15:
>0:39.97,116.42;39.99,116.39;40.02,116.35;
#16:
>0:40.0,116.45;40.02,116.41;40.04,116.31;
#17:
>0:39.86,116.41;39.86,116.45;39.9,116.5;39.93,116.57;39.87,116.59;
#18:
>0:40.0,116.34;39.97,116.39;39.92,116.45;39.92,116.5;39.85,116.42;
#19:
>0:40.04,116.4;39.99,116.46;39.98,116.5;39.92,116.58;39.91,116.57;39.88,116.56;
#20:
>0:40.03,116.33;40.01,116.31;40.01,116.36;39.96,116.34;40.0,116.32;40.02,116.32;40.04,116.3;
#21:
>0:39.92,116.33;39.97,116.4;39.94,116.45;39.96,116.44;40.0,116.54;
#22:
>0:39.98,116.4;39.94,116.45;39.89,116.5;39.93,116.56;
#23:
>0:39.87,116.51;39.91,116.46;39.89,116.36;39.95,116.42;40.01,116.46;
#24:
>0:40.01,116.46;39.97,116.52;39.95,116.55;39.91,116.6;39.88,116.58;
#25:
>0:39.89,116.44;39.92,116.37;
#26:
>0:39.93,116.42;39.98,116.41;39.93,116.34;
#27:
>0:40.01,116.43;39.98,116.48;39.92,116.56;39.92,116.58;39.86,116.58;
#28:
>0:39.89,116.48;39.91,116.43;
#29:
>0:39.89,116.39;39.87,116.42;39.89,116.49;39.96,116.58;
#30:
>0:39.86,116.38;39.92,116.31;39.94,116.3;
#31:
>0:39.89,116.42;39.91,116.37;39.93,116.45;39.98,116.43;40.02,116.56;
