#0:
>0:39.86,116.49;39.91,116.47;39.93,116.38;39.99,116.31;40.07,116.3;
#1:
>0:39.96,116.67;39.99,116.64;39.99,116.58;39.98,116.59;39.98,116.46;39.97,116.31;
#2:
>0:39.89,116.35;39.88,116.43;39.89,116.42;39.87,116.51;39.83,116.68;
#3:
>0:40.04,116.42;40.13,116.56;
#4:
>0:40.12,116.66;40.05,116.64;40.02,116.52;40.03,116.43;39.97,116.42;39.92,116.3;
#5:
>0:39.96,116.65;40.03,116.64;40.01,116.57;
#6:
>0:40.12,116.64;40.14,116.65;
#7:
>0:40.13,116.68;40.04,116.55;40.08,116.43;40.0,116.37;39.91,116.41;
#8:
>0:40.11,116.34;40.04,116.44;40.07,116.5;
#9:
>0:39.97,116.42;39.99,116.52;40.06,116.58;
#10:
>0:40.02,116.65;40.01,116.59;40.13,116.69;
#11:
>0:40.12,116.65;40.06,116.72;40.0,116.59;39.99,116.59;39.97,116.62;39.86,116.45;
#12:
>0:39.96,116.3;39.95,116.41;40.0,116.47;40.0,116.38;39.94,116.42;40.01,116.56;39.98,116.58;39.88,116.52;39.96,116.57;39.9,116.54;39.97,116.63;39.91,116.5;39.94,116.44;39.96,116.51;39.97,116.58;39.93,116.51;39.97,116.52;39.97,116.62;39.9,116.52;39.95,116.42;40.03,116.5;39.95,116.44;39.98,116.55;39.95,116.62;39.93,116.54;39.88,116.45;39.86,116.5;39.95,116.66;39.84,116.7;39.93,116.67;39.97,116.65;39.95,116.69;39.96,116.64;39.93,116.7;39.88,116.61;39.86,116.68;39.94,116.67;39.84,116.56;39.93,116.68;39.83,116.6;39.86,116.7;39.93,116.69;39.93,116.65;39.93,116.67;39.94,116.66;39.92,116.7;39.93,116.65;39.93,116.64;
#13:
>0:39.92,116.58;39.85,116.66;
#14:
>0:39.9,116.69;39.98,116.57;39.91,116.55;40.01,116.48;
#15:
>0:40.01,116.69;40.0,116.57;39.95,116.54;40.03,116.43;40.02,116.35;39.93,116.28;
#16:
>0:40.12,116.61;40.06,116.48;
#17:
>0:39.95,116.46;39.96,116.54;39.86,116.48;
#18:
>0:40.01,116.44;39.98,116.47;
#19:
>0:39.83,116.68;39.93,116.63;39.88,116.54;40.02,116.49;
#20:
>0:40.04,116.44;40.03,116.4;
#21:
>0:39.88,116.4;39.97,116.36;39.95,116.43;40.06,116.65;
#22:
>0:39.98,116.35;39.98,116.48;40.0,116.5;40.13,116.36;
#23:
>0:39.83,116.38;39.9,116.47;39.96,116.57;39.97,116.56;39.98,116.65;
#24:
>0:40.11,116.43;40.05,116.51;40.05,116.65;
#25:
>0:39.96,116.28;39.98,116.28;
