#0:
>0:39.98,116.67;40.07,116.57;
#1:
>0:40.12,116.42;40.08,116.48;40.0,116.56;
#2:
>0:40.11,116.67;40.1,116.64;
#3:
>0:39.97,116.45;39.99,116.53;40.05,116.52;
#4:
>0:40.13,116.28;40.11,116.4;40.12,116.45;40.13,116.53;40.12,116.59;40.13,116.64;
#5:
>0:40.03,116.32;39.94,116.27;39.93,116.35;
#6:
>0:39.99,116.33;39.99,116.34;
#7:
>0:40.04,116.52;40.07,116.49;
#8:
>0:39.98,116.31;39.99,116.32;39.97,116.4;39.91,116.38;39.88,116.47;39.84,116.34;39.84,116.27;39.91,116.27;39.98,116.36;39.96,116.35;39.93,116.36;39.87,116.33;39.95,116.29;40.0,116.36;
#9:
>0:39.99,116.33;39.9,116.38;
#10:
>0:39.85,116.66;39.95,116.65;39.89,116.54;39.91,116.46;
#11:
>0:39.92,116.44;39.89,116.49;
#12:
>0:39.91,116.28;39.99,116.31;40.01,116.36;40.03,116.52;
#13:
>0:40.0,116.39;39.89,116.41;39.86,116.38;
#14:
>0:39.98,116.31;39.96,116.41;39.93,116.38;39.96,116.46;39.99,116.54;40.03,116.68;
#15:
>0:40.05,116.39;40.0,116.46;39.98,116.43;39.91,116.48;39.87,116.45;
#16:
>0:40.08,116.4;40.11,116.38;40.12,116.55;
#17:
>0:40.1,116.29;40.09,116.41;40.09,116.47;40.11,116.5;40.11,116.6;40.13,116.69;
#18:
>0:40.01,116.56;40.08,116.46;
#19:
>0:40.07,116.41;40.03,116.43;39.93,116.51;
#20:
>0:40.03,116.47;39.96,116.47;39.92,116.36;
#21:
>0:40.03,116.61;39.97,116.51;39.94,116.45;39.98,116.38;39.96,116.35;
#22:
>0:39.92,116.33;39.99,116.34;40.03,116.44;40.03,116.54;40.04,116.56;
#23:
>0:40.12,116.33;40.11,116.39;40.14,116.45;40.1,116.56;40.13,116.58;40.13,116.68;
#24:
>0:40.02,116.3;39.97,116.35;39.92,116.36;39.91,116.46;39.95,116.6;
#25:
>0:39.92,116.55;39.99,116.63;40.0,116.68;
