#0:
>0:39.83,116.7;39.91,116.57;39.98,116.52;40.03,116.6;40.08,116.56;
#1:
>0:39.91,116.58;39.95,116.56;40.02,116.66;40.06,116.61;
#2:
>0:40.11,116.49;40.09,116.43;
#3:
>0:40.13,116.49;40.04,116.63;39.99,116.59;39.96,116.57;39.92,116.58;
#4:
>0:39.84,116.44;39.91,116.41;40.01,116.41;
#5:
>0:40.0,116.52;40.06,116.44;40.13,116.4;40.1,116.28;
#6:
>0:39.99,116.43;40.07,116.55;40.11,116.56;40.14,116.67;
#7:
>0:40.04,116.48;39.98,116.51;39.97,116.63;
#8:
>0:40.1,116.37;40.06,116.3;
#9:
>0:40.03,116.47;39.93,116.48;39.89,116.38;
#10:
>0:39.93,116.58;39.96,116.66;
#11:
>0:39.97,116.58;39.94,116.69;39.85,116.65;
#12:
>0:39.87,116.56;39.88,116.54;39.96,116.52;39.97,116.47;40.01,116.3;
#13:
>0:39.87,116.46;39.88,116.52;39.92,116.55;39.96,116.54;40.01,116.53;40.12,116.52;
#14:
>0:40.01,116.46;40.05,116.53;40.01,116.6;
#15:
>0:40.13,116.61;40.04,116.6;40.08,116.56;40.01,116.62;39.96,116.55;39.84,116.58;
#16:
>0:40.11,116.7;40.05,116.57;
#17:
>0:39.89,116.32;39.9,116.4;39.99,116.43;
#18:
>0:39.87,116.54;39.88,116.45;39.92,116.38;
#19:
>0:39.92,116.67;39.93,116.57;
#20:
>0:39.86,116.54;39.86,116.57;39.86,116.67;
#21:
>0:40.0,116.72;39.96,116.69;
#22:
>0:39.99,116.55;40.05,116.44;40.07,116.39;
#23:
>0:39.99,116.37;39.88,116.41;39.85,116.54;
#24:
>0:39.92,116.28;39.94,116.34;39.98,116.27;40.04,116.31;40.1,116.28;
#25:
>0:39.83,116.31;39.9,116.31;39.92,116.39;39.99,116.47;
