#0:
>0:39.96,116.49;40.0,116.5;40.06,116.57;40.13,116.65;
#1:
>0:39.99,116.33;40.07,116.37;40.12,116.37;
#2:
>0:39.94,116.61;39.95,116.57;
#3:
>0:39.86,116.33;39.84,116.29;
#4:
>0:39.92,116.39;40.01,116.5;39.94,116.57;39.83,116.58;39.99,116.71;
#5:
>0:40.1,116.42;40.06,116.5;40.14,116.49;40.05,116.66;
#6:
>0:40.07,116.47;40.01,116.39;39.96,116.47;39.89,116.41;
#7:
>0:39.99,116.74;40.03,116.62;40.06,116.53;40.12,116.45;40.09,116.37;40.12,116.28;
#8:
>0:39.98,116.35;40.03,116.43;40.08,116.47;
#9:
>0:39.85,116.31;39.91,116.38;39.98,116.5;39.95,116.55;39.87,116.61;39.99,116.67;
#10:
>0:40.0,116.57;39.96,116.54;39.94,116.53;
#11:
>0:39.85,116.39;39.84,116.46;
#12:
>0:39.94,116.37;39.99,116.32;40.03,116.35;40.11,116.44;
#13:
>0:40.01,116.39;39.97,116.51;40.01,116.42;40.01,116.58;
#14:
>0:39.99,116.63;39.96,116.5;40.02,116.51;
#15:
>0:40.01,116.3;39.97,116.39;39.9,116.48;39.94,116.51;39.88,116.58;
#16:
>0:40.11,116.52;40.09,116.41;
#17:
>0:39.86,116.65;39.91,116.62;39.94,116.55;39.99,116.54;
#18:
>0:40.03,116.5;40.04,116.51;40.06,116.35;
#19:
>0:40.11,116.57;40.08,116.64;40.0,116.69;
#20:
>0:40.05,116.45;40.1,116.5;40.11,116.56;
#21:
>0:40.0,116.59;40.02,116.7;39.89,116.69;39.83,116.66;
#22:
>0:40.13,116.67;40.08,116.69;40.11,116.66;40.08,116.67;40.11,116.64;40.06,116.67;40.1,116.67;40.07,116.67;40.1,116.65;40.08,116.67;40.14,116.67;40.06,116.69;40.13,116.68;40.04,116.74;40.13,116.69;40.05,116.66;40.05,116.6;40.02,116.52;40.07,116.49;40.05,116.43;40.12,116.48;40.05,116.4;40.03,116.42;40.0,116.51;39.93,116.51;39.94,116.54;
#23:
>0:40.13,116.66;40.06,116.58;39.99,116.55;39.99,116.53;39.9,116.36;39.85,116.31;
#24:
>0:40.03,116.58;40.03,116.66;
#25:
>0:39.89,116.47;39.92,116.56;39.97,116.48;40.04,116.37;
