#0:
>0:39.92,116.33;39.85,116.39;39.87,116.48;39.83,116.54;39.87,116.57;
#1:
>0:39.92,116.46;39.87,116.37;39.87,116.3;
#2:
>0:40.09,116.44;40.05,116.44;40.07,116.59;
#3:
>0:39.95,116.27;39.94,116.31;
#4:
>0:40.11,116.48;40.12,116.36;40.04,116.44;39.96,116.56;
#5:
>0:39.97,116.32;39.97,116.33;
#6:
>0:39.91,116.6;39.88,116.5;39.88,116.42;39.91,116.39;
#7:
>0:39.96,116.47;40.0,116.46;40.01,116.5;40.1,116.52;
#8:
>0:39.94,116.7;39.97,116.67;
#9:
>0:39.96,116.6;40.02,116.57;39.94,116.42;
#10:
>0:40.01,116.49;39.97,116.49;39.88,116.67;
#11:
>0:40.11,116.64;40.06,116.66;40.12,116.59;40.05,116.45;
#12:
>0:40.03,116.33;40.08,116.38;40.11,116.38;
#13:
>0:40.04,116.31;40.02,116.35;39.94,116.47;39.88,116.54;
#14:
>0:39.88,116.67;39.94,116.6;39.98,116.51;40.04,116.46;
#15:
>0:39.94,116.27;39.94,116.37;
#16:
>0:39.84,116.3;39.9,116.38;39.96,116.43;40.03,116.48;40.04,116.51;40.14,116.4;
#17:
>0:39.93,116.39;40.02,116.48;40.08,116.56;40.13,116.36;
#18:
>0:39.96,116.3;39.95,116.36;
#19:
>0:39.92,116.68;39.96,116.56;39.99,116.55;
#20:
>0:39.84,116.44;39.89,116.55;39.97,116.6;40.03,116.68;
#21:
>0:39.86,116.47;39.85,116.38;
#22:
>0:39.88,116.46;39.87,116.42;
#23:
>0:39.87,116.55;39.93,116.53;39.9,116.44;39.98,116.39;40.01,116.33;40.12,116.29;
#24:
>0:39.85,116.37;39.88,116.38;
#25:
>0:39.89,116.48;39.98,116.41;40.03,116.47;40.07,116.49;40.09,116.36;
