#0:
>0:39.86,116.77;39.96,116.55;
#1:
>0:39.85,116.41;39.97,116.25;40.0,116.4;
#2:
>0:39.69,116.54;39.82,116.61;39.76,116.7;39.92,116.72;
#3:
>0:39.71,116.08;39.8,116.11;39.91,116.02;39.98,116.14;
#4:
>0:40.02,116.44;39.93,116.37;
#5:
>0:39.7,115.86;39.67,116.05;39.79,116.18;39.8,116.41;39.9,116.54;
#6:
>0:39.81,116.63;39.69,116.39;39.77,116.23;39.89,115.97;40.03,115.82;
#7:
>0:39.67,116.04;39.8,116.25;39.8,116.31;39.7,116.56;
#8:
>0:39.94,116.34;39.88,116.32;40.07,116.41;
#9:
>0:40.16,116.72;40.02,116.49;39.94,116.8;39.91,116.57;
#10:
>0:39.96,116.43;40.02,116.44;39.85,116.45;
#11:
>0:39.7,116.18;39.77,115.96;39.89,116.29;
#12:
>0:39.71,116.0;39.78,116.21;
#13:
>0:39.68,115.97;39.82,116.15;
#14:
>0:39.86,115.86;39.91,116.09;39.9,116.26;39.86,116.37;39.98,116.58;39.97,116.81;
#15:
>0:40.0,116.39;39.94,116.41;39.98,116.38;
#16:
>0:39.94,116.58;40.08,116.4;
#17:
>0:40.09,116.34;40.02,116.3;39.94,116.31;39.89,116.3;39.81,116.34;39.71,115.98;
#18:
>0:39.73,116.37;39.8,116.29;39.91,116.04;40.0,116.04;
#19:
>0:39.76,116.75;39.84,116.59;39.93,116.41;39.99,116.17;39.99,116.0;39.96,115.94;
#20:
>0:40.02,116.42;40.05,116.43;
#21:
>0:39.76,116.31;39.87,116.31;39.93,116.63;40.07,116.78;40.09,116.7;
#22:
>0:39.95,116.45;40.07,116.3;
#23:
>0:39.96,116.46;39.95,116.35;
#24:
>0:40.06,116.46;40.07,116.42;
#25:
>0:40.07,116.36;40.05,116.35;
#26:
>0:39.94,116.44;39.86,116.37;39.89,116.47;
#27:
>0:40.07,116.15;40.01,116.25;
#28:
>0:39.91,116.46;39.86,116.41;
#29:
>0:40.02,116.45;39.94,116.38;39.97,116.31;
#30:
>0:39.74,116.58;39.82,116.45;39.76,116.15;39.86,116.0;40.02,115.89;
#31:
>0:40.13,116.68;40.03,116.72;39.99,116.76;39.9,116.58;
#32:
>0:39.97,116.34;40.08,116.37;
#33:
>0:39.99,116.3;39.93,116.35;40.05,116.43;39.92,116.47;40.0,116.39;39.94,116.43;39.95,116.41;
#34:
>0:39.77,116.41;39.84,116.13;39.88,116.45;40.06,116.8;
#35:
>0:39.76,116.45;39.86,116.37;39.96,116.52;40.04,116.68;40.11,116.7;
#36:
>0:39.94,116.43;40.0,116.33;
#37:
>0:39.67,116.64;39.82,116.77;39.88,116.5;39.89,116.16;
#38:
>0:39.73,116.74;39.76,116.63;39.87,116.61;
#39:
>0:39.99,116.22;39.89,116.37;39.87,116.49;
#40:
>0:39.92,116.4;39.9,116.45;
#41:
>0:39.9,116.63;39.84,116.36;39.81,116.17;
#42:
>0:39.94,116.31;40.04,116.36;
#43:
>0:39.96,116.44;40.05,116.43;
#44:
>0:40.02,116.38;39.95,116.38;
#45:
>0:39.98,116.13;39.94,116.09;
#46:
>0:40.13,116.81;40.04,116.8;40.06,116.49;40.15,116.35;40.04,116.03;
#47:
>0:39.96,116.38;40.05,116.31;40.06,116.45;
#48:
>0:39.93,116.43;39.93,116.44;
#49:
>0:39.93,116.32;39.94,116.46;
#50:
>0:40.06,116.36;40.06,116.42;
#51:
>0:39.84,116.35;39.87,116.3;
#52:
>0:39.73,116.53;39.73,116.81;39.75,116.81;39.97,116.74;
#53:
>0:39.93,116.78;39.98,116.6;39.97,116.35;39.95,116.27;39.96,116.05;39.93,115.81;
#54:
>0:39.88,116.44;39.84,116.37;
#55:
>0:39.98,116.62;39.91,116.4;39.95,116.13;
#56:
>0:39.94,116.31;39.92,116.38;
#57:
>0:39.85,116.81;39.85,116.53;39.99,116.4;40.02,116.26;
#58:
>0:39.78,116.06;39.86,116.2;39.92,116.24;40.01,116.15;40.14,115.81;
#59:
>0:39.79,116.02;39.86,116.22;39.94,116.26;39.84,116.42;39.85,116.68;
#60:
>0:39.92,116.31;39.9,116.45;
#61:
>0:39.7,116.71;39.8,116.75;39.88,116.54;39.97,116.26;
#62:
>0:39.71,115.92;39.73,116.05;39.8,116.23;39.82,116.42;39.88,116.54;
#63:
>0:39.97,116.33;40.07,116.32;
#64:
>0:39.92,116.38;40.04,116.3;
#65:
>0:39.78,116.72;39.67,116.6;
#66:
>0:39.87,115.79;39.85,116.09;
#67:
>0:39.88,116.8;39.8,116.58;39.72,116.37;39.91,116.25;
#68:
>0:39.69,116.33;39.68,116.5;39.82,116.72;39.97,116.42;
#69:
>0:40.06,116.25;40.03,116.38;40.08,116.5;40.14,116.76;
#70:
>0:40.0,116.32;39.99,116.31;39.95,116.36;
#71:
>0:39.96,116.42;40.05,116.42;40.03,116.44;
#72:
>0:39.9,116.29;40.0,116.36;40.08,116.24;
#73:
>0:39.97,116.37;39.99,116.44;
#74:
>0:39.96,116.38;40.04,116.39;
#75:
>0:40.08,115.96;40.07,115.9;
#76:
>0:39.98,116.4;39.99,116.42;
#77:
>0:39.85,116.26;39.94,116.38;
#78:
>0:39.9,116.59;39.76,116.35;39.8,116.26;39.92,116.02;
#79:
>0:39.87,116.3;39.89,116.4;
#80:
>0:39.86,116.01;39.86,116.18;39.95,116.22;40.16,116.2;
#81:
>0:39.94,116.3;40.03,116.36;
#82:
>0:39.82,116.52;39.7,116.31;39.82,116.33;39.88,116.07;
#83:
>0:39.97,116.27;39.91,116.31;39.86,116.58;
#84:
>0:40.02,116.3;39.99,116.45;
#85:
>0:40.03,116.3;40.04,116.38;
#86:
>0:40.06,116.13;40.08,116.21;
#87:
>0:40.0,116.32;39.97,116.36;
#88:
>0:40.04,116.46;40.0,116.44;
#89:
>0:40.01,116.34;40.02,116.56;
#90:
>0:39.96,116.31;39.96,116.3;
#91:
>0:40.04,116.36;39.93,116.4;
#92:
>0:39.99,116.3;40.01,116.38;
#93:
>0:39.77,116.69;39.79,116.56;39.74,116.46;39.78,116.14;39.75,116.05;39.74,115.92;
#94:
>0:39.97,116.21;40.01,116.23;40.03,115.95;39.97,116.15;40.03,116.19;39.95,116.41;40.05,116.41;39.99,116.37;
#95:
>0:40.07,116.46;40.03,116.4;
#96:
>0:39.92,116.37;40.04,116.42;
#97:
>0:39.94,116.62;39.91,116.69;39.81,116.62;39.7,116.5;
#98:
>0:40.08,116.18;40.01,116.45;
#99:
>0:40.03,116.42;39.99,116.33;
#100:
>0:39.96,116.34;39.95,116.36;
#101:
>0:39.93,116.35;39.98,116.2;39.93,116.41;
#102:
>0:39.93,116.36;39.99,116.32;
#103:
>0:39.74,116.04;39.77,116.15;39.8,116.42;39.84,116.58;
#104:
>0:40.03,116.07;39.94,116.27;40.0,116.36;39.9,116.33;39.85,116.7;
#105:
>0:39.96,116.33;39.94,116.37;
#106:
>0:39.7,116.39;39.8,116.17;39.89,116.08;39.87,115.85;
#107:
>0:40.08,116.44;39.96,116.46;
#108:
>0:39.74,115.97;39.76,116.18;39.82,116.31;39.86,116.61;
#109:
>0:40.12,115.83;40.07,115.89;40.0,116.17;
#110:
>0:39.99,116.44;39.99,116.33;
#111:
>0:39.94,116.75;40.08,116.57;40.14,116.69;
#112:
>0:40.01,116.33;40.07,116.34;
#113:
>0:39.92,116.31;39.97,116.37;
#114:
>0:40.04,116.38;39.96,116.32;39.96,116.32;
#115:
>0:39.91,116.15;39.95,116.35;40.04,116.13;
#116:
>0:39.98,116.4;39.92,116.41;
#117:
>0:39.93,116.41;39.98,116.16;39.85,116.15;39.68,116.33;
#118:
>0:40.07,116.32;39.93,116.31;
#119:
>0:40.13,116.21;40.16,116.11;
#120:
>0:39.96,116.36;39.93,116.32;
#121:
>0:40.0,116.39;40.0,116.39;
#122:
>0:39.81,116.25;39.79,116.42;39.82,116.48;
#123:
>0:39.99,116.37;39.94,116.46;
#124:
>0:39.97,116.44;40.04,116.35;40.0,116.19;40.05,116.41;
#125:
>0:39.73,116.5;39.83,116.46;39.8,116.29;39.92,115.99;40.01,115.9;
#126:
>0:39.81,115.92;39.9,116.06;39.87,116.18;39.93,116.27;40.15,116.14;
#127:
>0:39.7,116.13;39.72,116.05;39.81,116.02;39.86,116.16;40.01,116.3;
#128:
>0:40.02,116.34;40.03,116.55;
#129:
>0:39.86,116.45;39.89,116.43;
#130:
>0:39.95,116.43;39.92,116.2;39.98,116.35;
#131:
>0:40.08,116.45;40.05,116.45;
#132:
>0:40.1,116.08;40.04,116.29;39.96,116.45;39.88,116.35;39.83,116.76;
#133:
>0:39.98,116.33;40.03,116.32;
#134:
>0:39.93,116.44;39.9,116.47;39.76,116.34;39.73,116.4;
#135:
>0:39.92,116.34;40.08,116.36;
#136:
>0:40.03,116.31;39.93,116.41;
#137:
>0:40.07,116.66;39.98,116.57;39.96,116.46;39.98,116.15;39.92,116.01;39.92,115.78;
#138:
>0:40.02,116.45;39.97,116.45;
#139:
>0:39.97,116.32;39.96,116.37;
#140:
>0:40.04,116.34;39.98,116.39;
#141:
>0:39.85,116.07;39.99,116.05;40.04,115.84;40.08,116.23;
#142:
>0:40.07,116.44;39.92,116.37;
#143:
>0:39.75,116.15;39.76,115.99;39.89,116.13;39.84,116.44;39.97,116.32;40.1,116.41;
#144:
>0:40.03,116.32;40.03,116.51;
#145:
>0:39.86,116.45;39.86,116.32;
#146:
>0:39.94,116.39;40.06,116.35;
#147:
>0:40.01,116.47;39.99,116.39;39.92,116.24;40.06,116.37;
#148:
>0:39.98,116.36;39.96,116.44;
#149:
>0:40.13,116.74;40.04,116.71;40.13,116.62;40.12,116.41;40.02,116.03;
#150:
>0:39.85,116.42;39.95,116.38;40.07,116.24;
#151:
>0:40.05,116.4;40.02,116.18;39.92,116.47;39.92,116.34;
#152:
>0:39.99,115.97;39.87,116.28;39.77,116.46;39.85,116.51;
#153:
>0:40.0,116.35;39.92,116.44;39.98,116.32;
#154:
>0:39.75,116.42;39.7,116.63;39.75,116.78;
#155:
>0:40.03,116.32;39.95,116.31;39.94,116.13;39.98,116.35;40.08,116.43;39.94,116.41;39.84,116.38;39.94,116.31;39.89,116.33;39.93,116.23;40.07,116.21;39.98,116.28;39.99,116.38;40.06,116.35;39.93,116.43;40.01,116.42;39.94,116.4;39.84,116.4;40.07,116.29;
#156:
>0:39.92,116.43;40.06,116.46;
#157:
>0:39.97,116.39;40.01,116.35;40.07,116.45;
#158:
>0:40.12,116.6;40.07,116.61;
#159:
>0:40.14,116.69;40.05,116.76;40.08,116.59;40.15,116.31;40.04,116.03;
#160:
>0:40.06,116.38;40.01,116.26;40.05,116.4;
#161:
>0:40.06,116.33;40.03,116.43;
#162:
>0:39.99,116.31;40.01,116.36;
#163:
>0:40.04,116.36;40.02,116.59;40.06,116.31;
#164:
>0:39.82,116.22;39.71,116.35;
#165:
>0:40.02,116.34;40.01,116.24;40.07,116.37;
#166:
>0:40.05,116.36;39.93,116.45;
#167:
>0:39.92,116.33;39.98,116.4;
#168:
>0:39.87,115.84;39.84,116.07;39.85,116.18;39.88,116.47;39.94,116.56;40.0,116.7;
#169:
>0:40.08,115.92;40.14,116.03;
#170:
>0:40.02,116.45;39.97,116.42;
#171:
>0:40.09,116.05;40.13,115.87;40.04,116.02;39.88,115.92;
#172:
>0:39.69,115.93;39.75,115.96;39.78,116.12;39.92,116.19;39.78,116.59;
#173:
>0:40.05,116.52;40.16,116.32;40.15,116.14;40.08,116.07;40.15,115.94;
#174:
>0:39.83,116.57;39.7,116.57;
#175:
>0:39.94,116.05;39.95,116.16;40.08,116.37;
#176:
>0:39.98,116.46;39.96,116.33;
#177:
>0:39.99,116.33;39.92,116.43;
#178:
>0:39.93,116.37;39.99,116.33;
#179:
>0:39.7,116.56;39.73,116.76;39.77,116.7;39.94,116.71;
#180:
>0:40.02,115.93;39.93,115.96;39.88,116.16;39.81,116.37;39.87,116.51;
#181:
>0:39.91,115.87;39.77,116.11;39.73,115.85;
#182:
>0:39.95,116.28;40.04,116.18;39.93,116.46;
#183:
>0:39.92,116.09;39.94,116.19;39.99,116.34;40.04,116.61;
#184:
>0:39.97,116.39;40.03,116.33;
#185:
>0:39.99,116.45;39.93,116.41;
#186:
>0:39.73,115.96;39.78,116.09;39.91,116.26;39.93,116.13;
#187:
>0:40.05,116.42;39.95,116.41;
#188:
>0:39.78,116.51;39.71,116.41;39.76,116.28;39.9,116.03;39.7,115.87;
#189:
>0:39.98,116.38;40.04,116.46;
#190:
>0:39.94,115.96;39.98,116.22;40.12,116.32;
#191:
>0:40.05,116.46;40.15,116.44;39.98,116.45;
#192:
>0:39.87,116.4;39.87,116.37;
#193:
>0:39.93,116.35;40.0,116.39;
#194:
>0:40.06,116.6;40.12,116.76;
#195:
>0:40.05,116.18;39.94,116.39;39.85,116.34;39.89,116.78;
#196:
>0:39.99,116.4;40.03,116.35;
#197:
>0:40.04,116.32;39.96,116.41;
#198:
>0:39.9,116.55;39.76,116.32;39.82,116.25;
#199:
>0:40.04,116.45;39.93,116.36;
#200:
>0:39.75,116.49;39.78,116.39;39.71,116.47;39.84,116.03;
#201:
>0:40.05,116.41;39.92,116.36;40.04,116.4;39.95,116.4;39.97,116.37;
#202:
>0:40.02,116.37;40.03,116.58;40.02,116.38;
#203:
>0:39.96,116.37;39.98,116.35;
#204:
>0:40.03,116.17;39.95,116.36;39.87,116.35;39.83,116.42;39.69,116.56;
#205:
>0:40.06,116.15;39.97,116.3;39.9,116.46;39.84,116.73;
#206:
>0:40.04,116.32;39.94,116.45;
#207:
>0:39.76,116.03;39.91,115.95;39.87,116.16;39.84,116.35;40.04,116.75;
#208:
>0:39.72,116.4;39.71,116.61;39.83,116.68;39.95,116.3;
#209:
>0:39.97,116.41;39.96,116.42;
#210:
>0:40.0,116.21;40.07,116.47;
#211:
>0:39.98,116.43;40.07,116.36;
#212:
>0:40.05,116.31;40.03,116.3;
#213:
>0:39.93,116.34;39.95,116.37;
#214:
>0:39.9,116.68;39.77,116.6;39.7,116.35;39.82,116.39;39.75,115.98;
#215:
>0:40.14,116.46;40.12,116.24;40.02,116.07;39.88,115.82;
#216:
>0:39.99,116.44;40.01,116.44;40.01,116.23;40.06,116.36;
#217:
>0:40.02,116.46;39.93,116.34;
#218:
>0:40.02,116.36;40.07,116.42;
#219:
>0:39.98,116.38;40.02,116.45;
#220:
>0:39.92,116.36;40.0,116.43;
#221:
>0:39.93,116.32;40.08,116.44;
#222:
>0:39.97,116.4;39.92,116.33;
#223:
>0:40.07,116.42;39.98,116.44;
#224:
>0:39.98,116.24;39.9,116.41;39.88,116.64;
#225:
>0:39.88,116.23;39.83,116.01;39.8,115.78;
#226:
>0:40.15,116.55;40.08,116.38;40.08,116.19;39.84,116.24;
#227:
>0:40.01,116.43;39.99,116.42;
#228:
>0:39.96,116.29;39.96,116.37;39.86,116.3;40.04,116.67;
#229:
>0:39.77,116.07;39.91,116.29;39.94,116.29;40.04,115.98;
#230:
>0:39.96,116.34;40.0,116.39;
#231:
>0:39.95,116.33;40.0,116.44;
#232:
>0:39.75,116.55;39.69,116.78;
#233:
>0:40.15,115.82;40.08,116.11;39.98,116.22;39.85,116.32;
#234:
>0:39.95,116.31;40.08,116.42;
#235:
>0:39.97,116.34;39.92,116.44;
#236:
>0:39.92,116.36;40.05,116.4;
#237:
>0:40.08,116.06;40.1,116.04;39.94,116.4;
#238:
>0:40.0,116.64;40.1,116.36;40.16,116.2;40.02,116.01;40.09,115.91;
#239:
>0:40.08,116.36;39.97,116.46;
#240:
>0:39.99,116.33;40.0,116.41;
#241:
>0:39.98,116.42;40.04,116.35;
#242:
>0:40.01,116.43;39.97,116.45;
#243:
>0:40.06,116.69;39.98,116.49;39.88,116.38;39.79,116.22;39.8,116.05;
#244:
>0:40.03,116.31;40.0,116.17;40.05,116.31;
#245:
>0:40.0,116.41;39.99,116.33;
#246:
>0:40.02,116.39;40.02,116.48;
#247:
>0:40.0,116.33;39.98,116.46;
#248:
>0:39.99,116.45;39.97,116.35;
#249:
>0:40.01,116.55;39.94,116.77;39.86,116.71;
#250:
>0:39.89,115.89;39.78,116.04;39.71,115.87;
#251:
>0:39.94,116.43;39.86,116.46;39.85,116.32;
#252:
>0:39.91,116.25;39.76,116.08;39.78,115.82;
#253:
>0:39.94,116.3;39.88,116.35;40.04,116.41;
#254:
>0:39.81,116.3;39.74,116.6;
#255:
>0:39.96,116.37;39.95,116.31;
#256:
>0:39.92,116.42;39.85,116.37;39.94,116.63;40.07,116.81;40.03,116.51;
#257:
>0:40.06,116.3;40.0,116.46;
#258:
>0:39.76,116.44;39.87,116.41;39.96,116.47;40.03,116.27;
#259:
>0:39.98,116.42;39.99,116.33;
#260:
>0:39.74,116.0;39.82,115.79;39.84,115.87;39.95,115.85;
#261:
>0:39.96,116.42;40.03,116.41;40.02,116.44;
#262:
>0:40.05,116.34;39.95,116.45;
#263:
>0:39.71,116.38;39.83,116.21;39.89,116.2;39.88,116.44;39.94,116.38;40.16,116.35;
#264:
>0:39.68,115.79;39.79,115.85;
#265:
>0:40.14,116.35;40.05,116.43;
#266:
>0:39.99,116.43;40.03,116.31;
#267:
>0:39.94,116.44;39.99,116.42;
#268:
>0:40.02,116.41;39.93,116.34;39.99,116.4;
#269:
>0:39.97,116.32;40.06,116.32;39.94,116.45;40.04,116.41;40.04,116.39;
#270:
>0:40.15,116.54;40.04,116.37;40.08,116.55;39.87,116.37;
#271:
>0:39.94,116.39;40.06,116.32;40.03,116.45;
#272:
>0:40.04,116.32;40.08,116.38;
#273:
>0:39.98,116.44;39.93,116.36;
#274:
>0:39.74,115.93;39.75,115.96;39.83,116.16;39.82,116.32;39.87,116.57;
#275:
>0:39.96,116.32;39.87,116.32;
#276:
>0:40.01,116.34;39.93,116.33;
#277:
>0:40.14,116.0;40.02,116.22;39.94,116.46;40.07,116.5;
#278:
>0:40.04,115.97;40.01,115.91;
#279:
>0:40.08,116.42;40.02,116.64;
#280:
>0:40.04,115.84;40.16,115.97;40.03,116.15;39.98,116.32;39.88,116.38;40.07,116.71;
#281:
>0:39.9,116.62;39.94,116.43;40.02,116.43;40.14,115.99;
#282:
>0:39.84,116.74;39.75,116.52;39.81,116.33;39.77,116.24;39.67,115.99;39.69,115.94;
#283:
>0:40.06,116.3;40.05,116.4;
#284:
>0:39.96,116.31;39.97,116.46;
#285:
>0:39.67,116.19;39.8,116.41;39.76,116.59;39.92,116.7;
#286:
>0:39.74,115.79;39.72,116.01;39.8,116.26;39.82,116.39;39.91,116.5;
#287:
>0:39.98,116.44;39.99,116.35;
#288:
>0:39.82,116.29;39.9,115.97;39.97,116.16;
#289:
>0:39.93,116.34;39.89,116.31;39.99,116.42;
#290:
>0:39.85,116.52;39.84,116.79;
#291:
>0:39.68,116.41;39.68,116.44;
#292:
>0:40.12,116.53;40.13,116.65;
#293:
>0:39.69,116.34;39.82,116.28;39.76,116.36;39.91,116.33;39.97,116.45;40.15,116.31;
#294:
>0:39.96,116.35;39.95,116.15;39.92,116.41;
#295:
>0:39.93,116.45;40.01,116.39;40.05,116.35;
#296:
>0:39.78,116.26;39.87,116.21;39.89,116.38;39.93,116.45;40.15,116.46;
#297:
>0:40.09,116.68;40.08,116.76;40.1,116.48;40.01,116.44;40.06,116.09;
#298:
>0:40.08,116.3;39.94,116.42;40.04,116.35;40.0,116.31;40.07,116.31;39.95,116.46;40.06,116.43;39.99,116.38;39.88,116.41;39.94,116.43;40.03,116.3;40.01,116.51;40.16,116.49;40.06,116.49;40.04,116.45;39.96,116.33;40.08,116.32;39.96,116.44;40.07,116.15;
#299:
>0:40.02,116.39;40.05,116.3;
#300:
>0:40.06,116.39;39.93,116.32;39.87,116.45;39.92,116.45;40.04,116.39;39.96,116.34;39.87,116.45;39.99,116.35;40.03,116.36;39.96,116.19;39.99,116.46;40.02,116.16;
#301:
>0:39.95,116.4;39.92,116.27;39.84,116.45;40.01,116.36;
#302:
>0:39.98,116.39;40.02,116.43;39.95,116.34;40.01,116.44;40.02,116.55;
#303:
>0:40.1,116.79;40.06,116.78;40.13,116.57;40.16,116.15;
#304:
>0:39.72,116.15;39.78,116.15;
#305:
>0:40.12,116.39;40.02,116.34;
#306:
>0:40.0,116.3;39.96,116.35;39.85,116.37;
#307:
>0:40.08,116.38;39.92,116.31;
#308:
>0:40.07,116.36;40.03,116.22;39.93,116.03;
#309:
>0:39.96,116.36;39.94,116.44;
#310:
>0:39.74,116.77;39.83,116.48;39.73,116.39;39.83,116.19;39.7,116.11;39.82,115.8;
#311:
>0:39.95,116.42;39.96,116.29;
#312:
>0:40.02,116.78;39.98,116.63;39.98,116.41;39.99,116.16;39.99,116.08;39.93,115.94;
#313:
>0:39.72,116.56;39.82,116.36;39.79,116.21;39.89,115.97;40.01,115.91;
#314:
>0:39.95,116.17;39.98,116.37;40.06,116.45;39.95,116.81;
#315:
>0:40.08,116.3;39.92,116.23;40.01,116.37;
#316:
>0:40.14,116.03;40.1,116.21;
#317:
>0:40.04,116.21;40.06,116.46;40.01,116.56;40.16,116.82;
#318:
>0:39.69,115.89;39.7,115.96;39.75,116.1;39.83,116.27;40.02,116.36;
#319:
>0:40.0,116.79;39.97,116.54;39.86,116.38;39.78,116.3;39.78,116.09;
#320:
>0:39.89,116.24;39.85,116.38;
#321:
>0:39.96,116.34;40.08,116.44;
#322:
>0:40.05,116.23;40.08,116.46;40.04,116.53;40.16,116.79;
#323:
>0:40.02,116.8;39.92,116.58;39.89,116.32;39.77,116.24;39.76,115.98;
#324:
>0:39.79,115.95;39.91,115.92;39.96,115.91;
#325:
>0:40.06,116.32;40.05,116.34;
#326:
>0:40.1,116.0;40.04,116.13;40.0,116.31;40.02,116.53;39.88,116.74;
#327:
>0:39.81,116.73;39.81,116.63;39.89,116.52;39.92,116.44;40.09,116.43;
#328:
>0:40.04,116.38;40.02,116.26;
#329:
>0:40.03,116.34;39.99,116.39;
#330:
>0:39.92,116.36;40.03,116.4;
#331:
>0:39.95,116.36;39.86,116.42;40.02,116.33;
#332:
>0:40.06,116.37;39.96,116.35;
#333:
>0:39.98,116.43;39.97,116.44;
#334:
>0:40.07,116.31;39.93,116.42;
#335:
>0:39.95,116.76;39.99,116.78;
#336:
>0:39.71,116.31;39.7,116.62;39.79,116.71;
#337:
>0:39.79,116.05;39.91,116.11;
#338:
>0:39.79,116.16;39.84,116.11;39.88,116.24;39.93,116.33;40.1,116.31;
#339:
>0:40.02,116.32;40.02,116.36;
#340:
>0:39.92,116.63;39.86,116.66;39.79,116.58;39.72,116.63;
#341:
>0:39.99,116.11;39.98,116.19;39.92,116.47;39.8,116.58;
#342:
>0:40.02,115.87;40.12,115.99;40.01,116.26;40.04,116.38;40.16,116.63;
#343:
>0:39.96,116.78;40.06,116.54;40.16,116.69;
#344:
>0:40.02,116.3;40.16,116.46;40.06,116.44;
#345:
>0:39.97,116.3;39.99,116.3;
#346:
>0:39.92,116.4;40.06,116.43;
#347:
>0:40.14,116.1;40.02,116.24;40.0,116.38;40.08,116.52;40.12,116.79;
#348:
>0:39.99,116.45;40.04,116.47;
#349:
>0:39.93,116.4;39.95,116.29;39.98,116.4;
#350:
>0:40.04,116.31;39.96,116.42;
#351:
>0:40.12,115.81;40.05,115.91;39.95,115.84;
#352:
>0:40.08,116.56;40.0,116.66;39.89,116.49;
#353:
>0:39.86,116.33;39.91,116.19;
#354:
>0:40.03,115.9;39.94,115.94;39.86,115.93;
#355:
>0:39.69,116.0;39.67,116.28;39.83,116.41;39.7,116.52;
#356:
>0:39.98,116.63;39.87,116.33;39.79,116.36;39.7,116.49;
#357:
>0:39.93,116.36;39.97,116.38;
#358:
>0:40.03,116.6;39.93,116.82;39.84,116.65;
#359:
>0:39.83,116.59;39.77,116.4;39.69,116.32;39.9,116.01;
#360:
>0:39.96,116.41;40.0,116.43;
#361:
>0:39.89,116.52;39.99,116.4;40.04,116.45;40.05,116.19;40.12,115.86;
#362:
>0:39.93,116.42;39.98,116.42;
#363:
>0:40.07,116.46;40.07,116.36;
#364:
>0:39.82,115.98;39.83,115.95;
#365:
>0:39.92,116.43;40.04,116.36;40.07,116.34;
#366:
>0:39.95,116.31;40.05,116.34;40.06,116.31;
#367:
>0:40.01,116.45;40.05,116.36;
#368:
>0:39.93,116.45;40.06,116.35;
#369:
>0:39.76,116.06;39.91,115.96;39.78,116.15;39.81,116.47;39.81,116.81;
#370:
>0:40.07,116.32;40.04,116.38;
#371:
>0:39.98,116.24;39.87,116.32;39.92,116.49;39.96,116.67;
#372:
>0:39.81,116.48;39.79,116.41;39.74,116.37;39.87,116.09;
#373:
>0:39.87,116.77;39.79,116.58;39.82,116.45;
#374:
>0:39.98,116.78;40.02,116.49;39.98,116.32;40.02,116.19;
#375:
>0:39.99,116.4;40.04,116.31;
#376:
>0:39.93,116.43;40.02,116.3;
#377:
>0:39.94,116.36;39.93,116.37;
#378:
>0:39.98,116.42;39.84,116.42;
#379:
>0:39.68,116.69;39.78,116.62;39.68,116.33;39.82,116.28;39.85,116.03;39.76,115.82;
#380:
>0:40.02,116.39;40.06,116.42;
#381:
>0:39.76,116.23;39.81,116.33;39.86,116.3;40.05,116.34;
#382:
>0:39.8,116.67;39.89,116.48;39.78,116.3;39.7,116.32;39.92,116.05;
#383:
>0:40.09,116.26;40.02,116.02;39.98,116.17;39.89,116.09;39.77,116.26;39.69,116.31;
#384:
>0:40.11,116.81;40.07,116.53;39.95,116.43;39.95,116.13;39.98,116.11;39.94,115.93;
#385:
>0:39.94,116.39;39.98,116.32;
#386:
>0:39.93,116.44;39.93,116.45;
#387:
>0:40.0,116.2;39.98,116.08;
#388:
>0:39.76,116.6;39.8,116.73;39.85,116.6;39.98,116.78;40.12,116.45;
#389:
>0:39.92,116.47;40.0,116.43;
#390:
>0:39.93,116.35;39.96,116.44;
#391:
>0:39.99,116.32;39.98,116.33;
#392:
>0:40.06,116.31;39.97,116.34;
#393:
>0:39.93,116.33;39.93,116.4;
#394:
>0:40.03,116.46;40.07,116.39;
#395:
>0:40.07,116.19;39.92,116.44;39.9,116.45;39.85,116.72;
