#0:
>0:39.96,116.43;40.03,116.37;
#1:
>0:40.16,116.27;40.04,116.43;39.98,116.31;39.91,116.44;39.78,116.55;39.71,116.32;
#2:
>0:39.96,116.35;40.07,116.45;
#3:
>0:39.92,116.65;39.85,116.47;39.87,116.36;
#4:
>0:40.04,116.6;40.11,116.41;40.05,116.22;
#5:
>0:40.04,116.01;40.02,115.9;39.95,115.86;39.78,115.81;
#6:
>0:40.1,116.06;40.05,116.17;40.06,116.44;
#7:
>0:40.02,116.44;40.02,116.45;40.03,116.45;
#8:
>0:39.79,116.48;39.85,116.7;39.87,116.54;40.02,116.31;40.08,116.57;
#9:
>0:39.86,116.03;39.81,115.98;
#10:
>0:40.14,116.57;40.08,116.53;39.99,116.52;39.87,116.55;39.85,116.65;39.72,116.63;
#11:
>0:39.71,116.45;39.77,116.36;39.87,116.65;
#12:
>0:39.84,116.04;39.75,115.97;39.68,116.27;39.77,116.59;
#13:
>0:39.92,116.39;39.85,116.34;40.02,116.33;
#14:
>0:39.98,116.36;39.89,116.31;39.98,116.27;39.9,116.44;
#15:
>0:39.91,116.09;39.99,116.09;40.03,116.17;39.95,116.55;
#16:
>0:40.1,116.57;40.08,116.52;39.92,116.63;39.85,116.6;39.8,116.42;
#17:
>0:40.01,116.42;40.04,116.3;
#18:
>0:40.11,116.11;40.04,116.13;39.93,116.29;39.91,116.26;
#19:
>0:40.0,116.44;40.06,116.37;
#20:
>0:39.83,115.94;39.9,115.82;39.99,115.95;
#21:
>0:40.04,116.55;39.95,116.52;39.84,116.79;
#22:
>0:40.01,115.97;39.96,116.14;39.99,116.35;39.89,116.55;
#23:
>0:39.98,116.62;40.05,116.52;40.04,116.36;40.06,116.1;
#24:
>0:40.04,116.44;40.0,116.41;39.88,116.18;39.83,115.82;
#25:
>0:39.73,116.15;39.77,116.47;39.81,116.23;39.91,116.01;39.96,116.07;40.12,116.21;
#26:
>0:39.99,116.66;39.85,116.59;39.76,116.39;
#27:
>0:40.03,116.5;40.15,116.57;
#28:
>0:40.11,116.03;40.04,116.15;40.02,116.35;39.89,116.44;39.82,116.3;
#29:
>0:40.0,116.39;40.0,116.38;
#30:
>0:40.1,115.89;40.14,115.97;
#31:
>0:40.0,116.34;39.91,116.45;40.0,116.32;
#32:
>0:40.06,116.67;39.98,116.56;39.9,116.51;39.75,116.46;
#33:
>0:40.04,116.34;40.1,116.41;40.06,116.43;
#34:
>0:39.7,115.96;39.75,116.24;39.77,116.3;
#35:
>0:39.7,116.09;39.76,116.18;
#36:
>0:40.04,116.39;39.88,116.32;
#37:
>0:39.96,116.43;40.05,116.37;
#38:
>0:40.12,116.42;40.07,116.43;
#39:
>0:39.97,116.37;40.01,116.46;
#40:
>0:40.13,116.5;40.06,116.58;40.03,116.13;
#41:
>0:39.74,116.49;39.81,116.51;
#42:
>0:39.98,116.38;39.96,116.39;
#43:
>0:40.01,116.44;40.05,116.38;
#44:
>0:39.96,116.4;40.08,116.33;
#45:
>0:40.02,116.58;40.1,116.71;
#46:
>0:39.91,116.25;39.83,116.27;39.75,115.94;
#47:
>0:40.06,116.38;40.01,116.42;
#48:
>0:39.88,115.79;39.78,116.05;
#49:
>0:40.12,116.38;40.03,116.21;39.92,116.24;39.86,115.91;
#50:
>0:39.87,116.67;39.96,116.74;40.03,116.67;40.15,116.65;
#51:
>0:40.07,116.43;39.96,116.37;40.04,116.42;
#52:
>0:39.99,116.34;40.02,116.4;40.03,116.4;40.1,116.43;40.03,116.34;39.99,116.46;
#53:
>0:39.89,116.55;39.98,116.39;40.06,116.45;40.08,116.25;
#54:
>0:39.95,116.31;40.01,116.43;
#55:
>0:39.76,116.32;39.88,116.43;39.93,116.29;
#56:
>0:39.82,116.69;39.82,116.71;
#57:
>0:39.97,116.55;39.88,116.58;39.77,116.7;
#58:
>0:39.72,116.57;39.77,116.69;39.88,116.48;39.92,116.24;
#59:
>0:39.89,116.19;39.78,116.15;39.67,115.79;
#60:
>0:40.01,116.69;40.01,116.51;39.99,116.64;39.88,116.59;39.68,116.61;
#61:
>0:39.94,116.08;40.0,116.21;39.97,116.39;
#62:
>0:39.75,116.41;39.83,116.19;39.85,116.11;39.97,115.96;40.05,116.14;40.16,115.86;
#63:
>0:40.03,116.39;39.98,116.31;40.04,116.37;40.03,116.21;40.12,116.24;39.98,116.38;
#64:
>0:39.91,115.97;39.82,115.99;39.74,116.15;39.76,116.53;
#65:
>0:39.74,116.17;39.82,116.34;39.9,116.35;39.95,116.16;
#66:
>0:40.0,116.43;39.98,116.46;
#67:
>0:40.02,116.36;40.02,116.37;40.06,116.21;40.09,115.93;
#68:
>0:40.15,116.71;40.02,116.81;39.96,116.66;39.85,116.78;39.78,116.58;39.7,116.7;
#69:
>0:40.07,116.74;40.02,116.64;40.01,116.37;39.88,116.15;
#70:
>0:39.83,116.38;39.87,116.47;39.85,116.64;39.96,116.31;40.14,116.35;
#71:
>0:39.81,115.92;39.67,116.07;39.71,116.26;39.78,116.4;39.88,116.63;
#72:
>0:39.95,116.81;39.92,116.62;39.98,116.3;
#73:
>0:39.76,115.96;39.86,115.89;
#74:
>0:40.05,116.59;40.11,116.66;
#75:
>0:40.02,116.4;40.0,116.41;
#76:
>0:40.04,116.43;40.08,116.45;
#77:
>0:39.76,116.76;39.91,116.69;39.97,116.74;40.04,116.65;
#78:
>0:40.13,116.02;40.04,116.13;39.95,116.29;39.88,115.97;39.75,115.96;39.71,116.02;
#79:
>0:40.05,116.31;39.96,116.45;
#80:
>0:40.02,116.35;40.03,116.47;
#81:
>0:39.94,116.03;40.03,116.16;40.11,116.4;
#82:
>0:39.97,115.87;39.96,116.06;40.04,116.22;39.99,116.36;
#83:
>0:39.96,116.39;40.0,116.42;
#84:
>0:39.86,115.97;39.75,115.97;39.72,116.18;39.82,116.53;
#85:
>0:40.09,116.28;40.06,116.35;40.13,116.52;40.12,116.67;
#86:
>0:39.76,116.43;39.91,116.27;
#87:
>0:39.68,116.58;39.78,116.31;39.87,116.49;
#88:
>0:39.81,116.06;39.74,116.25;39.81,116.39;39.9,116.34;39.96,116.67;
#89:
>0:40.04,116.34;40.04,116.43;39.87,116.14;39.76,115.79;
#90:
>0:40.01,116.44;40.06,116.44;40.01,116.45;40.0,116.4;
#91:
>0:40.13,115.98;40.05,116.3;40.11,116.23;40.16,116.47;
#92:
>0:39.97,116.3;39.97,116.31;
#93:
>0:40.0,116.43;39.97,116.39;
#94:
>0:40.08,116.39;40.07,116.29;39.95,116.24;40.0,116.44;40.02,116.44;
#95:
>0:39.79,115.98;39.72,116.27;39.82,116.3;39.9,116.47;39.93,116.7;
#96:
>0:39.97,116.1;40.03,116.29;40.02,116.42;39.87,116.35;39.95,116.76;
#97:
>0:39.78,115.94;39.8,116.02;39.72,116.24;39.79,116.44;39.88,116.39;39.89,116.75;
#98:
>0:40.01,116.42;39.97,116.41;39.84,116.32;40.01,116.38;
#99:
>0:39.73,116.05;39.73,116.28;39.72,116.38;
#100:
>0:40.16,116.55;40.05,116.63;39.93,116.59;39.91,116.62;39.8,116.81;
#101:
>0:39.75,116.58;39.78,116.68;39.9,116.59;40.01,116.41;40.07,116.26;
#102:
>0:39.79,116.79;39.88,116.65;39.92,116.67;
#103:
>0:39.89,116.16;39.87,116.01;40.08,116.16;
#104:
>0:40.01,116.42;40.05,116.43;
#105:
>0:39.78,116.65;39.88,116.67;39.99,116.66;
#106:
>0:40.01,116.46;39.96,116.42;
#107:
>0:39.69,116.24;39.76,116.08;39.85,115.87;39.97,115.85;40.07,115.9;
#108:
>0:39.91,116.53;40.0,116.41;39.77,116.22;
#109:
>0:40.16,116.26;40.06,116.52;
#110:
>0:40.05,116.34;40.01,116.4;
#111:
>0:39.85,116.73;39.79,116.72;39.89,116.49;40.0,116.19;
#112:
>0:40.14,116.8;40.0,116.74;39.99,116.65;39.89,116.71;39.81,116.59;39.72,116.71;
#113:
>0:40.16,116.02;40.05,116.17;40.14,116.13;40.14,116.6;
#114:
>0:39.94,116.34;40.05,116.32;
#115:
>0:39.73,116.29;39.76,116.14;39.85,115.95;39.84,115.84;40.02,116.18;
#116:
>0:39.77,115.93;39.91,115.79;39.92,115.97;39.97,116.44;
#117:
>0:40.1,115.92;40.08,116.07;
#118:
>0:39.96,115.8;39.91,116.0;39.77,116.01;39.68,116.14;39.78,116.41;39.89,116.73;
#119:
>0:40.03,116.46;40.07,116.35;
#120:
>0:39.68,115.95;39.79,116.08;
#121:
>0:39.77,116.4;39.88,116.44;39.85,116.76;
#122:
>0:40.08,116.24;39.92,116.15;39.87,116.08;39.83,115.95;
#123:
>0:39.97,116.3;39.87,116.46;39.79,116.29;39.72,115.95;
#124:
>0:40.09,116.09;40.11,115.9;
#125:
>0:40.15,116.31;40.13,116.18;40.06,116.34;40.04,116.38;39.83,116.44;39.69,116.58;
#126:
>0:39.9,116.25;39.85,116.02;39.78,115.88;
#127:
>0:40.02,116.4;40.02,116.32;39.99,116.41;39.99,116.4;
#128:
>0:40.11,115.84;40.01,116.08;40.12,116.08;40.06,116.15;39.98,116.51;
#129:
>0:39.86,116.04;39.82,116.03;39.73,115.98;
#130:
>0:39.79,116.07;39.81,116.28;39.7,116.14;39.81,116.34;39.96,116.71;
#131:
>0:39.69,115.86;39.8,115.97;39.91,116.27;39.92,116.5;39.98,116.53;
#132:
>0:39.98,116.36;40.01,116.37;
#133:
>0:40.15,116.04;40.07,116.16;40.06,116.44;40.08,116.52;40.16,116.81;
#134:
>0:39.83,116.22;39.69,116.22;39.79,116.39;39.82,116.66;
#135:
>0:39.94,116.51;40.08,116.63;40.15,116.62;
#136:
>0:39.69,116.59;39.82,116.75;39.87,116.75;
#137:
>0:39.75,116.31;39.75,116.17;39.8,116.44;39.96,116.4;
#138:
>0:40.08,115.94;39.92,115.87;39.91,115.97;39.79,116.01;39.68,116.0;
#139:
>0:39.89,116.68;39.81,116.55;39.81,116.32;39.72,116.27;39.8,116.16;39.7,115.85;
#140:
>0:39.75,115.84;39.9,115.92;39.96,116.07;40.07,116.28;39.96,116.5;
#141:
>0:40.06,116.7;40.04,116.52;40.06,116.4;40.04,116.37;39.87,116.21;39.88,115.9;
#142:
>0:40.0,116.04;39.87,116.2;39.82,116.31;39.83,116.62;39.81,116.81;
#143:
>0:40.04,116.76;39.92,116.6;39.85,116.64;39.77,116.38;
#144:
>0:40.09,115.91;40.01,115.86;39.92,115.92;39.9,116.0;39.78,116.11;39.71,116.08;
#145:
>0:40.03,116.65;40.07,116.63;39.96,116.6;39.89,116.56;39.73,116.53;
#146:
>0:39.71,116.69;39.83,116.53;39.81,116.31;39.87,116.19;
#147:
>0:40.03,115.79;39.92,115.8;39.99,116.04;39.98,116.42;
#148:
>0:40.0,116.38;39.95,116.54;
#149:
>0:40.06,115.98;40.1,116.11;
#150:
>0:39.72,116.08;39.77,116.2;
#151:
>0:40.1,116.1;40.08,116.2;40.0,116.04;
#152:
>0:40.14,116.11;40.05,116.14;39.97,116.03;
#153:
>0:39.97,116.52;39.89,116.52;39.78,116.73;
#154:
>0:39.94,116.56;40.03,116.58;40.12,116.42;40.06,116.07;
#155:
>0:39.77,116.69;39.72,116.75;
#156:
>0:39.78,116.72;39.9,116.56;39.82,116.35;
#157:
>0:39.97,116.4;40.04,116.32;
#158:
>0:39.8,116.29;39.92,115.96;39.97,116.04;40.03,116.27;40.08,116.55;
#159:
>0:39.82,116.65;39.91,116.55;39.75,116.6;39.72,116.16;
#160:
>0:39.89,116.46;39.91,116.35;
#161:
>0:39.86,116.49;39.98,116.38;40.01,116.13;
#162:
>0:39.73,116.31;39.7,116.14;39.84,116.62;
#163:
>0:40.11,116.34;40.04,116.26;40.07,116.37;
#164:
>0:39.94,116.37;39.84,116.46;39.81,116.17;39.73,115.85;
#165:
>0:40.12,116.04;40.01,116.22;40.04,116.38;40.09,116.51;40.11,116.65;
#166:
>0:40.01,116.59;40.1,116.77;
#167:
>0:39.89,116.43;39.99,116.15;39.77,116.06;
#168:
>0:39.69,116.72;39.69,116.7;
#169:
>0:39.85,116.39;40.0,116.44;
#170:
>0:40.06,116.37;40.07,116.32;
#171:
>0:39.97,116.58;39.86,116.54;39.8,116.51;39.72,116.28;
#172:
>0:40.02,116.36;40.07,116.35;
#173:
>0:39.77,116.69;39.91,116.76;40.0,116.65;
#174:
>0:39.86,115.9;39.96,115.96;40.07,116.29;40.1,116.36;
#175:
>0:39.98,116.43;40.08,116.39;
#176:
>0:39.92,116.37;39.84,116.3;39.78,116.54;39.72,116.38;
#177:
>0:39.93,116.41;40.06,116.4;
#178:
>0:39.92,116.17;39.86,116.3;39.91,116.09;39.71,116.17;
#179:
>0:40.02,115.81;39.93,115.88;39.9,116.29;
#180:
>0:40.02,116.8;40.0,116.52;40.08,116.38;39.88,116.17;
#181:
>0:39.97,116.39;40.05,116.37;39.97,116.4;39.99,116.3;
#182:
>0:39.97,116.17;40.01,116.42;39.85,116.3;39.73,116.07;
#183:
>0:39.98,116.36;39.99,116.23;39.87,116.14;39.81,115.95;
#184:
>0:39.93,116.23;40.01,116.31;39.87,116.61;
#185:
>0:40.02,116.02;39.97,116.28;39.96,116.39;39.84,116.58;
#186:
>0:39.72,116.66;39.82,116.75;39.9,116.74;39.93,116.77;
#187:
>0:40.0,116.41;40.05,116.37;
#188:
>0:40.02,116.78;39.97,116.47;39.86,116.43;39.88,116.28;39.68,116.03;
#189:
>0:39.74,116.48;39.77,116.61;
#190:
>0:39.86,115.98;39.84,116.19;39.88,116.44;
#191:
>0:39.93,116.51;40.08,116.31;40.04,116.26;40.05,115.97;40.14,115.95;
#192:
>0:40.07,116.46;39.92,116.51;39.95,116.67;
#193:
>0:39.93,116.51;39.84,116.54;40.03,116.31;39.85,116.22;39.84,115.87;
#194:
>0:40.01,116.04;39.92,116.2;39.87,116.39;39.81,116.52;39.8,116.68;
#195:
>0:39.88,115.99;39.93,115.96;
#196:
>0:39.69,116.08;39.74,116.14;39.77,116.39;39.72,116.5;
#197:
>0:40.07,116.73;40.13,116.52;
#198:
>0:40.11,116.39;40.07,116.33;40.01,116.3;39.89,116.46;39.78,116.18;
#199:
>0:39.8,116.09;39.7,116.18;39.78,116.39;39.88,116.46;39.94,116.8;
#200:
>0:39.72,116.71;39.82,116.49;39.78,116.4;39.87,116.25;39.79,116.07;
#201:
>0:39.81,115.86;39.89,115.8;39.92,115.96;40.01,116.4;
#202:
>0:40.04,116.15;40.06,116.38;
#203:
>0:39.89,116.28;40.01,116.32;39.96,116.57;
#204:
>0:40.06,116.04;40.05,115.95;39.93,115.8;39.81,115.91;
#205:
>0:40.03,116.33;40.03,116.45;40.02,116.39;39.96,116.47;39.97,116.37;
#206:
>0:39.98,116.32;39.84,116.32;39.98,116.46;
#207:
>0:39.89,116.77;40.0,116.81;40.05,116.65;40.09,116.79;
#208:
>0:40.0,116.42;40.03,116.35;39.9,116.35;
#209:
>0:39.98,116.33;40.07,116.47;
#210:
>0:40.0,116.45;39.87,116.4;39.98,116.39;
#211:
>0:39.72,115.81;39.8,116.05;39.81,115.84;39.92,116.06;
#212:
>0:40.12,116.09;40.04,116.17;40.02,116.39;40.1,116.56;40.15,116.65;
#213:
>0:40.06,116.33;39.94,116.33;39.88,116.31;40.01,116.34;
#214:
>0:39.71,116.07;39.78,116.08;
#215:
>0:39.89,116.02;39.76,116.09;39.67,116.29;39.77,116.36;39.68,116.73;
#216:
>0:39.92,116.72;39.96,116.5;40.0,116.45;
#217:
>0:40.03,116.43;40.08,116.3;
#218:
>0:39.86,116.61;39.93,116.78;40.05,116.65;40.14,116.74;
#219:
>0:39.72,116.23;39.67,115.96;
#220:
>0:39.69,115.92;39.83,115.99;39.79,115.85;39.98,116.11;
#221:
>0:40.13,116.59;40.14,116.63;
#222:
>0:39.83,116.07;39.76,115.98;39.67,116.24;39.79,116.64;
#223:
>0:40.08,116.47;39.96,116.43;
#224:
>0:39.77,116.65;39.86,116.54;39.94,116.41;40.11,116.56;
#225:
>0:40.02,116.39;39.91,116.38;39.96,116.31;40.0,116.47;
#226:
>0:40.0,116.37;40.07,116.35;
#227:
>0:39.94,116.71;39.96,116.56;39.84,116.62;40.03,116.33;39.94,116.04;
#228:
>0:39.97,116.8;39.93,116.55;39.79,116.56;
#229:
>0:39.68,116.24;39.82,116.3;39.88,116.33;39.99,116.25;
#230:
>0:40.12,116.02;40.06,116.22;39.92,116.44;39.89,116.32;39.86,116.71;
#231:
>0:39.67,116.42;39.7,116.27;39.76,116.39;39.98,116.44;
#232:
>0:40.14,116.45;40.06,116.39;39.99,116.63;
#233:
>0:39.7,116.09;39.81,116.24;
#234:
>0:39.97,116.41;39.87,116.35;
#235:
>0:39.84,116.07;39.77,116.07;39.68,116.15;39.79,116.33;39.93,116.68;
#236:
>0:39.86,116.12;39.81,116.04;39.68,116.18;39.77,116.47;
#237:
>0:40.15,115.88;40.06,116.01;40.0,116.22;39.99,116.4;39.9,116.51;
#238:
>0:39.87,115.79;39.94,116.1;40.02,116.25;40.11,116.0;
#239:
>0:39.86,115.94;39.97,115.9;
#240:
>0:39.96,116.47;39.93,116.16;39.95,116.37;39.99,116.44;
#241:
>0:40.08,116.42;40.01,116.32;
#242:
>0:40.0,116.45;40.04,116.47;
#243:
>0:39.74,116.24;39.8,116.26;39.71,115.87;
#244:
>0:40.01,116.65;39.99,116.56;39.88,116.36;39.87,116.17;39.76,116.08;
#245:
>0:39.89,115.78;39.96,116.03;
#246:
>0:40.03,116.45;40.04,116.46;
#247:
>0:40.03,115.94;40.1,115.97;40.04,116.22;40.03,116.32;
#248:
>0:39.77,116.81;39.85,116.63;39.8,116.38;
#249:
>0:39.85,115.95;39.99,115.97;40.05,116.29;39.97,116.6;
#250:
>0:39.81,116.66;39.9,116.55;40.04,116.43;39.81,116.13;
#251:
>0:39.97,116.53;39.88,116.64;40.0,116.38;39.9,116.24;39.85,115.78;
#252:
>0:39.79,116.16;39.91,116.12;39.94,115.87;40.02,116.22;
#253:
>0:40.02,116.47;40.02,116.31;
#254:
>0:40.09,116.19;40.01,116.14;
#255:
>0:39.75,116.23;39.8,116.44;39.84,116.59;39.93,116.67;40.02,116.69;
#256:
>0:40.01,116.55;40.02,116.39;39.94,116.46;39.88,116.25;39.94,115.81;
#257:
>0:40.05,116.05;39.95,116.29;39.97,116.45;39.89,116.51;
#258:
>0:39.89,116.07;39.81,116.08;39.68,116.13;39.78,116.56;
#259:
>0:39.93,115.96;39.91,115.95;
#260:
>0:40.0,116.36;40.08,116.41;
#261:
>0:40.11,116.47;40.05,116.72;40.03,116.5;39.86,116.58;
#262:
>0:40.03,116.6;40.0,116.5;39.84,116.79;
#263:
>0:39.79,115.81;39.85,115.84;39.93,116.05;39.97,116.46;
#264:
>0:40.02,116.31;40.04,116.25;40.04,116.43;
#265:
>0:39.7,116.63;39.79,116.81;39.87,116.56;40.04,116.34;40.03,116.27;
#266:
>0:39.97,116.11;40.03,116.27;40.1,116.1;
#267:
>0:40.01,116.34;40.01,116.46;
#268:
>0:39.98,116.44;39.87,116.36;39.85,116.29;39.84,115.79;
#269:
>0:39.68,116.64;39.82,116.37;39.9,116.54;
#270:
>0:40.02,116.12;40.07,115.85;39.94,115.9;39.78,115.94;
#271:
>0:40.07,116.42;40.02,116.32;40.1,116.3;39.98,116.43;40.08,116.39;39.96,116.42;40.0,116.37;
#272:
>0:39.94,116.23;40.04,116.45;39.87,116.13;39.7,115.98;
#273:
>0:40.13,116.02;40.03,116.24;39.96,116.46;40.08,116.63;
#274:
>0:40.06,116.47;40.1,116.49;
#275:
>0:40.06,116.71;39.99,116.63;39.91,116.64;39.79,116.46;
#276:
>0:39.9,116.49;39.9,116.57;
#277:
>0:40.07,116.4;40.07,116.34;
#278:
>0:39.88,116.64;39.8,116.59;39.7,116.19;
#279:
>0:40.11,116.48;40.07,116.61;40.07,116.4;40.07,116.04;
#280:
>0:40.15,116.4;40.01,116.54;
#281:
>0:39.77,116.7;39.84,116.53;40.03,116.31;40.08,116.44;40.06,116.26;40.11,115.88;
#282:
>0:39.97,116.36;39.99,116.44;
#283:
>0:39.81,116.21;39.91,116.04;39.97,116.12;40.05,116.37;
#284:
>0:39.86,115.86;39.92,116.02;40.02,116.21;40.09,116.11;
#285:
>0:39.91,116.68;39.9,116.55;40.04,116.33;40.1,116.3;
#286:
>0:40.08,116.36;40.0,116.39;39.85,116.31;39.82,116.28;39.73,116.24;
#287:
>0:40.16,116.31;40.16,116.63;
#288:
>0:40.02,116.29;40.06,116.25;
#289:
>0:39.84,116.7;39.92,116.71;
#290:
>0:39.93,115.82;39.94,116.12;40.07,116.28;40.03,116.41;
#291:
>0:39.68,116.57;39.76,116.38;39.86,116.48;
#292:
>0:39.97,116.41;39.85,116.37;40.04,116.3;
#293:
>0:39.87,116.53;39.97,116.45;40.06,116.35;40.06,116.15;40.08,115.94;
#294:
>0:40.11,116.44;40.03,116.3;39.96,116.42;39.97,116.15;39.83,116.27;
#295:
>0:39.95,116.64;39.84,116.5;39.75,116.59;39.69,116.67;
#296:
>0:40.13,116.51;40.02,116.58;39.96,116.32;
#297:
>0:40.13,116.46;40.08,116.25;39.95,116.13;39.91,115.88;
#298:
>0:39.84,116.74;39.81,116.51;39.77,116.38;39.7,116.35;39.78,116.29;39.69,115.82;
#299:
>0:40.02,116.36;40.01,116.42;
#300:
>0:40.06,116.4;40.02,116.41;
#301:
>0:40.01,116.44;40.06,116.55;
#302:
>0:39.76,116.06;39.81,115.94;39.84,115.82;40.02,116.23;
#303:
>0:40.13,116.24;40.02,116.27;39.95,116.15;39.88,116.22;39.81,116.03;
#304:
>0:40.05,116.59;39.97,116.5;39.86,116.71;
#305:
>0:40.05,116.72;40.02,116.53;40.04,116.55;39.99,116.36;39.95,116.1;
#306:
>0:39.9,116.65;39.81,116.82;39.87,116.56;40.03,116.3;39.85,116.03;
#307:
>0:40.06,116.07;40.03,115.83;39.99,115.87;39.8,115.82;
#308:
>0:39.99,116.75;39.93,116.56;39.81,116.52;
#309:
>0:40.08,115.94;39.99,115.95;39.86,116.08;39.79,116.09;39.69,116.11;
#310:
>0:39.81,116.32;39.91,116.39;39.86,116.63;40.0,116.31;
#311:
>0:40.02,116.37;40.05,116.32;
#312:
>0:39.9,116.56;39.78,116.61;39.72,116.44;
#313:
>0:39.92,116.78;39.86,116.63;40.0,116.43;39.88,116.38;39.8,116.25;39.71,115.82;
#314:
>0:39.96,116.46;40.03,116.44;
#315:
>0:40.03,116.35;40.1,116.38;
#316:
>0:39.67,116.14;39.76,116.35;39.82,116.59;
#317:
>0:40.01,116.44;39.92,116.4;39.98,116.38;
#318:
>0:39.69,116.78;39.7,116.81;
#319:
>0:40.03,116.34;40.03,116.42;
#320:
>0:40.16,116.43;40.06,116.43;40.0,116.38;39.9,116.33;39.81,116.15;
#321:
>0:40.06,116.39;40.07,116.33;
#322:
>0:40.08,116.52;40.07,116.34;40.01,116.43;39.85,116.21;39.95,115.95;
#323:
>0:40.01,116.5;40.06,116.47;39.96,116.38;39.95,116.2;39.96,115.85;
#324:
>0:39.98,116.18;40.08,116.38;40.15,116.49;40.16,116.65;
#325:
>0:40.08,116.48;39.97,116.54;39.84,116.72;
#326:
>0:39.97,116.55;40.0,116.33;40.05,116.38;
#327:
>0:40.13,115.94;40.14,116.11;
#328:
>0:39.83,115.8;39.9,115.88;39.93,115.98;40.03,116.4;
#329:
>0:40.11,116.1;40.03,116.27;39.92,116.26;40.04,116.32;39.86,116.37;39.7,116.56;
#330:
>0:40.08,116.3;40.03,116.36;
#331:
>0:39.99,115.79;39.95,115.93;
#332:
>0:40.02,116.47;40.0,116.3;
#333:
>0:39.86,116.78;39.77,116.78;
#334:
>0:39.72,116.49;39.77,116.41;39.86,116.61;
#335:
>0:39.77,116.55;39.86,116.65;39.97,116.66;40.05,116.67;40.13,116.69;
#336:
>0:40.14,116.09;40.07,116.29;40.1,116.27;40.15,116.59;
#337:
>0:40.08,116.38;40.04,116.42;39.9,116.27;39.77,116.16;39.69,116.21;
#338:
>0:39.97,116.0;40.07,116.23;40.07,116.44;
#339:
>0:40.01,116.46;40.08,116.45;40.01,116.44;
#340:
>0:40.03,115.86;39.98,115.84;39.88,116.2;
#341:
>0:40.07,116.44;39.97,116.31;
#342:
>0:40.02,116.67;39.97,116.48;39.9,116.47;39.86,116.16;39.73,115.95;
#343:
>0:39.75,115.97;39.74,116.27;39.86,116.42;
#344:
>0:40.15,116.19;40.08,116.34;39.93,116.38;39.89,116.36;39.79,116.15;39.67,115.92;
#345:
>0:39.97,116.44;40.04,116.36;
#346:
>0:39.78,116.21;39.85,116.0;39.96,116.05;
#347:
>0:40.0,116.3;39.97,116.5;40.0,116.41;
#348:
>0:39.95,116.69;40.02,116.51;40.07,116.3;40.15,116.16;
#349:
>0:39.73,116.06;39.69,116.29;39.82,116.15;39.99,115.83;
#350:
>0:40.14,116.31;40.02,116.5;
#351:
>0:40.07,115.96;39.92,116.15;39.89,116.34;39.78,116.51;39.76,116.68;
#352:
>0:39.75,116.3;39.8,116.18;39.91,116.0;39.91,115.94;40.03,116.16;
#353:
>0:40.11,116.5;40.06,116.53;40.06,116.23;
#354:
>0:40.02,116.32;39.92,116.33;40.06,116.45;40.0,116.38;39.99,116.43;
#355:
>0:39.93,116.38;39.99,116.33;
#356:
>0:39.89,115.85;39.78,116.1;
#357:
>0:39.77,116.52;39.9,116.79;39.99,116.67;40.06,116.79;40.13,116.74;
#358:
>0:39.84,116.02;39.78,116.1;39.72,116.24;39.8,116.51;
#359:
>0:40.08,116.42;39.92,116.53;
#360:
>0:39.91,116.52;39.81,116.63;39.71,116.38;
#361:
>0:39.91,116.7;39.77,116.6;39.82,116.47;39.85,116.17;39.77,116.3;39.68,115.94;
#362:
>0:39.73,116.74;39.67,116.51;39.77,116.38;39.85,116.19;39.72,115.97;
#363:
>0:39.88,116.55;39.82,116.63;39.69,116.24;
#364:
>0:40.11,116.71;40.06,116.7;39.99,116.69;39.87,116.74;39.83,116.47;39.73,116.66;
#365:
>0:39.78,116.27;39.83,116.38;39.98,116.45;40.08,116.59;
#366:
>0:40.15,115.99;40.05,116.28;40.03,116.35;39.85,116.31;39.88,116.65;
#367:
>0:39.99,116.66;39.88,116.49;39.96,116.46;39.78,116.28;
#368:
>0:39.74,116.01;39.69,116.2;39.82,116.18;39.94,116.12;
#369:
>0:39.9,116.75;39.86,116.5;40.01,116.34;39.86,116.3;39.86,116.22;39.84,115.94;
#370:
>0:40.03,116.37;40.01,116.46;
#371:
>0:39.99,116.09;40.01,116.29;40.14,116.06;
#372:
>0:39.97,116.5;39.91,116.38;39.82,116.25;39.7,115.87;
#373:
>0:39.75,116.39;39.82,116.4;39.86,116.78;
#374:
>0:40.07,116.39;39.97,116.33;39.91,116.33;39.78,116.39;
#375:
>0:40.03,116.39;39.87,116.32;40.0,116.18;40.01,116.33;40.01,116.32;
#376:
>0:40.02,116.13;40.02,116.41;
#377:
>0:39.78,115.78;39.68,116.11;39.75,116.18;39.81,116.41;39.85,116.4;39.85,116.78;
#378:
>0:40.13,116.58;40.06,116.64;40.06,116.32;39.98,116.44;39.85,116.46;39.69,115.95;
#379:
>0:39.84,116.11;39.78,116.1;39.7,116.27;39.79,116.31;39.69,116.81;
#380:
>0:39.97,115.87;39.87,116.06;39.82,116.03;39.72,116.23;39.81,116.36;39.84,116.64;
#381:
>0:40.04,116.31;40.0,116.34;
#382:
>0:40.05,115.83;39.96,115.94;39.87,116.28;
#383:
>0:39.83,116.37;39.91,116.41;39.98,116.2;39.87,115.81;
#384:
>0:40.01,116.08;40.0,115.83;39.89,115.79;
#385:
>0:39.8,115.85;39.85,116.09;40.0,115.86;39.92,115.99;40.08,116.2;
#386:
>0:39.83,116.46;39.89,116.25;
#387:
>0:40.07,116.42;40.07,116.33;
#388:
>0:40.05,116.37;40.01,116.46;39.92,116.33;
#389:
>0:39.68,116.16;39.76,116.43;39.91,116.46;39.92,116.13;
#390:
>0:39.96,116.64;39.91,116.51;39.97,116.44;39.88,116.17;39.78,115.87;
#391:
>0:40.13,116.07;40.05,116.2;40.0,115.96;
#392:
>0:40.02,116.2;40.07,116.25;
#393:
>0:39.97,116.32;40.0,116.36;
#394:
>0:39.9,116.37;39.87,116.18;39.81,116.09;
#395:
>0:39.71,116.56;39.8,116.75;39.85,116.73;
