#0:
>0:39.79,116.53;39.68,116.39;
#1:
>0:40.03,116.47;40.03,116.18;40.02,116.34;
#2:
>0:39.67,115.97;39.67,116.26;39.82,116.06;39.94,116.0;
#3:
>0:39.79,115.86;39.89,116.08;39.93,116.1;
#4:
>0:40.0,116.18;40.03,116.27;39.98,116.08;39.83,116.06;
#5:
>0:39.97,116.77;40.0,116.77;40.07,116.44;
#6:
>0:40.13,116.34;40.06,116.28;40.05,116.11;39.95,115.86;39.92,115.85;39.71,115.88;
#7:
>0:39.68,116.28;39.72,115.95;
#8:
>0:40.02,116.78;39.96,116.48;39.88,116.62;39.83,116.46;39.75,116.6;
#9:
>0:39.99,116.34;39.84,116.58;39.76,116.47;39.68,116.45;
#10:
>0:40.09,116.71;40.13,116.57;40.09,116.47;40.0,116.37;39.85,116.09;39.81,115.79;
#11:
>0:40.0,116.47;40.06,116.38;
#12:
>0:39.82,116.43;39.78,116.26;39.88,116.41;40.01,116.42;40.14,116.33;
#13:
>0:39.69,116.71;39.83,116.74;
#14:
>0:39.9,116.43;39.79,116.14;39.71,116.02;
#15:
>0:39.78,116.75;39.82,116.52;
#16:
>0:39.88,115.83;40.0,116.03;39.93,115.93;40.09,116.04;
#17:
>0:39.82,116.29;39.91,116.4;39.92,116.5;
#18:
>0:40.04,116.71;39.97,116.5;39.89,116.54;39.82,116.43;39.71,116.38;
#19:
>0:39.88,116.64;39.95,116.75;40.02,116.74;
#20:
>0:40.18,115.89;40.11,116.04;40.05,116.17;40.13,116.36;
#21:
>0:39.76,116.61;39.67,116.61;
#22:
>0:39.69,116.3;39.79,116.36;
#23:
>0:39.87,116.01;39.87,116.2;39.81,116.2;39.85,116.63;
#24:
>0:40.03,116.32;40.01,116.54;
#25:
>0:39.68,116.52;39.83,116.46;39.86,116.29;39.95,115.99;39.99,115.93;40.17,115.93;
#26:
>0:39.78,116.6;39.76,116.72;39.92,116.53;
#27:
>0:40.01,116.23;39.85,116.31;39.75,116.55;39.67,116.49;
#28:
>0:39.78,115.82;39.72,115.88;39.88,116.24;
#29:
>0:40.03,116.67;40.0,116.52;40.1,116.39;40.02,116.19;39.91,115.97;
#30:
>0:39.88,116.8;39.76,116.5;39.68,116.56;39.72,116.46;39.75,116.23;39.71,115.94;
#31:
>0:39.87,116.24;39.8,116.29;39.68,116.2;
#32:
>0:40.07,116.5;40.08,116.61;40.1,116.39;40.05,116.17;40.07,116.41;39.98,116.31;40.06,116.18;
#33:
>0:39.88,116.69;39.81,116.52;39.72,116.56;39.71,116.38;39.68,116.14;39.74,115.91;
#34:
>0:39.7,116.48;39.79,116.31;39.86,116.22;39.94,116.05;39.94,115.84;40.17,115.88;
#35:
>0:40.02,116.46;40.12,116.43;
#36:
>0:40.0,116.41;40.02,116.37;
#37:
>0:39.9,116.51;39.87,116.61;
#38:
>0:39.85,116.1;39.81,115.9;
#39:
>0:40.12,116.32;40.05,116.26;40.02,116.53;
#40:
>0:40.07,116.38;39.95,116.42;
#41:
>0:39.76,116.53;39.84,116.43;39.97,116.25;40.0,116.22;40.16,115.8;
#42:
>0:39.79,115.79;39.9,116.11;39.97,116.02;
#43:
>0:39.69,115.94;39.68,115.96;
#44:
>0:40.07,116.64;39.96,116.55;39.91,116.6;39.79,116.71;39.71,116.52;
#45:
>0:39.94,116.62;40.03,116.7;40.14,116.3;
#46:
>0:40.16,116.36;40.06,116.16;40.03,116.01;
#47:
>0:40.02,115.95;39.99,115.99;39.85,115.96;39.78,116.14;
#48:
>0:39.81,116.16;39.87,116.38;40.0,116.42;39.83,116.66;
#49:
>0:39.98,116.11;39.86,115.99;
#50:
>0:39.71,116.37;39.77,116.48;
#51:
>0:39.73,116.5;39.83,116.44;39.77,116.49;39.94,116.73;39.93,116.53;40.13,116.51;
#52:
>0:40.03,116.8;40.03,116.5;40.08,116.37;40.03,116.24;40.0,116.06;
#53:
>0:40.04,116.22;40.0,116.25;40.03,116.37;39.8,116.33;
#54:
>0:39.94,116.45;40.04,116.5;40.1,116.61;
#55:
>0:39.67,116.33;39.83,116.34;39.78,116.81;
#56:
>0:40.06,115.89;39.95,115.86;39.86,115.82;39.8,115.82;39.75,116.16;
#57:
>0:40.01,116.29;40.09,116.43;40.09,116.63;
#58:
>0:39.96,116.32;40.04,116.47;39.91,116.34;39.96,116.71;
#59:
>0:40.05,116.66;40.13,116.71;40.12,116.59;40.0,116.24;
#60:
>0:40.05,116.5;40.03,116.42;
#61:
>0:39.67,116.33;39.76,116.46;39.86,116.4;
#62:
>0:39.9,116.74;39.99,116.52;
#63:
>0:39.81,116.22;39.9,116.29;
#64:
>0:40.08,116.82;39.95,116.5;39.9,116.3;40.03,116.29;39.87,116.01;39.68,115.84;
#65:
>0:39.99,116.45;40.04,116.39;
#66:
>0:39.89,116.63;39.86,116.54;
#67:
>0:39.83,115.8;39.81,115.8;39.72,116.24;
#68:
>0:39.99,116.5;39.89,116.57;39.76,116.31;39.74,116.56;
#69:
>0:39.73,116.45;39.78,116.33;
#70:
>0:39.74,116.59;39.8,116.31;39.9,116.28;40.0,116.25;40.01,116.19;40.2,115.89;
#71:
>0:40.03,116.41;40.0,116.44;40.1,116.4;
#72:
>0:40.0,116.29;40.08,116.5;40.13,116.58;
#73:
>0:39.85,115.95;39.75,115.9;39.71,116.24;
#74:
>0:39.75,115.96;39.8,116.18;39.86,116.41;40.04,116.46;40.05,116.45;40.1,116.3;
#75:
>0:40.1,116.4;40.03,116.33;
#76:
>0:40.16,116.62;40.1,116.47;39.93,116.6;39.86,116.34;39.81,116.66;
#77:
>0:39.94,116.33;40.0,116.45;39.9,116.3;39.71,116.43;
#78:
>0:40.04,116.3;40.02,116.34;40.06,116.48;
#79:
>0:39.99,116.72;39.86,116.55;39.82,116.46;39.69,116.15;39.68,115.96;
#80:
>0:39.74,115.82;39.83,116.07;39.84,116.11;
#81:
>0:40.15,116.34;40.05,116.26;39.94,116.05;39.84,116.04;39.81,115.94;
#82:
>0:39.97,116.4;40.03,116.24;
#83:
>0:40.05,116.55;39.95,116.54;39.91,116.64;
#84:
>0:40.11,116.45;40.05,116.43;
#85:
>0:40.19,116.29;40.06,116.28;39.93,116.0;39.92,115.87;39.88,115.78;39.74,115.93;
#86:
>0:39.81,115.8;39.84,115.86;39.95,116.06;39.98,115.91;40.16,115.94;
#87:
>0:40.13,116.68;40.11,116.48;39.99,116.46;
#88:
>0:39.99,116.45;40.04,116.43;
#89:
>0:40.06,115.91;39.96,116.02;39.89,116.19;39.76,116.39;
#90:
>0:39.93,116.03;39.91,116.12;39.86,116.26;40.0,116.47;40.06,116.79;
#91:
>0:39.84,116.52;39.85,116.45;39.98,116.37;40.0,116.09;
#92:
>0:39.82,116.76;39.77,116.63;39.69,116.58;39.8,116.29;
#93:
>0:39.83,116.72;39.81,116.63;39.68,116.58;39.67,116.13;
#94:
>0:40.01,116.47;39.87,116.3;
#95:
>0:39.94,116.73;39.96,116.53;
#96:
>0:39.82,116.11;39.86,116.17;40.0,116.27;
#97:
>0:39.71,116.0;39.7,115.84;
#98:
>0:39.84,116.63;39.9,116.73;40.04,116.8;
#99:
>0:40.08,116.48;40.01,116.38;39.83,116.47;39.81,116.47;39.69,116.19;
#100:
>0:40.03,116.47;39.96,116.34;
#101:
>0:40.06,116.38;39.92,116.43;
#102:
>0:39.89,115.86;39.83,115.85;39.71,115.99;
#103:
>0:39.98,115.97;39.86,116.1;39.85,116.26;39.98,116.38;40.01,116.8;
#104:
>0:39.69,116.57;39.83,116.31;39.83,116.25;40.03,116.34;
#105:
>0:39.87,116.62;39.94,116.67;40.03,116.61;
#106:
>0:40.06,116.31;40.11,116.41;
#107:
>0:39.71,116.19;39.7,116.44;
#108:
>0:40.04,116.77;39.93,116.53;39.9,116.5;39.95,116.68;39.74,116.47;
#109:
>0:39.82,115.81;39.83,115.79;
#110:
>0:40.07,116.77;39.96,116.59;40.05,116.46;39.9,116.23;
#111:
>0:39.7,116.37;39.72,116.27;39.81,115.97;39.88,116.24;39.97,116.5;40.1,116.41;
#112:
>0:39.98,116.77;39.9,116.78;39.78,116.62;39.69,116.75;
#113:
>0:39.9,116.06;39.94,116.04;40.0,115.97;
#114:
>0:39.78,116.72;39.84,116.5;40.05,116.47;
#115:
>0:39.95,116.78;39.84,116.58;39.8,116.31;39.75,116.26;39.72,116.03;
#116:
>0:40.05,116.68;40.08,116.63;40.14,116.46;40.02,116.22;39.96,116.11;
#117:
>0:39.77,115.9;39.86,116.04;39.94,116.04;
#118:
>0:39.67,116.49;39.7,116.31;
#119:
>0:39.83,116.43;40.01,116.24;40.08,116.28;39.92,115.78;
#120:
>0:40.05,116.75;39.99,116.63;39.99,116.34;39.85,116.25;
#121:
>0:40.09,116.38;40.03,116.17;39.97,116.07;39.88,116.12;39.9,115.95;39.72,115.82;
#122:
>0:39.81,116.19;39.86,116.47;39.96,116.56;
#123:
>0:40.0,116.31;40.0,116.47;39.9,116.34;39.72,116.62;
#124:
>0:40.01,116.02;40.04,116.23;40.0,116.35;39.75,116.45;
#125:
>0:39.78,116.25;39.76,116.0;39.76,115.9;
#126:
>0:40.12,116.32;40.09,116.47;
#127:
>0:40.18,115.83;40.15,115.95;
#128:
>0:39.71,115.97;39.78,116.18;39.89,116.31;40.01,116.3;40.08,116.07;
#129:
>0:40.04,116.37;40.02,116.24;40.04,116.36;40.14,116.77;
#130:
>0:39.89,116.6;39.89,116.61;
#131:
>0:39.98,116.04;39.88,116.01;39.88,116.25;39.88,116.36;39.91,116.66;
#132:
>0:39.85,116.36;39.86,116.29;40.0,116.11;39.94,115.88;
#133:
>0:40.09,116.68;40.14,116.55;39.99,116.39;
#134:
>0:39.89,116.19;39.97,116.03;39.97,115.94;
#135:
>0:40.02,116.32;39.84,116.43;39.89,116.32;
#136:
>0:39.95,115.98;39.87,116.1;39.86,116.25;39.9,116.51;
#137:
>0:40.02,115.79;39.97,116.07;39.86,116.06;39.85,116.2;40.01,116.34;39.93,116.67;
#138:
>0:39.76,116.26;39.76,115.97;39.81,115.87;
#139:
>0:40.03,116.55;40.05,116.75;
#140:
>0:39.99,116.41;39.84,116.52;39.93,116.79;39.7,116.43;
#141:
>0:39.81,116.56;39.7,116.58;
#142:
>0:40.01,116.5;40.01,116.36;
#143:
>0:40.07,116.49;40.03,116.35;40.05,116.44;
#144:
>0:39.72,116.04;39.83,116.21;39.87,116.35;40.01,116.33;40.04,116.24;40.12,115.94;
#145:
>0:39.75,116.44;39.78,116.39;
#146:
>0:39.94,115.86;40.01,115.98;40.12,116.37;40.13,116.42;
#147:
>0:39.85,116.25;39.77,116.13;
#148:
>0:40.11,115.8;40.06,116.08;39.94,116.0;
#149:
>0:39.7,116.32;39.81,116.37;39.76,116.25;39.99,116.44;
#150:
>0:40.02,116.29;39.97,116.07;39.97,115.91;39.78,115.84;
#151:
>0:39.87,115.95;39.89,116.2;40.06,116.42;40.01,116.51;
#152:
>0:39.98,116.34;40.03,116.34;
#153:
>0:39.95,116.67;39.77,116.63;39.7,116.45;39.79,116.2;
#154:
>0:40.1,116.46;40.0,116.3;40.0,116.31;40.04,116.36;39.97,116.63;40.05,116.34;40.0,116.21;40.03,116.42;39.96,116.24;40.0,116.19;40.06,116.27;
#155:
>0:40.05,116.69;39.98,116.6;39.89,116.49;39.82,116.32;39.73,116.48;
#156:
>0:39.72,116.02;39.8,116.28;39.91,116.43;39.99,116.46;40.02,116.48;
#157:
>0:39.69,116.37;39.78,116.44;39.76,116.22;39.98,116.45;
#158:
>0:39.98,116.35;40.03,116.38;40.1,116.4;
#159:
>0:39.76,116.62;39.68,116.53;39.82,116.18;
#160:
>0:40.07,116.5;39.98,116.3;39.99,116.07;
#161:
>0:39.98,116.35;40.0,116.39;
#162:
>0:40.04,116.61;40.09,116.35;40.0,116.24;39.96,116.12;39.93,115.88;
#163:
>0:39.86,116.59;39.89,116.42;39.97,116.29;39.84,116.0;
#164:
>0:39.78,116.45;39.84,116.17;39.95,116.04;39.92,115.81;
#165:
>0:39.69,116.68;39.8,116.6;39.81,116.7;39.95,116.6;
#166:
>0:39.97,115.98;39.89,116.01;39.9,116.4;
#167:
>0:39.68,116.21;39.78,116.07;39.91,116.28;39.97,116.39;40.02,116.36;40.13,116.45;
#168:
>0:40.07,116.45;39.98,116.34;39.91,116.32;39.83,116.52;39.67,116.25;
#169:
>0:39.97,115.92;40.0,116.06;40.12,116.06;40.08,116.22;39.99,116.31;39.93,116.74;
#170:
>0:40.02,116.37;40.02,116.47;
#171:
>0:39.83,116.33;39.77,116.12;
#172:
>0:40.03,116.36;40.1,116.53;40.15,116.44;40.04,116.41;
#173:
>0:39.92,116.53;39.95,116.75;
#174:
>0:40.01,116.38;40.04,116.42;40.06,116.24;40.04,115.84;
#175:
>0:39.68,116.45;39.82,116.46;39.85,116.33;
#176:
>0:39.99,116.43;40.02,116.43;40.02,116.47;
#177:
>0:39.8,116.28;39.91,116.02;
#178:
>0:39.85,116.14;39.87,116.07;39.82,115.83;
#179:
>0:40.06,115.98;40.06,115.81;39.86,115.95;
#180:
>0:39.93,116.7;39.79,116.52;39.69,116.57;39.72,116.42;39.83,116.03;
#181:
>0:40.0,116.33;40.06,116.4;40.07,116.77;
#182:
>0:40.03,116.41;40.03,116.36;
#183:
>0:40.13,115.78;40.14,116.08;40.08,116.21;40.15,116.43;40.05,116.45;40.16,116.81;
#184:
>0:40.07,115.98;40.01,115.8;
#185:
>0:39.88,115.92;39.77,115.92;39.71,116.03;39.8,116.19;39.83,116.52;
#186:
>0:40.14,116.45;40.06,116.17;40.04,116.34;39.94,116.49;39.83,116.31;
#187:
>0:40.05,116.41;40.02,116.16;40.12,116.12;
#188:
>0:39.8,116.66;39.81,116.7;
#189:
>0:39.7,115.94;39.82,115.96;39.86,116.19;40.0,116.39;39.99,116.49;
#190:
>0:40.0,116.38;40.0,116.39;
#191:
>0:39.76,116.52;39.81,116.32;
#192:
>0:40.18,116.41;40.02,116.28;39.95,115.91;
#193:
>0:39.75,116.03;39.8,116.2;
#194:
>0:39.81,116.18;39.87,116.35;40.05,116.38;39.99,116.28;40.16,116.03;
#195:
>0:40.1,116.77;40.1,116.51;40.0,116.32;40.0,116.32;39.9,115.97;39.78,115.82;
#196:
>0:40.09,116.11;40.01,116.24;40.01,116.49;39.97,116.41;40.11,116.69;
#197:
>0:40.17,115.92;40.07,116.0;40.09,116.06;40.01,116.28;40.04,116.37;39.89,116.73;
#198:
>0:40.16,116.38;40.02,116.29;40.01,116.25;39.85,116.58;
#199:
>0:39.87,115.91;39.79,115.87;39.79,116.18;
#200:
>0:39.98,115.9;40.05,115.97;40.11,115.96;40.07,116.25;39.85,116.5;
#201:
>0:39.97,116.4;39.86,116.31;40.0,116.22;40.03,116.33;
#202:
>0:39.95,116.68;39.85,116.61;40.01,116.41;
#203:
>0:39.84,115.91;39.93,115.99;40.07,116.14;40.12,116.34;
#204:
>0:40.13,116.53;40.08,116.33;40.05,116.15;40.08,115.95;40.06,115.85;
#205:
>0:40.12,116.79;40.12,116.59;40.05,116.4;39.98,116.36;39.84,115.97;39.79,115.87;
#206:
>0:40.11,116.67;40.14,116.53;40.06,116.46;40.04,116.35;39.84,116.11;39.76,115.79;
#207:
>0:39.93,116.67;39.94,116.62;39.87,116.41;
#208:
>0:39.74,116.34;39.75,116.44;
#209:
>0:40.05,116.69;39.95,116.51;39.9,116.55;39.81,116.46;39.75,116.61;
#210:
>0:39.91,116.26;40.01,116.41;40.11,116.36;40.03,116.69;
#211:
>0:39.74,116.03;39.72,116.02;
#212:
>0:40.0,116.43;40.03,116.47;
#213:
>0:40.1,116.68;40.13,116.59;40.01,116.44;40.04,116.15;39.94,115.96;39.93,115.83;
#214:
>0:39.79,116.75;39.84,116.52;39.84,116.36;39.98,116.25;40.01,116.28;40.2,115.94;
#215:
>0:39.77,115.78;39.84,115.97;39.99,116.0;
#216:
>0:39.74,116.14;39.79,116.11;39.83,116.16;40.01,116.45;40.06,116.45;40.14,116.67;
#217:
>0:40.13,116.3;40.04,116.26;39.97,116.5;39.87,116.64;39.81,116.37;39.75,116.65;
#218:
>0:39.81,116.31;39.88,116.24;39.84,116.1;
#219:
>0:40.11,116.41;40.08,116.25;39.96,116.09;39.9,116.01;39.9,115.88;39.73,115.83;
#220:
>0:40.06,115.93;39.98,115.99;39.88,116.23;39.89,116.34;39.72,116.38;
#221:
>0:39.99,115.94;40.07,115.97;40.16,116.09;40.03,116.29;40.0,116.33;39.79,116.72;
#222:
>0:39.78,116.17;39.91,116.42;39.81,116.56;39.73,116.79;
#223:
>0:40.08,116.12;40.0,116.06;
#224:
>0:39.73,116.45;39.82,116.32;39.8,116.22;39.88,116.37;39.93,116.43;40.09,116.44;
#225:
>0:39.8,116.69;39.85,116.59;39.92,116.73;40.08,116.54;
#226:
>0:39.98,116.4;40.01,116.38;40.06,116.43;
#227:
>0:40.01,116.5;40.02,116.32;39.9,116.47;
#228:
>0:40.03,116.57;40.06,116.55;
#229:
>0:40.09,116.09;40.08,115.98;39.93,115.9;39.87,115.9;39.82,115.82;39.73,116.25;
#230:
>0:39.88,115.89;39.78,115.89;39.72,116.22;
#231:
>0:39.89,115.92;39.94,116.05;39.84,116.12;39.84,116.24;39.97,116.52;
#232:
>0:39.73,115.93;39.76,116.03;39.87,116.11;39.89,115.92;40.04,115.91;
#233:
>0:39.69,116.43;39.76,116.36;39.8,116.73;
#234:
>0:40.13,116.73;40.1,116.52;40.0,116.41;39.97,116.36;39.88,116.09;39.76,115.9;
#235:
>0:39.93,116.8;40.04,116.66;40.08,116.52;40.14,116.37;40.05,116.28;40.0,115.91;
#236:
>0:39.78,116.47;39.68,116.34;
#237:
>0:40.02,115.83;39.98,116.07;39.99,116.32;
#238:
>0:39.69,116.58;39.81,116.34;39.76,116.62;39.94,116.69;39.93,116.61;40.09,116.63;
#239:
>0:40.04,116.39;39.84,116.46;39.82,116.53;39.73,116.49;
#240:
>0:39.8,116.81;39.9,116.57;40.0,116.48;
#241:
>0:39.77,116.62;39.8,116.42;
#242:
>0:39.84,115.87;39.95,116.07;39.95,116.33;
#243:
>0:39.86,116.52;39.87,116.37;40.04,116.24;39.88,116.1;
#244:
>0:39.72,116.65;39.76,116.56;
#245:
>0:39.82,116.81;39.86,116.59;39.93,116.74;
#246:
>0:40.01,116.36;40.07,116.32;40.06,116.46;
#247:
>0:39.96,116.0;39.85,116.06;39.87,116.22;39.96,116.42;40.07,116.81;
#248:
>0:39.97,116.46;40.08,116.15;
#249:
>0:39.84,116.63;39.89,116.49;
#250:
>0:39.92,116.81;39.81,116.5;39.67,116.58;39.72,116.35;39.71,116.29;39.68,115.84;
#251:
>0:40.02,116.39;40.03,116.39;40.0,116.3;40.06,116.41;
#252:
>0:39.74,115.81;39.8,115.98;39.85,116.13;40.01,116.44;40.06,116.33;40.13,116.43;
#253:
>0:39.82,116.69;39.84,116.57;39.9,116.37;40.04,116.43;
#254:
>0:40.05,116.43;40.0,116.13;
#255:
>0:40.17,115.92;40.07,116.08;40.1,116.11;40.07,116.27;39.98,116.4;39.92,116.67;
#256:
>0:40.04,116.45;40.02,116.22;40.08,115.99;
#257:
>0:39.68,116.41;39.79,116.33;39.76,116.23;40.02,116.4;
#258:
>0:39.8,115.88;39.9,115.97;39.9,116.21;40.01,116.32;40.09,116.32;
#259:
>0:40.12,116.31;40.05,116.19;39.96,115.98;39.96,115.81;39.86,115.93;39.71,115.91;
#260:
>0:40.18,115.94;40.09,116.03;40.01,116.17;40.01,116.43;40.05,116.47;40.16,116.65;
#261:
>0:39.71,116.19;39.79,115.97;39.9,115.95;39.9,115.85;40.02,115.89;
#262:
>0:39.7,116.13;39.79,116.33;39.86,116.57;
#263:
>0:40.01,115.82;39.99,116.06;39.88,116.07;39.85,116.13;39.91,116.6;
#264:
>0:39.93,116.68;39.97,116.64;40.06,116.37;39.77,116.19;
#265:
>0:39.92,115.79;39.88,115.97;39.87,116.25;39.89,116.35;
#266:
>0:40.15,116.78;40.12,116.57;39.99,116.45;
#267:
>0:39.94,116.6;40.03,116.31;
#268:
>0:39.77,116.45;39.91,116.25;40.02,116.29;40.08,115.79;
#269:
>0:39.88,115.9;39.75,115.81;39.78,116.23;
#270:
>0:39.77,115.83;39.88,115.8;
#271:
>0:40.03,116.79;40.03,116.51;40.09,116.33;40.05,116.17;39.98,115.99;
#272:
>0:40.07,116.33;40.01,116.51;
#273:
>0:39.93,115.94;40.06,116.06;40.2,116.42;40.16,116.46;
#274:
>0:39.72,116.73;39.79,116.57;39.76,116.76;39.91,116.59;40.07,116.77;
#275:
>0:40.01,116.25;40.01,116.17;39.99,115.85;
#276:
>0:40.09,116.7;40.14,116.49;40.07,116.44;40.04,116.28;39.82,115.96;
#277:
>0:39.92,116.68;39.82,116.5;39.69,116.43;39.7,116.27;39.71,116.02;
#278:
>0:40.01,116.39;40.04,116.35;
#279:
>0:39.85,116.25;39.81,116.27;39.83,116.53;
#280:
>0:39.88,115.83;39.77,115.79;39.73,116.03;39.81,116.28;39.78,116.48;
#281:
>0:40.16,115.87;40.15,116.0;40.01,116.16;40.1,116.28;40.0,116.37;40.13,116.71;
#282:
>0:40.16,116.53;40.06,116.3;40.05,116.12;40.0,116.06;39.97,115.84;
#283:
>0:39.72,116.06;39.71,116.23;39.82,115.97;39.94,116.07;
#284:
>0:40.17,115.86;40.06,116.01;40.14,116.0;40.07,116.21;40.0,116.46;39.9,116.65;
#285:
>0:40.0,116.27;40.01,116.45;40.03,116.35;40.12,116.7;
#286:
>0:40.11,116.8;40.12,116.64;40.06,116.41;39.9,116.3;
#287:
>0:40.03,116.41;40.04,116.47;
#288:
>0:40.14,116.48;40.07,116.41;39.99,116.34;39.9,116.55;
#289:
>0:40.14,116.8;40.11,116.57;39.97,116.45;
#290:
>0:40.01,116.69;39.95,116.6;39.85,116.55;39.9,116.79;39.69,116.55;
#291:
>0:40.05,116.38;40.07,116.43;40.08,116.47;
#292:
>0:39.82,116.1;39.86,116.17;39.99,116.42;40.06,116.55;
#293:
>0:39.92,115.9;39.86,116.03;39.84,116.22;39.85,116.34;
#294:
>0:40.06,116.23;40.0,116.1;39.85,116.12;39.89,115.9;39.71,115.95;
#295:
>0:39.75,116.19;39.8,116.08;39.88,116.15;40.02,116.42;40.07,116.78;
#296:
>0:39.94,116.41;39.91,116.38;
#297:
>0:40.02,115.82;39.92,116.09;39.9,116.06;39.92,116.2;39.85,116.49;
#298:
>0:40.02,116.22;39.96,116.07;39.85,115.83;
#299:
>0:39.69,116.47;39.73,116.3;39.79,116.07;39.89,116.13;40.02,116.24;
#300:
>0:39.93,116.12;39.89,116.13;39.79,116.18;39.68,116.21;
#301:
>0:40.1,116.73;40.14,116.6;40.09,116.37;40.03,116.35;39.76,115.97;
#302:
>0:39.84,115.93;39.87,116.07;
#303:
>0:39.75,116.07;39.82,116.07;
#304:
>0:40.05,116.4;40.04,116.47;39.85,116.55;
#305:
>0:39.84,116.57;39.88,116.3;40.03,116.35;40.08,115.99;
#306:
>0:40.0,116.38;40.01,116.36;
#307:
>0:40.06,116.3;40.05,116.2;40.12,116.08;
#308:
>0:40.09,116.37;40.03,116.27;40.05,116.0;
#309:
>0:39.75,116.6;39.88,116.31;40.0,116.27;40.05,116.2;40.17,116.01;
#310:
>0:39.88,116.09;39.84,116.22;39.8,116.25;39.84,116.3;39.78,116.8;
#311:
>0:40.01,115.87;40.16,116.09;40.03,116.13;40.2,116.24;40.03,116.33;40.09,116.67;
#312:
>0:39.91,116.3;39.99,116.37;40.02,116.29;39.99,115.83;
#313:
>0:39.97,116.59;39.99,116.34;40.15,116.39;
#314:
>0:40.04,116.44;40.0,116.32;
#315:
>0:39.7,116.24;39.74,116.09;
#316:
>0:40.07,116.72;39.96,116.6;39.9,116.52;39.82,116.36;39.73,116.49;
#317:
>0:39.85,116.32;39.76,116.22;39.72,116.05;
#318:
>0:39.68,115.9;39.82,116.07;39.86,115.91;
#319:
>0:39.81,116.52;39.78,116.45;39.77,116.25;39.79,116.01;39.78,115.87;
#320:
>0:39.71,115.91;39.69,115.96;39.77,116.27;39.85,116.37;39.99,116.35;40.13,116.33;
#321:
>0:39.98,116.01;39.94,116.08;
#322:
>0:39.97,116.12;39.94,116.09;
#323:
>0:40.09,116.74;40.16,116.49;40.07,116.4;39.98,116.25;39.87,116.11;39.83,115.85;
#324:
>0:39.83,116.72;39.82,116.62;39.7,116.62;39.69,116.17;
#325:
>0:39.78,116.68;39.84,116.55;39.98,116.75;40.07,116.65;40.12,116.31;
#326:
>0:39.81,115.94;39.86,116.09;39.97,116.24;40.0,116.47;40.13,116.56;
#327:
>0:39.83,116.07;39.83,116.2;39.95,115.79;
#328:
>0:40.17,116.35;40.08,116.24;39.95,116.39;
#329:
>0:39.8,116.54;39.7,116.44;39.8,116.29;
#330:
>0:39.93,115.92;40.06,116.07;40.15,116.27;40.14,116.35;
#331:
>0:39.78,116.28;39.84,116.47;39.97,116.61;
#332:
>0:39.76,116.15;39.85,116.35;40.01,116.38;39.83,116.76;
#333:
>0:39.87,115.81;39.98,116.04;39.86,116.1;39.86,116.17;40.0,116.51;
#334:
>0:40.03,116.04;39.95,116.06;39.85,116.09;39.79,116.24;
#335:
>0:39.88,116.52;39.88,116.37;39.96,116.32;39.88,116.02;
#336:
>0:40.01,116.55;40.09,116.33;40.08,116.2;40.03,116.01;40.0,115.88;
#337:
>0:40.11,116.58;40.08,116.38;40.01,116.46;40.0,116.27;39.91,116.46;39.71,116.4;
#338:
>0:40.01,116.45;39.9,116.43;
#339:
>0:39.87,116.03;39.89,116.26;40.01,116.24;39.91,116.36;39.77,116.74;
#340:
>0:39.82,116.05;39.92,116.25;39.84,116.31;39.75,116.63;
#341:
>0:40.06,116.52;40.01,116.17;39.99,116.11;39.97,115.83;
#342:
>0:39.8,115.82;39.7,115.83;39.72,115.98;39.82,116.13;39.91,116.41;39.93,116.74;
#343:
>0:40.0,116.39;40.05,116.36;
#344:
>0:39.68,116.45;39.77,116.31;39.83,116.4;
#345:
>0:40.11,116.79;40.15,116.52;40.04,116.46;40.03,116.24;39.81,116.06;
#346:
>0:40.02,115.8;39.97,115.81;39.9,115.87;39.78,115.83;39.71,116.14;
#347:
>0:39.93,116.55;40.03,116.49;40.07,116.15;
#348:
>0:39.85,115.94;39.8,115.91;39.75,116.1;
#349:
>0:39.8,115.8;39.74,116.01;39.76,116.18;39.87,116.46;39.99,116.39;39.88,116.68;
#350:
>0:39.81,116.69;39.9,116.6;39.85,116.39;39.97,116.26;39.91,116.06;39.76,115.86;
#351:
>0:39.86,116.37;39.99,116.36;39.93,116.05;39.93,115.79;
#352:
>0:40.02,116.28;40.01,116.41;39.95,116.53;
#353:
>0:40.07,115.79;40.05,116.03;40.16,115.98;40.01,116.28;40.06,116.32;40.0,116.78;
#354:
>0:39.85,116.32;39.8,116.58;39.69,116.3;
#355:
>0:40.0,115.87;39.97,116.1;39.89,116.26;39.89,116.39;39.71,116.41;
#356:
>0:39.69,116.79;39.8,116.63;39.89,116.47;40.03,116.37;40.06,116.2;39.95,115.84;
#357:
>0:39.75,115.84;39.75,116.09;39.87,115.78;
#358:
>0:39.98,115.97;39.87,115.99;40.0,116.4;
#359:
>0:39.92,116.8;39.94,116.64;40.04,116.36;40.05,116.4;40.06,116.23;40.07,115.92;
#360:
>0:39.88,116.02;39.88,116.25;40.03,116.35;40.04,116.5;
#361:
>0:40.06,116.47;40.04,116.27;40.05,115.99;39.98,115.9;
#362:
>0:39.89,116.19;39.98,116.25;
#363:
>0:39.74,115.8;39.82,116.01;39.86,115.96;39.9,115.86;40.03,115.83;
#364:
>0:40.15,115.83;40.03,115.89;
#365:
>0:40.15,116.4;40.02,116.19;40.02,116.05;
#366:
>0:39.86,116.62;39.99,116.6;40.03,116.37;40.04,116.1;
#367:
>0:40.0,116.12;40.07,115.88;
#368:
>0:39.7,116.53;39.77,116.3;39.78,116.52;39.93,116.61;
#369:
>0:40.01,116.01;39.96,116.36;39.89,116.39;39.83,116.35;
#370:
>0:39.85,116.11;39.84,116.21;39.97,116.23;40.11,115.97;
#371:
>0:39.97,116.1;39.88,116.07;39.85,116.25;39.9,116.62;
#372:
>0:40.0,116.45;40.0,116.38;
#373:
>0:40.16,116.38;40.06,116.24;40.03,116.11;
#374:
>0:39.97,116.42;40.03,116.34;
#375:
>0:39.74,116.81;39.78,116.81;
#376:
>0:39.79,116.63;39.78,116.34;
#377:
>0:39.72,115.98;39.68,116.18;39.7,116.4;
#378:
>0:39.67,115.81;39.81,116.08;39.91,116.08;39.85,115.8;40.03,115.89;
#379:
>0:39.9,116.15;39.96,116.22;
#380:
>0:40.14,116.58;40.06,116.38;40.12,116.27;
#381:
>0:39.93,115.94;40.05,116.06;40.13,115.97;40.04,116.28;40.04,116.32;39.91,116.8;
#382:
>0:39.99,116.77;40.01,116.74;40.0,116.58;40.09,116.4;40.08,116.27;39.94,115.94;
#383:
>0:39.68,116.07;39.75,116.19;39.85,115.98;
#384:
>0:39.99,116.34;40.03,116.41;
#385:
>0:39.83,115.86;39.84,116.07;
#386:
>0:39.82,116.8;39.82,116.61;39.74,116.62;39.67,116.28;
#387:
>0:40.02,116.37;40.05,116.33;39.91,116.41;39.73,116.56;
#388:
>0:39.92,116.49;40.05,116.45;
#389:
>0:39.67,116.51;39.79,116.3;39.91,116.15;39.98,115.98;39.96,115.83;40.19,115.98;
#390:
>0:39.83,115.85;39.91,116.12;39.98,116.35;40.06,116.41;40.12,116.56;
#391:
>0:39.79,116.69;39.89,116.64;39.86,116.45;40.0,116.28;39.9,115.96;39.8,115.84;
#392:
>0:39.94,116.65;39.92,116.69;39.79,116.72;
#393:
>0:40.0,116.6;40.06,116.58;
#394:
>0:40.03,116.57;40.11,116.43;40.01,116.13;39.95,116.06;39.93,115.89;
#395:
>0:40.21,115.88;40.05,116.12;39.96,116.08;
