#0:
>0:39.95,116.56;40.07,116.37;39.95,116.28;
#1:
>0:39.71,116.04;39.83,116.25;39.79,116.02;39.85,116.13;39.98,116.41;40.16,116.36;
#2:
>0:40.08,116.46;40.05,116.19;40.04,116.3;40.04,116.34;
#3:
>0:40.02,116.53;39.97,116.36;39.95,116.28;39.95,116.04;
#4:
>0:40.16,116.73;40.04,116.6;40.05,116.45;
#5:
>0:39.89,116.4;39.88,116.29;40.01,116.43;40.08,116.29;
#6:
>0:40.01,116.35;39.85,116.25;
#7:
>0:40.11,116.11;40.03,115.96;
#8:
>0:40.16,116.44;40.07,116.39;39.92,116.49;39.95,116.8;39.85,116.6;39.74,116.53;
#9:
>0:40.1,116.67;40.09,116.61;40.12,116.35;40.14,116.26;40.11,115.99;
#10:
>0:39.94,116.75;40.03,116.5;40.14,116.31;
#11:
>0:40.1,116.4;40.02,116.46;39.97,116.68;
#12:
>0:39.89,116.02;39.93,115.99;40.03,116.29;40.16,116.63;
#13:
>0:40.13,116.46;40.06,116.35;39.98,116.49;39.88,116.57;39.79,116.56;
#14:
>0:40.1,116.17;40.03,116.14;40.01,116.38;39.95,116.52;39.79,116.49;
#15:
>0:40.05,116.18;40.04,116.07;
#16:
>0:39.85,116.71;39.94,116.59;40.0,116.54;40.15,116.75;
#17:
>0:39.72,116.04;39.83,116.3;39.78,116.07;39.91,116.26;39.95,116.31;40.08,116.45;
#18:
>0:39.8,116.26;39.81,116.29;
#19:
>0:39.74,115.91;39.82,115.8;39.78,116.08;39.84,116.44;
#20:
>0:40.0,116.4;39.84,116.34;
#21:
>0:39.69,116.52;39.72,116.38;39.76,116.58;39.9,116.68;39.98,116.49;40.1,116.76;
#22:
>0:40.03,116.44;40.1,116.46;39.98,116.5;
#23:
>0:39.9,115.94;39.79,116.01;39.9,116.27;39.67,116.35;
#24:
>0:40.05,115.78;40.06,115.85;
#25:
>0:40.02,116.47;40.15,116.29;40.01,116.41;
#26:
>0:40.06,116.54;40.02,116.35;40.0,116.26;
#27:
>0:40.05,116.65;39.99,116.5;40.12,116.53;40.07,116.18;40.15,116.26;39.94,115.82;
#28:
>0:39.74,115.99;39.75,116.24;39.68,116.36;39.75,116.5;39.74,116.78;
#29:
>0:40.0,116.3;40.01,116.44;40.05,116.34;
#30:
>0:40.09,116.7;40.0,116.81;39.94,116.59;39.84,116.64;39.78,116.8;
#31:
>0:40.03,116.31;39.96,116.14;
#32:
>0:40.02,116.38;39.84,116.46;39.91,116.25;39.74,116.38;
#33:
>0:40.05,116.38;40.01,116.42;39.85,116.45;39.86,116.2;40.04,116.33;
#34:
>0:39.73,116.17;39.82,116.21;39.77,116.08;39.89,116.19;40.02,116.46;
#35:
>0:40.03,116.19;40.04,116.32;39.86,116.63;
#36:
>0:39.87,116.29;39.88,115.97;
#37:
>0:40.11,116.65;40.07,116.61;39.98,116.44;39.87,116.23;
#38:
>0:39.95,116.01;39.85,116.04;
#39:
>0:40.03,116.04;40.09,116.22;40.02,116.18;39.87,116.47;
#40:
>0:39.94,116.25;40.0,116.44;39.76,116.32;
#41:
>0:40.02,116.34;40.06,116.31;
#42:
>0:40.1,116.42;40.04,116.35;
#43:
>0:39.87,116.4;39.87,116.62;
#44:
>0:39.79,116.68;39.86,116.58;39.84,116.32;
#45:
>0:40.11,116.69;40.04,116.51;40.01,116.31;
#46:
>0:40.0,116.46;40.02,116.53;40.07,116.37;
#47:
>0:39.98,116.33;39.92,116.23;
#48:
>0:40.03,116.36;39.91,116.34;39.9,116.28;39.77,115.82;
#49:
>0:40.07,116.1;39.92,116.19;39.9,116.46;39.81,116.52;39.68,116.74;
#50:
>0:39.69,116.01;39.77,116.11;39.9,116.28;39.92,116.02;
#51:
>0:39.75,116.17;39.8,115.99;39.85,116.25;40.03,116.36;40.02,116.33;40.08,116.5;
#52:
>0:39.71,116.36;39.71,116.21;39.78,116.22;39.85,115.97;39.96,115.99;40.11,115.97;
#53:
>0:40.01,116.37;40.06,116.35;
#54:
>0:39.99,116.09;39.97,116.01;
#55:
>0:39.89,116.19;39.9,115.98;40.07,115.96;
#56:
>0:39.86,116.71;39.76,116.5;39.69,116.31;
#57:
>0:39.91,115.99;39.92,116.21;
#58:
>0:40.01,115.8;39.98,116.06;
#59:
>0:39.88,116.23;39.9,116.09;39.99,116.04;40.11,115.79;
#60:
>0:39.69,116.2;39.83,116.03;
#61:
>0:39.8,115.96;39.68,116.28;
#62:
>0:40.04,116.09;40.04,115.8;39.85,115.85;
#63:
>0:39.97,116.36;40.01,116.32;40.06,116.36;
#64:
>0:40.02,116.32;40.0,116.33;40.04,116.33;40.02,116.61;40.0,116.45;39.91,116.35;39.85,116.25;39.98,116.39;40.05,116.4;40.0,116.44;39.99,116.18;40.02,116.19;40.07,116.3;40.12,116.13;40.04,116.41;
#65:
>0:40.0,116.55;39.94,116.41;39.87,116.33;39.8,116.27;39.75,115.94;
#66:
>0:40.0,116.15;40.0,116.46;39.94,116.51;39.82,116.76;
#67:
>0:40.02,116.31;39.96,116.34;40.0,116.3;40.1,116.37;
#68:
>0:39.86,116.2;39.89,116.08;40.0,116.01;
#69:
>0:40.1,116.7;40.05,116.55;40.03,116.4;39.85,116.46;39.85,116.1;
#70:
>0:39.97,116.41;39.99,116.31;
#71:
>0:40.03,116.35;39.96,116.32;
#72:
>0:39.71,116.12;39.77,115.83;39.84,116.11;39.99,116.12;40.03,115.83;
#73:
>0:39.92,116.27;39.89,116.39;39.82,116.59;39.75,116.67;
#74:
>0:39.78,116.32;39.86,116.42;39.99,116.43;
#75:
>0:39.89,116.73;39.76,116.59;39.69,116.38;
#76:
>0:40.11,116.73;40.15,116.55;40.09,116.44;40.05,116.36;40.11,116.22;40.14,115.8;
#77:
>0:40.05,116.33;40.02,116.34;39.9,116.37;40.06,116.45;
#78:
>0:39.9,116.25;39.86,115.95;39.98,116.1;40.16,115.84;
#79:
>0:40.07,115.86;40.06,116.08;39.86,116.03;
#80:
>0:39.98,116.2;40.0,116.3;39.77,116.37;
#81:
>0:39.99,116.39;40.04,116.4;
#82:
>0:39.98,116.07;39.87,116.23;
#83:
>0:40.06,115.91;39.92,116.11;39.89,115.94;39.76,116.09;39.74,116.33;
#84:
>0:39.86,115.93;39.99,116.01;40.07,116.22;40.07,116.33;40.13,116.57;
#85:
>0:40.14,116.8;40.04,116.53;40.03,116.36;40.07,116.17;
#86:
>0:40.0,116.18;40.01,116.32;39.9,116.31;39.69,116.47;
#87:
>0:40.07,116.62;40.1,116.42;40.11,116.29;40.16,116.09;
#88:
>0:39.85,116.06;39.83,116.17;39.81,116.41;39.85,116.5;39.81,116.65;
#89:
>0:39.9,115.99;39.76,116.24;
#90:
>0:40.01,116.34;40.03,116.41;
#91:
>0:40.05,116.35;40.06,116.36;40.05,116.35;
#92:
>0:40.07,116.76;39.94,116.61;40.02,116.38;40.16,116.28;
#93:
>0:39.98,116.25;39.99,116.5;39.85,116.54;39.69,116.48;
#94:
>0:40.03,116.3;40.01,116.42;
#95:
>0:39.92,116.55;39.92,116.72;
#96:
>0:40.05,116.43;39.9,116.37;39.82,116.24;39.81,115.83;
#97:
>0:40.13,116.79;40.04,116.57;40.04,116.46;39.84,116.46;39.81,116.29;
#98:
>0:40.01,116.78;39.93,116.6;40.01,116.35;40.16,116.27;
#99:
>0:40.16,116.48;40.14,116.79;
#100:
>0:40.02,116.31;40.02,116.39;
#101:
>0:39.93,115.96;40.03,116.24;39.99,116.44;40.1,116.31;40.16,116.78;
#102:
>0:40.05,115.99;39.93,116.17;39.86,116.32;39.75,116.61;39.74,116.67;
#103:
>0:39.89,115.86;39.83,116.08;39.76,116.18;
#104:
>0:39.72,116.62;39.7,116.34;39.8,116.46;39.99,116.69;
#105:
>0:40.09,116.06;40.05,116.15;40.04,116.46;39.88,116.39;
#106:
>0:39.91,116.57;39.85,116.44;
#107:
>0:40.0,116.42;40.07,116.44;40.05,116.4;
#108:
>0:39.77,116.17;39.85,116.07;39.88,115.83;40.01,116.08;
#109:
>0:39.77,116.37;39.87,116.61;39.88,116.71;40.04,116.76;
#110:
>0:40.05,115.83;39.93,115.99;39.87,115.82;39.82,116.07;39.72,116.4;
#111:
>0:40.0,116.31;40.0,116.5;
#112:
>0:40.08,116.65;40.11,116.53;40.12,116.42;40.06,116.46;40.01,116.14;40.12,115.83;
#113:
>0:39.92,116.06;39.85,116.18;
#114:
>0:39.7,116.8;39.78,116.49;39.71,116.64;39.72,116.38;39.71,116.13;39.74,115.86;
#115:
>0:39.99,116.3;39.91,116.36;39.75,116.23;39.7,116.53;
#116:
>0:39.84,116.34;39.98,116.36;39.94,116.27;40.15,116.22;
#117:
>0:39.71,116.49;39.77,116.44;39.84,116.23;
#118:
>0:39.86,116.04;39.76,116.13;39.7,116.37;39.69,116.62;
#119:
>0:39.95,116.26;39.96,116.41;39.97,116.53;
#120:
>0:40.07,116.68;40.0,116.76;
#121:
>0:40.06,116.3;39.99,116.47;39.85,116.36;40.02,116.41;40.03,116.46;40.01,116.37;40.07,116.31;40.06,116.36;
#122:
>0:39.82,116.01;39.68,116.08;
#123:
>0:39.73,115.81;39.81,115.9;39.8,116.07;39.85,116.31;
#124:
>0:39.8,116.06;39.77,115.91;
#125:
>0:39.91,116.25;39.98,116.06;
#126:
>0:40.04,116.3;40.02,116.37;
#127:
>0:40.05,116.69;40.01,116.67;
#128:
>0:39.94,116.59;39.89,116.52;39.92,116.43;39.97,116.01;
#129:
>0:39.79,115.88;39.88,116.04;40.0,116.29;
#130:
>0:39.69,116.61;39.69,116.34;39.82,116.38;39.93,116.71;
#131:
>0:40.05,116.11;40.07,115.88;39.96,115.96;39.84,115.8;39.68,116.14;
#132:
>0:39.97,116.38;40.02,116.41;
#133:
>0:39.89,116.37;39.99,116.52;
#134:
>0:39.75,115.79;39.86,116.01;
#135:
>0:40.13,116.04;40.03,116.23;39.98,116.33;39.84,116.45;
#136:
>0:40.0,116.4;40.01,116.3;
#137:
>0:39.99,116.27;39.95,116.37;39.75,116.42;
#138:
>0:39.84,116.62;39.78,116.37;39.7,116.27;
#139:
>0:40.04,116.3;39.98,116.41;40.02,116.41;40.12,116.27;40.0,116.24;39.95,116.06;40.03,116.19;40.07,116.38;40.03,116.38;
#140:
>0:39.7,115.83;39.82,115.78;39.84,116.1;39.87,115.88;39.96,115.96;40.09,116.15;
#141:
>0:39.73,116.29;39.78,116.07;
#142:
>0:39.72,116.08;39.76,116.28;39.75,116.0;39.9,116.13;40.02,116.41;40.11,116.39;
#143:
>0:39.68,116.24;39.83,116.03;39.89,116.15;39.97,116.33;
#144:
>0:39.69,116.59;39.73,116.35;39.83,116.33;39.95,116.67;
#145:
>0:40.03,116.41;40.01,116.33;
#146:
>0:39.83,115.98;39.83,116.04;
#147:
>0:40.15,115.91;40.0,116.11;39.92,115.79;39.88,116.03;39.81,116.34;
#148:
>0:40.08,116.74;39.95,116.48;40.09,116.42;40.15,116.28;
#149:
>0:39.93,116.27;39.91,115.96;
#150:
>0:40.04,116.34;40.0,116.43;
#151:
>0:39.68,116.15;39.8,116.02;39.88,116.35;
#152:
>0:40.07,116.52;39.93,116.72;
#153:
>0:39.86,116.13;39.89,116.36;39.91,116.56;
#154:
>0:39.92,116.25;39.91,116.02;
#155:
>0:40.11,116.35;40.01,116.4;40.02,116.4;39.91,116.15;39.81,115.91;
#156:
>0:39.84,116.15;39.87,116.19;
#157:
>0:40.15,116.7;40.0,116.5;39.99,116.35;39.89,116.46;
#158:
>0:39.69,116.27;39.83,115.96;39.88,116.3;
#159:
>0:39.77,116.24;39.91,116.12;39.88,115.94;40.06,116.12;
#160:
>0:39.99,115.78;39.9,116.07;39.76,116.25;39.81,116.34;39.91,116.57;39.92,116.75;
#161:
>0:39.98,115.9;39.84,116.1;39.76,116.2;39.78,116.43;39.75,116.52;
#162:
>0:40.12,116.24;40.06,116.21;39.93,115.9;
#163:
>0:39.89,116.23;39.9,116.36;39.75,116.25;
#164:
>0:39.99,116.31;39.88,116.42;39.86,116.2;40.07,116.35;
#165:
>0:39.7,115.93;39.79,115.82;39.88,115.96;39.93,116.05;40.06,115.99;40.13,115.83;
#166:
>0:39.98,116.4;39.98,116.34;
#167:
>0:40.13,116.81;40.07,116.57;40.01,116.34;40.03,116.18;
#168:
>0:39.86,116.63;39.76,116.36;39.74,116.17;
#169:
>0:39.97,115.86;39.93,116.06;40.03,116.25;39.96,116.47;
#170:
>0:39.9,116.04;39.95,115.96;40.02,116.14;40.03,116.6;
#171:
>0:39.67,116.73;39.83,116.51;39.79,116.41;39.82,116.19;
#172:
>0:39.85,116.61;39.9,116.39;
#173:
>0:39.87,116.12;39.95,115.97;40.05,116.29;40.16,116.58;
#174:
>0:39.83,116.01;39.84,116.19;39.77,116.32;
#175:
>0:39.72,116.26;39.79,116.07;39.9,116.21;40.03,116.43;
#176:
>0:40.05,116.6;40.05,116.43;39.91,116.13;39.8,116.19;39.74,116.46;
#177:
>0:39.73,116.77;39.75,116.47;39.72,116.6;39.68,116.42;39.7,116.24;39.68,115.87;
#178:
>0:39.86,115.97;39.92,116.08;40.01,116.24;40.08,116.56;
#179:
>0:39.73,116.14;39.79,115.97;
#180:
>0:40.0,115.81;40.0,116.06;40.01,116.14;39.89,116.45;
#181:
>0:39.86,115.83;39.76,115.95;39.74,116.18;39.75,116.45;39.68,116.53;
#182:
>0:39.71,116.32;39.71,116.36;
#183:
>0:40.05,116.47;40.01,116.44;40.11,116.23;40.12,116.54;
#184:
>0:40.15,116.38;40.0,116.3;39.99,116.51;39.86,116.59;
#185:
>0:39.92,116.19;40.04,116.15;39.93,116.51;
#186:
>0:39.88,115.84;39.87,116.02;39.85,116.13;
#187:
>0:39.84,116.38;39.89,116.21;40.0,116.48;
#188:
>0:39.8,116.11;39.9,116.25;39.82,116.24;39.83,116.45;39.93,116.77;
#189:
>0:39.99,116.69;39.86,116.6;39.95,116.58;40.07,116.37;39.96,115.97;
#190:
>0:40.02,116.35;39.97,116.41;40.07,116.45;40.0,116.34;39.89,116.42;39.84,116.14;40.06,116.31;
#191:
>0:40.05,116.4;40.0,116.41;
#192:
>0:39.97,116.56;40.05,116.39;40.06,116.18;40.15,116.16;39.92,115.87;
#193:
>0:39.87,116.44;39.84,116.3;
#194:
>0:40.03,116.37;39.98,116.44;
#195:
>0:40.11,116.17;40.03,116.01;
#196:
>0:40.09,116.45;40.04,116.34;39.97,116.48;39.87,116.24;39.81,115.79;
#197:
>0:39.85,116.61;40.02,116.45;40.07,116.43;40.01,116.36;39.99,116.3;
#198:
>0:40.13,116.76;40.06,116.64;39.99,116.42;39.84,116.46;39.8,116.19;39.72,116.0;
#199:
>0:39.77,116.57;39.89,116.8;39.91,116.63;40.03,116.43;
#200:
>0:40.01,116.44;39.96,116.38;39.91,116.46;39.85,116.23;40.01,116.42;40.08,116.53;40.04,116.43;39.89,116.3;40.03,116.33;
#201:
>0:40.03,116.23;40.02,116.18;
#202:
>0:40.03,115.88;40.04,116.03;39.99,115.85;39.78,115.94;
#203:
>0:39.85,115.89;39.97,115.99;40.05,116.28;40.04,116.33;40.04,116.54;40.03,116.8;
#204:
>0:39.85,116.41;39.81,116.39;
#205:
>0:39.88,115.87;39.85,116.08;39.84,116.24;
#206:
>0:39.82,115.9;39.91,116.03;39.99,116.12;40.06,115.88;
#207:
>0:39.67,116.5;39.75,116.45;
#208:
>0:40.14,116.44;40.05,116.4;39.94,116.57;39.88,116.62;39.78,116.65;
#209:
>0:40.08,116.71;40.13,116.53;40.12,116.42;40.11,116.28;40.09,116.04;
#210:
>0:39.94,116.72;40.0,116.61;40.15,116.37;40.04,116.31;40.08,116.29;40.09,115.94;
#211:
>0:40.02,116.53;40.03,116.44;39.91,116.3;39.77,116.2;39.67,116.02;
#212:
>0:39.88,116.29;39.88,116.07;
#213:
>0:40.05,116.46;40.02,116.39;
#214:
>0:40.02,115.84;39.93,116.07;39.91,115.95;39.83,116.06;39.73,116.32;
#215:
>0:39.93,116.53;39.9,116.62;39.95,116.16;
#216:
>0:39.99,116.53;40.02,116.41;
#217:
>0:39.87,116.69;39.88,116.55;40.04,116.43;
#218:
>0:39.7,116.64;39.72,116.3;39.82,116.56;39.94,116.48;
#219:
>0:40.15,116.3;40.1,116.31;
#220:
>0:40.15,116.5;40.16,116.64;
#221:
>0:39.9,116.52;39.77,116.45;39.74,116.28;
#222:
>0:39.72,116.13;39.77,115.96;
#223:
>0:39.92,116.13;40.01,116.31;40.12,116.31;
#224:
>0:40.02,116.43;40.07,116.42;40.15,116.15;40.08,116.39;
#225:
>0:39.89,116.76;39.82,116.53;39.7,116.63;39.68,116.46;39.74,115.97;
#226:
>0:39.83,115.9;39.84,116.06;39.95,116.03;40.07,116.1;
#227:
>0:39.8,116.21;39.82,116.1;39.8,115.92;
#228:
>0:39.91,115.85;39.89,115.97;39.89,116.18;
#229:
>0:40.05,116.37;40.01,116.39;
#230:
>0:40.03,116.17;40.03,116.43;40.06,116.55;40.03,116.78;
#231:
>0:40.05,116.44;39.97,116.45;
#232:
>0:40.02,116.39;40.03,116.45;39.96,116.19;39.96,116.03;40.01,116.15;40.03,116.33;39.98,116.34;39.99,116.16;40.03,116.4;
#233:
>0:39.68,116.43;39.72,116.26;39.75,116.22;39.9,116.0;39.98,115.98;40.12,116.06;
#234:
>0:39.9,115.81;39.82,116.07;39.9,116.14;39.83,116.24;39.89,116.48;
#235:
>0:39.94,116.21;39.95,116.41;39.98,116.51;
#236:
>0:39.98,116.49;40.05,116.36;
#237:
>0:39.81,116.81;39.89,116.6;
#238:
>0:40.13,116.35;40.06,116.35;40.04,116.24;39.87,115.94;
#239:
>0:40.02,116.35;40.02,116.42;
#240:
>0:40.06,116.1;40.04,116.21;
#241:
>0:39.93,116.56;39.89,116.49;39.99,116.13;
#242:
>0:39.75,116.25;39.69,116.21;39.87,116.56;
#243:
>0:39.78,116.0;39.71,116.15;
#244:
>0:40.06,116.37;40.05,116.4;39.89,116.31;39.91,116.23;40.01,116.41;
#245:
>0:39.79,116.16;39.85,115.97;39.86,115.78;
#246:
>0:40.13,116.03;40.03,116.26;40.01,116.46;39.97,116.32;39.91,116.27;39.7,116.41;
#247:
>0:39.91,116.24;40.04,116.47;40.07,116.39;40.04,116.72;
#248:
>0:39.99,116.46;40.04,116.41;40.03,116.46;40.0,116.45;39.98,116.42;39.95,116.4;
#249:
>0:39.96,115.9;39.91,116.1;39.99,116.01;39.99,116.43;
#250:
>0:40.11,115.93;40.0,116.05;39.95,115.92;39.86,116.1;39.78,116.45;
#251:
>0:40.05,116.39;39.98,116.36;
#252:
>0:39.97,116.26;39.99,116.31;39.92,116.56;
#253:
>0:39.86,116.62;39.9,116.45;
#254:
>0:40.16,116.21;40.03,116.14;40.01,116.35;39.83,116.32;
#255:
>0:39.69,116.62;39.72,116.67;39.82,116.57;39.91,116.81;39.98,116.5;40.1,116.14;
#256:
>0:40.1,116.23;40.05,116.18;40.02,116.39;39.95,116.64;39.76,116.6;
#257:
>0:39.86,116.37;39.83,116.4;39.89,116.77;
#258:
>0:40.07,116.77;39.95,116.52;39.85,116.32;39.89,116.17;39.81,116.27;39.72,115.92;
#259:
>0:39.98,116.32;39.9,116.39;40.01,116.41;
#260:
>0:39.94,116.45;40.0,116.32;40.01,116.41;
#261:
>0:39.98,116.38;39.9,116.43;40.01,116.35;
#262:
>0:40.16,116.09;40.07,115.85;39.99,115.99;
#263:
>0:40.12,116.2;40.12,116.26;
#264:
>0:40.0,116.67;40.07,116.67;
#265:
>0:39.9,116.46;39.79,116.22;
#266:
>0:39.81,115.9;39.85,116.0;
#267:
>0:39.69,116.47;39.71,116.38;39.83,116.53;39.84,116.71;40.01,116.76;
#268:
>0:40.03,116.41;40.05,116.33;
#269:
>0:40.16,116.23;40.0,116.13;40.11,116.5;
#270:
>0:40.1,116.73;40.06,116.6;40.0,116.36;39.84,116.36;39.77,116.29;39.81,115.87;
#271:
>0:39.79,115.84;39.9,116.03;39.94,115.96;40.02,116.0;
#272:
>0:39.88,116.61;39.8,116.33;39.74,116.27;
#273:
>0:40.14,116.72;40.16,116.51;40.12,116.36;40.09,116.26;40.11,116.02;
#274:
>0:40.13,116.22;40.01,116.25;40.01,116.46;39.91,116.46;
#275:
>0:39.98,116.49;40.01,116.41;40.02,116.17;39.96,116.1;
#276:
>0:40.13,116.49;40.08,116.3;39.99,116.42;39.84,116.12;
#277:
>0:40.09,116.79;40.01,116.54;39.93,116.32;39.96,116.24;40.06,116.17;40.02,115.8;
#278:
>0:40.03,116.44;40.0,116.55;
#279:
>0:40.12,116.22;40.06,116.27;40.0,116.34;40.07,116.75;
#280:
>0:40.0,116.39;39.87,116.43;40.01,116.38;
#281:
>0:40.06,116.36;40.01,116.49;
#282:
>0:39.82,116.42;39.91,116.14;39.95,116.01;39.95,115.79;
#283:
>0:39.88,116.51;39.99,116.33;39.91,116.32;39.88,116.15;39.83,115.89;
#284:
>0:39.85,116.68;39.83,116.49;39.74,116.48;39.7,116.21;
#285:
>0:39.84,116.22;39.87,116.44;39.73,116.4;
#286:
>0:39.94,116.05;40.02,115.95;
#287:
>0:39.76,116.78;39.84,116.49;39.98,116.48;40.04,116.27;
#288:
>0:39.86,116.15;39.87,116.02;39.84,115.91;
#289:
>0:39.86,116.13;39.9,116.1;40.05,115.99;
#290:
>0:39.75,116.26;39.91,116.04;39.87,115.91;40.05,116.15;
#291:
>0:39.75,116.6;39.89,116.73;39.98,116.79;
#292:
>0:39.98,115.96;40.05,116.17;40.06,116.45;39.98,116.62;39.77,116.72;
#293:
>0:39.68,116.59;39.73,116.74;39.79,116.59;39.91,116.76;40.05,116.75;
#294:
>0:39.99,116.43;40.03,116.44;40.01,116.46;39.97,116.39;
#295:
>0:40.0,116.38;40.05,116.36;39.98,116.42;
#296:
>0:39.78,116.47;39.89,116.74;39.99,116.77;
#297:
>0:39.78,116.81;39.71,116.68;
#298:
>0:40.01,116.41;40.01,116.33;40.07,116.42;
#299:
>0:40.05,116.03;40.13,115.91;
#300:
>0:40.07,116.35;40.04,116.27;40.05,116.3;
#301:
>0:40.0,116.48;39.91,116.4;40.06,116.43;
#302:
>0:39.98,115.87;39.93,116.0;40.03,116.13;40.14,116.4;
#303:
>0:39.84,116.45;39.76,116.32;39.84,116.71;
#304:
>0:39.73,116.16;39.8,116.09;
#305:
>0:39.82,116.75;39.68,116.66;
#306:
>0:39.76,115.96;39.71,115.99;
#307:
>0:39.77,116.43;39.84,116.17;39.99,115.99;39.95,115.94;
#308:
>0:40.08,115.95;39.94,116.03;39.84,116.22;39.75,116.25;39.71,116.37;39.68,116.79;
#309:
>0:40.03,116.09;39.98,116.22;
#310:
>0:39.76,116.14;39.87,116.0;39.92,115.88;
#311:
>0:39.77,116.41;39.69,116.37;39.7,116.65;
#312:
>0:40.0,116.32;39.97,116.55;39.87,116.48;39.8,116.5;39.75,116.35;
#313:
>0:39.91,116.07;39.78,116.29;39.71,116.28;39.72,116.56;
#314:
>0:39.99,116.36;39.91,116.36;
#315:
>0:40.05,116.71;40.1,116.6;40.14,116.44;40.05,116.31;40.11,116.18;40.08,115.9;
#316:
>0:40.03,116.41;40.08,116.41;
#317:
>0:39.75,116.14;39.67,116.21;39.85,116.49;
#318:
>0:40.13,116.35;40.02,116.3;40.03,116.71;
#319:
>0:39.99,116.49;40.07,116.31;39.98,116.44;39.98,116.06;
#320:
>0:40.12,116.03;40.0,116.2;40.0,116.37;40.14,116.58;
#321:
>0:39.9,116.06;39.94,116.09;40.05,116.27;40.01,116.44;40.02,116.77;
#322:
>0:39.86,115.9;39.94,116.12;40.08,116.24;40.07,116.31;40.14,116.56;
#323:
>0:39.98,116.37;39.88,116.3;
#324:
>0:39.98,116.43;40.11,116.31;40.05,116.51;
#325:
>0:40.12,116.43;40.02,116.33;40.07,116.14;39.89,115.79;
#326:
>0:39.77,116.09;39.69,116.07;
#327:
>0:40.02,116.3;39.99,116.48;39.84,116.47;
#328:
>0:40.05,116.38;40.04,116.45;
#329:
>0:39.93,116.14;39.99,116.36;39.82,116.32;
#330:
>0:39.91,116.1;39.92,116.02;40.01,116.25;40.04,116.33;40.0,116.76;
#331:
>0:39.93,116.2;39.99,116.37;39.93,116.63;
#332:
>0:39.83,115.91;39.87,116.02;39.93,116.28;
#333:
>0:39.91,116.14;39.97,116.01;39.97,115.79;
#334:
>0:40.05,115.92;39.93,116.11;39.84,115.85;39.83,116.05;39.68,116.45;
#335:
>0:40.03,116.48;40.01,116.47;39.89,116.13;39.78,116.13;39.9,115.9;
#336:
>0:40.04,116.16;40.03,116.37;
#337:
>0:39.85,115.91;39.8,115.99;39.85,116.29;39.69,116.45;
#338:
>0:40.02,116.43;40.02,116.47;
#339:
>0:40.15,115.92;40.13,116.05;40.0,116.2;40.02,116.35;40.08,116.57;40.07,116.74;
#340:
>0:40.15,115.83;40.01,116.02;39.92,116.21;39.9,116.44;39.78,116.48;39.73,116.77;
#341:
>0:39.98,116.42;40.05,116.32;40.02,116.23;40.09,115.8;
#342:
>0:40.14,116.7;40.08,116.58;39.98,116.44;39.86,116.25;
#343:
>0:39.68,116.2;39.72,116.37;39.83,116.47;39.86,116.67;40.08,116.4;
#344:
>0:39.67,116.31;39.68,116.26;39.82,116.32;39.91,116.5;39.93,116.59;40.12,116.15;
#345:
>0:39.77,116.12;39.72,116.26;
#346:
>0:39.73,116.02;39.82,116.14;39.77,116.3;39.89,116.53;39.98,116.48;40.12,116.41;
#347:
>0:40.07,116.49;40.05,116.45;39.93,116.18;
#348:
>0:39.99,116.3;40.08,116.3;40.04,116.4;
#349:
>0:40.0,116.55;40.12,116.41;40.05,116.29;40.12,116.24;39.97,115.86;
#350:
>0:40.02,116.34;40.02,116.41;
#351:
>0:39.97,115.97;39.88,115.84;39.75,116.01;39.7,115.98;
#352:
>0:40.05,116.39;39.86,116.47;39.78,116.23;39.69,116.47;
#353:
>0:39.93,116.57;40.02,116.35;40.01,116.27;40.01,115.96;40.05,115.86;
#354:
>0:39.77,116.65;39.89,116.58;40.05,116.49;40.11,116.44;40.12,116.27;40.12,115.93;
#355:
>0:39.98,116.49;39.9,116.43;40.02,116.4;
#356:
>0:40.07,116.41;40.0,116.35;
#357:
>0:39.88,115.8;39.85,115.96;39.88,116.27;
#358:
>0:40.04,116.42;40.01,116.38;
#359:
>0:39.88,116.41;39.98,116.38;40.11,116.35;40.13,116.3;
#360:
>0:40.0,116.53;40.02,116.48;39.88,116.16;39.86,116.3;39.72,116.41;
#361:
>0:39.83,116.8;39.91,116.55;
#362:
>0:40.1,116.42;40.01,116.37;39.96,116.63;39.88,116.61;39.82,116.78;
#363:
>0:40.11,116.57;40.01,116.78;40.0,116.5;39.85,116.63;39.83,116.61;39.72,116.35;
#364:
>0:39.91,115.84;39.8,115.84;
#365:
>0:40.02,116.47;39.95,116.5;39.87,116.55;
#366:
>0:40.13,116.58;40.09,116.45;40.1,116.13;
#367:
>0:40.11,116.06;40.1,115.89;
#368:
>0:39.94,116.14;40.05,116.19;40.01,115.91;
#369:
>0:40.04,116.3;40.05,116.42;
#370:
>0:39.82,116.56;39.88,116.33;39.92,116.23;39.97,116.05;39.93,115.79;
#371:
>0:39.88,115.79;39.79,116.05;39.81,116.25;
#372:
>0:39.83,116.68;39.89,116.64;39.94,116.57;39.98,116.25;40.03,116.19;40.03,115.95;
#373:
>0:39.99,116.01;39.92,115.93;39.79,116.08;39.67,116.02;
#374:
>0:40.0,116.45;40.03,116.43;40.0,116.46;
#375:
>0:39.91,116.16;39.97,116.41;40.06,116.42;39.95,116.66;
#376:
>0:39.7,116.1;39.76,116.0;39.88,115.97;
#377:
>0:39.8,116.45;39.85,116.16;39.99,116.0;39.92,115.86;
#378:
>0:39.85,116.57;39.78,116.33;39.69,116.3;39.79,116.12;
#379:
>0:39.92,116.44;40.01,116.4;
#380:
>0:39.74,115.9;39.8,115.82;39.75,116.07;39.84,116.41;
#381:
>0:40.05,116.68;40.05,116.76;
#382:
>0:39.98,116.35;40.04,116.32;
#383:
>0:40.07,116.68;39.97,116.56;40.02,116.42;40.05,116.34;39.92,116.06;
#384:
>0:40.12,116.59;40.08,116.35;40.0,116.3;39.88,116.11;
#385:
>0:40.01,116.46;39.98,116.42;
#386:
>0:39.88,116.79;39.89,116.61;39.69,116.62;
#387:
>0:40.15,115.8;40.08,116.01;40.04,116.25;40.07,116.31;39.99,116.48;39.9,116.77;
#388:
>0:39.99,116.44;40.0,116.47;
#389:
>0:39.97,116.26;40.03,116.35;39.82,116.4;
#390:
>0:40.06,115.84;40.04,115.84;
#391:
>0:40.02,116.44;39.93,116.22;
#392:
>0:40.12,116.41;40.01,116.41;39.93,116.49;39.88,116.61;39.76,116.74;
#393:
>0:40.02,116.38;39.86,116.42;39.9,116.15;39.81,115.89;
#394:
>0:39.89,116.42;39.77,116.43;39.88,116.69;
#395:
>0:39.93,116.73;39.87,116.51;39.98,116.47;39.93,116.17;39.97,116.07;
