#0:
>0:39.95,115.82;39.87,115.97;39.8,116.24;39.8,116.32;39.68,116.48;
#1:
>0:39.96,115.85;39.98,116.07;39.85,116.27;39.81,116.36;39.95,116.5;
#2:
>0:40.02,116.36;39.98,116.25;39.9,116.1;39.79,115.8;39.7,115.95;
#3:
>0:39.81,116.46;39.76,116.5;39.87,116.57;40.0,116.17;
#4:
>0:40.01,116.37;40.02,116.4;
#5:
>0:39.86,115.92;39.94,115.93;
#6:
>0:40.06,116.03;39.98,116.23;
#7:
>0:39.78,115.99;39.82,116.29;39.79,116.4;39.82,116.56;39.88,116.66;
#8:
>0:40.06,116.46;40.04,116.44;
#9:
>0:39.96,116.25;39.89,116.25;
#10:
>0:40.08,116.63;40.05,116.71;
#11:
>0:40.04,116.4;40.02,116.39;39.93,116.23;39.86,115.93;
#12:
>0:40.05,116.47;39.94,116.64;40.16,116.46;
#13:
>0:39.75,116.18;39.81,116.0;
#14:
>0:40.1,116.01;40.1,116.25;39.98,116.13;
#15:
>0:39.85,116.68;39.84,116.55;40.02,116.46;39.87,116.45;39.97,116.07;
#16:
>0:40.16,116.54;40.06,116.69;
#17:
>0:40.03,116.58;40.12,116.32;40.11,116.18;40.07,116.18;40.16,115.79;
#18:
>0:39.84,116.4;39.9,116.39;39.94,116.27;40.0,115.78;
#19:
>0:39.91,116.64;40.02,116.36;39.86,116.38;39.93,116.09;
#20:
>0:39.74,116.21;39.79,116.01;39.85,115.85;39.94,115.87;40.05,115.87;
#21:
>0:40.07,116.51;40.02,116.46;
#22:
>0:39.95,116.34;39.86,116.29;39.94,116.22;39.76,115.87;
#23:
>0:39.77,116.41;39.78,116.21;39.75,115.95;39.82,115.79;
#24:
>0:39.98,116.35;40.04,116.49;40.05,116.5;
#25:
>0:39.81,116.52;39.84,116.34;39.88,116.29;39.94,116.24;40.1,115.87;
#26:
>0:40.14,116.16;40.07,116.48;40.04,116.35;39.87,115.98;
#27:
>0:39.71,116.19;39.76,116.1;39.83,115.81;
#28:
>0:40.16,115.86;40.16,116.06;40.09,116.25;40.04,116.45;39.91,116.63;
#29:
>0:39.69,115.84;39.78,116.03;39.93,116.39;39.99,116.14;40.03,116.35;
#30:
>0:39.93,116.77;40.07,116.81;
#31:
>0:39.99,116.2;40.09,116.44;40.07,116.57;40.01,116.74;
#32:
>0:39.7,116.49;39.77,116.67;39.92,116.61;
#33:
>0:40.12,116.8;40.02,116.56;40.0,116.42;39.87,116.37;39.77,116.5;
#34:
>0:39.79,116.38;39.73,116.48;39.71,116.78;
#35:
>0:39.97,116.05;39.96,116.19;
#36:
>0:40.13,116.06;40.08,115.85;39.99,115.8;39.88,115.8;39.82,115.83;39.72,115.85;
#37:
>0:40.03,116.28;40.03,116.48;40.08,116.62;
#38:
>0:40.11,116.41;40.01,116.44;
#39:
>0:39.86,116.12;39.77,116.21;39.73,116.43;39.78,116.62;
#40:
>0:39.82,116.31;39.79,116.55;39.71,116.81;
#41:
>0:40.11,116.08;40.04,116.07;
#42:
>0:40.01,116.35;39.99,116.46;
#43:
>0:39.88,116.46;39.92,116.38;39.98,116.13;40.0,115.81;
#44:
>0:39.84,116.0;39.77,116.23;39.81,116.41;39.76,116.58;40.0,116.74;
#45:
>0:40.05,116.47;40.0,116.31;
#46:
>0:39.89,116.1;39.93,116.24;40.02,116.19;40.04,116.61;
#47:
>0:39.96,116.26;39.86,116.44;
#48:
>0:39.75,116.43;39.91,116.48;39.88,116.75;
#49:
>0:39.92,115.79;39.92,115.96;39.96,116.15;39.85,116.39;
#50:
>0:39.77,116.07;39.89,116.0;
#51:
>0:40.14,116.75;40.07,116.73;
#52:
>0:39.86,116.12;39.86,115.82;40.06,115.94;
#53:
>0:40.14,116.3;40.13,116.3;39.99,116.3;
#54:
>0:39.9,116.42;39.83,116.2;39.77,116.39;
#55:
>0:40.01,116.47;40.1,116.42;40.09,116.46;
#56:
>0:39.83,116.21;39.9,116.03;39.95,116.0;39.94,116.18;40.15,115.91;
#57:
>0:40.02,116.36;40.04,116.44;
#58:
>0:39.78,115.8;39.91,116.06;
#59:
>0:39.74,116.82;39.77,116.5;39.91,116.63;40.03,116.47;39.97,116.25;39.93,115.83;
#60:
>0:40.07,116.2;40.13,116.06;40.12,116.46;
#61:
>0:40.02,116.58;40.02,116.8;
#62:
>0:39.98,115.85;39.88,116.12;39.79,116.08;
#63:
>0:39.71,115.81;39.77,116.0;39.86,116.26;
#64:
>0:40.12,116.38;40.01,116.51;40.01,116.69;
#65:
>0:39.96,116.74;40.05,116.55;40.16,116.38;40.16,116.16;40.06,116.12;40.16,115.89;
#66:
>0:40.09,116.73;40.04,116.61;40.16,116.33;40.02,116.23;
#67:
>0:39.92,116.7;40.04,116.5;40.14,116.53;39.96,116.21;
#68:
>0:39.7,116.28;39.77,116.05;39.83,115.84;
#69:
>0:40.03,116.27;40.06,116.37;40.01,116.47;39.88,116.28;39.78,116.45;
#70:
>0:39.67,116.67;39.75,116.53;39.88,116.56;40.05,116.35;39.98,116.02;
#71:
>0:39.96,116.78;40.0,116.64;
#72:
>0:40.09,115.89;40.01,115.93;40.11,116.01;39.9,116.41;
#73:
>0:39.97,116.79;39.99,116.53;
#74:
>0:40.02,116.39;40.03,116.49;40.03,116.38;
#75:
>0:39.78,116.4;39.83,116.24;
#76:
>0:40.04,116.47;39.97,116.34;40.05,116.45;
#77:
>0:39.96,116.67;40.01,116.71;
#78:
>0:40.02,116.39;39.94,116.24;40.11,116.0;40.06,115.95;
#79:
>0:39.93,116.39;40.02,116.32;
#80:
>0:39.85,116.72;39.89,116.64;39.99,116.44;40.12,116.13;
#81:
>0:40.01,116.73;39.99,116.63;39.84,116.33;39.79,116.16;39.7,116.14;39.74,115.85;
#82:
>0:40.1,116.31;40.07,116.59;
#83:
>0:39.84,116.62;39.98,116.47;40.02,116.58;
#84:
>0:39.98,116.41;40.05,116.36;
#85:
>0:39.83,116.77;39.8,116.57;39.85,116.53;40.07,116.57;
#86:
>0:40.01,116.55;39.95,116.35;39.86,116.31;39.99,115.97;
#87:
>0:40.12,116.46;40.06,116.42;
#88:
>0:39.92,116.28;40.02,116.3;39.85,116.61;39.79,116.71;
#89:
>0:39.98,116.39;40.07,116.46;40.12,116.43;
#90:
>0:40.09,116.49;39.99,116.31;
#91:
>0:39.67,115.91;39.78,115.99;39.83,116.2;39.78,116.41;39.99,116.53;
#92:
>0:39.91,116.81;39.86,116.74;
#93:
>0:39.86,116.4;39.96,116.22;40.08,116.03;40.14,116.26;
#94:
>0:39.86,116.35;39.94,116.41;39.76,116.45;
#95:
>0:40.13,116.1;40.11,116.26;39.94,116.23;
#96:
>0:39.9,116.34;39.9,116.6;39.99,116.53;40.15,116.45;
#97:
>0:39.96,116.18;40.06,116.17;
#98:
>0:39.7,116.07;39.74,115.89;39.81,115.96;39.99,116.21;
#99:
>0:39.71,116.14;39.81,116.16;39.81,116.45;39.89,116.48;40.0,116.24;
#100:
>0:39.73,115.78;39.81,115.9;39.9,115.89;39.97,115.79;40.04,115.89;
#101:
>0:39.76,116.7;39.84,116.75;
#102:
>0:40.1,116.66;40.05,116.59;40.16,116.44;40.01,116.3;
#103:
>0:39.68,116.12;39.75,115.88;
#104:
>0:39.97,116.43;39.89,116.45;39.88,116.26;39.75,116.33;
#105:
>0:39.75,116.09;39.76,115.96;
#106:
>0:39.95,116.22;40.02,116.37;40.06,116.42;39.96,116.77;
#107:
>0:40.1,116.45;40.02,116.43;
#108:
>0:40.06,116.45;40.08,116.5;
#109:
>0:39.95,116.12;40.04,116.29;40.02,116.42;40.13,116.52;
#110:
>0:39.94,115.79;40.05,115.84;39.9,116.27;
#111:
>0:39.72,115.81;39.73,116.02;39.7,116.13;39.72,116.4;39.67,116.63;39.73,116.8;
#112:
>0:39.98,116.41;39.96,116.33;39.75,115.95;
#113:
>0:40.0,116.42;40.02,116.49;40.05,116.44;
#114:
>0:40.05,116.14;39.93,116.26;39.88,116.54;
#115:
>0:40.07,116.78;40.15,116.48;40.03,116.63;39.99,116.45;40.04,116.16;
#116:
>0:39.97,116.26;39.9,116.3;39.79,116.53;39.72,116.65;
#117:
>0:39.88,116.35;40.06,116.38;
#118:
>0:40.1,116.08;40.12,116.29;40.04,116.41;
#119:
>0:39.89,116.31;39.94,116.48;40.06,116.71;
#120:
>0:40.06,116.55;39.99,116.41;40.05,116.25;39.96,116.12;
#121:
>0:39.86,116.38;39.86,116.38;39.86,116.1;
#122:
>0:40.03,116.63;40.0,116.37;39.89,116.33;39.82,116.6;
#123:
>0:39.7,115.9;39.77,116.02;39.88,116.31;39.92,116.3;40.05,116.47;40.16,116.58;
#124:
>0:39.71,116.09;39.78,115.81;39.92,115.94;39.94,115.9;
#125:
>0:40.1,116.06;40.01,115.91;39.95,115.95;39.88,115.93;39.76,115.94;39.71,115.85;
#126:
>0:39.67,115.88;39.76,116.07;39.83,116.34;39.98,116.29;40.07,116.4;
#127:
>0:39.84,116.44;40.05,116.31;40.06,116.22;40.06,115.83;
#128:
>0:39.89,116.35;39.89,116.61;39.95,116.57;40.16,116.54;
#129:
>0:40.15,116.73;40.02,116.51;40.05,116.48;39.95,116.39;39.82,116.25;
#130:
>0:39.76,115.96;39.69,116.12;
#131:
>0:39.94,116.67;40.02,116.81;
#132:
>0:39.74,115.84;39.79,116.02;39.95,116.34;39.85,116.35;40.0,116.44;40.11,116.35;
#133:
>0:40.02,116.36;40.03,116.36;
#134:
>0:39.99,116.5;39.93,116.32;
#135:
>0:39.89,116.4;39.97,116.39;39.86,116.06;
#136:
>0:39.89,116.37;40.02,116.33;40.02,116.17;
#137:
>0:39.76,116.42;39.83,116.6;39.96,116.61;
#138:
>0:40.15,116.49;40.09,116.53;
#139:
>0:40.05,115.78;39.99,115.96;40.07,116.22;40.07,116.46;39.88,116.61;
#140:
>0:40.02,116.35;40.02,116.37;40.05,116.35;40.06,116.36;40.05,116.42;
#141:
>0:39.76,116.75;39.79,116.5;39.9,116.6;40.05,116.62;
#142:
>0:39.81,116.36;39.82,116.28;
#143:
>0:39.95,116.27;40.04,116.37;40.14,116.54;39.99,116.66;
#144:
>0:39.92,116.23;40.01,116.39;40.11,116.17;
#145:
>0:39.95,116.52;40.03,116.51;40.06,116.4;39.92,116.27;40.07,115.92;
#146:
>0:39.79,116.33;39.82,116.5;39.77,116.78;39.86,116.48;40.03,116.23;
#147:
>0:39.94,116.2;39.89,116.04;
#148:
>0:39.8,116.59;39.91,116.6;39.93,116.38;39.97,116.19;39.92,115.83;
#149:
>0:39.94,115.95;39.96,115.97;39.91,116.39;39.83,116.44;39.88,116.48;
#150:
>0:40.04,115.86;39.96,115.96;39.89,116.31;39.83,116.41;39.71,116.49;
#151:
>0:39.79,116.35;39.71,116.29;
#152:
>0:39.97,116.42;40.04,116.38;
#153:
>0:39.77,116.0;39.96,116.33;39.96,116.04;40.0,116.21;40.11,116.57;
#154:
>0:39.82,116.26;39.83,116.3;39.79,116.59;39.92,116.65;
#155:
>0:39.77,116.0;39.91,116.39;39.9,116.43;40.03,116.59;
#156:
>0:39.93,116.81;40.04,116.77;
#157:
>0:39.95,116.55;40.04,116.64;40.02,116.25;
#158:
>0:39.78,116.69;39.85,116.55;39.95,116.48;40.04,116.35;39.97,116.14;39.76,115.94;
#159:
>0:39.95,116.65;39.86,116.63;
#160:
>0:39.74,116.74;39.76,116.66;
#161:
>0:39.89,116.12;39.91,115.88;
#162:
>0:40.1,116.11;39.99,116.02;39.84,116.11;
#163:
>0:40.14,116.73;40.02,116.61;40.01,116.39;39.85,116.41;
#164:
>0:39.75,116.05;39.74,115.88;
#165:
>0:39.77,116.61;39.79,116.68;
#166:
>0:39.7,116.01;39.82,116.02;
#167:
>0:40.05,116.73;39.93,116.6;
#168:
>0:39.75,116.23;39.78,116.05;39.89,115.94;39.93,115.79;40.02,115.89;40.11,115.86;
#169:
>0:39.85,116.44;39.88,116.37;39.9,116.06;
#170:
>0:39.95,115.78;39.96,116.11;39.9,116.32;39.81,116.45;39.9,116.57;
#171:
>0:39.71,116.76;39.78,116.63;39.86,116.48;40.05,116.41;39.98,116.29;39.82,115.81;
#172:
>0:40.09,116.08;40.13,116.03;40.08,116.2;39.95,116.57;
#173:
>0:39.97,115.94;39.86,115.99;39.81,116.28;39.76,116.39;39.79,116.49;
#174:
>0:40.12,115.86;40.05,115.85;
#175:
>0:40.05,116.59;40.16,116.8;
#176:
>0:39.99,116.33;39.96,116.5;
#177:
>0:39.97,116.39;39.95,116.21;40.06,116.11;40.14,116.17;
#178:
>0:40.07,116.39;39.93,116.5;
#179:
>0:40.15,115.98;40.11,115.87;40.05,115.86;39.93,116.1;39.83,115.93;
#180:
>0:39.71,116.19;39.82,115.99;39.77,115.82;
#181:
>0:39.79,116.15;39.86,116.42;
#182:
>0:40.16,116.65;40.06,116.49;40.11,116.3;40.04,116.13;
#183:
>0:39.97,116.33;40.06,116.33;
#184:
>0:39.79,116.14;39.91,116.35;
#185:
>0:39.77,116.36;39.79,116.55;39.91,116.8;
#186:
>0:39.98,116.41;40.02,116.4;40.02,116.38;40.03,116.37;40.02,116.38;
#187:
>0:40.04,115.87;39.97,116.09;39.91,116.29;39.75,116.33;39.84,116.48;39.89,116.77;
#188:
>0:39.97,116.18;39.85,116.03;
#189:
>0:39.76,116.12;39.94,116.32;40.06,116.45;40.01,116.48;40.06,116.77;
#190:
>0:39.77,116.53;39.82,116.64;
#191:
>0:39.71,115.99;39.76,115.85;39.9,115.88;39.97,115.82;
#192:
>0:39.67,116.24;39.72,116.41;39.77,116.6;39.95,116.65;
#193:
>0:40.05,116.41;39.97,116.41;40.03,116.37;
#194:
>0:40.13,116.73;40.04,116.56;39.98,116.32;39.95,116.27;39.77,116.57;
#195:
>0:39.7,116.26;39.76,115.96;39.91,115.79;39.94,115.79;40.04,115.93;
#196:
>0:39.74,116.59;39.75,116.34;39.79,116.55;39.89,116.63;39.98,116.57;40.16,116.47;
#197:
>0:40.08,116.74;40.03,116.55;40.05,116.44;
#198:
>0:39.99,115.92;39.93,116.01;39.94,116.25;40.08,116.55;
#199:
>0:39.9,116.74;39.9,116.62;39.97,116.32;39.92,116.23;40.11,116.01;
#200:
>0:39.73,116.75;39.8,116.55;39.86,116.49;39.98,116.43;40.11,116.1;
#201:
>0:39.89,116.5;39.92,116.62;40.04,116.53;40.12,116.25;
#202:
>0:39.84,116.55;39.91,116.73;
#203:
>0:39.79,115.98;39.84,116.41;40.01,116.53;40.06,116.54;40.0,116.71;
#204:
>0:39.95,115.78;39.92,116.03;39.97,116.28;40.07,116.42;40.02,116.58;40.04,116.77;
#205:
>0:39.92,116.25;39.77,116.36;39.82,116.52;
#206:
>0:39.84,115.85;39.79,115.98;
#207:
>0:39.93,116.34;39.93,115.97;39.83,115.9;
#208:
>0:39.82,116.48;39.82,116.58;39.79,116.68;39.87,116.62;39.93,116.58;40.11,116.77;
#209:
>0:39.99,116.17;39.91,116.06;
#210:
>0:40.0,116.23;40.03,116.34;
#211:
>0:40.1,116.04;40.16,116.18;40.0,116.35;40.09,116.57;
#212:
>0:39.88,116.06;39.77,116.29;39.77,116.35;39.7,116.62;
#213:
>0:39.98,116.38;39.99,116.16;40.02,116.45;
#214:
>0:39.87,116.35;39.9,116.36;39.91,116.53;39.8,116.74;
#215:
>0:39.94,116.21;39.98,116.3;39.84,116.43;39.73,116.13;
#216:
>0:39.79,116.24;39.89,116.05;39.96,115.8;
#217:
>0:39.99,116.39;40.01,116.38;
#218:
>0:39.75,116.13;39.82,116.22;39.75,116.39;39.87,116.54;39.94,116.74;40.13,116.69;
#219:
>0:39.77,116.8;39.87,116.54;40.02,116.46;39.92,116.17;39.85,115.98;39.77,115.79;
#220:
>0:39.72,116.27;39.75,116.02;39.76,115.91;
#221:
>0:39.8,115.82;39.87,115.99;
#222:
>0:39.91,116.43;39.85,116.37;
#223:
>0:40.12,116.68;40.07,116.79;40.13,116.53;40.07,116.35;39.9,116.09;
#224:
>0:39.9,116.4;39.93,116.6;40.02,116.66;
#225:
>0:40.12,116.11;40.13,116.04;40.1,116.25;40.1,116.57;
#226:
>0:40.03,116.54;40.0,116.34;39.96,116.14;39.83,116.25;
#227:
>0:39.75,116.41;39.72,116.24;39.7,116.09;
#228:
>0:40.09,116.75;40.01,116.53;40.05,116.31;39.84,116.36;39.76,116.54;
#229:
>0:39.99,116.39;40.01,116.36;
#230:
>0:40.16,116.44;40.06,116.45;
#231:
>0:39.96,116.18;39.84,116.45;
#232:
>0:40.12,116.45;40.09,116.49;40.08,116.55;39.9,116.45;
#233:
>0:39.96,116.42;39.99,116.49;
#234:
>0:40.01,116.3;40.03,116.33;
#235:
>0:39.73,116.13;39.67,116.11;
#236:
>0:39.99,116.08;40.0,116.29;40.14,116.08;
#237:
>0:39.9,116.56;40.02,116.39;39.9,116.42;39.97,115.95;
#238:
>0:40.12,116.0;39.94,115.98;39.87,116.32;39.81,116.45;39.77,116.81;
#239:
>0:39.85,116.06;39.81,116.16;39.71,116.42;39.73,116.67;
#240:
>0:39.67,116.1;39.83,115.96;
#241:
>0:39.82,116.44;39.74,116.51;39.75,116.75;
#242:
>0:40.08,115.88;40.09,116.03;
#243:
>0:39.68,116.08;39.74,115.85;39.83,116.1;39.93,116.25;
#244:
>0:39.95,116.28;39.81,116.36;
#245:
>0:39.87,116.81;39.78,116.58;39.9,116.56;40.03,116.31;39.88,116.01;
#246:
>0:40.15,116.22;40.05,116.39;39.98,116.42;39.88,116.0;
#247:
>0:40.09,116.02;40.13,115.79;40.08,115.86;39.96,115.99;39.83,115.81;
#248:
>0:39.76,116.21;39.78,115.98;39.81,115.82;
#249:
>0:40.09,116.32;40.09,116.27;39.96,116.21;
#250:
>0:39.71,116.2;39.78,116.0;39.94,116.29;39.96,116.21;40.05,116.07;
#251:
>0:40.05,116.48;40.04,116.41;
#252:
>0:39.93,116.41;39.99,116.34;
#253:
>0:39.68,115.79;39.76,116.03;39.68,116.09;39.81,116.21;39.79,116.32;39.85,116.74;
#254:
>0:40.1,116.06;40.08,116.21;40.09,116.37;40.13,116.54;39.95,116.74;
#255:
>0:40.0,115.81;39.97,115.99;39.88,116.24;39.77,116.41;39.78,116.63;39.87,116.68;
#256:
>0:40.05,115.83;39.94,116.0;39.94,116.35;39.79,116.32;39.73,116.41;
#257:
>0:39.74,115.91;39.77,116.0;39.85,116.08;
#258:
>0:40.04,116.45;40.09,116.39;40.02,116.39;
#259:
>0:40.04,116.35;39.99,116.23;39.89,116.1;39.75,115.92;
#260:
>0:39.99,115.9;39.96,116.0;39.89,116.39;39.8,116.46;39.84,116.63;
#261:
>0:40.04,116.5;40.06,116.32;
#262:
>0:39.79,116.55;39.74,116.55;
#263:
>0:39.74,116.45;39.73,116.15;39.68,116.01;39.72,115.92;
#264:
>0:40.07,116.32;40.07,116.5;
#265:
>0:39.88,116.43;39.89,116.27;39.73,116.38;
#266:
>0:39.8,116.37;39.73,116.49;39.7,116.66;
#267:
>0:40.1,116.78;40.05,116.56;39.97,116.47;39.88,116.44;
#268:
>0:39.72,116.09;39.83,116.17;39.83,116.42;39.86,116.49;39.96,116.53;40.13,116.62;
#269:
>0:39.96,116.57;40.02,116.4;
#270:
>0:40.05,116.12;39.97,115.88;39.86,115.97;
#271:
>0:39.71,116.54;39.76,116.37;39.9,116.29;39.97,116.05;
#272:
>0:40.11,115.79;40.05,115.94;39.94,115.93;
#273:
>0:39.77,116.32;39.78,116.65;39.73,116.77;
#274:
>0:39.83,116.1;39.83,116.17;39.74,116.45;
#275:
>0:39.98,116.3;40.0,116.31;40.1,116.43;
#276:
>0:40.03,116.44;40.07,116.41;40.14,116.37;
#277:
>0:39.95,115.83;40.04,115.94;40.1,115.87;
#278:
>0:40.11,115.99;40.14,116.23;40.01,116.38;40.05,116.62;
#279:
>0:39.88,116.76;39.81,116.61;39.74,116.6;
#280:
>0:40.07,116.41;40.11,116.42;
#281:
>0:39.84,116.68;39.94,116.47;
#282:
>0:39.85,115.78;39.93,115.84;
#283:
>0:40.11,116.29;40.04,116.28;40.0,116.14;39.85,116.54;
#284:
>0:40.11,116.32;40.0,116.47;
#285:
>0:39.93,115.85;39.96,115.95;39.95,116.22;39.89,116.38;
#286:
>0:39.68,116.81;39.74,116.56;
#287:
>0:39.98,116.1;39.94,116.11;
#288:
>0:40.13,116.81;40.07,116.63;40.15,116.32;40.04,116.26;
#289:
>0:40.08,116.5;40.02,116.39;
#290:
>0:39.68,116.15;39.81,116.22;39.81,116.44;39.92,116.58;39.94,116.47;40.1,116.74;
#291:
>0:39.84,116.47;39.87,116.6;
#292:
>0:39.9,115.9;39.94,116.12;39.97,116.18;40.06,116.34;40.01,116.63;40.07,116.66;
#293:
>0:39.69,115.87;39.81,115.98;39.89,116.4;39.97,116.22;40.04,116.33;
#294:
>0:40.08,116.07;39.99,116.17;39.91,116.38;39.79,116.56;39.74,116.6;
#295:
>0:40.04,116.39;40.05,116.29;40.1,116.32;
#296:
>0:40.13,116.03;40.09,116.22;
#297:
>0:39.92,116.03;39.8,116.19;
#298:
>0:39.93,116.68;39.87,116.51;
#299:
>0:40.13,116.68;40.02,116.53;39.93,116.48;39.86,116.79;39.83,116.63;
#300:
>0:39.99,116.03;39.85,116.38;
#301:
>0:39.92,115.93;39.94,116.02;40.05,116.13;40.03,116.4;40.02,116.5;40.05,116.81;
#302:
>0:39.86,116.56;39.94,116.52;40.03,116.47;40.1,116.54;
#303:
>0:39.84,116.7;39.96,116.76;
#304:
>0:39.85,116.31;40.01,116.48;
#305:
>0:39.94,115.81;39.86,116.09;
#306:
>0:39.95,116.24;40.05,116.39;39.83,116.34;39.74,116.17;
#307:
>0:39.91,116.64;39.98,116.33;39.93,116.24;39.97,115.96;
#308:
>0:39.99,115.79;39.88,115.96;39.75,116.0;
#309:
>0:39.98,116.29;40.04,116.49;40.0,116.5;40.13,116.74;
#310:
>0:39.93,116.31;40.0,116.36;
#311:
>0:39.94,116.19;39.85,116.37;39.79,116.5;39.71,116.71;
#312:
>0:40.1,116.43;40.14,116.27;40.05,116.43;39.92,116.51;39.81,116.55;
#313:
>0:39.79,116.0;39.95,116.29;39.98,116.45;40.03,116.6;40.04,116.65;
#314:
>0:40.09,115.78;40.14,115.98;
#315:
>0:40.01,116.32;39.94,116.38;
#316:
>0:40.04,116.6;39.96,116.41;39.89,116.27;
#317:
>0:39.79,116.0;39.96,116.26;39.86,116.36;40.06,116.51;
#318:
>0:39.84,116.81;39.84,116.55;39.94,116.62;40.14,116.81;
#319:
>0:39.93,115.85;40.02,115.84;
#320:
>0:39.79,116.03;39.91,116.33;39.92,116.14;40.04,116.56;
#321:
>0:40.03,115.8;40.06,115.91;
#322:
>0:40.04,116.42;39.89,116.27;39.99,116.06;39.75,115.84;
#323:
>0:39.74,116.22;39.77,116.24;39.82,116.33;39.97,116.78;
#324:
>0:40.0,116.3;39.99,116.6;
#325:
>0:39.82,116.41;39.86,116.57;39.98,116.25;
#326:
>0:39.69,116.13;39.83,116.08;39.83,115.93;
#327:
>0:39.67,116.14;39.78,115.97;39.84,115.78;39.99,115.99;40.01,116.27;40.08,115.92;
#328:
>0:40.02,116.14;40.03,116.5;40.05,116.62;
#329:
>0:40.09,116.34;39.92,116.59;40.15,116.69;
#330:
>0:40.01,116.48;40.09,116.44;40.13,116.14;40.11,115.99;40.13,115.8;
#331:
>0:39.86,116.66;39.81,116.54;39.77,116.58;
#332:
>0:40.06,116.66;40.07,116.5;
#333:
>0:39.79,116.65;39.88,116.55;39.92,116.5;40.02,116.39;40.09,116.24;40.14,115.83;
#334:
>0:39.82,116.46;39.81,116.47;
#335:
>0:39.96,116.4;39.87,115.99;
#336:
>0:39.7,116.01;39.67,115.86;
#337:
>0:39.76,116.43;39.76,116.63;39.94,116.52;
#338:
>0:40.02,116.36;40.05,116.36;40.15,116.46;
#339:
>0:39.79,116.06;39.84,115.82;39.98,115.89;
#340:
>0:39.97,116.49;39.95,116.15;39.91,116.46;
#341:
>0:40.01,115.93;40.06,115.81;
#342:
>0:39.68,116.62;39.79,116.36;39.81,116.6;39.87,116.6;39.97,116.8;40.12,116.52;
#343:
>0:40.13,115.94;40.08,115.8;40.07,116.08;39.91,116.33;
#344:
>0:39.82,116.44;39.8,116.57;39.85,116.64;
#345:
>0:39.88,116.77;39.78,116.53;39.79,116.46;39.82,116.16;
#346:
>0:39.91,116.05;39.78,116.19;39.74,116.44;39.77,116.69;
#347:
>0:39.79,116.46;39.73,116.15;
#348:
>0:40.03,116.42;40.03,116.51;
#349:
>0:39.76,116.5;39.69,116.57;
#350:
>0:39.77,116.26;39.85,115.97;39.97,116.23;40.09,116.09;40.1,115.87;
#351:
>0:39.85,116.68;39.87,116.6;40.05,116.44;
#352:
>0:39.82,116.08;39.91,115.9;39.92,115.89;
#353:
>0:39.98,116.28;40.03,116.43;40.0,116.56;40.06,116.79;
#354:
>0:39.89,116.38;39.87,116.1;
#355:
>0:40.09,116.09;40.11,116.22;40.01,116.32;40.14,116.54;39.96,116.73;
#356:
>0:39.99,116.41;40.05,116.41;
#357:
>0:39.8,115.99;39.74,116.14;39.8,116.38;39.74,116.71;
#358:
>0:40.08,116.1;40.13,116.18;39.98,116.46;
#359:
>0:40.14,116.65;40.07,116.75;
#360:
>0:39.79,116.09;39.77,116.02;
#361:
>0:39.96,116.08;39.95,116.15;
#362:
>0:40.05,116.37;40.02,116.15;
#363:
>0:39.79,116.72;39.81,116.31;
#364:
>0:39.79,116.11;39.84,116.4;39.88,116.3;40.0,116.53;
#365:
>0:39.98,116.2;39.87,115.99;
#366:
>0:40.09,116.18;39.95,116.06;39.93,116.24;39.82,116.34;39.78,116.71;
#367:
>0:40.02,116.34;40.01,116.42;
#368:
>0:40.05,116.39;40.01,116.48;39.98,116.3;
#369:
>0:39.7,116.14;39.79,116.47;39.86,116.53;
#370:
>0:39.94,116.18;39.86,116.42;
#371:
>0:39.79,116.58;39.91,116.6;40.01,116.3;39.96,116.28;39.88,115.81;
#372:
>0:39.89,116.65;39.89,116.6;39.73,116.36;
#373:
>0:39.97,116.44;40.0,116.27;40.09,116.11;39.99,115.92;39.94,115.97;39.98,116.14;40.05,116.44;40.05,116.46;
#374:
>0:39.92,116.36;39.99,116.25;40.01,116.37;40.09,116.27;
#375:
>0:39.99,116.65;40.07,116.54;39.97,116.34;39.94,116.34;
#376:
>0:39.89,116.54;39.99,116.34;40.02,116.61;
#377:
>0:39.8,116.08;39.97,116.32;39.91,116.34;40.07,116.48;
#378:
>0:39.81,116.64;39.68,116.49;
#379:
>0:39.91,116.52;39.91,116.66;
#380:
>0:40.13,116.47;40.09,116.14;40.04,116.51;39.9,116.78;
#381:
>0:39.77,116.23;39.79,116.03;39.79,115.91;
#382:
>0:40.01,116.37;40.02,116.44;
#383:
>0:40.02,116.34;40.06,116.41;40.04,116.41;40.1,116.46;39.99,116.33;40.07,116.46;40.05,116.3;40.03,116.49;39.99,116.31;39.9,116.31;40.0,116.43;
#384:
>0:39.9,116.28;39.99,116.26;
#385:
>0:39.71,116.29;39.79,116.2;39.8,116.33;39.8,116.68;
#386:
>0:39.87,116.44;40.05,116.32;
#387:
>0:39.92,115.94;39.97,116.11;39.93,116.23;40.03,116.33;39.93,116.57;
#388:
>0:40.16,116.73;40.05,116.55;39.99,116.59;39.85,116.8;39.79,116.56;
#389:
>0:39.99,116.48;39.84,116.57;39.8,116.63;39.75,116.64;
#390:
>0:40.06,116.44;40.04,116.44;
#391:
>0:39.86,116.71;39.83,116.72;39.83,116.63;39.82,116.38;39.71,116.23;39.73,115.88;
#392:
>0:39.74,116.24;39.82,116.25;39.76,116.36;39.97,116.8;
#393:
>0:40.12,116.05;40.15,116.23;40.05,116.4;40.1,116.62;39.93,116.67;
#394:
>0:39.78,116.69;39.75,116.52;39.92,116.64;39.96,116.71;40.14,116.3;
#395:
>0:40.13,115.78;40.13,116.01;
