#0:
>0:40.02,116.35;39.92,116.42;
#1:
>0:39.97,116.37;40.01,116.36;
#2:
>0:39.96,116.42;40.07,116.4;
#3:
>0:39.96,116.38;39.9,116.3;
#4:
>0:39.97,116.34;39.98,116.23;39.96,116.09;
#5:
>0:39.68,116.06;39.83,116.28;39.85,116.03;39.85,116.27;39.94,116.33;40.1,116.34;
#6:
>0:40.04,116.37;39.93,116.45;
#7:
>0:39.99,116.36;39.88,116.37;
#8:
>0:39.99,116.33;40.06,116.47;
#9:
>0:39.92,116.01;39.93,116.21;39.99,116.42;40.06,116.45;39.99,116.65;
#10:
>0:40.08,116.37;40.01,116.3;
#11:
>0:40.0,116.45;40.0,116.45;
#12:
>0:39.99,116.31;39.85,116.18;39.8,116.22;39.71,116.34;
#13:
>0:40.07,116.37;40.16,116.38;40.07,116.43;
#14:
>0:39.94,116.31;40.03,116.35;
#15:
>0:40.04,116.41;40.04,116.32;
#16:
>0:40.09,116.7;40.03,116.57;39.93,116.3;39.84,116.3;39.86,116.11;39.77,115.95;
#17:
>0:40.05,116.31;40.0,116.45;40.05,116.42;40.08,116.38;
#18:
>0:40.07,116.37;39.92,116.4;
#19:
>0:39.7,115.97;39.81,116.07;39.88,115.92;39.94,116.03;
#20:
>0:39.79,116.0;39.85,116.24;39.97,116.41;40.06,116.41;39.91,116.78;
#21:
>0:39.71,116.36;39.7,116.39;
#22:
>0:39.81,115.9;39.9,116.06;39.85,116.27;39.82,116.27;39.79,116.52;
#23:
>0:39.85,116.57;39.76,116.44;39.76,116.25;39.87,116.21;39.71,115.84;
#24:
>0:40.01,116.36;39.98,116.43;
#25:
>0:39.93,116.31;39.94,116.22;39.97,116.39;
#26:
>0:40.01,116.38;39.99,116.43;
#27:
>0:40.0,116.75;39.98,116.77;39.86,116.8;
#28:
>0:39.98,116.37;39.86,116.13;39.91,116.02;
#29:
>0:39.96,116.4;40.06,116.36;39.97,116.42;
#30:
>0:40.0,116.4;40.06,116.28;40.03,116.35;
#31:
>0:39.97,116.33;40.03,116.39;40.02,116.41;
#32:
>0:39.79,116.31;39.9,116.59;39.92,116.48;
#33:
>0:40.1,116.15;40.02,116.25;40.02,116.34;39.97,116.43;39.89,116.39;39.67,116.44;
#34:
>0:39.71,116.44;39.72,116.15;39.77,116.27;39.97,116.3;
#35:
>0:40.02,116.54;39.98,116.78;39.85,116.62;
#36:
>0:39.94,116.33;39.88,116.2;39.78,116.2;39.71,116.32;
#37:
>0:39.98,116.44;40.03,116.44;
#38:
>0:39.88,115.81;39.97,115.97;39.97,116.15;39.92,116.35;39.98,116.51;
#39:
>0:40.02,115.83;40.09,115.81;40.05,116.05;40.03,116.16;40.01,116.44;40.08,116.8;
#40:
>0:39.78,116.1;39.89,115.93;39.95,115.84;
#41:
>0:39.92,116.41;40.02,116.44;
#42:
>0:39.97,116.54;39.9,116.41;39.95,116.32;39.93,116.09;
#43:
>0:39.99,116.36;39.95,116.37;
#44:
>0:39.67,116.43;39.72,116.28;39.8,116.16;39.93,116.37;
#45:
>0:39.73,116.41;39.67,116.23;39.81,116.26;39.91,116.2;39.92,116.37;40.12,116.62;
#46:
>0:39.95,116.42;40.07,116.44;
#47:
>0:40.04,116.42;40.0,116.32;
#48:
>0:39.82,116.48;39.71,116.48;
#49:
>0:40.04,116.33;39.94,116.42;
#50:
>0:39.95,115.8;39.9,115.99;39.8,115.79;
#51:
>0:39.95,116.31;40.02,116.35;40.07,116.36;
#52:
>0:39.95,115.82;39.86,116.03;39.86,116.13;
#53:
>0:40.06,116.37;40.07,116.32;
#54:
>0:40.1,116.04;40.09,116.2;
#55:
>0:39.99,116.35;39.88,116.39;39.97,116.47;39.96,116.36;
#56:
>0:40.07,116.36;39.97,116.46;
#57:
>0:40.13,116.18;40.1,116.37;40.0,116.61;
#58:
>0:39.74,116.04;39.78,116.04;39.91,115.91;39.97,115.98;
#59:
>0:39.97,116.41;40.03,116.35;
#60:
>0:39.99,116.31;40.0,116.45;39.93,116.38;
#61:
>0:39.94,116.42;40.04,116.33;39.92,116.46;
#62:
>0:39.98,116.32;40.07,116.33;39.96,116.41;39.96,116.34;
#63:
>0:40.04,116.46;39.94,116.4;
#64:
>0:40.05,116.31;40.03,116.38;
#65:
>0:39.95,116.44;40.06,116.34;
#66:
>0:39.98,116.35;39.85,116.46;39.95,116.33;39.94,116.34;
#67:
>0:39.98,116.39;39.94,116.43;
#68:
>0:39.78,115.83;39.88,116.07;
#69:
>0:39.98,116.38;40.06,116.32;
#70:
>0:39.99,116.45;40.03,116.33;39.93,116.43;
#71:
>0:39.81,116.31;39.77,116.19;39.75,115.99;
#72:
>0:40.0,116.4;39.96,116.31;
#73:
>0:39.77,115.88;39.86,116.11;39.98,115.98;
#74:
>0:39.97,116.36;39.86,116.45;
#75:
>0:39.97,116.36;40.07,116.45;39.98,116.31;
#76:
>0:39.78,115.92;39.91,116.06;39.92,116.01;
#77:
>0:40.04,116.22;40.05,116.17;
#78:
>0:39.87,116.0;39.99,116.0;40.02,116.25;40.08,116.36;40.15,116.65;
#79:
>0:40.13,116.08;40.07,115.91;
#80:
>0:39.97,116.42;40.06,116.44;39.92,116.44;
#81:
>0:39.99,116.43;40.06,116.33;
#82:
>0:39.86,116.27;39.99,116.43;40.01,116.33;40.15,116.34;
#83:
>0:39.79,115.93;39.87,116.07;39.97,116.04;40.05,116.19;40.12,116.43;
#84:
>0:39.8,116.06;39.84,116.27;39.8,116.15;39.8,116.33;39.91,116.72;
#85:
>0:39.67,116.75;39.83,116.62;39.75,116.45;39.86,116.15;
#86:
>0:39.92,116.46;40.01,116.36;
#87:
>0:40.14,116.03;40.0,116.29;40.07,116.46;40.0,116.32;39.9,116.46;39.72,116.39;
#88:
>0:39.95,116.36;39.92,116.4;
#89:
>0:39.99,116.45;40.03,116.31;39.92,116.45;
#90:
>0:39.97,116.36;39.85,116.46;39.79,116.46;39.73,116.18;
#91:
>0:39.8,116.68;39.7,116.74;39.81,116.48;39.8,116.3;39.8,116.26;39.81,115.79;
#92:
>0:40.04,116.4;40.02,116.22;39.86,116.38;
#93:
>0:40.15,116.49;40.11,116.77;40.07,116.52;39.95,116.68;39.79,116.63;
#94:
>0:40.1,116.2;40.04,116.44;40.03,116.5;
#95:
>0:40.05,116.41;40.01,116.27;39.96,116.31;
#96:
>0:39.99,116.36;39.9,116.2;39.76,116.17;39.68,116.35;
#97:
>0:40.01,116.47;39.96,116.3;
#98:
>0:39.72,116.54;39.76,116.35;39.83,116.2;39.84,116.1;39.97,115.87;
#99:
>0:40.02,116.33;40.01,116.14;39.91,116.43;
#100:
>0:39.99,116.38;40.0,116.33;
#101:
>0:39.94,116.47;40.01,116.46;
#102:
>0:40.03,116.43;39.98,116.42;
#103:
>0:40.1,116.65;40.06,116.59;40.01,116.31;39.95,116.35;39.8,116.12;
#104:
>0:39.97,116.76;39.91,116.76;
#105:
>0:40.03,116.45;40.02,116.27;40.03,116.42;
#106:
>0:39.98,116.4;40.05,116.3;
#107:
>0:40.06,116.43;40.02,116.46;
#108:
>0:39.83,115.82;39.84,115.96;39.94,116.04;39.96,116.17;40.11,116.45;
#109:
>0:40.06,116.43;40.01,116.3;
#110:
>0:39.85,116.12;39.78,115.86;
#111:
>0:40.15,116.02;40.05,116.14;40.05,116.31;39.97,116.62;39.77,116.49;
#112:
>0:39.95,116.31;39.96,116.43;
#113:
>0:39.97,116.45;40.07,116.32;
#114:
>0:40.04,116.44;40.04,116.58;40.01,116.43;
#115:
>0:39.96,116.37;40.05,116.46;
#116:
>0:40.13,116.67;40.04,116.61;40.05,116.32;39.98,116.31;39.94,115.98;
#117:
>0:39.96,116.38;39.83,116.4;
#118:
>0:40.05,116.43;39.96,116.43;
#119:
>0:39.99,116.31;39.92,116.34;
#120:
>0:39.98,116.42;40.06,116.4;39.98,116.32;39.99,116.35;
#121:
>0:39.73,115.81;39.79,116.04;39.84,116.21;39.92,116.47;40.02,116.45;39.93,116.67;
#122:
>0:39.95,116.3;40.03,116.35;39.96,116.35;39.97,116.31;
#123:
>0:40.02,116.32;40.01,116.24;40.02,116.31;
#124:
>0:39.87,116.67;39.87,116.5;
#125:
>0:39.93,116.51;40.05,116.32;40.1,116.21;
#126:
>0:40.07,116.21;40.13,116.11;40.09,115.9;
#127:
>0:40.07,116.31;40.02,116.39;
#128:
>0:40.0,116.41;40.03,116.38;
#129:
>0:39.98,116.36;39.94,116.38;
#130:
>0:40.01,116.44;40.02,116.35;
#131:
>0:40.12,115.97;40.07,116.13;40.01,116.47;39.95,116.49;39.81,116.59;
#132:
>0:40.06,116.37;40.08,116.41;
#133:
>0:39.81,115.85;39.9,115.99;40.0,115.98;40.03,115.86;
#134:
>0:40.0,116.33;40.03,116.43;39.86,116.67;
#135:
>0:39.97,115.81;39.94,116.07;39.96,116.15;39.95,116.31;40.08,116.58;
#136:
>0:40.06,116.31;39.96,116.37;
#137:
>0:39.98,116.33;39.98,116.41;
#138:
>0:39.98,116.62;39.87,116.37;39.79,116.23;
#139:
>0:39.95,116.37;39.87,116.36;40.0,116.31;
#140:
>0:39.96,116.4;40.07,116.33;40.01,116.47;
#141:
>0:39.98,116.45;39.95,116.16;40.06,116.21;40.09,116.46;39.96,116.42;
#142:
>0:40.08,115.78;39.95,116.09;39.96,116.25;40.02,116.28;40.02,116.39;40.02,116.72;
#143:
>0:39.95,116.47;39.93,116.21;40.08,116.19;39.98,116.3;39.94,116.32;
#144:
>0:39.67,116.28;39.82,116.22;39.79,116.4;39.86,116.57;40.07,116.65;
#145:
>0:39.76,116.64;39.87,116.41;39.77,116.39;39.69,116.01;
#146:
>0:39.87,116.51;39.77,116.81;39.89,116.61;39.99,116.49;39.99,116.44;
#147:
>0:40.0,116.07;40.02,116.16;40.07,116.34;40.08,116.52;
#148:
>0:40.04,116.45;39.93,116.4;
#149:
>0:39.86,116.69;39.8,116.72;
#150:
>0:39.75,116.19;39.78,116.29;39.88,115.99;40.0,116.22;
#151:
>0:39.91,116.57;39.88,116.4;
#152:
>0:39.99,116.44;40.02,116.4;
#153:
>0:39.97,116.36;39.89,116.42;
#154:
>0:39.93,116.38;40.08,116.31;
#155:
>0:39.95,116.33;39.96,116.18;39.94,116.43;
#156:
>0:39.7,116.39;39.68,116.33;
#157:
>0:40.01,116.37;39.92,116.36;39.98,116.34;
#158:
>0:39.7,116.09;39.83,115.86;39.9,115.97;39.97,115.99;39.98,115.9;40.11,115.8;
#159:
>0:40.06,115.92;39.92,115.96;39.85,116.17;39.75,116.14;39.67,116.4;
#160:
>0:39.73,116.65;39.78,116.51;
#161:
>0:39.93,116.32;39.98,116.4;
#162:
>0:39.75,116.79;39.76,116.62;39.79,116.38;39.87,116.28;
#163:
>0:39.96,116.35;40.07,116.46;39.93,116.32;
#164:
>0:39.77,116.81;39.86,116.61;39.92,116.43;
#165:
>0:39.96,116.36;40.07,116.33;39.96,116.41;39.99,116.47;
#166:
>0:40.08,116.33;39.98,116.38;
#167:
>0:39.92,116.38;39.88,116.18;39.75,116.17;39.71,116.45;
#168:
>0:39.79,116.45;39.91,116.51;39.99,116.51;40.04,116.79;40.13,116.57;
#169:
>0:39.94,116.56;40.08,116.34;40.16,116.28;
#170:
>0:39.9,116.29;39.99,116.47;40.04,116.47;40.13,116.65;
#171:
>0:40.14,116.54;40.06,116.38;40.06,116.29;40.01,116.01;40.02,115.88;
#172:
>0:40.08,116.46;39.97,116.45;
#173:
>0:40.07,116.33;40.03,116.18;40.04,116.44;
#174:
>0:39.72,116.64;39.73,116.31;39.67,116.17;39.74,115.96;
#175:
>0:39.98,116.42;40.06,116.46;
#176:
>0:39.89,116.52;39.78,116.37;39.77,116.16;39.85,116.01;39.99,115.8;
#177:
>0:39.94,116.33;40.05,116.44;
#178:
>0:39.99,116.44;39.97,116.42;
#179:
>0:39.92,116.52;40.03,116.31;40.09,116.18;
#180:
>0:39.94,116.38;40.05,116.35;39.84,116.78;
#181:
>0:39.98,116.4;39.93,116.15;39.93,116.31;
#182:
>0:39.93,116.38;40.03,116.3;
#183:
>0:40.05,116.37;39.96,116.46;
#184:
>0:39.95,115.89;39.9,116.04;39.78,116.25;
#185:
>0:39.95,116.31;39.89,116.4;40.06,116.35;
#186:
>0:40.07,116.42;39.96,116.36;
#187:
>0:39.99,116.45;40.04,116.31;
#188:
>0:39.95,116.4;39.93,116.36;
#189:
>0:39.97,116.04;39.98,116.21;39.96,116.31;40.03,116.34;40.0,116.7;
#190:
>0:39.96,116.37;40.07,116.41;39.94,116.4;
#191:
>0:40.0,116.41;40.05,116.46;
#192:
>0:40.11,116.76;40.0,116.5;39.97,116.46;39.87,116.18;39.82,116.15;39.81,115.79;
#193:
>0:40.04,116.37;39.98,116.62;39.85,116.71;39.88,116.63;39.74,116.8;
#194:
>0:40.05,116.34;40.03,116.43;
#195:
>0:39.92,116.46;40.0,116.38;40.04,116.45;
#196:
>0:40.03,116.45;39.94,116.44;
#197:
>0:40.0,116.33;39.94,116.32;
#198:
>0:40.02,116.28;40.07,116.31;
#199:
>0:39.93,115.82;39.85,116.01;39.89,116.28;39.8,116.24;39.88,116.64;
#200:
>0:40.04,116.34;39.99,116.45;
#201:
>0:40.16,115.98;40.07,116.24;39.93,116.47;39.88,116.53;39.79,116.49;39.69,116.69;
#202:
>0:40.08,116.49;40.05,116.33;40.07,116.25;40.01,115.96;40.0,115.84;
#203:
>0:39.71,115.84;39.79,116.04;39.87,116.25;39.92,116.42;40.06,116.34;39.99,116.79;
#204:
>0:40.06,116.34;40.02,116.43;
#205:
>0:40.05,116.42;39.93,116.31;39.99,116.33;
#206:
>0:39.96,116.36;40.02,116.43;39.93,116.36;
#207:
>0:39.99,116.35;39.93,116.28;39.93,116.33;
#208:
>0:39.94,116.42;39.96,116.42;
#209:
>0:39.7,116.37;39.71,116.35;
#210:
>0:39.81,116.22;39.84,115.98;39.88,116.21;39.94,116.31;40.13,116.47;
#211:
>0:39.92,116.35;39.99,116.29;39.94,116.3;
#212:
>0:40.09,116.41;40.05,116.26;
#213:
>0:39.99,116.36;40.0,116.42;
#214:
>0:40.06,116.38;40.0,116.38;
#215:
>0:39.77,116.53;39.88,116.39;39.96,116.15;
#216:
>0:40.06,116.63;40.01,116.32;40.04,116.14;40.09,115.97;
#217:
>0:39.89,116.43;39.89,116.4;
#218:
>0:39.94,116.3;40.0,116.45;
#219:
>0:39.97,116.42;39.97,116.6;39.92,116.41;
#220:
>0:39.78,116.67;39.91,116.56;39.78,116.44;39.82,116.27;39.85,116.07;39.96,115.86;
#221:
>0:39.98,116.4;40.05,116.44;
#222:
>0:39.69,116.19;39.82,116.26;39.88,116.08;39.95,116.36;
#223:
>0:40.02,116.35;40.0,116.36;
#224:
>0:39.86,116.45;39.87,116.37;
#225:
>0:39.97,116.35;40.03,116.38;40.0,116.31;
#226:
>0:40.02,116.46;39.93,116.41;
#227:
>0:39.73,116.06;39.8,116.27;39.89,115.98;39.96,116.09;39.94,116.17;40.1,116.28;
#228:
>0:40.04,116.41;39.98,116.4;
#229:
>0:39.88,116.06;39.9,116.2;39.83,116.2;39.77,116.43;39.8,116.77;
#230:
>0:40.09,116.37;40.01,116.13;40.01,116.06;40.06,115.88;
#231:
>0:39.9,116.58;39.94,116.6;40.07,116.78;40.15,116.6;
#232:
>0:39.83,115.79;39.79,115.89;
#233:
>0:40.07,116.31;39.94,116.43;
#234:
>0:39.69,115.85;39.76,116.0;39.85,115.92;39.96,115.97;
#235:
>0:39.99,116.32;40.04,116.46;
#236:
>0:40.14,116.56;40.09,116.76;39.96,116.3;
#237:
>0:39.97,116.42;40.07,116.44;
#238:
>0:39.86,116.75;39.77,116.52;
#239:
>0:40.04,116.36;39.97,116.33;39.94,116.46;
#240:
>0:39.69,116.71;39.77,116.55;39.87,116.44;39.98,116.36;40.04,116.15;
#241:
>0:39.9,116.03;39.9,116.15;39.75,116.27;39.82,116.57;
#242:
>0:39.72,115.86;39.82,116.1;39.9,116.16;39.84,116.34;
#243:
>0:40.16,115.84;40.02,115.96;40.14,116.07;40.08,116.24;40.03,116.39;39.89,116.64;
#244:
>0:39.96,116.32;40.03,116.41;
#245:
>0:39.92,116.38;39.92,116.46;
#246:
>0:40.0,116.4;40.03,116.34;39.92,116.38;39.93,116.45;
#247:
>0:39.75,116.32;39.72,116.42;
#248:
>0:39.8,116.25;39.85,115.99;39.79,115.78;
#249:
>0:39.68,116.55;39.78,116.73;39.9,116.62;39.98,116.78;40.05,116.33;
#250:
>0:39.68,116.56;39.83,116.3;39.8,116.15;39.86,115.95;
#251:
>0:40.04,116.45;40.04,116.36;
#252:
>0:39.85,116.27;39.91,116.08;
#253:
>0:39.98,116.52;39.84,116.46;39.8,116.35;39.78,116.25;39.83,115.87;
#254:
>0:40.04,116.34;39.99,116.35;
#255:
>0:39.75,116.31;39.87,116.63;39.95,116.81;40.02,116.48;40.1,116.67;
#256:
>0:39.82,115.9;39.88,116.02;39.83,116.13;39.82,116.29;39.81,116.47;
#257:
>0:40.02,115.86;39.92,116.03;39.89,116.2;39.75,116.25;39.69,116.21;
#258:
>0:40.06,115.86;39.94,116.04;39.87,116.14;39.76,116.17;39.72,116.32;
#259:
>0:39.95,116.32;40.02,116.35;
#260:
>0:39.99,116.42;40.05,116.37;40.12,116.4;39.99,116.45;
#261:
>0:40.08,116.31;39.94,116.44;
#262:
>0:40.1,115.84;40.05,116.02;39.94,116.17;39.84,116.31;39.82,116.51;39.79,116.77;
#263:
>0:40.1,116.53;40.03,116.6;39.95,116.33;39.85,116.25;39.8,115.82;
#264:
>0:39.91,116.04;39.83,116.05;
#265:
>0:40.15,116.0;40.04,115.79;
#266:
>0:40.12,115.87;40.07,116.03;40.1,115.95;40.04,116.22;40.1,116.48;
#267:
>0:40.0,116.4;39.86,116.41;
#268:
>0:40.05,116.34;40.04,116.42;
#269:
>0:40.04,116.41;39.97,116.35;
#270:
>0:40.03,116.18;40.03,116.04;
#271:
>0:40.16,116.08;40.07,116.28;40.03,116.34;39.95,116.57;39.78,116.53;
#272:
>0:40.03,116.31;40.07,116.33;
#273:
>0:40.05,116.45;40.07,116.22;40.06,116.34;
#274:
>0:39.97,116.41;40.03,116.45;39.96,116.33;39.96,116.41;
#275:
>0:40.12,116.47;40.08,116.53;39.92,116.37;39.94,116.13;39.99,115.81;
#276:
>0:39.94,116.57;40.06,116.44;40.12,116.18;
#277:
>0:39.91,116.22;39.89,116.32;
#278:
>0:39.8,116.69;39.88,116.54;39.83,116.34;39.73,116.17;
#279:
>0:39.94,116.45;40.07,116.4;39.99,116.33;
#280:
>0:40.1,115.84;40.05,116.12;39.94,116.29;39.89,116.34;39.77,116.51;39.74,116.72;
#281:
>0:39.91,116.81;39.81,116.81;
#282:
>0:40.13,116.01;40.04,116.21;39.96,116.33;39.9,116.48;39.78,116.49;39.69,116.65;
#283:
>0:39.77,115.87;39.91,116.04;39.99,116.05;
#284:
>0:39.79,116.18;39.87,116.05;39.92,116.05;40.03,116.13;
#285:
>0:39.92,116.29;39.94,116.1;40.01,115.92;
#286:
>0:39.97,116.36;40.05,116.45;
#287:
>0:39.93,116.44;40.0,116.41;
#288:
>0:40.12,115.97;40.04,116.14;39.99,116.46;39.84,116.31;39.77,116.52;
#289:
>0:39.93,116.38;40.04,116.4;40.04,116.31;
#290:
>0:39.89,116.01;39.8,116.14;39.75,116.41;39.71,116.49;
#291:
>0:40.09,116.8;40.07,116.6;39.96,116.76;39.91,116.59;39.8,116.14;
#292:
>0:40.05,116.31;40.02,116.15;40.1,116.42;39.98,116.3;
#293:
>0:39.88,116.32;39.82,116.38;39.76,116.69;
#294:
>0:39.98,116.43;39.99,116.39;
#295:
>0:39.95,116.4;40.03,116.36;
#296:
>0:40.04,116.37;40.02,116.42;
#297:
>0:39.96,116.39;40.05,116.36;
#298:
>0:39.87,116.64;39.89,116.4;
#299:
>0:39.99,116.41;40.08,116.42;
#300:
>0:39.95,116.35;40.03,116.4;39.87,116.66;
#301:
>0:39.97,116.33;40.07,116.34;
#302:
>0:40.07,116.44;39.94,116.34;
#303:
>0:39.69,116.6;39.71,116.48;
#304:
>0:39.97,116.37;39.91,116.44;
#305:
>0:39.96,116.33;39.86,116.31;40.03,116.41;
#306:
>0:39.99,116.46;40.0,116.44;39.93,116.44;
#307:
>0:40.02,116.46;39.96,116.32;39.83,116.36;39.79,116.47;39.7,116.29;
#308:
>0:40.0,116.38;40.04,116.46;
#309:
>0:40.08,116.44;40.04,116.43;
#310:
>0:39.95,116.73;39.86,116.78;39.89,116.61;39.73,116.77;
#311:
>0:39.96,116.39;39.97,116.15;39.92,116.38;
#312:
>0:39.96,116.34;39.94,116.39;
#313:
>0:40.12,116.61;40.14,116.37;
#314:
>0:39.94,116.46;40.0,116.27;39.97,116.32;
#315:
>0:39.91,116.53;39.8,116.35;39.83,116.25;39.98,116.09;
#316:
>0:39.76,116.75;39.9,116.59;39.97,116.35;
#317:
>0:40.11,116.69;40.02,116.62;39.95,116.33;39.93,116.24;39.97,116.05;40.04,115.78;
#318:
>0:39.95,116.02;39.88,116.0;
#319:
>0:39.88,116.27;39.91,116.02;39.93,116.06;40.16,116.44;
#320:
>0:39.9,116.58;39.82,116.39;39.82,116.14;39.88,116.17;39.72,115.79;
#321:
>0:39.95,116.32;39.93,116.41;
#322:
>0:39.8,116.35;39.82,116.21;39.76,116.03;
#323:
>0:39.92,116.47;39.97,116.46;
#324:
>0:39.98,116.81;40.08,116.53;40.03,116.38;
#325:
>0:40.02,116.41;39.98,116.43;39.94,116.37;
#326:
>0:39.78,116.15;39.9,116.02;39.77,115.94;
#327:
>0:40.07,116.43;39.96,116.45;
#328:
>0:40.11,115.92;40.02,116.04;40.12,116.07;40.07,116.25;40.03,116.38;39.88,116.72;
#329:
>0:39.89,115.89;39.99,116.06;39.96,116.25;39.93,116.34;39.95,116.49;
#330:
>0:40.02,116.62;40.08,116.35;40.02,116.21;40.12,116.12;
#331:
>0:40.03,116.34;39.96,116.33;40.0,116.34;
#332:
>0:39.67,116.34;39.72,116.32;
#333:
>0:39.95,116.44;40.03,116.36;
#334:
>0:40.14,116.03;40.06,116.27;40.01,116.41;40.0,116.43;39.8,116.07;
#335:
>0:39.96,116.42;40.01,116.31;39.95,116.38;
#336:
>0:40.08,116.47;39.94,116.6;39.88,116.74;39.92,116.63;39.73,116.76;
#337:
>0:40.1,115.86;40.03,116.02;40.13,116.1;40.01,116.15;40.05,116.36;39.84,116.69;
#338:
>0:40.09,116.67;40.03,116.47;40.05,116.3;39.87,116.28;
#339:
>0:39.93,116.41;39.93,116.32;
#340:
>0:39.94,116.31;39.98,116.58;39.97,116.43;
#341:
>0:39.93,116.43;40.03,116.35;39.96,116.3;
#342:
>0:39.96,116.45;39.98,116.36;
#343:
>0:40.08,116.31;40.07,116.35;
#344:
>0:39.97,116.78;40.03,116.62;40.01,116.44;
#345:
>0:39.95,116.42;40.03,116.32;39.97,116.49;39.98,116.37;
#346:
>0:39.94,116.4;40.06,116.33;
#347:
>0:40.01,116.46;39.94,116.31;39.97,116.38;
#348:
>0:40.16,116.32;40.05,116.13;40.01,115.99;40.07,115.85;
#349:
>0:39.94,116.46;40.02,116.31;39.98,116.46;39.95,116.43;
#350:
>0:40.05,116.42;40.03,116.47;
#351:
>0:39.92,116.35;40.06,116.46;39.93,116.44;
#352:
>0:39.93,116.36;39.86,116.43;
#353:
>0:40.05,115.87;39.93,116.01;39.84,116.21;39.79,116.14;39.67,116.47;
#354:
>0:39.97,116.4;40.08,116.46;
#355:
>0:39.79,116.32;39.89,116.55;39.97,116.69;40.04,116.55;40.16,116.8;
#356:
>0:39.84,116.4;39.87,116.34;
#357:
>0:39.88,116.06;39.91,116.16;39.76,116.24;39.8,116.63;
#358:
>0:39.9,116.11;39.89,116.14;39.99,116.44;40.02,116.3;40.13,116.66;
#359:
>0:39.86,116.37;39.84,116.39;
#360:
>0:40.02,116.41;39.94,116.34;39.84,116.46;39.83,116.3;39.72,116.22;
#361:
>0:39.9,116.41;39.8,116.55;39.8,116.66;
#362:
>0:39.95,116.38;39.98,116.44;
#363:
>0:40.05,116.42;40.05,116.32;
#364:
>0:39.96,116.44;39.97,116.46;
#365:
>0:39.98,116.45;39.93,116.39;
#366:
>0:39.9,116.34;39.78,116.39;39.72,116.03;
#367:
>0:40.1,116.32;40.03,116.4;39.93,116.8;
#368:
>0:39.99,116.36;40.0,116.42;
#369:
>0:40.02,116.4;40.05,116.59;40.05,116.37;
#370:
>0:40.06,116.68;39.96,116.79;39.85,116.49;39.8,116.33;39.9,116.01;
#371:
>0:40.13,116.15;40.11,116.32;40.0,116.35;39.98,116.46;39.88,116.18;39.72,115.89;
#372:
>0:39.72,116.17;39.76,116.13;39.87,116.01;39.96,116.44;
#373:
>0:39.87,116.3;39.89,116.31;
#374:
>0:40.03,116.5;40.07,116.3;39.93,116.4;39.86,116.28;39.74,115.98;
#375:
>0:39.7,115.92;39.77,116.1;39.9,116.3;39.97,116.33;40.0,116.36;39.98,116.7;
#376:
>0:40.1,116.49;40.04,116.55;39.95,116.43;39.95,116.26;39.96,115.85;
#377:
>0:39.98,116.45;40.07,116.45;
#378:
>0:39.71,116.78;39.77,116.53;39.82,116.39;39.8,116.16;39.84,115.99;39.91,115.92;
#379:
>0:39.92,116.29;39.8,116.26;
#380:
>0:39.78,116.0;39.81,116.17;39.83,116.41;39.72,116.35;39.79,116.66;
#381:
>0:40.06,116.32;39.96,116.46;39.92,116.39;
#382:
>0:39.99,116.46;40.08,116.3;
#383:
>0:40.08,116.35;39.96,116.45;
#384:
>0:40.03,116.45;39.99,116.33;
#385:
>0:40.06,116.39;39.97,116.34;
#386:
>0:40.03,116.46;39.93,116.4;
#387:
>0:40.05,116.32;39.93,116.47;40.05,116.79;
#388:
>0:39.86,116.34;39.88,116.42;
#389:
>0:39.93,116.1;39.86,115.93;
#390:
>0:39.94,116.34;40.07,116.36;
#391:
>0:40.0,116.42;40.02,116.44;
#392:
>0:39.92,116.35;40.04,116.42;40.0,116.3;
#393:
>0:40.0,116.41;40.04,116.4;
#394:
>0:40.08,116.42;40.07,116.59;40.04,116.44;
#395:
>0:40.07,116.44;39.96,116.46;
