#0:
>0:40.02,116.32;39.99,116.32;39.99,116.34;39.96,116.33;
#1:
>0:39.99,116.35;39.99,116.35;
#2:
>0:40.01,116.3;40.01,116.32;40.01,116.32;40.01,116.31;40.01,116.3;40.02,116.31;40.03,116.31;40.02,116.3;40.01,116.31;40.03,116.31;40.01,116.3;40.01,116.32;40.01,116.3;40.0,116.32;40.0,116.3;40.02,116.32;40.03,116.3;40.02,116.31;40.0,116.29;
#3:
>0:39.98,116.29;39.97,116.31;39.99,116.31;40.03,116.29;
#4:
>0:40.02,116.34;40.04,116.33;40.0,116.32;39.98,116.33;
#5:
>0:39.95,116.31;39.94,116.32;39.97,116.32;39.96,116.35;
#6:
>0:40.02,116.37;40.02,116.36;
#7:
>0:39.96,116.37;39.97,116.36;39.98,116.35;40.01,116.36;
#8:
>0:40.02,116.37;40.0,116.35;39.98,116.36;
#9:
>0:39.94,116.29;39.95,116.31;39.93,116.32;39.96,116.33;39.96,116.33;39.94,116.37;
#10:
>0:40.03,116.32;40.01,116.33;39.99,116.34;39.98,116.35;39.96,116.34;39.95,116.35;
#11:
>0:40.01,116.31;40.01,116.3;
#12:
>0:40.01,116.3;40.02,116.31;40.02,116.3;40.02,116.31;39.99,116.31;39.97,116.32;39.97,116.29;39.99,116.31;39.99,116.32;39.98,116.32;39.98,116.3;39.99,116.32;39.98,116.3;39.98,116.31;39.97,116.29;39.97,116.31;39.98,116.29;39.98,116.31;39.98,116.32;39.97,116.31;39.97,116.33;
#13:
>0:40.01,116.29;40.03,116.31;40.02,116.29;40.0,116.31;40.01,116.29;40.0,116.31;39.99,116.31;40.0,116.31;40.01,116.29;40.01,116.3;40.02,116.3;40.01,116.31;39.99,116.31;39.98,116.31;39.97,116.3;39.98,116.31;39.99,116.31;39.98,116.31;39.98,116.32;40.0,116.33;40.0,116.31;40.01,116.32;40.03,116.31;40.01,116.32;40.0,116.3;
#14:
>0:40.0,116.31;39.97,116.31;39.98,116.33;39.97,116.35;
#15:
>0:40.01,116.29;40.02,116.31;40.03,116.3;40.02,116.3;40.03,116.31;40.02,116.33;40.02,116.33;39.99,116.33;39.99,116.32;40.0,116.31;39.99,116.32;39.97,116.33;
#16:
>0:39.98,116.31;39.99,116.3;
#17:
>0:39.96,116.35;39.97,116.33;
#18:
>0:40.03,116.33;40.03,116.33;40.0,116.32;39.99,116.3;
#19:
>0:40.01,116.35;40.03,116.36;40.03,116.33;40.01,116.33;40.0,116.29;
#20:
>0:39.99,116.33;40.01,116.34;
#21:
>0:40.01,116.29;40.0,116.31;40.0,116.31;40.0,116.32;39.98,116.34;39.99,116.32;39.99,116.3;39.97,116.31;39.97,116.33;39.97,116.31;39.97,116.32;39.99,116.33;39.99,116.33;39.99,116.32;40.02,116.32;40.01,116.31;39.99,116.32;40.0,116.3;
#22:
>0:40.01,116.3;40.01,116.31;40.0,116.31;39.98,116.31;39.98,116.3;39.98,116.31;39.97,116.3;39.98,116.31;40.0,116.31;39.99,116.32;39.99,116.34;39.99,116.32;39.98,116.32;39.98,116.3;39.97,116.32;39.99,116.33;39.99,116.33;40.0,116.32;39.97,116.32;39.99,116.32;39.97,116.33;
#23:
>0:39.98,116.33;39.99,116.32;40.0,116.33;40.03,116.33;
#24:
>0:39.99,116.32;39.99,116.33;39.98,116.35;
#25:
>0:40.02,116.36;40.03,116.35;
#26:
>0:39.95,116.36;39.98,116.35;39.98,116.34;39.99,116.32;40.01,116.32;40.02,116.3;
#27:
>0:39.97,116.37;39.96,116.34;
#28:
>0:40.01,116.3;40.01,116.3;39.99,116.31;39.97,116.31;39.98,116.32;39.97,116.31;39.98,116.3;39.98,116.31;39.98,116.3;39.97,116.31;39.97,116.32;39.98,116.33;39.98,116.35;39.99,116.35;39.97,116.35;39.99,116.36;39.98,116.36;39.99,116.35;39.99,116.36;40.0,116.35;39.99,116.33;39.99,116.33;39.99,116.33;40.0,116.33;40.0,116.34;40.0,116.32;40.0,116.32;40.01,116.3;
#29:
>0:39.97,116.31;39.99,116.31;
#30:
>0:39.98,116.34;40.0,116.33;
#31:
>0:40.02,116.3;40.0,116.31;40.0,116.31;40.0,116.32;40.0,116.34;40.0,116.32;39.97,116.32;39.99,116.32;39.97,116.32;40.0,116.32;40.02,116.33;40.01,116.31;40.0,116.32;39.97,116.3;39.97,116.32;39.97,116.31;39.97,116.33;40.0,116.32;39.99,116.31;39.99,116.33;40.02,116.33;40.01,116.34;40.02,116.32;39.99,116.34;39.99,116.32;40.01,116.29;
#32:
>0:39.97,116.34;39.97,116.32;40.0,116.32;40.01,116.32;39.99,116.32;39.99,116.34;39.99,116.32;40.01,116.33;40.01,116.3;40.0,116.3;40.01,116.29;40.02,116.31;40.01,116.3;40.0,116.3;
#33:
>0:39.97,116.34;39.98,116.32;40.0,116.33;40.0,116.31;40.0,116.31;40.01,116.3;
#34:
>0:40.0,116.31;40.0,116.3;40.04,116.32;
#35:
>0:40.02,116.32;40.01,116.31;39.97,116.3;
#36:
>0:40.01,116.3;40.01,116.31;40.02,116.31;40.01,116.33;40.02,116.33;40.0,116.34;40.0,116.32;39.99,116.33;39.99,116.33;40.0,116.31;40.01,116.31;40.01,116.3;40.01,116.31;40.0,116.31;40.01,116.3;40.0,116.31;40.0,116.29;40.01,116.31;40.02,116.31;40.01,116.3;40.0,116.31;40.01,116.3;40.0,116.3;
#37:
>0:39.96,116.31;39.98,116.32;39.97,116.34;39.97,116.35;39.96,116.36;
#38:
>0:40.01,116.3;40.01,116.31;40.01,116.32;40.01,116.31;39.99,116.31;40.01,116.32;40.01,116.29;40.01,116.32;40.01,116.3;40.01,116.31;39.99,116.32;40.01,116.33;40.01,116.31;40.0,116.29;40.02,116.3;
#39:
>0:39.94,116.31;39.97,116.32;39.97,116.32;
#40:
>0:40.04,116.34;40.02,116.32;40.01,116.33;39.99,116.33;39.96,116.34;
#41:
>0:39.95,116.35;39.97,116.34;39.99,116.33;40.02,116.31;
#42:
>0:39.95,116.31;39.94,116.32;
#43:
>0:39.94,116.29;39.96,116.31;39.98,116.32;39.99,116.33;40.02,116.31;
#44:
>0:39.95,116.32;39.97,116.32;39.99,116.33;39.98,116.33;40.02,116.35;
#45:
>0:40.01,116.35;40.0,116.33;39.97,116.35;39.96,116.32;
#46:
>0:39.96,116.3;39.94,116.3;39.95,116.31;39.94,116.33;
#47:
>0:40.01,116.3;40.01,116.32;40.02,116.31;40.04,116.32;40.03,116.34;40.03,116.32;40.03,116.34;40.02,116.32;40.03,116.33;40.02,116.32;40.02,116.33;40.02,116.32;40.01,116.31;39.99,116.33;40.01,116.29;
#48:
>0:39.96,116.37;39.98,116.36;39.98,116.35;40.02,116.37;
#49:
>0:40.02,116.3;40.01,116.31;39.99,116.31;39.97,116.3;39.98,116.31;39.98,116.33;39.99,116.32;39.99,116.31;40.01,116.3;40.01,116.31;40.01,116.29;40.04,116.3;40.0,116.32;40.0,116.3;40.01,116.29;40.01,116.31;40.02,116.3;
#50:
>0:39.99,116.3;40.0,116.31;
#51:
>0:40.0,116.29;40.01,116.3;40.03,116.31;40.02,116.32;40.02,116.34;40.0,116.32;40.0,116.31;39.99,116.33;40.0,116.31;40.0,116.3;40.0,116.31;40.01,116.3;40.01,116.31;40.03,116.31;40.03,116.33;40.02,116.34;40.03,116.35;40.02,116.36;40.03,116.35;40.02,116.33;40.03,116.35;40.01,116.35;40.03,116.35;40.03,116.34;40.03,116.33;40.0,116.34;40.02,116.32;40.01,116.33;40.01,116.33;40.0,116.3;
#52:
>0:39.94,116.31;39.96,116.32;39.95,116.33;39.95,116.35;39.97,116.37;
#53:
>0:39.95,116.32;39.97,116.3;
#54:
>0:40.0,116.31;39.98,116.33;39.96,116.33;39.95,116.35;
#55:
>0:39.99,116.33;39.98,116.32;39.97,116.33;39.95,116.32;
#56:
>0:40.01,116.3;40.02,116.31;40.0,116.32;40.0,116.31;39.99,116.31;39.98,116.32;39.97,116.3;39.98,116.32;39.97,116.3;39.97,116.31;39.97,116.3;39.96,116.3;39.95,116.29;39.97,116.3;39.98,116.31;39.97,116.32;39.99,116.32;39.99,116.34;39.99,116.32;39.98,116.33;
#57:
>0:40.01,116.3;40.0,116.31;40.01,116.29;40.02,116.31;39.99,116.3;39.98,116.31;39.99,116.31;39.97,116.31;39.97,116.32;39.99,116.32;39.99,116.34;39.99,116.32;39.99,116.33;40.0,116.32;39.99,116.33;40.0,116.32;39.98,116.34;40.0,116.32;40.0,116.33;39.99,116.33;40.01,116.32;40.01,116.32;40.02,116.33;40.01,116.3;
#58:
>0:40.0,116.3;40.01,116.3;40.0,116.3;40.01,116.32;40.03,116.31;40.0,116.32;39.99,116.32;39.99,116.33;40.0,116.33;39.99,116.33;40.0,116.32;40.01,116.33;40.01,116.31;40.01,116.3;40.01,116.31;39.99,116.31;40.0,116.32;39.99,116.3;40.01,116.31;40.01,116.3;
#59:
>0:39.95,116.31;39.95,116.33;39.98,116.34;39.95,116.35;
#60:
>0:40.0,116.34;39.98,116.34;39.95,116.32;
#61:
>0:40.0,116.3;40.01,116.32;40.0,116.31;39.99,116.33;40.0,116.31;39.99,116.33;39.97,116.32;39.97,116.3;39.95,116.3;39.94,116.3;39.95,116.31;39.96,116.29;39.94,116.3;39.96,116.3;39.97,116.31;39.97,116.29;39.97,116.32;39.98,116.33;39.98,116.33;39.99,116.32;40.01,116.32;40.0,116.31;40.0,116.31;40.02,116.31;40.01,116.3;40.01,116.29;
#62:
>0:40.02,116.29;40.01,116.31;40.01,116.3;40.01,116.31;40.02,116.29;40.02,116.31;40.03,116.31;40.01,116.3;40.02,116.31;40.01,116.29;40.0,116.3;40.03,116.32;40.0,116.3;40.03,116.3;40.02,116.31;40.02,116.32;40.01,116.33;40.0,116.3;40.02,116.29;40.01,116.3;
#63:
>0:40.03,116.29;40.01,116.32;39.99,116.33;39.97,116.33;39.96,116.32;
#64:
>0:39.93,116.37;39.96,116.35;39.97,116.34;40.0,116.32;40.01,116.33;
#65:
>0:39.94,116.31;39.96,116.32;39.98,116.32;
#66:
>0:39.97,116.3;39.97,116.31;39.98,116.32;39.96,116.33;
#67:
>0:40.03,116.31;40.01,116.32;40.01,116.31;39.99,116.3;39.97,116.3;39.94,116.29;
#68:
>0:40.02,116.3;40.01,116.31;39.99,116.33;40.0,116.34;40.0,116.35;40.03,116.36;
#69:
>0:39.96,116.37;39.97,116.35;39.98,116.34;40.0,116.32;40.0,116.32;40.0,116.3;
#70:
>0:39.93,116.34;39.96,116.35;39.97,116.34;39.99,116.34;
#71:
>0:40.03,116.29;40.02,116.3;39.99,116.3;
#72:
>0:40.03,116.31;40.02,116.3;40.0,116.31;40.0,116.29;39.97,116.3;39.95,116.29;
#73:
>0:40.04,116.32;40.01,116.32;40.0,116.34;39.98,116.34;
#74:
>0:40.02,116.3;40.0,116.31;40.0,116.33;40.02,116.34;40.01,116.32;40.01,116.3;40.01,116.29;40.01,116.32;40.0,116.31;40.01,116.31;40.01,116.3;40.01,116.31;40.01,116.3;40.04,116.31;40.01,116.29;40.02,116.31;40.01,116.3;40.01,116.31;40.02,116.29;40.0,116.3;40.02,116.29;
#75:
>0:39.93,116.36;39.96,116.36;39.97,116.36;39.97,116.35;40.0,116.36;
#76:
>0:39.98,116.3;39.98,116.31;39.98,116.32;39.98,116.34;
#77:
>0:40.01,116.3;40.02,116.3;40.03,116.3;40.0,116.32;40.02,116.32;40.02,116.31;40.02,116.29;40.03,116.31;40.01,116.3;40.01,116.31;39.99,116.32;40.0,116.34;
#78:
>0:39.97,116.31;40.0,116.33;
#79:
>0:40.01,116.37;40.0,116.36;
#80:
>0:39.95,116.36;39.98,116.36;39.98,116.34;40.0,116.36;
#81:
>0:40.01,116.33;39.99,116.33;39.97,116.35;39.95,116.32;
#82:
>0:39.97,116.37;39.97,116.35;
#83:
>0:40.03,116.33;40.01,116.32;40.01,116.31;39.99,116.31;39.96,116.3;
#84:
>0:40.02,116.31;40.0,116.29;40.02,116.32;39.99,116.33;39.98,116.33;39.95,116.33;
#85:
>0:40.01,116.37;39.99,116.35;39.98,116.35;39.96,116.34;
#86:
>0:39.93,116.34;39.95,116.34;
#87:
>0:39.98,116.3;40.0,116.31;39.97,116.3;39.98,116.34;
#88:
>0:39.99,116.36;39.98,116.36;39.95,116.35;
#89:
>0:39.94,116.33;39.96,116.35;39.98,116.34;39.99,116.33;
#90:
>0:40.01,116.35;40.0,116.36;
#91:
>0:40.01,116.29;40.01,116.31;40.0,116.32;40.02,116.33;40.01,116.34;39.99,116.34;39.99,116.32;39.99,116.34;40.01,116.35;40.04,116.34;40.04,116.36;40.02,116.35;40.04,116.33;40.02,116.33;40.01,116.31;40.0,116.31;40.0,116.32;40.0,116.34;40.0,116.33;40.01,116.32;40.01,116.32;40.0,116.31;40.01,116.29;
#92:
>0:40.03,116.33;40.02,116.32;40.01,116.29;
#93:
>0:39.98,116.31;39.99,116.32;
#94:
>0:40.02,116.3;40.0,116.31;40.01,116.3;40.01,116.31;39.99,116.33;40.01,116.32;40.01,116.31;40.02,116.32;40.02,116.34;40.01,116.32;40.01,116.31;40.0,116.32;40.02,116.32;40.01,116.31;40.0,116.29;40.02,116.31;39.99,116.29;40.01,116.3;40.0,116.32;40.02,116.3;40.01,116.3;39.99,116.3;40.01,116.29;40.01,116.3;
#95:
>0:39.94,116.34;39.94,116.35;39.97,116.34;
#96:
>0:40.02,116.3;40.01,116.31;40.0,116.3;40.01,116.31;40.02,116.3;40.01,116.31;40.01,116.3;40.02,116.3;40.01,116.31;40.0,116.33;40.01,116.3;39.99,116.31;39.98,116.31;39.97,116.33;39.99,116.33;40.02,116.32;40.01,116.34;40.01,116.33;40.02,116.32;40.02,116.3;40.03,116.31;40.01,116.3;40.01,116.32;39.99,116.3;40.02,116.3;
#97:
>0:40.0,116.3;40.01,116.31;40.03,116.32;40.02,116.3;40.02,116.31;40.03,116.32;40.03,116.34;40.03,116.35;40.03,116.33;40.01,116.32;40.0,116.32;39.99,116.32;39.99,116.3;40.01,116.3;40.0,116.32;40.0,116.32;40.0,116.32;40.02,116.32;40.01,116.31;40.02,116.29;40.01,116.32;40.03,116.32;40.0,116.32;40.01,116.31;40.03,116.31;40.01,116.3;40.0,116.32;39.98,116.31;40.01,116.3;
#98:
>0:39.97,116.36;39.97,116.36;39.97,116.35;40.01,116.37;
#99:
>0:40.01,116.29;40.02,116.31;40.01,116.32;40.01,116.31;40.0,116.3;40.0,116.31;40.02,116.32;40.01,116.3;40.0,116.31;40.03,116.32;40.0,116.3;40.01,116.31;40.01,116.3;40.03,116.3;40.0,116.31;40.01,116.3;40.02,116.31;39.98,116.31;39.98,116.32;39.98,116.33;
#100:
>0:40.01,116.29;40.01,116.31;40.04,116.3;40.01,116.33;40.01,116.34;40.03,116.32;40.01,116.32;40.01,116.3;39.99,116.3;39.97,116.31;39.97,116.3;39.98,116.31;39.98,116.33;39.99,116.32;39.99,116.34;39.99,116.33;40.01,116.32;40.0,116.32;40.01,116.29;40.01,116.31;40.01,116.29;40.0,116.3;
#101:
>0:40.0,116.34;39.97,116.33;39.98,116.35;39.94,116.36;
#102:
>0:39.98,116.36;40.0,116.35;
#103:
>0:40.03,116.31;40.01,116.32;
#104:
>0:39.94,116.32;39.96,116.33;39.97,116.34;39.99,116.35;
#105:
>0:40.01,116.35;39.99,116.34;40.02,116.33;
#106:
>0:39.98,116.33;39.98,116.32;39.97,116.33;39.98,116.32;40.0,116.32;39.99,116.34;40.0,116.32;40.02,116.32;40.01,116.31;40.01,116.32;40.01,116.29;
#107:
>0:40.03,116.3;40.01,116.31;39.99,116.32;39.97,116.33;
#108:
>0:40.02,116.31;40.0,116.31;
#109:
>0:40.02,116.31;40.01,116.32;
#110:
>0:40.01,116.33;40.0,116.34;39.98,116.35;39.96,116.36;
#111:
>0:39.97,116.34;39.97,116.33;39.98,116.32;39.98,116.32;39.99,116.32;39.99,116.33;39.99,116.32;40.01,116.32;40.02,116.34;39.99,116.33;39.99,116.32;40.0,116.32;40.01,116.31;39.99,116.31;40.01,116.31;40.0,116.29;40.01,116.32;40.0,116.29;
#112:
>0:39.95,116.32;39.96,116.32;39.95,116.31;39.98,116.31;39.99,116.31;40.02,116.3;
#113:
>0:39.96,116.29;39.95,116.31;
#114:
>0:39.95,116.34;39.97,116.34;39.96,116.32;39.98,116.32;39.97,116.3;
#115:
>0:39.94,116.35;39.93,116.33;39.98,116.33;
#116:
>0:39.99,116.36;40.0,116.36;
#117:
>0:40.01,116.35;40.01,116.34;
#118:
>0:39.96,116.3;39.94,116.3;39.96,116.31;39.97,116.32;40.0,116.35;
#119:
>0:40.01,116.36;39.99,116.36;
#120:
>0:39.94,116.36;39.95,116.36;39.98,116.36;39.97,116.35;40.02,116.36;
#121:
>0:40.01,116.35;40.03,116.34;40.01,116.32;
#122:
>0:39.94,116.34;39.94,116.35;39.98,116.33;
#123:
>0:39.97,116.37;39.96,116.35;
#124:
>0:39.97,116.33;39.95,116.34;39.95,116.31;
#125:
>0:39.96,116.35;39.98,116.34;40.0,116.33;40.01,116.32;40.03,116.31;
#126:
>0:39.98,116.34;39.98,116.35;39.97,116.34;39.97,116.34;39.97,116.34;39.98,116.32;39.99,116.32;39.98,116.33;39.97,116.31;39.98,116.3;39.97,116.31;39.97,116.33;40.0,116.33;40.0,116.33;40.01,116.33;40.01,116.32;39.99,116.31;40.02,116.32;40.0,116.3;
#127:
>0:40.0,116.3;39.98,116.31;39.97,116.32;39.95,116.33;39.94,116.34;
#128:
>0:39.98,116.3;39.98,116.31;39.97,116.33;39.98,116.34;
#129:
>0:40.03,116.3;40.04,116.31;40.02,116.3;39.98,116.31;
#130:
>0:39.96,116.31;39.96,116.3;
#131:
>0:39.99,116.36;39.97,116.37;39.97,116.35;39.98,116.32;
#132:
>0:39.96,116.36;39.98,116.35;39.97,116.34;39.97,116.32;39.99,116.32;40.01,116.3;
#133:
>0:40.03,116.3;40.01,116.31;40.04,116.32;
#134:
>0:40.01,116.29;40.01,116.32;40.0,116.3;40.0,116.31;39.98,116.31;39.98,116.3;39.98,116.31;39.98,116.3;39.98,116.31;39.97,116.29;39.98,116.3;40.0,116.31;39.98,116.31;39.99,116.31;40.01,116.3;40.01,116.3;40.03,116.29;40.02,116.3;
#135:
>0:40.0,116.29;40.01,116.3;40.02,116.31;40.02,116.32;40.01,116.34;39.99,116.34;40.0,116.32;40.0,116.33;40.0,116.32;40.02,116.34;40.01,116.32;40.01,116.33;40.02,116.32;40.03,116.32;40.0,116.31;39.99,116.32;40.01,116.3;
#136:
>0:39.95,116.35;39.95,116.33;39.98,116.34;39.99,116.32;39.99,116.3;
#137:
>0:40.02,116.35;40.01,116.35;39.99,116.33;40.0,116.33;39.96,116.31;
#138:
>0:40.0,116.3;40.01,116.31;40.01,116.29;40.0,116.31;40.01,116.3;40.02,116.31;40.01,116.29;40.01,116.31;39.99,116.31;40.02,116.31;40.01,116.3;40.02,116.31;39.99,116.31;39.97,116.3;39.98,116.31;39.97,116.29;39.98,116.31;39.99,116.31;40.01,116.31;39.99,116.31;40.01,116.3;40.02,116.29;
#139:
>0:40.02,116.29;40.0,116.3;40.01,116.3;40.01,116.3;40.03,116.31;40.02,116.32;40.02,116.32;40.01,116.32;40.0,116.3;40.0,116.31;40.03,116.32;40.03,116.33;40.02,116.31;40.01,116.3;39.99,116.32;40.01,116.31;40.01,116.3;
#140:
>0:39.97,116.31;40.0,116.32;40.02,116.31;40.04,116.3;
#141:
>0:40.01,116.34;39.99,116.34;39.98,116.35;39.96,116.35;39.95,116.34;
#142:
>0:39.97,116.34;39.97,116.35;39.98,116.34;39.98,116.35;39.99,116.34;39.99,116.33;40.02,116.35;40.02,116.35;40.02,116.36;40.03,116.35;40.03,116.34;40.02,116.33;40.0,116.32;40.02,116.31;40.01,116.29;
#143:
>0:40.02,116.29;40.02,116.31;39.99,116.31;40.0,116.31;40.03,116.31;40.02,116.32;40.01,116.33;40.02,116.33;40.01,116.31;40.01,116.3;40.01,116.31;40.0,116.31;40.01,116.31;40.0,116.31;39.98,116.31;39.99,116.31;40.01,116.31;40.02,116.29;
#144:
>0:40.03,116.3;40.02,116.3;39.99,116.32;39.98,116.32;39.96,116.33;
#145:
>0:39.98,116.36;39.96,116.35;
#146:
>0:39.98,116.31;39.95,116.31;
#147:
>0:39.97,116.3;39.97,116.3;40.0,116.31;40.01,116.31;40.02,116.3;
