#0:
>0:40.01,116.3;40.01,116.31;39.99,116.3;39.98,116.31;39.97,116.33;40.0,116.33;40.0,116.33;39.99,116.32;39.98,116.32;39.99,116.32;40.01,116.32;40.01,116.31;40.0,116.32;40.01,116.31;39.99,116.32;40.0,116.31;40.02,116.3;40.01,116.32;39.99,116.31;40.02,116.3;
#1:
>0:40.0,116.3;40.0,116.31;
#2:
>0:39.96,116.33;39.97,116.33;39.99,116.34;
#3:
>0:40.01,116.3;40.02,116.31;39.99,116.29;40.02,116.32;40.0,116.3;40.01,116.31;40.02,116.29;40.01,116.31;39.99,116.32;39.97,116.31;39.97,116.32;39.98,116.33;39.97,116.35;39.98,116.33;39.97,116.33;39.98,116.31;39.98,116.32;39.99,116.32;40.01,116.32;40.01,116.3;
#4:
>0:40.03,116.34;40.01,116.34;39.99,116.34;39.97,116.34;
#5:
>0:39.96,116.35;39.96,116.36;
#6:
>0:39.94,116.3;39.96,116.29;39.97,116.33;
#7:
>0:40.02,116.29;40.01,116.32;40.02,116.32;40.01,116.32;39.99,116.31;40.0,116.29;40.02,116.31;40.02,116.29;40.0,116.31;40.0,116.32;39.99,116.29;40.01,116.31;40.01,116.3;40.02,116.31;39.99,116.32;40.0,116.3;40.01,116.3;40.0,116.3;40.0,116.32;40.01,116.3;40.0,116.31;40.0,116.3;40.01,116.3;
#8:
>0:40.0,116.34;39.99,116.34;40.0,116.33;40.03,116.3;
#9:
>0:40.02,116.34;40.04,116.34;
#10:
>0:40.01,116.29;40.01,116.32;40.01,116.32;40.0,116.34;40.01,116.35;40.04,116.33;40.01,116.32;40.03,116.33;40.01,116.32;40.02,116.31;39.99,116.29;40.0,116.3;40.0,116.29;40.01,116.31;40.01,116.29;40.01,116.31;39.99,116.31;39.99,116.3;40.01,116.3;
#11:
>0:40.02,116.3;40.01,116.32;40.01,116.3;40.0,116.31;40.0,116.31;39.97,116.31;39.97,116.3;39.98,116.31;39.99,116.32;40.0,116.33;39.99,116.34;40.0,116.32;40.02,116.32;40.01,116.31;40.01,116.29;40.01,116.3;
#12:
>0:39.99,116.34;40.01,116.33;40.0,116.32;
#13:
>0:39.99,116.35;39.98,116.35;39.97,116.33;39.94,116.35;
#14:
>0:40.01,116.3;40.01,116.31;40.01,116.3;40.01,116.31;40.01,116.29;40.01,116.31;40.0,116.29;40.02,116.31;40.0,116.29;40.01,116.31;40.01,116.3;40.0,116.31;40.0,116.32;40.0,116.31;40.02,116.3;40.02,116.3;40.01,116.3;40.0,116.3;
#15:
>0:40.03,116.35;40.04,116.36;
#16:
>0:39.97,116.35;39.97,116.34;39.99,116.34;40.03,116.34;
#17:
>0:39.98,116.35;39.97,116.33;39.98,116.32;40.0,116.32;40.01,116.3;
#18:
>0:40.01,116.36;40.0,116.35;40.02,116.33;40.0,116.33;40.02,116.31;39.97,116.3;
#19:
>0:40.01,116.3;39.99,116.3;39.98,116.31;39.98,116.32;39.97,116.34;39.94,116.36;
#20:
>0:39.94,116.3;39.96,116.29;39.97,116.32;
#21:
>0:40.01,116.37;40.0,116.37;40.0,116.34;39.95,116.36;
#22:
>0:40.01,116.3;40.0,116.31;40.01,116.29;40.01,116.31;40.02,116.29;40.0,116.32;40.0,116.3;40.01,116.31;40.0,116.32;40.02,116.31;40.0,116.31;40.01,116.31;40.03,116.29;40.0,116.32;40.0,116.3;40.01,116.3;
#23:
>0:39.95,116.31;39.96,116.32;39.98,116.33;40.0,116.32;40.02,116.34;40.03,116.37;
#24:
>0:39.99,116.29;39.98,116.3;39.97,116.29;
#25:
>0:40.01,116.29;40.01,116.31;40.02,116.29;40.02,116.31;40.01,116.3;40.01,116.31;40.01,116.29;40.0,116.31;40.01,116.3;40.02,116.3;
#26:
>0:40.02,116.3;40.01,116.32;40.0,116.29;40.01,116.31;40.0,116.3;40.03,116.32;40.0,116.3;40.02,116.31;40.01,116.32;40.02,116.33;40.02,116.31;40.02,116.29;40.02,116.32;40.01,116.3;40.0,116.31;40.02,116.29;40.02,116.31;40.02,116.3;40.01,116.3;
#27:
>0:39.94,116.3;39.94,116.31;39.96,116.32;40.0,116.31;
#28:
>0:39.94,116.32;39.94,116.31;
#29:
>0:40.02,116.34;40.03,116.35;40.02,116.36;
#30:
>0:40.02,116.35;40.02,116.34;40.01,116.32;40.0,116.31;
#31:
>0:39.98,116.35;39.96,116.34;
#32:
>0:40.03,116.32;40.0,116.32;39.99,116.3;
#33:
>0:39.94,116.3;39.95,116.31;39.95,116.32;39.96,116.34;39.93,116.35;
#34:
>0:39.95,116.31;39.95,116.32;
#35:
>0:40.02,116.31;40.03,116.3;
#36:
>0:39.95,116.35;39.98,116.33;40.0,116.34;
#37:
>0:40.01,116.29;40.02,116.32;40.01,116.3;40.02,116.31;40.01,116.32;39.99,116.33;40.0,116.32;39.97,116.33;39.97,116.31;39.97,116.29;39.98,116.3;39.97,116.32;39.99,116.32;39.99,116.34;39.99,116.33;40.01,116.32;39.99,116.33;40.0,116.33;40.0,116.34;40.0,116.33;40.01,116.32;40.01,116.31;40.02,116.3;40.01,116.31;40.01,116.3;40.01,116.3;
#38:
>0:40.02,116.29;40.03,116.31;40.0,116.3;40.02,116.31;40.01,116.29;40.02,116.31;40.0,116.3;40.02,116.3;39.99,116.3;40.0,116.31;40.03,116.29;40.01,116.31;40.01,116.3;40.0,116.29;
#39:
>0:40.0,116.3;40.02,116.31;40.01,116.3;40.01,116.31;40.02,116.3;40.01,116.31;40.02,116.29;40.01,116.31;40.0,116.3;40.01,116.31;40.01,116.3;40.01,116.31;39.99,116.3;40.01,116.32;40.0,116.31;40.01,116.31;40.02,116.3;40.01,116.31;40.01,116.29;40.01,116.31;39.99,116.31;40.01,116.29;
#40:
>0:39.95,116.35;39.96,116.34;39.95,116.35;39.98,116.36;40.02,116.34;
#41:
>0:40.01,116.3;40.0,116.31;40.0,116.29;40.01,116.31;40.0,116.31;39.98,116.3;40.02,116.31;40.01,116.3;40.01,116.31;40.0,116.31;39.97,116.31;39.98,116.33;39.97,116.31;39.98,116.3;39.98,116.31;39.98,116.33;
#42:
>0:39.98,116.3;39.97,116.33;39.99,116.33;39.98,116.35;
#43:
>0:40.01,116.31;40.01,116.32;40.03,116.34;
#44:
>0:40.01,116.3;40.0,116.31;40.0,116.32;40.01,116.33;40.03,116.35;40.03,116.33;40.01,116.33;40.02,116.34;40.03,116.35;40.02,116.36;40.02,116.35;40.02,116.35;40.02,116.37;40.01,116.36;40.01,116.35;40.03,116.34;40.02,116.35;40.02,116.37;40.02,116.34;40.03,116.35;40.02,116.34;40.01,116.32;40.01,116.31;39.99,116.32;40.01,116.3;
#45:
>0:40.01,116.29;40.01,116.31;40.0,116.32;40.0,116.31;40.01,116.32;40.0,116.31;39.99,116.31;39.98,116.31;39.98,116.3;39.96,116.3;39.96,116.31;39.97,116.3;39.97,116.32;39.97,116.3;39.98,116.32;39.98,116.33;39.98,116.34;39.97,116.33;39.98,116.3;39.97,116.3;40.0,116.3;40.0,116.31;40.01,116.3;40.0,116.31;40.0,116.29;40.02,116.29;
#46:
>0:40.01,116.3;40.01,116.31;39.98,116.31;40.0,116.32;39.98,116.32;39.98,116.31;39.98,116.29;39.98,116.31;39.97,116.32;40.0,116.33;39.99,116.34;39.99,116.32;40.02,116.33;40.01,116.31;40.0,116.3;40.02,116.29;
#47:
>0:39.97,116.36;39.98,116.37;
#48:
>0:40.0,116.33;39.99,116.32;40.02,116.32;
#49:
>0:39.98,116.29;39.97,116.29;
#50:
>0:39.94,116.33;39.97,116.34;39.98,116.33;39.99,116.33;40.02,116.3;
#51:
>0:40.01,116.35;39.99,116.34;39.98,116.32;39.97,116.31;
#52:
>0:40.02,116.3;40.01,116.3;40.0,116.3;40.0,116.31;40.0,116.29;40.0,116.31;39.99,116.31;39.97,116.3;39.98,116.33;39.97,116.31;39.99,116.31;39.97,116.32;39.98,116.32;40.0,116.32;40.0,116.31;39.99,116.29;40.02,116.31;40.02,116.3;40.02,116.31;40.02,116.29;40.01,116.29;
#53:
>0:40.02,116.3;40.01,116.3;40.0,116.29;40.0,116.31;39.99,116.3;40.01,116.31;40.01,116.3;40.02,116.3;40.0,116.32;40.01,116.31;40.0,116.32;40.0,116.33;39.98,116.33;39.97,116.31;39.97,116.32;39.99,116.32;39.97,116.32;39.98,116.31;39.97,116.33;40.0,116.32;39.98,116.33;40.0,116.32;40.02,116.32;40.0,116.33;40.0,116.34;39.99,116.32;39.97,116.33;40.0,116.33;39.99,116.34;
#54:
>0:39.97,116.33;39.97,116.32;39.99,116.33;40.01,116.32;40.01,116.31;40.0,116.3;40.02,116.29;
#55:
>0:40.02,116.35;40.02,116.33;40.01,116.32;39.99,116.3;
#56:
>0:40.0,116.34;39.99,116.32;39.98,116.31;39.96,116.32;39.93,116.32;
#57:
>0:40.01,116.36;39.99,116.35;40.02,116.33;40.0,116.34;39.98,116.31;
#58:
>0:40.0,116.29;40.01,116.31;39.99,116.3;39.99,116.32;39.99,116.33;39.99,116.32;40.0,116.33;40.0,116.33;40.01,116.32;40.04,116.33;40.03,116.31;40.01,116.29;40.01,116.31;40.01,116.32;40.01,116.31;40.03,116.31;40.02,116.3;40.01,116.31;40.01,116.29;40.01,116.29;
#59:
>0:39.97,116.33;39.96,116.35;39.94,116.33;
#60:
>0:39.97,116.33;39.96,116.35;39.95,116.33;
#61:
>0:40.0,116.3;40.01,116.32;40.0,116.29;40.0,116.31;40.0,116.31;40.01,116.31;40.01,116.29;40.02,116.31;40.02,116.3;40.02,116.31;40.01,116.3;40.01,116.31;39.99,116.3;40.0,116.32;40.0,116.29;40.02,116.3;
#62:
>0:40.01,116.3;40.0,116.31;40.0,116.31;39.99,116.29;40.0,116.31;39.99,116.31;40.01,116.31;40.02,116.3;40.02,116.31;39.99,116.31;39.98,116.3;40.0,116.3;40.01,116.3;40.0,116.29;40.0,116.3;
#63:
>0:40.01,116.31;39.99,116.31;39.97,116.31;39.97,116.3;39.94,116.31;
#64:
>0:40.01,116.29;40.02,116.31;39.99,116.31;39.98,116.31;39.98,116.32;39.97,116.34;39.97,116.33;39.99,116.33;39.99,116.31;40.0,116.29;40.0,116.31;40.01,116.29;40.03,116.31;40.01,116.3;40.0,116.3;39.99,116.3;40.0,116.3;40.0,116.3;
#65:
>0:40.01,116.34;39.99,116.33;39.99,116.31;39.98,116.31;39.94,116.32;
#66:
>0:40.02,116.35;40.01,116.34;39.99,116.34;39.97,116.32;39.96,116.29;
#67:
>0:39.96,116.3;39.98,116.33;39.99,116.32;40.01,116.32;40.03,116.35;
#68:
>0:39.96,116.35;39.98,116.33;39.98,116.32;40.0,116.31;
#69:
>0:39.94,116.32;39.95,116.31;39.97,116.31;
#70:
>0:39.97,116.36;40.0,116.35;40.01,116.35;40.02,116.34;
#71:
>0:40.03,116.3;40.01,116.32;40.03,116.32;40.01,116.34;40.03,116.37;
#72:
>0:39.96,116.32;39.98,116.32;39.97,116.33;40.01,116.36;
#73:
>0:39.94,116.36;39.94,116.35;39.96,116.34;39.98,116.36;40.02,116.35;
#74:
>0:39.96,116.34;39.98,116.32;39.99,116.33;40.02,116.31;
#75:
>0:39.96,116.35;39.97,116.33;39.97,116.32;39.98,116.31;39.95,116.3;
#76:
>0:39.97,116.35;39.99,116.36;39.99,116.35;40.03,116.34;
#77:
>0:40.0,116.31;39.99,116.31;39.99,116.32;39.99,116.34;39.98,116.36;
#78:
>0:39.97,116.33;39.97,116.33;39.99,116.32;40.03,116.31;
#79:
>0:39.97,116.33;40.0,116.31;39.98,116.3;
#80:
>0:40.0,116.29;40.02,116.31;39.99,116.31;39.98,116.3;39.97,116.31;39.97,116.29;40.0,116.3;40.01,116.31;40.02,116.31;40.0,116.32;40.01,116.29;
#81:
>0:39.96,116.35;39.98,116.33;39.99,116.34;
#82:
>0:39.94,116.34;39.96,116.35;39.97,116.34;39.99,116.37;
#83:
>0:39.98,116.37;40.0,116.34;39.99,116.33;
#84:
>0:40.03,116.37;40.01,116.34;39.99,116.35;39.97,116.35;39.97,116.34;39.93,116.35;
#85:
>0:40.02,116.31;40.01,116.32;40.01,116.34;40.0,116.35;40.03,116.36;
#86:
>0:40.02,116.33;40.01,116.32;39.98,116.29;
#87:
>0:40.03,116.31;40.01,116.33;40.0,116.33;39.97,116.32;39.97,116.33;39.94,116.36;
#88:
>0:39.98,116.31;39.98,116.33;39.98,116.33;39.99,116.35;40.0,116.37;
#89:
>0:40.02,116.35;40.03,116.34;40.02,116.34;40.0,116.35;39.95,116.36;
#90:
>0:39.94,116.3;39.94,116.31;39.98,116.33;
#91:
>0:40.01,116.3;40.02,116.3;40.01,116.3;40.02,116.31;39.99,116.31;39.99,116.3;40.01,116.31;40.0,116.3;40.02,116.31;40.01,116.3;40.01,116.31;39.99,116.3;40.01,116.29;
#92:
>0:40.0,116.3;40.01,116.31;40.01,116.33;40.0,116.33;40.0,116.33;40.0,116.32;40.0,116.33;40.01,116.32;39.99,116.31;40.01,116.3;40.01,116.3;40.03,116.31;40.01,116.29;40.01,116.31;40.02,116.3;40.01,116.31;40.0,116.3;40.01,116.32;40.02,116.29;40.02,116.3;
#93:
>0:40.02,116.29;40.01,116.31;39.99,116.31;39.98,116.3;39.98,116.31;39.97,116.3;39.97,116.31;39.98,116.32;39.99,116.32;40.02,116.33;40.01,116.31;40.01,116.3;40.0,116.3;40.01,116.3;40.0,116.31;40.0,116.31;40.0,116.3;
#94:
>0:39.99,116.37;39.98,116.34;39.98,116.33;39.97,116.32;39.97,116.31;
#95:
>0:40.0,116.34;39.99,116.34;
#96:
>0:40.02,116.29;40.02,116.31;39.99,116.31;39.97,116.31;39.97,116.29;39.99,116.29;40.01,116.31;40.02,116.3;40.01,116.31;40.0,116.31;39.98,116.31;39.98,116.29;39.97,116.31;39.98,116.32;39.98,116.31;39.97,116.32;39.99,116.32;40.02,116.32;40.02,116.33;40.02,116.35;40.0,116.34;40.02,116.34;40.03,116.33;40.0,116.32;40.0,116.29;
#97:
>0:40.02,116.29;40.01,116.32;40.01,116.29;40.01,116.31;39.99,116.3;39.99,116.3;40.01,116.31;40.01,116.3;40.02,116.3;40.01,116.3;40.01,116.31;40.01,116.29;40.01,116.31;40.0,116.3;40.0,116.31;39.99,116.31;40.0,116.31;39.99,116.3;40.0,116.3;
#98:
>0:40.01,116.3;40.01,116.32;40.0,116.29;40.01,116.31;40.01,116.3;40.0,116.31;40.0,116.32;40.01,116.3;39.99,116.32;40.01,116.31;39.99,116.31;40.0,116.33;39.98,116.32;39.99,116.32;40.02,116.32;40.02,116.3;40.01,116.29;
#99:
>0:40.0,116.3;40.01,116.31;39.99,116.31;39.98,116.31;39.98,116.32;40.0,116.32;39.98,116.32;39.98,116.33;
#100:
>0:39.99,116.37;40.02,116.35;
#101:
>0:40.02,116.29;40.0,116.31;40.01,116.32;40.01,116.31;40.01,116.3;40.01,116.31;40.02,116.3;40.02,116.31;39.99,116.31;40.0,116.3;40.01,116.31;40.0,116.29;40.01,116.31;39.99,116.3;40.02,116.31;40.0,116.3;40.01,116.3;
#102:
>0:40.01,116.32;40.02,116.32;
#103:
>0:39.97,116.32;40.0,116.33;40.01,116.32;40.02,116.31;40.01,116.29;40.01,116.29;
#104:
>0:40.02,116.35;39.99,116.33;39.97,116.33;39.96,116.35;39.94,116.34;
#105:
>0:40.02,116.29;40.01,116.31;40.01,116.3;40.01,116.31;39.99,116.29;40.01,116.32;40.0,116.31;39.98,116.3;39.98,116.3;39.97,116.31;39.98,116.3;39.97,116.31;39.97,116.32;39.98,116.32;39.97,116.3;39.99,116.29;40.01,116.3;40.02,116.3;40.0,116.29;
#106:
>0:39.95,116.35;39.97,116.36;39.99,116.36;39.99,116.34;40.03,116.35;
#107:
>0:40.02,116.34;40.03,116.35;40.01,116.36;
#108:
>0:39.97,116.34;39.97,116.33;39.99,116.33;39.99,116.32;40.02,116.29;
#109:
>0:39.97,116.3;39.96,116.31;
#110:
>0:40.03,116.35;40.03,116.36;
#111:
>0:40.02,116.3;40.0,116.31;40.02,116.29;40.01,116.31;40.01,116.32;40.0,116.34;40.0,116.33;39.99,116.31;40.0,116.32;40.0,116.33;40.0,116.32;39.97,116.34;
#112:
>0:39.98,116.34;39.96,116.32;39.95,116.31;39.94,116.29;
#113:
>0:40.03,116.29;40.02,116.32;40.01,116.33;40.02,116.34;
#114:
>0:39.97,116.35;39.95,116.33;39.94,116.32;39.95,116.31;39.95,116.3;
#115:
>0:40.0,116.33;39.98,116.32;39.95,116.33;
#116:
>0:39.96,116.36;39.98,116.34;39.97,116.34;39.97,116.33;39.97,116.32;39.96,116.3;
#117:
>0:40.03,116.33;40.01,116.33;39.99,116.31;
#118:
>0:39.94,116.33;39.96,116.32;39.98,116.31;
#119:
>0:40.03,116.36;40.01,116.35;39.99,116.33;
#120:
>0:39.95,116.36;39.95,116.34;39.97,116.36;39.99,116.34;40.01,116.35;
#121:
>0:40.03,116.29;40.01,116.3;39.99,116.32;39.97,116.34;39.95,116.33;
#122:
>0:39.95,116.32;39.93,116.33;
#123:
>0:40.01,116.29;40.02,116.31;40.01,116.33;40.01,116.31;39.99,116.31;40.02,116.31;39.98,116.3;40.01,116.31;39.99,116.29;40.0,116.31;39.99,116.3;40.01,116.31;39.99,116.31;39.97,116.31;39.98,116.32;39.98,116.33;39.98,116.32;39.99,116.32;39.97,116.33;39.99,116.33;39.98,116.33;
#124:
>0:40.0,116.3;40.01,116.31;40.02,116.29;40.02,116.31;40.01,116.3;40.02,116.31;39.99,116.31;40.02,116.31;39.99,116.31;39.98,116.32;39.97,116.32;39.99,116.32;39.97,116.33;39.98,116.31;39.98,116.29;39.97,116.32;39.98,116.32;39.97,116.34;39.97,116.33;39.99,116.32;40.0,116.31;40.01,116.31;40.02,116.32;40.0,116.29;
#125:
>0:40.01,116.29;40.01,116.31;39.99,116.31;40.01,116.31;40.0,116.29;40.01,116.31;40.0,116.31;39.98,116.31;39.97,116.33;39.98,116.34;39.97,116.32;39.98,116.33;39.97,116.35;39.98,116.33;39.98,116.34;
#126:
>0:39.97,116.36;39.98,116.35;39.98,116.34;39.99,116.34;39.97,116.3;
#127:
>0:39.98,116.35;39.97,116.34;39.98,116.32;39.99,116.31;40.01,116.3;
#128:
>0:39.95,116.3;39.98,116.31;39.98,116.32;39.98,116.33;
#129:
>0:39.98,116.36;39.98,116.35;39.95,116.34;39.93,116.34;
#130:
>0:39.95,116.34;39.98,116.36;40.0,116.34;40.02,116.35;
#131:
>0:40.0,116.3;40.02,116.31;40.03,116.32;
#132:
>0:39.95,116.33;39.95,116.35;39.98,116.36;
#133:
>0:40.0,116.3;39.97,116.3;39.96,116.3;
#134:
>0:39.95,116.3;39.94,116.32;39.93,116.33;39.96,116.34;39.96,116.35;39.95,116.37;
#135:
>0:39.94,116.35;39.95,116.34;39.96,116.34;39.98,116.36;40.02,116.35;
#136:
>0:40.0,116.3;40.01,116.31;40.02,116.29;40.02,116.31;40.04,116.31;40.02,116.29;40.01,116.31;40.02,116.29;40.01,116.31;40.0,116.31;39.97,116.32;39.97,116.32;40.0,116.33;39.98,116.32;39.98,116.34;39.97,116.34;
#137:
>0:40.0,116.34;40.0,116.35;
#138:
>0:40.02,116.3;40.0,116.31;40.01,116.3;40.01,116.31;40.01,116.29;40.01,116.31;39.99,116.31;40.01,116.3;40.0,116.29;40.02,116.31;40.02,116.3;40.01,116.3;40.0,116.3;40.01,116.3;40.0,116.31;40.02,116.31;40.01,116.3;40.01,116.31;40.0,116.3;40.01,116.31;40.02,116.3;40.0,116.31;40.0,116.29;40.01,116.3;
#139:
>0:39.99,116.36;39.97,116.35;39.95,116.34;39.93,116.34;
#140:
>0:39.94,116.32;39.95,116.33;39.98,116.32;39.99,116.33;40.01,116.31;
#141:
>0:40.02,116.36;40.01,116.35;39.99,116.34;39.98,116.35;39.98,116.34;39.95,116.35;
#142:
>0:39.98,116.36;39.99,116.35;39.99,116.34;
#143:
>0:40.02,116.36;40.0,116.35;40.0,116.33;
#144:
>0:40.02,116.3;40.02,116.32;40.02,116.3;40.02,116.32;40.0,116.3;40.01,116.31;40.0,116.31;40.02,116.31;40.01,116.3;40.01,116.31;40.01,116.3;40.01,116.31;40.01,116.29;40.0,116.31;40.01,116.29;40.0,116.3;
#145:
>0:40.03,116.34;40.02,116.32;40.0,116.33;
#146:
>0:40.01,116.35;40.0,116.33;39.97,116.34;39.96,116.35;39.94,116.33;
#147:
>0:40.01,116.3;40.01,116.3;39.99,116.32;40.01,116.31;40.02,116.3;40.01,116.31;39.99,116.3;40.0,116.32;40.0,116.33;39.99,116.32;40.01,116.31;39.99,116.32;39.98,116.31;40.0,116.31;39.98,116.3;39.98,116.3;39.98,116.31;39.97,116.33;39.97,116.31;39.98,116.34;
