#0:
>0:39.84,116.11;38.13,116.23;
#1:
>0:24.46,116.67;27.24,115.91;30.76,116.03;
#2:
>0:31.57,114.42;35.05,115.27;38.96,114.93;
#3:
>0:27.14,116.82;27.3,115.91;30.11,115.48;35.58,115.51;
#4:
>0:40.35,115.86;38.84,116.03;
#5:
>0:33.97,114.61;35.77,115.03;37.56,115.18;
#6:
>0:39.35,116.14;39.33,116.12;
#7:
>0:22.66,115.27;23.42,115.07;
#8:
>0:28.82,116.42;31.17,115.93;24.75,116.83;
#9:
>0:29.81,113.89;25.69,114.63;26.34,115.13;25.69,115.63;28.02,116.28;
#10:
>0:39.4,116.66;38.7,116.07;37.93,115.77;36.55,115.72;39.52,114.4;
#11:
>0:40.46,115.02;34.63,115.76;31.91,116.17;31.28,116.06;26.75,116.16;
#12:
>0:32.08,116.37;37.46,116.41;
#13:
>0:34.02,115.04;36.34,115.48;39.75,116.03;
#14:
>0:32.04,115.08;33.56,115.82;31.9,115.95;
#15:
>0:39.75,115.96;38.24,116.21;
#16:
>0:31.73,116.39;36.29,116.22;38.17,115.76;39.7,115.26;36.8,114.51;
#17:
>0:35.35,115.51;31.77,116.15;31.24,116.14;26.45,116.69;22.7,116.35;
#18:
>0:40.04,116.2;38.47,115.98;
#19:
>0:38.15,115.95;39.15,115.63;
#20:
>0:28.83,116.74;32.6,116.35;35.1,115.86;38.54,115.7;37.19,115.06;38.81,113.85;
#21:
>0:28.47,116.72;25.94,116.65;
#22:
>0:35.2,116.69;40.03,115.92;37.51,115.58;37.83,115.16;37.82,114.61;36.85,114.27;
#23:
>0:40.11,114.55;36.01,114.55;32.18,114.59;
#24:
>0:40.51,116.12;38.46,115.92;
#25:
>0:32.2,116.6;33.08,116.38;
#26:
>0:40.14,116.28;37.65,116.1;
#27:
>0:38.23,114.84;35.32,114.78;34.27,115.11;31.45,115.81;25.88,114.77;
#28:
>0:26.99,116.14;29.63,115.35;29.02,115.95;32.82,116.61;38.45,115.77;
#29:
>0:39.99,116.54;40.31,116.77;
#30:
>0:38.67,116.12;38.4,116.16;
#31:
>0:38.37,115.91;39.37,116.22;
#32:
>0:32.99,116.02;30.48,116.48;
#33:
>0:37.85,116.8;34.72,116.28;32.21,115.76;29.11,114.9;25.73,115.01;25.17,114.95;
#34:
>0:25.83,113.97;31.15,114.49;28.86,115.25;34.06,115.15;38.79,115.03;
#35:
>0:39.03,115.88;40.03,116.13;
#36:
>0:31.9,116.44;35.52,116.63;
#37:
>0:39.48,116.26;38.97,116.03;
#38:
>0:27.84,114.58;25.22,114.26;
#39:
>0:25.08,114.82;24.83,113.97;26.64,114.78;32.4,114.95;
#40:
>0:38.64,116.01;40.07,115.94;
#41:
>0:26.82,114.47;25.83,114.74;
#42:
>0:37.2,115.75;34.46,116.32;31.18,116.01;25.79,116.12;
#43:
>0:35.21,116.27;34.29,116.32;31.69,115.4;29.09,115.01;29.66,115.54;27.24,115.13;30.12,114.95;33.53,115.49;33.82,115.89;31.91,116.75;36.68,116.76;38.68,115.89;39.72,116.36;39.41,115.99;39.47,116.01;
#44:
>0:28.65,115.13;30.4,115.52;
#45:
>0:40.24,115.87;39.79,116.61;
#46:
>0:37.67,116.24;40.3,116.02;
#47:
>0:39.44,116.3;38.06,115.87;
#48:
>0:39.46,115.88;38.54,116.28;
#49:
>0:23.8,116.06;22.78,115.69;22.68,115.04;27.35,115.23;22.9,114.27;
#50:
>0:31.78,115.91;37.48,116.01;40.01,115.68;36.82,115.3;37.48,114.09;
#51:
>0:33.83,114.39;34.57,114.32;39.96,114.16;
#52:
>0:36.88,114.56;40.36,115.11;37.93,115.38;40.35,115.97;
#53:
>0:37.78,116.1;37.66,116.13;
#54:
>0:29.32,116.21;32.8,115.99;
#55:
>0:39.73,116.15;38.39,116.29;
#56:
>0:32.26,115.62;31.07,115.22;
#57:
>0:38.76,115.89;38.63,116.21;
#58:
>0:38.68,115.02;37.23,115.64;33.94,116.21;35.46,116.69;
#59:
>0:38.9,116.09;39.37,115.89;
#60:
>0:31.82,116.45;29.56,116.33;29.86,115.47;31.3,114.93;28.62,114.74;
#61:
>0:27.84,115.06;29.39,115.66;29.07,115.14;34.07,115.69;39.3,115.19;
#62:
>0:38.46,116.72;39.3,116.78;
#63:
>0:38.75,116.08;37.65,116.29;
#64:
>0:39.28,114.46;34.79,115.12;37.36,115.82;36.95,116.32;
#65:
>0:39.74,116.17;38.45,116.28;
#66:
>0:30.0,115.44;27.64,115.07;31.44,114.95;37.25,114.16;
#67:
>0:33.68,113.97;29.09,114.77;28.63,115.16;
#68:
>0:37.9,116.51;37.14,116.78;34.15,116.84;31.24,116.42;27.09,116.57;
#69:
>0:24.19,116.78;28.08,115.98;30.44,115.36;30.8,114.86;37.12,115.01;
#70:
>0:39.98,115.9;37.71,116.19;
#71:
>0:31.93,113.91;31.1,114.36;30.29,114.91;34.41,114.85;36.32,115.84;31.58,116.58;
#72:
>0:30.29,114.14;28.65,114.82;31.22,114.88;31.69,115.11;36.31,115.47;31.76,116.54;
#73:
>0:27.94,115.43;30.13,115.22;33.78,116.19;
#74:
>0:31.11,114.53;29.84,113.85;
#75:
>0:23.8,116.03;26.71,116.46;29.94,116.69;
#76:
>0:38.05,116.18;39.77,116.3;
#77:
>0:36.89,114.6;32.48,114.88;33.46,115.45;
#78:
>0:30.2,116.15;34.34,115.88;
#79:
>0:38.73,116.73;38.72,116.65;
#80:
>0:29.12,115.71;27.04,114.88;29.7,115.2;34.76,114.32;
#81:
>0:29.43,114.08;32.18,113.96;36.16,114.6;39.62,114.53;
#82:
>0:39.0,116.11;38.82,116.13;
#83:
>0:39.28,115.98;39.28,116.23;
#84:
>0:24.8,116.21;27.82,115.39;26.82,114.85;32.17,114.51;
#85:
>0:30.92,116.6;29.38,116.18;25.41,116.43;
#86:
>0:40.24,116.14;38.94,116.1;
#87:
>0:32.31,115.72;35.84,114.94;37.28,114.59;
#88:
>0:31.47,113.95;29.85,114.69;29.1,114.85;33.09,115.77;36.12,115.93;
#89:
>0:37.59,116.17;37.38,115.4;33.92,115.69;29.9,115.77;26.32,115.75;22.62,115.61;
#90:
>0:38.55,115.93;38.75,116.2;
#91:
>0:34.0,116.22;35.91,115.88;35.88,115.19;
#92:
>0:40.03,115.88;38.5,116.2;
#93:
>0:22.59,115.47;23.74,115.17;27.76,114.77;28.79,114.94;35.8,113.96;
#94:
>0:40.34,115.99;38.75,116.03;
#95:
>0:38.33,115.39;35.73,116.0;34.23,116.21;31.06,115.92;25.69,116.07;
#96:
>0:40.16,116.28;40.44,115.87;
#97:
>0:38.13,116.69;39.71,116.69;
#98:
>0:35.85,116.77;31.58,116.69;34.89,116.15;37.63,115.69;38.12,114.37;
#99:
>0:24.0,114.3;25.43,114.27;
#100:
>0:30.42,114.2;27.63,114.74;26.1,114.99;26.46,115.39;28.14,116.19;
#101:
>0:38.02,116.13;38.47,116.2;
#102:
>0:33.65,116.75;28.57,116.26;
#103:
>0:39.95,116.31;38.64,116.24;
#104:
>0:39.51,116.34;40.41,116.14;
#105:
>0:40.19,116.11;39.98,115.94;
#106:
>0:40.24,116.05;38.8,116.28;
#107:
>0:39.79,116.72;39.6,116.6;
#108:
>0:23.1,116.78;26.34,116.64;28.22,116.18;31.1,115.57;24.05,114.78;
#109:
>0:24.81,116.15;26.37,115.67;30.1,115.38;31.69,115.34;
#110:
>0:32.48,116.75;30.25,116.03;
#111:
>0:40.12,116.12;37.73,115.94;
#112:
>0:31.71,114.82;36.31,115.12;38.01,114.34;
#113:
>0:39.12,115.98;37.7,116.27;
#114:
>0:25.99,113.96;27.5,114.47;28.26,114.92;25.66,115.63;26.69,116.19;
#115:
>0:25.48,114.7;27.45,114.76;
#116:
>0:31.61,116.46;33.28,116.14;33.45,115.58;31.9,115.29;
#117:
>0:24.45,116.01;23.34,115.43;22.91,114.93;25.82,115.12;25.25,113.95;
#118:
>0:31.65,114.31;29.89,114.64;26.21,115.2;
#119:
>0:29.2,114.04;33.48,113.96;36.67,114.68;40.12,114.45;
#120:
>0:39.09,116.78;40.19,116.21;37.32,115.68;32.45,115.58;33.42,114.35;
#121:
>0:25.54,116.74;28.52,116.82;28.43,116.24;30.22,115.82;25.6,115.22;27.51,113.95;
#122:
>0:38.88,116.76;36.06,116.78;31.68,116.44;28.64,116.65;28.41,116.62;
#123:
>0:24.49,114.51;25.63,115.02;28.84,115.19;29.62,116.33;
#124:
>0:25.24,116.44;28.26,116.72;28.0,116.22;29.59,115.41;28.46,114.93;29.11,114.11;
#125:
>0:31.45,116.5;32.34,116.33;37.31,115.43;
#126:
>0:38.61,116.03;39.01,115.87;
#127:
>0:33.54,116.07;29.75,115.54;29.35,115.03;31.4,114.37;
#128:
>0:31.4,116.82;29.01,116.05;24.53,116.85;
#129:
>0:39.87,116.22;38.37,115.97;
#130:
>0:39.7,116.13;38.07,116.33;
#131:
>0:29.26,116.22;33.51,116.72;35.5,116.17;38.96,116.17;
#132:
>0:40.43,113.92;37.7,114.76;38.32,114.99;37.87,115.55;37.88,116.13;
#133:
>0:38.02,116.07;39.72,115.52;
#134:
>0:39.97,114.84;36.53,114.83;33.69,115.04;31.6,116.08;
#135:
>0:33.81,114.12;31.09,114.7;31.23,115.28;
#136:
>0:29.31,114.26;30.49,114.74;30.92,115.31;37.18,115.8;
#137:
>0:31.87,116.62;36.03,116.28;32.17,115.98;29.36,115.3;
#138:
>0:32.85,115.3;35.54,115.46;40.51,115.4;
#139:
>0:29.81,115.01;31.16,114.73;30.55,114.2;
#140:
>0:22.8,116.51;26.2,116.6;29.64,115.74;
#141:
>0:37.33,114.43;38.26,114.99;39.32,115.49;39.22,116.04;
#142:
>0:30.5,116.65;28.88,115.95;24.97,116.54;
#143:
>0:40.19,115.94;39.13,115.9;
