#0:
>0:32.28,116.08;28.58,115.95;26.15,116.13;
#1:
>0:41.4,116.5;40.9,116.15;
#2:
>0:28.83,115.22;33.29,115.79;35.67,116.19;40.95,116.35;
#3:
>0:26.48,114.01;31.09,114.57;33.24,115.32;37.02,115.77;36.77,115.86;37.04,116.57;
#4:
>0:40.39,116.55;39.98,116.34;
#5:
>0:23.84,114.52;27.35,114.12;31.44,114.19;28.97,114.54;36.71,114.74;
#6:
>0:33.07,116.26;36.63,116.13;32.86,115.43;31.12,114.62;
#7:
>0:35.11,114.81;35.01,115.01;36.62,115.44;35.96,115.87;35.41,116.38;
#8:
>0:40.58,116.28;39.42,116.11;
#9:
>0:27.31,114.91;28.92,115.72;32.15,116.12;35.91,116.35;40.7,116.32;
#10:
>0:42.01,116.33;35.73,115.72;32.69,115.27;30.86,115.07;31.1,114.25;
#11:
>0:34.72,114.74;35.85,115.04;35.11,115.57;34.55,116.08;35.29,116.53;
#12:
>0:25.36,115.73;27.35,115.23;29.94,115.68;32.96,115.41;
#13:
>0:41.91,116.16;41.73,116.11;
#14:
>0:39.46,116.04;41.41,116.29;
#15:
>0:40.06,115.65;35.15,115.22;31.85,114.53;
#16:
>0:34.31,116.65;34.43,115.94;
#17:
>0:36.37,116.39;33.04,116.82;31.19,115.91;31.47,115.38;30.85,115.16;25.62,114.27;
#18:
>0:28.27,116.15;31.31,116.4;
#19:
>0:39.92,115.18;34.89,115.85;33.82,116.23;29.65,116.29;27.4,115.85;
#20:
>0:40.5,114.87;36.76,114.39;32.28,115.22;30.66,114.51;
#21:
>0:41.09,116.5;40.94,116.21;
#22:
>0:36.24,115.92;34.53,115.7;29.6,116.15;27.03,116.61;
#23:
>0:34.31,115.01;32.59,115.73;32.89,116.12;
#24:
>0:35.12,114.67;32.18,115.09;28.56,115.7;27.56,115.6;24.03,116.48;
#25:
>0:32.97,116.5;29.47,116.12;26.17,116.15;23.82,115.9;
#26:
>0:35.61,114.11;32.47,114.04;
#27:
>0:40.48,116.25;39.44,116.48;
#28:
>0:25.37,114.53;26.98,114.9;31.09,115.62;32.96,116.33;36.45,115.9;
#29:
>0:38.6,113.98;37.32,114.37;32.96,115.22;31.02,115.53;26.98,115.91;
#30:
>0:27.56,115.55;29.46,115.23;31.38,114.81;31.37,114.22;
#31:
>0:39.74,116.69;39.03,116.52;
#32:
>0:39.4,116.59;41.3,116.5;
#33:
>0:33.37,116.48;30.13,115.97;27.64,115.97;25.46,115.91;
#34:
>0:27.18,115.25;26.07,114.83;30.38,114.25;36.0,114.75;
#35:
>0:34.28,116.07;34.12,115.39;38.57,115.27;
#36:
>0:28.66,116.61;30.42,115.94;31.5,115.68;27.56,115.65;23.69,114.76;
#37:
>0:29.0,115.64;32.89,115.72;
#38:
>0:27.24,116.62;30.43,116.82;32.88,115.98;32.23,115.6;38.0,116.46;
#39:
>0:40.08,114.0;36.16,114.18;
#40:
>0:36.61,114.28;32.05,114.44;30.1,114.74;
#41:
>0:23.65,115.58;27.51,115.2;31.18,115.39;33.99,116.15;32.06,115.81;38.44,115.05;
#42:
>0:37.25,116.16;40.53,116.61;
#43:
>0:25.07,114.94;24.95,115.66;
#44:
>0:39.24,116.23;39.56,116.48;
#45:
>0:33.95,114.04;28.8,114.83;26.06,114.87;
#46:
>0:38.11,116.5;38.09,116.49;
#47:
>0:39.31,115.23;36.58,114.61;34.43,115.11;29.93,114.3;
#48:
>0:39.41,116.36;39.46,116.55;
#49:
>0:39.47,116.24;40.5,116.37;
#50:
>0:33.41,115.91;30.22,116.09;
#51:
>0:38.19,114.01;36.74,114.84;34.48,114.85;33.83,114.37;27.28,114.84;
#52:
>0:28.07,116.2;31.5,115.52;32.43,115.59;
#53:
>0:34.23,116.75;31.65,116.3;
#54:
>0:30.74,115.99;33.77,115.63;34.66,115.8;
#55:
>0:41.27,116.52;41.99,116.12;
#56:
>0:23.23,115.4;26.18,114.98;28.66,115.68;33.89,115.63;
#57:
>0:31.25,115.74;33.72,115.79;36.53,115.76;38.51,115.8;
#58:
>0:40.17,116.19;41.68,115.92;
#59:
>0:40.49,116.16;39.9,116.38;
#60:
>0:26.19,113.89;31.12,114.56;32.59,115.11;35.5,115.6;39.95,116.37;
#61:
>0:35.65,114.4;36.8,115.35;35.36,115.37;37.13,116.14;35.11,116.44;
#62:
>0:40.1,116.21;40.64,116.33;
#63:
>0:40.11,115.34;36.82,114.79;33.5,115.1;29.01,115.15;
#64:
>0:40.21,116.14;39.24,116.59;
#65:
>0:39.31,116.56;41.03,116.53;
#66:
>0:39.54,116.78;35.92,115.89;31.84,116.73;
#67:
>0:30.95,116.56;33.31,115.92;36.58,115.73;
#68:
>0:37.78,116.55;40.5,116.79;
#69:
>0:38.62,114.23;35.57,114.4;32.67,115.32;32.6,115.67;34.81,116.11;33.36,116.77;
#70:
>0:28.34,116.82;30.91,116.2;31.73,115.42;
#71:
>0:38.94,115.97;40.92,116.12;
#72:
>0:39.34,116.8;39.93,116.59;
#73:
>0:40.25,114.48;36.56,115.3;32.83,115.51;28.7,116.14;26.41,116.14;23.64,116.34;
#74:
>0:34.01,114.34;35.85,114.72;39.96,115.08;39.77,115.51;41.59,116.46;
#75:
>0:34.93,116.69;31.79,116.54;31.19,116.0;29.7,115.25;
#76:
>0:40.28,116.53;39.39,116.41;
#77:
>0:38.48,114.19;35.25,114.76;32.59,114.92;32.08,115.8;29.61,115.38;33.34,116.79;
#78:
>0:26.98,114.09;29.51,113.92;34.04,114.82;
#79:
>0:27.78,114.97;30.5,114.65;
#80:
>0:40.78,116.23;40.16,116.44;
#81:
>0:35.78,115.35;33.79,115.1;
#82:
>0:31.32,116.85;33.69,116.33;31.93,115.41;34.88,115.7;36.9,114.67;
#83:
>0:30.49,116.78;29.83,116.21;30.16,115.81;29.62,115.05;
#84:
>0:35.07,116.78;39.5,116.59;38.48,115.6;
#85:
>0:32.37,115.98;33.62,115.61;30.7,115.62;28.65,114.53;
#86:
>0:37.65,115.34;35.05,115.47;31.57,115.92;28.8,116.08;25.67,116.14;
#87:
>0:39.34,116.51;35.05,115.65;33.82,114.89;
#88:
>0:41.84,116.52;41.4,116.49;
#89:
>0:31.6,114.25;29.04,114.67;27.18,114.9;22.85,115.28;
#90:
>0:40.39,116.33;41.04,116.23;
#91:
>0:28.8,116.06;34.09,115.64;34.93,115.58;38.84,115.72;
#92:
>0:23.33,116.13;26.05,115.46;30.57,115.05;33.72,114.5;
#93:
>0:30.97,116.1;29.85,115.69;26.47,115.8;22.73,114.35;
#94:
>0:28.15,115.36;29.46,115.9;34.46,116.75;36.94,116.84;
#95:
>0:24.93,114.6;27.92,114.09;30.5,114.12;28.84,114.4;36.51,114.58;
#96:
>0:41.42,116.17;39.56,116.21;
#97:
>0:27.12,115.23;27.45,114.77;29.75,114.04;35.83,114.76;
#98:
>0:39.45,116.84;36.89,116.28;32.25,116.41;
#99:
>0:24.6,116.41;27.44,116.36;31.04,116.35;33.58,116.61;
#100:
>0:30.32,116.28;29.47,115.6;31.14,114.94;29.36,114.68;30.83,114.1;
#101:
>0:38.02,116.85;41.81,116.57;40.44,115.81;
#102:
>0:37.78,115.83;40.06,115.97;36.53,116.39;
#103:
>0:24.01,116.0;28.33,115.7;30.47,115.78;31.89,116.33;35.88,115.37;
#104:
>0:26.26,115.14;28.56,115.61;32.92,115.37;37.26,115.61;38.99,115.46;
#105:
>0:40.68,116.47;41.29,116.55;
#106:
>0:29.81,114.09;34.3,114.37;29.2,114.46;30.21,115.65;
#107:
>0:40.39,116.53;37.05,116.05;31.76,115.37;31.0,115.81;27.49,115.64;22.65,116.63;
#108:
>0:41.82,116.58;41.53,116.57;
#109:
>0:31.97,114.99;36.69,115.13;
#110:
>0:26.26,114.87;24.2,114.72;23.75,114.25;
#111:
>0:32.93,114.88;30.64,114.98;29.88,114.3;
#112:
>0:31.42,116.12;31.22,115.84;26.32,115.8;27.94,114.79;
#113:
>0:27.24,115.98;24.41,115.87;
#114:
>0:28.57,114.29;29.3,114.82;31.71,114.65;38.32,113.95;
#115:
>0:22.64,114.16;26.47,114.7;30.95,114.11;32.38,113.98;
#116:
>0:24.94,114.81;26.58,115.28;
#117:
>0:39.25,116.58;41.22,116.54;
#118:
>0:29.36,114.59;27.65,115.34;28.59,115.81;33.57,116.2;32.06,116.65;
#119:
>0:28.68,115.43;33.27,115.83;36.52,115.71;37.91,115.36;
#120:
>0:37.28,115.61;39.08,115.17;40.49,114.56;40.52,114.1;
#121:
>0:40.41,116.57;40.16,116.11;
#122:
>0:24.87,114.4;27.51,115.1;30.25,115.64;33.53,116.06;32.69,115.82;40.42,116.82;
#123:
>0:35.07,114.9;33.86,115.59;30.56,116.08;28.93,116.39;
#124:
>0:37.17,115.83;39.55,116.13;
#125:
>0:35.69,115.52;39.04,115.1;39.51,114.38;38.42,113.99;
#126:
>0:30.16,115.04;28.9,115.42;32.59,115.92;31.06,116.65;
#127:
>0:40.54,113.9;37.32,114.73;32.61,115.18;33.8,115.61;33.8,115.86;
#128:
>0:35.03,114.45;32.83,115.05;29.7,115.75;27.16,115.75;
#129:
>0:34.86,115.75;39.72,114.85;
#130:
>0:29.03,115.47;27.13,115.36;22.64,114.78;
#131:
>0:38.32,115.45;37.11,114.99;33.95,114.71;
#132:
>0:24.62,115.76;23.92,115.15;26.08,115.03;33.84,116.19;
#133:
>0:40.92,116.39;35.49,115.67;36.17,115.33;37.14,114.83;37.25,114.17;
#134:
>0:33.03,114.75;35.08,115.12;38.37,115.62;39.67,116.42;
#135:
>0:33.77,115.62;29.79,116.0;
#136:
>0:27.18,115.25;30.43,115.75;33.18,115.94;37.2,116.0;40.32,116.38;
#137:
>0:30.29,116.04;28.98,115.75;25.9,115.73;28.44,114.64;
#138:
>0:26.36,114.4;27.57,114.92;26.2,115.35;
#139:
>0:33.38,116.16;33.27,116.79;
#140:
>0:29.61,113.98;34.0,114.37;31.4,114.71;28.25,115.15;31.75,116.34;
#141:
>0:41.8,116.32;38.75,115.36;
#142:
>0:41.5,116.19;41.96,116.07;
#143:
>0:25.74,114.06;25.2,114.5;22.96,115.15;24.14,115.79;25.22,115.95;
