#0:
>0:23.23,115.95;25.18,115.67;27.95,115.61;29.84,115.5;37.48,115.35;
#1:
>0:27.09,114.32;23.51,114.49;30.4,115.08;
#2:
>0:40.21,115.98;36.03,115.65;34.3,114.91;33.66,114.82;
#3:
>0:27.54,116.61;30.83,116.24;34.44,115.39;37.38,115.05;38.39,114.77;39.61,113.97;
#4:
>0:27.72,114.27;24.13,114.84;25.0,115.18;22.76,115.66;28.36,115.83;31.03,116.61;
#5:
>0:40.58,116.38;36.4,116.51;31.97,115.94;30.84,115.94;25.87,116.33;23.28,115.8;
#6:
>0:35.41,114.1;34.23,114.19;29.88,114.58;28.75,115.84;
#7:
>0:39.35,116.11;41.29,116.41;
#8:
>0:39.52,116.41;41.73,116.11;
#9:
>0:27.18,114.34;22.96,113.84;24.92,114.81;24.51,115.71;
#10:
>0:36.81,115.14;32.29,115.64;32.01,116.28;
#11:
>0:39.01,116.5;40.17,116.22;35.3,115.73;33.83,115.21;27.61,115.07;
#12:
>0:27.55,114.57;26.4,114.48;
#13:
>0:39.93,116.14;40.36,116.15;
#14:
>0:41.37,116.15;41.72,116.12;
#15:
>0:40.44,116.5;40.48,116.52;
#16:
>0:35.91,115.01;32.32,115.59;33.67,115.92;
#17:
>0:34.97,115.32;31.87,114.83;30.74,114.48;25.84,115.28;25.28,114.26;
#18:
>0:29.05,115.14;31.63,115.17;33.45,116.08;
#19:
>0:28.31,115.19;28.92,115.36;34.37,115.94;31.05,116.5;
#20:
>0:33.21,116.16;28.9,116.16;
#21:
>0:27.23,114.79;26.0,115.07;32.52,115.29;
#22:
>0:40.58,116.37;40.65,116.42;
#23:
>0:26.94,116.36;24.1,116.44;25.68,115.97;32.15,114.97;
#24:
>0:38.76,115.59;37.46,115.78;34.31,115.65;31.3,115.7;
#25:
>0:36.2,116.69;32.67,115.96;31.52,115.69;25.97,115.15;27.8,114.6;26.48,113.85;
#26:
>0:27.22,114.24;23.32,114.09;23.92,114.82;24.96,115.42;
#27:
>0:41.49,116.37;35.2,116.68;37.16,115.85;33.38,116.49;26.13,115.61;
#28:
>0:33.76,115.45;28.61,115.26;28.02,114.62;28.1,114.08;
#29:
>0:38.68,113.87;37.52,114.56;32.27,115.13;28.67,115.4;26.37,115.79;23.61,115.79;
#30:
>0:24.71,115.58;24.47,114.9;28.34,114.77;32.31,114.79;
#31:
>0:24.98,116.25;25.0,115.71;
#32:
>0:22.7,116.65;27.88,116.05;29.69,115.71;33.2,116.15;36.89,116.58;40.71,116.4;
#33:
>0:36.32,115.42;33.3,115.31;30.18,116.07;
#34:
>0:27.28,116.15;22.74,115.62;
#35:
>0:40.91,116.48;40.36,116.44;
#36:
>0:41.98,116.29;40.92,116.5;
#37:
>0:26.18,116.38;23.82,116.44;26.08,116.17;33.57,115.24;
#38:
>0:35.07,116.09;36.46,115.78;30.39,115.62;
#39:
>0:40.21,116.36;39.96,116.17;
#40:
>0:41.94,116.26;41.94,116.17;
#41:
>0:37.2,115.74;34.5,114.97;30.05,114.9;27.03,114.75;
#42:
>0:33.49,114.47;29.15,115.0;27.62,115.82;22.76,115.91;
#43:
>0:40.91,116.12;41.1,116.23;
#44:
>0:26.63,115.55;30.04,115.36;27.14,114.74;
#45:
>0:35.93,116.6;32.64,116.32;30.91,115.78;27.58,114.94;23.26,114.49;
#46:
>0:23.41,116.7;28.4,116.22;31.52,115.53;33.67,115.66;36.97,114.86;36.81,114.25;
#47:
>0:28.43,115.02;29.16,114.88;33.6,115.27;33.41,115.78;38.09,114.67;
#48:
>0:24.06,116.16;23.67,115.44;
#49:
>0:34.9,116.04;36.22,115.79;36.1,115.16;40.51,114.83;39.92,113.88;
#50:
>0:35.46,115.76;33.5,115.33;28.98,115.04;28.24,114.6;
#51:
>0:34.99,114.48;31.92,114.85;33.42,115.37;33.08,116.32;
#52:
>0:41.98,116.4;40.12,116.23;
#53:
>0:39.36,114.2;39.05,114.67;31.74,115.0;
#54:
>0:25.31,115.04;27.84,114.5;29.27,115.09;32.54,113.92;
#55:
>0:31.84,116.5;31.06,116.63;
#56:
>0:40.1,116.21;39.07,116.49;
#57:
>0:38.17,113.92;36.34,114.6;32.83,115.2;33.98,115.39;29.15,116.16;23.13,116.66;
#58:
>0:39.42,116.57;38.59,116.65;
#59:
>0:40.6,116.29;41.2,115.97;
#60:
>0:28.26,115.5;27.27,115.74;
#61:
>0:39.9,116.33;39.91,116.11;
#62:
>0:40.52,115.55;35.7,115.39;34.05,115.56;29.85,115.8;
#63:
>0:33.85,114.45;28.93,115.16;32.73,114.96;35.98,115.97;
#64:
>0:33.06,115.32;30.68,114.71;
#65:
>0:23.1,116.78;28.41,116.07;28.8,115.35;33.45,115.42;35.88,114.9;37.24,113.96;
#66:
>0:30.65,115.87;26.22,115.83;28.65,115.81;26.42,115.3;34.02,113.88;
#67:
>0:39.31,116.51;40.97,116.45;
#68:
>0:40.32,113.91;35.47,114.26;36.39,114.81;33.71,114.98;28.69,115.41;22.77,114.56;
#69:
>0:35.2,115.65;33.62,115.03;32.92,115.56;31.17,116.18;22.59,116.65;
#70:
>0:24.63,116.52;25.77,115.94;31.26,116.37;
#71:
>0:28.94,114.82;26.98,115.23;24.93,114.88;
#72:
>0:24.7,115.57;24.2,115.68;
#73:
>0:35.97,115.59;33.92,115.32;29.24,115.59;27.67,115.3;22.75,114.31;
#74:
>0:37.37,116.8;35.98,116.01;36.51,115.44;34.44,115.02;29.89,114.46;
#75:
>0:33.74,115.87;34.93,116.3;33.29,114.87;
#76:
>0:32.68,115.26;29.46,114.7;
#77:
>0:37.77,116.63;38.11,116.41;
#78:
>0:29.84,115.15;33.04,115.66;36.2,116.34;38.74,116.62;
#79:
>0:33.68,114.83;34.96,114.49;38.74,114.76;
#80:
>0:37.28,113.9;36.08,114.44;34.07,115.01;34.3,115.57;35.3,116.07;40.25,116.81;
#81:
>0:24.11,116.69;27.31,115.97;30.81,116.06;
#82:
>0:32.01,115.68;34.84,115.04;39.23,114.53;31.6,114.24;
#83:
>0:33.79,114.94;34.14,115.66;40.01,115.67;
#84:
>0:36.37,114.31;34.53,114.12;31.3,114.59;31.1,115.7;
#85:
>0:27.98,114.82;27.48,115.24;34.4,114.99;
#86:
>0:37.89,116.68;40.6,116.17;35.06,115.43;33.85,115.09;26.47,115.25;
#87:
>0:30.1,116.78;34.42,116.22;36.78,115.77;38.72,115.04;
#88:
>0:40.39,115.08;39.28,115.6;36.53,115.47;32.98,115.28;26.24,114.94;
#89:
>0:37.26,115.91;32.49,115.71;29.5,114.89;28.47,114.82;27.28,114.22;
#90:
>0:38.1,114.63;36.04,114.43;32.39,115.0;31.74,115.42;34.18,116.77;
#91:
>0:29.93,113.87;27.97,114.06;24.28,114.61;
#92:
>0:37.52,116.67;32.25,116.06;30.98,115.83;26.48,114.98;27.11,114.59;
#93:
>0:35.73,114.86;39.92,115.25;36.43,116.04;
#94:
>0:40.51,116.4;40.55,116.56;34.72,115.83;37.15,114.96;35.85,114.54;
#95:
>0:23.05,116.31;26.05,115.93;30.96,115.63;32.62,115.71;33.82,116.19;40.08,116.29;
#96:
>0:28.91,116.07;33.8,116.59;34.82,116.45;
#97:
>0:41.56,116.58;39.64,116.19;
#98:
>0:39.54,116.15;36.54,116.57;34.47,116.11;30.59,116.49;
#99:
>0:39.61,116.15;41.35,116.48;
#100:
>0:39.36,116.55;39.09,116.53;
#101:
>0:30.42,114.42;34.05,114.6;
#102:
>0:41.73,116.3;40.86,116.6;
#103:
>0:29.66,114.87;26.75,114.93;23.43,114.87;
#104:
>0:38.73,113.9;36.89,114.66;32.64,115.34;30.77,115.47;27.48,115.73;23.21,115.69;
#105:
>0:41.36,116.36;40.26,116.19;
#106:
>0:38.06,115.1;40.32,115.49;36.46,115.47;33.62,115.0;25.91,115.29;
#107:
>0:38.47,116.42;41.3,116.23;35.52,116.79;33.7,116.03;28.77,116.26;23.46,116.16;
#108:
>0:24.62,116.62;26.77,116.27;30.11,116.69;
#109:
>0:31.28,114.06;33.09,114.81;29.92,114.97;34.16,115.15;31.81,115.47;29.99,116.49;
#110:
>0:23.63,115.15;25.78,114.63;28.97,114.93;34.46,114.15;
#111:
>0:32.79,115.34;33.35,115.66;33.99,116.24;32.24,116.83;
#112:
>0:40.79,116.47;41.89,116.27;
#113:
>0:38.51,114.93;35.48,114.61;31.77,114.85;30.41,115.68;27.06,114.91;24.25,114.99;
#114:
>0:27.62,114.92;26.19,114.49;33.46,114.69;
#115:
>0:39.51,116.12;39.4,116.14;
#116:
>0:26.73,115.58;31.16,115.47;26.82,114.54;
#117:
>0:27.16,115.4;26.84,115.81;
#118:
>0:39.88,114.24;36.32,114.73;34.42,115.15;29.01,115.72;27.69,115.37;23.31,115.5;
#119:
>0:38.44,114.21;36.07,114.82;31.93,114.86;28.56,115.52;27.33,115.71;23.97,115.66;
#120:
>0:27.07,114.94;28.48,115.34;
#121:
>0:38.29,115.39;35.48,115.51;33.24,115.12;31.06,115.17;26.77,114.58;
#122:
>0:26.34,115.8;30.02,116.23;
#123:
>0:36.5,114.16;34.26,113.86;30.25,114.66;28.68,115.73;
#124:
>0:40.15,116.7;40.49,116.35;40.45,115.61;
#125:
>0:41.24,116.3;35.59,116.34;33.47,116.71;28.65,116.18;25.99,116.18;23.58,115.5;
#126:
>0:40.49,116.41;40.71,116.18;
#127:
>0:30.33,115.05;29.94,114.79;33.38,114.34;
#128:
>0:36.05,116.48;32.74,116.29;31.46,115.48;27.11,115.29;25.44,115.18;
#129:
>0:26.54,115.68;31.43,115.52;34.39,115.42;34.9,115.92;40.08,116.84;
#130:
>0:35.45,115.75;38.01,115.33;
#131:
>0:23.96,116.57;27.19,116.07;28.75,115.81;33.54,115.42;35.21,115.26;38.09,115.62;
#132:
>0:36.68,114.61;33.27,115.3;33.74,115.64;28.56,116.33;
#133:
>0:34.53,114.83;28.84,114.8;
#134:
>0:26.01,115.75;29.3,116.1;32.83,116.36;
#135:
>0:29.31,114.54;26.41,114.9;30.14,115.49;34.54,115.95;31.65,116.69;
#136:
>0:23.35,116.22;24.94,115.54;
#137:
>0:32.03,115.1;33.86,115.66;41.17,116.53;
#138:
>0:27.07,114.16;23.22,114.35;25.65,114.47;30.98,115.62;
#139:
>0:26.87,115.46;31.3,115.42;28.37,114.72;
#140:
>0:36.24,116.38;34.37,115.91;30.43,115.55;27.04,115.13;23.95,114.91;
#141:
>0:34.99,114.9;39.22,114.69;39.18,114.04;
#142:
>0:31.5,114.89;34.16,115.32;32.17,115.96;
#143:
>0:41.52,116.6;41.17,116.24;
