#0:
>0:28.49,115.88;27.59,116.1;
#1:
>0:34.21,116.69;28.9,116.33;30.21,115.47;
#2:
>0:33.79,114.1;33.0,114.69;39.07,114.13;
#3:
>0:37.26,115.75;33.06,115.98;30.63,115.62;27.96,115.32;24.91,114.26;
#4:
>0:30.13,113.92;27.74,114.35;27.37,115.33;28.15,115.78;26.21,115.94;25.14,116.85;
#5:
>0:39.32,115.86;35.46,115.27;37.13,114.37;
#6:
>0:26.84,116.54;31.42,116.57;30.9,116.12;38.26,115.98;
#7:
>0:29.58,113.85;32.41,114.31;
#8:
>0:24.11,114.48;22.75,113.88;
#9:
>0:37.01,114.61;34.33,115.15;30.13,115.36;27.16,115.8;23.85,115.94;
#10:
>0:37.2,114.18;35.35,114.78;
#11:
>0:40.8,116.92;35.76,116.4;35.11,116.18;34.72,115.98;36.64,114.36;
#12:
>0:29.44,114.2;32.57,114.4;35.97,115.04;40.6,115.88;
#13:
>0:30.18,116.26;26.24,115.91;23.28,115.81;
#14:
>0:36.35,115.05;33.78,115.34;29.46,115.5;25.73,115.45;23.4,116.25;
#15:
>0:37.24,116.01;34.36,115.5;29.07,116.26;28.15,116.28;23.91,116.5;
#16:
>0:28.05,115.96;30.63,115.83;29.7,115.15;37.13,114.56;
#17:
>0:33.94,114.17;34.59,114.65;
#18:
>0:31.52,114.85;28.32,114.56;23.55,114.28;
#19:
>0:40.36,115.95;35.67,116.11;32.06,116.23;28.58,116.46;30.13,115.86;23.55,115.05;
#20:
>0:38.19,115.77;34.88,115.96;31.96,116.35;29.14,115.56;26.6,115.81;25.35,115.72;
#21:
>0:38.35,114.74;35.39,115.12;32.19,115.53;34.38,116.1;32.63,116.51;
#22:
>0:36.41,114.32;35.53,114.61;32.84,115.3;36.15,115.74;36.63,115.89;
#23:
>0:41.44,116.49;40.25,116.33;
#24:
>0:33.86,114.46;36.16,115.3;
#25:
>0:23.78,115.7;27.27,115.54;29.48,114.89;29.1,113.89;
#26:
>0:25.01,116.85;26.17,116.79;28.44,116.28;28.61,115.9;36.49,116.09;
#27:
>0:28.4,116.77;29.8,115.89;32.75,115.86;36.26,116.09;41.6,116.47;
#28:
>0:30.05,116.2;31.65,115.78;32.66,114.97;35.49,114.36;34.88,114.23;
#29:
>0:33.83,115.11;28.62,114.4;28.78,114.0;
#30:
>0:36.61,113.87;34.9,114.68;
#31:
>0:35.88,114.86;33.91,114.66;30.58,113.92;27.35,114.14;
#32:
>0:39.22,114.72;39.55,114.85;
#33:
>0:26.46,115.9;30.21,116.77;
#34:
>0:40.01,114.8;36.08,114.23;32.52,114.34;28.92,113.87;
#35:
>0:36.27,115.87;37.5,116.1;
#36:
>0:37.91,114.9;39.58,114.55;36.79,115.14;31.98,114.98;30.82,115.56;23.86,115.23;
#37:
>0:27.76,115.47;24.96,115.24;22.77,114.59;
#38:
>0:28.37,115.66;28.58,115.99;
#39:
>0:32.69,114.33;30.88,113.88;
#40:
>0:37.35,114.24;33.68,114.73;29.23,115.04;26.25,115.26;
#41:
>0:37.29,114.9;36.12,114.4;30.93,115.14;
#42:
>0:39.27,115.19;38.54,115.89;
#43:
>0:25.28,115.58;27.98,116.33;
#44:
>0:25.79,116.59;27.35,116.05;24.36,115.84;24.07,115.3;
#45:
>0:39.33,115.3;36.42,115.75;
#46:
>0:29.41,114.32;28.99,114.84;31.19,115.02;
#47:
>0:41.56,116.45;39.94,116.41;
#48:
>0:31.99,115.31;30.05,114.43;
#49:
>0:31.31,114.12;33.02,114.75;30.15,115.04;28.46,115.35;
#50:
>0:28.55,114.32;30.19,114.72;32.37,114.97;36.08,115.98;37.76,115.99;
#51:
>0:41.17,116.27;40.76,116.41;
#52:
>0:41.81,116.46;41.57,116.32;
#53:
>0:24.2,114.28;27.25,114.3;30.12,114.84;31.93,114.65;
#54:
>0:35.65,114.19;34.43,114.45;34.4,113.99;27.29,115.27;
#55:
>0:22.93,114.48;24.59,114.24;26.46,114.0;29.22,114.73;34.4,114.09;39.19,114.23;
#56:
>0:25.49,113.87;27.5,114.18;28.88,114.66;34.13,115.07;33.44,116.31;
#57:
>0:29.32,114.02;32.28,114.5;29.12,115.13;32.65,115.84;25.65,116.13;
#58:
>0:24.46,113.92;27.62,114.1;31.52,114.48;31.21,114.96;32.16,115.36;38.74,115.82;
#59:
>0:26.26,115.56;25.5,116.03;
#60:
>0:32.44,113.84;31.07,114.63;33.89,115.18;34.74,115.82;33.86,115.95;31.8,116.44;
#61:
>0:27.16,116.21;28.93,115.52;30.66,116.19;36.38,115.94;
#62:
>0:37.64,115.33;38.41,114.45;31.83,115.21;
#63:
>0:34.17,116.11;36.7,115.61;36.34,115.09;36.27,114.58;37.37,114.22;
#64:
>0:24.98,115.1;23.49,115.6;29.09,115.05;
#65:
>0:39.37,114.61;37.92,114.89;
#66:
>0:31.2,116.42;29.99,116.27;35.1,116.1;
#67:
>0:31.27,115.46;26.19,116.28;23.0,116.84;
#68:
>0:34.79,115.64;33.51,116.2;28.95,116.44;26.56,116.47;24.8,115.9;
#69:
>0:31.01,114.41;27.42,115.23;22.64,114.67;
#70:
>0:41.55,116.24;39.72,116.14;
#71:
>0:37.07,114.22;32.86,114.35;33.11,114.07;29.06,114.62;25.05,115.25;
#72:
>0:24.65,114.79;25.34,113.99;26.42,113.89;30.04,114.73;33.37,114.06;38.72,115.21;
#73:
>0:39.49,116.16;41.31,116.34;
#74:
>0:22.75,116.72;26.59,115.99;30.26,115.48;
#75:
>0:26.8,116.49;27.52,115.99;29.34,115.88;29.77,115.46;29.65,114.71;
#76:
>0:39.99,116.44;41.01,116.1;
#77:
>0:35.47,116.41;34.84,116.31;38.85,115.68;30.38,115.26;
#78:
>0:34.06,114.18;30.46,114.51;32.39,115.01;36.39,115.85;38.88,116.07;39.11,116.64;
#79:
>0:29.53,116.66;30.38,116.38;
#80:
>0:38.51,116.16;37.41,116.26;33.26,115.73;34.26,115.0;29.41,115.74;23.86,114.54;
#81:
>0:26.35,114.53;27.1,114.91;29.12,115.17;30.62,116.08;
#82:
>0:30.87,114.03;31.27,114.82;30.94,114.89;
#83:
>0:23.22,114.91;27.28,115.66;29.4,114.97;28.71,114.47;32.29,114.46;39.61,114.12;
#84:
>0:38.36,114.82;39.67,114.98;
#85:
>0:32.02,114.2;31.44,114.53;33.89,115.16;34.6,115.78;33.47,116.01;34.0,116.67;
#86:
>0:24.71,116.0;24.52,115.62;
#87:
>0:36.07,114.26;34.97,114.84;34.37,114.98;36.84,115.77;36.09,116.12;
#88:
>0:39.98,116.36;35.02,116.03;33.78,116.29;29.4,115.37;26.13,115.09;23.33,114.06;
#89:
>0:24.86,114.49;25.11,114.34;
#90:
>0:42.2,116.72;36.42,116.76;36.75,116.22;32.85,116.75;30.18,116.0;23.08,115.37;
#91:
>0:31.3,116.13;32.47,116.05;30.86,115.6;27.77,115.26;30.78,114.11;
#92:
>0:37.32,115.34;32.54,115.08;30.26,115.97;
#93:
>0:37.3,114.2;33.02,114.69;34.26,114.15;29.6,114.7;22.87,114.56;
#94:
>0:26.09,116.0;28.81,116.43;
#95:
>0:35.8,116.25;37.04,115.7;37.42,115.34;33.73,114.82;
#96:
>0:35.95,114.33;33.35,114.83;30.67,115.0;25.64,115.1;
#97:
>0:23.75,116.22;24.67,115.78;27.99,115.69;32.07,115.58;
#98:
>0:26.01,116.4;27.04,116.11;24.41,115.93;24.34,115.76;26.35,114.87;22.84,114.21;
#99:
>0:28.43,115.35;29.87,115.15;32.95,115.61;39.04,115.97;41.4,116.53;
#100:
>0:28.23,114.25;31.05,114.4;32.91,115.33;36.78,115.89;32.46,116.27;31.9,116.71;
#101:
>0:32.43,114.04;28.88,114.4;27.74,114.86;23.96,114.73;
#102:
>0:28.2,114.25;28.74,114.66;31.83,113.99;34.14,114.84;37.89,114.9;
#103:
>0:40.86,116.43;39.86,116.11;
#104:
>0:37.06,114.78;33.57,115.23;37.15,115.63;39.02,116.22;40.75,116.57;
#105:
>0:32.16,115.95;29.22,116.5;26.35,116.58;
#106:
>0:24.26,116.42;27.51,116.07;22.81,115.4;
#107:
>0:38.55,114.35;34.63,115.12;33.84,115.23;29.2,115.73;27.03,114.74;
#108:
>0:29.42,115.58;25.85,115.02;27.09,114.4;
#109:
>0:36.96,114.15;40.14,113.9;
#110:
>0:35.27,114.3;40.47,114.1;36.37,114.67;30.2,115.58;
#111:
>0:37.15,114.03;35.34,114.66;34.4,114.99;38.97,115.69;35.29,116.02;
#112:
>0:39.96,116.47;39.25,116.43;
#113:
>0:41.94,116.23;39.24,116.56;
#114:
>0:32.35,115.59;31.75,115.08;26.15,115.77;
#115:
>0:33.02,116.29;33.72,115.67;
#116:
>0:30.46,114.64;33.11,114.1;32.45,114.78;39.29,114.05;
#117:
>0:23.14,116.22;24.11,115.53;26.45,115.68;31.22,115.05;31.93,115.57;38.52,115.91;
#118:
>0:31.63,116.36;31.09,115.95;28.77,115.57;
#119:
>0:23.45,115.68;28.39,115.16;30.16,115.16;32.24,115.32;35.68,114.78;
#120:
>0:41.72,116.15;41.13,116.17;
#121:
>0:28.75,115.57;25.87,115.83;30.04,116.54;
#122:
>0:34.84,113.87;38.57,114.16;35.52,115.3;
#123:
>0:29.85,116.19;27.34,116.16;24.56,115.74;
#124:
>0:24.56,114.41;23.31,114.16;26.73,114.27;29.96,114.79;33.7,114.23;38.06,114.22;
#125:
>0:38.9,115.77;34.93,115.96;
#126:
>0:36.7,115.29;33.72,114.51;31.09,114.25;26.74,113.91;
#127:
>0:30.13,114.42;33.45,114.49;
#128:
>0:30.84,115.91;32.02,116.52;36.46,116.58;
#129:
>0:26.99,114.72;24.63,115.32;
#130:
>0:25.29,115.63;26.08,116.14;
#131:
>0:31.81,115.76;36.38,115.74;
#132:
>0:30.35,114.48;32.77,114.77;
#133:
>0:24.84,114.12;24.97,114.31;
#134:
>0:28.25,115.92;23.49,115.84;26.36,115.78;24.41,114.6;
#135:
>0:30.32,114.11;33.43,114.7;29.26,114.95;29.1,115.73;28.12,115.98;
#136:
>0:24.51,116.58;25.65,115.93;25.44,115.52;
#137:
>0:39.0,114.12;36.39,114.79;33.72,115.01;34.75,116.0;37.06,116.04;
#138:
>0:26.37,115.45;29.8,114.95;33.23,115.25;31.63,114.03;
#139:
>0:36.15,114.8;40.48,114.56;
#140:
>0:28.16,116.28;31.19,115.92;28.02,115.75;23.02,114.61;
#141:
>0:31.37,114.34;31.8,114.05;
#142:
>0:28.29,115.35;27.24,115.95;33.85,116.43;
#143:
>0:25.3,115.15;25.49,115.36;28.31,115.59;33.44,114.68;
