#0:
>0:40.63,116.3;39.97,116.13;
#1:
>0:24.52,114.31;26.05,114.83;30.02,115.29;31.98,115.0;35.19,114.96;
#2:
>0:40.23,114.17;35.82,114.77;34.45,114.39;30.05,114.48;27.77,114.57;
#3:
>0:41.41,116.11;41.77,116.35;
#4:
>0:23.09,115.79;28.18,114.9;30.25,115.02;33.74,114.35;36.6,114.34;
#5:
>0:29.96,115.91;26.07,115.76;26.48,114.89;
#6:
>0:27.59,114.98;30.47,114.36;34.06,115.34;
#7:
>0:24.81,114.48;26.85,115.11;
#8:
>0:32.63,115.01;28.83,114.95;28.44,114.53;24.87,114.03;
#9:
>0:29.32,115.04;32.28,115.55;34.76,116.01;34.75,116.75;
#10:
>0:34.84,115.72;38.35,115.85;
#11:
>0:29.8,116.27;32.43,115.69;37.54,115.42;42.03,116.36;
#12:
>0:25.63,115.54;28.72,115.6;33.71,116.06;
#13:
>0:25.09,116.7;27.88,116.41;29.16,116.45;31.33,115.97;35.64,115.82;
#14:
>0:39.13,116.28;39.41,116.57;
#15:
>0:39.29,115.16;36.29,115.62;36.34,116.08;30.79,116.85;
#16:
>0:27.65,116.61;29.14,116.72;29.82,116.04;35.66,116.31;
#17:
>0:39.55,116.34;40.13,116.48;
#18:
>0:40.56,116.33;40.57,116.57;
#19:
>0:31.17,115.07;26.68,114.76;
#20:
>0:41.23,116.18;42.03,116.34;
#21:
>0:39.42,115.22;39.39,115.39;36.42,115.13;34.47,115.42;25.83,116.69;
#22:
>0:39.12,116.28;40.89,116.44;
#23:
>0:39.79,116.4;39.85,116.38;
#24:
>0:39.16,116.58;39.5,116.34;
#25:
>0:36.72,115.57;33.17,116.2;28.92,115.55;27.3,114.38;
#26:
>0:33.32,116.0;29.18,115.76;29.67,115.27;22.66,114.81;
#27:
>0:25.72,116.25;25.24,115.52;
#28:
>0:27.29,113.88;31.05,114.78;34.38,114.42;
#29:
>0:39.98,116.31;39.77,116.53;
#30:
>0:33.85,115.98;30.88,115.9;
#31:
>0:38.23,116.35;37.45,116.26;32.54,116.73;29.29,116.8;27.78,116.75;
#32:
>0:26.51,115.95;25.17,115.5;28.07,115.64;25.47,114.87;24.48,114.34;
#33:
>0:39.95,114.65;38.61,114.99;40.05,115.6;
#34:
>0:25.24,116.72;26.93,116.26;29.33,115.81;31.47,115.34;32.77,114.52;37.53,113.87;
#35:
>0:40.28,116.33;40.6,116.47;
#36:
>0:40.3,116.23;40.11,115.96;
#37:
>0:28.35,114.02;28.21,114.81;25.56,114.9;28.69,115.63;
#38:
>0:39.58,116.65;39.76,116.47;
#39:
>0:34.04,115.08;35.34,115.38;
#40:
>0:25.53,115.63;28.35,115.04;29.14,115.2;28.61,114.29;
#41:
>0:30.65,115.87;33.78,116.31;30.93,115.44;31.2,114.36;
#42:
>0:39.23,115.25;40.15,115.82;34.17,116.04;
#43:
>0:25.56,114.68;27.4,115.21;22.72,115.76;27.89,115.63;27.02,116.68;
#44:
>0:39.81,116.05;40.52,116.13;
#45:
>0:32.94,116.28;29.21,115.8;26.97,115.2;30.07,114.98;34.03,114.17;
#46:
>0:30.07,116.8;30.41,116.23;28.42,115.91;26.48,115.64;24.26,114.83;
#47:
>0:25.57,114.81;26.56,114.06;
#48:
>0:39.68,114.56;35.33,115.3;36.19,115.58;36.79,116.26;35.45,116.74;
#49:
>0:41.33,116.46;40.96,116.38;
#50:
>0:39.18,116.3;41.79,116.05;
#51:
>0:30.72,115.2;26.11,114.4;
#52:
>0:39.29,116.63;35.08,116.0;33.28,115.44;28.76,114.94;28.44,114.52;31.17,114.15;
#53:
>0:27.06,116.52;29.84,116.82;29.39,116.12;34.88,116.14;
#54:
>0:32.08,114.99;36.41,114.42;39.84,114.49;
#55:
>0:37.02,114.83;33.29,114.28;28.71,114.33;27.67,114.31;
#56:
>0:40.95,116.41;41.13,116.18;
#57:
>0:24.43,115.35;26.84,115.25;
#58:
>0:32.95,114.9;34.93,115.84;
#59:
>0:29.07,116.32;27.41,115.8;24.73,114.96;23.33,114.45;28.41,114.31;
#60:
>0:36.16,114.31;36.39,114.35;37.13,115.15;33.35,115.45;28.84,116.12;30.42,116.64;
#61:
>0:23.89,116.25;23.45,115.79;26.69,115.32;30.01,114.86;25.25,114.32;
#62:
>0:24.05,114.71;27.84,114.74;29.68,114.61;31.64,114.78;36.15,114.47;
#63:
>0:41.08,116.37;39.24,116.2;
#64:
>0:37.82,115.14;39.7,115.56;31.76,115.92;
#65:
>0:29.44,116.36;32.56,115.96;36.48,115.51;39.2,114.96;39.66,114.58;
#66:
>0:40.17,115.43;36.86,114.92;37.45,115.8;32.75,116.29;27.27,116.15;
#67:
>0:24.53,114.76;26.31,115.33;26.14,115.56;30.17,115.8;28.17,116.72;
#68:
>0:41.71,116.11;41.3,116.27;
#69:
>0:24.63,115.89;23.3,115.8;25.41,115.01;
#70:
>0:33.83,114.62;33.81,115.23;34.34,115.45;34.17,116.15;
#71:
>0:41.7,116.43;40.58,116.47;
#72:
>0:38.31,116.36;35.4,116.15;31.71,116.43;30.53,116.59;27.56,116.63;
#73:
>0:29.06,113.99;26.27,114.37;26.14,115.27;27.26,115.74;30.3,115.91;23.04,116.84;
#74:
>0:39.87,116.83;36.5,116.23;32.18,116.4;28.94,116.74;27.77,116.6;
#75:
>0:38.52,115.57;35.95,115.58;32.06,115.95;28.8,115.41;26.82,116.71;
#76:
>0:41.49,116.2;41.03,116.37;
#77:
>0:32.47,115.22;35.44,114.45;37.85,114.39;
#78:
>0:36.44,115.41;34.38,114.87;30.39,114.96;28.53,115.28;
#79:
>0:39.35,114.29;39.71,114.74;
#80:
>0:30.7,116.14;32.5,115.43;
#81:
>0:24.41,115.9;27.12,116.8;29.07,116.01;31.72,115.7;35.52,115.87;
#82:
>0:41.03,116.39;39.14,116.53;
#83:
>0:25.52,116.67;26.02,116.69;25.16,116.02;23.37,115.65;28.69,114.71;
#84:
>0:40.3,114.49;39.84,115.27;36.45,115.14;32.19,115.64;30.55,116.21;22.84,116.62;
#85:
>0:37.65,114.31;35.49,114.57;36.09,115.19;34.27,115.57;26.12,115.47;
#86:
>0:40.26,115.41;35.98,115.52;32.3,116.16;28.66,115.71;26.01,116.83;
#87:
>0:30.32,115.23;26.96,114.36;
#88:
>0:38.11,116.67;39.42,116.56;
#89:
>0:41.9,116.11;39.14,116.14;
#90:
>0:41.74,116.22;40.51,116.35;
#91:
>0:41.54,116.27;40.89,116.44;
#92:
>0:41.07,116.2;39.48,116.75;
#93:
>0:30.8,116.02;26.05,115.84;23.54,115.18;22.9,114.64;27.65,113.95;
#94:
>0:38.62,116.85;36.04,115.95;32.73,116.42;30.96,116.76;27.01,116.71;
#95:
>0:28.09,115.29;25.59,115.73;29.91,116.23;36.79,115.54;
#96:
>0:36.38,114.32;33.19,114.62;
#97:
>0:26.51,114.82;25.87,113.97;
#98:
>0:41.36,116.24;41.86,116.3;
#99:
>0:28.76,115.08;27.62,114.73;
#100:
>0:34.4,114.82;29.15,114.67;26.63,114.44;24.72,114.43;
#101:
>0:39.36,116.15;40.19,116.43;
#102:
>0:37.72,113.95;35.97,114.58;33.82,114.49;28.75,114.73;28.53,114.7;
#103:
>0:39.87,116.56;40.39,116.15;
#104:
>0:39.59,116.14;41.71,116.32;
#105:
>0:37.74,116.78;39.85,116.64;
#106:
>0:40.16,115.57;36.22,115.81;32.02,116.0;29.34,114.85;
#107:
>0:34.38,116.71;32.51,116.73;
#108:
>0:30.97,115.73;32.78,115.27;35.41,114.54;39.64,114.42;
#109:
>0:35.15,115.05;32.14,115.39;30.39,116.01;26.42,116.35;24.0,116.01;
#110:
>0:39.15,115.4;35.22,115.48;32.34,116.3;30.08,115.36;30.58,116.21;24.23,116.08;
#111:
>0:39.08,116.57;40.27,116.31;
#112:
>0:28.6,114.2;34.03,114.46;36.96,115.11;39.76,115.6;
#113:
>0:31.99,116.03;28.91,115.35;26.94,115.07;30.1,115.12;34.22,114.01;
#114:
>0:41.49,116.38;41.14,116.26;
#115:
>0:24.42,115.37;26.52,116.06;29.09,116.43;29.07,115.91;35.9,116.14;
#116:
>0:40.13,116.59;39.76,116.35;
#117:
>0:32.86,114.95;37.16,115.7;37.08,116.07;37.09,116.46;
#118:
>0:26.47,114.23;29.06,114.54;33.12,115.03;35.36,115.35;39.58,115.63;
#119:
>0:41.64,116.42;42.0,116.33;
#120:
>0:32.17,114.87;31.44,115.04;29.35,115.64;27.66,116.43;
#121:
>0:33.02,114.47;30.51,114.81;30.31,115.16;30.56,115.46;30.48,116.37;
#122:
>0:24.97,115.28;25.88,115.21;
#123:
>0:39.23,116.04;40.72,116.32;
#124:
>0:38.44,115.8;34.86,115.39;31.99,116.13;28.6,115.36;26.55,116.09;24.55,115.88;
#125:
>0:29.58,114.99;28.63,115.6;34.25,116.28;
#126:
>0:36.87,116.74;35.44,116.29;36.92,115.41;36.64,114.96;37.23,114.45;36.97,114.25;
#127:
>0:35.0,115.18;33.08,114.82;31.44,114.79;28.21,114.81;
#128:
>0:37.28,114.75;33.59,114.87;30.49,115.79;
#129:
>0:34.08,115.31;36.97,115.45;
#130:
>0:35.33,115.96;41.0,116.48;38.47,116.56;41.48,116.55;35.06,115.75;36.45,116.19;39.26,116.28;39.53,116.67;40.81,116.53;38.72,116.57;39.08,116.47;39.83,116.53;
#131:
>0:25.71,115.87;30.2,115.58;28.72,114.98;33.41,114.65;34.73,113.99;
#132:
>0:29.57,115.1;29.22,115.79;33.24,116.05;
#133:
>0:35.18,115.26;32.19,115.35;34.05,116.34;
#134:
>0:41.65,116.49;39.62,116.48;
#135:
>0:27.73,115.42;27.88,115.84;
#136:
>0:30.39,113.87;32.4,114.76;31.26,114.68;29.17,115.37;
#137:
>0:26.15,115.91;25.19,115.74;
#138:
>0:30.55,115.25;29.56,115.48;33.59,116.07;
#139:
>0:25.59,115.68;31.27,114.88;
#140:
>0:23.82,115.31;26.2,115.15;28.14,115.43;30.69,116.21;33.6,115.92;41.22,116.19;
#141:
>0:23.36,115.4;26.83,116.01;29.57,116.8;30.44,116.12;34.96,115.81;
#142:
>0:25.39,115.9;24.54,115.8;28.16,115.08;27.13,114.35;
#143:
>0:35.65,114.85;33.02,115.64;30.26,116.21;27.41,116.14;24.37,116.1;
