#0:
>0:38.24,116.08;38.39,116.68;39.98,116.06;
#1:
>0:39.52,117.69;39.38,117.34;38.88,117.06;
#2:
>0:39.47,117.48;39.64,117.5;
#3:
>0:36.88,116.76;37.89,116.54;38.12,116.02;39.49,116.58;
#4:
>0:39.79,116.32;40.02,116.46;
#5:
>0:40.11,116.46;40.33,116.37;
#6:
>0:40.08,116.36;39.92,116.7;
#7:
>0:39.89,116.01;40.28,116.49;
#8:
>0:38.3,115.92;39.05,116.16;39.25,116.77;
#9:
>0:38.19,117.27;37.32,117.5;37.31,117.02;
#10:
>0:36.51,117.0;36.53,116.8;
#11:
>0:39.83,116.49;39.96,115.89;39.74,116.6;
#12:
>0:38.05,116.48;38.4,116.71;38.62,117.33;
#13:
>0:37.75,117.46;37.5,117.03;38.82,116.64;
#14:
>0:40.31,116.3;40.22,116.24;40.03,116.66;
#15:
>0:36.61,116.5;37.64,117.05;38.16,116.11;
#16:
>0:39.03,117.39;39.59,117.5;
#17:
>0:40.34,116.55;40.07,116.13;39.69,116.31;
#18:
>0:40.02,116.44;39.0,116.73;40.12,117.56;
#19:
>0:39.62,116.3;40.08,116.15;39.95,116.5;
#20:
>0:38.3,116.22;38.1,116.3;39.52,117.11;
#21:
>0:37.46,116.98;38.62,117.03;39.54,116.2;
#22:
>0:39.43,116.34;38.66,116.96;38.11,116.7;36.93,116.3;
#23:
>0:36.13,115.49;36.58,116.28;38.04,116.67;38.74,116.42;38.14,117.56;
#24:
>0:36.06,116.5;37.28,116.07;37.02,115.48;37.9,116.09;39.11,116.15;
#25:
>0:39.19,116.91;40.15,116.84;
#26:
>0:35.81,117.97;36.63,117.26;37.87,116.75;
#27:
>0:39.51,115.58;38.68,116.06;37.54,116.35;37.54,117.09;37.52,117.5;37.95,117.61;
#28:
>0:38.88,117.06;38.35,116.53;37.97,116.77;37.28,117.43;36.15,116.68;
#29:
>0:36.46,116.12;35.92,115.82;
#30:
>0:38.34,115.6;38.36,116.21;39.35,116.14;39.94,116.88;
#31:
>0:40.2,116.5;40.29,115.9;
#32:
>0:40.23,115.9;39.84,116.48;40.22,116.46;
#33:
>0:36.71,117.11;37.93,116.44;
#34:
>0:38.34,115.73;38.1,116.15;38.41,116.4;38.05,116.78;39.11,117.35;
#35:
>0:39.94,116.62;39.94,115.91;39.88,116.41;
#36:
>0:40.03,116.55;39.94,116.25;39.95,116.67;40.04,116.56;
#37:
>0:39.62,115.87;40.01,116.32;40.24,116.29;
#38:
>0:39.3,116.38;38.57,116.99;37.41,117.08;37.1,116.34;35.8,115.6;
#39:
>0:40.21,116.15;40.11,115.99;
#40:
>0:40.24,116.19;40.05,116.11;
#41:
>0:39.4,117.14;38.51,117.12;37.73,117.0;37.15,116.55;36.07,116.6;
#42:
>0:39.86,116.56;39.91,116.07;39.83,116.45;39.86,116.36;
#43:
>0:39.96,116.49;40.09,116.08;39.99,116.63;
#44:
>0:39.78,116.29;40.05,116.08;
#45:
>0:40.17,116.56;39.9,116.5;
#46:
>0:38.84,116.73;38.03,116.86;37.2,117.35;36.49,116.31;
#47:
>0:36.17,116.71;36.32,115.89;35.84,115.51;
#48:
>0:37.74,116.84;37.34,116.3;37.84,116.09;38.06,115.85;
#49:
>0:39.62,116.33;40.08,116.24;40.25,116.31;
#50:
>0:39.88,116.59;39.87,115.91;40.28,116.59;
#51:
>0:40.29,116.36;40.11,115.88;40.15,116.37;
#52:
>0:35.84,116.13;36.29,115.84;
#53:
>0:39.66,116.29;39.84,116.63;
#54:
>0:39.86,117.64;39.63,117.52;39.45,117.01;38.6,116.71;
#55:
>0:39.79,115.96;39.61,116.15;
#56:
>0:38.85,116.55;38.6,116.1;37.48,116.59;37.06,115.7;
#57:
>0:38.08,116.91;38.62,116.72;39.06,115.87;
#58:
>0:39.68,116.47;40.0,115.9;39.95,116.59;
#59:
>0:40.19,116.17;40.26,116.59;
#60:
>0:38.48,116.49;37.6,117.0;
#61:
>0:37.25,117.43;38.0,116.81;38.18,116.94;38.7,116.62;40.33,115.78;
#62:
>0:36.52,116.67;36.14,115.99;36.98,115.71;37.49,115.87;38.84,116.49;39.65,115.87;
#63:
>0:38.41,115.77;37.49,115.45;
#64:
>0:40.17,115.91;39.93,116.34;40.22,116.45;
#65:
>0:40.17,116.61;40.1,116.44;
#66:
>0:39.38,116.91;39.65,117.36;
#67:
>0:40.04,116.29;40.05,116.7;
#68:
>0:39.92,117.29;39.05,116.96;38.58,116.94;39.45,116.16;
#69:
>0:40.01,116.69;40.32,116.35;
#70:
>0:37.04,116.16;37.59,116.63;38.7,116.36;39.53,116.72;
#71:
>0:36.39,117.57;37.15,117.33;37.64,116.97;38.41,116.34;
#72:
>0:35.99,116.41;36.77,116.93;37.09,116.67;38.2,116.74;
#73:
>0:37.45,117.28;36.74,117.47;36.22,116.54;
#74:
>0:39.16,117.19;39.68,117.2;
#75:
>0:39.79,115.97;39.77,116.15;
#76:
>0:40.13,116.27;40.26,115.96;
#77:
>0:36.85,117.82;37.96,117.25;37.75,117.12;
#78:
>0:39.75,117.23;39.17,117.87;
#79:
>0:38.78,117.09;37.95,117.0;37.07,116.46;36.26,115.48;
#80:
>0:39.67,117.74;39.71,117.5;39.03,117.05;38.64,116.29;
#81:
>0:38.38,115.73;38.16,116.18;38.94,115.87;39.74,116.86;
#82:
>0:36.2,117.56;37.31,117.82;37.45,117.71;38.35,117.25;39.0,117.6;
#83:
>0:40.35,116.05;39.62,116.58;39.8,116.36;
#84:
>0:39.8,115.98;39.9,116.63;
#85:
>0:38.0,116.77;38.76,116.89;39.5,116.08;
#86:
>0:39.69,117.33;39.37,116.74;38.39,116.91;37.56,116.8;37.03,116.55;36.33,115.81;
#87:
>0:40.01,116.6;39.83,116.12;
#88:
>0:40.25,116.37;39.67,116.32;
#89:
>0:39.91,116.4;39.67,116.21;40.36,116.69;
#90:
>0:40.29,116.1;39.72,116.14;
#91:
>0:39.31,117.31;38.8,116.91;37.54,116.91;36.67,117.97;
#92:
>0:40.34,116.67;40.1,115.96;40.29,116.6;
#93:
>0:40.32,116.28;40.0,116.13;
#94:
>0:39.95,116.37;39.68,115.98;39.83,116.5;
#95:
>0:39.4,116.96;38.31,117.03;37.99,116.95;36.69,117.18;36.2,116.62;
#96:
>0:40.03,116.69;40.23,115.95;
#97:
>0:37.94,117.48;37.61,117.13;38.0,116.4;39.16,116.05;
#98:
>0:40.04,116.5;39.82,116.33;
#99:
>0:39.95,116.49;40.03,115.92;40.15,116.62;
#100:
>0:39.66,116.02;38.98,115.87;39.48,117.03;
#101:
>0:36.62,116.37;37.51,117.02;38.42,116.76;39.03,116.59;
#102:
>0:39.63,116.26;40.04,116.5;
#103:
>0:40.2,116.3;39.67,115.89;39.68,116.59;
#104:
>0:39.81,116.58;39.94,116.35;
#105:
>0:37.45,115.84;38.27,116.16;38.32,116.44;38.36,116.72;39.57,117.29;38.93,117.76;
#106:
>0:35.84,116.81;37.06,116.53;37.55,116.74;38.69,116.84;39.23,116.15;
#107:
>0:36.6,117.31;38.08,117.27;38.77,117.34;
#108:
>0:40.3,116.27;40.1,116.48;39.81,116.52;
#109:
>0:37.92,116.34;37.6,115.95;35.8,115.83;
#110:
>0:39.05,116.61;38.68,116.03;37.4,116.55;36.86,115.64;
#111:
>0:36.56,116.37;36.85,117.02;37.25,116.57;38.33,116.82;
#112:
>0:40.32,116.68;40.04,115.96;
#113:
>0:39.71,116.59;39.88,116.49;
#114:
>0:39.65,116.58;40.25,116.64;
#115:
>0:36.12,116.32;36.74,116.96;37.07,116.48;37.79,116.93;38.55,116.88;39.79,117.4;
#116:
>0:39.92,116.29;40.22,116.35;
#117:
>0:37.46,117.99;37.79,117.56;37.54,116.78;37.87,116.71;37.69,116.23;37.77,115.72;
#118:
>0:39.72,116.46;40.36,116.66;
#119:
>0:40.15,116.19;39.57,116.09;40.18,116.61;39.97,116.48;
#120:
>0:39.03,115.7;38.76,115.97;37.97,116.57;36.58,116.66;36.85,116.72;35.99,117.88;
#121:
>0:38.94,116.55;38.35,117.0;37.54,117.1;36.9,116.55;36.37,116.36;
#122:
>0:36.47,116.63;37.3,116.32;38.02,116.42;
#123:
>0:40.03,117.13;39.26,117.56;38.66,117.7;37.42,117.93;
#124:
>0:39.08,116.81;38.53,116.93;37.44,117.07;37.23,116.36;35.91,116.61;
#125:
>0:40.28,116.52;40.14,116.11;39.86,116.31;
#126:
>0:37.71,117.97;37.63,117.81;
#127:
>0:40.26,116.63;39.76,116.68;
#128:
>0:36.8,116.13;37.35,116.42;38.6,116.66;39.01,117.38;
#129:
>0:39.34,116.07;39.15,116.06;
#130:
>0:36.73,117.06;37.8,116.34;37.79,116.18;38.89,116.51;
#131:
>0:37.62,116.29;37.63,116.45;
#132:
>0:40.13,115.97;40.27,116.51;
#133:
>0:37.24,117.78;38.08,117.25;38.53,117.0;39.22,117.46;39.78,116.76;
#134:
>0:39.81,116.57;40.27,116.28;40.23,116.47;
#135:
>0:40.24,116.5;39.85,116.12;40.22,116.56;
#136:
>0:36.03,115.78;37.11,115.96;36.68,116.43;
#137:
>0:35.9,117.47;37.23,117.84;38.02,117.73;38.55,117.45;39.41,117.59;
#138:
>0:39.99,116.34;39.73,115.96;39.78,116.62;
#139:
>0:40.14,116.55;40.0,116.63;
#140:
>0:39.74,116.62;40.3,115.96;40.27,116.46;
#141:
>0:38.33,117.77;39.46,117.72;39.01,117.56;39.07,116.91;40.26,115.88;
#142:
>0:40.1,116.48;39.7,116.16;39.33,116.54;38.1,116.83;37.13,117.53;
#143:
>0:40.25,116.52;40.23,116.7;
#144:
>0:40.12,116.05;39.79,116.05;
#145:
>0:39.71,116.25;40.12,116.37;
#146:
>0:40.27,116.08;40.13,116.68;
#147:
>0:40.03,116.23;39.84,116.51;39.88,116.61;
#148:
>0:35.83,116.59;36.88,116.9;37.87,117.24;38.82,117.89;
#149:
>0:39.86,116.68;39.42,116.78;38.29,117.03;37.37,116.74;36.8,116.49;36.28,115.76;
#150:
>0:39.04,116.63;38.56,117.05;
#151:
>0:38.65,115.94;38.71,116.29;39.8,116.44;
#152:
>0:39.8,116.0;39.61,116.56;
#153:
>0:37.08,117.49;38.08,116.97;38.25,116.81;38.8,116.34;39.68,115.52;
#154:
>0:39.69,116.65;40.29,116.42;
#155:
>0:36.56,116.34;37.44,116.72;38.16,116.89;38.79,116.62;39.87,115.8;
#156:
>0:38.36,118.0;39.08,117.58;39.14,116.87;
#157:
>0:39.77,116.39;39.9,116.55;
#158:
>0:39.64,117.67;39.53,117.33;38.82,117.04;38.6,116.42;37.67,116.83;36.11,116.73;
#159:
>0:36.27,117.65;36.61,117.74;
#160:
>0:37.28,116.25;36.79,115.73;37.87,116.27;39.53,115.56;
#161:
>0:40.03,116.43;39.98,116.31;
#162:
>0:36.5,117.6;36.8,117.26;37.92,117.05;38.16,116.9;39.61,117.1;
#163:
>0:40.2,116.34;39.95,116.24;
#164:
>0:40.18,116.34;39.71,116.26;39.76,116.52;
#165:
>0:35.8,116.98;36.27,116.75;
#166:
>0:37.97,117.73;38.48,117.27;38.99,117.08;38.24,116.5;39.56,116.18;39.96,115.72;
#167:
>0:36.04,116.14;36.4,116.59;36.04,117.07;36.85,117.41;
#168:
>0:39.89,116.59;39.97,116.16;40.01,116.66;
#169:
>0:40.06,116.59;40.32,115.88;39.94,116.57;
#170:
>0:38.1,117.64;37.63,117.85;
#171:
>0:36.87,116.14;36.82,115.49;37.51,116.27;38.87,115.82;
#172:
>0:37.53,115.49;36.93,116.02;36.46,116.31;36.23,116.8;36.06,117.49;
#173:
>0:40.26,115.98;39.08,115.91;39.17,116.89;
#174:
>0:39.37,116.42;38.2,117.1;
#175:
>0:40.07,115.89;39.97,116.16;
#176:
>0:40.24,117.42;39.04,117.13;39.32,116.69;38.18,116.18;
#177:
>0:39.69,116.46;39.74,116.01;
#178:
>0:40.28,116.62;40.18,116.36;
#179:
>0:39.99,116.69;40.02,116.02;
#180:
>0:40.31,116.4;40.13,115.87;39.91,116.7;
#181:
>0:39.88,116.62;39.61,116.42;
#182:
>0:40.25,115.92;40.29,116.54;
#183:
>0:40.24,116.71;40.14,116.12;39.85,116.54;
#184:
>0:40.07,117.62;39.84,117.54;38.97,117.11;40.0,116.61;
#185:
>0:39.97,115.87;40.32,116.31;40.11,116.21;39.86,116.42;
#186:
>0:39.17,116.36;38.35,116.0;37.85,116.48;36.77,115.51;
#187:
>0:35.94,117.18;36.18,116.74;
#188:
>0:38.72,117.99;38.2,117.71;
#189:
>0:37.79,117.51;38.01,116.73;38.25,116.51;
#190:
>0:40.2,116.67;40.34,116.64;
#191:
>0:39.74,116.2;39.79,116.54;
#192:
>0:36.73,116.29;37.35,116.73;36.9,117.36;36.95,117.67;
#193:
>0:39.93,116.56;39.64,116.09;
#194:
>0:36.27,117.73;36.84,117.23;37.53,117.13;
#195:
>0:40.12,116.36;40.03,116.59;
#196:
>0:37.81,115.45;37.82,116.11;38.04,116.35;37.87,116.89;37.56,117.23;37.53,117.77;
#197:
>0:38.71,117.9;39.27,117.51;39.97,117.18;39.54,117.05;40.36,116.19;
#198:
>0:40.32,116.37;40.2,115.97;
#199:
>0:40.26,116.2;40.16,116.46;40.16,116.23;39.67,116.68;
#200:
>0:36.78,116.44;37.37,116.95;38.68,116.78;39.44,117.36;39.84,117.65;
#201:
>0:39.96,116.05;40.22,116.48;
#202:
>0:37.16,117.53;37.97,117.05;38.18,116.82;39.24,116.15;
#203:
>0:38.75,116.29;38.92,115.89;40.1,116.24;
#204:
>0:40.21,115.87;40.25,115.9;
#205:
>0:39.8,116.69;40.19,115.89;40.36,116.43;39.62,116.65;
#206:
>0:36.54,115.83;36.75,116.17;37.23,115.73;37.34,116.06;38.31,115.59;40.26,115.7;
#207:
>0:40.08,116.6;39.67,115.9;39.72,116.48;
#208:
>0:40.08,116.47;39.74,115.93;40.36,116.35;
#209:
>0:38.26,116.72;38.13,116.64;36.92,117.26;
#210:
>0:39.83,116.2;39.0,116.14;40.28,116.58;39.69,116.31;
#211:
>0:40.1,116.56;39.82,116.11;40.33,116.46;
#212:
>0:36.04,116.86;35.84,116.59;
#213:
>0:38.83,117.41;38.94,116.91;38.69,117.01;38.43,116.36;39.66,115.82;
#214:
>0:40.12,116.37;39.61,116.16;
#215:
>0:39.43,116.45;38.51,116.22;37.96,116.56;36.84,115.77;
#216:
>0:37.63,116.89;37.47,116.7;37.85,116.18;37.7,115.54;
#217:
>0:36.38,116.44;36.18,115.92;35.91,115.49;
#218:
>0:35.99,116.84;36.03,116.98;
#219:
>0:39.95,115.91;39.96,116.27;
#220:
>0:36.19,117.47;36.77,117.35;36.5,116.94;37.12,116.04;
#221:
>0:39.85,116.33;39.66,116.08;39.82,116.43;39.74,116.57;
#222:
>0:39.79,116.45;39.67,116.46;
#223:
>0:38.73,116.56;37.76,117.1;37.26,117.27;36.1,117.21;
#224:
>0:40.34,116.6;40.02,116.19;
#225:
>0:35.9,117.99;36.96,117.35;36.22,116.99;36.6,116.98;36.19,116.55;36.46,115.64;
#226:
>0:39.98,116.29;40.33,116.05;
#227:
>0:39.73,116.43;39.62,116.11;39.39,116.62;38.59,117.03;37.87,116.98;36.44,116.99;
#228:
>0:38.58,116.5;37.71,116.78;38.66,117.29;
#229:
>0:39.72,116.7;39.73,116.38;
#230:
>0:36.28,117.43;36.91,116.9;36.07,116.85;36.96,116.23;
#231:
>0:39.76,116.57;39.94,116.27;40.02,116.71;
#232:
>0:39.87,115.98;39.81,116.48;39.67,116.07;39.78,116.55;
#233:
>0:39.5,116.42;38.17,116.9;37.51,116.75;37.06,116.66;35.93,115.44;
#234:
>0:38.11,116.62;37.42,116.91;37.19,116.18;
#235:
>0:38.91,117.19;39.26,117.53;
#236:
>0:37.24,116.33;37.46,117.02;
#237:
>0:40.03,116.15;40.03,116.03;
#238:
>0:36.57,117.09;37.54,116.62;37.92,116.08;38.32,115.57;39.74,115.84;
#239:
>0:35.92,116.91;36.29,116.51;
#240:
>0:39.02,116.04;39.68,116.39;39.57,117.13;39.63,117.38;
#241:
>0:39.64,116.52;40.06,116.34;
#242:
>0:36.4,117.13;36.23,116.83;
#243:
>0:40.11,117.19;39.49,117.0;38.5,116.87;39.46,116.02;
#244:
>0:40.28,116.53;40.36,115.97;39.58,116.47;38.13,117.12;37.07,117.54;
#245:
>0:38.24,116.09;38.56,116.45;40.34,116.48;
#246:
>0:39.87,116.78;38.89,117.2;38.69,117.63;37.52,117.62;
#247:
>0:40.08,116.37;39.94,116.29;
#248:
>0:36.24,116.85;36.08,116.53;
#249:
>0:36.4,115.71;37.25,115.67;
#250:
>0:40.2,116.27;39.74,116.31;39.69,116.62;
#251:
>0:38.17,117.86;39.0,117.86;39.36,117.48;39.25,116.94;39.65,116.26;
#252:
>0:39.65,116.15;39.94,115.94;
#253:
>0:39.91,116.61;39.85,116.09;39.27,115.92;37.98,116.39;
#254:
>0:37.16,117.82;36.13,117.37;37.08,117.32;36.83,116.43;
#255:
>0:39.26,116.52;39.09,116.94;39.1,117.57;
#256:
>0:37.04,116.45;37.91,116.35;
#257:
>0:40.27,116.04;40.26,115.9;
#258:
>0:37.93,115.67;37.07,115.77;37.77,116.11;38.49,116.56;37.0,117.27;
#259:
>0:40.0,116.4;40.01,116.06;
#260:
>0:36.77,116.95;37.32,116.6;
#261:
>0:40.2,116.33;40.01,116.27;39.85,116.32;
#262:
>0:37.74,115.68;38.29,115.88;38.56,116.57;38.52,117.09;39.52,117.38;38.85,117.64;
#263:
>0:37.23,117.49;37.79,117.42;38.42,117.43;
#264:
>0:40.1,116.43;39.64,115.94;39.97,116.46;
#265:
>0:40.32,116.71;40.14,116.16;40.14,116.51;
#266:
>0:40.36,116.69;39.81,116.04;
#267:
>0:40.37,116.7;39.83,115.91;39.7,116.53;39.75,116.67;
#268:
>0:38.73,116.08;38.68,115.61;
#269:
>0:40.11,116.65;39.9,116.49;
#270:
>0:39.89,116.07;40.32,116.13;
#271:
>0:37.66,116.65;37.64,116.69;
#272:
>0:38.29,116.13;38.98,116.26;40.19,115.89;
#273:
>0:38.77,115.72;38.24,116.04;37.69,116.51;37.28,117.07;
#274:
>0:39.28,115.68;38.29,115.91;37.74,116.41;37.81,116.85;38.02,117.46;37.64,117.67;
#275:
>0:39.43,116.92;40.36,117.56;
#276:
>0:40.31,116.38;39.68,115.89;40.17,116.68;40.09,116.51;
#277:
>0:35.88,117.75;37.01,117.79;
#278:
>0:39.71,115.99;40.21,116.02;
#279:
>0:38.23,116.09;38.02,116.63;36.74,115.51;
#280:
>0:38.45,115.89;39.25,116.15;39.64,116.82;
#281:
>0:40.34,117.31;38.99,117.95;
#282:
>0:37.79,117.31;36.79,117.53;36.24,117.1;36.05,115.9;
#283:
>0:40.27,115.89;40.19,116.63;
#284:
>0:40.21,115.94;39.89,116.14;
#285:
>0:39.73,116.5;39.63,116.71;
#286:
>0:39.34,116.9;38.7,116.92;37.41,116.95;36.74,116.56;36.32,115.65;
#287:
>0:40.18,116.55;40.06,116.36;
#288:
>0:40.37,116.31;39.88,115.98;40.18,116.31;
#289:
>0:39.96,117.87;40.21,117.48;39.38,116.73;38.25,116.67;
#290:
>0:38.03,117.43;37.56,116.77;38.79,117.01;39.05,116.2;
#291:
>0:37.36,117.34;36.86,117.16;36.27,116.69;
#292:
>0:40.27,117.39;38.88,117.29;
#293:
>0:35.89,117.79;37.17,117.78;
#294:
>0:40.37,116.53;40.07,115.92;
#295:
>0:38.4,115.47;38.09,115.95;38.9,116.0;40.15,117.08;
