#0:
>0:39.77,116.09;39.85,116.45;40.23,116.53;
#1:
>0:36.57,117.92;38.01,117.51;38.1,116.72;38.61,116.6;38.79,116.27;
#2:
>0:40.22,116.61;40.05,116.51;
#3:
>0:37.94,116.9;36.97,116.33;37.22,116.18;37.24,115.44;
#4:
>0:40.34,116.71;40.05,116.52;
#5:
>0:39.76,116.78;39.31,116.44;40.28,116.58;38.95,115.86;
#6:
>0:40.08,116.62;40.19,116.59;
#7:
>0:39.91,117.9;39.09,117.16;
#8:
>0:36.53,116.73;36.31,117.13;
#9:
>0:40.0,117.23;39.63,117.09;39.27,117.04;37.52,117.77;
#10:
>0:39.06,116.96;39.53,117.32;40.22,117.69;
#11:
>0:39.85,116.7;39.83,116.39;
#12:
>0:39.61,116.54;40.72,116.43;
#13:
>0:40.29,116.36;40.14,116.51;
#14:
>0:40.28,116.34;39.87,116.44;
#15:
>0:39.63,117.55;39.84,116.99;39.54,116.85;37.39,117.76;
#16:
>0:39.06,117.53;38.76,116.73;38.37,117.29;36.9,117.06;
#17:
>0:38.85,116.46;38.14,117.02;37.04,116.81;
#18:
>0:40.11,116.45;40.12,116.3;
#19:
>0:36.77,117.87;37.5,117.15;38.74,116.75;39.24,116.88;
#20:
>0:39.67,117.57;38.87,117.97;38.26,117.82;37.7,117.71;
#21:
>0:39.84,116.48;39.9,116.24;
#22:
>0:38.59,117.56;38.91,117.24;40.26,116.89;38.94,116.0;
#23:
>0:40.19,116.44;39.73,116.29;
#24:
>0:36.07,116.73;36.37,116.77;
#25:
>0:36.68,116.95;37.84,117.42;
#26:
>0:39.84,116.7;40.33,116.69;
#27:
>0:36.44,116.99;36.16,117.04;
#28:
>0:40.34,115.95;40.3,116.38;39.69,116.56;
#29:
>0:37.15,115.45;37.22,116.21;37.67,115.79;39.58,115.91;
#30:
>0:36.44,116.92;36.53,116.38;
#31:
>0:39.62,116.31;39.61,116.17;
#32:
>0:35.81,115.75;37.14,115.52;37.66,115.65;
#33:
>0:39.8,116.03;39.95,116.55;40.31,116.65;
#34:
>0:40.08,116.3;40.18,116.42;
#35:
>0:36.52,116.15;36.61,116.52;36.59,116.93;36.58,117.5;36.91,117.65;
#36:
>0:40.12,116.5;40.21,116.16;
#37:
>0:36.57,117.34;37.42,117.97;
#38:
>0:38.43,115.71;38.84,116.0;
#39:
>0:38.9,117.11;40.03,116.82;
#40:
>0:39.94,116.01;39.05,115.73;38.41,115.9;37.85,115.91;
#41:
>0:39.71,116.41;38.96,116.56;38.25,116.62;37.84,116.52;
#42:
>0:40.15,115.96;39.87,115.97;
#43:
>0:39.28,117.61;38.39,117.53;38.36,117.08;36.73,116.8;
#44:
>0:39.83,117.97;40.23,117.56;40.18,116.78;38.88,116.37;40.13,116.01;
#45:
>0:38.41,115.69;37.49,115.96;36.66,116.54;
#46:
>0:40.1,115.91;39.97,116.02;
#47:
>0:39.82,116.58;39.82,116.64;
#48:
>0:39.74,116.53;40.06,116.63;
#49:
>0:39.95,116.4;40.15,116.3;
#50:
>0:39.67,116.05;39.5,115.74;38.77,116.16;38.39,115.84;37.62,116.14;36.04,116.13;
#51:
>0:37.92,117.42;38.47,116.94;39.21,116.5;40.34,116.58;40.3,115.53;
#52:
>0:38.32,117.0;37.79,117.39;
#53:
>0:40.25,116.72;39.94,116.31;
#54:
>0:40.18,116.42;39.65,116.62;
#55:
>0:37.26,117.05;37.96,116.92;
#56:
>0:40.04,116.57;39.62,116.3;
#57:
>0:36.1,117.04;35.98,116.31;37.22,116.92;38.06,117.37;38.28,117.59;39.91,117.13;
#58:
>0:40.39,116.3;40.06,116.67;
#59:
>0:40.25,116.29;39.75,116.48;
#60:
>0:40.11,116.03;40.21,116.37;40.07,116.58;
#61:
>0:36.52,117.14;36.25,117.89;
#62:
>0:36.74,117.37;36.46,116.78;36.42,116.65;35.99,116.11;
#63:
>0:39.26,117.61;39.82,117.18;40.31,116.83;38.9,116.57;40.01,116.15;
#64:
>0:39.63,116.71;40.33,115.97;
#65:
>0:39.39,117.56;38.42,116.86;37.37,116.41;36.64,116.63;38.06,115.63;
#66:
>0:40.37,116.51;39.93,116.45;
#67:
>0:40.27,116.42;40.13,116.12;
#68:
>0:38.21,116.05;38.46,116.4;40.25,117.05;
#69:
>0:39.64,117.67;39.08,117.27;38.35,117.02;37.73,116.43;36.73,116.14;
#70:
>0:40.34,116.58;40.32,115.96;
#71:
>0:39.37,117.25;39.92,116.78;39.44,116.8;38.64,116.49;38.15,115.84;
#72:
>0:37.16,117.8;37.5,117.34;38.77,116.72;39.36,116.99;
#73:
>0:36.6,117.97;37.97,117.44;38.0,117.14;
#74:
>0:39.84,116.53;39.93,116.4;
#75:
>0:40.27,116.29;39.86,116.46;
#76:
>0:38.05,117.0;38.74,116.68;38.62,116.09;39.96,116.38;
#77:
>0:40.26,116.51;40.33,116.69;
#78:
>0:37.33,117.54;37.85,116.8;37.67,116.32;36.61,116.49;37.61,115.59;
#79:
>0:40.26,116.45;39.26,117.13;
#80:
>0:35.91,116.79;36.89,116.77;
#81:
>0:39.93,116.52;40.25,116.29;
#82:
>0:40.66,116.52;39.91,115.91;
#83:
>0:38.62,115.65;37.47,115.88;39.44,116.7;
#84:
>0:38.41,117.58;37.67,117.39;36.7,116.79;36.12,116.39;36.01,116.07;36.09,115.53;
#85:
>0:36.29,117.18;37.1,117.74;37.68,117.73;
#86:
>0:36.94,115.86;36.56,115.97;
#87:
>0:39.95,116.39;40.11,116.4;
#88:
>0:39.87,115.93;40.06,116.68;
#89:
>0:37.19,116.2;36.71,116.51;37.21,116.84;37.84,117.42;39.17,117.98;
#90:
>0:40.57,116.68;40.26,116.74;
#91:
>0:39.98,116.35;40.35,115.91;
#92:
>0:40.01,116.62;39.81,116.83;
#93:
>0:37.04,115.87;38.05,116.06;38.45,115.91;
#94:
>0:36.13,115.75;36.9,116.02;37.02,116.55;36.63,116.97;
#95:
>0:40.19,116.32;39.64,116.5;
#96:
>0:37.28,117.33;35.99,116.83;36.02,116.34;36.29,116.16;
#97:
>0:37.63,115.45;36.81,116.16;36.13,116.56;36.23,116.97;36.26,117.42;
#98:
>0:36.28,117.4;36.46,117.67;
#99:
>0:40.27,116.25;40.34,116.47;
#100:
>0:35.92,117.38;36.5,117.6;37.29,117.72;38.62,117.97;
#101:
>0:40.06,116.55;40.18,116.07;
#102:
>0:39.23,117.63;40.37,117.36;39.84,116.96;39.13,116.4;40.2,116.37;39.97,115.5;
#103:
>0:37.15,116.82;35.8,116.64;35.83,116.11;
#104:
>0:36.76,116.39;37.28,116.51;
#105:
>0:38.19,115.89;38.38,116.38;40.02,116.74;
#106:
>0:35.83,117.34;37.16,116.81;37.02,116.71;
#107:
>0:39.49,117.37;38.45,116.9;37.59,116.66;37.04,116.59;37.34,115.46;
#108:
>0:38.08,115.74;38.79,115.54;37.5,116.56;
#109:
>0:40.33,116.92;40.01,116.77;
#110:
>0:40.26,116.45;40.25,116.3;
#111:
>0:40.02,116.67;40.1,116.86;39.79,117.32;39.82,117.72;
#112:
>0:40.05,116.15;40.14,116.29;40.46,116.33;
#113:
>0:36.45,116.12;36.06,116.54;37.22,117.12;37.9,117.17;38.54,117.75;
#114:
>0:36.48,117.66;36.94,117.51;37.46,117.14;38.8,116.67;37.44,116.17;38.23,115.45;
#115:
>0:39.91,116.11;39.88,116.85;39.9,116.71;
#116:
>0:36.45,117.34;35.96,117.22;
#117:
>0:40.09,116.37;39.68,116.73;39.85,117.36;40.36,117.96;
#118:
>0:38.86,116.4;38.84,116.43;37.33,116.1;37.78,116.64;35.84,116.59;
#119:
>0:36.01,116.78;36.88,116.64;37.81,116.67;38.48,116.43;39.33,116.65;
#120:
>0:38.31,117.15;39.48,117.29;40.36,117.07;38.89,116.22;
#121:
>0:39.79,116.41;40.25,116.4;
#122:
>0:38.53,117.05;38.38,117.37;39.28,117.79;
#123:
>0:39.4,117.88;39.66,117.33;39.73,117.01;38.92,116.54;39.67,116.26;
#124:
>0:37.71,115.65;36.99,115.47;35.88,115.95;35.97,116.81;
#125:
>0:36.58,117.84;37.69,117.36;38.75,116.91;38.88,116.64;40.21,116.49;
#126:
>0:36.42,116.89;35.84,117.11;
#127:
>0:39.76,116.64;40.21,116.67;
#128:
>0:40.16,117.65;39.22,117.5;38.33,117.01;38.82,117.26;36.99,116.91;
#129:
>0:40.04,116.3;40.19,116.66;
#130:
>0:39.14,116.73;38.22,117.25;37.69,116.89;37.1,117.64;
#131:
>0:39.82,116.58;39.98,116.26;40.06,115.85;
#132:
>0:39.21,115.86;40.04,116.5;40.3,116.74;38.59,117.15;
#133:
>0:40.04,116.7;40.23,116.36;
#134:
>0:40.16,116.45;39.81,116.46;
#135:
>0:37.06,115.97;37.59,116.38;38.16,116.65;39.16,116.79;
#136:
>0:37.31,115.48;36.21,116.05;36.29,116.49;36.11,117.07;36.49,117.57;
#137:
>0:39.19,115.99;40.03,115.52;
#138:
>0:40.35,116.27;40.26,116.62;
#139:
>0:36.08,117.96;37.11,117.69;38.08,117.41;38.84,117.73;39.47,117.68;
#140:
>0:40.13,116.58;40.13,116.34;
#141:
>0:39.01,117.26;38.51,116.82;38.82,117.28;37.24,116.82;
#142:
>0:40.0,116.49;40.28,116.54;
#143:
>0:39.67,116.0;40.2,116.07;
#144:
>0:39.46,117.47;39.91,116.98;39.31,116.72;38.56,116.71;38.75,115.71;
#145:
>0:38.8,116.08;38.75,116.04;
#146:
>0:39.57,117.33;39.61,117.13;39.41,116.32;40.07,116.69;38.89,115.5;
#147:
>0:37.18,116.59;36.63,116.64;
#148:
>0:38.29,116.75;37.35,116.65;37.3,116.09;36.75,115.54;
#149:
>0:35.9,117.11;37.31,116.41;37.3,116.24;37.43,115.83;38.26,115.63;39.91,116.51;
#150:
>0:40.23,116.41;39.77,116.96;40.1,117.39;
#151:
>0:40.34,116.3;40.25,116.65;
#152:
>0:40.15,116.44;40.15,116.58;
#153:
>0:36.04,117.33;35.92,117.72;
#154:
>0:39.94,116.7;39.64,116.56;
#155:
>0:36.55,116.93;36.69,116.34;36.59,115.93;38.17,115.67;
#156:
>0:36.47,115.92;37.19,116.67;36.78,116.87;37.0,117.15;37.05,117.82;
#157:
>0:38.76,117.63;37.4,117.31;37.97,116.91;37.62,116.62;
#158:
>0:37.29,115.98;37.9,115.61;
#159:
>0:39.51,116.32;39.15,117.05;39.32,117.48;40.15,117.92;
#160:
>0:36.67,116.73;37.85,116.32;38.32,116.51;39.58,116.26;
#161:
>0:40.17,116.37;39.86,116.65;
#162:
>0:40.31,116.3;40.35,116.33;
#163:
>0:40.01,115.94;39.77,116.24;
#164:
>0:38.43,115.73;39.05,115.57;
#165:
>0:40.1,115.96;39.89,116.37;39.39,116.81;
#166:
>0:40.24,117.45;40.06,116.91;39.11,116.69;39.72,116.86;39.84,115.53;
#167:
>0:40.08,115.86;38.98,116.69;38.24,116.39;39.88,116.5;
#168:
>0:40.25,116.89;40.09,116.23;
#169:
>0:38.81,117.38;39.4,117.02;
#170:
>0:39.9,116.41;40.23,116.53;
#171:
>0:40.72,116.65;40.24,116.22;
#172:
>0:36.4,117.33;35.89,116.74;36.53,116.53;36.49,116.24;
#173:
>0:37.19,117.95;37.87,117.19;38.52,116.89;38.88,117.71;
#174:
>0:36.71,116.34;37.82,116.35;
#175:
>0:36.16,117.22;36.65,117.96;37.38,117.3;38.5,117.21;
#176:
>0:35.82,115.83;36.62,116.1;36.7,116.4;36.58,116.81;
#177:
>0:39.74,117.98;39.52,117.21;38.58,117.25;38.15,117.97;37.87,117.94;36.43,117.47;
#178:
>0:40.24,116.53;40.32,116.32;
#179:
>0:36.24,117.2;36.24,117.2;
#180:
>0:40.31,116.01;39.44,115.82;38.1,116.16;38.73,115.51;37.9,115.89;36.24,115.9;
#181:
>0:40.0,116.63;40.37,116.79;
#182:
>0:39.63,116.53;39.13,117.04;
#183:
>0:36.03,116.97;37.05,116.69;37.32,115.94;
#184:
>0:38.38,115.85;39.14,115.7;40.34,115.51;
#185:
>0:36.83,117.49;36.25,117.07;35.98,116.64;35.94,116.28;
#186:
>0:40.33,116.33;40.13,116.54;
#187:
>0:40.05,116.4;39.75,116.33;
#188:
>0:40.18,115.9;40.27,116.1;
#189:
>0:36.06,116.66;36.84,116.82;37.79,117.4;38.62,117.01;39.39,117.88;
#190:
>0:40.67,116.43;40.15,116.44;
#191:
>0:37.99,117.89;38.01,117.26;
#192:
>0:39.62,117.56;39.41,117.13;38.51,116.38;37.36,116.12;37.15,116.22;
#193:
>0:39.07,117.62;39.58,117.15;
#194:
>0:39.83,116.46;39.93,116.56;
#195:
>0:40.1,116.67;39.91,116.62;
#196:
>0:40.21,116.52;39.77,115.98;
#197:
>0:38.69,116.79;38.94,116.43;39.85,116.14;
#198:
>0:40.16,116.57;39.66,116.48;
#199:
>0:39.96,116.39;40.53,116.62;
#200:
>0:40.07,116.03;38.95,116.5;40.18,116.26;
#201:
>0:40.5,116.42;39.7,116.84;
#202:
>0:39.78,116.39;40.42,116.52;
#203:
>0:39.08,117.04;38.28,117.52;38.02,117.45;
#204:
>0:39.93,116.2;39.61,116.33;39.41,116.75;38.27,117.26;37.0,117.44;
#205:
>0:40.22,116.21;40.08,116.69;39.4,116.92;
#206:
>0:40.23,116.37;40.17,116.31;
#207:
>0:38.58,115.68;37.7,116.13;37.21,115.53;36.35,116.71;
#208:
>0:35.99,117.93;36.7,117.37;37.93,116.78;38.03,116.45;36.75,116.33;37.44,115.45;
#209:
>0:36.36,117.0;36.83,116.65;36.83,116.24;37.63,115.72;38.59,115.74;40.68,116.63;
#210:
>0:39.62,116.29;40.19,116.31;
#211:
>0:36.26,117.34;36.12,117.43;
#212:
>0:40.2,116.67;39.69,116.33;
#213:
>0:37.46,117.12;37.28,116.4;37.26,116.22;37.16,115.71;
#214:
>0:39.75,116.62;39.8,116.95;40.33,117.5;40.25,117.58;
#215:
>0:36.32,116.78;37.1,116.97;37.65,116.83;
#216:
>0:36.39,116.93;37.26,116.81;37.68,117.16;38.42,117.72;38.9,117.88;
#217:
>0:40.31,116.7;40.27,116.41;
#218:
>0:40.62,116.55;39.77,116.41;
#219:
>0:40.02,116.32;40.13,116.42;
#220:
>0:37.56,117.12;38.8,117.26;
#221:
>0:39.67,116.51;40.28,116.56;
#222:
>0:40.36,115.88;38.85,116.63;39.0,116.98;38.5,117.5;36.78,117.49;
#223:
>0:36.89,115.8;36.31,115.97;36.36,116.34;36.52,117.14;37.99,117.45;
#224:
>0:40.09,116.09;40.09,116.44;
#225:
>0:36.15,116.8;37.11,117.03;37.55,117.46;38.84,116.95;39.47,117.99;
#226:
>0:38.68,117.05;38.64,116.7;38.05,116.11;38.39,115.64;
#227:
>0:40.18,116.07;38.92,115.63;38.21,116.08;38.35,115.57;37.92,115.98;36.07,116.17;
#228:
>0:38.66,116.47;38.13,116.77;37.18,116.96;
#229:
>0:35.98,117.49;35.94,116.87;35.91,116.71;36.31,115.89;
#230:
>0:39.67,116.45;39.72,116.38;
#231:
>0:38.55,116.96;38.51,116.3;37.38,115.91;38.48,115.79;
#232:
>0:39.94,116.29;40.09,116.28;
#233:
>0:39.85,116.68;39.66,116.37;
#234:
>0:39.7,116.32;40.63,116.41;
#235:
>0:38.07,117.23;37.63,116.76;37.67,116.59;
#236:
>0:39.74,116.41;39.81,116.41;
#237:
>0:36.11,117.39;35.89,117.02;35.97,116.54;36.21,116.18;
#238:
>0:39.48,117.68;38.63,117.29;37.33,116.96;37.37,116.68;38.04,116.07;
#239:
>0:40.6,116.6;40.31,116.5;
#240:
>0:38.52,116.03;37.36,116.33;36.89,116.67;36.07,116.49;
#241:
>0:40.07,116.11;39.89,116.34;38.97,116.9;
#242:
>0:39.67,115.92;40.15,116.59;
#243:
>0:40.23,116.54;40.06,116.37;
#244:
>0:35.93,116.89;36.9,116.45;37.84,116.33;38.7,116.51;39.08,116.56;
#245:
>0:39.65,116.36;39.81,116.12;
#246:
>0:40.37,115.96;39.89,116.47;
#247:
>0:38.5,115.44;37.35,115.88;37.52,116.47;37.93,116.81;36.76,117.54;36.6,117.74;
#248:
>0:36.54,116.75;36.01,116.86;
#249:
>0:38.13,117.41;39.14,117.5;38.86,116.45;
#250:
>0:39.85,116.7;39.64,116.37;
#251:
>0:37.87,115.5;37.2,115.46;36.32,115.77;
#252:
>0:37.58,117.25;37.36,117.09;37.83,116.34;37.1,116.39;37.82,115.71;
#253:
>0:38.28,115.76;39.49,115.56;39.95,115.47;
#254:
>0:40.03,116.68;39.75,116.57;
#255:
>0:39.33,117.15;40.34,116.9;39.33,116.3;40.52,116.5;39.58,115.59;
#256:
>0:40.21,116.14;40.31,115.9;
#257:
>0:39.94,115.88;38.86,115.85;38.47,115.98;38.57,115.49;37.8,116.29;36.14,116.14;
#258:
>0:38.41,117.99;39.05,117.34;39.98,117.93;
#259:
>0:40.19,116.35;39.75,116.62;
#260:
>0:39.62,116.43;39.85,116.53;
#261:
>0:38.71,115.7;37.55,116.24;38.7,115.89;40.31,117.11;
#262:
>0:40.21,116.3;39.74,116.66;
#263:
>0:37.48,117.88;36.78,117.97;
#264:
>0:39.95,116.42;39.77,116.36;
#265:
>0:36.48,115.83;36.33,116.22;
#266:
>0:39.1,116.33;38.64,116.79;37.5,117.5;37.2,117.77;36.3,117.97;
#267:
>0:36.36,116.9;37.22,116.94;37.65,117.23;38.83,117.31;
#268:
>0:37.48,117.79;37.04,117.51;
#269:
>0:40.04,116.31;39.82,116.54;
#270:
>0:40.17,117.99;39.58,117.48;38.68,117.0;38.25,117.47;37.51,117.0;35.97,117.14;
#271:
>0:39.78,116.22;40.66,116.52;
#272:
>0:39.7,116.06;39.7,115.95;
#273:
>0:36.84,115.88;36.9,116.47;37.29,116.73;37.38,117.36;39.58,117.67;
#274:
>0:40.31,116.38;40.33,116.93;39.72,117.24;
#275:
>0:38.06,115.71;37.28,116.22;36.4,116.48;36.08,117.09;36.52,117.48;
#276:
>0:39.99,116.16;39.9,116.4;
#277:
>0:36.99,116.58;35.91,116.57;37.28,117.02;38.51,117.68;
#278:
>0:39.14,116.95;39.78,116.87;
#279:
>0:39.62,116.29;40.25,116.6;
#280:
>0:36.14,116.57;36.91,116.22;37.57,116.16;37.55,116.55;39.19,116.03;
#281:
>0:35.85,116.93;36.39,117.1;
#282:
>0:39.72,116.16;39.79,116.65;39.49,116.95;
#283:
>0:39.74,117.3;39.85,117.09;39.55,116.73;38.45,117.17;37.38,117.78;36.39,117.48;
#284:
>0:40.22,116.42;40.52,116.41;
#285:
>0:36.02,117.29;36.04,117.59;
#286:
>0:39.98,115.96;39.58,115.76;38.2,116.04;38.64,116.3;37.91,116.17;35.83,116.01;
#287:
>0:39.9,116.68;39.82,116.65;
#288:
>0:39.99,116.37;40.15,116.49;
#289:
>0:36.24,117.37;36.87,117.1;37.14,116.29;
#290:
>0:39.49,116.86;38.56,116.82;37.65,117.89;
#291:
>0:40.09,116.14;39.11,116.34;38.39,116.86;38.82,117.46;37.08,117.37;
#292:
>0:37.3,116.61;37.95,116.06;38.07,115.77;
#293:
>0:40.08,116.5;40.56,116.71;
#294:
>0:40.18,115.87;40.09,116.17;
#295:
>0:39.53,117.57;38.23,117.24;38.53,116.79;
