#0:
>0:37.56,117.74;38.14,117.32;39.54,116.78;39.63,116.39;
#1:
>0:40.12,116.36;39.62,116.58;
#2:
>0:39.21,116.32;39.56,116.81;38.79,117.06;37.2,117.22;
#3:
>0:37.69,115.92;37.95,116.33;38.0,116.9;
#4:
>0:38.52,115.94;38.72,116.63;39.17,116.9;
#5:
>0:40.22,116.78;38.86,116.41;39.22,116.22;
#6:
>0:39.1,115.73;39.56,116.01;39.5,116.53;39.59,116.83;39.14,117.25;39.02,117.74;
#7:
>0:35.96,116.85;36.96,116.63;38.06,116.4;38.47,115.58;
#8:
>0:37.75,116.9;36.88,116.57;
#9:
>0:36.83,117.55;37.76,117.35;
#10:
>0:40.19,116.39;39.86,116.19;39.99,116.49;39.9,116.4;
#11:
>0:38.04,117.41;38.13,116.77;38.56,116.53;38.64,116.11;
#12:
>0:39.76,116.53;39.84,116.86;39.84,116.38;
#13:
>0:38.46,117.98;38.06,117.23;37.51,117.03;
#14:
>0:40.17,116.65;39.87,115.93;
#15:
>0:39.65,117.14;39.9,117.26;38.89,116.77;38.45,116.86;37.65,116.62;36.48,116.67;
#16:
>0:40.33,116.42;39.93,115.91;39.95,116.37;39.67,116.55;
#17:
>0:39.65,116.36;40.26,116.09;
#18:
>0:36.84,117.56;37.67,117.92;38.63,117.87;
#19:
>0:39.9,115.99;40.23,116.41;
#20:
>0:40.03,116.26;39.65,116.58;
#21:
>0:36.9,115.81;37.68,115.94;38.67,116.47;39.03,116.69;39.38,117.2;
#22:
>0:40.09,116.18;39.64,116.43;39.77,116.82;39.94,116.31;
#23:
>0:39.76,117.88;39.91,117.23;39.23,117.12;38.19,116.95;37.16,116.27;
#24:
>0:39.01,116.66;39.36,116.08;
#25:
>0:40.09,116.0;38.86,116.16;38.2,116.59;37.47,116.8;36.57,117.6;
#26:
>0:40.31,116.99;39.69,116.83;
#27:
>0:39.04,117.9;38.67,117.82;
#28:
>0:38.18,117.09;37.32,116.7;36.9,115.98;
#29:
>0:39.26,116.15;38.74,116.64;38.36,116.93;38.13,117.32;
#30:
>0:40.21,116.38;40.13,116.18;39.86,116.51;
#31:
>0:35.81,116.89;37.05,117.03;
#32:
>0:39.81,115.88;39.91,116.5;39.78,116.03;39.96,115.96;
#33:
>0:39.82,116.49;39.85,116.76;40.29,116.49;
#34:
>0:40.07,116.4;40.18,116.17;39.75,116.45;
#35:
>0:39.88,116.44;40.28,116.62;
#36:
>0:39.97,116.42;39.67,116.26;39.06,116.25;38.02,116.36;
#37:
>0:39.07,117.82;39.62,117.63;39.49,117.25;37.42,116.64;
#38:
>0:39.8,115.93;39.87,116.1;
#39:
>0:36.91,115.84;37.75,115.98;
#40:
>0:40.03,116.15;39.76,116.7;39.88,116.41;
#41:
>0:35.97,116.87;36.74,116.34;38.06,116.39;38.11,115.58;
#42:
>0:40.19,116.66;40.2,115.98;
#43:
>0:36.89,117.17;35.95,116.74;35.85,116.34;
#44:
>0:39.72,116.49;39.71,116.31;
#45:
>0:40.11,115.89;40.13,115.89;
#46:
>0:40.27,116.06;39.88,116.29;40.22,115.99;40.21,116.16;
#47:
>0:40.37,116.13;39.63,116.4;40.0,115.92;40.36,116.11;
#48:
>0:39.95,116.04;39.9,116.57;40.08,116.51;
#49:
>0:39.97,117.02;39.08,116.82;39.02,117.47;38.15,117.09;37.85,117.54;36.31,117.59;
#50:
>0:40.18,116.6;39.82,116.42;
#51:
>0:39.84,116.17;39.63,116.62;
#52:
>0:39.62,116.29;39.92,116.66;
#53:
>0:40.02,116.05;39.82,116.48;39.49,116.89;
#54:
>0:36.8,116.7;38.01,116.16;38.59,116.04;
#55:
>0:39.07,117.81;39.61,117.73;39.17,117.3;38.03,116.36;
#56:
>0:38.05,116.33;37.81,116.3;
#57:
>0:40.26,116.41;40.19,116.35;
#58:
>0:37.39,117.66;38.42,117.14;39.46,116.94;39.75,116.43;
#59:
>0:40.33,116.29;40.03,116.48;
#60:
>0:38.68,116.9;38.61,116.99;
#61:
>0:40.27,116.52;40.33,116.84;40.02,116.68;
#62:
>0:39.3,117.47;38.11,117.1;37.44,116.65;37.17,116.09;35.86,116.64;
#63:
>0:40.32,116.59;39.8,116.05;40.17,116.34;39.88,116.62;
#64:
>0:36.74,115.79;36.02,116.04;37.03,116.49;37.0,117.12;35.98,116.72;36.04,117.86;
#65:
>0:40.32,115.95;40.27,115.93;
#66:
>0:40.1,116.35;40.03,115.95;
#67:
>0:39.65,116.39;39.49,116.99;39.84,116.59;
#68:
>0:36.19,117.0;36.51,116.56;
#69:
>0:40.16,116.32;39.86,116.26;39.93,116.7;
#70:
>0:39.8,116.32;39.63,116.36;
#71:
>0:40.03,117.54;39.07,117.08;39.2,117.17;38.62,117.02;36.84,116.22;
#72:
>0:39.64,116.27;40.31,116.51;
#73:
>0:38.99,116.71;39.32,116.23;
#74:
>0:39.14,116.27;38.17,116.56;38.67,116.99;38.7,117.51;
#75:
>0:37.46,117.94;38.66,117.23;38.68,117.11;38.76,116.53;
#76:
>0:40.25,116.41;40.33,116.78;40.33,116.57;
#77:
>0:39.82,116.21;40.05,116.57;40.2,116.27;40.03,116.01;
#78:
>0:39.89,116.54;40.05,116.71;
#79:
>0:40.01,116.09;39.85,116.63;39.7,116.46;
#80:
>0:37.11,117.68;36.26,117.36;36.62,117.03;37.39,116.55;36.95,116.04;36.3,115.74;
#81:
>0:40.12,115.91;40.07,116.61;
#82:
>0:40.27,116.24;39.66,116.29;
#83:
>0:37.45,116.36;37.08,115.88;35.97,117.06;
#84:
>0:36.11,116.78;35.95,116.54;
#85:
>0:40.15,116.49;39.62,116.72;
#86:
>0:39.52,117.9;39.2,117.45;38.18,116.85;37.63,117.42;36.48,117.67;
#87:
>0:38.94,115.98;40.14,116.36;
#88:
>0:39.36,115.81;38.71,116.16;37.37,116.41;
#89:
>0:39.62,115.87;40.12,116.68;
#90:
>0:39.27,116.39;39.6,116.05;
#91:
>0:39.8,116.15;39.29,115.92;39.35,116.61;40.33,116.09;40.33,115.89;
#92:
>0:40.22,116.63;39.68,116.25;40.36,116.3;
#93:
>0:39.24,117.19;39.58,116.86;
#94:
>0:39.84,116.47;39.86,116.45;
#95:
>0:40.33,116.11;39.75,116.61;
#96:
>0:39.88,116.27;39.83,116.4;40.32,116.36;
#97:
>0:38.84,115.69;38.6,116.04;
#98:
>0:39.79,116.3;40.21,116.06;39.98,116.64;
#99:
>0:39.66,116.24;40.29,116.37;39.88,116.54;
#100:
>0:40.16,115.98;40.12,116.34;40.17,116.66;
#101:
>0:39.98,116.21;39.67,116.38;39.29,117.03;38.84,116.84;39.03,116.37;40.29,116.13;40.28,116.25;
#102:
>0:39.75,116.67;40.36,116.12;39.65,116.56;
#103:
>0:39.6,117.23;38.08,117.0;37.51,117.31;37.31,117.4;36.09,117.95;
#104:
>0:40.11,115.87;39.42,116.39;40.0,116.22;
#105:
>0:40.24,116.6;40.12,116.75;40.26,116.3;
#106:
>0:40.29,116.38;39.75,116.17;40.09,116.68;
#107:
>0:37.77,117.67;37.53,117.84;
#108:
>0:36.3,116.84;36.37,116.68;
#109:
>0:40.24,116.35;40.14,116.47;
#110:
>0:40.2,117.26;39.43,117.1;38.82,117.11;37.32,116.29;37.04,115.7;
#111:
>0:39.95,115.97;40.33,116.46;39.71,116.5;
#112:
>0:39.81,116.1;40.32,116.45;39.75,115.92;39.88,115.92;
#113:
>0:37.78,117.16;38.79,117.08;38.18,116.53;38.22,116.11;
#114:
>0:39.57,116.83;39.0,116.94;
#115:
>0:37.26,117.73;37.57,117.17;38.19,116.87;39.47,116.45;39.2,116.06;39.12,115.64;
#116:
>0:39.84,116.62;39.81,116.43;
#117:
>0:40.1,116.23;39.63,116.58;
#118:
>0:38.84,116.25;39.16,115.77;
#119:
>0:39.92,116.52;39.83,116.72;39.78,116.39;
#120:
>0:39.9,116.18;40.26,116.52;
#121:
>0:37.21,116.41;35.87,116.61;
#122:
>0:37.86,116.91;38.49,116.52;39.38,116.25;38.99,115.47;
#123:
>0:36.54,117.51;36.81,117.81;37.79,117.73;
#124:
>0:39.77,116.3;40.36,116.49;
#125:
>0:39.7,116.49;40.36,116.92;39.69,116.71;
#126:
>0:40.31,116.6;39.9,116.56;
#127:
>0:38.77,115.83;38.14,116.0;38.19,116.29;36.59,117.0;
#128:
>0:37.64,116.78;38.7,116.62;39.43,117.47;
#129:
>0:39.95,116.63;38.88,116.84;40.17,116.56;
#130:
>0:40.2,116.33;40.12,116.83;39.76,116.47;
#131:
>0:39.81,116.65;40.21,116.27;40.12,116.52;
#132:
>0:40.07,116.3;39.89,116.33;
#133:
>0:38.93,116.34;39.39,116.0;
#134:
>0:39.75,116.09;39.09,116.38;40.08,116.11;
#135:
>0:40.16,116.65;40.2,115.99;39.72,116.43;
#136:
>0:39.96,116.6;40.0,116.24;
#137:
>0:37.07,117.68;37.65,117.28;38.65,117.56;38.91,117.55;
#138:
>0:38.48,117.73;39.36,117.86;
#139:
>0:39.73,116.96;38.97,117.04;38.34,116.75;37.69,117.28;36.67,117.28;36.42,117.79;
#140:
>0:38.79,115.98;37.81,115.94;37.15,115.53;35.81,116.52;
#141:
>0:39.82,116.6;40.06,115.99;40.04,116.36;40.32,115.99;39.71,116.6;40.04,116.43;
#142:
>0:39.92,116.47;40.19,115.87;39.67,116.49;40.05,116.3;
#143:
>0:36.32,115.6;36.73,116.04;37.81,116.65;38.29,117.1;39.43,116.5;40.28,117.09;
#144:
>0:39.06,117.81;40.26,117.55;39.39,116.98;38.53,116.96;37.98,116.7;38.52,115.77;
#145:
>0:40.32,116.03;40.31,116.56;40.16,116.35;
#146:
>0:37.04,117.7;37.85,117.23;38.49,117.17;38.96,117.31;
#147:
>0:39.03,117.78;38.22,117.23;37.58,117.44;37.16,117.5;36.11,117.61;
#148:
>0:40.23,116.81;39.11,116.37;39.29,117.08;38.2,116.83;37.59,116.32;36.37,116.7;
#149:
>0:38.94,115.65;39.27,116.03;39.11,116.58;39.02,116.79;39.46,117.29;39.47,117.62;
#150:
>0:40.36,116.42;40.26,116.69;
#151:
>0:36.32,116.8;37.0,117.25;36.71,117.77;
#152:
>0:39.51,115.8;38.51,116.27;37.89,116.31;
#153:
>0:39.95,116.67;40.26,116.15;
#154:
>0:39.82,117.93;39.06,117.77;38.53,117.76;
#155:
>0:39.69,116.37;40.37,116.75;40.07,116.61;
#156:
>0:40.28,116.56;39.65,116.6;
#157:
>0:39.82,116.51;39.72,115.88;
#158:
>0:40.32,116.64;39.78,115.91;39.77,116.4;
#159:
>0:40.34,116.67;40.14,116.03;
#160:
>0:40.01,116.36;38.98,116.99;40.37,116.34;
#161:
>0:40.22,116.66;40.01,116.16;
#162:
>0:39.95,116.04;39.47,116.26;40.09,116.2;
#163:
>0:39.73,116.62;39.77,116.74;40.23,116.37;
#164:
>0:36.67,117.4;36.67,117.09;36.92,116.37;36.77,116.0;
#165:
>0:40.04,116.39;40.21,116.37;
#166:
>0:36.61,117.85;37.34,117.18;38.55,116.91;39.39,116.86;
#167:
>0:39.82,116.59;39.88,116.03;
#168:
>0:40.08,116.38;39.92,116.53;
#169:
>0:37.69,115.97;36.71,116.52;37.32,117.04;
#170:
>0:39.79,116.49;40.04,116.29;39.91,116.38;39.98,116.5;
#171:
>0:39.74,116.02;40.17,116.33;39.92,116.68;
#172:
>0:39.92,115.98;40.08,116.58;40.28,117.09;39.17,116.31;40.33,116.38;39.63,116.08;40.01,116.07;
#173:
>0:38.06,116.73;38.84,116.36;38.97,117.27;
#174:
>0:39.71,115.98;39.77,116.54;
#175:
>0:39.83,116.81;39.09,116.71;38.87,116.15;
#176:
>0:36.85,116.7;36.1,116.53;36.27,117.55;
#177:
>0:37.74,117.57;36.94,117.16;36.15,117.07;36.08,116.4;36.47,116.26;
#178:
>0:36.4,115.5;37.11,115.96;37.79,116.58;38.56,116.98;39.2,117.27;39.99,117.7;
#179:
>0:39.99,116.26;39.64,116.11;
#180:
>0:40.28,116.11;39.69,116.34;40.05,116.04;38.87,116.48;40.16,116.28;
#181:
>0:39.59,116.25;40.14,116.68;
#182:
>0:37.25,117.33;38.0,117.16;
#183:
>0:36.04,116.77;37.32,116.91;37.65,117.09;38.56,116.56;39.18,116.44;39.68,117.12;
#184:
>0:39.9,116.13;39.64,116.3;
#185:
>0:37.86,117.46;37.3,116.73;36.26,117.04;
#186:
>0:40.06,116.09;40.25,116.35;
#187:
>0:37.43,117.91;38.27,117.23;39.51,117.72;40.0,117.39;
#188:
>0:39.69,116.27;40.1,116.14;
#189:
>0:39.15,115.86;38.47,116.33;37.87,117.09;37.23,116.95;36.44,117.18;
#190:
>0:36.44,115.96;36.92,116.69;37.51,116.53;38.09,116.68;
#191:
>0:39.62,116.5;39.39,116.75;40.09,116.55;
#192:
>0:38.15,115.77;38.12,116.16;37.65,116.59;37.21,117.05;
#193:
>0:39.68,116.5;39.67,116.7;
#194:
>0:37.15,115.83;36.25,116.11;36.17,116.6;
#195:
>0:39.49,116.7;39.52,116.74;38.46,117.02;36.91,116.39;
#196:
>0:39.3,116.09;38.21,115.83;
#197:
>0:40.25,116.47;39.84,116.08;39.94,116.62;
#198:
>0:40.31,116.52;40.26,116.44;
#199:
>0:40.04,116.41;39.75,116.38;
#200:
>0:36.17,117.83;37.27,117.44;37.94,116.95;38.74,116.37;39.03,115.86;
#201:
>0:40.25,116.34;40.24,117.05;39.96,116.44;
#202:
>0:39.62,116.37;39.81,116.24;
#203:
>0:38.14,116.81;38.42,117.11;
#204:
>0:39.82,116.08;39.92,116.69;
#205:
>0:40.22,116.81;40.09,116.83;
#206:
>0:39.9,116.68;40.12,116.71;
#207:
>0:39.69,116.53;39.92,116.33;
#208:
>0:40.22,116.33;40.11,116.82;39.96,116.39;
#209:
>0:38.61,117.76;39.58,117.86;39.6,117.41;38.15,116.95;37.72,116.16;
#210:
>0:39.89,116.61;39.72,115.92;
#211:
>0:39.76,116.32;39.84,116.0;
#212:
>0:40.28,116.16;39.48,115.97;39.46,116.64;39.93,116.65;
#213:
>0:40.18,116.42;40.2,116.17;
#214:
>0:38.58,115.91;39.44,116.56;39.58,117.04;
#215:
>0:39.92,116.58;40.05,117.04;39.95,116.47;
#216:
>0:39.88,116.64;40.33,116.54;
#217:
>0:37.45,117.65;37.92,117.72;
#218:
>0:36.83,116.14;37.36,116.38;38.21,116.97;39.33,117.27;40.21,117.75;
#219:
>0:40.31,117.37;38.87,116.74;38.94,117.17;38.53,116.98;36.68,115.9;
#220:
>0:39.72,116.66;39.74,116.55;
#221:
>0:40.12,116.21;40.05,116.51;39.89,116.31;
#222:
>0:37.88,117.91;38.09,117.21;39.51,116.75;40.08,116.33;
#223:
>0:36.36,117.09;37.15,117.53;37.08,117.85;
#224:
>0:39.87,116.43;40.21,116.17;
#225:
>0:39.29,117.91;39.46,117.32;38.76,117.03;38.92,116.65;38.88,115.95;
#226:
>0:40.3,116.51;39.71,116.59;
#227:
>0:37.93,115.59;36.59,115.57;
#228:
>0:37.94,115.46;36.78,115.54;36.48,116.21;37.13,116.36;36.65,117.04;36.8,117.9;
#229:
>0:36.06,117.03;37.28,117.26;37.04,117.63;
#230:
>0:39.66,116.62;40.33,117.07;39.74,116.68;
#231:
>0:40.26,116.59;39.78,115.88;40.32,116.38;
#232:
>0:39.66,116.54;39.85,117.03;39.86,116.32;
#233:
>0:40.32,116.27;39.72,116.29;39.61,116.4;
#234:
>0:40.37,116.46;40.19,115.88;39.63,116.66;40.22,116.93;40.03,116.6;
#235:
>0:39.64,116.4;40.14,115.88;39.74,116.62;
#236:
>0:39.6,115.57;38.51,116.2;38.03,116.71;
#237:
>0:39.76,116.5;40.19,115.9;39.76,116.43;
#238:
>0:35.87,116.77;36.26,116.98;
#239:
>0:39.71,116.47;40.24,116.24;
#240:
>0:40.05,116.13;38.93,116.23;39.85,116.23;
#241:
>0:36.46,116.48;37.3,117.07;37.46,117.45;38.65,117.92;
#242:
>0:35.83,116.87;36.49,117.0;
#243:
>0:36.97,117.96;36.11,117.31;36.59,116.8;37.37,116.39;37.04,116.28;36.55,115.79;
#244:
>0:39.94,116.09;39.7,116.56;39.8,116.5;
#245:
>0:40.12,116.4;39.89,116.57;
#246:
>0:39.74,116.52;40.08,116.13;
#247:
>0:37.85,117.02;36.86,116.56;
#248:
>0:37.13,116.63;37.43,116.18;38.42,116.08;39.25,116.16;
#249:
>0:39.04,117.9;38.19,117.35;37.92,117.44;37.29,117.18;36.07,117.98;
#250:
>0:39.64,115.89;39.79,116.68;
#251:
>0:38.84,117.95;38.07,117.87;
#252:
>0:38.35,117.5;38.08,117.23;37.24,117.4;36.5,117.3;
#253:
>0:40.07,116.71;40.21,115.99;40.08,116.49;40.01,116.62;
#254:
>0:39.93,116.51;39.8,116.65;
#255:
>0:40.33,116.55;39.79,116.59;
#256:
>0:40.06,116.66;40.12,116.99;40.31,116.41;
#257:
>0:39.83,117.37;38.87,117.29;38.68,117.32;
#258:
>0:40.09,116.1;40.22,115.93;
#259:
>0:37.3,116.7;36.98,116.74;36.43,117.33;
#260:
>0:39.19,117.46;38.35,117.09;37.48,116.55;36.57,116.54;36.12,116.43;
#261:
>0:36.23,116.91;36.33,117.09;
#262:
>0:39.99,116.4;39.84,115.87;39.81,116.47;
#263:
>0:39.91,116.08;40.14,116.48;40.04,116.19;40.23,116.24;
#264:
>0:39.84,116.91;40.33,116.92;
#265:
>0:39.61,116.01;38.93,116.18;38.87,116.44;39.75,116.4;
#266:
>0:40.33,116.03;39.99,116.38;
#267:
>0:37.53,115.49;37.17,115.75;35.86,115.97;36.96,116.41;36.59,116.87;36.89,117.84;
#268:
>0:38.57,116.1;37.96,116.54;38.07,117.05;
#269:
>0:39.73,116.64;39.79,116.21;
#270:
>0:39.7,115.89;39.6,116.27;39.2,116.59;39.8,116.54;
#271:
>0:38.17,116.93;38.76,116.97;
#272:
>0:38.16,116.0;37.83,116.49;37.18,116.59;35.87,117.52;
#273:
>0:37.01,116.64;37.58,116.17;38.37,116.22;39.45,115.97;
#274:
>0:38.42,117.98;38.08,117.96;
#275:
>0:38.4,117.02;38.2,116.46;38.17,116.05;
#276:
>0:39.2,117.69;40.31,117.18;39.16,116.8;38.45,117.07;37.61,116.66;38.66,115.82;
#277:
>0:40.25,116.71;39.97,116.0;39.62,116.39;40.25,116.68;
#278:
>0:37.23,117.37;37.69,117.02;38.32,116.6;38.29,116.15;
#279:
>0:39.92,116.29;39.46,116.25;38.39,116.32;37.89,116.72;36.85,117.89;
#280:
>0:37.8,116.55;36.57,116.7;
#281:
>0:39.71,116.47;39.83,116.44;
#282:
>0:40.21,116.3;40.17,116.1;40.0,116.34;40.26,116.67;
#283:
>0:39.96,116.54;40.3,115.88;
#284:
>0:40.16,116.02;40.18,116.46;
#285:
>0:40.12,116.19;39.77,116.61;
#286:
>0:40.04,115.93;40.15,116.43;39.95,115.92;40.25,116.31;39.75,116.95;39.02,117.01;39.97,116.12;
#287:
>0:38.24,116.97;37.84,116.7;37.2,115.92;
#288:
>0:40.21,115.67;39.74,115.99;39.6,116.0;38.78,116.9;
#289:
>0:37.82,117.11;38.17,116.92;37.05,115.98;
#290:
>0:39.85,116.63;39.72,115.92;39.95,116.45;
#291:
>0:36.95,117.94;37.86,117.29;38.83,117.39;38.86,117.26;
#292:
>0:35.97,116.91;36.95,116.43;37.86,115.86;38.76,115.47;38.37,116.22;40.16,116.28;
#293:
>0:36.47,116.89;36.51,116.35;
#294:
>0:38.03,117.47;37.23,117.54;36.37,117.73;
#295:
>0:40.24,116.55;40.17,116.12;40.13,116.46;
