#0:
>0:35.83,117.82;36.73,117.47;37.51,117.37;
#1:
>0:39.58,116.8;38.7,116.74;
#2:
>0:39.02,116.39;39.43,116.13;39.32,115.81;
#3:
>0:39.68,116.14;39.68,116.65;39.68,116.02;
#4:
>0:38.94,116.24;39.28,116.61;38.72,116.01;37.59,116.33;36.22,116.07;
#5:
>0:40.37,116.62;39.69,116.33;
#6:
>0:37.55,117.41;36.9,117.02;36.07,116.49;36.36,116.2;36.48,115.67;
#7:
>0:40.05,115.99;39.91,116.46;
#8:
>0:40.0,116.51;39.92,116.51;
#9:
>0:39.79,116.33;39.45,117.14;38.52,116.29;37.81,116.94;38.03,117.47;36.53,117.38;
#10:
>0:35.89,117.22;37.19,116.87;37.91,117.25;37.73,117.1;38.13,116.83;40.19,117.9;
#11:
>0:36.36,116.74;36.83,117.43;
#12:
>0:39.87,116.44;40.7,116.53;
#13:
>0:40.04,115.89;39.91,116.63;
#14:
>0:40.36,116.67;40.13,116.47;
#15:
>0:40.56,116.35;40.23,115.87;
#16:
>0:37.61,116.14;37.92,116.4;37.4,116.98;38.51,116.86;40.19,117.77;
#17:
>0:35.88,116.64;36.85,116.43;37.36,115.96;38.72,116.31;39.31,116.56;
#18:
>0:39.58,116.11;39.79,116.19;38.88,116.76;
#19:
>0:39.75,116.23;40.49,116.59;39.21,116.23;39.69,115.6;39.82,115.91;
#20:
>0:39.31,117.75;38.14,117.49;38.33,116.87;38.67,116.63;39.49,116.03;39.1,115.57;
#21:
>0:40.33,116.62;39.93,116.42;
#22:
>0:36.05,117.78;36.38,117.5;
#23:
>0:36.17,117.75;36.98,117.17;37.86,117.33;
#24:
>0:36.01,116.6;37.02,116.01;37.53,116.02;37.68,115.47;38.91,115.95;
#25:
>0:40.11,116.47;39.01,117.03;38.73,117.49;37.58,117.3;36.85,117.08;
#26:
>0:37.65,116.3;38.78,116.83;38.87,117.4;39.05,117.57;
#27:
>0:38.91,116.93;39.82,116.79;
#28:
>0:39.39,117.56;38.2,117.98;
#29:
>0:37.15,116.43;37.42,116.99;37.43,117.52;37.57,117.77;
#30:
>0:40.07,117.79;39.03,117.18;
#31:
>0:39.92,116.69;40.14,116.58;
#32:
>0:36.72,116.42;37.66,116.91;37.85,117.22;37.82,117.81;
#33:
>0:36.52,116.76;36.63,117.49;37.88,117.37;38.65,117.42;
#34:
>0:37.53,116.22;36.95,115.82;36.38,115.61;
#35:
>0:37.85,115.95;38.72,116.68;39.58,116.67;38.22,117.2;
#36:
>0:37.5,115.64;36.63,115.45;36.32,115.59;
#37:
>0:35.97,117.66;36.48,117.29;35.84,116.8;36.47,116.48;36.22,116.03;36.41,115.59;
#38:
>0:39.18,116.66;38.42,116.74;38.58,117.43;38.58,117.63;
#39:
>0:36.75,115.76;37.34,116.05;37.84,116.49;37.9,117.14;37.93,117.4;38.46,117.82;
#40:
>0:36.04,116.93;36.49,116.98;
#41:
>0:38.85,117.43;38.67,117.43;
#42:
>0:38.7,117.43;37.73,116.9;37.19,116.69;37.26,116.15;37.07,115.49;
#43:
>0:37.94,116.64;38.33,116.7;39.01,117.16;
#44:
>0:36.54,115.73;36.85,115.46;37.33,115.54;38.3,116.55;
#45:
>0:40.49,116.62;40.07,116.32;
#46:
>0:36.7,117.72;38.07,117.6;38.19,117.8;39.58,117.24;39.74,117.15;
#47:
>0:38.59,116.57;38.69,116.39;
#48:
>0:38.45,115.71;38.97,116.16;39.65,115.66;
#49:
>0:39.76,116.06;40.01,116.64;
#50:
>0:36.65,116.03;35.8,116.43;
#51:
>0:39.32,117.24;39.62,117.07;39.08,116.55;38.38,115.89;39.86,115.73;
#52:
>0:39.91,115.92;40.23,116.46;40.19,116.05;40.06,116.37;39.8,115.87;40.28,116.55;40.22,115.87;40.3,116.61;40.2,116.13;40.26,116.69;39.64,116.28;40.1,116.46;39.63,116.14;39.67,116.38;40.3,115.88;39.96,116.03;
#53:
>0:38.5,116.86;38.83,116.41;39.36,116.5;38.19,115.65;
#54:
>0:38.24,115.66;39.42,116.25;39.13,116.39;38.91,116.9;38.9,117.24;
#55:
>0:38.31,117.52;38.83,116.89;38.77,116.34;39.01,116.4;39.39,115.66;
#56:
>0:36.62,116.07;37.63,115.89;38.42,115.92;
#57:
>0:40.1,116.02;40.4,116.68;39.8,116.18;40.15,116.18;
#58:
>0:39.69,117.74;38.88,117.37;38.5,116.79;37.97,116.56;37.01,116.64;
#59:
>0:39.73,116.19;39.89,116.01;
#60:
>0:38.7,115.67;37.47,116.14;36.56,116.63;
#61:
>0:36.57,116.25;38.06,116.18;37.59,115.65;39.04,116.01;
#62:
>0:35.83,116.37;36.59,116.24;37.5,115.89;38.37,115.95;
#63:
>0:38.03,116.31;37.59,117.01;38.18,116.84;39.96,117.59;
#64:
>0:37.29,115.94;38.08,116.57;37.51,117.02;38.6,117.04;40.01,117.65;
#65:
>0:36.13,117.09;36.61,117.02;37.77,117.14;38.55,117.75;
#66:
>0:36.01,116.21;36.6,116.5;38.04,116.61;38.62,116.52;38.41,116.78;39.79,117.09;
#67:
>0:39.91,116.59;40.13,116.5;
#68:
>0:39.01,116.58;38.32,117.03;39.26,117.2;38.97,117.79;
#69:
>0:37.71,117.77;38.66,117.83;39.46,117.56;40.01,117.57;
#70:
>0:36.65,117.09;37.9,117.18;37.92,117.68;
#71:
>0:39.67,116.26;40.01,116.54;
#72:
>0:40.17,116.04;40.34,115.67;39.5,115.88;39.9,116.22;40.2,116.21;
#73:
>0:38.17,116.83;37.35,117.13;37.5,117.83;
#74:
>0:37.69,116.36;36.63,116.81;36.14,116.98;
#75:
>0:38.01,116.03;38.34,116.58;39.09,116.97;
#76:
>0:40.01,115.89;40.04,116.48;
#77:
>0:36.27,116.82;36.87,116.46;37.73,116.21;37.98,115.63;38.96,115.88;
#78:
>0:35.88,116.28;37.32,115.67;37.91,115.58;
#79:
>0:37.41,117.5;38.34,116.87;38.38,116.3;38.72,116.28;
#80:
>0:37.81,117.75;38.33,117.65;38.21,116.98;
#81:
>0:39.89,115.96;40.22,116.61;
#82:
>0:40.22,116.58;39.66,116.67;
#83:
>0:40.22,116.26;39.63,116.11;
#84:
>0:40.07,116.15;40.23,116.33;
#85:
>0:38.1,116.01;38.2,116.45;
#86:
>0:39.45,115.9;39.3,116.29;39.61,117.06;
#87:
>0:36.97,115.99;37.35,116.2;37.36,115.63;39.1,115.97;
#88:
>0:39.66,116.41;39.04,116.87;38.39,116.66;37.61,116.74;36.62,117.05;
#89:
>0:40.27,116.71;39.73,116.58;
#90:
>0:39.4,117.41;38.87,116.78;40.28,116.55;
#91:
>0:39.57,117.95;38.39,117.25;38.69,116.92;38.52,116.44;40.21,116.19;
#92:
>0:36.7,116.16;35.95,116.43;
#93:
>0:36.86,115.46;38.04,115.98;37.52,116.38;37.61,117.09;37.84,117.38;38.54,117.65;
#94:
>0:39.74,116.11;39.23,116.35;38.58,115.97;37.9,116.71;37.88,116.22;35.9,116.32;
#95:
>0:38.26,117.21;37.4,117.06;38.3,116.29;
#96:
>0:37.59,115.49;38.02,115.95;38.58,116.34;37.93,116.92;37.84,117.15;36.39,117.69;
#97:
>0:40.27,116.61;40.16,116.64;
#98:
>0:36.27,115.47;36.86,116.19;37.56,116.48;38.09,116.79;39.38,117.17;39.04,117.74;
#99:
>0:37.44,116.39;37.3,116.93;36.2,116.86;
#100:
>0:38.7,116.07;37.92,116.56;38.15,116.67;38.06,117.0;37.23,117.81;
#101:
>0:37.21,117.84;37.35,117.22;37.5,117.13;38.48,116.83;38.6,116.55;39.72,115.63;
#102:
>0:37.51,116.55;36.68,116.94;36.35,116.79;
#103:
>0:39.68,116.4;39.54,117.09;39.81,117.37;
#104:
>0:39.69,116.54;40.29,116.59;
#105:
>0:37.6,117.4;37.36,117.09;38.08,116.54;
#106:
>0:38.0,115.89;38.11,116.68;38.03,117.12;38.63,117.08;39.96,117.66;
#107:
>0:39.71,117.26;39.09,117.86;
#108:
>0:38.98,116.37;39.01,117.1;
#109:
>0:38.79,116.45;37.56,116.71;37.59,116.07;36.26,116.65;
#110:
>0:36.23,115.53;36.64,116.14;
#111:
>0:40.35,116.48;39.81,116.39;
#112:
>0:37.42,116.3;37.49,116.92;37.9,117.24;36.55,117.77;
#113:
>0:37.93,116.4;38.53,116.41;38.54,116.8;40.3,117.66;
#114:
>0:39.91,116.41;40.14,116.47;
#115:
>0:40.29,116.69;39.23,116.78;38.48,117.42;37.69,117.54;37.0,116.83;
#116:
>0:39.61,116.31;39.48,117.1;40.1,117.32;
#117:
>0:39.39,117.21;39.72,116.95;39.18,116.93;38.87,116.18;
#118:
>0:36.61,116.21;37.77,116.57;38.31,116.38;39.51,115.99;39.65,116.58;
#119:
>0:35.81,117.05;37.17,117.12;37.54,117.27;37.49,117.12;39.12,117.22;
#120:
>0:37.25,115.91;37.89,116.16;38.48,115.96;
#121:
>0:36.48,117.2;36.35,117.02;
#122:
>0:38.93,116.87;38.25,117.02;37.54,117.03;37.59,117.22;36.55,116.9;
#123:
>0:40.27,116.7;40.45,116.44;
#124:
>0:40.0,116.53;39.91,116.38;
#125:
>0:39.04,116.24;38.13,115.85;37.84,116.18;38.0,115.49;36.3,116.04;
#126:
>0:37.87,116.4;37.67,116.0;37.77,115.58;
#127:
>0:36.23,117.59;37.31,117.17;37.61,117.17;
#128:
>0:39.86,117.43;39.06,117.13;38.71,116.47;
#129:
>0:37.17,117.41;37.84,116.75;38.43,116.76;39.25,116.1;
#130:
>0:35.87,117.08;36.83,116.31;37.48,116.63;
#131:
>0:37.16,117.96;37.48,117.65;38.11,117.85;
#132:
>0:36.53,117.15;35.83,117.2;
#133:
>0:40.36,115.93;40.05,116.4;40.27,116.6;
#134:
>0:40.12,117.72;39.54,117.31;38.83,117.11;37.75,116.3;37.05,116.22;36.31,115.55;
#135:
>0:39.04,115.83;38.35,115.92;37.8,116.51;37.01,117.1;36.53,116.96;
#136:
>0:35.96,116.37;36.57,116.21;37.3,115.57;
#137:
>0:38.84,117.33;37.98,117.35;36.84,117.51;36.52,117.46;
#138:
>0:37.22,117.94;36.43,117.15;
#139:
>0:40.31,116.35;40.22,116.42;
#140:
>0:39.7,116.5;39.76,116.57;
#141:
>0:39.7,116.11;40.3,116.13;
#142:
>0:37.23,115.98;37.79,116.6;37.71,117.06;38.21,116.91;40.0,116.96;
#143:
>0:40.12,116.51;39.92,116.36;
#144:
>0:37.14,117.96;36.69,117.16;37.21,116.78;36.67,116.71;37.0,115.96;36.85,115.47;
#145:
>0:36.08,116.92;37.23,117.24;37.84,117.44;38.26,117.52;
#146:
>0:37.6,116.51;36.82,116.97;36.43,117.09;
#147:
>0:40.01,116.03;40.28,116.6;
#148:
>0:40.05,116.22;39.36,116.63;38.14,116.87;37.94,117.1;37.82,117.21;36.3,117.38;
#149:
>0:38.47,115.72;39.42,116.07;38.96,116.5;38.78,117.09;39.01,117.25;40.2,117.92;
#150:
>0:40.31,116.7;39.96,115.91;
#151:
>0:40.3,116.68;39.87,116.89;
#152:
>0:39.66,116.12;40.15,115.92;
#153:
>0:39.86,116.31;39.58,116.89;38.82,116.4;37.42,116.74;37.97,117.43;36.29,116.86;
#154:
>0:36.79,117.33;37.44,117.14;
#155:
>0:40.05,115.91;40.01,116.35;39.31,116.94;
#156:
>0:37.84,116.88;37.63,117.56;36.01,117.13;
#157:
>0:39.41,115.55;38.13,115.93;39.54,116.14;38.39,116.83;
#158:
>0:40.07,115.96;40.19,116.58;39.48,116.84;
#159:
>0:37.08,115.6;37.5,116.02;
#160:
>0:38.86,117.94;40.32,117.58;
#161:
>0:39.32,117.66;38.48,117.32;38.26,117.13;38.22,116.58;39.02,116.39;39.13,115.77;
#162:
>0:39.35,117.54;40.07,116.94;38.88,117.0;38.91,116.63;39.83,115.49;
#163:
>0:37.07,117.58;36.41,117.29;
#164:
>0:39.21,117.51;39.66,116.9;39.26,116.98;39.21,115.87;
#165:
>0:38.71,117.9;39.35,117.47;39.67,116.84;39.04,116.84;38.33,116.54;40.3,115.74;
#166:
>0:37.07,116.14;37.94,116.65;38.23,116.89;
#167:
>0:39.56,116.29;40.12,116.12;40.25,116.99;
#168:
>0:39.19,115.71;38.49,115.47;37.78,115.56;36.85,115.67;35.95,115.82;
#169:
>0:38.04,116.57;37.99,116.86;36.89,117.29;
#170:
>0:39.69,116.15;40.45,116.43;40.69,116.79;
#171:
>0:37.69,117.73;37.01,117.92;36.51,116.86;
#172:
>0:38.85,117.57;39.98,117.66;
#173:
>0:37.53,117.12;37.49,116.6;
#174:
>0:39.93,116.42;39.99,116.39;
#175:
>0:38.94,116.67;39.5,116.98;38.2,116.95;40.2,117.65;
#176:
>0:39.86,115.91;40.75,116.6;
#177:
>0:39.36,116.8;38.62,117.11;37.63,117.09;37.13,117.25;
#178:
>0:39.67,117.32;39.46,117.71;38.22,117.56;37.38,117.28;36.65,117.79;36.2,116.94;
#179:
>0:39.73,116.65;40.65,116.57;
#180:
>0:40.09,116.29;39.62,116.33;
#181:
>0:37.29,116.17;37.69,116.35;38.15,116.7;38.36,116.79;39.8,116.82;
#182:
>0:36.92,116.37;35.86,116.84;36.03,117.45;
#183:
>0:36.13,116.8;36.31,116.78;
#184:
>0:37.5,115.61;37.7,116.24;35.88,116.36;
#185:
>0:40.31,116.39;39.78,116.4;
#186:
>0:40.17,117.87;39.44,117.77;38.19,117.25;37.62,117.77;
#187:
>0:39.88,115.92;39.3,116.38;38.61,116.77;37.88,116.85;37.88,117.15;36.32,117.29;
#188:
>0:37.84,117.51;36.97,117.08;
#189:
>0:36.71,116.59;37.82,116.86;36.67,117.42;
#190:
>0:37.38,115.57;38.06,116.24;36.39,116.36;
#191:
>0:36.16,116.98;36.23,117.13;
#192:
>0:39.39,116.98;38.75,117.48;37.45,117.57;37.65,117.72;36.36,117.02;
#193:
>0:36.18,115.55;36.38,115.97;35.97,116.62;36.39,116.9;36.23,117.48;35.99,117.65;
#194:
>0:39.89,115.89;40.58,116.83;40.37,116.13;40.33,116.3;39.37,116.06;40.28,116.12;
#195:
>0:40.34,116.51;39.83,116.51;
#196:
>0:39.81,116.13;39.79,116.69;39.3,116.92;38.52,117.43;38.02,117.41;35.8,117.73;
#197:
>0:39.8,116.02;40.03,116.58;
#198:
>0:36.6,117.7;37.47,117.47;37.37,117.02;38.29,117.13;38.54,116.43;39.78,115.69;
#199:
>0:40.21,116.4;40.61,116.5;
#200:
>0:39.99,117.96;39.21,117.16;38.62,116.8;38.31,116.58;37.53,115.99;
#201:
>0:38.49,116.87;38.72,116.42;37.94,116.34;37.96,115.8;
#202:
>0:40.11,116.74;39.64,116.3;
#203:
>0:39.8,115.88;39.84,116.54;
#204:
>0:36.28,117.08;36.69,116.6;37.78,116.91;38.17,116.76;38.98,117.42;40.34,116.59;
#205:
>0:40.3,116.22;39.86,116.59;39.74,116.18;
#206:
>0:39.73,116.58;39.62,116.52;
#207:
>0:40.05,116.57;39.41,116.25;39.66,115.58;
#208:
>0:39.65,116.71;39.95,116.38;
#209:
>0:39.92,117.35;39.38,116.75;39.45,116.52;39.17,115.89;
#210:
>0:38.97,117.55;39.13,117.09;40.17,116.4;
#211:
>0:39.8,117.32;39.59,116.87;38.88,116.33;39.58,115.93;
#212:
>0:38.28,116.29;38.2,116.6;
#213:
>0:39.0,115.85;38.82,116.27;37.93,116.68;38.57,116.93;
#214:
>0:40.24,116.41;40.36,116.51;
#215:
>0:39.88,116.58;39.83,116.41;
#216:
>0:37.31,117.79;37.16,117.14;37.03,116.73;37.08,116.35;36.94,115.99;36.76,115.79;
#217:
>0:40.3,116.33;39.78,116.39;
#218:
>0:40.2,116.63;40.62,116.71;
#219:
>0:40.02,116.06;40.24,116.62;
#220:
>0:38.97,117.71;38.49,117.35;38.12,116.74;38.42,116.47;38.89,116.49;39.1,115.77;
#221:
>0:36.59,117.37;36.07,116.91;35.84,116.56;36.13,115.93;
#222:
>0:36.13,117.39;36.77,116.91;37.45,116.3;38.79,116.46;38.9,116.48;
#223:
>0:38.25,115.55;37.99,115.93;37.89,115.63;36.4,116.16;
#224:
>0:36.72,117.09;37.34,116.63;38.8,116.46;
#225:
>0:37.07,116.82;37.86,117.4;37.71,117.96;
#226:
>0:38.79,115.69;39.07,116.14;40.17,116.17;39.36,116.44;38.37,116.73;40.06,117.71;
#227:
>0:36.12,117.12;36.91,116.64;37.68,115.94;38.72,116.42;
#228:
>0:36.31,117.62;37.3,117.28;38.06,117.06;37.53,116.38;37.84,116.2;37.96,115.82;
#229:
>0:40.31,116.64;39.9,116.63;
#230:
>0:40.08,115.71;39.52,115.87;38.86,116.47;39.07,116.82;38.33,117.44;37.94,117.94;
#231:
>0:39.86,116.03;39.87,116.65;39.64,116.0;39.93,116.44;40.21,115.91;
#232:
>0:40.64,116.53;40.71,116.6;
#233:
>0:40.32,116.75;39.23,116.8;38.36,116.66;37.49,116.42;37.33,116.06;36.04,116.54;
#234:
>0:38.38,117.3;37.39,116.79;38.76,116.38;
#235:
>0:36.51,116.91;37.23,116.55;37.78,116.47;38.0,115.68;
#236:
>0:40.19,116.43;40.16,116.53;
#237:
>0:36.25,117.04;37.01,116.87;37.78,117.51;37.72,117.8;38.3,117.77;40.36,117.72;
#238:
>0:40.36,116.28;40.11,116.65;40.11,117.05;
#239:
>0:36.57,116.3;37.63,115.86;38.12,117.11;
#240:
>0:39.19,116.87;38.35,116.62;37.71,116.85;
#241:
>0:38.0,117.88;38.26,117.92;39.33,117.18;40.22,117.89;
#242:
>0:40.22,116.76;40.45,116.84;
#243:
>0:40.05,116.38;39.56,116.18;38.11,116.03;
#244:
>0:38.99,116.3;38.73,116.93;37.94,116.91;36.62,116.79;
#245:
>0:39.53,115.93;39.01,116.62;38.38,116.95;39.21,117.27;39.71,117.93;
#246:
>0:36.17,117.0;37.11,116.34;37.42,116.31;37.86,115.77;
#247:
>0:40.72,116.8;40.18,116.71;
#248:
>0:40.44,116.7;39.77,116.32;
#249:
>0:40.23,116.04;40.31,116.45;40.19,115.89;39.75,116.38;40.36,116.12;39.82,116.16;
#250:
>0:39.63,116.58;39.73,116.53;
#251:
>0:39.63,116.08;39.89,116.64;
#252:
>0:39.88,116.67;40.13,116.65;
#253:
>0:40.28,116.35;40.03,116.27;
#254:
>0:40.36,116.61;39.78,116.58;
#255:
>0:36.4,117.23;36.73,116.8;37.49,116.67;38.32,116.32;39.04,116.21;39.64,116.16;
#256:
>0:40.02,116.12;40.17,116.67;39.59,116.25;39.79,116.01;40.05,116.48;40.36,116.2;40.25,116.42;39.9,116.22;39.92,115.99;
#257:
>0:36.8,117.03;37.58,116.71;38.42,116.02;39.51,115.72;
#258:
>0:39.63,116.18;39.99,116.56;
#259:
>0:40.35,116.35;40.11,116.67;
#260:
>0:39.95,116.2;40.42,116.6;
#261:
>0:37.85,115.57;37.57,116.05;38.34,116.43;37.72,117.0;36.8,117.35;
#262:
>0:38.54,117.66;38.5,117.51;36.73,117.23;
#263:
>0:39.92,116.41;39.75,116.41;
#264:
>0:39.56,116.6;38.59,116.95;37.8,116.88;37.29,117.02;
#265:
>0:39.96,116.59;40.01,116.33;
#266:
>0:38.67,117.38;39.24,116.93;40.37,116.57;
#267:
>0:36.18,116.37;36.23,115.97;
#268:
>0:40.39,116.4;39.87,116.25;
#269:
>0:39.07,117.8;38.61,117.54;37.45,116.85;36.91,116.36;36.0,116.25;
#270:
>0:40.0,116.51;39.99,116.52;
#271:
>0:39.71,116.41;40.18,116.45;
#272:
>0:39.58,117.22;40.05,116.8;39.01,117.04;39.24,116.25;
#273:
>0:37.95,116.94;37.4,116.43;
#274:
>0:40.05,116.5;40.23,116.62;
#275:
>0:38.17,115.86;38.96,115.93;39.35,116.49;
#276:
>0:40.3,116.55;39.84,116.05;
#277:
>0:39.43,117.07;39.54,116.6;37.43,116.8;
#278:
>0:38.95,116.1;39.46,116.5;38.62,116.23;38.03,116.56;35.97,116.11;
#279:
>0:40.49,116.4;40.19,116.13;
#280:
>0:39.61,116.67;40.26,116.58;
#281:
>0:40.33,116.05;39.56,115.66;39.61,116.71;
#282:
>0:35.91,117.91;36.73,117.33;37.98,117.19;
#283:
>0:40.02,116.32;39.92,115.88;
#284:
>0:40.35,116.51;39.98,116.64;
#285:
>0:39.46,117.19;39.63,117.14;38.16,116.63;
#286:
>0:37.06,117.63;37.84,117.26;37.85,117.9;38.65,117.62;40.12,116.84;
#287:
>0:40.33,116.69;39.84,116.63;
#288:
>0:35.88,116.09;37.21,115.83;37.61,115.7;
#289:
>0:35.89,115.8;37.01,115.45;37.8,115.52;38.14,116.58;
#290:
>0:40.34,116.12;40.14,116.6;
#291:
>0:40.72,116.64;39.68,116.32;
#292:
>0:39.91,116.38;40.29,116.63;
#293:
>0:36.15,115.98;36.35,116.71;36.17,116.96;
#294:
>0:39.04,115.45;39.67,115.66;
#295:
>0:40.16,116.67;39.97,115.9;
