#0:
>0:40.13,116.88;39.7,116.61;39.12,115.94;
#1:
>0:40.62,116.65;39.79,116.42;
#2:
>0:39.79,116.01;40.33,115.9;
#3:
>0:40.27,116.41;40.13,116.68;
#4:
>0:37.1,117.05;37.7,116.74;37.96,117.7;
#5:
>0:38.09,117.12;38.22,116.85;
#6:
>0:39.63,116.22;39.85,116.51;40.32,116.63;
#7:
>0:39.99,116.26;39.63,116.27;
#8:
>0:39.8,116.03;39.85,116.01;
#9:
>0:39.71,116.52;39.61,116.71;40.08,116.61;
#10:
>0:38.97,117.84;38.69,117.8;37.33,117.47;37.74,116.86;37.24,116.39;36.13,115.66;
#11:
>0:38.01,115.61;38.11,115.94;38.04,116.08;38.52,116.51;39.42,117.22;
#12:
>0:38.03,117.65;38.84,117.44;38.91,117.26;38.23,116.34;
#13:
>0:39.66,115.94;39.69,115.91;
#14:
>0:40.26,116.5;39.04,116.66;38.88,115.92;38.2,116.47;37.78,116.02;36.14,115.54;
#15:
>0:39.69,116.23;40.12,116.0;
#16:
>0:40.36,116.62;39.98,116.06;
#17:
>0:39.96,116.03;39.81,116.38;
#18:
>0:39.88,116.09;39.98,116.28;
#19:
>0:39.47,117.12;39.35,116.65;38.42,116.75;36.74,116.39;
#20:
>0:38.24,117.54;38.52,117.92;37.79,117.49;36.38,116.79;
#21:
>0:38.99,116.89;38.43,116.89;37.67,116.85;37.8,117.51;35.94,117.75;
#22:
>0:37.08,116.41;37.99,115.88;38.8,116.12;39.46,115.67;
#23:
>0:39.6,117.36;38.58,117.82;37.52,117.21;36.94,117.68;36.28,117.41;
#24:
>0:39.9,116.66;40.13,115.91;
#25:
>0:39.81,116.11;40.29,116.56;40.07,116.66;
#26:
>0:40.01,117.92;39.57,117.26;
#27:
>0:39.53,115.46;38.77,116.15;37.5,116.43;36.71,116.65;
#28:
>0:39.96,116.17;40.18,116.67;
#29:
>0:39.54,115.9;38.74,116.38;
#30:
>0:39.83,116.08;40.11,116.56;39.85,116.65;
#31:
>0:40.16,116.61;38.99,116.51;40.58,116.34;
#32:
>0:39.8,116.51;39.18,116.42;39.71,115.58;
#33:
>0:39.69,116.08;39.63,116.58;
#34:
>0:40.16,115.89;39.89,115.91;
#35:
>0:40.21,116.54;39.98,116.36;
#36:
>0:40.25,116.53;39.88,116.28;40.07,116.45;39.34,116.64;39.68,116.71;
#37:
>0:40.32,116.18;39.81,116.23;
#38:
>0:40.05,116.3;39.73,116.15;
#39:
>0:40.41,116.61;40.35,116.33;
#40:
>0:38.18,117.51;38.66,116.84;37.73,116.49;37.76,116.09;36.38,115.8;
#41:
>0:39.07,117.39;39.76,117.26;39.79,116.82;39.18,116.64;39.93,115.66;
#42:
>0:40.14,116.55;40.33,115.95;
#43:
>0:37.97,117.87;38.7,117.44;39.28,117.13;
#44:
>0:35.87,116.4;36.4,116.3;
#45:
>0:38.22,115.52;38.04,116.15;37.23,116.65;36.12,116.84;36.4,117.38;
#46:
>0:36.13,117.28;37.0,116.77;36.93,116.57;
#47:
>0:40.27,116.84;39.5,116.6;39.44,116.85;37.64,116.56;
#48:
>0:36.5,117.43;37.03,116.84;37.56,117.03;38.21,116.41;39.35,116.52;40.11,115.46;
#49:
>0:35.97,117.12;36.24,117.08;
#50:
>0:39.7,116.52;39.23,116.68;40.59,116.37;
#51:
>0:36.54,116.21;36.89,116.59;37.84,116.46;38.22,116.69;39.01,116.35;39.77,116.34;
#52:
>0:37.87,116.13;38.33,116.52;38.95,116.79;39.98,116.83;
#53:
>0:38.87,117.94;38.53,117.9;37.49,117.43;37.31,116.35;
#54:
>0:36.54,116.79;36.02,116.48;
#55:
>0:39.03,116.37;39.25,116.18;39.09,115.67;
#56:
>0:36.98,116.75;37.76,117.06;38.55,116.69;38.85,116.66;40.26,115.55;
#57:
>0:40.17,116.64;38.9,116.3;39.9,116.5;
#58:
>0:36.92,116.69;36.29,116.93;
#59:
>0:38.38,117.59;37.78,117.18;36.98,117.22;35.92,116.97;36.06,116.15;
#60:
>0:38.27,116.59;37.39,116.92;
#61:
>0:39.54,116.35;38.64,116.89;37.71,117.51;
#62:
>0:38.37,116.78;38.46,117.27;36.84,117.31;
#63:
>0:39.95,116.56;39.96,116.1;
#64:
>0:36.43,117.9;36.23,117.24;36.81,117.0;37.59,117.14;38.21,116.66;39.93,115.99;
#65:
>0:39.22,117.44;38.44,117.79;37.85,117.47;37.29,117.63;35.91,117.5;
#66:
>0:39.9,116.1;39.75,116.01;
#67:
>0:39.39,115.89;38.82,116.08;
#68:
>0:36.85,116.93;37.49,116.98;38.56,116.63;
#69:
>0:39.23,117.84;38.38,117.63;37.84,117.47;36.87,117.24;36.23,116.68;
#70:
>0:36.16,117.27;36.29,116.96;36.32,116.38;36.06,116.29;36.03,115.59;
#71:
>0:40.17,116.3;40.39,116.48;
#72:
>0:40.31,116.56;39.33,116.65;39.88,116.31;
#73:
>0:35.94,117.28;37.04,117.14;37.16,116.32;
#74:
>0:37.52,115.44;37.91,115.92;38.29,116.45;38.69,116.99;40.19,117.35;
#75:
>0:40.34,116.47;39.91,115.97;
#76:
>0:40.02,116.58;40.14,116.32;
#77:
>0:39.39,116.7;39.24,116.18;39.13,115.62;
#78:
>0:37.64,117.3;37.22,117.34;36.0,116.48;
#79:
>0:40.1,116.24;40.15,116.46;38.85,116.51;39.82,116.35;
#80:
>0:39.95,116.29;40.68,116.49;
#81:
>0:38.58,116.67;38.69,116.1;
#82:
>0:39.97,116.61;39.79,116.17;39.78,116.57;39.67,116.49;
#83:
>0:35.95,117.82;36.53,117.47;36.91,117.98;37.92,117.61;38.12,117.4;39.87,117.73;
#84:
>0:36.01,117.03;36.3,116.87;
#85:
>0:38.7,116.91;38.66,116.56;39.37,116.49;39.97,115.7;
#86:
>0:40.25,116.18;39.92,116.01;
#87:
>0:39.85,117.61;39.6,117.63;38.41,117.68;
#88:
>0:39.73,116.33;40.22,116.61;
#89:
>0:38.09,117.28;39.24,117.45;37.38,116.61;
#90:
>0:39.65,116.46;40.1,116.42;
#91:
>0:40.08,115.91;40.53,116.42;
#92:
>0:36.49,117.87;36.49,117.36;36.97,117.73;37.94,117.96;38.8,117.48;39.75,117.63;
#93:
>0:40.05,116.6;39.74,116.42;
#94:
>0:38.07,115.77;38.8,115.84;
#95:
>0:36.11,117.62;36.13,117.3;36.6,117.83;37.44,117.79;38.1,117.22;39.79,117.92;
#96:
>0:36.46,115.98;36.56,115.54;37.44,115.58;
#97:
>0:38.5,117.16;39.6,117.24;38.05,116.61;
#98:
>0:37.55,115.98;37.46,115.94;
#99:
>0:40.29,116.2;39.08,115.98;38.83,116.7;37.63,116.02;36.75,115.81;
#100:
>0:39.08,117.3;38.3,116.89;38.82,116.44;37.36,115.9;36.7,115.53;
#101:
>0:39.15,116.48;39.13,116.82;37.4,117.03;
#102:
>0:36.43,117.22;37.17,117.88;37.34,117.83;38.81,117.54;39.55,117.63;
#103:
>0:39.95,115.88;39.2,115.88;38.61,116.44;38.45,117.28;
#104:
>0:38.42,116.97;37.94,116.79;39.37,116.2;
#105:
>0:38.25,117.18;38.13,117.13;38.08,116.36;37.62,116.19;36.45,115.54;
#106:
>0:38.73,117.09;37.49,117.06;37.15,116.94;
#107:
>0:38.26,116.94;38.6,117.55;36.7,117.22;
#108:
>0:39.17,115.51;39.61,116.2;38.12,116.29;38.06,115.93;35.83,115.99;
#109:
>0:36.11,116.27;37.08,116.0;
#110:
>0:39.75,117.29;40.25,117.93;39.47,117.36;38.27,116.9;37.4,117.14;35.97,116.5;
#111:
>0:35.85,115.64;36.12,115.87;37.06,116.31;37.22,117.07;37.78,117.09;38.23,117.94;
#112:
>0:39.66,116.48;39.17,116.44;39.78,116.48;
#113:
>0:37.64,117.17;38.39,117.06;38.95,117.46;40.07,117.91;
#114:
>0:39.82,116.81;38.9,116.68;40.12,116.3;
#115:
>0:37.58,116.99;38.53,116.7;38.18,116.93;40.37,117.28;
#116:
>0:37.01,115.69;37.91,116.08;38.27,116.12;
#117:
>0:39.97,116.3;39.78,116.29;
#118:
>0:37.13,115.67;35.9,116.22;36.86,116.71;37.01,116.72;35.96,117.44;36.44,117.99;
#119:
>0:38.53,116.96;38.68,117.27;37.0,117.55;
#120:
>0:40.12,116.31;39.29,116.62;40.44,116.31;
#121:
>0:36.02,117.89;36.44,117.59;
#122:
>0:38.79,116.12;38.81,116.3;
#123:
>0:36.83,117.78;37.65,117.87;38.09,117.52;38.23,116.8;37.77,116.31;38.24,115.79;
#124:
>0:36.55,117.65;36.0,117.3;36.75,117.43;36.24,116.44;
#125:
>0:40.03,116.18;40.35,116.59;
#126:
>0:40.16,116.49;39.9,116.7;
#127:
>0:39.67,115.95;39.75,116.68;
#128:
>0:39.23,116.47;38.59,116.05;37.98,116.15;37.0,115.95;36.25,116.28;
#129:
>0:40.03,116.0;40.12,116.19;
#130:
>0:35.86,117.45;36.66,117.19;37.68,117.12;
#131:
>0:40.26,116.66;38.95,116.37;40.42,116.63;
#132:
>0:40.29,116.35;39.3,116.22;38.4,116.41;37.89,115.9;36.71,116.08;36.02,116.0;
#133:
>0:39.66,117.0;39.27,116.78;38.93,116.35;39.27,115.72;
#134:
>0:39.55,117.51;38.94,117.59;38.57,117.96;37.33,117.5;36.42,117.73;
#135:
>0:40.03,116.5;39.97,116.5;
#136:
>0:37.07,116.57;37.74,115.91;38.24,116.05;39.48,115.74;
#137:
>0:39.84,116.09;40.28,116.67;40.32,116.55;
#138:
>0:40.23,116.65;39.69,116.69;
#139:
>0:40.06,116.6;38.98,116.88;
#140:
>0:38.01,117.56;38.04,116.74;39.34,116.53;
#141:
>0:38.56,116.21;38.36,116.67;
#142:
>0:36.92,116.88;37.66,116.98;37.84,117.68;
#143:
>0:39.85,116.14;40.32,116.21;
#144:
>0:39.29,117.9;38.49,117.89;37.58,117.33;36.56,117.52;36.39,116.48;
#145:
>0:38.34,116.79;37.97,116.85;37.4,115.91;
#146:
>0:38.8,115.82;39.28,116.2;40.23,116.75;
#147:
>0:36.53,116.35;37.3,116.66;36.84,117.11;37.57,116.95;39.44,116.46;
#148:
>0:40.36,116.93;39.26,116.91;38.72,116.51;37.52,116.93;
#149:
>0:39.0,117.74;38.1,117.95;38.88,117.54;39.05,116.81;39.37,115.94;
#150:
>0:40.12,116.21;39.86,116.57;
#151:
>0:40.01,116.6;40.19,116.02;
#152:
>0:40.04,116.0;39.96,116.1;
#153:
>0:38.37,117.98;37.33,117.18;37.69,116.83;36.72,116.81;36.2,115.99;
#154:
>0:39.42,115.5;39.53,115.97;37.7,116.11;
#155:
>0:37.54,116.19;38.47,116.29;39.0,116.79;39.98,116.76;
#156:
>0:40.5,116.55;40.08,116.18;40.29,116.36;40.25,116.31;
#157:
>0:36.96,116.36;37.8,115.88;38.38,116.46;39.28,115.69;
#158:
>0:40.23,116.71;39.94,116.12;
#159:
>0:39.79,116.44;38.92,116.5;40.15,116.31;
#160:
>0:40.24,116.68;38.98,116.42;40.0,116.8;
#161:
>0:39.19,116.37;39.18,115.95;
#162:
>0:36.11,116.86;36.97,116.4;36.86,117.09;37.61,117.11;38.81,116.54;40.35,115.69;
#163:
>0:40.2,116.45;39.76,116.04;
#164:
>0:40.38,116.49;39.59,116.32;40.37,116.64;
#165:
>0:39.51,117.35;38.61,117.77;37.62,117.25;36.82,116.35;
#166:
>0:35.9,116.54;36.33,116.45;
#167:
>0:36.47,117.12;36.25,116.82;
#168:
>0:38.44,117.09;37.56,116.56;38.53,116.69;40.26,115.83;
#169:
>0:40.09,116.13;40.75,116.62;
#170:
>0:39.71,116.02;40.04,116.41;
#171:
>0:40.24,116.63;39.22,116.4;40.3,116.63;
#172:
>0:35.92,117.15;37.17,116.93;37.76,117.0;38.48,116.38;39.22,116.33;40.19,115.54;
#173:
>0:36.35,117.58;36.39,117.37;36.72,117.27;35.84,116.57;
#174:
>0:38.7,117.12;38.57,116.51;37.79,116.2;36.38,116.06;
#175:
>0:40.7,116.5;40.02,116.65;
#176:
>0:39.98,116.43;40.06,116.77;
#177:
>0:40.31,116.54;39.87,116.07;39.37,115.94;39.03,115.71;39.92,116.51;
#178:
>0:37.52,116.02;38.63,116.13;39.04,116.0;
#179:
>0:39.81,116.66;39.93,116.32;
#180:
>0:39.82,117.28;39.69,117.56;
#181:
>0:40.04,116.36;40.24,116.13;40.16,116.58;40.06,116.36;
#182:
>0:39.64,116.5;40.18,116.35;
#183:
>0:38.45,117.03;37.95,116.5;37.9,115.99;36.02,116.09;
#184:
>0:38.99,117.25;38.88,117.11;38.23,116.6;39.39,116.33;39.97,115.5;
#185:
>0:40.36,116.68;40.21,116.62;
#186:
>0:40.3,116.14;40.0,115.87;
#187:
>0:37.25,117.55;36.89,117.63;37.97,117.63;38.2,117.15;40.03,117.14;
#188:
>0:36.53,116.91;36.03,117.06;
#189:
>0:36.27,117.3;37.3,117.33;37.65,117.38;37.8,116.82;39.44,116.54;
#190:
>0:40.12,116.09;39.68,116.62;
#191:
>0:39.99,116.13;39.68,116.27;
#192:
>0:40.1,115.88;39.31,115.89;40.2,116.03;
#193:
>0:40.2,116.83;39.51,116.78;38.69,116.64;38.43,116.77;37.02,116.34;
#194:
>0:38.42,115.52;37.99,115.67;36.98,116.2;
#195:
>0:39.86,117.28;40.3,117.78;39.17,117.39;38.55,117.88;37.89,117.35;36.11,116.82;
#196:
>0:40.36,116.26;40.08,116.32;
#197:
>0:40.45,116.71;39.75,116.13;
#198:
>0:39.5,115.9;38.51,116.7;37.55,115.53;
#199:
>0:40.17,116.47;40.47,116.65;
#200:
>0:37.24,115.53;36.97,116.01;36.86,116.3;
#201:
>0:40.14,116.1;39.87,115.93;
#202:
>0:40.03,116.04;40.25,116.3;
#203:
>0:38.93,116.74;38.45,116.65;38.45,115.89;
#204:
>0:38.22,117.78;37.61,117.33;37.91,117.0;38.78,116.53;37.24,116.12;
#205:
>0:39.77,116.0;39.61,116.34;
#206:
>0:39.02,117.33;39.2,117.02;38.64,116.31;39.13,116.32;39.62,115.5;
#207:
>0:37.76,117.78;38.63,117.43;38.87,117.54;39.53,116.83;39.11,116.42;39.49,115.78;
#208:
>0:35.93,116.74;36.53,116.95;
#209:
>0:38.81,115.49;37.85,115.44;36.95,116.12;
#210:
>0:39.91,116.14;40.35,116.06;
#211:
>0:39.96,116.61;40.24,116.69;
#212:
>0:38.41,117.07;37.37,116.57;38.49,116.36;40.2,115.85;
#213:
>0:38.39,117.75;37.49,117.26;38.0,116.78;38.14,116.59;38.91,116.1;
#214:
>0:39.78,116.43;39.74,116.71;
#215:
>0:40.35,116.07;39.91,116.51;40.07,116.64;
#216:
>0:37.78,117.99;38.29,117.94;39.0,117.75;
#217:
>0:39.29,117.52;39.76,117.32;40.26,116.93;38.94,116.41;40.03,115.81;
#218:
>0:38.85,116.04;38.18,116.67;38.17,116.87;38.38,117.17;
#219:
>0:39.06,116.57;39.94,116.06;
#220:
>0:39.88,116.36;39.19,116.5;40.18,116.43;
#221:
>0:39.93,116.27;40.3,116.68;
#222:
>0:40.25,116.44;39.82,116.09;40.39,116.57;39.65,116.35;
#223:
>0:36.44,116.14;37.1,115.49;37.71,115.78;
#224:
>0:39.79,116.02;40.56,116.44;
#225:
>0:40.35,116.57;40.44,116.43;
#226:
>0:39.81,116.29;40.04,116.69;
#227:
>0:39.66,115.94;40.14,116.31;
#228:
>0:39.96,117.49;40.28,116.84;38.38,116.37;
#229:
>0:40.04,116.1;40.2,116.4;40.05,115.89;
#230:
>0:36.19,116.03;37.2,115.53;
#231:
>0:38.2,116.59;39.45,116.43;38.69,115.84;
#232:
>0:39.81,117.73;39.2,117.57;38.57,118.0;
#233:
>0:39.69,116.92;40.06,117.45;39.38,116.93;37.43,116.8;
#234:
>0:40.01,116.61;40.03,116.7;
#235:
>0:39.01,115.43;38.41,115.93;37.69,116.6;36.66,116.83;
#236:
>0:36.47,116.63;35.96,116.84;
#237:
>0:39.94,117.97;38.9,117.52;38.85,116.94;38.51,116.65;38.42,115.99;
#238:
>0:37.39,116.91;38.63,117.37;
#239:
>0:38.99,117.82;39.88,117.61;
#240:
>0:40.36,116.0;39.19,116.02;38.38,116.65;37.9,116.03;37.31,116.09;35.87,116.9;
#241:
>0:36.19,116.25;35.99,116.4;
#242:
>0:40.27,116.48;40.3,116.86;40.37,117.39;
#243:
>0:36.75,117.76;37.24,117.94;
#244:
>0:37.55,116.99;37.04,116.83;36.36,116.18;
#245:
>0:36.77,117.13;37.61,116.87;37.58,116.06;
#246:
>0:38.54,115.59;39.39,115.91;
#247:
>0:40.12,116.63;39.66,116.52;
#248:
>0:39.17,117.48;38.97,117.75;38.56,117.89;37.53,117.49;36.14,117.71;
#249:
>0:35.89,117.52;37.1,117.14;37.38,116.74;38.73,116.42;38.97,116.49;40.06,115.54;
#250:
>0:39.73,116.23;40.15,116.12;
#251:
>0:39.78,116.42;40.28,116.27;
#252:
>0:40.36,116.24;39.7,116.34;
#253:
>0:37.11,117.27;35.84,117.01;36.38,116.62;36.98,115.94;
#254:
>0:39.82,116.02;39.94,116.5;39.56,117.09;38.12,117.25;36.79,117.35;
#255:
>0:39.83,117.53;39.79,117.89;38.48,117.47;
#256:
>0:38.91,116.31;39.19,116.12;39.59,115.61;
#257:
>0:40.14,116.65;38.89,116.47;40.33,116.45;
#258:
>0:39.91,116.12;39.94,116.46;
#259:
>0:40.14,116.31;39.58,116.59;40.27,116.51;
#260:
>0:39.39,116.38;39.11,116.74;38.42,116.78;37.84,117.76;
#261:
>0:37.55,116.04;38.8,116.38;39.26,116.87;40.23,116.83;
#262:
>0:39.38,117.76;38.43,117.87;37.82,117.5;38.61,116.92;39.53,116.07;
#263:
>0:37.22,116.28;36.27,115.9;37.11,116.37;37.19,116.73;37.14,117.81;
#264:
>0:36.21,116.87;36.55,116.84;
#265:
>0:38.94,117.41;39.37,117.06;38.8,116.55;37.39,116.28;37.21,115.58;
#266:
>0:39.87,116.45;39.13,115.96;40.02,116.46;
#267:
>0:40.19,116.02;39.89,116.33;
#268:
>0:39.71,116.44;40.13,116.65;
#269:
>0:40.34,116.31;40.06,116.46;
#270:
>0:37.22,115.81;36.34,116.08;
#271:
>0:39.18,117.36;38.51,117.73;37.44,117.55;36.95,117.72;36.38,117.32;
#272:
>0:40.37,117.12;38.95,116.96;38.96,115.89;
#273:
>0:37.47,117.69;37.01,117.8;
#274:
>0:36.54,117.49;36.95,117.24;37.98,117.51;38.06,116.88;38.98,116.49;
#275:
>0:37.4,116.73;37.44,117.15;38.73,116.99;40.07,117.49;
#276:
>0:38.52,117.71;37.38,117.27;36.99,117.4;35.89,117.97;
#277:
>0:40.15,116.44;40.07,116.9;
#278:
>0:40.31,116.68;39.88,116.19;39.07,116.04;39.0,115.57;39.78,116.32;
#279:
>0:39.98,116.37;40.29,116.59;
#280:
>0:36.8,117.23;35.81,117.11;36.39,116.65;36.96,116.28;
#281:
>0:35.88,116.53;37.11,117.07;37.56,116.89;38.21,117.26;
#282:
>0:39.01,115.95;39.95,115.52;
#283:
>0:40.69,116.69;40.25,116.04;
#284:
>0:39.9,116.15;39.66,116.0;
#285:
>0:40.08,116.55;39.44,116.14;40.15,116.49;
#286:
>0:39.78,116.11;39.95,116.52;40.06,116.33;
#287:
>0:39.13,115.99;38.14,116.6;38.73,116.73;38.64,117.34;39.43,117.84;
#288:
>0:40.25,116.63;39.26,116.3;40.06,116.69;
#289:
>0:39.99,116.56;40.01,116.05;
#290:
>0:38.24,116.56;37.89,116.9;36.91,117.16;
#291:
>0:38.47,116.55;37.8,116.15;38.76,115.66;
#292:
>0:37.67,116.2;38.12,116.26;39.28,116.23;
#293:
>0:40.28,116.59;40.16,116.02;39.71,116.56;40.04,116.35;
#294:
>0:40.19,116.0;40.1,116.59;
#295:
>0:39.06,115.75;38.85,115.93;38.76,116.33;39.13,116.59;38.76,117.51;
