#0:
>0:40.12,116.35;39.59,117.06;38.64,116.51;37.83,116.24;37.02,116.04;35.84,116.25;
#1:
>0:40.34,116.81;39.79,116.59;40.07,116.21;
#2:
>0:38.9,115.93;40.18,116.49;
#3:
>0:40.22,116.65;40.0,116.64;
#4:
>0:39.88,116.96;39.56,117.29;38.81,117.36;
#5:
>0:38.3,116.14;37.95,116.29;
#6:
>0:40.24,116.26;39.75,116.71;39.91,116.44;
#7:
>0:40.19,116.46;39.78,116.38;
#8:
>0:39.63,116.43;39.9,116.25;39.91,116.33;40.34,116.34;
#9:
>0:40.06,116.34;39.67,115.95;39.84,115.75;39.98,116.53;
#10:
>0:40.06,116.36;39.77,115.95;
#11:
>0:37.65,115.85;36.9,116.19;36.0,116.45;38.02,116.82;
#12:
>0:40.26,116.36;40.05,116.38;39.96,116.35;
#13:
>0:38.24,115.86;37.94,116.62;36.63,116.84;36.96,117.33;
#14:
>0:39.75,116.0;40.04,116.66;39.94,116.93;40.31,117.36;39.33,117.77;
#15:
>0:40.35,116.58;39.95,116.11;
#16:
>0:40.29,116.68;38.89,116.07;38.61,115.95;38.08,116.57;36.82,115.85;
#17:
>0:40.18,116.62;39.79,116.33;
#18:
>0:39.91,117.38;39.39,116.74;38.45,116.43;38.01,116.02;37.78,115.46;36.45,116.48;
#19:
>0:37.54,115.55;38.66,115.61;39.56,115.54;40.17,115.52;
#20:
>0:39.85,116.85;39.54,117.47;38.31,117.17;
#21:
>0:39.23,115.97;39.32,116.69;38.99,117.1;
#22:
>0:37.24,117.63;37.77,117.57;37.69,116.91;37.56,116.5;37.12,115.95;37.78,115.58;
#23:
>0:40.22,117.99;39.81,117.18;39.22,116.73;39.1,116.33;38.1,115.99;38.42,115.86;
#24:
>0:35.82,115.76;36.7,116.29;37.79,116.66;38.18,116.95;39.16,117.45;
#25:
>0:40.28,116.65;39.69,116.3;39.89,116.41;
#26:
>0:36.03,116.78;36.52,116.88;
#27:
>0:40.3,116.09;39.77,116.51;
#28:
>0:39.79,116.59;39.66,115.97;
#29:
>0:40.23,116.81;40.31,117.56;39.37,117.57;
#30:
>0:36.55,117.69;36.77,117.44;37.36,116.95;38.49,116.46;39.14,115.99;39.5,115.67;
#31:
>0:40.21,116.18;39.91,115.98;
#32:
>0:39.61,116.64;39.69,116.52;
#33:
>0:40.13,116.1;40.27,116.7;
#34:
>0:40.18,116.29;40.31,116.49;40.14,116.56;
#35:
>0:37.93,115.79;37.55,115.86;
#36:
>0:40.07,116.57;39.79,116.7;39.71,116.29;
#37:
>0:37.11,116.8;35.81,117.13;
#38:
>0:37.74,117.12;37.84,116.37;36.46,116.48;
#39:
>0:36.46,116.4;36.97,116.09;36.62,115.66;37.75,115.59;38.19,115.83;39.86,115.66;
#40:
>0:39.79,116.19;39.82,116.13;
#41:
>0:36.61,117.66;37.39,117.71;37.36,117.25;37.52,116.36;
#42:
>0:39.84,116.56;39.8,116.1;38.89,116.26;40.02,115.46;39.83,116.7;
#43:
>0:39.75,116.1;39.95,116.34;
#44:
>0:39.99,115.92;40.29,115.87;
#45:
>0:38.18,116.39;38.41,116.73;37.78,117.39;38.77,117.98;
#46:
>0:39.8,116.36;40.24,116.59;39.73,116.4;
#47:
>0:36.07,116.75;35.97,116.91;
#48:
>0:39.65,116.31;39.91,116.45;
#49:
>0:39.7,116.36;40.33,115.92;
#50:
>0:37.72,116.4;37.71,116.3;
#51:
>0:39.76,116.44;40.2,115.91;
#52:
>0:36.54,116.85;36.88,116.97;37.53,116.96;
#53:
>0:38.17,117.72;39.19,117.68;39.7,117.53;39.03,116.71;
#54:
>0:39.08,116.57;38.37,116.53;
#55:
>0:39.76,116.48;39.98,116.41;
#56:
>0:39.97,116.13;40.07,116.33;40.11,116.51;
#57:
>0:39.69,115.93;40.04,116.65;39.69,116.57;
#58:
>0:39.0,116.15;38.99,116.33;38.87,116.74;
#59:
>0:39.34,115.89;39.43,116.56;38.7,117.05;37.38,117.38;38.74,117.72;
#60:
>0:37.51,116.64;38.22,116.71;
#61:
>0:39.93,116.06;40.34,115.92;
#62:
>0:39.84,115.89;39.77,116.11;
#63:
>0:39.69,116.64;40.03,116.68;
#64:
>0:37.38,117.7;38.84,117.9;38.76,117.26;40.14,116.93;
#65:
>0:40.33,115.82;39.24,115.55;
#66:
>0:40.18,116.49;40.35,116.3;
#67:
>0:40.03,115.93;39.93,116.3;
#68:
>0:36.61,117.91;38.04,117.71;37.5,117.17;38.03,116.6;
#69:
>0:39.31,116.31;38.31,117.03;38.07,116.64;37.27,116.17;36.06,115.89;
#70:
>0:39.82,116.59;39.99,116.69;
#71:
>0:40.34,116.57;40.17,116.31;
#72:
>0:39.99,116.65;39.67,116.33;40.14,116.5;
#73:
>0:39.39,117.15;40.3,117.18;
#74:
>0:40.1,116.13;39.84,116.29;40.37,116.75;39.61,117.55;39.39,117.97;
#75:
>0:39.75,116.43;39.07,116.97;38.44,116.58;37.61,116.23;36.78,116.25;35.81,116.01;
#76:
>0:36.7,116.74;36.96,116.39;35.92,116.58;35.93,115.46;
#77:
>0:39.61,116.56;39.73,116.41;
#78:
>0:40.36,116.23;40.18,116.38;
#79:
>0:35.92,117.67;36.85,117.27;37.81,116.85;38.19,116.64;37.38,115.91;39.46,115.8;
#80:
>0:39.85,116.34;39.71,116.39;39.79,116.3;
#81:
>0:37.83,117.75;38.61,117.32;39.44,117.4;40.25,116.85;40.03,116.11;
#82:
>0:37.44,116.6;38.25,116.15;38.62,115.69;
#83:
>0:40.0,116.36;39.68,116.13;
#84:
>0:38.46,116.2;37.52,116.58;
#85:
>0:39.09,115.84;40.16,115.77;39.04,116.11;39.46,116.36;38.49,116.78;38.21,117.66;
#86:
>0:40.33,116.12;40.14,116.21;
#87:
>0:40.35,116.3;39.93,116.11;39.68,116.47;39.74,116.52;
#88:
>0:40.34,116.8;39.29,116.62;38.72,117.01;37.49,116.75;36.98,117.09;
#89:
>0:39.45,116.16;38.63,116.43;37.47,117.12;37.02,117.4;36.34,117.99;
#90:
>0:39.93,116.2;39.97,116.65;39.87,116.41;
#91:
>0:40.1,116.28;40.3,116.61;40.18,116.69;
#92:
>0:40.35,116.54;40.29,116.49;39.68,116.45;
#93:
>0:40.21,116.7;40.24,116.69;
#94:
>0:36.84,115.85;36.13,116.07;36.22,116.57;36.88,117.12;36.29,117.19;36.03,117.62;
#95:
>0:39.17,115.81;40.2,115.53;39.35,116.17;39.47,116.43;37.63,117.52;
#96:
>0:39.32,116.43;38.31,116.96;37.84,117.29;37.94,117.84;36.23,117.65;
#97:
>0:39.62,116.55;40.36,116.65;39.98,116.5;
#98:
>0:40.15,115.72;39.41,116.18;39.53,116.31;38.62,117.07;37.89,117.35;37.73,117.72;
#99:
>0:36.1,116.6;36.63,116.13;36.89,115.48;38.01,115.59;38.24,115.45;40.25,115.78;
#100:
>0:40.34,116.55;40.25,116.22;40.29,116.61;40.15,116.71;
#101:
>0:40.26,116.11;39.84,115.96;
#102:
>0:40.36,116.45;40.0,116.3;40.37,116.57;
#103:
>0:40.05,116.41;40.17,116.02;
#104:
>0:38.06,117.93;38.7,117.3;38.59,117.09;38.3,116.63;
#105:
>0:38.56,116.07;39.6,116.7;39.78,116.86;
#106:
>0:39.71,116.2;40.21,116.58;40.04,116.28;39.8,116.42;40.22,116.47;
#107:
>0:39.64,116.26;39.95,116.65;39.61,116.46;
#108:
>0:40.25,116.34;39.91,116.01;
#109:
>0:40.21,115.96;40.25,116.47;
#110:
>0:40.04,116.31;39.85,116.13;
#111:
>0:39.17,115.99;40.14,116.7;
#112:
>0:39.69,116.6;40.05,116.57;
#113:
>0:40.12,116.32;39.63,115.91;40.16,115.54;
#114:
>0:36.0,116.96;36.11,116.76;
#115:
>0:40.09,116.3;39.84,116.67;39.65,116.69;
#116:
>0:40.24,116.67;39.91,116.4;
#117:
>0:40.22,115.46;39.36,116.09;38.1,116.51;37.79,116.93;36.63,117.22;
#118:
>0:40.26,116.2;39.72,116.4;40.0,116.71;
#119:
>0:39.0,115.6;38.71,115.66;38.0,116.08;37.54,115.45;36.01,115.48;
#120:
>0:40.0,116.44;40.3,116.05;
#121:
>0:40.04,116.4;39.86,116.7;40.34,116.34;
#122:
>0:38.0,115.51;37.57,115.79;
#123:
>0:40.03,116.41;39.84,115.97;
#124:
>0:40.09,116.23;39.97,116.34;39.78,116.32;
#125:
>0:39.74,116.36;39.33,117.11;38.22,116.44;37.66,116.17;36.62,115.86;36.21,116.19;
#126:
>0:39.75,116.25;40.03,116.42;
#127:
>0:39.01,117.86;39.98,117.31;38.13,116.89;
#128:
>0:38.92,115.83;39.8,115.47;38.92,115.93;39.19,116.37;38.26,116.72;38.31,117.58;
#129:
>0:39.61,116.62;40.32,116.45;
#130:
>0:40.13,116.12;40.32,116.58;
#131:
>0:40.19,116.58;39.77,116.39;39.81,116.46;
#132:
>0:35.82,116.78;35.82,117.02;
#133:
>0:40.23,116.19;39.68,116.7;
#134:
>0:40.25,116.32;39.69,116.56;
#135:
>0:37.07,117.8;37.57,117.79;38.37,117.68;38.9,117.76;
#136:
>0:40.05,116.71;39.7,115.86;
#137:
>0:39.87,116.01;39.97,116.09;
#138:
>0:39.85,115.87;39.68,116.25;
#139:
>0:39.69,116.45;39.82,116.15;
#140:
>0:39.71,116.7;40.05,116.31;
#141:
>0:38.0,117.16;38.67,116.9;39.27,116.94;
#142:
>0:39.93,116.56;39.68,116.58;
#143:
>0:37.47,117.33;38.19,117.91;
#144:
>0:40.16,116.27;40.04,115.87;
#145:
>0:40.01,116.58;39.97,116.29;
#146:
>0:39.75,116.33;40.31,116.1;
#147:
>0:40.23,116.62;40.03,116.01;
#148:
>0:40.27,116.42;40.32,116.39;39.76,116.39;
#149:
>0:37.2,117.73;36.08,117.22;
#150:
>0:39.95,116.51;40.22,116.43;
#151:
>0:39.96,115.95;39.82,116.11;
#152:
>0:36.2,115.51;37.04,116.02;37.2,115.81;37.71,115.84;38.13,115.53;39.99,115.8;
#153:
>0:39.48,115.57;40.15,115.56;39.54,115.92;39.29,116.65;37.49,117.39;
#154:
>0:40.01,116.16;39.33,115.93;39.39,116.7;38.39,116.79;37.21,116.25;
#155:
>0:39.85,116.85;40.11,116.32;39.69,116.21;
#156:
>0:39.75,116.14;39.86,116.59;
#157:
>0:40.29,116.2;39.64,116.53;39.93,116.56;
#158:
>0:40.29,116.5;40.29,116.32;40.03,116.59;
#159:
>0:40.09,116.48;40.12,116.0;
#160:
>0:36.35,117.98;37.01,117.33;37.37,117.53;
#161:
>0:39.83,116.21;39.92,116.58;39.64,116.64;
#162:
>0:38.11,115.86;37.9,115.74;
#163:
>0:40.26,116.31;39.66,116.44;
#164:
>0:37.27,117.58;37.93,117.85;38.7,117.65;39.16,117.58;
#165:
>0:40.16,116.25;40.06,116.16;
#166:
>0:40.12,116.48;39.77,116.48;39.7,116.48;
#167:
>0:39.91,116.69;40.12,116.12;
#168:
>0:40.31,116.38;40.23,116.48;
#169:
>0:37.96,115.68;38.07,115.85;
#170:
>0:39.58,116.33;38.46,117.11;37.82,117.28;
#171:
>0:39.8,116.18;39.87,116.43;
#172:
>0:39.2,116.23;39.19,116.54;
#173:
>0:40.04,116.34;40.37,116.43;
#174:
>0:40.05,115.96;40.1,116.01;
#175:
>0:39.86,115.9;39.95,116.52;40.22,116.36;
#176:
>0:38.5,116.3;39.09,116.44;39.83,116.67;
#177:
>0:40.02,115.98;39.72,115.87;
#178:
>0:40.0,116.48;40.29,116.44;
#179:
>0:36.95,117.92;37.94,117.66;36.7,116.73;
#180:
>0:40.3,116.21;39.42,116.01;39.73,115.83;40.03,116.57;
#181:
>0:39.99,116.19;40.04,115.87;
#182:
>0:38.43,117.91;39.39,117.74;39.73,117.47;38.32,116.45;
#183:
>0:40.16,116.47;39.98,116.55;
#184:
>0:39.78,116.25;39.81,116.38;
#185:
>0:36.05,117.22;36.95,117.05;37.8,116.3;37.41,116.14;
#186:
>0:37.44,116.95;38.67,116.5;39.31,116.34;
#187:
>0:39.95,115.97;40.26,116.33;
#188:
>0:40.26,115.92;39.92,116.65;39.81,116.44;
#189:
>0:38.4,116.78;38.3,116.82;
#190:
>0:39.99,116.59;40.02,116.52;39.71,116.69;
#191:
>0:35.88,116.74;36.04,116.8;
#192:
>0:37.64,117.53;38.54,117.75;39.28,117.17;
#193:
>0:39.65,116.31;40.32,116.52;
#194:
>0:38.32,117.12;38.19,116.7;
#195:
>0:40.29,116.5;40.27,116.65;
#196:
>0:39.42,116.69;39.63,116.38;
#197:
>0:39.64,116.43;40.06,116.66;40.11,116.6;
#198:
>0:38.9,116.58;39.11,116.86;
#199:
>0:39.74,116.65;39.68,116.08;39.29,116.14;38.94,116.42;39.83,116.48;
#200:
>0:40.25,116.38;39.97,116.53;
#201:
>0:40.16,116.31;40.15,116.48;
#202:
>0:37.48,116.56;38.24,116.3;
#203:
>0:36.84,115.47;37.4,116.04;38.66,116.36;39.33,116.9;39.63,116.75;
#204:
>0:39.83,116.38;40.29,116.31;40.26,116.64;
#205:
>0:39.93,116.39;40.35,117.07;
#206:
>0:40.33,116.7;40.34,116.65;
#207:
>0:40.21,116.5;40.35,116.57;39.63,116.52;
#208:
>0:36.08,115.94;37.0,116.5;37.21,116.86;37.13,117.25;
#209:
>0:39.94,116.49;39.93,116.01;40.09,116.62;39.81,116.43;
#210:
>0:36.81,117.76;36.09,117.32;
#211:
>0:38.01,116.65;38.14,115.89;38.23,115.8;
#212:
>0:40.08,116.67;39.7,116.55;39.89,116.39;
#213:
>0:40.08,116.51;39.72,115.89;
#214:
>0:39.27,117.71;40.35,117.56;39.19,116.78;38.47,117.13;38.59,116.02;
#215:
>0:39.89,116.67;39.99,116.68;
#216:
>0:38.99,116.78;38.49,116.88;39.26,116.3;37.58,115.73;
#217:
>0:38.16,117.31;38.01,117.63;37.28,117.65;
#218:
>0:40.17,116.67;39.95,116.21;40.23,115.45;
#219:
>0:39.3,116.06;39.51,116.44;39.03,116.77;
#220:
>0:40.07,116.63;40.0,116.19;39.35,116.04;39.0,116.31;39.86,116.68;
#221:
>0:40.06,116.67;39.61,116.7;39.65,116.47;
#222:
>0:38.49,115.94;37.96,116.34;37.87,116.74;
#223:
>0:36.87,117.98;37.82,117.65;37.46,117.36;37.93,116.55;
#224:
>0:39.92,116.1;40.28,115.95;
#225:
>0:40.29,116.08;39.77,116.25;
#226:
>0:37.48,116.84;38.84,116.58;39.4,116.47;
#227:
>0:40.04,116.19;40.28,116.61;
#228:
>0:40.27,116.66;39.98,116.04;40.2,115.62;
#229:
>0:38.08,115.83;37.35,115.5;
#230:
>0:37.88,117.66;38.42,117.4;38.39,116.83;38.45,116.57;
#231:
>0:40.32,116.67;39.71,116.18;
#232:
>0:38.36,116.56;38.64,116.91;37.9,117.45;38.23,117.9;
#233:
>0:38.59,115.46;37.76,115.99;37.21,116.35;36.98,117.06;36.59,117.56;37.31,117.61;
#234:
>0:39.72,116.46;39.74,116.22;40.01,116.56;40.0,116.32;
#235:
>0:39.94,116.59;39.76,116.04;
#236:
>0:40.24,116.58;39.78,116.51;
#237:
>0:39.79,116.12;40.01,116.1;
#238:
>0:36.75,116.12;35.89,116.48;37.28,116.96;37.62,117.48;38.68,117.86;
#239:
>0:40.29,116.69;39.97,116.88;
#240:
>0:39.16,116.49;38.14,116.92;37.49,117.23;37.51,117.82;36.52,117.62;
#241:
>0:40.33,117.59;39.12,117.64;38.54,117.97;38.04,117.61;37.53,117.5;36.17,117.46;
#242:
>0:40.22,116.27;40.1,116.27;
#243:
>0:38.42,116.75;38.38,116.83;
#244:
>0:40.11,116.33;38.97,116.85;38.44,116.95;38.08,117.22;37.09,116.73;35.91,116.48;
#245:
>0:40.13,115.95;40.0,116.68;
#246:
>0:40.03,116.36;39.77,116.14;
#247:
>0:39.85,116.27;40.12,116.25;
#248:
>0:40.11,116.55;40.08,116.3;
#249:
>0:39.93,116.4;40.04,116.52;39.72,116.44;
#250:
>0:37.7,117.23;38.39,116.83;39.41,116.38;38.62,115.93;38.76,115.86;
#251:
>0:40.29,116.33;40.05,117.03;38.15,116.73;
#252:
>0:40.04,115.94;40.25,116.37;
#253:
>0:37.04,117.73;37.61,117.45;38.73,116.85;38.97,117.07;
#254:
>0:40.29,116.52;40.24,116.03;
#255:
>0:37.66,117.76;38.36,117.99;38.36,117.27;40.35,116.77;
#256:
>0:40.27,116.31;40.1,116.49;40.08,116.45;
#257:
>0:37.97,115.66;37.08,116.28;
#258:
>0:39.97,116.6;40.18,116.32;39.98,116.52;
#259:
>0:39.9,115.83;39.24,115.9;39.36,116.31;38.74,116.82;37.81,117.44;37.51,117.77;
#260:
>0:36.2,116.52;36.81,117.02;
#261:
>0:38.85,115.53;38.46,115.73;37.81,116.08;37.06,115.66;
#262:
>0:38.92,116.84;39.17,116.83;
#263:
>0:39.76,115.76;38.87,115.92;38.26,116.36;37.89,116.92;36.94,117.44;
#264:
>0:39.92,116.16;39.32,115.96;39.18,116.66;40.13,116.44;
#265:
>0:40.07,116.59;40.23,115.89;
#266:
>0:40.28,116.26;39.81,116.45;
#267:
>0:38.45,116.72;38.35,116.98;
#268:
>0:39.86,116.07;39.84,116.38;39.95,116.55;
#269:
>0:39.72,116.39;39.63,115.88;40.34,116.68;40.13,116.64;
#270:
>0:40.03,116.32;39.77,115.94;40.02,116.57;39.78,116.38;
#271:
>0:39.55,115.88;39.39,116.45;39.05,116.94;
#272:
>0:40.26,116.18;40.22,116.27;
#273:
>0:40.3,116.19;39.79,116.7;
#274:
>0:40.04,116.7;40.19,116.69;
#275:
>0:40.36,116.49;40.23,116.4;
#276:
>0:40.0,115.87;40.23,115.94;
#277:
>0:36.24,116.05;36.69,115.81;
#278:
>0:39.72,116.22;40.1,115.92;
#279:
>0:39.65,116.64;39.79,116.43;39.84,116.42;
#280:
>0:39.77,116.53;39.93,116.63;
#281:
>0:39.74,116.32;39.68,116.3;
#282:
>0:35.84,116.77;35.92,117.02;
#283:
>0:40.03,116.65;39.63,116.18;
#284:
>0:39.6,117.92;39.79,117.29;38.52,116.77;
#285:
>0:39.97,116.68;40.33,116.25;40.18,116.41;40.34,116.52;
#286:
>0:39.78,115.99;39.88,116.17;
#287:
>0:39.28,117.95;40.26,117.3;39.57,116.76;38.34,116.57;37.48,115.95;37.27,115.75;
#288:
>0:38.33,116.1;37.73,115.74;
#289:
>0:40.26,116.26;40.26,116.17;
#290:
>0:40.12,116.6;39.89,116.54;
#291:
>0:36.95,115.91;37.29,115.54;37.41,115.84;39.32,115.55;
#292:
>0:40.19,115.9;39.41,115.99;40.28,115.55;39.8,116.65;
#293:
>0:39.7,116.36;40.26,116.32;40.36,116.54;
#294:
>0:40.12,116.61;39.69,116.09;38.88,115.96;39.29,116.43;40.18,116.49;
#295:
>0:40.12,115.95;39.67,116.62;
