#0:
>0:37.85,116.88;37.48,116.38;
#1:
>0:40.29,115.83;40.11,115.96;39.88,116.62;39.0,116.8;
#2:
>0:39.93,115.92;40.35,116.71;
#3:
>0:40.18,116.61;39.83,116.37;
#4:
>0:37.69,116.93;37.56,116.64;
#5:
>0:37.77,117.09;38.21,116.83;38.98,117.08;
#6:
>0:38.04,116.32;37.08,116.48;38.52,117.27;
#7:
>0:37.13,117.4;37.83,117.78;37.58,117.42;38.8,117.92;40.09,117.78;
#8:
>0:35.82,117.08;36.17,116.98;
#9:
>0:38.04,115.55;37.38,116.06;37.3,116.57;37.13,116.73;37.36,117.23;
#10:
>0:38.1,117.16;39.12,116.74;
#11:
>0:35.88,117.77;35.86,117.33;35.99,116.96;37.26,116.84;35.83,115.93;
#12:
>0:40.04,116.64;39.73,116.44;39.63,116.37;
#13:
>0:40.22,116.43;39.77,116.51;
#14:
>0:36.48,117.63;36.05,117.88;
#15:
>0:40.13,116.61;40.13,116.13;
#16:
>0:39.07,116.17;40.29,115.82;
#17:
>0:39.76,116.56;40.28,116.33;
#18:
>0:38.3,116.3;39.21,116.13;
#19:
>0:37.19,117.82;37.89,117.52;37.86,116.81;37.67,116.54;37.19,116.44;37.37,115.51;
#20:
>0:37.88,116.52;37.59,116.61;
#21:
>0:35.97,117.47;36.96,116.92;37.49,116.93;38.37,116.39;39.37,115.87;
#22:
>0:40.0,116.64;39.89,116.42;39.66,116.45;
#23:
>0:40.2,116.65;40.31,116.34;
#24:
>0:37.23,117.43;37.88,117.61;37.89,117.54;38.11,117.18;39.65,117.97;
#25:
>0:36.99,116.66;37.2,117.12;38.1,117.43;
#26:
>0:37.67,116.95;37.48,116.45;
#27:
>0:40.16,116.4;39.61,116.05;
#28:
>0:39.84,116.69;39.99,115.97;
#29:
>0:40.03,116.03;40.02,116.29;
#30:
>0:36.52,116.71;35.91,116.83;
#31:
>0:39.8,117.28;40.29,116.77;40.0,116.61;40.1,116.14;
#32:
>0:39.49,115.88;38.43,116.69;38.29,116.8;
#33:
>0:36.55,117.24;35.85,116.73;36.63,116.86;36.33,116.1;
#34:
>0:40.27,116.19;40.06,116.48;
#35:
>0:39.12,117.04;39.0,117.5;38.32,117.71;
#36:
>0:36.07,115.68;37.26,116.22;38.04,116.44;38.65,116.9;39.58,117.25;
#37:
>0:37.41,117.48;37.76,117.03;36.17,116.37;
#38:
>0:39.65,116.68;39.97,116.13;
#39:
>0:39.01,116.97;39.42,116.78;
#40:
>0:37.69,115.56;38.13,115.84;39.17,115.71;40.31,116.44;
#41:
>0:37.19,117.57;38.01,116.85;38.37,116.35;38.97,116.6;39.31,115.73;
#42:
>0:40.34,116.46;39.79,116.21;39.82,116.44;39.73,116.43;
#43:
>0:40.2,115.9;39.74,116.0;
#44:
>0:39.9,116.33;40.28,116.53;
#45:
>0:40.07,116.43;39.81,116.45;
#46:
>0:39.65,116.7;39.7,116.36;39.73,116.53;
#47:
>0:36.08,116.72;36.45,116.41;
#48:
>0:39.96,116.02;39.42,116.27;38.72,116.24;37.78,115.79;36.74,115.95;
#49:
>0:36.72,116.94;37.83,117.02;38.31,117.62;
#50:
>0:38.37,117.54;39.51,117.12;
#51:
>0:39.73,116.45;39.63,116.59;
#52:
>0:38.9,117.18;40.35,116.85;
#53:
>0:38.67,115.84;39.2,115.92;40.29,116.5;39.66,116.81;39.46,117.42;39.66,117.96;
#54:
>0:40.19,116.3;40.01,116.41;
#55:
>0:36.12,117.71;36.61,117.24;37.68,117.19;
#56:
>0:39.85,115.95;39.98,116.37;39.64,116.41;
#57:
>0:39.69,116.17;39.44,116.7;38.67,116.75;
#58:
>0:40.29,116.28;39.98,116.4;39.91,116.47;
#59:
>0:40.21,116.31;39.89,116.7;39.92,116.67;
#60:
>0:39.48,117.88;38.94,117.47;40.1,117.02;39.75,116.64;39.54,116.19;38.34,115.56;
#61:
>0:39.72,115.86;39.67,115.99;40.28,116.51;39.04,116.85;
#62:
>0:40.12,116.23;40.16,116.42;
#63:
>0:37.19,117.91;37.48,117.52;37.33,116.73;37.9,116.33;36.96,116.67;37.81,115.74;
#64:
>0:40.04,116.24;39.68,116.46;
#65:
>0:40.1,116.3;39.97,116.59;
#66:
>0:40.08,116.61;39.66,116.05;
#67:
>0:40.36,116.05;40.35,116.25;
#68:
>0:36.11,115.82;37.07,116.23;37.49,116.53;36.69,116.63;37.69,116.99;38.65,117.74;
#69:
>0:38.14,116.56;37.78,116.8;36.62,116.77;36.01,116.79;
#70:
>0:36.26,116.35;37.29,117.07;37.45,117.03;38.76,117.21;39.45,117.65;
#71:
>0:40.36,116.13;39.86,116.47;39.99,116.69;
#72:
>0:38.68,115.47;37.9,115.56;
#73:
>0:36.83,115.89;37.48,116.55;36.75,116.71;37.85,117.35;
#74:
>0:39.73,116.11;40.07,116.15;39.86,116.15;
#75:
>0:37.04,117.99;36.55,117.99;36.22,117.15;35.8,116.88;36.33,116.07;
#76:
>0:39.79,116.25;40.34,116.51;40.34,116.33;
#77:
>0:36.2,116.99;36.04,116.61;
#78:
>0:36.57,116.64;37.21,117.11;38.72,117.15;
#79:
>0:40.01,117.56;38.97,117.0;38.2,116.49;37.41,116.67;
#80:
>0:39.78,116.19;40.01,116.31;40.35,116.53;40.06,116.51;
#81:
>0:36.02,115.63;36.1,116.28;36.33,116.55;36.32,117.04;36.25,117.15;36.34,117.68;
#82:
>0:39.68,116.14;40.05,116.29;
#83:
>0:39.95,115.98;40.35,116.18;39.91,116.23;
#84:
>0:39.68,116.03;39.86,116.71;
#85:
>0:38.6,117.51;38.95,117.13;
#86:
>0:39.4,115.93;38.61,116.39;38.04,117.13;37.09,116.67;36.23,117.22;
#87:
>0:40.11,116.41;40.18,116.57;
#88:
>0:39.8,116.06;39.63,116.71;
#89:
>0:36.1,116.94;36.01,117.14;
#90:
>0:40.35,116.52;40.03,116.24;40.27,116.7;40.06,116.63;
#91:
>0:36.49,115.45;37.31,116.05;38.02,116.67;38.16,116.76;38.93,117.48;
#92:
>0:39.82,116.85;40.37,116.59;39.26,116.21;38.11,115.56;
#93:
>0:39.93,116.57;39.73,116.25;39.94,115.74;40.35,116.48;
#94:
>0:39.82,116.27;39.75,116.53;40.07,116.66;
#95:
>0:38.67,117.94;39.32,117.83;
#96:
>0:39.83,116.7;40.09,116.23;
#97:
>0:36.24,116.94;36.02,117.1;
#98:
>0:39.18,117.14;38.74,116.87;38.72,116.46;37.04,116.53;
#99:
>0:40.26,116.31;39.81,116.39;
#100:
>0:38.88,116.25;40.35,116.36;39.21,116.75;
#101:
>0:39.13,115.99;38.21,116.55;37.89,116.83;36.75,116.71;36.26,117.19;
#102:
>0:37.76,117.44;37.25,117.66;36.16,117.96;
#103:
>0:36.31,117.49;36.16,116.76;36.91,117.02;36.07,115.92;
#104:
>0:40.21,116.34;40.04,116.03;40.27,115.73;
#105:
>0:40.35,116.56;39.65,116.64;
#106:
>0:36.63,116.67;36.62,116.19;37.43,115.51;39.47,115.59;
#107:
>0:39.05,117.85;38.18,117.72;37.59,117.41;37.97,117.11;35.92,117.1;
#108:
>0:39.69,116.48;39.71,116.46;39.87,116.65;
#109:
>0:35.93,116.8;36.39,116.94;
#110:
>0:37.39,116.25;38.77,116.51;38.98,117.05;38.96,117.49;
#111:
>0:36.59,116.39;36.57,116.8;37.36,117.05;38.47,117.41;40.37,117.99;
#112:
>0:36.76,117.33;37.4,117.69;38.16,117.45;39.4,117.67;40.13,117.02;
#113:
>0:39.86,116.25;40.2,116.13;
#114:
>0:40.03,116.57;39.75,116.48;
#115:
>0:38.1,117.45;37.46,117.12;37.46,116.48;37.37,116.08;
#116:
>0:36.94,116.74;36.93,117.06;
#117:
>0:36.9,117.11;36.07,117.03;
#118:
>0:39.68,116.66;40.21,115.92;
#119:
>0:38.97,117.38;39.89,116.98;
#120:
>0:36.14,117.88;36.3,117.74;
#121:
>0:40.09,116.53;39.94,116.46;39.76,116.42;
#122:
>0:40.29,115.88;39.88,116.44;
#123:
>0:40.12,117.04;40.0,116.55;38.95,116.09;38.26,115.83;
#124:
>0:39.6,116.89;38.49,116.67;37.52,117.06;36.68,116.41;36.36,117.37;
#125:
>0:40.18,116.26;39.81,116.04;
#126:
>0:35.86,116.06;36.96,116.37;36.99,116.77;37.34,116.97;38.24,117.57;40.12,117.68;
#127:
>0:40.01,116.11;40.19,116.54;39.95,116.32;
#128:
>0:37.49,116.97;38.79,116.77;39.46,116.76;
#129:
>0:39.0,117.01;38.37,117.09;38.38,116.49;37.07,116.55;
#130:
>0:38.5,116.13;39.35,115.73;39.82,115.64;
#131:
>0:39.33,116.98;38.42,116.49;37.69,117.06;37.21,116.35;36.05,116.07;
#132:
>0:39.75,115.75;39.27,116.09;38.36,116.5;37.66,116.83;36.96,116.8;36.39,117.3;
#133:
>0:39.86,115.88;40.11,116.14;
#134:
>0:37.71,117.38;37.94,116.97;36.8,116.57;37.12,115.97;38.8,115.73;
#135:
>0:39.97,116.65;40.2,116.4;39.92,116.34;
#136:
>0:39.89,116.2;40.32,116.35;
#137:
>0:37.14,117.8;37.51,117.34;37.99,117.1;38.81,116.6;38.92,116.01;
#138:
>0:40.12,116.37;39.74,116.58;39.63,116.7;
#139:
>0:39.08,116.9;38.21,116.63;37.99,117.03;36.88,116.48;36.36,115.92;
#140:
>0:36.06,116.95;37.21,116.82;37.24,116.35;37.65,116.95;39.42,116.73;
#141:
>0:40.08,116.7;40.01,116.03;
#142:
>0:39.84,116.28;40.27,116.3;
#143:
>0:39.91,116.69;39.82,116.67;
#144:
>0:36.6,117.98;36.95,117.15;36.68,116.72;
#145:
>0:40.25,115.97;40.3,116.17;40.2,116.08;
#146:
>0:35.87,117.72;36.36,117.29;36.09,117.08;37.12,117.04;36.07,116.2;
#147:
>0:36.36,117.15;36.32,116.74;37.09,116.75;36.77,115.89;
#148:
>0:36.7,117.15;36.77,116.85;36.01,116.33;36.1,116.13;36.82,115.59;
#149:
>0:40.08,116.53;39.75,115.95;
#150:
>0:39.7,115.9;39.88,116.6;
#151:
>0:36.12,116.17;36.72,116.44;37.13,116.85;37.81,117.42;
#152:
>0:40.29,115.85;39.94,115.98;39.63,116.56;39.52,117.06;
#153:
>0:39.63,116.71;40.02,116.19;39.95,116.48;39.76,116.39;
#154:
>0:39.73,115.97;39.79,116.66;39.98,116.37;
#155:
>0:38.6,116.84;38.3,116.59;37.57,116.9;35.86,116.68;
#156:
>0:40.06,116.35;39.94,116.53;
#157:
>0:38.79,116.93;38.58,116.85;
#158:
>0:39.82,116.29;39.8,116.46;
#159:
>0:39.3,116.91;38.68,116.57;37.76,117.07;37.16,116.62;36.2,116.19;
#160:
>0:39.94,115.92;40.3,116.61;39.62,116.19;40.37,116.24;
#161:
>0:39.78,115.98;39.76,116.24;
#162:
>0:36.71,115.61;37.3,115.99;37.14,116.3;
#163:
>0:39.91,116.43;39.92,116.62;
#164:
>0:38.72,116.65;39.07,116.75;39.75,117.45;
#165:
>0:39.69,115.87;40.3,116.37;40.35,116.63;
#166:
>0:40.19,115.96;40.03,115.98;
#167:
>0:36.4,115.51;36.92,116.02;38.07,116.45;38.26,116.76;38.56,116.42;40.24,116.82;
#168:
>0:35.96,116.23;37.01,116.08;
#169:
>0:39.3,117.8;38.81,117.63;38.76,116.95;
#170:
>0:36.43,117.09;37.01,116.87;37.82,116.88;
#171:
>0:39.91,116.49;39.89,116.52;
#172:
>0:39.86,116.71;40.16,116.43;
#173:
>0:39.64,116.27;40.25,116.33;
#174:
>0:40.31,116.17;39.67,116.46;
#175:
>0:39.74,116.22;40.27,115.99;40.03,115.97;
#176:
>0:40.16,116.56;39.85,116.51;39.9,116.47;
#177:
>0:40.08,116.44;40.0,117.11;38.9,117.07;39.04,117.23;40.05,116.62;
#178:
>0:40.32,116.18;40.28,116.61;
#179:
>0:39.69,116.59;40.28,116.58;40.23,116.41;
#180:
>0:36.4,116.16;36.77,116.52;37.46,116.59;38.1,116.3;
#181:
>0:37.29,117.18;37.44,117.8;
#182:
>0:40.26,117.43;39.36,117.95;38.14,117.85;38.08,117.58;37.15,117.69;
#183:
>0:38.34,115.65;39.38,115.9;39.95,116.43;39.66,116.99;39.25,117.44;39.93,117.68;
#184:
>0:40.29,116.5;39.95,116.64;39.81,116.3;
#185:
>0:36.8,116.23;37.88,116.49;37.2,117.04;37.64,117.3;
#186:
>0:39.66,117.21;39.12,117.89;38.64,117.8;37.63,117.89;37.26,117.7;
#187:
>0:38.9,115.97;38.24,116.33;38.68,117.03;
#188:
>0:39.87,115.91;40.24,116.33;40.02,116.94;40.21,117.3;
#189:
>0:40.35,116.43;39.78,116.35;
#190:
>0:39.68,115.89;40.1,116.28;
#191:
>0:37.32,116.91;37.91,116.64;38.8,116.16;
#192:
>0:39.09,117.79;38.53,117.87;37.6,117.09;
#193:
>0:40.27,116.32;40.28,116.58;
#194:
>0:38.72,116.97;38.73,116.36;37.67,116.83;36.12,116.57;
#195:
>0:40.04,115.97;40.31,116.53;39.64,116.56;
#196:
>0:39.72,116.18;39.78,116.31;
#197:
>0:38.07,115.81;38.78,116.22;39.19,115.89;39.85,116.83;
#198:
>0:39.02,117.24;39.97,116.78;
#199:
>0:39.87,116.48;40.18,116.31;39.84,116.51;
#200:
>0:39.69,116.55;39.91,116.65;
#201:
>0:37.17,117.58;37.7,117.49;38.48,117.64;39.05,117.34;
#202:
>0:38.02,116.56;37.17,116.51;36.54,116.27;
#203:
>0:39.52,115.47;39.68,115.76;
#204:
>0:40.36,116.43;39.89,116.4;
#205:
>0:38.4,115.53;37.44,115.64;
#206:
>0:36.67,117.5;37.31,116.72;36.29,116.33;35.89,116.05;36.79,115.63;
#207:
>0:40.12,116.35;40.34,116.6;
#208:
>0:39.75,115.76;40.27,116.03;40.22,116.65;38.91,116.85;
#209:
>0:36.87,116.48;37.61,116.84;38.13,116.98;
#210:
>0:37.1,117.76;37.76,117.15;37.84,116.9;39.25,116.47;
#211:
>0:36.03,117.58;35.93,117.71;
#212:
>0:39.62,116.51;39.83,115.96;
#213:
>0:39.9,115.9;39.98,116.16;
#214:
>0:38.57,115.49;37.63,115.73;36.9,116.46;
#215:
>0:40.22,116.61;39.77,116.59;39.69,116.33;
#216:
>0:40.06,116.42;40.36,115.97;39.94,116.4;40.27,116.51;
#217:
>0:38.93,117.2;38.71,117.03;37.51,116.52;36.91,116.66;35.99,115.79;
#218:
>0:40.33,116.39;40.22,115.87;
#219:
>0:36.48,118.0;36.95,117.3;37.91,117.27;
#220:
>0:35.84,116.98;36.79,117.0;37.13,116.52;37.44,116.97;39.12,116.98;
#221:
>0:37.25,116.35;37.76,117.1;38.79,117.03;
#222:
>0:38.52,117.25;39.55,117.11;40.03,116.48;
#223:
>0:37.26,117.13;37.76,116.95;38.43,116.46;39.52,117.22;
#224:
>0:37.79,117.92;38.23,117.19;39.07,117.47;
#225:
>0:36.65,117.77;38.0,117.54;38.06,116.84;37.69,116.37;36.7,116.48;37.36,115.59;
#226:
>0:35.91,116.27;37.28,116.35;37.74,116.65;38.11,116.58;
#227:
>0:36.32,116.09;36.87,116.68;37.5,116.66;38.38,116.37;
#228:
>0:40.07,116.5;40.04,116.14;
#229:
>0:39.72,115.92;39.79,116.38;40.03,116.55;39.68,116.68;
#230:
>0:39.66,115.9;39.84,116.27;39.89,115.99;
#231:
>0:38.87,117.36;38.54,116.82;37.83,116.41;38.03,116.17;
#232:
>0:39.7,117.36;39.22,117.08;38.75,116.89;
#233:
>0:39.54,117.81;38.74,117.75;37.78,117.46;36.86,116.57;
#234:
>0:36.48,116.2;36.92,116.58;38.08,116.67;38.47,116.34;
#235:
>0:40.25,115.52;39.08,116.01;38.54,116.39;37.96,116.72;36.6,116.7;35.85,117.45;
#236:
>0:40.18,116.67;39.84,116.38;40.36,116.54;
#237:
>0:39.81,115.94;39.74,116.56;
#238:
>0:39.65,116.28;40.24,116.34;39.95,116.5;
#239:
>0:38.39,116.75;38.69,116.5;38.97,116.1;
#240:
>0:36.18,117.12;36.45,116.87;
#241:
>0:39.16,115.85;39.92,115.46;
#242:
>0:40.19,117.15;39.04,117.07;38.7,117.04;38.69,116.62;36.98,116.35;
#243:
>0:38.29,116.51;37.93,116.72;36.92,116.49;36.31,117.0;
#244:
>0:38.23,117.0;38.72,117.06;
#245:
>0:36.17,117.41;36.23,116.87;36.63,116.78;35.86,116.08;
#246:
>0:36.3,117.59;36.52,117.38;
#247:
>0:40.26,116.21;39.74,116.57;40.26,116.8;39.17,117.14;39.89,117.69;
#248:
>0:36.1,115.73;37.14,116.18;37.67,116.63;37.19,116.91;
#249:
>0:38.89,116.06;38.17,116.37;37.93,116.35;
#250:
>0:36.76,117.63;37.28,117.49;37.29,116.94;36.5,116.61;36.35,116.13;36.59,115.5;
#251:
>0:36.47,116.72;36.3,116.83;
#252:
>0:39.81,116.03;39.84,116.1;
#253:
>0:38.73,116.77;38.44,116.66;39.54,116.13;
#254:
>0:39.96,116.46;39.96,116.51;40.16,116.31;
#255:
>0:39.97,116.66;39.9,116.38;39.61,116.37;
#256:
>0:39.9,115.95;40.09,116.49;
#257:
>0:37.62,117.19;37.58,116.91;37.79,116.36;
#258:
>0:36.19,117.96;35.83,117.6;
#259:
>0:39.88,116.1;38.91,116.55;38.46,116.98;37.42,117.17;36.9,117.97;
#260:
>0:36.2,116.76;36.12,117.04;
#261:
>0:36.57,117.02;37.03,117.28;
#262:
>0:36.82,117.06;37.4,117.29;
#263:
>0:39.72,116.58;40.04,115.87;
#264:
>0:39.65,116.47;40.22,116.45;40.29,116.33;
#265:
>0:40.34,115.95;40.12,115.89;40.3,116.05;
#266:
>0:39.89,116.11;40.11,116.54;39.5,117.11;
#267:
>0:39.69,115.91;40.05,115.91;
#268:
>0:39.99,116.48;39.68,116.09;
#269:
>0:36.29,115.65;36.6,116.04;37.37,116.44;38.18,117.09;39.51,116.7;
#270:
>0:39.97,116.67;39.86,115.99;
#271:
>0:40.24,116.33;39.62,116.63;
#272:
>0:40.06,115.86;39.7,116.13;
#273:
>0:39.62,116.11;40.28,116.15;
#274:
>0:39.87,116.67;39.93,116.42;
#275:
>0:40.01,116.27;39.87,116.34;
#276:
>0:39.67,116.5;40.01,115.95;
#277:
>0:40.13,116.59;40.14,116.58;39.61,116.67;
#278:
>0:37.16,117.07;36.0,116.97;
#279:
>0:38.93,115.77;39.64,116.22;40.19,116.69;39.62,116.89;
#280:
>0:36.76,116.93;35.88,117.08;
#281:
>0:40.28,116.24;39.76,116.35;40.01,116.63;
#282:
>0:36.14,115.96;36.86,116.52;36.89,116.81;37.76,116.76;38.65,117.24;39.82,117.77;
#283:
>0:36.85,116.92;35.92,116.7;36.37,115.89;36.95,115.44;
#284:
>0:36.6,117.65;37.77,117.49;37.4,117.03;36.63,116.48;37.32,115.97;38.58,115.68;
#285:
>0:39.33,115.85;39.83,116.04;39.62,116.29;40.13,116.88;
#286:
>0:40.08,116.56;39.91,116.49;
#287:
>0:39.29,117.6;38.78,117.63;37.93,117.56;37.58,116.52;
#288:
>0:39.94,116.62;40.01,116.51;40.08,116.66;
#289:
>0:38.71,115.59;37.97,115.47;
#290:
>0:37.56,116.49;37.14,116.88;
#291:
>0:39.66,116.44;39.94,116.77;39.07,116.72;38.17,116.57;37.04,116.71;
#292:
>0:39.34,117.82;38.68,117.58;37.56,117.19;38.07,116.73;36.32,116.79;
#293:
>0:40.19,116.46;39.77,116.31;39.8,116.47;
#294:
>0:40.37,116.57;39.74,116.54;
#295:
>0:37.24,117.88;35.81,117.8;36.21,117.37;36.13,116.9;36.29,116.02;
