#0:
>0:40.05,118.91;39.97,119.06;39.58,119.32;39.13,119.05;38.85,117.99;
#1:
>0:39.1,118.06;39.06,118.35;
#2:
>0:38.85,117.45;39.0,116.48;39.11,116.08;
#3:
>0:39.28,117.45;38.88,118.09;
#4:
>0:40.17,116.52;40.09,116.44;40.08,117.31;40.29,117.72;40.07,118.47;40.23,119.3;
#5:
>0:40.05,116.38;40.14,116.62;
#6:
>0:40.39,117.28;40.11,117.13;40.5,115.77;
#7:
>0:38.95,116.38;39.32,116.8;39.47,116.15;40.02,116.62;
#8:
>0:39.62,116.76;39.16,117.41;39.65,117.57;39.15,118.56;
#9:
>0:39.46,115.77;39.26,116.4;39.28,117.32;
#10:
>0:40.49,118.18;40.6,117.61;
#11:
>0:40.51,116.52;40.25,116.62;
#12:
>0:39.08,118.82;39.67,118.58;
#13:
>0:39.04,115.8;38.88,116.32;
#14:
>0:40.39,117.96;40.18,117.81;40.5,118.83;
#15:
>0:39.36,118.84;39.1,118.59;39.37,117.54;39.39,117.33;39.2,117.1;39.52,116.08;
#16:
>0:40.21,116.47;40.17,117.03;
#17:
>0:40.46,118.8;40.38,118.36;40.01,118.47;39.94,117.68;40.15,117.34;40.14,115.97;
#18:
>0:39.54,117.49;39.79,118.11;39.77,118.21;39.72,119.13;
#19:
>0:39.66,116.95;40.01,116.54;40.0,116.34;40.56,116.48;
#20:
>0:39.47,116.77;40.02,116.3;40.01,116.57;40.43,117.5;
#21:
>0:39.12,115.73;39.65,115.84;39.15,116.46;39.52,117.77;
#22:
>0:40.12,116.41;40.0,116.71;
#23:
>0:40.1,116.48;40.13,116.08;40.19,116.74;40.01,116.75;40.0,116.73;
#24:
>0:40.13,116.2;39.94,116.43;
#25:
>0:39.41,118.52;39.87,117.93;39.45,117.14;39.19,117.05;39.07,115.83;
#26:
>0:40.21,118.6;40.33,118.18;
#27:
>0:38.78,118.11;39.09,117.26;38.92,116.8;39.34,115.93;
#28:
>0:39.89,117.28;40.27,117.53;40.57,118.26;
#29:
>0:39.1,116.24;39.43,116.62;39.94,117.22;39.98,117.57;
#30:
>0:40.08,118.88;39.7,119.3;39.74,118.13;40.0,117.99;39.99,116.9;
#31:
>0:38.88,118.59;38.89,117.74;39.12,116.94;39.52,117.21;39.31,116.32;
#32:
>0:39.22,115.88;39.62,116.29;39.95,116.55;40.03,116.9;40.31,115.8;
#33:
>0:39.96,116.25;40.19,116.21;
#34:
>0:40.13,117.39;39.86,117.74;39.52,118.52;39.28,118.75;39.04,119.1;
#35:
>0:39.63,117.29;39.99,116.43;40.19,118.04;
#36:
>0:40.15,116.19;40.13,116.66;40.06,116.69;40.1,116.69;
#37:
>0:39.37,117.96;39.42,118.12;
#38:
>0:39.34,118.13;39.1,117.63;38.83,118.1;39.23,117.36;40.16,116.45;
#39:
>0:39.14,118.6;39.07,118.02;
#40:
>0:40.14,117.49;40.01,117.57;39.7,118.73;39.14,118.91;
#41:
>0:40.47,118.85;40.59,118.71;40.3,118.66;40.09,117.44;
#42:
>0:40.45,117.51;40.08,117.66;40.03,118.42;40.25,119.0;
#43:
>0:39.89,118.07;39.49,118.04;39.6,118.83;
#44:
>0:39.53,118.64;39.35,117.86;39.29,117.35;39.05,117.43;38.95,115.72;
#45:
>0:39.76,116.94;39.67,116.62;39.62,116.02;
#46:
>0:39.55,116.91;39.51,117.32;39.16,117.1;39.63,117.67;39.61,119.22;
#47:
>0:39.67,116.22;39.42,116.04;
#48:
>0:39.62,116.37;40.12,116.63;40.07,116.47;40.33,117.14;
#49:
>0:40.2,116.2;39.91,116.41;39.91,117.23;40.05,116.66;
#50:
>0:40.42,116.77;40.23,117.15;40.21,117.54;39.71,118.15;39.34,119.12;
#51:
>0:40.0,116.75;40.2,116.64;
#52:
>0:40.04,117.39;40.03,116.96;
#53:
>0:40.17,116.67;39.96,116.37;
#54:
>0:40.39,118.69;40.04,118.17;39.88,117.98;39.43,116.89;
#55:
>0:38.9,117.56;39.36,117.21;39.59,116.75;40.08,116.52;40.16,116.83;
#56:
>0:40.47,116.51;40.07,115.9;39.94,116.63;39.4,117.27;
#57:
>0:40.22,116.18;40.2,116.26;
#58:
>0:40.15,116.18;40.12,116.24;
#59:
>0:40.15,116.45;40.0,116.53;
#60:
>0:40.26,115.91;40.22,116.48;39.4,115.94;
#61:
>0:40.01,116.66;40.07,116.89;
#62:
>0:40.16,116.55;39.99,116.74;
#63:
>0:40.51,117.83;40.2,117.77;39.91,117.56;39.43,116.86;
#64:
>0:40.16,116.32;40.08,116.22;39.46,116.1;
#65:
>0:40.26,118.91;40.29,118.5;39.91,118.61;40.01,117.53;40.56,117.12;40.47,115.92;
#66:
>0:39.08,116.03;39.58,116.04;39.31,116.69;39.65,117.79;
#67:
>0:39.78,118.76;39.92,118.48;40.25,117.6;39.83,117.48;39.38,116.52;38.76,116.27;
#68:
>0:40.13,116.2;40.2,116.57;
#69:
>0:39.53,116.52;39.97,116.89;
#70:
>0:40.12,117.32;40.15,117.25;
#71:
>0:39.02,119.21;39.37,119.31;38.8,118.5;38.8,117.66;38.93,116.57;
#72:
>0:40.46,118.59;40.23,118.58;39.75,117.57;40.33,116.69;
#73:
>0:40.44,118.51;40.15,118.48;39.87,117.89;39.67,117.03;39.31,118.04;
#74:
>0:39.47,118.59;39.1,118.14;38.91,117.69;
#75:
>0:39.16,117.48;39.46,118.11;39.77,118.51;40.06,118.8;
#76:
>0:40.53,116.43;40.05,117.21;39.98,117.39;39.41,118.64;
#77:
>0:38.89,118.48;38.76,117.77;39.25,117.81;39.46,117.39;40.1,116.47;
#78:
>0:39.5,116.36;39.11,116.62;39.36,117.34;39.55,118.05;39.39,118.87;
#79:
>0:39.42,117.54;39.87,117.1;39.86,116.82;40.53,117.08;
#80:
>0:39.87,116.64;40.02,116.62;
#81:
>0:38.91,116.74;39.24,116.95;39.59,117.59;39.41,118.49;39.64,118.77;
#82:
>0:39.76,116.57;39.46,116.85;39.92,116.72;
#83:
>0:38.94,117.12;38.83,116.44;39.07,115.73;
#84:
>0:39.54,116.04;39.93,116.24;40.14,116.23;40.52,116.34;
#85:
>0:40.44,117.61;40.58,118.11;
#86:
>0:39.37,118.54;38.97,118.07;
#87:
>0:39.24,118.88;39.3,118.52;39.21,117.83;39.62,116.98;
#88:
>0:39.24,118.45;39.37,117.79;39.59,117.06;40.03,116.85;40.46,117.82;
#89:
>0:40.15,117.45;40.35,116.36;40.23,115.87;
#90:
>0:39.08,116.61;39.24,117.42;40.12,116.55;
#91:
>0:40.04,116.13;40.02,115.85;
#92:
>0:39.91,119.18;39.9,118.55;39.27,118.74;
#93:
>0:40.34,116.14;40.26,116.01;40.11,116.63;39.66,116.94;
#94:
>0:39.42,116.68;39.36,115.89;38.99,116.97;
#95:
>0:40.56,118.9;40.49,118.52;40.03,118.39;39.82,118.06;39.59,118.43;38.98,117.88;
#96:
>0:38.88,119.06;38.92,119.11;
#97:
>0:40.04,117.05;39.72,117.39;39.62,117.57;39.15,118.37;
#98:
>0:40.0,118.13;39.95,119.15;
#99:
>0:39.22,118.44;39.32,117.85;39.49,117.42;40.05,116.39;40.5,117.92;
#100:
>0:40.04,116.32;40.07,116.35;39.85,117.37;39.91,117.83;39.73,118.18;39.99,119.26;
#101:
>0:39.68,116.91;39.52,117.21;39.57,117.92;
#102:
>0:40.33,116.36;40.06,117.05;39.9,117.49;39.49,118.48;
#103:
>0:40.42,117.01;40.47,117.76;40.26,118.11;39.73,117.88;39.18,117.1;
#104:
>0:39.43,117.36;39.62,116.96;
#105:
>0:40.08,116.17;40.24,116.81;40.41,117.26;40.56,118.06;39.87,118.52;
#106:
>0:39.57,116.24;39.29,116.55;39.12,117.1;
#107:
>0:39.59,118.04;39.57,118.58;39.01,118.34;
#108:
>0:39.42,117.54;39.4,118.62;38.94,118.15;
#109:
>0:40.5,116.88;40.14,117.24;39.74,117.79;39.53,118.62;39.37,118.81;38.76,118.76;
#110:
>0:39.06,119.17;39.13,119.08;39.4,119.16;39.71,119.28;
#111:
>0:39.46,119.2;39.38,118.27;39.03,118.29;
#112:
>0:40.11,118.32;39.97,119.31;
#113:
>0:39.3,119.32;39.24,118.51;39.09,117.95;39.47,117.12;39.47,116.48;
#114:
>0:40.29,115.73;39.95,116.5;40.06,116.26;40.18,115.81;
#115:
>0:39.96,118.66;40.23,117.75;40.26,117.04;39.79,117.46;39.32,115.87;
#116:
>0:39.27,116.35;39.17,117.2;38.82,117.57;
#117:
>0:39.36,118.57;39.14,117.89;39.03,117.63;39.27,117.13;40.13,116.26;
#118:
>0:39.78,117.66;39.53,117.08;39.19,117.28;38.79,116.8;
#119:
>0:39.85,117.27;40.02,116.6;40.04,116.54;
#120:
>0:40.6,116.24;40.01,116.4;40.22,116.94;40.1,117.59;39.53,118.59;
#121:
>0:39.45,118.59;39.14,117.78;39.55,117.31;39.35,117.25;38.94,116.25;
#122:
>0:40.31,118.48;40.14,118.5;39.93,117.72;39.49,117.11;39.07,116.7;
#123:
>0:38.99,117.71;39.25,117.77;39.65,117.83;
#124:
>0:39.79,118.33;39.7,117.73;39.6,117.26;38.96,117.23;
#125:
>0:39.12,117.83;39.58,118.07;
#126:
>0:40.09,117.84;40.07,117.2;39.87,117.05;39.3,117.05;
#127:
>0:39.77,116.93;40.08,117.38;
#128:
>0:40.18,116.05;40.15,116.2;39.67,116.22;
#129:
>0:40.44,116.95;40.48,117.81;40.23,117.82;39.87,118.12;39.18,118.69;
#130:
>0:40.37,118.63;40.0,118.37;40.11,117.05;
#131:
>0:38.78,117.54;39.09,117.39;39.58,117.76;39.77,118.14;40.19,117.53;40.37,117.66;
#132:
>0:40.45,118.0;40.17,117.97;40.08,117.33;39.62,116.78;
#133:
>0:39.07,118.11;39.62,118.3;39.97,119.13;
#134:
>0:39.0,117.12;39.17,117.56;39.5,117.67;39.91,118.17;40.05,117.59;40.52,118.01;
#135:
>0:39.93,116.39;39.98,116.74;
#136:
>0:39.62,118.82;39.36,118.73;38.82,118.41;
#137:
>0:39.97,117.28;39.58,116.82;39.68,115.75;38.89,116.02;
#138:
>0:38.84,116.81;39.28,116.99;39.67,118.07;39.97,118.39;39.83,118.98;
#139:
>0:39.48,115.74;39.28,116.9;39.22,116.97;39.65,117.8;39.35,118.48;
#140:
>0:40.17,119.08;40.24,118.57;39.55,117.69;
#141:
>0:39.53,117.73;39.54,118.72;38.78,118.63;
#142:
>0:39.23,117.52;39.04,117.41;
#143:
>0:40.14,116.09;40.1,116.5;40.55,116.93;40.4,117.73;40.53,118.34;
#144:
>0:40.44,119.07;40.34,118.55;40.3,118.42;39.94,118.08;39.4,117.37;39.08,116.2;
#145:
>0:39.61,115.91;40.01,116.3;40.08,116.72;
#146:
>0:40.35,117.27;40.17,117.96;
#147:
>0:40.19,116.18;40.01,116.72;39.92,117.31;
#148:
>0:40.02,116.64;39.94,116.86;40.22,116.39;40.13,115.96;40.34,116.52;40.08,115.96;40.01,116.62;40.0,116.35;40.14,116.22;40.06,116.67;
#149:
>0:38.97,117.94;39.17,117.48;39.64,116.5;39.08,116.23;
#150:
>0:40.2,117.0;39.85,117.26;39.57,117.92;39.35,118.98;
#151:
>0:39.79,117.75;39.39,117.69;39.19,116.94;
#152:
>0:39.31,117.88;39.57,116.99;39.11,117.26;40.1,116.25;
#153:
>0:39.87,116.65;40.01,116.66;
#154:
>0:39.81,116.37;39.99,116.32;
#155:
>0:39.39,117.62;39.12,116.96;38.87,116.52;
#156:
>0:39.44,117.47;39.99,116.51;40.03,117.06;40.61,118.26;
#157:
>0:39.53,117.91;39.14,118.36;
#158:
>0:40.6,116.93;40.37,116.46;40.56,116.31;
#159:
>0:39.51,117.46;39.87,116.92;40.28,117.4;
#160:
>0:40.05,117.56;40.27,118.29;40.26,118.93;
#161:
>0:40.39,115.75;40.0,115.81;40.18,116.26;39.61,116.98;
#162:
>0:39.09,116.06;39.6,116.84;38.86,117.37;
#163:
>0:39.31,119.11;39.53,118.68;39.92,118.27;40.06,117.09;
#164:
>0:39.39,116.95;39.4,117.79;
#165:
>0:39.56,117.32;39.7,117.66;39.87,118.37;39.93,119.07;
#166:
>0:39.11,118.25;39.19,117.6;39.61,117.96;40.05,117.85;
#167:
>0:39.23,116.06;39.51,116.78;39.21,116.65;39.54,117.64;
#168:
>0:40.15,115.94;40.21,116.43;39.9,116.4;39.66,116.69;38.84,116.15;
#169:
>0:39.81,117.5;40.13,117.0;
#170:
>0:39.17,118.5;39.31,117.54;38.87,118.11;39.27,117.11;40.15,116.56;
#171:
>0:39.2,119.25;39.46,118.47;39.78,118.33;
#172:
>0:40.14,116.71;40.23,116.49;
#173:
>0:39.36,118.25;38.88,118.04;
#174:
>0:40.13,116.0;40.14,116.54;40.23,117.33;40.53,117.74;40.48,118.28;
#175:
>0:40.2,115.98;40.51,116.51;
#176:
>0:40.43,117.91;40.22,117.71;39.89,117.25;39.49,116.59;39.09,115.83;
#177:
>0:39.59,116.2;39.19,116.69;39.52,117.1;39.22,117.41;39.9,118.59;
#178:
>0:39.58,117.33;39.57,117.28;
#179:
>0:39.19,117.48;39.0,117.85;
#180:
>0:39.15,118.67;39.12,117.89;39.82,117.53;
#181:
>0:40.32,117.39;40.33,117.81;
#182:
>0:40.01,117.05;39.79,117.79;39.59,118.35;39.28,118.74;38.79,118.84;
#183:
>0:40.57,117.67;40.16,117.71;40.22,117.0;40.11,116.89;39.27,116.89;
#184:
>0:39.09,119.32;39.62,118.52;
#185:
>0:40.48,117.41;40.13,116.4;
#186:
>0:39.38,118.12;39.67,118.23;38.94,118.47;
#187:
>0:40.16,115.85;39.85,116.58;39.79,117.32;39.87,117.56;39.88,118.41;39.8,119.01;
#188:
>0:39.99,118.66;40.09,118.03;40.18,117.51;39.96,116.92;
#189:
>0:40.6,116.06;40.18,116.83;39.77,117.11;39.58,118.07;39.46,118.59;39.06,118.35;
#190:
>0:40.13,116.18;39.88,116.21;
#191:
>0:39.78,116.96;40.13,117.69;40.48,118.47;
#192:
>0:40.43,116.64;40.03,116.02;40.05,116.42;39.59,116.42;39.28,116.78;38.93,116.41;
#193:
>0:39.96,116.49;39.57,116.41;39.22,116.51;39.31,117.5;39.51,118.57;
#194:
>0:39.51,117.5;39.84,116.4;40.24,117.57;
#195:
>0:40.03,116.48;40.15,116.37;
#196:
>0:39.28,117.41;39.49,118.04;39.67,118.59;39.76,118.57;40.38,119.08;
#197:
>0:39.57,118.42;39.23,117.75;38.96,117.89;39.37,117.27;38.88,116.03;
#198:
>0:39.46,115.78;39.41,116.14;
#199:
>0:40.17,116.34;40.02,116.71;40.04,116.47;
#200:
>0:39.08,119.17;39.65,118.32;39.82,118.6;
#201:
>0:39.47,118.77;39.74,118.86;
#202:
>0:40.13,118.6;39.79,118.21;40.09,118.05;40.34,116.81;
#203:
>0:39.6,116.28;39.91,116.21;39.99,116.7;40.5,116.4;
#204:
>0:38.79,117.12;38.78,116.66;39.33,116.86;39.47,117.49;40.28,117.44;
#205:
>0:39.37,117.92;38.99,118.72;
#206:
>0:40.19,116.53;39.99,116.77;
#207:
>0:40.6,119.23;40.46,118.45;40.08,118.4;39.76,118.1;39.9,116.37;
#208:
>0:40.19,116.19;40.07,116.42;39.88,116.39;39.18,116.36;
#209:
>0:39.45,119.24;39.09,119.25;39.28,118.55;39.12,117.86;39.42,117.02;39.99,116.24;
#210:
>0:39.45,118.14;39.32,119.27;38.99,117.7;
#211:
>0:39.4,118.45;39.99,118.5;40.3,117.72;40.0,117.04;40.13,116.1;
#212:
>0:39.36,116.99;38.94,117.37;
#213:
>0:39.87,117.98;39.68,118.09;39.17,117.94;
#214:
>0:39.07,116.68;39.34,117.0;39.06,117.63;
#215:
>0:39.94,116.52;39.91,116.45;40.01,116.55;
#216:
>0:40.14,116.61;40.02,116.4;39.98,116.43;
#217:
>0:39.98,116.43;40.05,116.54;
#218:
>0:39.87,118.3;40.12,118.33;
#219:
>0:39.28,118.13;39.66,117.45;39.41,116.47;40.14,116.39;40.56,116.09;
