#0:
>0:38.92,116.46;38.92,117.29;39.09,117.96;39.91,118.04;
#1:
>0:39.8,117.95;40.07,118.16;
#2:
>0:40.13,116.27;40.02,116.55;
#3:
>0:40.48,118.19;40.12,117.93;40.11,117.09;40.03,116.63;
#4:
>0:40.48,118.84;40.21,118.41;40.02,117.78;
#5:
>0:39.57,116.15;39.21,116.56;39.46,117.4;39.14,117.57;39.53,118.39;39.7,118.97;
#6:
>0:40.13,116.3;40.03,116.34;
#7:
>0:40.27,118.89;39.98,118.55;39.8,117.81;39.92,117.36;
#8:
>0:39.66,115.73;39.36,116.79;39.4,117.07;39.63,118.11;39.91,118.68;39.79,119.29;
#9:
>0:39.8,117.51;39.75,118.09;39.95,118.33;39.83,119.07;
#10:
>0:39.48,117.56;39.5,118.13;
#11:
>0:39.39,115.78;39.38,116.75;40.2,116.53;
#12:
>0:40.05,117.68;39.93,117.62;39.55,117.68;39.1,117.82;38.85,117.64;
#13:
>0:40.18,116.23;39.88,116.75;39.54,116.92;
#14:
>0:38.98,118.54;39.31,117.71;39.41,117.02;39.9,117.66;
#15:
>0:39.66,118.67;39.78,117.54;40.0,117.62;40.54,117.78;
#16:
>0:39.63,116.57;39.86,116.88;
#17:
>0:39.04,117.42;39.2,118.13;
#18:
>0:40.19,116.48;40.17,116.27;
#19:
>0:40.17,116.57;39.91,116.56;
#20:
>0:40.39,116.44;40.49,117.18;
#21:
>0:39.25,118.24;39.51,118.52;39.7,118.59;40.02,118.31;40.48,118.55;
#22:
>0:40.09,116.49;40.03,116.79;40.59,117.03;40.37,118.11;39.88,118.53;
#23:
>0:40.06,116.41;40.0,116.5;
#24:
>0:39.51,118.17;39.79,118.26;39.92,117.05;
#25:
>0:40.41,116.89;40.06,116.94;39.74,117.77;39.62,118.09;39.22,117.89;38.85,117.71;
#26:
>0:40.6,117.31;40.22,117.56;39.71,118.47;39.67,117.61;39.09,116.67;
#27:
>0:38.85,118.67;38.88,117.94;39.28,117.22;38.9,117.01;38.81,116.14;
#28:
>0:40.45,118.83;40.43,118.17;40.37,117.9;
#29:
>0:40.53,116.31;40.15,116.84;40.16,117.43;40.08,117.85;40.03,118.49;
#30:
>0:40.14,116.45;40.19,116.73;
#31:
>0:40.23,116.93;39.75,117.65;39.98,118.46;39.27,117.65;
#32:
>0:40.53,116.76;40.14,116.43;40.21,116.09;39.47,115.98;
#33:
>0:38.87,116.0;39.27,116.74;39.66,117.33;39.79,116.8;40.21,117.42;40.38,115.82;
#34:
>0:40.31,117.21;40.19,117.1;40.24,116.83;39.73,116.64;39.25,116.55;
#35:
>0:38.82,116.42;38.94,117.32;39.19,118.1;39.96,118.11;
#36:
>0:39.32,117.86;39.42,118.61;
#37:
>0:39.17,118.43;39.41,117.8;39.97,117.09;40.13,116.82;40.32,116.37;
#38:
>0:39.38,118.01;39.42,118.15;
#39:
>0:40.2,117.71;39.91,117.85;39.65,117.76;39.23,118.07;38.86,117.58;
#40:
>0:39.78,116.74;40.28,116.81;
#41:
>0:39.4,118.46;39.24,117.92;
#42:
>0:40.14,116.3;40.13,116.56;
#43:
>0:38.83,116.05;38.96,116.73;39.21,116.64;39.42,117.51;40.27,115.84;
#44:
>0:39.81,117.11;39.54,116.73;39.1,117.33;39.05,117.03;
#45:
>0:39.87,118.14;39.61,118.08;39.13,117.25;
#46:
>0:40.38,116.45;40.21,117.33;39.85,118.12;39.6,117.96;39.1,118.0;38.84,117.63;
#47:
>0:39.92,116.19;40.03,116.54;
#48:
>0:39.93,116.18;39.74,116.43;39.15,116.84;
#49:
>0:39.24,119.13;38.94,118.65;38.93,118.13;39.0,117.28;
#50:
>0:40.12,116.44;40.16,116.39;
#51:
>0:40.38,116.35;40.25,117.19;39.76,117.48;
#52:
>0:40.13,116.45;40.07,116.49;40.38,117.36;40.02,117.55;39.97,118.18;39.96,118.76;
#53:
>0:40.01,116.37;39.71,117.39;39.61,116.53;39.13,117.27;39.06,116.71;
#54:
>0:39.34,118.4;38.81,118.26;
#55:
>0:40.26,118.22;40.35,118.4;
#56:
>0:38.85,117.42;39.25,117.19;39.42,117.18;39.8,116.83;39.92,116.41;40.39,117.05;
#57:
>0:39.23,117.99;39.46,118.17;
#58:
>0:40.18,116.4;39.92,116.39;
#59:
>0:38.86,118.67;39.08,118.12;39.58,117.54;39.98,117.06;40.02,116.41;
#60:
>0:40.52,116.52;40.09,117.01;39.77,117.74;39.89,118.16;39.54,118.67;38.93,118.99;
#61:
>0:39.55,116.68;39.34,117.44;39.35,117.86;
#62:
>0:40.22,119.14;39.75,118.43;39.58,119.18;
#63:
>0:40.1,118.32;39.73,117.8;39.45,118.77;
#64:
>0:39.12,116.34;39.66,117.16;39.4,117.79;
#65:
>0:40.07,116.8;39.93,117.07;39.5,117.92;39.18,118.13;
#66:
>0:40.09,118.48;40.2,117.86;40.15,117.47;40.42,116.44;40.15,116.75;
#67:
>0:39.22,118.22;39.21,118.02;39.2,117.49;39.14,116.48;39.18,116.1;
#68:
>0:40.04,117.1;39.95,117.61;39.99,118.22;39.35,118.07;
#69:
>0:39.25,117.65;39.07,117.13;38.9,116.64;
#70:
>0:39.65,118.86;39.88,118.28;39.57,117.84;39.28,117.65;39.25,116.63;
#71:
>0:39.95,118.05;39.47,117.91;39.33,117.59;39.03,116.98;
#72:
>0:39.07,115.88;39.61,116.53;39.78,117.14;39.77,117.59;
#73:
>0:40.46,118.14;40.38,118.12;40.35,117.24;
#74:
>0:38.92,116.95;39.22,117.65;
#75:
>0:40.14,116.4;40.1,116.2;
#76:
>0:39.08,117.71;39.61,118.27;39.85,118.65;40.28,118.16;40.44,118.73;
#77:
>0:40.38,119.03;40.5,119.06;
#78:
>0:40.52,119.2;40.27,118.48;39.89,117.56;
#79:
>0:39.56,118.71;39.87,119.32;
#80:
>0:39.45,118.72;39.22,117.67;
#81:
>0:39.61,118.11;39.9,118.49;40.28,119.01;
#82:
>0:39.0,116.71;38.83,117.27;39.34,117.91;39.77,117.83;
#83:
>0:40.52,117.04;40.24,117.54;39.92,118.65;39.4,117.6;39.16,116.35;
#84:
>0:39.92,116.66;39.39,116.09;
#85:
>0:39.84,117.71;39.68,118.16;
#86:
>0:39.28,117.03;39.54,117.47;39.93,116.52;40.19,116.37;
#87:
>0:38.81,116.97;39.29,116.49;39.6,116.8;
#88:
>0:39.72,118.72;39.47,117.89;39.12,117.4;
#89:
>0:40.61,119.06;40.13,118.47;39.94,117.83;39.46,117.88;39.96,116.43;
#90:
>0:39.29,116.63;39.48,117.03;39.11,118.05;39.52,118.18;39.25,118.96;
#91:
>0:40.02,116.27;40.11,116.11;39.89,116.53;40.02,115.84;40.18,116.32;40.05,116.83;39.79,116.64;40.12,116.22;40.02,116.68;40.5,117.25;40.6,117.78;40.04,117.37;40.6,116.85;40.06,116.7;40.01,116.31;
#92:
>0:40.55,116.52;40.49,117.16;40.43,117.94;40.45,118.67;40.51,118.87;
#93:
>0:39.1,118.65;39.52,118.24;39.66,119.05;40.16,118.27;
#94:
>0:40.59,118.1;40.33,117.33;40.02,118.11;39.77,118.54;39.34,117.61;
#95:
>0:39.69,119.27;40.26,118.41;40.57,118.15;
#96:
>0:40.16,116.53;40.07,116.3;
#97:
>0:39.38,117.58;39.45,117.26;39.86,117.51;
#98:
>0:39.06,118.64;38.89,117.78;39.18,117.3;39.01,117.02;
#99:
>0:39.44,118.25;39.35,117.59;39.26,117.13;
#100:
>0:39.97,116.83;39.42,116.21;
#101:
>0:39.76,117.84;39.74,118.38;39.66,118.15;39.05,118.76;
#102:
>0:40.43,117.8;40.23,118.23;39.93,119.06;
#103:
>0:39.81,117.27;39.58,118.02;39.08,118.09;38.92,118.83;
#104:
>0:40.51,115.85;40.44,115.95;
#105:
>0:39.9,118.72;39.52,117.84;39.59,117.27;
#106:
>0:40.51,117.51;40.14,117.58;39.83,118.45;39.62,117.7;39.36,116.82;
#107:
>0:40.1,116.5;39.92,117.46;39.42,118.09;39.3,117.89;
#108:
>0:39.2,118.34;39.38,117.81;39.44,117.35;
#109:
>0:39.11,115.94;39.65,116.43;39.94,116.68;39.79,116.38;40.41,116.8;
#110:
>0:40.12,116.2;40.05,115.86;40.55,116.58;
#111:
>0:39.5,115.75;39.18,116.6;39.47,117.49;39.23,117.56;39.47,118.43;39.69,119.11;
#112:
>0:40.23,118.94;39.71,118.18;39.65,117.71;39.37,117.65;39.44,117.16;39.4,115.97;
#113:
>0:39.67,116.58;40.03,116.18;39.78,116.64;40.34,116.76;
#114:
>0:40.49,118.22;40.07,117.87;
#115:
>0:40.02,118.5;39.76,117.92;39.46,117.92;39.15,117.78;
#116:
>0:40.05,116.49;40.09,116.67;
#117:
>0:39.38,115.8;39.76,116.79;
#118:
>0:40.27,119.28;39.83,118.18;39.63,118.07;39.12,117.99;39.67,117.1;39.43,116.16;
#119:
>0:40.07,116.39;40.04,116.77;
#120:
>0:39.96,118.19;39.78,118.14;
#121:
>0:40.34,118.04;40.23,117.17;39.83,116.69;39.54,115.96;39.21,115.8;38.92,116.11;
#122:
>0:40.19,117.51;39.92,117.64;39.75,118.61;39.2,118.1;
#123:
>0:40.51,115.74;40.42,116.52;40.29,116.42;40.0,117.64;
#124:
>0:39.15,118.3;39.48,118.5;39.78,118.59;40.04,118.73;40.5,118.48;
#125:
>0:40.11,117.47;39.96,117.19;39.61,116.94;
#126:
>0:39.73,116.94;39.53,117.8;
#127:
>0:40.22,116.43;40.19,116.39;
#128:
>0:39.92,116.28;40.22,116.38;
#129:
>0:40.28,119.12;39.96,118.37;39.68,119.1;
#130:
>0:39.3,118.22;39.54,118.35;39.76,118.14;40.29,118.29;40.39,118.36;
#131:
>0:39.8,118.91;40.24,118.64;40.39,118.03;
#132:
>0:40.6,116.8;40.28,117.34;39.7,117.91;39.45,117.76;39.22,118.07;38.78,117.86;
#133:
>0:40.03,116.2;40.14,116.31;39.63,115.76;39.11,115.85;
#134:
>0:39.11,118.4;39.54,118.66;39.73,118.61;40.04,118.37;40.52,118.53;
#135:
>0:40.59,119.06;40.23,118.2;39.92,117.58;39.88,118.22;39.2,119.09;
#136:
>0:40.55,116.49;40.2,116.29;
#137:
>0:40.08,118.71;40.44,118.38;
#138:
>0:40.44,118.64;40.37,117.72;40.03,117.82;39.94,118.6;39.21,118.78;
#139:
>0:39.56,117.87;39.11,117.88;39.36,117.07;39.12,115.99;
#140:
>0:38.92,117.15;39.09,116.12;
#141:
>0:39.95,116.77;40.18,116.4;
#142:
>0:40.54,119.33;40.07,118.59;40.0,117.65;40.33,117.33;
#143:
>0:40.04,116.76;39.98,116.53;
#144:
>0:39.16,118.67;39.41,118.41;39.7,118.55;40.12,118.63;40.54,118.14;
#145:
>0:39.1,117.6;39.15,118.25;
#146:
>0:39.13,117.85;39.58,118.15;
#147:
>0:40.5,118.38;40.13,117.96;39.92,118.54;39.56,117.35;
#148:
>0:38.87,118.11;39.3,117.86;39.43,117.31;39.5,117.88;39.73,117.47;40.6,116.59;
#149:
>0:40.59,116.75;40.16,117.08;39.86,118.05;
#150:
>0:40.12,116.48;39.92,116.99;39.43,116.43;39.32,117.09;38.88,117.49;
#151:
>0:40.59,118.98;40.26,118.59;40.07,117.81;39.85,118.63;39.14,118.81;
#152:
>0:38.97,116.75;39.35,116.19;
#153:
>0:40.2,118.52;40.32,118.58;
#154:
>0:39.46,115.95;39.35,116.43;39.63,117.3;39.33,117.84;39.21,118.66;
#155:
>0:38.96,118.0;39.11,117.7;39.23,118.91;
#156:
>0:39.06,118.55;39.15,117.57;39.49,118.1;39.7,117.62;40.16,118.04;
#157:
>0:39.69,116.44;39.9,116.86;
#158:
>0:40.15,119.22;39.9,119.32;
#159:
>0:39.63,116.41;39.71,117.5;40.18,116.54;
#160:
>0:40.35,118.74;40.26,118.42;39.72,118.05;39.76,118.16;39.23,118.94;
#161:
>0:39.26,117.06;39.66,117.04;39.33,118.09;39.46,118.96;
#162:
>0:39.94,116.66;40.15,116.39;
#163:
>0:39.27,118.09;39.24,117.27;38.95,117.09;39.0,116.05;
#164:
>0:39.46,117.07;39.12,117.7;
#165:
>0:39.97,117.39;39.43,117.84;39.17,117.66;
#166:
>0:40.59,116.93;40.26,117.17;40.25,116.66;39.83,116.38;39.26,116.48;
#167:
>0:39.6,118.04;39.83,118.43;39.45,119.08;
#168:
>0:39.13,117.55;39.27,117.43;38.93,117.09;38.82,115.92;
#169:
>0:38.79,117.42;39.24,117.95;39.48,118.03;39.91,117.48;40.18,117.27;40.43,117.97;
#170:
>0:40.02,116.24;39.94,116.34;
#171:
>0:40.31,118.46;40.59,117.91;40.01,118.0;40.2,116.99;40.47,116.31;
#172:
>0:38.76,117.97;38.98,117.08;39.22,116.94;39.95,116.41;
#173:
>0:40.08,116.53;40.0,115.81;
#174:
>0:39.88,116.95;39.51,116.48;39.09,117.03;38.99,117.16;
#175:
>0:40.61,119.02;40.02,118.56;39.98,117.59;39.48,117.11;39.09,116.64;38.78,116.27;
#176:
>0:39.61,118.85;39.78,118.49;40.04,118.55;40.4,118.56;
#177:
>0:40.12,118.61;40.02,119.11;
#178:
>0:39.52,117.66;39.11,117.84;39.21,117.03;39.36,116.11;
#179:
>0:39.18,118.79;39.4,118.71;39.46,117.86;39.91,117.07;40.14,116.89;39.62,115.95;
#180:
>0:39.68,117.78;39.27,117.58;39.14,117.22;39.07,115.93;
#181:
>0:39.04,119.32;38.84,118.18;
#182:
>0:40.26,117.72;39.9,118.07;39.67,117.87;39.18,117.75;38.97,117.84;
#183:
>0:39.33,118.55;39.63,118.29;
#184:
>0:40.03,115.73;39.96,116.28;40.16,116.86;40.55,117.38;39.91,118.45;
#185:
>0:39.92,116.48;39.51,116.13;39.1,116.18;38.81,115.9;
#186:
>0:39.13,117.69;39.63,118.56;
#187:
>0:39.97,116.82;39.54,116.84;
#188:
>0:38.95,117.88;38.85,117.37;39.3,117.71;39.38,118.11;39.87,117.27;40.47,116.72;
#189:
>0:39.05,118.49;39.28,117.71;39.45,117.59;39.76,117.73;40.25,117.81;
#190:
>0:39.96,117.44;39.58,116.39;39.37,117.52;38.97,117.31;
#191:
>0:40.07,117.59;40.15,117.14;40.21,116.83;
#192:
>0:39.6,116.29;39.92,116.49;40.13,116.94;40.56,117.57;40.41,118.46;
#193:
>0:40.07,117.21;39.86,117.95;39.47,118.65;
#194:
>0:40.24,117.93;39.93,118.38;
#195:
>0:40.42,115.97;40.31,116.49;40.03,116.72;39.89,116.96;39.52,116.73;38.93,117.18;
#196:
>0:39.59,118.32;39.92,118.06;40.28,117.99;
#197:
>0:39.39,116.47;39.63,117.46;
#198:
>0:40.02,116.29;40.13,116.59;
#199:
>0:40.24,117.28;40.17,116.7;
#200:
>0:38.94,117.0;39.37,117.79;39.16,118.62;
#201:
>0:40.22,116.4;39.84,117.33;
#202:
>0:38.8,118.13;38.96,117.35;39.36,117.56;39.73,116.32;
#203:
>0:38.94,118.18;39.09,118.26;39.64,118.27;39.81,118.51;
#204:
>0:39.92,116.48;40.09,116.32;
#205:
>0:38.93,115.73;38.99,116.85;39.66,117.16;
#206:
>0:39.75,116.34;39.49,116.83;
#207:
>0:39.02,117.29;39.1,117.68;39.46,117.22;39.79,117.85;
#208:
>0:40.16,116.32;39.96,116.63;
#209:
>0:39.29,118.29;39.63,119.26;39.89,118.92;40.07,119.21;
#210:
>0:39.27,115.92;38.97,116.42;38.88,117.26;39.32,117.76;39.44,118.43;38.83,119.25;
#211:
>0:40.22,117.92;39.73,118.38;39.47,118.62;39.24,119.19;
#212:
>0:40.13,116.41;40.13,116.74;
#213:
>0:39.59,117.34;39.21,116.43;
#214:
>0:40.44,116.65;40.22,116.96;40.27,116.57;39.55,116.36;
#215:
>0:40.17,118.21;40.01,118.89;
#216:
>0:39.09,115.84;39.5,116.88;
#217:
>0:40.14,117.15;40.59,117.06;39.88,118.16;
#218:
>0:39.99,116.58;39.48,116.11;
#219:
>0:39.32,116.79;39.66,117.22;39.35,117.64;39.9,118.66;
