#0:
>0:39.08,116.47;39.77,116.41;39.86,116.72;40.28,116.75;40.68,117.1;
#1:
>0:39.5,117.5;39.75,117.66;39.98,118.34;40.13,118.76;
#2:
>0:40.23,116.71;40.08,116.69;
#3:
>0:39.69,116.71;39.76,116.5;40.3,117.39;40.21,117.7;40.27,118.5;
#4:
>0:40.0,116.29;40.13,116.09;39.86,116.45;
#5:
>0:38.87,118.14;39.11,118.4;39.58,118.71;39.88,117.68;40.26,118.61;
#6:
>0:39.01,116.55;39.17,115.78;39.72,116.71;39.61,116.56;39.72,116.88;40.46,117.05;
#7:
>0:40.41,115.96;40.29,116.3;
#8:
>0:38.9,115.91;39.1,116.21;39.22,116.41;39.94,116.45;
#9:
>0:40.39,118.16;40.18,117.92;
#10:
>0:40.21,116.34;39.39,116.49;39.98,116.54;40.06,116.63;40.51,117.18;40.49,117.0;40.3,116.45;
#11:
>0:38.87,115.9;39.32,116.91;39.64,117.35;39.96,117.7;40.11,118.21;39.85,119.32;
#12:
>0:39.52,117.52;39.54,116.35;40.24,115.74;
#13:
>0:39.68,116.38;39.92,116.93;39.78,117.79;
#14:
>0:39.51,117.09;39.58,116.44;39.8,116.51;
#15:
>0:39.01,118.88;39.33,118.14;39.54,117.94;39.72,117.57;40.12,117.72;
#16:
>0:39.94,118.56;40.28,118.66;40.52,118.3;
#17:
>0:40.35,117.35;40.49,117.77;39.98,116.93;
#18:
>0:39.11,116.27;39.65,116.54;39.74,116.48;40.18,117.38;
#19:
>0:39.78,116.68;39.2,116.37;39.25,117.47;
#20:
>0:40.19,115.85;40.09,116.69;39.59,116.92;39.35,115.75;38.78,116.6;
#21:
>0:40.07,116.19;40.2,116.49;39.87,116.65;39.37,116.53;38.91,116.66;
#22:
>0:40.39,118.43;40.49,118.94;40.24,119.16;39.93,118.99;39.54,118.78;38.82,119.29;
#23:
>0:39.58,117.11;39.6,116.79;40.22,116.03;
#24:
>0:40.56,118.59;40.29,117.65;39.73,117.34;40.05,117.43;40.57,116.15;
#25:
>0:39.15,116.35;39.07,117.28;
#26:
>0:40.15,116.54;40.26,116.75;
#27:
>0:39.57,117.68;39.4,118.54;39.5,118.88;
#28:
>0:40.04,116.6;40.09,116.01;40.1,116.66;39.71,116.66;40.17,117.11;40.18,116.58;40.43,117.46;40.7,117.14;40.24,116.38;
#29:
>0:40.34,118.49;40.11,117.86;39.84,117.19;40.01,116.45;40.11,116.68;
#30:
>0:39.64,116.91;39.52,117.31;
#31:
>0:39.85,116.48;40.04,116.74;
#32:
>0:39.67,116.27;39.85,116.43;40.06,117.09;40.02,117.89;40.04,118.17;
#33:
>0:40.11,116.54;39.69,117.08;39.41,117.96;39.53,118.64;39.58,119.09;
#34:
>0:39.03,116.73;39.24,117.15;39.46,118.01;39.67,118.68;39.54,119.15;
#35:
>0:40.08,116.53;39.85,116.57;
#36:
>0:39.6,116.89;39.23,116.06;
#37:
>0:40.49,118.75;40.08,118.9;39.95,119.01;39.42,118.58;39.18,117.94;38.94,116.93;
#38:
>0:39.8,118.25;39.56,118.38;39.07,118.59;
#39:
>0:38.9,117.07;39.36,117.45;39.49,116.41;39.74,116.64;40.05,116.72;40.32,115.94;
#40:
>0:39.21,116.73;39.68,116.54;40.13,116.27;
#41:
>0:39.2,117.28;39.09,117.65;
#42:
>0:40.08,116.03;39.84,116.85;39.58,117.26;39.41,118.08;
#43:
>0:39.54,116.89;39.68,116.37;
#44:
>0:39.69,117.86;40.05,117.89;39.73,117.4;40.16,115.78;
#45:
>0:40.23,116.38;40.16,116.28;
#46:
>0:39.4,117.35;39.84,118.02;39.78,118.2;40.47,117.63;
#47:
>0:40.17,116.43;40.0,116.26;39.77,117.05;
#48:
>0:40.17,118.95;39.94,119.08;39.53,119.05;
#49:
>0:39.26,115.77;39.67,116.45;39.79,116.6;40.13,116.16;
#50:
>0:39.45,118.07;39.39,118.68;
#51:
>0:40.6,116.91;40.16,116.43;40.15,115.99;39.96,116.52;39.89,116.26;38.85,116.75;
#52:
>0:39.96,116.58;40.01,116.47;
#53:
>0:39.95,117.88;40.05,117.42;40.57,116.82;
#54:
>0:39.65,116.77;39.14,117.0;38.81,117.59;39.05,118.21;
#55:
>0:40.37,117.21;40.0,116.3;40.19,116.43;39.93,116.36;
#56:
>0:40.45,118.64;40.08,117.69;39.9,117.4;39.65,116.63;
#57:
>0:39.6,117.26;39.26,116.97;
#58:
>0:40.59,117.44;40.21,117.94;39.81,117.58;
#59:
>0:40.57,116.79;40.07,117.08;40.21,117.81;39.74,118.59;
#60:
>0:38.99,117.33;39.37,117.34;39.59,116.84;39.94,116.69;40.1,116.97;40.35,115.91;
#61:
>0:39.33,115.73;39.53,116.92;39.58,117.32;39.41,117.76;39.59,118.62;
#62:
>0:39.74,118.93;40.28,118.74;40.05,118.46;40.11,117.07;
#63:
>0:40.14,117.72;39.99,118.68;
#64:
>0:39.21,117.79;38.77,117.84;39.03,118.83;
#65:
>0:40.59,117.93;40.05,117.1;39.81,117.16;
#66:
>0:39.41,118.66;39.93,118.56;40.05,118.62;40.58,118.26;
#67:
>0:39.74,118.81;39.46,118.74;39.62,118.67;38.85,118.4;
#68:
>0:38.85,116.52;39.18,116.96;39.48,117.55;39.94,118.67;40.27,118.32;40.56,118.71;
#69:
>0:40.61,117.27;40.06,117.96;39.85,118.7;39.57,119.21;39.35,119.05;38.87,119.09;
#70:
>0:40.22,116.67;40.04,115.8;40.0,116.55;39.42,116.52;39.71,116.68;40.04,116.37;40.6,117.06;40.52,116.89;40.16,116.27;40.3,116.46;39.94,116.53;39.85,116.58;40.24,116.44;
#71:
>0:39.5,118.68;39.78,118.54;40.06,118.27;40.33,118.66;
#72:
>0:38.79,119.13;39.32,118.55;39.54,118.59;39.97,118.46;
#73:
>0:40.0,117.15;40.29,116.8;39.54,116.46;
#74:
>0:39.42,118.16;39.83,118.42;
#75:
>0:38.78,116.07;39.2,115.91;39.9,116.85;39.91,116.96;
#76:
>0:40.58,117.1;40.15,116.8;40.5,117.04;39.73,118.55;
#77:
>0:39.53,116.74;39.59,116.78;
#78:
>0:40.69,117.19;40.09,117.11;39.8,117.62;39.58,118.19;39.53,119.29;
#79:
>0:40.19,116.14;40.04,116.41;40.05,116.58;39.14,115.84;
#80:
>0:38.78,115.8;39.09,116.28;39.29,116.77;39.96,116.77;
#81:
>0:39.31,116.27;38.96,116.5;38.94,117.33;38.94,117.78;38.99,118.71;
#82:
>0:38.85,118.88;38.83,119.33;
#83:
>0:40.1,116.27;40.18,116.81;39.99,117.34;
#84:
>0:40.6,118.88;40.4,118.38;39.83,118.21;
#85:
>0:38.9,118.19;38.82,118.1;38.87,117.37;39.15,116.44;
#86:
>0:39.06,118.51;39.32,118.65;39.68,118.58;39.91,117.73;40.15,118.17;
#87:
>0:39.05,117.14;39.05,117.66;
#88:
>0:40.07,119.05;40.22,118.46;40.52,117.86;40.19,117.37;40.09,116.9;
#89:
>0:38.79,118.4;39.15,117.82;39.53,117.86;39.83,117.6;39.8,118.64;40.5,117.78;
#90:
>0:38.82,117.39;39.15,117.65;39.59,118.38;39.89,117.85;40.24,118.42;
#91:
>0:39.21,115.73;39.49,116.7;39.58,117.06;39.45,117.94;39.5,118.25;
#92:
>0:38.8,116.64;39.3,115.8;39.74,116.46;39.97,116.38;
#93:
>0:39.83,116.78;39.75,116.39;40.01,117.32;40.13,117.96;40.0,118.26;
#94:
>0:38.98,118.11;38.84,117.21;
#95:
>0:39.07,115.8;39.73,116.56;39.76,116.82;40.17,117.29;39.7,118.32;
#96:
>0:40.08,116.92;40.13,116.74;
#97:
>0:38.87,119.18;39.33,118.6;39.53,118.38;39.89,118.31;40.13,118.42;40.41,118.53;
#98:
>0:40.45,115.82;40.22,116.27;40.1,116.32;39.88,116.75;39.32,115.93;39.06,115.88;
#99:
>0:40.01,116.34;39.97,116.28;
#100:
>0:39.24,116.9;39.3,117.43;39.3,117.79;
#101:
>0:39.56,118.29;39.12,117.53;39.57,117.11;39.94,116.63;
#102:
>0:39.92,117.22;39.62,117.87;39.21,118.71;
#103:
>0:39.94,117.5;39.52,116.49;39.7,116.58;39.03,116.82;
#104:
>0:39.52,116.75;39.15,116.97;38.78,117.93;39.0,118.16;
#105:
>0:38.96,117.13;39.22,117.88;39.61,118.16;39.92,118.53;40.11,118.18;40.48,118.48;
#106:
>0:40.07,115.72;39.84,116.39;40.08,116.61;39.82,116.69;38.86,116.38;
#107:
>0:39.94,118.47;39.78,117.99;
#108:
>0:40.3,116.03;40.04,116.85;39.65,116.78;39.29,115.79;38.87,116.75;
#109:
>0:38.79,117.81;39.11,118.15;39.48,119.01;39.82,119.21;
#110:
>0:40.6,117.94;40.55,118.58;40.22,119.06;
#111:
>0:40.24,116.95;39.87,116.69;39.63,116.37;39.28,116.32;38.79,115.95;
#112:
>0:39.06,116.09;39.21,116.69;39.62,117.33;39.95,117.85;40.0,118.64;40.18,118.94;
#113:
>0:38.82,118.18;38.99,117.91;39.36,117.51;39.64,116.54;40.0,117.06;
#114:
>0:39.34,116.02;39.11,116.33;39.08,117.34;39.28,117.96;39.17,118.31;
#115:
>0:40.28,116.94;40.19,116.4;40.22,116.3;
#116:
>0:39.39,118.91;39.31,119.16;
#117:
>0:39.5,117.27;39.14,117.17;38.77,117.23;
#118:
>0:39.27,117.84;39.63,117.69;
#119:
>0:40.27,117.48;39.86,116.7;
#120:
>0:39.24,116.58;39.67,116.74;
#121:
>0:40.33,119.09;40.55,118.34;
#122:
>0:40.57,118.13;40.53,118.24;40.17,119.16;
#123:
>0:39.5,118.13;39.3,118.51;
#124:
>0:40.23,116.12;40.25,116.56;39.91,116.86;40.09,116.7;40.4,117.52;40.51,117.78;40.01,117.47;39.93,116.91;40.13,116.7;40.04,115.88;40.02,116.67;40.06,115.77;40.18,115.74;
#125:
>0:40.07,116.95;40.22,118.1;40.19,118.26;
#126:
>0:39.13,118.76;39.32,118.56;38.84,118.68;39.06,117.34;
#127:
>0:39.64,118.31;39.33,117.72;39.51,117.19;39.84,116.53;
#128:
>0:39.55,117.08;39.78,117.92;39.69,118.39;40.02,119.19;
#129:
>0:39.45,116.74;39.45,117.44;
#130:
>0:38.82,118.35;39.29,118.31;39.43,118.68;39.7,117.59;40.13,118.41;
#131:
>0:39.96,117.47;40.17,117.29;40.52,116.24;
#132:
>0:39.33,116.45;39.24,117.5;
#133:
>0:39.18,116.7;39.62,117.29;
#134:
>0:38.91,117.35;39.01,118.01;
#135:
>0:40.24,116.81;40.11,116.31;
#136:
>0:39.78,118.63;39.62,117.92;39.3,118.03;38.82,118.0;
#137:
>0:39.6,118.82;39.81,119.13;39.44,118.61;39.55,117.12;
#138:
>0:39.56,118.6;39.22,118.09;
#139:
>0:40.03,116.29;39.81,116.63;39.65,116.95;39.55,117.84;
#140:
>0:40.06,118.01;39.77,117.32;40.26,116.33;
#141:
>0:40.3,117.04;39.71,116.38;
#142:
>0:40.29,116.74;40.26,117.25;
#143:
>0:40.01,116.38;40.05,116.52;39.69,116.73;
#144:
>0:38.93,117.17;39.12,117.69;39.41,118.48;39.72,118.51;40.12,118.53;40.5,118.49;
#145:
>0:38.89,117.82;39.21,118.73;39.61,119.25;39.72,119.14;
#146:
>0:40.07,116.02;39.83,116.56;39.62,117.02;39.46,117.73;39.59,118.2;39.47,118.83;
#147:
>0:39.88,117.26;39.58,116.55;39.29,116.7;
#148:
>0:39.0,118.62;39.24,117.9;39.4,117.74;39.82,117.89;39.87,118.38;40.44,117.63;
#149:
>0:40.19,115.94;40.09,116.77;39.68,116.27;39.14,116.74;38.97,116.57;
#150:
>0:40.19,116.4;40.16,116.23;39.99,116.71;
#151:
>0:38.92,115.91;39.14,116.17;39.34,116.83;39.73,116.58;
#152:
>0:40.26,117.86;39.93,118.23;39.4,118.48;
#153:
>0:40.35,116.01;40.65,117.03;40.59,117.09;
#154:
>0:39.69,117.61;39.77,118.25;40.22,119.26;
#155:
>0:38.77,118.08;38.88,117.57;
#156:
>0:38.77,115.9;39.12,116.69;39.64,117.08;39.98,117.57;40.3,118.31;
#157:
>0:38.86,119.01;39.28,118.32;39.43,118.51;39.96,118.6;40.17,118.42;40.38,118.72;
#158:
>0:39.16,117.77;38.96,118.13;38.78,118.95;
#159:
>0:38.76,116.74;39.33,116.19;39.78,116.84;39.47,116.52;39.74,116.56;40.38,117.42;
#160:
>0:39.7,117.66;40.12,117.0;40.34,116.34;
#161:
>0:39.16,117.69;38.93,117.73;39.14,119.28;
#162:
>0:39.98,116.7;39.38,117.14;39.24,117.65;38.78,117.59;
#163:
>0:39.34,117.92;39.61,117.55;
#164:
>0:40.3,115.77;39.87,116.45;39.38,117.23;39.55,117.53;
#165:
>0:40.5,118.62;40.08,117.9;40.4,118.01;40.22,117.31;40.42,116.24;
#166:
>0:40.54,118.99;40.42,118.53;40.15,118.09;39.85,117.22;40.29,116.55;40.22,116.46;
#167:
>0:40.4,119.31;40.29,119.11;39.81,118.84;39.53,119.0;39.22,118.23;
#168:
>0:38.78,117.34;39.31,117.82;39.68,118.19;39.5,119.03;
#169:
>0:40.27,116.26;40.22,116.51;
#170:
>0:40.5,118.2;40.21,117.57;39.88,117.25;39.62,116.72;39.28,115.84;39.06,116.23;
#171:
>0:38.96,117.09;39.2,117.47;39.64,117.03;39.56,116.42;40.05,115.87;
#172:
>0:40.3,116.08;40.06,116.61;39.73,116.61;39.22,116.02;
#173:
>0:40.31,115.91;40.64,117.28;
#174:
>0:40.14,116.0;40.07,116.81;40.11,117.37;
#175:
>0:40.0,116.38;40.02,116.75;
#176:
>0:39.78,118.89;39.6,118.4;39.99,118.11;
#177:
>0:40.23,116.81;39.43,116.36;40.12,116.41;
#178:
>0:40.04,118.47;40.12,119.03;39.9,119.29;39.4,118.47;38.83,117.87;
#179:
>0:40.33,118.91;40.25,119.21;39.84,118.88;39.68,118.15;39.18,118.04;39.06,117.79;
#180:
>0:40.1,116.55;40.2,116.53;
#181:
>0:40.55,117.34;40.21,117.78;39.85,118.4;39.43,118.73;39.31,118.18;
#182:
>0:39.59,116.83;39.63,117.51;
#183:
>0:40.05,116.58;40.19,116.39;
#184:
>0:39.18,116.09;39.2,116.53;39.14,117.22;39.15,117.99;39.24,118.65;
#185:
>0:38.81,115.97;39.37,116.89;39.47,117.44;39.91,117.89;39.71,118.44;
#186:
>0:40.04,116.67;40.22,116.86;
#187:
>0:40.19,118.27;40.41,117.78;40.53,117.12;
#188:
>0:40.26,116.36;40.02,116.85;
#189:
>0:39.3,116.35;39.68,117.03;39.8,117.83;40.26,118.28;
#190:
>0:39.66,117.26;39.56,116.81;40.02,116.1;
#191:
>0:39.93,118.36;40.24,118.2;40.39,118.03;39.94,116.49;
#192:
>0:40.37,119.0;40.02,119.18;39.7,118.96;39.5,118.29;39.19,117.89;38.99,117.11;
#193:
>0:40.49,117.54;40.23,117.33;
#194:
>0:39.88,117.75;40.0,117.68;39.84,116.98;40.01,116.56;
#195:
>0:40.58,119.04;40.53,118.67;39.81,118.14;
#196:
>0:40.26,116.07;39.75,116.74;39.98,117.16;39.98,118.06;40.21,118.47;39.8,119.17;
#197:
>0:40.39,116.01;40.3,116.74;40.08,116.96;40.31,117.89;
#198:
>0:40.52,117.68;40.23,117.99;
#199:
>0:40.78,116.88;40.15,116.38;40.03,117.41;39.86,118.7;
#200:
>0:39.01,117.46;39.12,118.12;39.57,118.6;39.85,118.31;40.26,118.38;40.56,118.29;
#201:
>0:39.85,117.49;39.39,116.77;39.88,116.41;38.81,116.56;
#202:
>0:40.58,117.05;40.18,116.25;
#203:
>0:39.05,118.48;39.01,117.62;38.95,116.94;39.06,116.79;38.84,116.05;
#204:
>0:39.68,118.65;39.29,117.73;38.95,118.01;39.21,116.83;
#205:
>0:39.73,117.88;40.17,117.52;40.45,117.14;
#206:
>0:39.68,118.29;39.35,117.63;39.66,117.31;39.87,116.58;
#207:
>0:38.93,118.48;39.21,117.61;39.65,117.68;39.81,117.92;40.12,117.56;
#208:
>0:39.09,118.33;39.37,117.7;39.38,117.29;39.62,116.33;40.22,116.28;
#209:
>0:40.1,118.8;39.99,118.75;39.6,118.59;39.19,118.1;39.03,118.84;
#210:
>0:38.94,116.21;39.19,115.76;39.21,116.45;39.86,116.72;
#211:
>0:40.53,117.08;40.19,117.31;39.7,117.26;39.66,116.44;39.9,116.63;38.83,116.42;
#212:
>0:39.2,117.98;39.54,117.62;39.88,117.67;39.77,118.34;40.57,117.86;
#213:
>0:39.56,116.62;39.35,117.13;38.84,117.59;39.27,118.59;38.9,119.11;
#214:
>0:39.95,117.95;39.92,117.56;
#215:
>0:39.5,117.11;39.62,116.77;39.83,116.43;40.44,116.98;
#216:
>0:39.98,117.66;40.27,117.82;40.26,116.52;
#217:
>0:39.25,118.7;38.85,119.3;
#218:
>0:40.22,115.75;40.07,116.39;39.78,117.18;
#219:
>0:38.82,116.03;39.1,116.91;39.34,117.41;39.14,117.6;38.94,117.7;39.34,119.1;
