#0:
>0:39.12,116.59;39.64,117.49;
#1:
>0:39.82,118.19;39.66,118.71;
#2:
>0:40.39,116.35;40.44,116.46;
#3:
>0:39.83,116.58;39.81,116.81;
#4:
>0:39.67,118.46;39.26,118.4;
#5:
>0:39.77,115.92;40.11,116.04;39.73,116.08;39.69,116.07;
#6:
>0:39.2,118.62;39.07,119.17;
#7:
>0:39.81,116.19;39.8,116.08;
#8:
>0:39.52,118.32;39.07,118.51;
#9:
>0:39.76,116.33;39.86,116.78;
#10:
>0:39.5,115.91;39.69,116.49;40.23,117.28;39.94,117.54;39.72,118.51;40.17,118.94;
#11:
>0:39.83,116.24;39.99,116.86;39.96,116.03;
#12:
>0:39.81,116.28;39.78,116.41;39.77,115.92;40.06,116.51;39.73,116.22;
#13:
>0:40.07,118.97;40.44,118.43;40.54,117.61;40.34,117.5;40.38,116.76;
#14:
>0:40.08,117.21;39.85,117.16;39.48,117.26;
#15:
>0:39.96,115.81;39.79,116.92;39.96,116.14;39.79,116.77;39.81,115.94;
#16:
>0:39.71,115.79;39.69,115.91;
#17:
>0:39.05,118.1;39.1,117.28;39.25,116.53;
#18:
>0:39.97,115.91;40.25,116.87;39.86,115.73;
#19:
>0:40.12,116.61;40.56,116.92;
#20:
>0:39.74,116.04;40.08,116.15;39.78,115.99;39.92,116.14;
#21:
>0:39.84,115.76;39.86,116.38;40.14,115.76;
#22:
>0:39.7,116.22;40.03,116.1;39.95,115.77;39.85,116.49;39.98,116.2;
#23:
>0:40.0,119.05;40.38,118.7;40.31,117.88;40.48,117.07;40.55,116.42;
#24:
>0:40.27,116.24;39.78,116.29;39.73,116.55;39.88,116.09;39.54,116.9;39.87,116.48;40.16,116.2;
#25:
>0:39.99,115.97;39.76,115.77;
#26:
>0:40.06,116.4;39.95,117.12;39.42,117.98;39.26,118.19;38.87,119.19;
#27:
>0:40.47,116.75;40.13,116.4;40.43,117.88;
#28:
>0:39.99,116.16;39.76,116.41;39.88,116.15;39.9,116.15;
#29:
>0:39.87,115.82;40.1,115.89;39.72,115.85;
#30:
>0:39.74,115.84;40.06,116.0;40.02,116.43;39.89,115.99;39.77,116.74;40.1,116.37;39.88,116.79;39.9,115.79;39.79,116.54;39.71,115.77;39.85,116.92;40.3,116.38;40.29,115.77;
#31:
>0:39.94,115.89;40.29,116.05;39.7,115.99;39.85,116.22;
#32:
>0:39.69,115.92;40.19,116.62;39.82,115.76;
#33:
>0:38.96,116.31;39.29,115.72;39.5,116.17;
#34:
>0:38.96,118.17;38.85,117.66;39.33,117.78;39.59,117.8;40.06,117.86;
#35:
>0:39.8,115.83;39.71,116.65;39.7,116.31;39.82,116.09;
#36:
>0:40.48,117.8;40.13,117.45;39.72,116.75;39.91,115.92;
#37:
>0:39.72,116.31;40.15,116.58;39.9,116.29;
#38:
>0:39.75,116.25;39.87,116.63;39.75,115.98;39.71,116.22;
#39:
>0:40.34,116.35;40.56,116.4;
#40:
>0:39.91,115.78;40.09,115.76;
#41:
>0:39.72,115.85;39.93,116.47;40.28,115.76;39.89,116.18;39.89,115.99;
#42:
>0:39.63,117.14;39.59,117.58;
#43:
>0:39.7,116.17;39.79,116.54;39.86,115.8;
#44:
>0:39.97,118.93;39.53,118.75;39.84,119.0;
#45:
>0:39.79,116.08;39.83,115.77;
#46:
>0:40.16,116.75;39.72,116.93;39.55,117.82;39.99,118.52;39.56,119.1;
#47:
>0:39.41,115.8;39.19,116.65;38.91,117.39;38.9,117.98;39.08,117.54;39.27,119.09;
#48:
>0:40.1,118.23;40.14,117.84;
#49:
>0:39.81,115.88;39.71,116.65;39.79,115.99;40.11,116.17;39.96,115.95;40.13,116.12;39.84,116.85;40.01,116.49;40.09,115.75;40.53,116.08;40.22,115.8;40.0,116.41;40.22,116.39;
#50:
>0:39.81,115.96;39.87,116.29;
#51:
>0:39.08,116.08;39.37,116.53;39.0,117.51;38.82,118.1;39.05,118.27;
#52:
>0:40.23,118.55;39.9,117.72;39.64,117.47;39.11,116.55;
#53:
>0:40.12,118.08;40.51,117.22;40.58,116.46;
#54:
>0:39.13,116.87;39.57,117.31;39.8,116.07;
#55:
>0:39.79,116.09;40.15,115.92;39.91,116.0;39.99,116.02;
#56:
>0:39.99,116.2;40.14,116.11;39.81,116.01;40.19,116.14;40.1,116.17;
#57:
>0:39.99,115.98;40.15,115.73;39.93,116.31;39.73,115.74;
#58:
>0:40.37,119.13;40.03,118.7;39.76,117.92;39.75,118.31;39.24,118.61;
#59:
>0:40.15,118.62;40.49,117.86;40.39,117.1;40.4,116.68;
#60:
>0:39.13,116.17;38.8,116.72;39.16,116.45;39.0,117.7;
#61:
>0:38.87,117.54;39.22,117.89;39.62,117.6;39.85,118.16;40.08,118.05;
#62:
>0:39.85,115.94;39.39,116.49;39.91,116.01;
#63:
>0:39.03,117.32;39.25,117.26;39.43,116.75;39.76,115.86;40.03,116.94;
#64:
>0:39.78,115.75;39.73,116.33;39.96,116.26;
#65:
>0:40.2,118.99;39.7,119.23;39.57,118.92;39.16,118.91;
#66:
>0:40.61,118.53;40.12,118.18;39.99,118.44;39.51,118.61;
#67:
>0:40.02,117.37;39.78,117.78;39.4,117.69;39.13,117.64;
#68:
>0:39.98,116.18;39.82,116.61;39.78,115.73;39.82,116.47;40.21,116.35;40.06,116.86;
#69:
>0:39.93,116.76;40.09,116.73;39.73,117.33;40.58,118.14;
#70:
>0:40.08,116.45;40.48,116.89;
#71:
>0:40.02,118.05;39.97,117.18;39.85,116.41;39.81,115.83;
#72:
>0:39.74,119.27;39.41,119.31;39.36,118.51;
#73:
>0:39.13,118.26;39.29,118.55;
#74:
>0:39.75,116.33;39.83,116.71;
#75:
>0:40.43,116.38;40.29,116.84;39.87,116.87;40.1,116.58;40.04,115.78;39.91,116.46;
#76:
>0:40.22,116.55;40.5,116.64;39.97,116.24;
#77:
>0:39.41,116.27;39.19,116.08;38.87,116.25;
#78:
>0:39.96,116.19;39.77,116.06;
#79:
>0:39.78,116.05;39.89,116.11;
#80:
>0:39.75,116.05;39.7,116.36;39.95,116.08;
#81:
>0:39.98,116.31;39.81,116.68;39.85,116.28;
#82:
>0:39.75,115.9;39.5,116.65;39.7,115.86;
#83:
>0:40.27,116.66;39.8,116.88;39.76,116.3;39.94,116.85;39.87,116.37;
#84:
>0:39.97,116.08;40.17,116.26;39.77,115.72;39.74,116.34;39.83,115.93;39.94,116.52;39.94,115.95;39.8,116.72;40.3,116.08;39.97,115.85;40.2,116.5;
#85:
>0:40.28,118.37;39.84,117.86;39.49,117.39;39.34,116.91;
#86:
>0:40.08,115.85;40.27,116.51;39.81,116.67;40.14,116.49;40.44,116.54;40.51,117.5;40.2,116.43;39.82,116.4;39.78,115.88;39.74,116.42;39.99,115.98;40.15,116.06;39.88,116.13;40.05,115.74;39.97,115.79;39.93,116.81;39.75,115.85;39.95,116.92;40.21,115.84;
#87:
>0:38.9,117.59;38.99,118.46;38.99,119.24;
#88:
>0:40.23,118.84;40.37,118.24;40.36,118.03;
#89:
>0:39.91,115.98;39.75,116.78;39.77,116.08;39.86,115.91;
#90:
>0:39.56,117.42;39.76,116.74;40.11,116.6;40.42,117.05;
#91:
>0:39.51,118.7;39.9,117.74;39.62,117.35;39.12,116.98;39.98,116.07;
#92:
>0:39.86,115.72;40.29,115.72;39.89,116.22;39.86,116.17;
#93:
>0:39.96,116.13;39.69,116.18;
#94:
>0:39.83,115.87;39.77,116.63;39.71,116.03;39.79,116.14;
#95:
>0:39.71,116.11;40.25,116.11;39.78,115.74;
#96:
>0:39.32,118.37;38.82,118.29;38.85,117.4;
#97:
>0:39.96,116.15;39.96,115.95;
#98:
>0:40.14,119.1;39.82,119.07;39.42,119.33;39.16,119.17;
#99:
>0:40.02,118.95;39.89,118.61;39.4,118.09;39.23,117.3;39.05,116.74;
#100:
>0:39.71,116.3;39.87,115.74;
#101:
>0:38.83,118.64;39.13,117.82;39.66,117.35;39.8,116.37;39.81,116.3;40.53,115.78;
#102:
>0:39.22,115.82;39.26,116.43;39.38,116.6;39.85,116.6;40.55,117.71;
#103:
>0:39.15,118.85;39.65,118.64;39.87,117.59;40.04,117.12;40.42,117.27;
#104:
>0:39.91,115.74;39.7,115.98;
#105:
>0:39.72,117.63;39.67,117.1;39.17,117.51;
#106:
>0:39.02,117.17;39.22,117.18;39.66,116.42;39.7,116.64;40.24,117.22;
#107:
>0:39.77,116.17;39.82,116.61;39.97,116.22;39.46,116.33;39.7,115.99;39.82,116.51;40.04,116.61;40.24,116.04;39.85,116.24;40.15,116.05;39.75,116.11;39.79,116.81;40.05,116.81;
#108:
>0:39.71,115.83;39.8,116.41;39.8,116.23;
#109:
>0:39.79,115.91;40.1,116.57;39.89,115.88;
#110:
>0:39.73,117.61;40.24,117.32;40.43,116.68;
#111:
>0:38.86,116.0;39.33,116.12;39.53,116.01;
#112:
>0:39.98,116.19;40.18,115.75;39.81,116.29;39.86,116.03;
#113:
>0:39.96,115.89;39.58,116.9;39.96,116.78;39.74,116.15;39.72,115.8;
#114:
>0:39.94,116.09;40.11,116.48;39.88,115.77;
#115:
>0:39.9,116.1;39.98,116.54;39.74,115.82;
#116:
>0:39.72,119.27;39.8,118.4;39.85,117.74;
#117:
>0:39.82,115.85;40.08,115.72;39.79,115.8;40.19,116.0;40.29,115.74;
#118:
>0:38.91,117.38;39.11,116.5;
#119:
>0:40.26,116.03;39.88,116.19;39.84,117.21;
#120:
>0:39.93,115.84;40.01,115.8;39.98,116.07;39.9,116.09;
#121:
>0:39.99,115.83;40.22,116.31;39.91,115.98;
#122:
>0:40.32,118.5;40.29,117.84;39.71,117.88;39.63,117.56;39.36,117.92;
#123:
>0:40.04,116.32;40.18,116.23;40.52,116.15;40.1,116.27;39.92,116.9;
#124:
>0:39.95,115.78;40.21,115.91;40.47,116.05;39.93,116.21;
#125:
>0:39.92,115.85;39.76,116.59;39.77,115.78;
#126:
>0:38.93,119.13;38.81,118.15;38.85,117.81;38.79,117.09;39.03,116.4;38.87,115.75;
#127:
>0:39.84,115.86;39.86,115.92;
#128:
>0:40.08,118.84;40.38,118.47;40.32,117.91;40.35,117.1;40.37,116.75;
#129:
>0:40.33,118.96;40.16,119.2;39.94,118.74;39.73,118.37;39.41,117.63;38.91,119.22;
#130:
>0:39.76,115.82;39.79,116.0;
#131:
>0:39.76,116.2;40.3,115.93;39.89,116.07;
#132:
>0:38.79,118.29;39.34,118.31;39.6,119.33;39.98,119.28;40.17,118.89;40.42,118.98;
#133:
>0:39.29,118.41;39.12,119.2;
#134:
>0:39.04,117.01;39.11,117.47;39.52,117.03;
#135:
>0:39.84,115.77;39.89,116.03;
#136:
>0:39.04,116.93;38.88,117.82;39.28,117.61;39.66,118.09;40.16,117.53;
#137:
>0:39.8,115.78;39.9,116.05;
#138:
>0:40.18,115.88;40.29,116.78;40.32,116.46;40.26,115.84;40.54,115.77;40.14,115.81;40.07,115.77;
#139:
>0:39.96,116.27;39.84,116.12;
#140:
>0:40.52,118.1;40.12,118.5;39.87,117.91;39.43,116.99;39.37,116.55;
#141:
>0:39.86,115.97;39.79,116.03;
#142:
>0:39.74,115.86;39.87,115.83;
#143:
>0:39.9,116.18;40.09,116.19;40.0,116.44;39.81,116.74;39.85,116.05;
#144:
>0:39.81,116.21;39.93,116.36;40.25,116.19;39.77,115.74;39.75,115.84;
#145:
>0:39.96,116.28;40.09,116.47;39.88,116.22;
#146:
>0:39.84,116.22;39.78,116.69;39.74,115.79;39.97,115.79;
#147:
>0:39.81,115.87;40.11,115.73;39.92,115.86;40.11,116.19;39.94,115.86;39.91,116.57;39.79,116.03;40.15,115.93;39.75,116.16;39.83,116.48;40.28,116.92;
#148:
>0:40.17,116.93;40.02,116.99;
#149:
>0:39.33,118.77;38.81,118.35;39.33,117.86;
#150:
>0:39.7,118.4;40.15,118.65;39.76,117.6;40.29,117.14;39.78,116.02;
#151:
>0:40.18,118.06;39.95,117.47;39.58,116.32;
#152:
>0:40.23,118.04;39.86,117.34;39.64,116.44;
#153:
>0:40.47,116.59;40.54,116.6;
#154:
>0:39.75,115.94;40.23,116.76;40.05,115.79;39.84,116.08;39.79,116.2;
#155:
>0:40.08,118.68;40.28,117.54;
#156:
>0:39.76,116.24;39.75,116.46;39.74,116.07;39.7,116.79;39.96,116.15;39.75,116.42;39.76,115.74;39.79,116.62;40.11,115.87;
#157:
>0:39.89,118.59;39.48,118.25;
#158:
>0:40.51,116.34;40.32,116.74;
#159:
>0:39.79,117.59;39.38,118.11;39.07,118.85;
#160:
>0:39.77,116.13;39.68,116.54;39.7,116.27;
#161:
>0:40.38,117.29;40.13,116.43;40.19,116.07;39.63,115.74;
#162:
>0:38.91,119.07;39.14,118.13;39.57,119.29;39.71,119.2;40.2,118.78;40.34,119.09;
#163:
>0:39.24,117.44;39.57,116.41;39.39,116.01;
#164:
>0:39.97,116.29;39.96,115.91;
#165:
>0:39.96,116.22;39.79,116.14;
#166:
>0:39.96,116.31;40.12,115.82;39.71,117.38;
#167:
>0:39.88,116.95;40.25,116.71;40.5,116.15;
#168:
>0:39.64,118.17;39.69,118.08;39.59,117.1;39.44,116.9;39.79,115.97;
#169:
>0:38.78,116.81;39.19,116.52;39.57,116.68;39.69,117.31;
#170:
>0:39.9,116.3;39.75,116.44;39.7,116.28;
#171:
>0:39.81,116.22;39.85,116.83;39.86,116.08;
#172:
>0:39.9,116.25;39.93,116.62;39.94,116.1;39.9,116.09;
#173:
>0:39.92,116.24;39.76,116.15;
#174:
>0:39.35,119.08;39.68,119.26;39.82,118.76;40.18,119.0;40.4,119.23;
#175:
>0:38.84,117.36;38.94,118.02;
#176:
>0:39.84,116.03;39.7,115.83;
#177:
>0:39.9,116.45;39.74,115.99;39.22,116.15;
#178:
>0:38.96,115.77;39.08,116.17;39.19,116.49;39.89,116.09;
#179:
>0:39.4,116.15;39.93,116.83;40.29,117.36;39.96,117.82;39.76,118.19;40.25,119.33;
#180:
>0:39.16,118.55;39.2,118.2;
#181:
>0:39.83,116.02;39.7,116.09;
#182:
>0:39.8,115.84;39.79,116.76;39.87,115.82;40.13,115.75;39.8,116.22;39.86,115.84;
#183:
>0:39.84,116.9;40.25,117.5;39.71,117.62;39.73,118.28;
#184:
>0:39.8,116.29;40.0,116.17;39.89,116.22;39.74,115.85;
#185:
>0:39.49,117.7;39.07,118.59;39.87,119.14;
#186:
>0:39.79,115.92;40.28,116.29;39.83,115.74;39.91,115.98;
#187:
>0:40.28,119.09;39.87,118.19;39.83,117.59;
#188:
>0:39.8,116.18;39.93,116.61;39.95,117.37;39.97,117.76;39.44,117.92;39.76,118.79;
#189:
>0:39.84,119.26;39.43,118.99;39.33,118.43;38.95,117.97;
#190:
>0:39.94,115.76;39.99,116.03;
#191:
>0:39.71,116.0;40.12,115.89;39.92,115.96;39.82,115.86;
#192:
>0:39.87,116.64;39.95,117.05;39.84,117.8;39.62,117.85;39.73,119.31;
#193:
>0:39.01,117.31;39.38,116.72;
#194:
>0:40.03,119.18;39.85,119.23;39.6,119.2;39.19,117.78;
#195:
>0:39.86,115.75;40.16,116.28;39.75,115.77;
#196:
>0:39.94,116.09;40.29,116.18;40.56,115.82;40.08,116.09;40.11,115.95;
#197:
>0:39.53,116.36;39.66,117.02;39.93,118.03;39.88,118.61;39.45,118.88;
#198:
>0:39.99,116.26;39.72,115.84;
#199:
>0:39.8,116.25;39.73,116.48;39.83,115.73;
#200:
>0:39.78,115.93;39.61,116.0;39.84,115.97;
#201:
>0:39.11,117.61;39.4,117.04;39.73,117.14;
#202:
>0:39.99,116.18;39.9,115.79;
#203:
>0:40.27,116.09;39.98,115.95;39.81,117.41;
#204:
>0:39.75,115.88;39.96,115.87;
#205:
>0:39.96,115.74;39.88,115.76;
#206:
>0:39.91,115.9;40.18,116.28;40.49,115.81;39.93,115.87;
#207:
>0:39.23,115.9;39.27,116.36;39.51,117.41;39.87,117.12;40.5,117.69;
#208:
>0:40.54,116.8;40.34,116.89;
#209:
>0:39.73,115.86;39.94,116.67;39.82,116.32;
#210:
>0:39.33,116.32;38.97,115.84;
#211:
>0:39.98,115.98;39.53,116.91;39.96,115.91;
#212:
>0:39.53,116.53;39.82,116.41;39.97,117.3;40.02,117.93;40.35,119.32;
#213:
>0:39.8,116.17;39.98,116.08;
#214:
>0:39.96,115.98;39.91,116.39;39.86,115.74;39.98,116.18;
#215:
>0:39.1,115.98;39.32,116.56;38.8,117.22;39.03,117.67;39.03,118.42;
#216:
>0:39.61,117.22;39.59,116.65;39.71,116.0;40.5,116.82;
#217:
>0:39.83,116.26;40.3,116.27;39.78,116.27;39.84,116.61;39.87,116.26;40.02,115.8;39.7,115.96;39.85,116.45;39.76,116.2;40.21,115.97;40.22,116.33;40.13,115.79;40.2,116.87;
#218:
>0:39.74,119.15;39.53,118.74;39.07,118.96;38.8,117.75;
#219:
>0:39.94,115.81;39.57,116.33;39.69,115.79;39.71,116.25;
