#0:
>0:39.68,118.82;39.27,118.86;
#1:
>0:39.36,116.95;39.67,117.42;39.58,115.83;
#2:
>0:39.65,116.84;39.79,116.46;40.01,116.46;
#3:
>0:40.12,117.04;39.93,116.88;39.48,117.07;39.09,117.37;
#4:
>0:39.81,117.59;39.7,118.39;
#5:
>0:40.55,118.68;40.1,117.98;40.08,117.27;39.5,116.71;
#6:
>0:39.99,116.25;40.12,116.44;
#7:
>0:40.3,117.66;40.17,117.06;39.42,117.16;
#8:
>0:40.37,118.1;40.22,118.72;39.9,118.2;39.61,117.92;39.18,117.11;38.76,117.45;
#9:
>0:39.68,116.29;39.8,116.85;40.04,116.42;40.4,116.04;
#10:
>0:39.53,117.22;39.51,118.06;
#11:
>0:38.76,116.44;39.32,117.07;39.58,118.04;39.54,118.45;
#12:
>0:40.34,116.37;40.45,116.47;
#13:
>0:39.26,118.3;39.41,117.73;39.8,117.02;
#14:
>0:38.91,115.76;38.91,116.76;39.13,117.11;39.82,117.32;
#15:
>0:40.31,116.28;40.13,116.39;39.84,117.41;39.96,117.61;
#16:
>0:40.17,117.92;40.16,118.55;39.98,118.68;39.51,118.89;38.97,117.59;
#17:
>0:38.86,117.23;39.06,116.89;39.64,116.81;
#18:
>0:38.93,116.98;38.94,117.68;38.83,118.25;38.92,119.33;
#19:
>0:40.52,119.19;40.53,118.35;40.49,117.62;40.43,117.09;40.44,116.72;
#20:
>0:38.77,119.15;39.19,118.52;39.42,117.65;39.79,118.49;39.76,119.09;40.34,118.54;
#21:
>0:39.02,119.33;39.23,118.22;39.49,117.99;39.17,117.36;39.62,116.43;40.08,115.87;
#22:
>0:40.23,119.32;39.96,118.35;39.57,117.55;39.2,117.07;38.91,117.05;
#23:
>0:40.23,117.14;40.09,118.06;39.7,118.6;
#24:
>0:40.16,117.22;39.77,116.69;39.46,117.32;39.51,117.58;39.02,117.89;
#25:
>0:39.56,117.72;39.78,117.77;40.17,116.49;
#26:
>0:38.93,116.87;39.2,117.12;39.59,117.35;39.76,116.93;40.17,116.99;40.59,117.36;
#27:
>0:39.87,116.32;39.68,116.02;
#28:
>0:40.21,116.33;40.09,116.57;
#29:
>0:39.28,119.03;39.66,118.77;39.9,119.19;40.18,118.23;40.54,118.92;
#30:
>0:40.53,117.4;40.19,117.94;39.78,117.65;39.51,118.04;39.29,118.09;
#31:
>0:39.39,117.18;39.6,117.16;
#32:
>0:39.15,116.71;39.21,117.37;39.44,117.15;39.44,117.84;39.57,118.88;
#33:
>0:39.92,116.77;40.22,116.69;
#34:
>0:40.04,117.49;40.25,117.98;40.0,118.38;39.89,119.29;
#35:
>0:40.15,116.58;40.16,116.41;40.01,117.06;40.21,117.68;40.5,118.05;40.04,119.32;
#36:
>0:39.73,117.65;39.81,118.26;
#37:
>0:39.0,116.74;39.2,117.25;
#38:
>0:39.13,116.29;38.99,116.91;38.84,117.43;
#39:
>0:40.42,116.46;40.15,117.1;39.88,118.07;39.86,118.47;39.36,118.21;
#40:
>0:40.01,116.22;39.86,116.52;39.57,116.51;40.15,116.18;40.05,116.21;
#41:
>0:40.17,116.06;40.51,116.88;40.34,117.16;40.55,117.94;
#42:
>0:40.33,118.91;40.09,118.7;39.9,118.32;39.46,117.82;39.47,116.44;
#43:
>0:39.34,115.74;39.61,116.07;39.95,116.7;
#44:
>0:40.07,117.31;40.01,117.74;39.94,118.19;
#45:
>0:38.95,116.79;39.14,117.41;39.27,117.72;
#46:
>0:39.45,118.21;39.52,118.5;
#47:
>0:38.96,119.33;39.23,118.23;39.63,117.6;39.96,117.59;40.19,117.83;
#48:
>0:39.57,118.67;39.88,118.06;40.13,117.38;40.6,117.18;
#49:
>0:40.12,116.77;39.95,116.63;
#50:
>0:38.88,115.92;39.16,116.92;
#51:
>0:38.96,117.17;38.94,118.06;38.86,118.44;39.04,119.02;
#52:
>0:39.29,117.56;39.39,118.34;39.57,118.99;
#53:
>0:40.27,116.9;40.22,117.21;40.56,117.89;
#54:
>0:40.03,117.09;40.21,118.06;40.49,118.55;
#55:
>0:39.5,119.21;39.34,118.32;39.38,117.67;39.12,117.05;39.6,117.17;39.65,116.29;
#56:
>0:39.1,118.43;39.68,117.89;39.8,117.63;39.72,118.61;40.51,118.54;
#57:
>0:40.13,119.32;39.96,118.44;39.61,117.57;
#58:
>0:38.87,115.99;38.81,116.61;39.36,117.26;39.98,117.07;
#59:
>0:39.41,118.43;39.84,118.98;
#60:
>0:38.82,118.18;39.22,117.94;39.13,117.08;39.57,116.51;40.04,117.59;
#61:
>0:40.47,118.01;40.12,118.36;39.82,118.4;39.39,117.99;39.35,116.33;
#62:
>0:40.54,117.47;40.51,118.07;40.2,118.64;40.54,119.07;
#63:
>0:38.87,115.91;39.1,116.61;39.41,117.49;39.41,117.55;39.63,118.63;
#64:
>0:39.98,116.27;39.53,115.75;40.15,116.23;
#65:
>0:40.57,117.82;40.07,118.49;39.89,118.57;39.64,117.79;39.36,116.5;
#66:
>0:40.17,116.45;39.69,116.87;40.06,116.58;
#67:
>0:40.48,116.07;40.01,116.46;39.85,117.07;40.01,117.74;
#68:
>0:38.87,115.86;38.85,116.54;39.54,117.18;
#69:
>0:39.03,116.6;39.12,116.98;39.14,118.1;39.37,118.27;
#70:
>0:40.47,116.15;40.18,116.44;39.91,117.4;39.46,116.7;39.14,116.49;
#71:
>0:39.62,117.59;39.81,117.7;40.06,117.17;40.22,116.41;
#72:
>0:40.06,116.89;39.78,117.05;39.66,116.24;
#73:
>0:39.1,118.0;39.11,117.28;39.23,116.52;
#74:
>0:39.75,118.43;39.66,118.1;39.3,117.02;39.31,116.5;
#75:
>0:40.19,116.45;39.88,117.02;39.68,117.19;39.33,117.33;
#76:
>0:39.88,117.33;40.18,116.5;
#77:
>0:39.33,117.36;39.47,117.47;39.98,118.32;
#78:
>0:40.31,118.25;40.07,119.12;39.93,118.71;39.61,117.57;39.36,116.5;
#79:
>0:39.0,117.85;39.24,117.13;39.68,116.71;
#80:
>0:39.24,117.4;39.35,116.9;
#81:
>0:40.02,116.73;39.97,116.75;
#82:
>0:40.39,119.09;40.08,118.44;39.84,118.42;39.82,118.75;39.59,118.44;38.86,118.31;
#83:
>0:39.1,116.69;39.25,117.08;39.62,116.97;39.76,117.84;39.55,118.83;
#84:
>0:40.48,116.44;40.15,116.45;40.02,116.24;39.55,116.1;39.12,116.92;
#85:
>0:40.32,117.98;40.03,117.82;40.08,117.08;39.59,117.06;
#86:
>0:39.94,116.69;39.68,116.42;39.44,118.1;
#87:
>0:39.1,118.63;39.68,117.64;39.91,117.62;40.22,116.39;
#88:
>0:40.22,116.51;40.21,116.18;
#89:
>0:40.48,119.09;40.28,118.43;39.92,118.31;39.38,117.33;
#90:
>0:38.9,118.58;39.32,117.55;39.51,118.13;
#91:
>0:39.33,118.3;39.51,117.66;39.75,117.69;40.2,116.93;
#92:
>0:39.95,116.81;39.63,117.48;39.5,117.81;38.82,116.44;
#93:
>0:40.34,118.98;40.48,118.21;40.45,118.09;40.43,117.12;40.39,116.42;
#94:
>0:40.02,116.6;39.83,116.95;39.44,117.5;39.56,117.92;39.44,118.9;
#95:
>0:39.57,118.07;39.83,118.51;40.03,119.2;
#96:
>0:39.22,118.17;39.47,117.82;39.85,117.0;
#97:
>0:38.88,118.21;39.31,118.02;38.89,117.58;39.58,116.8;
#98:
>0:39.93,116.77;39.85,116.7;39.44,116.36;39.76,116.38;40.22,116.52;40.09,116.69;
#99:
>0:39.07,117.52;38.97,116.42;39.35,117.36;39.6,116.56;39.83,117.49;40.32,115.89;
#100:
>0:40.06,118.15;40.17,118.93;
#101:
>0:39.37,118.04;38.79,117.7;39.44,116.92;
#102:
>0:40.36,117.07;40.17,117.71;39.69,118.35;39.69,118.85;39.14,118.93;
#103:
>0:38.82,117.21;39.14,117.99;39.59,117.69;
#104:
>0:40.37,117.92;40.04,118.0;40.29,117.24;39.67,117.15;
#105:
>0:38.79,118.65;39.17,117.94;39.17,118.19;39.49,118.02;39.93,118.34;40.57,118.48;
#106:
>0:38.82,116.5;39.24,117.4;39.64,116.94;39.8,118.52;
#107:
>0:40.05,116.67;40.08,116.84;40.13,117.52;39.94,116.49;39.45,117.45;39.17,116.41;39.17,117.26;39.43,117.02;39.15,116.78;39.27,117.25;38.93,116.78;38.94,117.17;39.22,117.73;38.89,117.92;39.33,117.15;39.38,117.27;39.18,116.77;38.78,116.09;38.81,116.35;39.17,117.28;39.67,117.2;39.52,117.76;39.08,117.27;39.52,116.97;39.2,116.42;39.6,116.2;39.83,116.41;40.06,116.24;
#108:
>0:39.67,116.82;39.09,117.52;
#109:
>0:39.94,117.38;39.51,117.57;39.07,118.39;38.93,119.26;
#110:
>0:40.29,117.39;39.82,117.58;40.1,118.5;39.98,118.8;
#111:
>0:40.35,117.83;40.2,118.16;39.72,118.34;39.44,118.36;
#112:
>0:39.13,117.79;39.67,117.17;
#113:
>0:39.88,116.51;39.91,116.72;39.42,116.76;40.29,116.12;
#114:
>0:40.17,116.13;40.22,116.24;39.99,116.75;40.14,116.09;
#115:
>0:38.92,116.87;39.18,117.45;39.61,116.34;40.08,116.22;40.13,116.7;
#116:
>0:39.21,116.4;39.1,116.47;
#117:
>0:40.33,118.3;40.26,118.76;39.82,118.45;39.88,118.86;39.57,118.44;39.0,117.6;
#118:
>0:40.03,116.71;39.95,116.41;39.46,117.17;39.41,117.67;39.24,117.29;39.68,117.02;39.43,117.56;39.82,118.33;40.3,118.61;40.56,118.69;40.24,119.24;39.86,118.37;40.25,118.54;40.01,118.96;39.77,118.24;40.05,118.4;40.24,118.75;39.78,118.71;39.6,117.77;39.1,117.28;38.8,116.37;39.34,117.02;39.55,116.75;39.88,116.6;39.95,116.68;39.92,116.64;40.02,116.57;40.3,116.08;40.5,116.51;40.18,116.57;40.15,116.42;40.04,116.09;40.14,116.5;39.91,116.47;40.04,115.79;
#119:
>0:40.19,117.4;40.05,117.87;40.17,118.55;
#120:
>0:40.57,119.26;40.19,118.21;39.88,118.59;39.61,118.06;39.22,117.44;39.66,116.09;
#121:
>0:40.37,118.72;40.15,117.79;40.13,117.08;39.5,116.45;
#122:
>0:39.79,116.38;39.65,117.35;39.63,117.72;40.17,118.13;
#123:
>0:39.94,116.68;39.95,116.22;
#124:
>0:39.98,117.42;39.43,117.95;
#125:
>0:39.05,117.09;38.83,117.69;38.96,118.26;39.04,119.02;
#126:
>0:39.42,116.36;39.3,116.4;38.82,116.36;
#127:
>0:39.09,118.44;39.52,118.02;39.86,118.54;39.97,119.32;40.53,118.67;
#128:
>0:39.23,118.12;39.07,117.08;
#129:
>0:38.95,117.11;38.93,117.59;38.81,118.2;38.86,118.91;
#130:
>0:39.73,118.16;39.66,117.73;39.94,117.86;39.88,117.48;39.25,116.1;
#131:
>0:40.14,116.75;39.63,115.91;40.07,116.23;
#132:
>0:40.18,116.28;39.95,116.56;
#133:
>0:40.01,116.18;40.08,116.3;
#134:
>0:38.77,116.2;39.21,116.73;
#135:
>0:38.82,117.17;38.88,116.51;39.68,116.7;
#136:
>0:39.13,117.78;39.15,117.23;
#137:
>0:38.93,118.64;39.11,118.04;38.89,117.92;39.6,116.45;
#138:
>0:39.52,116.15;39.85,116.86;40.11,116.74;40.34,116.1;
#139:
>0:39.4,117.73;39.78,118.26;39.87,118.74;
#140:
>0:39.88,119.06;39.58,118.25;39.83,118.02;39.79,116.93;39.9,116.71;
#141:
>0:40.02,116.7;40.08,116.59;
#142:
>0:40.21,118.7;40.08,119.25;
#143:
>0:39.41,115.86;39.35,116.55;39.1,117.1;39.69,117.69;
#144:
>0:40.01,117.54;39.85,117.07;39.64,117.02;39.26,116.94;38.87,117.0;
#145:
>0:38.95,116.54;39.23,116.64;39.62,116.6;
#146:
>0:40.02,116.34;40.13,116.0;39.93,116.47;40.05,116.2;40.18,116.51;40.08,115.77;40.18,116.22;39.79,116.38;40.21,116.25;40.19,115.72;40.12,116.86;
#147:
>0:40.14,117.09;39.9,116.61;39.56,117.5;39.16,117.19;
#148:
>0:39.05,116.34;39.21,117.52;
#149:
>0:39.04,115.84;39.23,116.92;39.53,117.3;39.89,117.99;40.08,118.31;40.59,119.18;
#150:
>0:39.85,117.05;39.64,117.31;39.19,116.33;38.83,116.34;
#151:
>0:39.83,118.81;39.64,118.62;39.97,118.1;39.9,117.1;39.91,116.68;
#152:
>0:40.03,117.0;40.48,116.42;
#153:
>0:40.12,116.44;40.14,116.46;
#154:
>0:40.39,116.85;40.47,116.62;
#155:
>0:40.5,116.42;40.53,116.61;
#156:
>0:38.93,118.07;38.84,118.64;38.79,119.33;
#157:
>0:39.16,119.15;39.43,118.61;39.81,118.05;40.09,117.43;40.59,117.44;
#158:
>0:40.05,118.0;39.89,117.36;39.9,116.43;
#159:
>0:39.0,115.72;38.91,116.52;39.29,117.07;39.44,117.46;39.46,118.03;39.64,119.25;
#160:
>0:39.76,118.65;39.6,117.99;39.1,117.52;39.65,116.69;40.03,115.88;
#161:
>0:40.09,116.64;39.94,116.47;
#162:
>0:40.46,116.92;40.35,116.47;
#163:
>0:39.26,116.95;39.52,117.33;39.83,118.07;40.12,116.5;
#164:
>0:40.04,117.92;40.19,118.3;39.86,119.31;
#165:
>0:40.29,118.01;40.09,117.24;39.52,117.11;
#166:
>0:39.04,116.22;39.07,116.19;
#167:
>0:38.76,118.61;39.33,117.61;38.81,117.55;39.58,116.76;
#168:
>0:40.35,117.9;40.26,118.12;40.13,117.14;39.48,117.22;
#169:
>0:39.6,116.88;39.27,116.32;39.03,116.88;
#170:
>0:40.1,116.75;39.74,116.46;40.05,116.27;
#171:
>0:40.57,117.77;40.17,117.59;40.18,117.48;39.77,116.32;39.14,116.3;
#172:
>0:39.7,116.76;39.54,116.66;39.9,117.2;40.26,118.3;
#173:
>0:39.34,115.97;39.18,116.33;39.39,117.09;
#174:
>0:39.63,117.8;39.3,118.16;
#175:
>0:38.9,116.9;39.16,117.43;39.65,116.01;
#176:
>0:39.7,118.07;40.11,118.16;40.03,118.95;
#177:
>0:39.23,116.76;39.01,117.43;
#178:
>0:40.34,116.13;40.01,116.82;39.82,117.34;39.39,117.26;39.59,118.12;38.83,117.97;
#179:
>0:39.87,116.68;39.97,116.47;40.56,116.55;
#180:
>0:40.49,115.86;40.03,116.44;40.27,117.38;40.05,117.75;40.0,118.15;39.44,118.94;
#181:
>0:38.96,118.06;39.09,118.05;
#182:
>0:40.2,116.53;40.17,117.13;40.31,118.0;
#183:
>0:39.95,116.07;40.17,116.71;
#184:
>0:39.73,118.14;39.96,118.61;
#185:
>0:39.71,117.49;39.62,118.13;
#186:
>0:39.63,118.18;39.85,117.72;40.29,117.6;39.71,116.91;
#187:
>0:39.05,116.48;38.76,117.45;38.83,117.87;
#188:
>0:39.37,116.07;39.23,116.47;39.27,117.0;
#189:
>0:39.93,116.2;39.62,115.84;40.07,116.62;
#190:
>0:39.39,117.38;39.24,116.83;39.2,115.95;
#191:
>0:40.47,116.72;40.11,116.68;40.19,117.35;39.6,117.23;
#192:
>0:39.64,118.55;39.19,118.89;
#193:
>0:39.72,118.84;39.6,118.66;39.84,117.85;39.69,117.31;39.94,116.63;
#194:
>0:39.79,118.66;39.43,117.59;
#195:
>0:39.33,117.48;39.64,117.04;39.5,117.82;40.1,117.45;
#196:
>0:40.01,116.39;39.74,116.36;39.94,116.43;
#197:
>0:38.94,119.02;39.22,118.68;39.58,117.91;39.94,117.99;40.16,116.47;
#198:
>0:39.06,118.31;38.87,118.5;
#199:
>0:40.15,116.5;39.75,116.72;39.59,116.69;40.03,118.0;
#200:
>0:40.29,118.89;39.87,118.51;39.62,117.92;39.26,117.31;38.98,117.26;
#201:
>0:39.13,116.81;39.22,116.38;
#202:
>0:39.7,119.13;39.63,118.39;39.19,118.08;39.28,117.0;39.97,116.78;
#203:
>0:39.84,117.97;39.69,118.27;
#204:
>0:40.48,117.09;40.4,117.85;40.22,118.63;40.39,119.23;
#205:
>0:40.59,117.85;40.01,118.53;40.06,118.86;39.98,118.61;39.52,118.75;38.83,118.39;
#206:
>0:38.91,118.14;38.82,119.16;
#207:
>0:39.61,117.13;39.14,116.47;39.16,115.81;
#208:
>0:39.29,117.62;39.45,118.35;39.62,118.77;
#209:
>0:39.66,116.92;39.79,117.26;40.09,118.07;40.28,118.2;40.38,118.84;
#210:
>0:40.13,116.51;40.04,116.1;
#211:
>0:40.55,117.96;40.42,118.47;40.15,119.3;39.71,118.33;39.64,118.95;38.82,118.45;
#212:
>0:39.96,116.38;39.54,117.18;39.33,117.8;38.92,118.5;
#213:
>0:39.55,117.33;39.37,116.45;38.99,117.69;
#214:
>0:39.75,116.85;39.43,117.5;39.66,117.53;
#215:
>0:39.02,115.84;38.9,116.42;39.34,117.26;39.56,116.86;40.28,117.71;
#216:
>0:39.38,116.67;39.09,116.47;
#217:
>0:39.99,117.41;39.5,117.87;39.31,118.6;38.9,119.19;
#218:
>0:40.32,116.96;40.13,116.69;40.52,116.18;
#219:
>0:38.83,118.8;39.3,118.26;39.47,117.93;39.75,117.59;40.03,116.63;
