#0:
>0:39.74,117.8;40.13,118.67;
#1:
>0:39.9,116.04;39.84,116.51;
#2:
>0:39.22,117.77;39.65,117.56;
#3:
>0:39.85,116.57;40.06,116.49;
#4:
>0:39.71,119.3;40.26,118.75;39.97,118.46;39.45,117.8;38.88,116.5;
#5:
>0:39.53,118.82;39.25,119.28;39.04,119.06;
#6:
>0:40.03,118.0;39.85,117.44;39.5,116.42;39.28,117.47;38.81,117.37;
#7:
>0:39.85,116.6;39.66,117.15;39.5,117.99;39.16,118.71;39.77,118.8;
#8:
>0:39.88,116.7;40.03,117.17;39.78,117.94;40.42,118.18;
#9:
>0:39.04,116.38;39.12,116.33;39.4,117.27;39.31,118.04;39.32,119.02;
#10:
>0:39.18,116.07;38.93,116.48;
#11:
>0:39.46,117.0;39.54,117.6;39.88,118.56;40.12,119.0;
#12:
>0:39.53,117.81;39.09,116.96;39.54,116.77;39.25,116.04;
#13:
>0:39.89,116.27;40.06,116.62;
#14:
>0:39.97,119.24;39.94,118.46;40.61,117.82;
#15:
>0:39.87,116.17;40.14,116.39;
#16:
>0:40.42,116.65;40.48,116.88;
#17:
>0:38.88,117.78;39.18,117.97;39.42,118.68;
#18:
>0:39.85,116.39;40.13,116.45;
#19:
>0:39.74,116.95;39.94,117.9;39.09,117.55;
#20:
>0:38.93,117.91;39.13,116.99;
#21:
>0:39.26,117.42;39.62,116.67;40.13,116.27;40.05,115.74;
#22:
>0:39.35,117.59;39.03,117.51;
#23:
>0:40.07,116.27;39.53,116.65;39.22,116.82;39.51,117.84;
#24:
>0:40.25,117.52;39.81,117.55;39.45,116.99;39.47,118.06;39.03,118.15;
#25:
>0:40.48,116.62;40.03,116.99;39.86,117.99;
#26:
>0:40.18,115.84;40.09,116.37;40.19,115.81;39.93,116.56;40.18,116.84;40.15,115.98;39.96,116.6;40.11,116.08;40.07,116.56;40.08,116.1;39.87,116.11;39.91,116.89;39.86,116.4;39.87,116.67;39.95,116.55;40.08,115.75;40.11,116.91;40.13,115.92;40.11,116.48;39.95,116.7;40.25,116.56;40.29,115.87;39.89,116.43;39.93,116.72;39.85,116.43;39.9,116.56;39.98,116.6;40.18,116.11;40.12,116.27;39.98,116.74;39.87,116.27;39.73,116.79;40.27,116.81;40.14,116.05;40.03,116.11;39.82,116.59;40.15,115.77;
#27:
>0:38.98,116.53;39.23,116.27;39.4,116.31;
#28:
>0:39.46,118.26;39.84,118.04;
#29:
>0:39.92,116.4;39.9,116.53;40.22,116.56;
#30:
>0:39.92,116.06;39.89,116.6;
#31:
>0:39.9,116.06;39.98,116.24;
#32:
>0:39.89,116.58;39.97,116.03;
#33:
>0:39.45,116.6;39.88,117.42;40.05,117.73;40.59,118.29;
#34:
>0:39.84,116.17;39.72,116.77;40.07,116.09;39.85,116.28;
#35:
>0:38.93,116.77;39.21,116.67;39.62,116.95;39.56,117.59;39.9,117.44;40.53,117.82;
#36:
>0:39.22,117.8;39.46,118.26;39.41,119.08;40.07,118.66;
#37:
>0:39.34,117.67;39.5,117.91;
#38:
>0:39.67,117.18;39.64,117.54;39.07,118.34;39.89,119.01;
#39:
>0:39.61,115.9;39.21,116.36;39.38,117.35;39.68,117.83;39.29,118.7;39.82,119.14;
#40:
>0:38.98,118.3;38.96,118.12;39.04,117.17;
#41:
>0:40.06,115.78;40.36,116.4;40.07,117.45;40.4,117.97;40.02,118.13;
#42:
>0:40.12,117.57;39.81,118.37;
#43:
>0:39.51,117.74;39.95,117.0;40.18,117.09;
#44:
>0:39.99,116.03;40.07,116.28;40.12,116.75;40.17,115.83;39.89,116.2;40.08,116.32;40.03,116.4;40.03,116.05;40.04,116.15;40.05,116.72;
#45:
>0:40.01,116.04;40.19,116.29;39.86,116.41;40.05,116.71;39.96,116.12;
#46:
>0:40.14,115.93;40.38,116.89;
#47:
>0:38.91,117.01;39.14,116.39;39.45,117.11;39.67,117.74;39.94,118.26;40.45,118.27;
#48:
>0:40.14,117.76;39.84,117.21;39.44,116.49;
#49:
>0:39.72,116.6;40.2,117.18;39.93,117.62;40.56,118.18;
#50:
>0:39.57,119.25;39.22,119.18;38.77,118.23;38.84,117.14;
#51:
>0:39.55,117.48;39.49,117.84;40.01,118.02;
#52:
>0:40.19,119.18;39.94,118.39;39.52,118.03;39.41,117.41;
#53:
>0:39.94,116.46;40.06,116.48;39.94,116.48;
#54:
>0:38.95,116.13;39.32,116.9;39.48,116.72;39.81,116.68;
#55:
>0:40.12,116.42;39.77,116.78;39.65,117.17;39.21,117.17;39.2,118.16;
#56:
>0:39.52,117.42;39.33,117.45;39.37,118.29;
#57:
>0:40.13,117.61;39.73,118.55;
#58:
>0:39.0,117.21;39.07,116.6;39.6,117.25;39.56,117.55;40.28,117.18;
#59:
>0:40.05,116.28;40.01,116.45;
#60:
>0:40.12,116.17;40.13,116.44;
#61:
>0:39.87,116.26;40.1,116.47;
#62:
>0:39.92,116.55;39.73,116.86;
#63:
>0:40.02,118.13;40.43,117.63;40.12,116.97;40.16,115.84;
#64:
>0:40.14,117.61;40.08,118.16;39.89,118.49;39.35,118.25;
#65:
>0:40.02,116.32;40.14,116.5;
#66:
>0:40.12,117.15;39.76,118.06;39.52,117.2;39.18,117.85;38.76,116.44;
#67:
>0:40.05,116.36;39.88,116.57;
#68:
>0:40.4,116.79;40.17,116.01;39.71,116.45;
#69:
>0:40.03,116.41;40.23,116.64;40.04,116.16;
#70:
>0:38.91,119.16;38.94,118.22;
#71:
>0:40.01,116.18;40.01,116.61;
#72:
>0:39.87,116.58;39.73,116.58;40.09,116.59;39.89,116.85;40.01,116.17;40.23,115.94;40.14,116.48;39.74,116.67;39.89,116.04;39.83,116.6;40.09,116.82;40.0,116.7;
#73:
>0:39.61,117.73;39.17,117.17;38.77,116.43;39.22,116.14;
#74:
>0:40.07,116.03;39.99,116.29;
#75:
>0:40.19,119.24;39.99,118.64;39.62,117.64;39.3,117.96;
#76:
>0:40.45,116.8;40.04,117.37;39.79,117.59;39.65,118.05;
#77:
>0:39.96,116.05;39.42,116.79;39.29,116.95;38.77,115.72;
#78:
>0:40.42,116.67;40.25,116.7;40.15,116.2;
#79:
>0:39.89,116.32;39.96,116.16;
#80:
>0:39.63,115.85;39.29,116.65;39.61,116.99;39.27,118.05;
#81:
>0:39.86,118.45;39.44,117.8;39.21,117.26;38.99,116.44;39.22,115.82;
#82:
>0:39.94,116.55;39.98,116.56;
#83:
>0:39.61,117.55;39.3,117.15;39.47,116.84;
#84:
>0:39.97,116.17;39.91,116.59;
#85:
>0:39.26,115.75;39.41,116.3;39.7,116.6;40.13,115.91;40.61,115.97;
#86:
>0:39.6,118.82;39.13,119.14;38.94,118.21;38.9,117.75;39.15,116.82;
#87:
>0:39.99,117.15;40.22,118.08;39.82,118.67;
#88:
>0:40.05,119.02;39.86,118.43;39.49,118.11;39.1,118.69;38.81,117.24;
#89:
>0:39.1,118.65;39.6,118.81;39.87,118.85;40.22,118.93;40.4,118.61;
#90:
>0:39.9,116.54;40.19,116.53;40.14,116.1;
#91:
>0:40.14,116.43;40.14,116.09;
#92:
>0:39.3,117.72;39.68,117.13;39.73,116.73;
#93:
>0:39.84,119.03;39.93,119.04;
#94:
>0:39.98,116.63;39.9,116.41;
#95:
>0:39.85,117.03;40.25,117.41;40.56,116.14;
#96:
>0:40.18,119.05;39.74,118.35;39.51,117.88;39.55,117.21;
#97:
>0:39.99,118.97;39.81,118.55;39.53,117.75;39.07,117.29;39.18,116.71;
#98:
>0:39.78,117.44;40.03,117.05;40.55,116.23;
#99:
>0:39.65,118.96;39.9,119.09;40.15,118.01;
#100:
>0:40.07,116.04;40.15,116.2;
#101:
>0:39.39,118.33;39.69,117.69;39.81,117.07;40.12,116.79;39.98,116.45;
#102:
>0:40.06,118.53;39.94,117.63;
#103:
>0:40.06,116.55;40.07,116.1;
#104:
>0:39.16,118.56;39.43,117.87;39.94,117.16;40.05,116.83;40.36,116.92;
#105:
>0:38.85,116.63;39.36,117.02;
#106:
>0:39.71,117.13;39.7,117.93;
#107:
>0:40.07,116.53;39.89,116.56;
#108:
>0:39.85,116.35;40.14,116.6;
#109:
>0:40.58,116.25;40.16,116.6;39.94,116.4;
#110:
>0:39.77,117.53;39.77,118.12;39.18,118.53;
#111:
>0:39.74,118.24;39.48,117.71;39.28,117.15;39.24,116.49;
#112:
>0:39.46,117.57;39.97,117.4;40.05,117.28;
#113:
>0:39.09,118.17;39.02,118.66;38.94,117.59;39.11,116.73;
#114:
>0:39.82,119.22;39.65,118.43;
#115:
>0:40.11,116.34;40.01,116.45;
#116:
>0:40.54,118.49;40.39,117.68;40.04,117.51;39.99,116.45;
#117:
>0:39.19,116.04;39.62,116.07;39.95,116.39;40.19,115.75;40.52,115.73;
#118:
>0:39.84,119.03;39.65,118.26;
#119:
>0:39.95,116.55;39.77,116.74;40.12,116.46;39.98,116.12;
#120:
>0:39.97,116.16;39.74,116.4;40.04,116.44;39.84,116.31;
#121:
>0:40.08,118.87;39.88,118.36;39.49,117.86;39.65,117.18;
#122:
>0:38.82,118.6;39.29,118.05;39.62,116.97;39.43,118.07;40.1,116.78;
#123:
>0:40.12,116.27;40.22,116.3;40.5,116.66;40.1,117.52;39.73,117.94;39.9,118.83;
#124:
>0:40.02,116.85;39.82,116.84;39.52,116.26;39.25,115.91;
#125:
>0:40.13,116.21;40.03,116.55;
#126:
>0:38.97,116.85;39.37,116.99;
#127:
>0:40.08,116.56;40.18,116.72;40.13,116.41;
#128:
>0:39.18,116.28;38.77,116.43;38.81,117.24;
#129:
>0:39.84,116.44;39.82,116.42;40.1,116.33;40.29,115.98;40.0,116.38;40.17,115.78;40.1,116.44;39.78,116.5;40.11,116.51;40.26,116.09;40.13,115.85;
#130:
>0:38.87,118.25;39.01,118.48;
#131:
>0:40.31,119.04;40.3,119.3;39.88,118.87;
#132:
>0:39.95,116.14;40.09,116.31;40.51,116.77;40.13,117.26;40.17,117.55;39.72,119.24;
#133:
>0:40.08,116.61;40.23,116.81;40.1,116.09;
#134:
>0:40.01,116.13;39.88,116.34;39.86,116.13;
#135:
>0:40.31,118.37;40.43,117.83;40.18,117.01;39.81,117.55;39.09,117.3;
#136:
>0:38.99,118.83;38.8,119.21;
#137:
>0:40.57,118.96;40.09,118.67;
#138:
>0:40.6,116.94;40.42,118.07;
#139:
>0:38.93,117.95;39.34,117.69;39.57,118.6;
#140:
>0:39.34,117.99;39.47,117.11;39.46,116.86;39.5,115.92;
#141:
>0:39.94,116.74;39.47,117.5;39.52,117.59;39.27,118.38;39.83,119.13;
#142:
>0:40.27,116.53;39.69,116.58;39.44,115.82;39.37,116.3;
#143:
>0:39.94,116.34;39.91,116.21;
#144:
>0:40.16,116.16;39.97,116.9;39.88,117.2;
#145:
>0:40.3,119.09;39.75,119.27;39.97,118.14;39.53,118.74;38.95,118.53;
#146:
>0:40.54,117.26;40.31,118.08;40.03,116.94;39.87,117.84;39.59,118.05;38.92,117.58;
#147:
>0:39.95,116.11;40.14,116.28;
#148:
>0:40.02,116.22;40.02,116.47;
#149:
>0:40.06,116.51;40.05,116.9;39.89,116.47;
#150:
>0:39.92,116.37;40.08,116.58;40.08,116.4;
#151:
>0:39.17,118.68;39.4,118.73;39.76,118.99;39.81,118.16;40.47,118.03;
#152:
>0:40.04,118.81;39.71,118.49;39.42,118.0;39.5,117.41;
#153:
>0:40.3,116.49;40.0,116.39;39.45,115.81;
#154:
>0:40.08,116.37;39.97,116.72;39.48,117.47;39.62,117.72;39.04,119.25;
#155:
>0:39.09,119.03;38.85,118.57;38.85,117.75;39.52,117.03;
#156:
>0:40.04,116.83;39.91,116.61;39.55,115.79;39.18,116.23;
#157:
>0:39.49,117.53;39.07,118.4;39.44,119.11;
#158:
>0:40.37,117.33;40.47,116.5;
#159:
>0:39.38,118.33;39.87,118.0;
#160:
>0:38.79,117.78;39.15,117.37;
#161:
>0:40.05,117.23;39.91,117.56;39.56,117.83;39.19,118.64;38.77,117.79;
#162:
>0:38.97,118.65;38.9,117.94;38.96,117.19;
#163:
>0:39.81,117.4;40.26,117.24;40.35,116.26;
#164:
>0:40.13,116.17;40.01,116.65;40.13,116.33;
#165:
>0:39.9,116.56;40.1,116.33;40.1,116.58;
#166:
>0:39.95,116.56;40.12,116.07;
#167:
>0:39.29,116.52;39.53,117.43;38.94,117.91;
#168:
>0:40.0,118.78;39.86,118.78;39.65,118.63;39.28,119.1;
#169:
>0:40.02,116.21;40.13,116.5;39.91,116.13;
#170:
>0:39.34,119.23;39.51,118.67;39.69,117.98;39.83,117.45;39.86,116.76;
#171:
>0:39.43,119.01;39.23,118.75;38.82,118.56;38.85,117.55;39.29,116.97;38.82,116.16;
#172:
>0:40.06,116.38;40.08,116.41;40.07,116.12;
#173:
>0:39.93,117.35;39.8,117.74;39.67,117.57;38.96,118.61;
#174:
>0:39.81,118.71;39.64,117.68;39.07,117.21;39.59,116.62;39.2,116.2;
#175:
>0:39.14,117.64;39.41,116.94;39.64,117.75;39.97,117.05;40.53,117.85;
#176:
>0:39.92,119.0;39.75,118.22;39.58,117.98;38.97,117.82;
#177:
>0:40.6,116.73;40.06,117.32;39.87,117.71;39.5,117.73;
#178:
>0:39.59,117.8;39.73,117.13;40.19,117.98;
#179:
>0:39.35,118.63;38.78,117.58;39.24,117.89;39.27,117.24;38.93,115.8;
#180:
>0:40.25,116.24;40.1,116.41;40.19,116.37;40.18,115.97;40.3,116.62;40.14,116.28;39.97,116.33;40.16,115.94;40.13,115.83;
#181:
>0:40.21,116.63;40.14,117.18;40.17,117.77;
#182:
>0:40.13,116.62;40.3,115.86;40.08,116.45;39.87,116.55;
#183:
>0:39.18,116.64;39.61,116.88;39.84,116.7;
#184:
>0:39.16,116.15;39.49,116.7;39.49,117.07;
#185:
>0:40.13,116.39;39.96,116.03;
#186:
>0:39.43,116.82;39.1,117.3;38.84,117.12;
#187:
>0:40.01,117.53;39.91,117.13;39.67,117.68;39.28,116.95;38.88,116.99;
#188:
>0:38.96,118.98;39.2,118.81;39.0,118.55;38.91,117.74;38.85,116.93;39.08,116.32;
#189:
>0:40.01,116.23;40.09,116.04;40.24,116.92;40.02,116.29;40.23,116.62;40.27,116.23;40.01,116.83;40.26,116.69;
#190:
>0:39.98,116.33;40.11,116.44;
#191:
>0:39.93,116.21;40.0,116.23;
#192:
>0:39.93,116.55;40.11,116.06;
#193:
>0:39.95,117.36;39.77,117.77;39.64,118.12;38.85,118.23;
#194:
>0:40.21,116.23;40.32,116.73;40.22,117.14;40.24,118.1;
#195:
>0:39.95,116.47;40.07,116.54;
#196:
>0:38.78,117.47;38.97,117.96;39.09,117.86;38.82,119.25;
#197:
>0:39.75,119.14;39.9,118.35;39.45,117.7;39.44,116.99;
#198:
>0:40.15,115.94;40.06,116.38;40.15,116.19;39.98,116.5;40.07,115.79;40.29,116.34;40.15,116.16;39.86,116.19;40.3,115.94;40.45,116.84;40.46,115.92;40.03,115.75;40.14,116.61;39.95,116.75;39.8,116.06;40.19,116.53;39.78,116.56;39.89,116.06;40.14,115.99;40.01,116.63;39.71,116.33;40.01,116.06;39.82,116.77;39.9,116.18;40.17,116.22;40.13,116.36;40.14,115.88;40.14,116.22;40.12,116.03;40.03,116.34;40.02,116.01;39.88,116.07;39.89,116.38;40.14,116.42;40.15,116.08;
#199:
>0:40.22,117.99;40.13,118.23;39.94,118.36;39.46,117.65;39.01,117.93;
#200:
>0:39.97,116.47;39.77,116.74;40.07,116.55;40.2,116.06;40.01,116.25;40.01,116.83;40.22,116.77;
#201:
>0:40.23,116.54;39.93,116.32;
#202:
>0:40.06,118.43;39.92,118.2;39.68,118.1;39.29,118.62;38.92,118.09;
#203:
>0:39.28,116.22;39.3,116.3;
#204:
>0:40.32,119.16;40.22,118.59;39.94,119.25;39.68,117.83;
#205:
>0:40.22,115.81;40.37,116.49;
#206:
>0:39.2,118.34;38.95,118.54;38.88,117.81;39.51,116.8;
#207:
>0:40.08,116.38;39.91,116.24;
#208:
>0:39.96,119.05;39.72,118.54;39.39,117.94;39.11,116.97;39.22,116.81;
#209:
>0:39.92,116.54;40.04,116.31;40.11,116.59;40.28,116.11;39.95,116.51;40.11,115.79;40.16,116.55;
#210:
>0:39.89,116.36;40.0,116.38;40.12,116.1;
#211:
>0:40.08,119.21;39.96,118.18;39.65,117.87;39.43,117.42;
#212:
>0:40.27,117.33;39.83,117.61;39.43,118.09;39.15,118.43;38.82,118.37;
#213:
>0:38.95,116.98;39.27,116.89;39.48,117.36;39.5,117.57;40.06,117.24;
#214:
>0:39.95,116.28;39.98,116.51;
#215:
>0:39.38,116.46;39.3,116.38;39.61,117.38;39.48,118.04;39.19,118.99;
#216:
>0:39.79,118.94;39.87,118.58;39.24,118.45;
#217:
>0:40.0,119.17;39.79,118.46;39.46,117.88;39.97,117.21;39.69,116.55;
#218:
>0:39.09,116.64;39.42,117.26;39.42,118.07;39.04,118.3;
#219:
>0:40.09,118.65;39.71,119.21;39.83,118.21;39.37,118.55;
