#0:
>0:40.2,116.86;40.13,116.46;39.98,116.46;39.39,116.0;
#1:
>0:39.96,116.52;39.98,116.41;40.0,116.13;40.43,116.06;
#2:
>0:39.67,116.51;39.54,116.65;39.41,116.15;
#3:
>0:40.15,117.16;39.89,116.72;39.85,116.48;39.91,116.45;39.86,116.07;
#4:
>0:40.3,116.0;40.03,116.11;40.34,116.48;40.13,116.67;40.14,116.76;
#5:
>0:40.08,116.39;39.91,116.48;40.11,116.46;40.14,116.07;40.03,116.41;40.09,116.56;40.0,116.43;39.93,116.48;40.14,116.5;40.01,116.54;40.15,116.53;39.94,116.39;40.01,116.41;39.96,116.57;40.1,116.44;39.89,116.55;39.64,116.1;39.54,116.37;39.58,116.66;40.05,116.51;40.12,116.44;40.06,116.45;
#6:
>0:40.44,116.69;40.34,116.43;40.1,116.08;
#7:
>0:39.71,116.87;39.94,116.49;40.01,116.54;39.83,116.23;
#8:
>0:40.23,116.88;40.09,116.6;40.07,116.5;39.66,116.17;39.55,115.93;
#9:
>0:40.29,116.99;40.06,116.97;39.93,116.95;39.68,117.02;39.45,117.13;
#10:
>0:39.99,116.57;39.79,116.43;40.08,116.23;39.98,116.38;40.12,116.47;39.97,116.46;40.07,116.38;40.15,116.52;
#11:
>0:40.61,116.16;40.62,116.33;40.55,116.52;
#12:
>0:39.9,116.67;40.2,116.31;
#13:
>0:40.01,117.02;40.02,116.75;
#14:
>0:39.65,116.52;39.42,116.49;
#15:
>0:39.92,116.53;39.77,116.92;40.14,116.96;
#16:
>0:40.08,116.54;40.12,116.41;
#17:
>0:40.2,116.52;40.09,116.43;
#18:
>0:40.07,116.83;39.9,116.56;40.07,116.55;39.53,116.45;
#19:
>0:40.06,116.44;40.02,116.52;
#20:
>0:39.91,116.38;40.21,116.51;
#21:
>0:40.01,115.89;39.9,116.2;
#22:
>0:39.82,116.02;39.76,116.15;
#23:
>0:40.08,116.45;39.96,116.53;
#24:
>0:40.18,116.49;40.07,116.42;39.57,116.63;39.66,117.15;
#25:
>0:40.48,116.06;40.32,116.26;40.09,116.5;39.97,116.71;39.74,117.13;
#26:
>0:40.48,116.15;40.22,116.36;40.1,116.77;40.13,116.34;39.78,116.15;
#27:
>0:39.84,116.95;39.86,116.72;39.85,116.67;
#28:
>0:40.54,116.35;40.21,116.51;40.5,116.76;
#29:
>0:39.41,116.18;39.73,115.88;39.94,115.88;
#30:
>0:40.1,116.12;40.25,116.3;40.42,116.7;
#31:
>0:40.33,116.72;40.19,116.67;40.04,116.41;40.06,116.58;39.51,116.7;
#32:
>0:39.59,116.38;39.65,116.58;40.15,116.45;
#33:
>0:39.86,117.0;40.17,116.88;39.78,116.93;40.41,116.38;
#34:
>0:40.08,116.33;40.03,116.27;
#35:
>0:40.45,116.86;40.3,116.81;40.03,116.89;
#36:
>0:39.43,115.99;39.72,116.16;39.93,116.33;40.14,116.45;40.11,116.72;40.48,116.88;
#37:
>0:39.56,116.76;39.38,116.54;39.58,116.62;39.9,116.39;40.33,116.02;
#38:
>0:40.14,116.56;39.91,116.3;40.18,116.44;40.17,116.42;
#39:
>0:40.31,116.68;40.28,116.65;40.13,116.31;40.04,116.42;39.52,116.58;
#40:
>0:39.77,117.02;39.98,116.84;39.81,116.7;40.25,116.72;
#41:
>0:40.53,116.32;40.48,116.72;40.16,116.61;
#42:
>0:39.48,117.03;39.64,116.71;39.84,116.76;40.26,116.8;40.14,116.17;
#43:
>0:39.69,117.02;39.45,116.89;39.47,116.47;39.69,116.34;39.48,116.1;39.56,115.85;
#44:
>0:40.4,115.92;40.48,116.18;40.58,116.37;
#45:
>0:39.95,115.92;40.08,116.21;40.17,116.56;40.01,116.52;40.56,116.74;
#46:
>0:40.37,116.15;40.59,116.21;40.07,116.69;
#47:
>0:39.97,116.46;40.21,116.34;40.05,116.16;40.57,115.94;
#48:
>0:39.98,116.64;39.99,116.46;39.88,116.24;
#49:
>0:39.62,115.94;39.87,116.23;39.91,116.46;
#50:
>0:40.59,116.07;40.62,116.11;
#51:
>0:39.36,116.14;39.74,115.95;39.96,115.93;
#52:
>0:39.67,115.81;39.83,115.78;40.14,115.88;
#53:
>0:39.93,116.56;40.17,116.42;
#54:
>0:40.13,116.7;40.25,116.6;40.48,116.41;
#55:
>0:40.56,116.83;40.53,116.52;40.54,116.4;40.6,116.07;40.49,115.96;
#56:
>0:39.4,116.11;39.48,116.03;
#57:
>0:40.58,116.15;40.28,116.39;40.14,116.59;40.21,116.54;39.74,116.22;
#58:
>0:40.39,116.1;40.2,116.52;39.94,116.56;39.67,116.12;39.47,116.19;
#59:
>0:39.45,116.59;39.77,116.31;39.83,116.16;
#60:
>0:39.69,116.4;39.98,116.58;39.92,115.95;
#61:
>0:40.49,116.34;40.34,116.8;
#62:
>0:39.4,116.43;39.73,116.51;39.91,116.33;40.19,116.62;40.22,116.8;
#63:
>0:40.22,116.22;40.22,116.39;40.2,116.57;40.28,116.72;40.32,116.96;
#64:
>0:39.71,116.89;39.85,116.75;39.92,116.51;40.08,116.81;40.53,116.75;
#65:
>0:39.97,117.08;39.91,116.86;39.95,116.58;39.94,116.37;39.99,116.16;
#66:
>0:39.4,116.73;39.48,116.55;39.66,116.57;39.94,116.38;40.26,115.79;
#67:
>0:40.0,115.81;39.98,116.11;40.09,116.34;39.88,116.48;39.85,116.9;
#68:
>0:39.8,116.5;39.91,116.54;39.95,116.22;
#69:
>0:40.17,115.92;39.94,116.06;40.03,116.36;39.91,116.62;
#70:
>0:40.2,116.83;40.09,116.99;
#71:
>0:40.22,116.61;40.04,116.52;39.92,116.42;39.41,116.91;
#72:
>0:40.02,115.78;39.79,116.14;39.63,116.22;
#73:
>0:40.22,116.48;40.01,116.12;40.5,116.08;
#74:
>0:40.12,116.9;40.27,116.81;40.16,116.63;40.09,116.23;
#75:
>0:39.97,116.39;40.18,116.51;
#76:
>0:40.36,115.98;40.53,116.04;40.23,116.23;40.24,116.42;40.28,116.72;40.12,117.04;
#77:
>0:40.27,116.38;40.09,116.45;39.76,116.68;40.06,116.4;40.08,116.39;40.12,116.57;
#78:
>0:40.4,115.83;40.54,116.04;40.39,116.32;40.24,116.63;40.44,116.71;
#79:
>0:40.11,116.54;40.14,116.04;40.28,116.22;39.99,116.4;40.08,116.5;40.1,116.48;40.19,116.47;
#80:
>0:39.66,116.61;39.54,116.24;
#81:
>0:40.52,116.6;40.2,116.79;40.11,116.42;39.93,116.29;39.52,116.6;
#82:
>0:40.24,116.51;40.09,116.4;
#83:
>0:39.59,116.42;39.52,116.6;
#84:
>0:39.94,116.41;39.92,116.09;
#85:
>0:39.91,116.36;40.18,116.58;
#86:
>0:39.64,115.97;39.9,116.15;39.92,116.37;
#87:
>0:40.06,116.34;40.04,116.01;40.21,115.91;40.24,116.08;40.49,116.05;40.36,116.34;40.14,116.33;
#88:
>0:39.92,116.75;40.13,116.74;40.05,116.38;40.18,116.18;40.09,115.94;
#89:
>0:40.33,115.91;40.12,116.03;40.02,116.56;39.69,116.57;39.75,116.8;
#90:
>0:39.46,116.45;39.69,116.41;
#91:
>0:39.73,116.63;39.92,116.53;
#92:
>0:40.41,115.94;40.11,115.93;
#93:
>0:40.15,117.05;39.84,116.72;39.93,116.64;40.2,116.44;
#94:
>0:40.03,116.22;40.1,116.52;40.3,116.58;40.15,116.74;
#95:
>0:39.92,116.58;40.1,116.45;
#96:
>0:40.3,116.59;40.6,116.44;40.62,116.13;40.6,115.9;
#97:
>0:39.99,116.46;39.95,116.5;
#98:
>0:40.28,116.42;40.3,116.83;40.11,116.9;40.05,117.0;
#99:
>0:40.07,116.57;40.24,116.37;
#100:
>0:40.14,116.14;40.18,116.51;40.06,116.55;39.53,116.3;
#101:
>0:40.33,116.09;40.16,116.38;39.85,116.69;39.76,116.87;
#102:
>0:39.4,116.27;39.75,116.6;39.95,116.67;
#103:
>0:40.55,116.39;40.4,116.74;40.1,116.41;
#104:
>0:39.48,116.14;39.66,116.4;39.93,116.46;40.16,116.59;40.25,116.37;40.53,116.34;
#105:
>0:39.39,116.51;39.59,116.37;39.92,116.24;
#106:
>0:40.0,116.37;40.08,116.39;40.19,116.3;40.2,116.42;
#107:
>0:39.65,116.89;39.79,116.86;
#108:
>0:40.59,116.03;40.21,116.18;40.3,116.3;40.22,116.8;40.47,116.91;
#109:
>0:39.68,116.3;39.72,116.51;40.18,116.54;
#110:
>0:39.45,116.17;39.5,116.29;39.58,116.55;40.06,116.47;40.22,115.97;
#111:
>0:40.24,116.44;39.97,116.52;
#112:
>0:39.97,116.15;39.7,116.41;39.39,115.98;
#113:
>0:40.08,116.52;40.18,116.31;40.21,116.91;
#114:
>0:40.0,116.51;39.73,116.18;
#115:
>0:39.82,116.77;39.82,116.88;
#116:
>0:39.5,116.01;39.74,116.36;39.68,116.68;39.69,116.91;
#117:
>0:39.64,115.94;39.94,116.21;39.92,116.45;40.09,116.53;40.15,116.77;40.55,116.97;
#118:
>0:39.64,116.58;39.91,116.26;40.04,116.53;40.28,116.35;40.55,116.26;
#119:
>0:40.08,116.39;40.06,116.41;
#120:
>0:39.4,116.04;39.48,116.19;
#121:
>0:39.95,116.54;40.18,116.38;
#122:
>0:39.74,116.36;39.52,116.02;
#123:
>0:40.12,116.6;40.06,116.47;39.98,116.47;39.46,116.17;
#124:
>0:39.63,115.97;39.82,116.11;39.89,116.54;39.9,116.52;
#125:
>0:40.59,116.24;40.22,116.63;40.53,116.88;
#126:
>0:40.03,116.45;40.15,116.47;
#127:
>0:40.06,116.2;40.31,116.19;40.21,116.27;40.21,116.77;
#128:
>0:39.8,116.53;40.02,116.42;39.53,116.07;
#129:
>0:40.52,116.31;40.22,116.41;40.19,116.41;
#130:
>0:40.23,116.56;40.23,116.66;40.05,116.45;39.92,116.26;39.47,116.67;
#131:
>0:39.77,116.64;39.73,116.56;
#132:
>0:39.64,116.67;39.39,116.49;39.48,116.15;
#133:
>0:40.19,117.11;39.86,116.92;39.83,116.52;40.12,116.48;
#134:
>0:40.05,116.84;40.36,116.66;40.55,116.82;
#135:
>0:40.52,115.95;40.4,116.19;40.36,116.43;40.12,116.55;40.55,116.85;
#136:
>0:39.71,116.09;39.94,115.99;40.2,115.87;
#137:
>0:39.97,116.41;40.01,116.49;
#138:
>0:40.61,116.35;40.35,116.74;40.13,116.9;40.13,117.13;39.64,117.12;
#139:
>0:39.77,116.02;39.53,116.1;39.57,116.5;
#140:
>0:40.14,116.71;40.38,116.79;40.56,116.88;
#141:
>0:40.42,116.92;40.3,116.93;40.03,116.87;
#142:
>0:39.62,116.71;39.8,116.72;39.81,116.56;40.38,116.88;
#143:
>0:40.27,116.73;40.29,116.66;40.06,116.4;40.01,115.82;
#144:
>0:39.79,116.21;39.93,116.02;
#145:
>0:40.49,116.42;40.6,116.11;40.5,115.96;
#146:
>0:40.04,115.93;39.86,116.19;39.6,116.17;
#147:
>0:39.84,115.89;40.1,115.97;40.21,116.43;
#148:
>0:40.07,116.51;40.03,116.36;
#149:
>0:40.06,116.5;40.11,116.39;
#150:
>0:40.42,115.92;40.42,116.02;40.43,116.32;40.52,116.56;
#151:
>0:39.69,116.69;39.92,116.58;40.19,116.37;39.8,115.86;
#152:
>0:39.86,117.14;40.13,116.89;39.86,116.84;40.15,116.34;
#153:
>0:39.95,116.36;40.06,116.47;
#154:
>0:40.25,117.03;40.18,116.9;39.92,116.84;40.12,116.63;40.25,116.46;40.01,115.84;
#155:
>0:40.14,116.42;40.08,116.53;40.0,116.71;
#156:
>0:39.99,116.93;40.04,116.48;40.0,116.58;
#157:
>0:39.66,117.15;39.67,117.13;
#158:
>0:40.07,116.55;40.0,116.47;
#159:
>0:40.36,116.71;40.12,117.14;39.83,116.83;39.75,116.9;
#160:
>0:40.28,116.65;40.09,116.57;40.05,116.55;40.06,116.47;39.53,116.28;
#161:
>0:40.37,115.84;40.03,116.05;40.16,116.38;40.1,116.7;40.16,116.92;
#162:
>0:40.39,116.78;40.0,116.39;
#163:
>0:40.21,116.55;40.0,116.37;40.04,116.52;40.01,116.15;40.06,116.47;
#164:
>0:40.14,115.88;40.25,115.9;
#165:
>0:40.17,115.81;40.36,115.9;40.56,115.97;
#166:
>0:39.4,117.04;39.68,117.09;39.89,117.07;40.13,117.11;40.41,117.1;40.44,116.95;
#167:
>0:39.71,116.67;39.9,116.77;40.02,116.72;
#168:
>0:39.37,116.36;39.75,116.5;39.95,116.4;39.99,116.45;40.07,116.13;40.54,115.95;
#169:
>0:39.61,115.95;39.46,116.21;
#170:
>0:40.6,116.46;40.41,116.61;40.14,116.54;40.04,116.39;39.89,116.46;39.39,116.85;
#171:
>0:40.06,116.35;40.11,116.46;
#172:
>0:40.45,116.37;40.42,116.11;40.63,115.91;
#173:
>0:39.38,115.92;39.69,116.18;39.84,116.03;40.07,116.4;40.03,116.03;40.58,116.08;
#174:
>0:40.06,116.51;39.69,116.17;
#175:
>0:40.19,116.41;39.92,116.42;40.1,116.52;40.2,116.59;
#176:
>0:39.98,116.48;40.11,116.58;
#177:
>0:39.44,117.08;39.73,117.14;39.55,116.89;39.4,116.62;39.62,116.26;39.44,115.97;
#178:
>0:39.56,115.88;39.62,116.05;40.0,116.5;39.92,116.66;
#179:
>0:39.97,116.52;40.1,116.33;40.47,116.79;
#180:
>0:39.59,117.08;39.94,116.9;39.81,116.59;40.26,116.78;
#181:
>0:39.64,115.79;39.91,116.04;40.02,116.37;40.22,116.64;40.21,116.79;40.29,117.03;
#182:
>0:40.04,116.76;39.81,116.49;39.93,116.35;39.48,116.03;
#183:
>0:39.67,116.09;40.09,116.56;39.95,116.63;39.93,116.79;
#184:
>0:39.71,116.03;39.39,115.81;
#185:
>0:40.19,117.05;39.92,116.78;39.79,116.64;39.97,116.37;40.3,116.18;
#186:
>0:40.05,116.37;40.02,116.49;
#187:
>0:39.4,116.47;39.72,116.28;39.42,116.05;39.37,115.79;
#188:
>0:39.85,117.0;39.94,116.76;39.86,116.5;
#189:
>0:39.94,116.14;39.97,116.42;39.81,116.67;
#190:
>0:39.67,115.91;39.86,116.17;40.11,116.42;40.32,116.4;40.49,116.44;
#191:
>0:40.1,115.93;39.97,116.22;39.62,116.24;39.56,116.13;
#192:
>0:40.19,116.46;40.08,116.05;40.2,116.6;
#193:
>0:39.39,116.21;39.57,116.41;40.02,116.47;40.1,116.48;40.21,116.34;40.59,116.25;
#194:
>0:40.39,116.31;39.99,116.14;39.86,115.92;
#195:
>0:40.26,116.43;39.86,116.27;
#196:
>0:40.21,116.99;40.19,116.87;40.22,116.5;
#197:
>0:40.23,117.12;40.18,116.91;39.84,116.81;40.17,116.7;40.1,116.5;40.17,115.78;
#198:
>0:40.03,116.5;40.18,116.22;40.23,116.23;40.21,116.48;40.09,116.04;40.05,116.48;40.05,116.53;
#199:
>0:40.42,116.0;40.21,115.78;40.08,115.81;39.86,115.91;
#200:
>0:40.21,116.83;40.19,116.53;40.06,116.45;
#201:
>0:40.09,116.01;40.18,116.16;
#202:
>0:40.34,116.19;40.11,116.6;39.95,116.61;39.88,116.8;
#203:
>0:40.27,116.58;40.12,116.32;
#204:
>0:39.44,115.9;39.66,116.04;39.89,116.36;40.13,116.32;40.23,116.67;40.44,116.72;
#205:
>0:40.29,116.42;40.06,116.47;40.3,116.34;40.0,116.36;39.46,116.82;
#206:
>0:40.22,116.62;40.48,116.61;40.26,116.03;
#207:
>0:40.24,116.21;40.25,116.39;39.9,116.53;39.57,116.52;39.49,116.7;
#208:
>0:40.51,116.31;40.37,116.37;40.12,116.31;
#209:
>0:40.29,115.9;40.03,116.05;39.92,116.47;39.91,116.64;
#210:
>0:39.59,116.5;39.72,116.52;
#211:
>0:40.42,116.63;40.43,116.78;40.24,116.7;40.11,116.97;39.68,116.96;
#212:
>0:40.06,117.02;39.9,116.93;40.12,116.74;
#213:
>0:39.96,116.45;39.76,116.09;
#214:
>0:39.74,116.89;39.83,116.92;39.79,116.55;40.21,116.91;
#215:
>0:40.31,115.8;40.04,116.17;
#216:
>0:39.51,116.44;39.61,116.61;39.96,116.47;
#217:
>0:40.15,117.03;39.84,116.89;39.98,116.53;39.99,116.25;39.89,116.08;
#218:
>0:40.04,116.52;40.04,116.58;
#219:
>0:39.47,117.13;39.76,116.93;39.95,116.7;40.02,116.57;39.89,116.17;
#220:
>0:39.92,116.51;40.17,116.5;
#221:
>0:40.35,116.82;40.15,116.61;39.93,116.5;
#222:
>0:40.03,115.82;40.27,116.22;40.3,116.43;39.82,116.42;39.75,116.67;39.53,117.01;
#223:
>0:39.96,116.07;40.23,116.46;40.1,116.76;40.51,116.5;
#224:
>0:40.59,116.63;40.53,116.88;
#225:
>0:40.27,116.17;40.47,116.29;40.45,116.5;
#226:
>0:40.47,116.31;40.5,116.19;40.54,115.96;
#227:
>0:39.81,117.02;40.13,116.87;40.2,116.57;40.53,116.53;
#228:
>0:39.55,116.1;39.6,116.08;
#229:
>0:39.77,116.16;40.04,116.48;40.07,116.19;40.21,116.34;
#230:
>0:39.75,116.19;39.91,116.38;40.36,116.68;40.2,116.81;
#231:
>0:39.47,117.0;39.69,117.15;39.82,117.15;
#232:
>0:40.15,116.03;40.2,116.43;40.61,116.59;
#233:
>0:39.84,117.09;40.05,116.81;40.25,116.7;40.54,116.53;
#234:
>0:40.03,115.87;39.93,116.12;40.02,116.55;39.8,116.48;
#235:
>0:39.51,116.18;39.7,116.28;39.76,116.55;39.74,116.72;
#236:
>0:39.66,115.91;39.49,116.09;
#237:
>0:40.43,117.04;40.26,117.08;40.2,116.96;39.8,117.04;39.66,117.09;
#238:
>0:40.06,115.78;39.86,116.15;39.58,116.14;
#239:
>0:40.49,115.93;40.23,115.87;40.48,116.04;40.3,116.4;40.31,116.7;40.5,117.07;
#240:
>0:39.61,116.6;40.05,116.49;40.18,116.57;40.37,116.36;40.49,116.27;
#241:
>0:39.45,115.87;39.75,116.18;39.92,116.23;40.06,116.49;39.99,116.21;40.57,116.16;
#242:
>0:39.63,116.13;40.05,116.24;40.07,116.49;40.1,116.59;40.51,116.68;
#243:
>0:40.05,115.98;40.25,115.87;40.5,116.0;
#244:
>0:40.23,115.83;40.53,116.15;40.21,116.45;40.11,116.73;40.43,116.76;
#245:
>0:40.38,116.69;40.13,116.69;40.04,116.36;40.14,115.84;
#246:
>0:40.25,116.97;40.29,116.74;
#247:
>0:39.98,116.46;40.0,116.45;
#248:
>0:39.47,116.59;39.65,116.62;40.0,116.46;40.11,115.8;
#249:
>0:39.46,115.98;39.73,116.01;39.9,116.38;39.81,116.65;
#250:
>0:40.58,116.27;40.26,116.68;40.17,116.74;39.84,116.88;39.66,116.73;
#251:
>0:39.57,116.76;39.95,116.93;40.15,116.54;
#252:
>0:40.56,116.84;40.29,116.77;40.2,116.95;39.81,116.98;39.61,117.17;39.4,116.48;
#253:
>0:39.69,117.16;39.91,116.87;39.93,116.52;39.98,116.45;39.89,116.09;
#254:
>0:39.5,116.87;39.58,116.73;39.83,116.88;
#255:
>0:39.93,117.0;39.97,116.93;
#256:
>0:40.16,116.49;40.27,116.5;
#257:
>0:40.25,115.98;40.05,116.13;
#258:
>0:40.33,116.28;40.16,116.09;39.89,115.95;
#259:
>0:39.72,116.49;39.42,116.66;
#260:
>0:40.6,116.72;40.27,116.64;40.07,116.46;39.91,116.09;39.67,115.83;
#261:
>0:39.89,116.41;40.21,116.58;
#262:
>0:40.05,116.6;39.97,116.49;
#263:
>0:40.2,116.47;39.98,116.5;39.72,116.56;39.66,117.12;
#264:
>0:39.6,116.05;40.08,116.55;40.19,116.45;40.21,116.69;40.54,116.56;
#265:
>0:40.2,116.54;39.93,116.52;
#266:
>0:40.01,116.36;40.09,116.41;
#267:
>0:40.25,116.34;40.07,116.18;40.35,116.09;40.27,116.41;40.03,116.46;
#268:
>0:39.82,117.16;40.14,117.05;40.27,117.12;40.45,117.15;
#269:
>0:39.46,117.01;39.74,117.01;39.36,116.77;39.37,116.67;39.67,116.38;39.49,115.98;
#270:
>0:39.96,116.52;40.17,116.21;40.04,115.95;
#271:
>0:39.95,117.15;39.95,116.9;39.97,116.5;39.95,116.27;39.91,116.21;
#272:
>0:40.34,116.72;40.11,116.59;39.99,116.35;
#273:
>0:40.12,116.47;40.04,116.48;
#274:
>0:40.01,115.91;39.85,116.18;40.07,116.34;39.88,116.63;
#275:
>0:40.47,116.49;40.6,116.73;40.33,116.89;40.15,117.07;39.58,117.06;
#276:
>0:40.59,116.27;40.24,116.67;40.31,116.75;40.14,116.29;39.7,116.64;
#277:
>0:40.49,116.57;40.27,116.25;40.26,116.56;40.02,116.3;39.7,116.51;
#278:
>0:40.48,116.84;40.3,116.63;40.04,116.5;40.01,116.05;
#279:
>0:39.92,116.58;40.13,116.5;
#280:
>0:40.45,116.04;40.33,116.31;40.31,116.59;40.5,116.76;
#281:
>0:40.12,116.18;40.2,116.54;40.08,116.61;40.1,116.84;
#282:
>0:39.73,116.61;39.93,116.43;40.24,116.32;39.96,115.88;
#283:
>0:40.16,116.5;40.05,116.34;40.08,116.61;40.05,116.14;40.2,116.41;39.89,116.49;40.16,116.57;40.05,116.23;40.22,116.47;
#284:
>0:40.03,116.49;39.95,116.26;
#285:
>0:40.6,116.39;40.3,116.79;
#286:
>0:40.4,116.07;40.11,115.94;39.81,115.95;39.6,116.0;
#287:
>0:40.02,116.44;40.0,116.48;
#288:
>0:39.6,116.08;39.4,115.85;
#289:
>0:39.86,116.67;39.97,116.45;
#290:
>0:40.25,116.18;40.34,116.3;
#291:
>0:40.41,116.71;40.13,117.17;39.84,117.04;39.66,117.15;
#292:
>0:40.39,116.8;40.21,116.54;40.08,116.46;40.14,116.58;
#293:
>0:40.11,116.47;39.96,116.42;39.69,116.25;
#294:
>0:40.01,116.76;39.88,116.9;
#295:
>0:40.28,116.16;40.17,116.42;40.06,116.18;39.67,116.09;
#296:
>0:40.55,117.01;40.22,116.87;40.18,117.06;39.87,117.09;39.77,117.08;39.54,116.59;
#297:
>0:40.27,116.41;39.9,116.43;40.38,115.92;
#298:
>0:39.9,115.8;40.15,115.9;40.36,116.05;40.25,116.28;40.25,116.76;
#299:
>0:40.06,117.1;39.95,117.14;39.74,117.09;39.42,116.96;
#300:
>0:40.2,116.78;40.2,116.68;39.98,116.39;39.73,116.09;39.42,115.87;
#301:
>0:40.45,116.96;40.23,116.98;40.2,117.13;39.81,116.98;
#302:
>0:40.34,116.34;40.11,116.1;40.39,116.01;40.13,116.6;40.06,116.4;40.19,116.48;40.02,116.42;39.6,116.68;40.02,116.3;40.2,116.43;39.97,116.41;40.05,116.06;39.82,115.85;40.17,115.77;40.07,116.49;
#303:
>0:39.63,116.01;40.07,116.48;40.11,116.46;40.21,116.76;40.48,116.63;
#304:
>0:39.71,116.49;39.97,116.36;40.02,116.55;39.83,115.8;
#305:
>0:40.2,116.42;40.0,116.36;40.05,116.39;39.9,116.39;40.23,116.56;39.95,116.51;39.67,116.48;39.99,116.46;40.16,116.34;40.1,116.43;
#306:
>0:39.84,116.86;39.93,116.49;40.34,116.78;
#307:
>0:39.36,117.02;39.63,116.76;39.83,116.78;40.21,116.61;40.08,116.02;
#308:
>0:39.57,115.95;39.98,115.95;40.03,115.91;40.3,115.82;40.52,115.91;
#309:
>0:39.95,116.2;40.09,116.31;
#310:
>0:40.52,116.03;40.29,116.26;
#311:
>0:40.32,116.89;40.32,116.78;
#312:
>0:40.35,116.46;40.08,116.02;39.91,115.83;
#313:
>0:40.53,117.12;40.4,116.87;40.14,117.09;39.94,116.92;39.9,116.51;39.44,116.72;
#314:
>0:40.41,115.9;40.47,116.16;40.33,116.29;40.29,116.65;40.51,116.89;
#315:
>0:39.56,116.37;39.65,116.65;40.01,116.39;40.24,116.4;40.12,116.2;40.48,115.95;
#316:
>0:40.18,116.55;40.17,116.55;40.0,116.79;
#317:
>0:40.09,117.01;39.96,117.15;39.6,117.07;
#318:
>0:39.43,115.81;39.47,116.1;39.36,116.46;39.61,116.5;39.39,116.83;39.49,116.98;
#319:
>0:39.78,116.21;39.65,116.45;39.43,115.85;
#320:
>0:40.61,116.26;40.3,116.69;
#321:
>0:39.89,116.26;40.24,116.42;
#322:
>0:40.49,116.9;40.41,116.86;40.1,117.05;39.83,116.67;
#323:
>0:40.29,116.08;40.26,116.45;39.89,116.59;39.84,116.81;
#324:
>0:39.45,116.01;39.59,116.23;
#325:
>0:39.88,115.81;39.7,116.03;39.46,116.37;39.47,116.68;
#326:
>0:40.25,117.1;40.27,116.72;40.22,116.62;40.3,116.32;
#327:
>0:39.55,117.05;39.66,116.84;39.82,116.76;40.14,116.85;
#328:
>0:39.87,116.68;39.86,116.72;
#329:
>0:39.68,116.94;39.84,116.8;39.88,116.67;40.06,116.92;40.44,116.88;
#330:
>0:40.33,116.44;40.06,116.46;
#331:
>0:40.04,116.47;40.23,116.38;40.15,115.97;
#332:
>0:40.53,116.05;40.26,116.24;40.2,116.59;39.89,116.77;39.68,117.02;
#333:
>0:39.71,116.5;40.04,116.58;40.34,116.64;
#334:
>0:40.56,117.02;40.23,116.74;40.14,116.66;40.05,116.39;40.02,116.45;40.01,115.96;
#335:
>0:40.51,116.8;40.14,116.5;40.01,116.41;40.09,116.55;39.41,116.66;
#336:
>0:39.39,116.12;39.68,116.29;40.07,116.48;40.11,116.53;40.29,116.74;
#337:
>0:40.1,115.81;40.26,116.02;40.39,116.27;40.22,116.72;40.53,116.82;
#338:
>0:40.1,116.16;40.13,116.61;40.03,116.36;39.41,116.37;
#339:
>0:40.69,115.92;40.6,116.23;40.62,116.43;40.58,116.49;
#340:
>0:40.53,116.74;40.53,116.47;40.45,116.34;40.5,116.05;40.59,115.85;
#341:
>0:39.38,116.49;39.63,116.38;
#342:
>0:39.54,116.57;39.78,116.69;39.91,116.5;40.18,115.93;
#343:
>0:40.48,116.44;40.25,116.37;40.13,116.69;40.17,116.55;39.99,116.52;39.54,116.81;
#344:
>0:39.75,116.01;39.94,116.45;40.17,116.37;40.1,116.66;40.44,116.84;
#345:
>0:40.2,116.58;40.04,116.58;40.1,116.13;
#346:
>0:40.07,116.38;39.99,116.35;
#347:
>0:40.07,116.58;39.89,116.36;39.66,116.61;39.66,116.98;
#348:
>0:40.47,116.29;40.51,116.09;40.42,116.04;
#349:
>0:40.16,116.45;40.0,116.52;
#350:
>0:40.46,116.43;40.31,116.54;40.15,116.93;39.98,117.02;
#351:
>0:39.65,117.05;39.48,116.7;39.48,116.56;39.74,116.47;39.96,116.52;39.88,115.97;
#352:
>0:40.51,116.45;40.23,116.53;
#353:
>0:39.84,116.56;39.78,116.35;40.15,116.04;
#354:
>0:40.02,116.85;40.28,116.64;40.45,116.85;
#355:
>0:39.61,116.69;39.78,116.33;
#356:
>0:40.34,117.0;40.09,116.88;39.95,116.78;40.19,116.68;40.29,116.31;40.0,115.96;
#357:
>0:39.67,116.63;39.92,116.37;40.08,116.4;39.87,115.93;
#358:
>0:39.68,116.78;39.92,116.7;40.23,116.35;
#359:
>0:39.95,117.01;39.75,116.77;39.49,116.9;
#360:
>0:40.44,116.94;40.55,116.82;40.41,116.61;40.42,116.25;
#361:
>0:39.81,116.67;39.78,116.85;
#362:
>0:39.4,116.02;39.69,116.42;40.01,116.45;40.08,116.53;40.29,116.3;40.59,116.27;
#363:
>0:40.1,116.59;39.91,116.53;40.1,116.3;39.93,116.51;40.28,116.33;40.31,116.39;
#364:
>0:40.0,116.6;39.99,116.39;40.15,116.5;40.05,116.08;40.16,116.49;39.94,116.51;40.19,116.46;40.11,116.66;40.22,116.36;40.36,116.51;
#365:
>0:40.11,117.1;39.83,116.85;39.81,116.67;
#366:
>0:39.46,116.39;39.71,116.43;
#367:
>0:39.54,116.11;39.38,116.13;
#368:
>0:39.97,116.1;40.09,116.56;40.07,116.21;40.43,116.1;
#369:
>0:39.93,115.96;40.16,115.97;40.38,116.03;40.26,116.34;40.27,116.53;40.49,117.09;
#370:
>0:39.76,116.72;39.94,116.85;40.17,116.66;40.4,116.0;
#371:
>0:39.77,115.79;39.53,116.04;
#372:
>0:39.49,116.62;39.71,116.24;39.47,116.09;39.46,115.86;
#373:
>0:39.76,116.15;39.38,115.94;
#374:
>0:39.61,116.54;39.77,116.53;
#375:
>0:39.84,116.52;40.01,116.81;40.11,117.06;
#376:
>0:39.97,117.0;39.96,116.75;39.8,116.66;
#377:
>0:39.7,116.94;39.89,116.81;39.94,116.51;40.1,116.91;40.48,116.74;
#378:
>0:39.77,116.49;39.38,116.63;
#379:
>0:40.13,116.41;39.96,116.52;
#380:
>0:39.56,116.43;39.7,116.56;39.86,116.64;
#381:
>0:40.0,116.47;40.04,116.47;40.38,116.79;
#382:
>0:39.77,115.95;39.51,116.08;
#383:
>0:40.4,116.73;40.03,116.47;39.99,116.53;
#384:
>0:40.1,116.43;39.95,116.24;40.08,116.45;39.97,116.4;40.09,116.5;40.03,116.43;40.01,116.02;40.28,116.07;40.25,116.4;40.06,116.51;
#385:
>0:40.32,116.81;40.0,117.15;
#386:
>0:39.92,116.03;39.85,115.9;
#387:
>0:40.32,117.07;40.3,116.8;40.36,116.48;40.32,116.4;
#388:
>0:39.51,116.42;39.63,116.62;39.5,116.86;39.81,117.01;
#389:
>0:40.32,116.31;39.99,116.5;39.95,116.73;39.68,117.13;
#390:
>0:39.4,116.33;39.63,116.56;39.99,116.44;40.13,116.35;39.99,116.04;40.51,115.93;
#391:
>0:40.17,116.49;39.96,116.48;
#392:
>0:39.97,115.82;40.12,115.79;40.31,116.19;40.51,116.22;
#393:
>0:40.27,116.76;40.3,116.7;40.08,116.38;39.77,116.26;
#394:
>0:40.17,116.52;40.01,116.54;
#395:
>0:39.97,116.45;39.69,116.02;
#396:
>0:39.38,117.14;39.65,117.09;39.86,117.15;
#397:
>0:40.62,115.97;40.33,115.94;40.59,116.09;40.21,116.35;40.33,116.67;40.5,116.99;
#398:
>0:39.39,116.2;39.46,116.22;
#399:
>0:40.12,116.44;40.04,116.03;40.19,116.54;
#400:
>0:40.14,116.89;40.39,116.59;40.32,116.73;40.2,116.44;39.85,115.84;
#401:
>0:39.59,116.94;39.98,116.8;39.83,116.61;40.04,116.88;40.53,116.71;
#402:
>0:40.1,116.45;40.07,116.36;40.13,116.49;40.18,116.57;
#403:
>0:39.82,116.69;39.93,116.27;39.45,116.17;
#404:
>0:39.8,116.85;40.19,116.6;40.36,116.6;40.47,116.09;
#405:
>0:40.19,116.37;40.01,116.56;40.01,116.55;40.05,116.43;
#406:
>0:39.86,115.89;40.18,115.8;40.4,115.89;
#407:
>0:40.51,115.97;40.56,116.05;40.49,116.36;40.43,116.59;
#408:
>0:39.68,116.2;39.91,116.56;40.05,116.5;40.19,116.61;40.52,116.66;
#409:
>0:40.08,116.56;39.99,116.15;
#410:
>0:40.12,116.56;40.05,116.43;
#411:
>0:39.51,116.57;39.76,116.47;39.98,116.53;40.3,116.41;40.38,116.34;40.43,116.43;
#412:
>0:40.09,115.93;40.37,115.85;
#413:
>0:39.59,116.66;40.0,116.38;40.18,116.58;40.32,116.33;40.42,116.24;
#414:
>0:39.64,116.63;39.94,116.46;40.03,116.43;39.94,115.96;
#415:
>0:39.95,116.38;40.09,116.55;40.15,115.82;
#416:
>0:40.04,116.47;39.74,116.18;
#417:
>0:39.69,116.57;39.68,116.58;
#418:
>0:40.16,116.56;40.01,116.08;40.02,115.97;40.03,116.56;
#419:
>0:40.04,116.35;40.03,116.53;40.14,116.34;
#420:
>0:40.49,116.29;40.52,116.12;
#421:
>0:40.31,116.18;40.27,116.45;40.2,116.76;40.36,116.82;40.27,117.13;
#422:
>0:39.57,115.94;39.98,115.95;40.16,115.79;
#423:
>0:40.48,116.27;40.28,116.28;40.0,115.83;
#424:
>0:39.89,116.55;40.24,116.36;
#425:
>0:40.18,116.53;39.96,116.44;
#426:
>0:40.46,116.52;40.42,116.84;
#427:
>0:40.25,116.8;40.16,116.73;40.05,116.58;
#428:
>0:40.55,116.86;40.29,116.76;40.19,116.88;
#429:
>0:40.33,116.63;40.19,116.54;40.19,116.59;39.92,116.42;39.5,116.53;
#430:
>0:40.17,116.48;40.16,116.39;
#431:
>0:39.71,116.8;39.86,117.15;40.01,117.1;
#432:
>0:39.85,116.84;40.05,116.84;40.16,116.44;39.7,116.04;
#433:
>0:39.54,116.22;39.72,116.1;
#434:
>0:39.89,116.73;39.82,116.6;40.29,116.65;40.58,116.13;
#435:
>0:40.09,116.14;39.88,115.81;39.99,116.15;39.47,116.3;
#436:
>0:40.29,115.95;40.15,116.08;40.15,116.47;40.35,116.62;40.0,116.91;
#437:
>0:39.69,116.98;39.62,117.05;
#438:
>0:39.4,116.32;39.72,116.13;39.9,115.93;
#439:
>0:40.29,116.27;40.23,116.67;40.41,116.71;40.3,117.09;
#440:
>0:40.08,116.54;40.17,116.5;
#441:
>0:40.23,117.06;40.15,116.73;39.81,116.91;40.27,116.51;40.17,116.42;40.2,115.89;
#442:
>0:40.22,116.36;39.9,116.46;
#443:
>0:39.58,116.91;39.92,116.92;
#444:
>0:40.07,116.41;40.05,116.54;
#445:
>0:39.78,116.56;40.02,116.37;40.22,116.49;40.23,116.47;40.59,116.75;
#446:
>0:39.94,116.47;40.26,116.33;40.21,116.55;40.03,117.11;
#447:
>0:39.66,115.84;39.87,116.16;40.02,116.55;40.29,116.44;40.13,116.61;40.13,117.02;
#448:
>0:40.61,116.43;40.39,116.63;40.32,116.62;40.2,116.97;
#449:
>0:40.38,116.09;40.08,116.49;40.13,116.12;39.63,116.14;
#450:
>0:39.95,117.03;40.13,116.87;40.16,116.6;40.43,116.69;
#451:
>0:39.59,116.09;39.38,116.09;39.65,116.59;
#452:
>0:39.36,116.87;39.41,116.68;39.75,116.61;40.09,116.53;40.02,115.92;
#453:
>0:39.94,116.96;40.2,116.92;
