#0:
>0:39.92,116.35;40.05,116.28;
#1:
>0:40.14,115.79;40.38,116.15;40.4,116.35;
#2:
>0:39.87,116.45;40.04,116.43;
#3:
>0:40.6,116.13;40.26,116.16;40.36,115.85;40.11,115.9;39.82,116.23;39.55,116.42;
#4:
>0:39.93,116.38;40.19,116.44;
#5:
>0:39.85,116.75;39.63,116.9;39.48,116.41;
#6:
>0:40.4,116.2;40.52,116.35;40.32,116.48;40.03,116.58;39.94,117.12;
#7:
>0:39.79,116.39;40.2,116.35;
#8:
>0:39.87,116.31;40.03,116.33;
#9:
>0:39.96,116.28;40.05,116.27;
#10:
>0:39.89,116.24;40.19,116.46;
#11:
>0:39.88,117.06;40.03,117.11;40.4,116.95;40.49,116.85;
#12:
>0:39.57,116.19;39.73,116.18;
#13:
>0:39.87,116.56;40.04,116.44;40.37,116.22;40.61,116.04;
#14:
>0:40.18,116.26;40.05,116.25;
#15:
>0:40.03,115.85;39.94,116.08;39.79,116.36;40.2,116.45;40.03,116.69;39.85,117.04;
#16:
>0:40.57,116.23;40.35,116.07;40.3,115.79;40.0,115.86;39.57,116.11;
#17:
>0:40.08,116.24;40.16,116.46;
#18:
>0:40.1,116.45;40.18,116.44;
#19:
>0:39.85,116.39;40.12,116.27;
#20:
>0:39.56,116.51;39.57,116.32;39.79,116.68;40.16,116.24;40.12,116.38;
#21:
>0:39.84,116.38;40.07,116.32;
#22:
>0:40.14,116.34;40.14,116.28;
#23:
>0:40.14,116.44;39.91,116.3;40.15,116.24;40.02,116.36;
#24:
>0:39.81,116.61;40.17,116.62;40.33,116.62;40.47,116.39;
#25:
>0:39.81,116.41;40.07,116.28;
#26:
>0:39.82,116.35;39.96,116.24;
#27:
>0:39.62,116.89;39.85,116.69;40.04,116.26;40.0,116.1;
#28:
>0:40.52,116.78;40.36,116.79;40.03,116.87;
#29:
>0:39.95,116.44;40.18,116.41;
#30:
>0:39.83,116.37;40.13,116.31;
#31:
>0:40.33,115.92;40.31,115.94;
#32:
>0:40.03,116.24;39.94,116.25;
#33:
>0:40.44,116.9;40.21,116.91;40.03,116.83;
#34:
>0:40.09,116.57;39.81,116.55;39.69,116.82;
#35:
>0:39.81,116.03;40.11,116.35;
#36:
>0:40.03,116.37;40.0,116.21;40.03,116.39;
#37:
>0:40.13,116.36;39.91,116.32;
#38:
>0:39.99,116.76;40.13,116.49;40.48,116.74;
#39:
>0:39.5,116.54;39.5,116.9;
#40:
>0:39.94,116.29;40.01,116.27;
#41:
>0:39.9,116.34;40.11,116.36;
#42:
>0:40.0,116.38;39.92,116.34;40.01,116.44;
#43:
>0:40.0,116.41;40.07,116.28;
#44:
>0:40.35,116.55;40.14,116.32;39.83,116.07;39.78,115.99;39.36,115.88;
#45:
>0:40.54,116.57;40.34,116.68;40.23,116.9;40.03,116.66;39.66,116.33;
#46:
>0:39.78,116.5;40.18,116.43;40.39,116.18;40.57,115.96;
#47:
>0:39.66,116.72;39.8,116.67;39.64,116.31;
#48:
>0:40.19,116.41;39.99,116.4;
#49:
>0:39.36,116.34;39.62,116.51;
#50:
>0:39.79,116.38;40.12,116.29;
#51:
>0:40.29,115.97;40.32,115.95;
#52:
>0:40.04,116.9;39.82,116.66;
#53:
>0:40.35,116.12;40.52,116.39;40.37,116.5;40.37,116.77;40.4,117.12;
#54:
>0:40.07,116.4;39.85,116.24;
#55:
>0:40.04,116.45;39.95,116.41;
#56:
>0:40.17,116.29;39.93,116.38;
#57:
>0:40.29,116.3;40.52,116.44;40.53,116.79;
#58:
>0:40.04,116.37;39.9,116.24;
#59:
>0:40.16,116.53;40.1,116.54;
#60:
>0:40.41,116.79;40.26,116.65;40.16,116.68;39.75,116.45;
#61:
>0:40.17,116.35;40.09,116.4;
#62:
>0:40.11,115.97;39.93,116.15;40.16,116.31;
#63:
>0:40.1,116.34;39.93,116.3;40.1,116.44;
#64:
>0:39.93,116.4;40.15,116.31;
#65:
>0:40.03,117.06;39.89,116.77;39.64,116.79;39.54,116.75;
#66:
>0:40.16,116.24;39.81,116.28;
#67:
>0:40.17,116.45;39.88,116.29;
#68:
>0:39.71,116.71;39.98,116.71;39.96,117.05;40.24,116.98;
#69:
>0:39.61,116.02;39.98,116.4;40.18,116.37;40.11,116.67;40.45,116.52;
#70:
>0:40.0,116.45;40.15,116.3;
#71:
>0:40.14,116.39;39.81,116.32;
#72:
>0:39.88,115.86;40.11,116.21;40.09,116.43;40.27,116.67;
#73:
>0:40.0,116.25;39.95,116.32;
#74:
>0:39.86,116.42;40.07,116.24;
#75:
>0:40.03,116.29;40.13,116.29;
#76:
>0:39.93,116.24;40.1,116.33;
#77:
>0:39.97,117.08;39.75,116.91;39.82,116.61;40.13,116.57;40.34,116.06;
#78:
>0:39.85,116.28;40.07,116.02;
#79:
>0:39.47,116.83;39.67,116.92;39.95,117.04;
#80:
>0:40.17,116.27;39.89,116.3;
#81:
>0:39.41,116.69;39.73,116.43;39.94,116.17;40.18,116.01;
#82:
>0:40.06,115.94;39.81,116.21;39.77,116.02;39.47,116.27;39.65,116.74;
#83:
>0:40.1,116.38;39.87,116.38;
#84:
>0:40.48,116.47;40.29,116.64;40.15,116.48;40.16,116.77;39.61,116.76;
#85:
>0:39.88,116.38;40.14,116.45;
#86:
>0:39.8,116.42;40.07,116.31;
#87:
>0:40.0,116.32;39.96,116.42;
#88:
>0:39.8,116.26;40.12,116.38;
#89:
>0:40.07,116.26;40.14,116.2;40.11,116.42;
#90:
>0:40.17,115.88;40.31,116.17;40.53,116.2;
#91:
>0:39.62,115.84;39.85,116.14;39.82,116.38;
#92:
>0:40.39,116.78;40.01,116.6;40.18,116.86;39.67,116.7;
#93:
>0:40.32,116.09;40.1,115.93;
#94:
>0:39.37,116.08;39.72,116.26;39.63,116.06;39.8,116.38;40.12,116.24;40.46,116.28;
#95:
>0:39.99,116.1;39.98,116.26;39.64,116.51;
#96:
>0:39.69,116.62;39.97,116.55;39.91,116.22;
#97:
>0:39.56,116.3;39.69,116.06;39.81,115.82;40.0,115.93;40.3,116.0;40.45,116.24;
#98:
>0:40.17,116.38;39.94,116.38;40.05,116.36;
#99:
>0:40.19,116.32;39.93,116.28;40.17,116.36;39.98,116.37;40.11,116.34;40.12,116.44;
#100:
>0:39.94,116.31;39.83,116.3;
#101:
>0:40.1,116.73;40.14,116.49;39.83,116.65;39.77,116.19;
#102:
>0:40.15,116.19;39.95,116.39;40.16,116.42;40.19,116.87;
#103:
>0:40.27,116.95;40.06,116.72;39.82,116.55;39.7,116.27;39.39,116.03;39.43,115.78;
#104:
>0:40.55,117.05;40.29,117.05;40.23,116.74;40.05,116.68;39.67,116.59;
#105:
>0:40.0,116.29;39.93,116.3;39.92,116.5;39.75,116.67;39.99,116.34;
#106:
>0:40.16,117.15;39.87,116.9;40.09,116.59;40.14,116.44;40.33,116.06;40.13,115.83;
#107:
>0:39.86,116.46;39.93,116.37;
#108:
>0:40.25,116.53;40.09,116.52;40.05,116.37;40.15,116.3;
#109:
>0:40.48,116.66;40.25,116.78;40.41,116.68;40.16,116.65;39.84,116.56;39.38,116.74;
#110:
>0:40.24,116.25;40.16,116.43;40.02,116.49;39.89,116.65;39.39,116.84;
#111:
>0:39.75,116.86;39.79,116.75;39.9,116.98;40.29,117.1;
#112:
>0:40.6,116.82;40.28,116.99;
#113:
>0:39.88,116.42;40.08,116.45;
#114:
>0:40.0,116.44;39.84,116.44;40.03,116.24;40.14,116.36;
#115:
>0:40.16,116.37;39.78,116.44;
#116:
>0:39.86,116.78;39.95,116.87;
#117:
>0:39.93,116.27;40.15,116.37;
#118:
>0:39.96,116.25;40.12,116.46;
#119:
>0:39.9,116.15;39.7,115.91;
#120:
>0:40.25,116.87;40.03,116.68;40.14,116.81;39.66,116.83;
#121:
>0:40.03,116.41;40.33,116.2;40.0,116.29;
#122:
>0:39.78,116.75;39.84,116.76;
#123:
>0:40.28,116.44;40.05,116.27;39.84,116.06;
#124:
>0:39.73,115.8;39.95,116.2;39.67,116.05;39.59,116.55;
#125:
>0:40.4,115.94;40.19,116.1;40.11,116.43;40.18,116.34;
#126:
>0:40.14,115.92;40.23,116.08;40.3,116.34;
#127:
>0:40.5,116.52;40.28,116.6;40.22,116.93;40.07,116.58;39.9,116.52;39.53,116.76;
#128:
>0:40.16,116.41;39.8,116.36;
#129:
>0:40.08,116.45;39.86,116.32;
#130:
>0:40.32,116.03;40.57,116.24;40.34,116.54;40.24,116.83;40.31,117.17;
#131:
>0:39.52,116.95;39.67,116.87;39.42,116.51;39.65,116.35;39.85,116.21;40.08,115.83;
#132:
>0:40.07,116.38;39.88,116.29;
#133:
>0:39.8,116.32;39.79,116.28;
#134:
>0:40.3,115.83;40.43,116.2;40.6,116.33;
#135:
>0:39.54,116.36;39.63,116.41;39.85,116.23;40.11,115.94;
#136:
>0:39.84,116.31;40.09,116.44;
#137:
>0:39.89,116.15;39.74,116.12;39.56,116.24;39.49,116.84;
#138:
>0:39.78,116.23;39.61,116.19;39.47,116.37;39.42,116.75;
#139:
>0:39.58,115.97;39.47,116.14;
#140:
>0:40.42,116.31;40.38,116.65;40.1,116.6;39.8,116.54;39.66,116.15;
#141:
>0:40.09,116.34;39.94,116.25;
#142:
>0:40.16,116.28;39.86,116.24;
#143:
>0:40.01,116.24;39.81,116.43;
#144:
>0:39.65,116.84;39.8,116.85;39.83,117.04;40.22,117.08;
#145:
>0:40.03,117.04;39.96,116.93;39.73,116.9;39.53,116.89;
#146:
>0:39.92,116.3;40.16,116.4;
#147:
>0:40.43,116.74;40.24,116.9;40.01,116.77;
#148:
>0:39.82,116.42;40.15,116.32;
#149:
>0:40.01,116.31;39.93,116.32;
#150:
>0:40.08,116.47;39.81,116.44;
#151:
>0:39.88,116.4;40.08,116.27;
#152:
>0:40.01,116.27;39.88,116.42;
#153:
>0:40.11,116.47;40.05,116.52;40.06,116.46;
#154:
>0:39.87,116.46;40.09,116.46;
#155:
>0:40.16,116.31;39.86,116.29;
#156:
>0:40.09,116.27;40.02,116.41;
#157:
>0:40.06,116.3;39.98,116.42;
#158:
>0:40.53,117.16;40.23,116.81;40.2,116.66;40.39,116.43;40.44,116.32;40.4,115.9;
#159:
>0:40.04,116.36;39.95,116.27;
#160:
>0:40.03,116.44;39.99,116.37;
#161:
>0:39.67,116.08;39.42,116.36;39.78,116.59;39.77,116.87;
#162:
>0:40.05,116.26;39.95,116.31;40.03,116.3;40.15,116.44;
#163:
>0:40.62,116.97;40.23,116.82;
#164:
>0:40.16,116.31;39.85,116.28;
#165:
>0:40.36,115.96;40.28,116.16;40.27,115.96;
#166:
>0:40.29,116.24;40.05,116.63;39.86,116.73;39.69,116.96;
#167:
>0:40.1,116.47;40.19,116.27;
#168:
>0:40.02,116.25;40.16,116.41;
#169:
>0:40.14,116.3;39.84,116.24;
#170:
>0:39.73,116.34;39.71,116.16;40.18,116.55;
#171:
>0:39.54,116.77;39.46,116.59;39.4,116.45;39.75,116.05;40.01,115.79;
#172:
>0:40.39,116.81;40.06,116.71;40.0,116.67;39.77,116.28;
#173:
>0:40.05,116.36;40.35,116.04;40.09,116.43;
#174:
>0:40.15,116.46;39.87,116.26;40.01,116.41;39.78,116.26;40.1,116.39;40.05,116.4;
#175:
>0:40.02,116.17;40.17,116.4;40.58,116.3;
#176:
>0:40.04,115.86;39.99,116.05;39.64,116.12;39.56,116.41;39.76,116.61;39.44,116.96;
#177:
>0:40.09,116.37;40.18,116.21;40.17,116.26;
#178:
>0:39.52,116.76;39.71,116.85;39.56,116.46;
#179:
>0:40.21,116.14;40.58,116.43;40.36,116.64;40.23,116.82;
#180:
>0:40.33,115.91;40.25,116.02;40.08,116.17;40.03,116.45;
#181:
>0:39.79,116.28;40.13,116.25;40.31,116.71;
#182:
>0:39.92,115.96;40.14,116.17;40.04,116.45;40.17,116.67;40.29,116.49;40.59,116.98;
#183:
>0:39.95,116.43;40.02,116.4;
#184:
>0:39.86,116.35;40.2,116.32;
#185:
>0:40.07,116.39;39.99,116.34;
#186:
>0:40.08,116.34;40.1,116.26;
#187:
>0:40.57,116.48;40.28,116.78;40.24,116.69;39.99,116.63;39.76,116.44;
#188:
>0:39.88,116.41;40.11,116.28;
#189:
>0:39.9,116.47;39.96,116.39;
#190:
>0:40.24,115.9;40.34,115.91;
#191:
>0:40.13,116.35;39.97,116.3;
#192:
>0:39.88,116.37;40.01,116.29;
#193:
>0:39.89,116.31;39.57,116.11;39.51,115.81;
#194:
>0:39.81,116.34;40.03,116.32;
#195:
>0:39.78,116.21;39.61,116.45;39.97,116.69;39.69,116.65;39.61,117.06;
#196:
>0:40.01,116.38;40.39,116.23;40.11,116.38;
#197:
>0:40.21,115.91;40.55,115.98;
#198:
>0:40.37,115.95;40.23,116.14;
#199:
>0:40.31,116.88;40.42,116.63;
#200:
>0:40.06,116.3;39.95,116.31;40.0,116.34;
#201:
>0:40.35,115.96;40.37,115.88;
#202:
>0:40.0,116.58;40.17,116.49;
#203:
>0:40.11,116.46;40.07,116.42;
#204:
>0:40.26,116.38;40.03,116.58;39.86,116.93;39.7,116.96;
#205:
>0:40.17,116.26;39.81,116.39;
#206:
>0:39.86,116.33;40.18,116.37;
#207:
>0:40.14,116.36;40.01,116.45;
#208:
>0:40.15,116.38;39.84,116.44;
#209:
>0:39.88,116.42;40.0,116.31;
#210:
>0:40.04,116.41;39.79,116.25;
#211:
>0:40.18,116.34;40.13,116.31;
#212:
>0:40.04,116.29;40.1,116.35;
#213:
>0:40.24,116.32;40.08,116.45;39.78,116.45;39.59,116.78;
#214:
>0:40.17,116.28;39.8,116.27;40.2,116.28;40.0,116.33;
#215:
>0:40.62,116.29;40.32,116.35;
#216:
>0:40.03,116.37;39.88,116.34;
#217:
>0:40.28,116.09;40.45,116.36;40.21,116.54;40.04,116.57;39.83,117.01;
#218:
>0:39.89,116.2;39.82,115.87;
#219:
>0:39.38,116.28;39.57,116.1;39.94,116.41;40.07,116.28;40.23,116.56;
#220:
>0:39.62,116.53;39.65,116.9;39.58,117.13;
#221:
>0:39.66,116.09;39.65,116.35;39.89,116.59;39.65,116.61;39.71,116.98;
#222:
>0:40.11,116.18;39.88,116.45;39.64,116.56;
#223:
>0:39.81,116.31;40.14,116.24;
#224:
>0:40.12,116.26;39.9,116.36;
#225:
>0:39.93,116.12;39.86,116.46;40.14,116.3;40.17,116.87;
#226:
>0:39.86,116.35;40.13,116.38;
#227:
>0:40.02,116.39;39.82,116.41;
#228:
>0:39.84,116.58;39.93,116.35;40.26,116.04;
#229:
>0:40.14,116.31;40.22,116.13;40.15,116.08;40.08,116.35;40.19,116.45;
#230:
>0:39.83,116.32;40.05,116.44;
#231:
>0:39.42,116.66;39.77,116.34;39.81,116.05;40.03,116.09;
#232:
>0:40.03,116.24;40.06,116.3;
#233:
>0:39.84,116.36;40.08,116.33;
#234:
>0:39.85,115.82;40.05,115.89;39.82,116.16;39.68,116.35;39.6,116.74;
#235:
>0:40.09,116.29;39.97,116.4;
#236:
>0:40.13,116.27;40.36,116.11;40.05,116.44;
#237:
>0:40.18,116.42;40.17,116.28;
#238:
>0:39.91,116.84;39.82,117.09;40.11,117.01;40.53,117.09;
#239:
>0:40.11,116.26;39.88,116.25;
#240:
>0:40.52,116.33;40.26,116.67;40.1,116.49;39.94,116.63;39.66,116.63;39.53,116.55;
#241:
>0:40.04,116.3;40.13,116.46;
#242:
>0:39.9,116.32;40.0,116.25;
#243:
>0:39.97,116.49;40.07,116.49;40.29,116.01;
#244:
>0:39.57,116.26;39.91,116.55;40.05,116.57;40.33,116.67;40.55,116.98;
#245:
>0:39.98,116.45;40.0,116.26;
#246:
>0:39.41,116.57;39.66,116.27;39.71,116.09;40.0,116.27;
#247:
>0:40.3,116.72;40.31,116.5;40.32,116.41;40.3,116.08;
#248:
>0:39.86,116.43;40.09,116.42;
#249:
>0:39.97,116.55;39.62,116.34;39.73,116.23;
#250:
>0:39.44,116.87;39.61,116.81;39.98,117.05;40.09,117.13;40.33,116.79;
#251:
>0:39.74,116.17;39.59,116.09;
#252:
>0:39.87,116.3;40.2,116.31;
#253:
>0:40.29,116.11;40.52,116.46;40.33,116.63;40.41,116.74;40.35,117.11;
#254:
>0:40.01,116.26;39.83,116.33;40.04,116.46;40.13,116.28;
#255:
>0:39.9,116.41;40.0,116.3;
#256:
>0:39.83,116.38;40.04,116.25;
#257:
>0:40.1,116.28;39.98,116.33;40.08,116.42;39.97,116.36;40.02,116.24;39.82,116.25;40.16,116.29;39.96,116.31;40.01,116.25;40.06,116.27;
#258:
>0:39.92,116.3;40.0,116.37;
#259:
>0:40.14,116.47;39.97,116.44;40.1,116.45;
#260:
>0:40.26,115.92;40.19,116.19;40.4,115.88;
#261:
>0:39.65,117.02;39.89,116.71;39.59,116.9;39.44,116.4;
#262:
>0:39.81,116.24;40.13,116.28;
#263:
>0:40.15,116.25;39.93,116.46;
#264:
>0:39.82,115.87;40.15,115.85;39.94,116.17;39.96,116.43;39.64,116.93;
#265:
>0:40.06,116.31;39.86,116.26;40.01,116.42;39.9,116.46;40.05,116.25;39.89,116.39;40.09,116.4;40.08,116.43;
#266:
>0:40.09,116.24;39.84,116.26;
#267:
>0:40.06,116.27;40.06,116.45;
#268:
>0:40.37,116.39;40.6,116.46;40.59,116.83;
#269:
>0:39.95,116.4;40.04,116.47;
#270:
>0:39.93,116.3;40.1,116.4;
#271:
>0:39.62,116.22;39.45,116.31;39.89,116.59;
#272:
>0:39.82,115.89;40.1,116.17;40.31,115.96;
#273:
>0:40.11,116.32;39.82,116.33;
#274:
>0:40.38,116.53;40.56,116.42;40.54,116.06;
#275:
>0:40.04,115.83;40.21,116.1;40.56,116.23;
#276:
>0:39.38,116.89;39.36,116.53;39.36,116.42;39.67,116.11;39.99,115.91;
#277:
>0:40.0,116.26;40.19,116.36;
#278:
>0:40.01,116.45;40.13,116.49;40.2,116.42;
#279:
>0:40.1,116.34;39.83,116.41;
#280:
>0:40.12,116.39;39.89,116.27;
#281:
>0:39.94,117.16;40.19,116.98;40.38,117.03;40.57,116.72;
#282:
>0:40.16,116.45;39.79,116.43;
#283:
>0:39.85,116.71;39.66,116.9;39.41,116.47;
#284:
>0:40.27,116.35;40.54,116.39;40.57,116.83;
#285:
>0:39.88,116.37;40.14,116.29;
#286:
>0:39.85,115.83;40.16,116.23;40.08,116.26;40.37,116.64;
#287:
>0:39.64,116.01;39.96,116.39;40.12,116.49;
#288:
>0:39.48,115.92;39.57,116.23;39.72,116.46;39.89,116.49;39.66,116.69;39.6,116.98;
#289:
>0:39.72,116.61;39.44,116.89;39.5,117.03;
#290:
>0:39.88,116.32;40.09,116.04;
#291:
>0:39.93,116.46;40.15,116.37;
#292:
>0:39.78,116.34;40.04,116.34;
#293:
>0:39.61,115.95;39.36,116.1;
#294:
>0:39.87,115.9;40.12,115.78;39.88,116.15;39.7,116.37;39.61,116.93;
#295:
>0:40.59,116.88;40.41,116.87;40.07,116.66;40.12,116.76;39.64,116.78;
#296:
>0:40.23,116.54;40.32,116.45;40.61,116.41;40.26,116.56;40.06,116.27;
#297:
>0:40.01,116.39;40.04,116.09;39.99,116.25;
#298:
>0:40.0,116.34;39.96,116.41;
#299:
>0:40.0,116.38;40.06,116.3;
#300:
>0:39.86,116.27;40.05,116.32;
#301:
>0:40.11,116.25;39.86,116.7;40.06,116.32;
#302:
>0:40.24,115.84;40.59,115.8;40.23,115.85;40.21,115.93;
#303:
>0:39.51,117.1;39.58,116.79;39.95,117.04;40.02,117.06;40.36,117.12;40.52,116.64;
#304:
>0:40.36,116.79;40.57,116.49;
#305:
>0:40.55,116.31;40.41,116.6;40.13,116.53;40.12,116.8;39.89,117.08;39.41,116.52;
#306:
>0:39.46,116.8;39.57,116.9;39.88,117.03;
#307:
>0:40.17,116.77;40.12,116.53;40.56,116.74;
#308:
>0:40.56,117.09;40.25,116.73;
#309:
>0:40.26,116.44;40.2,116.26;39.86,116.4;39.83,116.66;39.42,116.72;
#310:
>0:40.12,116.35;39.79,116.32;
#311:
>0:40.03,116.25;40.17,116.29;
#312:
>0:39.68,116.19;39.44,116.36;39.83,116.48;
#313:
>0:40.06,116.32;39.93,116.44;40.18,116.31;40.12,116.37;
#314:
>0:40.02,116.25;39.86,116.29;40.05,116.29;39.99,116.47;
#315:
>0:39.9,116.04;39.95,116.45;40.05,116.63;40.03,116.83;40.13,117.15;
#316:
>0:39.65,116.05;39.81,116.25;40.14,116.29;40.0,116.85;
#317:
>0:40.09,116.45;39.99,116.24;
#318:
>0:40.02,117.12;39.78,116.89;39.75,116.74;39.44,116.82;
#319:
>0:39.92,116.16;39.9,116.29;
#320:
>0:39.83,116.38;40.04,116.4;
#321:
>0:39.83,116.27;39.87,116.38;
#322:
>0:40.2,116.3;40.02,116.25;
#323:
>0:39.55,116.78;39.65,116.84;39.83,116.86;40.06,117.0;
#324:
>0:40.11,116.37;39.9,116.26;
#325:
>0:39.98,116.54;39.74,116.65;39.43,117.1;
#326:
>0:40.21,115.97;40.24,115.88;
#327:
>0:39.94,116.38;40.01,116.37;
#328:
>0:40.22,116.12;40.12,116.35;39.87,116.47;39.63,116.59;39.64,117.06;
#329:
>0:40.45,116.61;40.29,116.63;40.02,116.69;39.87,117.12;
#330:
>0:40.14,116.4;40.13,116.42;
#331:
>0:39.86,116.78;39.66,116.95;
#332:
>0:40.54,116.82;40.34,116.91;40.17,116.55;39.9,116.45;
#333:
>0:40.03,116.36;39.92,116.28;39.81,116.68;39.45,116.74;
#334:
>0:39.84,116.37;40.07,116.31;
#335:
>0:39.87,116.44;40.01,116.37;
#336:
>0:40.16,116.34;40.03,116.25;
#337:
>0:40.13,116.29;39.96,116.46;
#338:
>0:40.13,116.88;40.03,116.67;40.32,116.31;
#339:
>0:39.87,116.4;39.86,116.43;
#340:
>0:40.05,115.98;39.84,116.12;39.85,116.38;
#341:
>0:39.8,116.24;40.06,116.36;
#342:
>0:39.69,116.88;39.82,116.6;39.75,116.35;39.68,116.1;40.16,115.97;
#343:
>0:40.05,116.44;39.88,116.43;
#344:
>0:40.03,116.44;40.16,116.24;
#345:
>0:39.9,116.27;40.01,116.29;
#346:
>0:39.8,116.34;40.09,116.35;
#347:
>0:40.02,116.27;39.89,116.3;
#348:
>0:40.14,116.53;40.13,116.84;39.72,116.8;
#349:
>0:40.18,116.24;40.03,116.33;
#350:
>0:39.89,116.35;40.14,116.36;
#351:
>0:39.43,116.39;39.58,116.15;39.89,115.98;40.16,115.95;40.33,115.99;40.49,116.47;
#352:
>0:40.14,116.46;39.79,116.33;
#353:
>0:39.93,116.11;39.67,116.04;40.08,116.29;
#354:
>0:40.17,115.82;40.25,116.0;39.89,116.26;
#355:
>0:39.85,116.32;39.78,116.4;
#356:
>0:40.14,116.96;40.27,117.13;40.35,116.72;40.29,116.57;40.25,116.42;40.17,115.95;
#357:
>0:40.46,116.62;40.26,116.63;40.27,116.77;40.15,116.63;39.88,116.67;39.4,116.76;
#358:
>0:40.0,116.41;40.09,116.33;
#359:
>0:39.87,116.38;40.04,116.36;
#360:
>0:39.78,116.3;40.2,116.3;
#361:
>0:40.18,116.29;39.86,116.41;40.17,116.28;39.89,116.35;40.07,116.38;40.18,116.31;
#362:
>0:40.57,116.25;40.31,116.61;40.07,116.56;39.85,116.57;39.61,116.65;39.48,116.59;
#363:
>0:40.45,116.38;40.22,116.6;40.01,116.01;
#364:
>0:40.21,116.22;40.06,116.38;40.09,116.4;
#365:
>0:40.07,116.33;39.96,116.27;
#366:
>0:40.17,116.29;39.92,116.4;
#367:
>0:40.06,116.29;39.94,116.35;
#368:
>0:39.93,116.32;39.81,116.35;
#369:
>0:39.37,116.57;39.38,116.44;39.73,116.23;40.05,116.12;
#370:
>0:40.56,116.19;40.24,116.06;40.36,115.78;40.2,115.98;39.61,116.05;
#371:
>0:39.87,116.43;40.16,116.24;
#372:
>0:40.08,116.38;40.03,116.34;
#373:
>0:40.06,116.24;40.13,116.36;
#374:
>0:40.07,116.24;39.85,116.45;
#375:
>0:40.16,116.73;40.06,116.57;39.85,116.58;39.64,116.03;
#376:
>0:40.07,116.43;40.1,116.32;
#377:
>0:40.11,116.26;40.11,116.41;
#378:
>0:40.1,116.34;39.94,116.32;
#379:
>0:40.0,116.4;40.2,116.26;
#380:
>0:39.91,116.31;39.86,116.34;
#381:
>0:40.12,116.42;39.95,116.39;
#382:
>0:40.02,116.43;39.86,116.25;
#383:
>0:39.81,116.31;40.15,116.42;
#384:
>0:40.1,116.29;40.24,116.02;40.55,116.37;40.31,116.5;40.13,116.43;
#385:
>0:40.61,115.79;40.31,115.87;40.36,116.14;40.24,116.64;
#386:
>0:39.55,116.06;39.74,116.14;
#387:
>0:40.18,116.28;39.83,116.37;
#388:
>0:39.89,116.36;40.16,116.3;
#389:
>0:39.89,116.46;40.02,116.41;
#390:
>0:40.15,116.27;39.92,116.41;
#391:
>0:39.79,116.74;39.65,117.09;
#392:
>0:39.52,116.5;39.66,116.65;39.95,116.32;40.1,116.36;40.14,116.24;
#393:
>0:40.03,116.43;39.95,116.26;
#394:
>0:40.16,116.72;40.11,116.63;40.43,116.78;
#395:
>0:40.15,116.3;39.89,116.4;40.2,116.45;
#396:
>0:40.1,116.28;39.92,116.34;
#397:
>0:40.09,116.43;39.87,116.44;39.99,116.3;
#398:
>0:40.12,116.28;40.17,116.33;
#399:
>0:39.82,116.68;40.0,116.38;40.32,116.12;40.59,116.15;
#400:
>0:39.79,116.29;40.16,116.42;
#401:
>0:40.36,115.88;40.5,115.9;40.25,115.95;40.33,116.05;40.58,116.3;40.13,116.43;
#402:
>0:40.6,117.06;40.22,116.99;40.4,116.89;40.1,116.61;39.65,116.5;
#403:
>0:39.98,115.9;40.19,116.1;40.08,116.28;40.34,116.51;
#404:
>0:40.11,116.44;39.81,116.38;40.08,116.34;40.32,116.17;40.54,116.29;40.26,116.67;40.09,116.43;
#405:
>0:40.0,116.38;39.87,116.41;
#406:
>0:39.84,116.4;40.13,116.28;
#407:
>0:40.02,116.37;39.85,116.52;40.06,116.27;
#408:
>0:39.92,116.37;40.19,116.34;
#409:
>0:39.97,116.26;40.17,116.29;
#410:
>0:40.03,116.23;39.87,116.35;40.02,116.6;
#411:
>0:39.48,116.83;39.46,116.51;39.37,116.38;39.61,116.1;40.03,115.95;
#412:
>0:40.05,116.35;39.8,116.34;
#413:
>0:39.82,116.71;39.82,117.06;40.02,117.06;40.51,117.08;
#414:
>0:40.16,116.4;40.08,116.26;
#415:
>0:40.1,116.06;40.17,116.41;40.42,116.32;
#416:
>0:40.17,116.42;40.18,116.25;
#417:
>0:39.79,115.81;40.0,115.97;40.38,115.95;40.61,116.44;
#418:
>0:40.14,116.36;39.8,116.34;40.11,116.42;39.82,116.28;40.14,116.3;40.1,116.33;
#419:
>0:39.81,116.33;40.17,116.28;
#420:
>0:40.36,116.55;40.37,116.39;40.1,116.18;39.62,115.89;
#421:
>0:40.02,116.3;39.92,116.46;
#422:
>0:40.19,116.24;39.94,116.47;
#423:
>0:40.2,116.37;39.83,116.4;40.05,116.3;40.16,116.46;
#424:
>0:39.78,116.31;40.18,116.27;
#425:
>0:39.97,117.14;39.75,116.76;39.65,116.65;
#426:
>0:40.41,116.6;40.3,116.36;39.99,116.37;
#427:
>0:39.95,116.86;40.0,116.55;40.05,116.41;40.37,116.11;40.61,115.96;
#428:
>0:40.51,117.14;40.46,116.88;
#429:
>0:39.96,116.37;40.0,116.32;
#430:
>0:40.22,116.31;40.52,116.24;40.47,116.89;
#431:
>0:39.83,116.27;39.99,116.42;
#432:
>0:40.09,116.43;40.31,116.03;40.14,116.3;
#433:
>0:40.31,115.84;40.29,116.15;40.05,116.15;39.87,116.5;
#434:
>0:40.08,116.43;40.01,116.37;
#435:
>0:39.74,116.1;39.85,116.35;40.03,116.27;40.01,116.73;
#436:
>0:39.85,117.0;39.63,116.74;39.75,116.67;
#437:
>0:40.44,116.58;40.29,116.93;40.1,116.68;40.11,116.9;39.72,116.7;
#438:
>0:40.15,116.26;40.03,116.36;
#439:
>0:40.2,116.4;39.94,116.26;
#440:
>0:40.07,116.25;39.86,116.41;
#441:
>0:40.07,116.32;40.02,116.3;
#442:
>0:39.87,116.4;40.01,116.44;
#443:
>0:40.2,116.38;39.86,116.31;
#444:
>0:39.83,116.05;39.8,116.32;40.1,116.53;40.02,116.91;40.11,117.08;
#445:
>0:39.88,116.31;39.84,116.35;
#446:
>0:39.86,115.98;39.73,116.04;
#447:
>0:40.08,116.18;40.0,116.35;40.43,116.28;
#448:
>0:40.0,116.34;39.79,116.29;40.19,116.27;40.18,116.31;
#449:
>0:39.81,116.29;40.17,116.4;
#450:
>0:39.7,116.94;39.98,116.83;40.0,116.59;40.2,116.49;
#451:
>0:40.18,116.47;39.89,116.28;
#452:
>0:40.18,116.44;40.1,116.47;
#453:
>0:40.04,116.28;39.82,116.4;
