#0:
>0:39.92,116.36;39.94,116.3;40.02,116.32;40.03,116.28;40.01,116.32;
#1:
>0:39.96,116.44;40.03,116.48;40.05,116.49;40.09,116.36;
#2:
>0:40.05,116.23;40.0,116.25;39.96,116.31;39.93,116.36;39.85,116.44;
#3:
>0:39.99,116.22;39.98,116.28;40.02,116.33;39.89,116.37;
#4:
>0:39.94,116.33;39.99,116.38;39.97,116.31;
#5:
>0:39.92,116.22;39.89,116.27;39.94,116.26;40.02,116.34;40.09,116.41;
#6:
>0:40.04,116.37;40.07,116.33;
#7:
>0:39.98,116.21;39.93,116.23;39.88,116.2;39.84,116.22;
#8:
>0:39.86,116.23;39.9,116.24;39.97,116.25;39.99,116.29;40.06,116.36;40.09,116.48;
#9:
>0:39.91,116.32;39.94,116.39;39.97,116.43;39.99,116.45;40.08,116.43;
#10:
>0:39.94,116.25;39.97,116.19;40.02,116.28;40.12,116.28;
#11:
>0:39.94,116.46;40.01,116.42;40.02,116.36;40.02,116.3;39.98,116.28;40.01,116.23;
#12:
>0:40.11,116.38;40.05,116.42;
#13:
>0:39.83,116.46;39.89,116.44;39.91,116.37;
#14:
>0:40.02,116.45;39.95,116.47;39.9,116.42;39.85,116.48;
#15:
>0:39.93,116.27;39.99,116.33;40.05,116.34;
#16:
>0:39.96,116.32;40.02,116.34;39.95,116.34;
#17:
>0:39.89,116.25;39.88,116.31;39.87,116.36;39.86,116.43;
#18:
>0:40.0,116.34;40.06,116.25;
#19:
>0:39.89,116.31;39.95,116.34;39.97,116.41;39.99,116.45;40.11,116.4;
#20:
>0:40.01,116.44;40.02,116.4;40.0,116.35;39.93,116.38;40.01,116.28;
#21:
>0:39.94,116.32;39.94,116.36;
#22:
>0:40.04,116.2;40.07,116.26;40.1,116.28;40.07,116.38;
#23:
>0:39.9,116.26;39.93,116.23;39.98,116.24;40.07,116.24;
#24:
>0:40.04,116.32;40.06,116.37;40.01,116.39;39.93,116.49;39.87,116.36;
#25:
>0:40.04,116.3;40.04,116.25;40.06,116.2;
#26:
>0:39.95,116.34;39.96,116.36;
#27:
>0:40.01,116.44;39.99,116.43;39.94,116.35;40.0,116.31;
#28:
>0:40.05,116.33;40.09,116.38;40.0,116.44;
#29:
>0:40.01,116.32;40.07,116.25;40.12,116.28;
#30:
>0:40.04,116.43;40.02,116.34;40.0,116.3;40.02,116.25;40.01,116.19;
#31:
>0:39.91,116.21;39.9,116.26;39.95,116.23;40.0,116.26;40.11,116.22;
#32:
>0:40.06,116.19;40.02,116.25;39.94,116.32;39.96,116.36;39.87,116.44;
#33:
>0:40.11,116.41;40.04,116.37;39.99,116.3;39.95,116.34;39.91,116.24;39.85,116.25;
#34:
>0:39.95,116.23;39.99,116.26;40.07,116.27;40.09,116.32;40.08,116.39;
#35:
>0:39.97,116.33;40.02,116.35;39.96,116.34;
#36:
>0:39.9,116.22;39.92,116.24;39.96,116.22;39.98,116.28;40.11,116.2;
#37:
>0:39.93,116.3;40.0,116.36;39.97,116.33;
#38:
>0:39.89,116.23;39.91,116.27;39.94,116.19;40.01,116.25;40.08,116.2;
#39:
>0:40.05,116.36;39.99,116.32;40.01,116.25;
#40:
>0:40.06,116.28;40.0,116.27;39.96,116.27;39.9,116.25;
#41:
>0:40.03,116.22;40.02,116.27;39.96,116.29;39.97,116.37;39.86,116.43;
#42:
>0:40.1,116.29;40.05,116.26;40.0,116.24;39.94,116.32;39.88,116.25;39.84,116.28;
#43:
>0:40.0,116.31;40.05,116.25;
#44:
>0:39.93,116.24;40.02,116.33;40.06,116.35;
#45:
>0:39.98,116.46;40.0,116.41;40.02,116.34;39.95,116.31;
#46:
>0:39.91,116.33;39.91,116.29;39.92,116.32;39.92,116.32;39.92,116.32;39.92,116.33;39.88,116.33;39.92,116.33;39.92,116.31;
#47:
>0:39.84,116.39;39.87,116.29;39.84,116.27;39.87,116.24;
#48:
>0:39.83,116.22;39.87,116.28;39.91,116.26;39.83,116.31;39.84,116.41;
#49:
>0:40.06,116.39;40.03,116.47;40.02,116.39;39.9,116.43;
#50:
>0:40.01,116.37;40.0,116.39;39.99,116.49;
#51:
>0:40.06,116.43;39.99,116.34;39.93,116.36;39.95,116.31;39.97,116.23;
#52:
>0:40.11,116.48;40.08,116.43;40.1,116.35;40.11,116.29;
#53:
>0:40.04,116.42;40.09,116.37;40.09,116.32;40.12,116.25;40.09,116.22;
