#0:
>0:39.99,116.31;39.94,116.25;39.92,116.19;39.93,116.24;39.88,116.21;39.9,116.28;39.93,116.2;39.9,116.23;39.94,116.29;39.91,116.19;39.95,116.24;39.98,116.24;40.04,116.32;39.99,116.28;40.05,116.32;40.01,116.26;40.03,116.33;40.02,116.25;39.98,116.33;39.95,116.38;39.96,116.33;39.95,116.35;40.0,116.33;39.94,116.36;39.96,116.34;39.96,116.35;39.97,116.33;39.95,116.37;39.99,116.32;39.94,116.38;39.9,116.34;39.87,116.43;39.9,116.39;39.94,116.46;39.88,116.44;39.98,116.46;39.92,116.48;39.84,116.48;39.85,116.41;39.91,116.43;39.93,116.49;39.88,116.47;39.93,116.48;39.91,116.49;39.97,116.44;39.93,116.48;39.99,116.48;40.03,116.48;40.1,116.39;40.08,116.5;40.09,116.43;40.1,116.35;40.09,116.33;40.05,116.25;40.01,116.29;40.02,116.34;40.05,116.41;39.98,116.47;39.96,116.44;39.9,116.37;39.97,116.36;39.96,116.32;40.01,116.33;40.0,116.39;40.04,116.38;40.08,116.29;40.04,116.24;40.11,116.31;40.02,116.3;
#1:
>0:39.88,116.32;39.9,116.31;39.97,116.29;39.98,116.3;40.1,116.25;
#2:
>0:39.93,116.4;40.0,116.36;40.07,116.31;40.11,116.24;
#3:
>0:39.83,116.34;39.86,116.3;39.9,116.38;40.02,116.42;
#4:
>0:40.04,116.2;40.04,116.24;40.09,116.34;40.04,116.34;40.09,116.35;40.07,116.48;
#5:
>0:39.87,116.43;39.88,116.43;39.95,116.4;
#6:
>0:40.03,116.39;40.01,116.31;39.94,116.25;39.88,116.21;39.87,116.19;
#7:
>0:40.08,116.49;40.11,116.41;40.05,116.37;
#8:
>0:40.12,116.38;40.1,116.44;40.07,116.4;40.0,116.47;39.89,116.39;
#9:
>0:40.05,116.25;39.98,116.32;39.96,116.34;39.89,116.35;39.93,116.48;
#10:
>0:39.98,116.36;39.99,116.32;40.03,116.33;
#11:
>0:39.89,116.37;39.93,116.37;39.99,116.37;
#12:
>0:40.12,116.32;40.07,116.33;
#13:
>0:39.93,116.34;39.98,116.29;
#14:
>0:39.89,116.4;39.94,116.4;40.0,116.41;
#15:
>0:40.05,116.35;40.06,116.41;40.01,116.44;39.92,116.43;
#16:
>0:39.95,116.25;39.9,116.21;39.83,116.23;
#17:
>0:39.98,116.35;39.94,116.37;39.97,116.33;
#18:
>0:40.05,116.47;40.01,116.42;39.95,116.37;39.92,116.33;39.84,116.24;
#19:
>0:39.99,116.32;39.97,116.32;
#20:
>0:39.88,116.29;39.84,116.34;39.85,116.33;39.92,116.3;39.97,116.36;39.93,116.37;39.88,116.33;
#21:
>0:40.02,116.44;39.99,116.48;
#22:
>0:39.89,116.31;39.86,116.31;
#23:
>0:39.84,116.29;39.88,116.36;39.93,116.34;39.98,116.42;40.03,116.44;
#24:
>0:40.02,116.34;40.05,116.36;40.07,116.33;39.94,116.19;
#25:
>0:39.93,116.37;39.91,116.29;39.93,116.25;40.06,116.22;
#26:
>0:39.95,116.34;40.02,116.35;
#27:
>0:40.08,116.51;40.12,116.4;40.1,116.38;40.07,116.3;39.98,116.28;39.91,116.22;
#28:
>0:39.95,116.43;39.89,116.34;39.99,116.31;40.07,116.29;
#29:
>0:39.93,116.34;39.92,116.41;39.86,116.43;
#30:
>0:40.04,116.24;40.11,116.32;
#31:
>0:39.85,116.36;39.84,116.31;39.93,116.31;39.93,116.19;40.05,116.19;
#32:
>0:40.01,116.4;39.93,116.45;
#33:
>0:39.92,116.39;39.96,116.34;39.97,116.32;39.97,116.35;39.99,116.33;39.96,116.35;40.0,116.32;39.96,116.37;39.99,116.33;39.95,116.39;40.0,116.3;39.97,116.36;39.99,116.33;39.99,116.33;39.98,116.32;
#34:
>0:39.92,116.45;39.95,116.39;39.9,116.38;39.91,116.3;39.99,116.25;
#35:
>0:39.85,116.36;39.83,116.29;39.9,116.31;39.94,116.22;40.05,116.21;
#36:
>0:39.91,116.38;39.93,116.37;40.02,116.4;40.07,116.41;40.08,116.48;
#37:
>0:39.99,116.3;39.97,116.33;
#38:
>0:39.88,116.48;39.98,116.41;39.91,116.34;39.86,116.33;39.87,116.27;
#39:
>0:39.91,116.49;39.96,116.41;39.88,116.35;39.89,116.33;39.97,116.28;40.06,116.23;
#40:
>0:40.1,116.23;40.04,116.25;39.98,116.32;39.97,116.24;39.88,116.31;39.87,116.42;
#41:
>0:39.97,116.34;39.95,116.34;
#42:
>0:39.88,116.38;39.84,116.33;39.9,116.28;39.94,116.21;40.04,116.23;
#43:
>0:39.99,116.33;40.02,116.36;
#44:
>0:39.98,116.46;39.97,116.44;39.93,116.35;39.96,116.33;
#45:
>0:40.03,116.34;39.98,116.31;39.94,116.24;39.89,116.2;39.87,116.23;
#46:
>0:39.94,116.28;39.95,116.32;
#47:
>0:39.84,116.22;39.91,116.28;39.95,116.31;39.96,116.38;40.01,116.41;40.09,116.43;
#48:
>0:39.88,116.31;39.85,116.35;
#49:
>0:39.92,116.34;39.91,116.34;39.94,116.43;39.99,116.47;40.09,116.41;
#50:
>0:39.83,116.26;39.91,116.31;39.91,116.34;39.96,116.4;
#51:
>0:39.84,116.29;39.92,116.27;39.93,116.19;39.96,116.26;39.99,116.19;40.11,116.21;
#52:
>0:39.97,116.34;39.98,116.33;
#53:
>0:40.11,116.27;40.04,116.23;39.98,116.19;
