#0:
>0:39.91,116.22;39.94,116.22;40.02,116.25;39.98,116.33;40.01,116.35;39.93,116.47;
#1:
>0:40.02,116.43;39.97,116.34;
#2:
>0:40.09,116.27;40.1,116.31;40.04,116.31;39.96,116.19;
#3:
>0:39.96,116.22;39.92,116.27;39.88,116.34;39.85,116.36;39.86,116.41;
#4:
>0:40.02,116.47;40.07,116.4;40.05,116.38;40.03,116.33;40.02,116.28;39.99,116.23;
#5:
>0:39.89,116.35;39.94,116.32;39.95,116.38;39.94,116.33;40.02,116.24;39.95,116.19;40.02,116.32;
#6:
>0:39.98,116.29;40.07,116.24;40.06,116.23;
#7:
>0:40.03,116.33;40.02,116.27;
#8:
>0:39.94,116.29;39.97,116.3;
#9:
>0:39.98,116.19;39.97,116.28;
#10:
>0:39.96,116.32;39.97,116.31;
#11:
>0:40.0,116.2;39.95,116.26;39.89,116.21;39.86,116.28;
#12:
>0:40.09,116.44;40.04,116.43;40.03,116.37;40.09,116.3;40.0,116.24;
#13:
>0:39.93,116.29;39.91,116.39;39.97,116.34;
#14:
>0:40.05,116.37;40.06,116.4;40.0,116.48;39.98,116.46;39.85,116.48;
#15:
>0:40.03,116.39;40.07,116.36;
#16:
>0:40.11,116.23;40.06,116.28;40.01,116.31;39.95,116.31;39.93,116.39;39.86,116.44;
#17:
>0:39.97,116.33;39.97,116.35;40.0,116.35;39.92,116.48;
#18:
>0:40.0,116.45;40.0,116.44;40.03,116.4;40.13,116.34;
#19:
>0:39.93,116.44;40.01,116.44;39.99,116.39;40.12,116.44;
#20:
>0:40.08,116.36;40.09,116.3;40.1,116.25;
#21:
>0:39.91,116.23;39.95,116.2;
#22:
>0:39.87,116.32;39.9,116.25;39.97,116.24;39.99,116.22;40.03,116.21;40.08,116.24;
#23:
>0:39.97,116.37;39.93,116.32;40.06,116.29;
#24:
>0:39.98,116.42;40.07,116.45;
#25:
>0:40.01,116.43;39.98,116.34;39.97,116.34;40.0,116.28;
#26:
>0:39.89,116.43;39.84,116.44;
#27:
>0:40.1,116.26;40.11,116.29;40.04,116.33;39.98,116.35;39.92,116.45;
#28:
>0:40.01,116.21;39.97,116.26;39.98,116.32;
#29:
>0:39.98,116.34;39.96,116.32;39.93,116.36;39.93,116.32;
#30:
>0:40.01,116.26;40.04,116.24;
#31:
>0:39.96,116.24;39.97,116.19;40.04,116.25;
#32:
>0:39.88,116.32;39.94,116.31;39.93,116.36;40.07,116.43;
#33:
>0:39.98,116.3;39.96,116.33;
#34:
>0:39.9,116.49;39.87,116.44;39.89,116.36;39.97,116.32;40.04,116.25;
#35:
>0:39.87,116.31;39.9,116.36;39.95,116.35;39.83,116.47;
#36:
>0:39.88,116.4;39.88,116.38;39.96,116.3;40.01,116.27;40.1,116.19;
#37:
>0:39.85,116.32;39.92,116.27;39.95,116.26;40.02,116.23;40.05,116.21;40.11,116.24;
#38:
>0:40.08,116.29;40.05,116.33;40.02,116.39;40.02,116.39;39.91,116.42;
#39:
>0:39.93,116.31;39.91,116.37;39.93,116.34;39.95,116.34;39.94,116.34;39.96,116.33;39.97,116.29;
#40:
>0:40.0,116.27;40.01,116.3;39.93,116.35;39.83,116.36;
#41:
>0:40.11,116.45;40.04,116.4;40.07,116.38;40.11,116.29;40.11,116.27;
#42:
>0:40.06,116.46;39.98,116.43;39.96,116.48;39.88,116.41;39.84,116.32;
#43:
>0:39.93,116.47;39.97,116.44;
#44:
>0:39.96,116.32;39.95,116.31;
#45:
>0:39.95,116.31;39.96,116.33;
#46:
>0:39.96,116.48;39.97,116.49;
#47:
>0:39.97,116.29;39.96,116.34;39.97,116.31;39.95,116.36;39.95,116.31;39.93,116.32;
#48:
>0:39.96,116.31;40.01,116.34;39.95,116.3;
#49:
>0:39.95,116.32;39.94,116.33;
#50:
>0:39.99,116.44;39.95,116.48;39.9,116.47;
#51:
>0:40.08,116.49;40.07,116.41;40.0,116.35;40.02,116.32;39.97,116.24;39.83,116.26;
#52:
>0:40.02,116.33;39.95,116.38;39.97,116.43;39.85,116.41;
#53:
>0:39.87,116.24;39.9,116.19;39.94,116.22;40.02,116.32;
