#0:
>0:39.92,109.53;39.54,108.83;
#1:
>0:36.45,110.64;37.08,108.98;38.18,112.66;38.81,113.02;39.58,112.37;
#2:
>0:39.8,117.08;39.93,118.26;
#3:
>0:37.18,110.37;38.18,111.22;38.41,113.53;
#4:
>0:38.43,119.12;38.44,116.68;38.01,115.0;37.45,111.72;37.03,110.53;
#5:
>0:40.59,115.65;40.37,117.0;
#6:
>0:39.57,111.45;38.93,108.97;38.3,110.81;37.32,108.89;
#7:
>0:39.19,108.88;39.48,112.66;40.19,113.5;
#8:
>0:39.83,116.9;40.41,116.84;
#9:
>0:40.05,116.41;40.39,117.88;
#10:
>0:40.45,116.72;40.33,116.94;
#11:
>0:37.28,113.26;38.3,114.15;
#12:
>0:39.72,109.63;39.19,106.94;37.78,110.94;
#13:
>0:36.42,111.59;37.59,109.34;38.37,111.9;39.21,111.16;39.28,112.23;
#14:
>0:37.21,115.56;37.82,113.38;36.56,111.16;
#15:
>0:36.37,118.66;37.5,116.1;37.5,113.58;
#16:
>0:40.03,118.18;40.18,116.6;
#17:
>0:37.45,112.46;38.26,113.65;37.75,117.32;38.32,118.74;
#18:
>0:39.24,110.08;39.2,112.57;38.89,113.09;38.48,116.81;
#19:
>0:40.27,117.43;39.97,117.43;
#20:
>0:40.12,117.81;40.33,117.15;40.43,118.19;40.59,115.58;40.49,116.58;
#21:
>0:40.1,117.61;40.39,118.12;
#22:
>0:36.56,112.45;37.35,109.89;38.23,112.37;38.72,112.04;39.42,112.56;
#23:
>0:40.17,116.75;40.16,117.15;
#24:
>0:40.19,117.04;40.06,117.04;
#25:
>0:37.36,113.95;37.45,116.47;39.08,117.86;
#26:
>0:39.85,118.69;40.04,117.21;
#27:
>0:40.21,117.13;40.5,116.95;
#28:
>0:38.43,108.95;38.3,112.86;38.52,108.94;40.09,110.64;
#29:
>0:36.61,117.05;36.16,115.19;37.03,116.03;37.8,116.64;39.01,113.52;40.57,110.26;
#30:
>0:39.82,117.97;39.75,116.59;
#31:
>0:37.64,108.82;38.03,111.51;38.68,111.68;39.44,114.1;40.19,118.22;
#32:
>0:40.22,112.17;40.01,109.75;38.82,108.64;
#33:
>0:38.71,107.44;38.4,110.22;37.64,112.18;37.84,111.55;36.63,115.3;
#34:
>0:40.07,116.73;40.7,115.58;39.9,117.23;40.53,115.42;40.27,117.69;40.18,116.15;
#35:
>0:37.46,116.93;38.0,116.08;39.08,116.92;
#36:
>0:39.94,117.37;40.32,117.68;
#37:
>0:36.28,117.19;36.73,113.45;37.79,116.77;
#38:
>0:40.27,116.16;39.67,116.86;
#39:
>0:40.36,116.99;39.93,117.26;
#40:
>0:39.87,111.26;38.58,113.86;38.22,116.83;37.26,117.72;
#41:
>0:40.26,117.15;39.78,116.3;
#42:
>0:37.37,115.58;38.39,116.08;
#43:
>0:40.58,116.54;40.54,117.35;
#44:
>0:40.04,116.28;40.02,117.27;
#45:
>0:40.36,117.17;39.76,117.16;
#46:
>0:39.74,112.31;38.51,114.07;38.18,116.72;37.81,113.48;36.59,115.3;
#47:
>0:40.01,116.98;39.84,118.07;
#48:
>0:39.58,108.34;39.15,110.41;37.9,109.29;37.56,110.42;
#49:
>0:39.68,117.4;39.82,116.93;
#50:
>0:40.02,114.26;40.51,118.69;39.67,118.8;39.07,115.81;37.13,119.02;
#51:
>0:38.56,112.81;39.58,114.7;
#52:
>0:38.92,117.42;38.36,116.44;38.06,114.3;37.46,111.02;37.07,108.89;
#53:
>0:37.85,108.01;37.99,109.63;37.79,111.43;37.66,113.28;37.16,117.02;36.29,119.25;
#54:
>0:36.49,118.38;37.26,116.93;37.85,113.78;38.52,116.45;40.17,117.27;
#55:
>0:40.19,118.13;39.04,114.03;38.07,111.0;37.26,109.86;37.27,106.93;
#56:
>0:39.42,112.65;40.34,112.95;
#57:
>0:40.56,116.72;39.95,116.35;40.53,116.49;40.2,118.19;40.76,115.77;40.28,117.73;
#58:
>0:36.39,118.27;37.64,116.31;38.22,115.59;38.04,111.33;
#59:
>0:36.42,107.47;37.5,110.78;37.74,112.98;38.1,113.83;36.72,115.94;
#60:
>0:36.63,115.2;36.24,111.91;36.31,110.57;
#61:
>0:39.21,118.46;37.72,116.56;38.33,115.09;36.39,112.37;
#62:
>0:40.4,117.09;40.16,117.2;
#63:
>0:39.96,116.8;40.27,116.86;
#64:
>0:36.75,119.43;37.61,119.0;
#65:
>0:37.34,111.71;36.95,113.12;38.21,116.14;40.3,117.37;
#66:
>0:39.06,116.58;37.93,113.22;
#67:
>0:40.19,116.7;40.09,117.48;
#68:
>0:39.73,117.57;40.46,117.92;
#69:
>0:40.43,117.64;39.78,116.2;40.76,116.3;39.46,113.82;39.13,110.08;
#70:
>0:40.48,110.89;40.71,112.46;
#71:
>0:40.53,117.27;40.08,117.77;
#72:
>0:38.02,115.46;38.54,113.16;
#73:
>0:38.18,110.24;38.39,112.81;
#74:
>0:40.4,116.08;40.06,116.68;
#75:
>0:38.87,112.56;37.72,110.6;37.01,108.68;36.81,107.16;
#76:
>0:40.43,116.33;39.7,117.52;
#77:
>0:37.28,106.78;38.08,110.43;38.84,112.8;39.24,113.47;
#78:
>0:40.53,116.45;40.79,115.57;
#79:
>0:36.33,111.74;37.4,109.45;38.21,113.96;
#80:
>0:37.38,118.2;37.9,118.63;
#81:
>0:40.56,116.46;40.32,117.55;
#82:
>0:37.68,113.81;37.95,111.46;39.18,112.55;39.63,114.93;40.06,113.37;
#83:
>0:40.3,117.65;40.29,117.82;
#84:
>0:40.45,116.14;40.63,116.67;39.59,119.07;38.15,119.22;
#85:
>0:39.17,108.94;39.81,112.64;40.65,114.36;40.33,117.13;40.75,117.64;
#86:
>0:39.89,117.05;39.9,118.13;
#87:
>0:40.07,112.42;40.33,111.7;
#88:
>0:37.06,108.44;37.86,110.25;39.19,111.28;
#89:
>0:39.91,111.49;38.77,114.26;38.01,116.13;37.78,118.45;
#90:
>0:36.93,113.68;37.42,111.88;37.94,111.94;39.16,109.02;39.32,109.36;
#91:
>0:39.09,109.44;38.19,108.09;37.41,107.09;36.41,107.58;
#92:
>0:40.09,116.11;40.72,116.83;40.44,118.41;39.32,119.36;40.69,119.3;40.13,116.52;
#93:
>0:40.3,118.26;40.16,115.26;39.02,111.36;
#94:
>0:36.92,117.97;36.54,116.24;
#95:
>0:38.6,119.23;37.95,117.49;37.57,117.94;
#96:
>0:40.09,116.31;40.2,115.78;
#97:
>0:40.05,116.37;39.87,116.21;
#98:
>0:40.12,117.55;40.0,117.67;38.73,117.78;
#99:
>0:38.23,112.61;37.64,113.12;37.08,116.26;36.64,119.22;
#100:
>0:39.86,116.56;38.54,114.21;37.95,112.41;38.35,110.61;38.01,107.38;
#101:
>0:37.87,111.46;39.11,111.45;37.71,113.22;38.29,117.88;
#102:
>0:40.06,116.57;39.93,116.87;
#103:
>0:38.54,108.79;39.72,112.57;40.11,113.82;
#104:
>0:40.24,117.17;40.53,118.26;
#105:
>0:37.8,118.97;38.32,116.49;37.75,113.2;37.16,114.26;38.23,111.08;39.56,108.18;
#106:
>0:40.01,116.59;40.18,116.69;
#107:
>0:38.27,111.55;37.59,111.94;36.82,113.84;36.97,119.52;
#108:
>0:40.6,116.47;40.44,117.39;
#109:
>0:38.09,112.17;39.24,111.65;40.14,118.15;
#110:
>0:40.08,107.19;39.73,107.76;39.22,107.0;38.03,108.01;37.09,107.3;36.29,107.33;
#111:
>0:38.49,114.98;40.27,117.17;
#112:
>0:37.64,110.2;36.56,109.8;
#113:
>0:40.11,117.36;39.92,117.92;
#114:
>0:40.53,117.71;39.91,117.43;
#115:
>0:39.7,117.45;40.37,117.9;
#116:
>0:40.75,116.73;39.56,117.95;40.35,117.01;40.45,117.34;39.83,116.96;
#117:
>0:40.26,116.14;40.48,116.93;
#118:
>0:36.48,108.51;37.38,110.52;38.36,111.36;38.48,111.32;39.94,113.71;40.01,117.56;
#119:
>0:37.06,115.71;38.35,113.22;39.06,115.65;40.15,118.04;
#120:
>0:36.63,117.43;36.62,116.38;
#121:
>0:40.42,117.88;40.33,116.26;
#122:
>0:40.51,110.08;39.37,108.7;38.85,108.3;37.76,108.57;
#123:
>0:40.22,116.55;40.46,116.09;39.96,118.15;39.36,119.36;40.03,118.75;40.54,116.65;
#124:
>0:38.15,118.19;36.96,118.57;
#125:
>0:40.32,118.08;40.31,117.68;
#126:
>0:37.87,109.67;39.03,112.11;39.41,113.69;40.16,116.64;
#127:
>0:36.78,113.62;37.26,111.62;36.75,112.2;37.76,108.12;
#128:
>0:39.61,113.61;39.17,111.8;
#129:
>0:40.6,119.1;40.11,117.48;39.55,114.09;39.49,112.61;39.0,109.75;38.54,108.34;
#130:
>0:40.34,116.71;40.26,117.13;
#131:
>0:39.7,111.56;40.66,112.5;
#132:
>0:37.81,118.5;37.93,116.11;36.39,114.42;
#133:
>0:40.61,118.01;40.39,117.77;
#134:
>0:36.87,114.19;36.43,111.01;
#135:
>0:40.2,118.11;40.42,116.43;
#136:
>0:40.21,117.54;40.14,117.72;
#137:
>0:40.5,116.8;39.9,117.16;
#138:
>0:36.42,116.25;37.08,117.7;38.04,118.52;
#139:
>0:40.72,116.63;39.97,116.63;40.25,116.96;40.13,117.57;
#140:
>0:40.37,118.06;40.12,117.82;
#141:
>0:36.38,116.0;37.48,113.69;38.28,111.3;38.94,110.14;38.56,107.22;
#142:
>0:39.52,114.55;40.05,111.04;
#143:
>0:39.51,113.09;38.77,112.53;37.87,108.8;37.89,106.75;
#144:
>0:37.35,109.97;37.91,112.52;38.71,111.98;39.29,111.47;
#145:
>0:37.81,117.44;37.02,118.81;
#146:
>0:38.2,111.67;38.73,112.59;39.66,111.9;
#147:
>0:39.84,117.9;40.01,116.83;
#148:
>0:40.13,116.85;40.4,116.52;
#149:
>0:37.24,116.08;38.08,114.44;36.81,112.2;
#150:
>0:40.13,117.35;40.46,117.11;
#151:
>0:40.22,116.95;40.13,116.82;
#152:
>0:39.42,114.4;39.66,113.84;
#153:
>0:39.75,116.59;40.02,116.91;
#154:
>0:37.21,119.43;36.59,115.23;36.52,114.16;36.59,112.9;36.47,110.8;36.23,107.82;
#155:
>0:39.96,118.16;40.32,118.04;
#156:
>0:36.46,118.86;37.2,117.35;38.42,114.4;38.85,115.55;40.21,117.12;
#157:
>0:40.08,117.26;39.72,117.42;40.35,116.77;40.04,117.0;
#158:
>0:36.52,116.19;36.62,115.02;38.22,116.63;
#159:
>0:39.96,117.14;39.97,116.66;
#160:
>0:37.41,107.35;37.8,110.01;38.14,111.37;38.92,111.17;40.25,117.11;
#161:
>0:39.89,116.84;40.46,118.23;
#162:
>0:39.32,107.31;39.85,110.66;38.61,111.38;38.47,114.89;37.83,115.38;
#163:
>0:40.14,116.92;38.56,114.54;
#164:
>0:38.11,111.34;38.37,111.02;
#165:
>0:39.02,110.24;39.8,112.34;40.65,113.93;
#166:
>0:39.17,108.93;38.38,111.25;37.84,113.06;
#167:
>0:40.43,118.02;40.16,116.36;
#168:
>0:36.76,118.96;37.62,119.58;38.39,117.5;39.02,118.16;39.97,117.96;
#169:
>0:39.78,117.14;40.23,118.04;
#170:
>0:39.09,110.4;38.16,112.56;38.3,114.89;
#171:
>0:39.79,118.07;39.97,117.57;
#172:
>0:40.66,115.39;40.2,117.21;
#173:
>0:37.83,107.88;39.06,107.59;37.92,109.73;38.33,111.17;37.77,113.97;38.04,117.9;
#174:
>0:38.59,109.31;37.91,112.38;37.1,115.06;37.14,117.19;36.66,118.18;
#175:
>0:40.12,117.11;39.99,116.21;
#176:
>0:40.51,111.46;40.61,113.33;40.42,117.18;40.57,117.89;
#177:
>0:36.26,115.33;36.66,115.1;38.2,115.73;
#178:
>0:40.41,117.56;39.99,116.82;
#179:
>0:40.11,115.96;40.28,116.65;
#180:
>0:40.08,117.99;40.41,118.22;
#181:
>0:36.86,114.23;37.45,112.79;36.75,111.1;38.2,106.85;
#182:
>0:36.35,110.16;36.6,106.7;37.77,111.84;
#183:
>0:39.92,116.68;39.93,117.67;
#184:
>0:38.87,106.84;37.83,109.86;36.95,111.6;
#185:
>0:38.33,117.39;37.27,119.21;
#186:
>0:38.95,112.31;38.32,108.88;37.2,106.58;36.84,106.97;
#187:
>0:39.97,117.66;40.11,116.7;
#188:
>0:40.29,116.32;40.28,117.9;
#189:
>0:36.39,113.08;36.51,115.76;
#190:
>0:38.75,112.79;39.8,111.71;
#191:
>0:39.94,117.82;40.05,116.61;
#192:
>0:40.02,116.52;38.58,114.45;38.44,111.09;37.0,109.99;36.35,108.25;
#193:
>0:40.24,116.43;40.12,117.28;
#194:
>0:40.14,117.29;40.23,117.3;
#195:
>0:40.35,118.73;40.11,117.81;40.27,115.46;39.74,113.75;38.64,109.69;
#196:
>0:40.06,115.99;39.97,116.76;40.32,116.15;
#197:
>0:40.31,116.75;40.63,118.01;
#198:
>0:39.19,116.89;39.47,114.83;39.29,112.97;40.01,109.14;
#199:
>0:40.04,116.49;40.78,116.28;39.51,114.75;40.23,109.9;
#200:
>0:40.65,110.64;39.42,110.94;39.88,113.97;40.39,117.17;
#201:
>0:39.43,107.89;40.29,106.58;39.55,110.69;39.58,114.3;
#202:
>0:40.67,108.26;39.69,108.2;39.83,110.95;
#203:
>0:40.02,118.1;40.27,117.64;
#204:
>0:40.11,117.63;39.85,117.68;
#205:
>0:38.73,115.69;38.25,114.85;
#206:
>0:38.77,107.07;38.39,110.36;37.97,111.72;39.66,114.3;
#207:
>0:40.59,117.58;40.22,117.41;
#208:
>0:39.87,116.12;40.22,116.2;
#209:
>0:36.77,115.21;37.57,111.72;36.24,112.18;37.93,107.76;
#210:
>0:39.91,116.44;40.34,116.66;
#211:
>0:36.96,112.02;38.03,114.61;37.76,116.56;37.73,119.52;
#212:
>0:39.97,107.16;38.96,108.98;
#213:
>0:40.45,116.22;40.44,117.07;
#214:
>0:38.8,107.15;38.08,109.0;38.44,112.34;37.85,113.86;37.83,115.84;
#215:
>0:37.89,118.52;38.7,115.38;39.36,113.06;39.98,112.94;40.48,108.77;39.41,108.05;
#216:
>0:40.56,116.14;40.53,117.09;39.63,118.28;38.48,117.59;
#217:
>0:40.04,118.19;39.98,116.85;
#218:
>0:39.98,112.62;38.51,110.82;38.3,108.25;37.47,108.01;36.56,107.38;
#219:
>0:39.74,112.13;39.02,112.77;38.41,111.85;37.04,111.44;
#220:
>0:40.07,117.15;40.03,119.07;40.45,117.32;40.16,115.36;40.26,117.18;40.17,116.97;
#221:
>0:40.48,117.1;40.21,118.05;
#222:
>0:37.73,111.73;38.5,109.63;38.69,106.69;
#223:
>0:40.51,118.26;40.12,117.18;
#224:
>0:37.89,112.85;38.11,113.63;37.56,114.44;37.3,118.38;
#225:
>0:36.5,115.54;37.5,114.97;38.11,111.05;38.97,109.75;39.11,108.4;
#226:
>0:38.88,107.84;38.23,110.23;38.36,111.95;
#227:
>0:40.28,118.09;40.05,116.91;
#228:
>0:38.53,117.88;37.92,119.3;37.24,119.44;
#229:
>0:39.05,119.04;38.09,115.71;38.36,115.07;38.14,112.59;
#230:
>0:37.19,113.45;38.33,113.98;
#231:
>0:39.75,116.9;39.9,117.58;
#232:
>0:39.32,119.23;39.92,118.31;
#233:
>0:40.59,117.09;40.41,116.3;
#234:
>0:39.88,117.16;40.27,116.91;
#235:
>0:40.39,113.15;39.55,112.13;38.82,111.82;
#236:
>0:39.07,109.63;37.8,108.5;37.49,107.04;36.52,108.41;
#237:
>0:40.45,116.46;40.59,116.33;
#238:
>0:40.01,116.54;39.81,117.74;
#239:
>0:39.41,112.54;38.69,109.42;37.71,109.07;37.24,109.57;
#240:
>0:40.25,119.38;40.6,116.94;40.08,116.18;39.41,114.37;40.07,109.66;
#241:
>0:39.84,117.8;39.09,116.92;39.04,113.43;
#242:
>0:40.08,118.65;40.24,116.99;
#243:
>0:39.96,116.16;40.25,116.4;
#244:
>0:40.47,115.71;40.2,118.2;
#245:
>0:40.32,116.75;39.99,117.12;
#246:
>0:37.7,113.05;37.56,113.91;38.59,114.73;
#247:
>0:37.75,108.8;38.24,110.95;38.7,110.28;40.57,110.74;
#248:
>0:39.77,117.13;39.93,116.32;
#249:
>0:40.56,116.13;40.59,117.97;
#250:
>0:38.74,114.5;40.23,116.47;40.13,118.3;
#251:
>0:40.22,117.85;40.39,116.53;
#252:
>0:36.84,114.4;37.0,116.48;37.91,116.9;39.19,114.31;39.6,119.45;
#253:
>0:39.22,117.36;37.78,115.35;37.19,114.04;36.32,112.52;36.36,108.14;
#254:
>0:37.28,109.73;37.98,112.82;39.12,111.31;39.42,114.64;40.05,118.96;
#255:
>0:39.17,116.98;38.14,113.28;
#256:
>0:37.82,113.09;39.02,116.04;39.84,111.2;
#257:
>0:36.36,111.16;37.54,108.7;38.0,111.0;38.9,112.54;39.72,113.03;
#258:
>0:38.18,117.78;38.6,116.09;40.29,116.85;
#259:
>0:40.35,115.87;40.37,117.62;39.9,118.71;38.66,115.39;37.2,117.51;
#260:
>0:38.09,111.93;36.99,114.71;36.76,114.5;37.51,119.58;
#261:
>0:40.38,113.79;40.32,112.67;
#262:
>0:40.16,116.91;40.4,117.94;
#263:
>0:37.61,115.7;37.77,114.9;38.98,115.57;39.98,117.67;
#264:
>0:40.33,117.64;40.21,118.01;
#265:
>0:39.18,114.51;39.4,112.61;40.2,110.5;39.98,107.26;
#266:
>0:40.46,116.14;40.36,116.96;
#267:
>0:36.19,111.11;37.29,114.4;
#268:
>0:40.1,117.68;40.28,116.28;
#269:
>0:39.92,107.05;38.99,107.74;38.0,110.04;37.36,112.58;37.83,115.37;
#270:
>0:39.16,116.69;38.46,116.93;39.16,115.09;39.63,111.99;39.82,107.91;
#271:
>0:39.08,115.65;38.37,116.62;37.27,114.69;37.88,113.04;39.35,107.19;
#272:
>0:39.0,109.2;37.82,112.52;37.16,114.19;
#273:
>0:40.47,117.95;39.87,117.46;
#274:
>0:37.28,109.98;37.84,111.68;37.96,115.23;
#275:
>0:40.27,117.34;40.45,117.68;
#276:
>0:37.14,113.7;38.36,116.4;38.51,114.41;40.32,116.49;40.52,118.14;
#277:
>0:40.56,116.85;39.97,116.79;
#278:
>0:40.63,117.51;40.56,117.16;
#279:
>0:38.89,119.24;38.18,115.83;38.14,113.59;37.19,114.28;37.0,109.31;
#280:
>0:40.07,116.35;40.44,116.73;
#281:
>0:40.59,117.16;39.96,117.22;
#282:
>0:40.06,117.68;40.2,118.27;
#283:
>0:39.89,116.12;39.89,118.21;
#284:
>0:40.19,116.55;40.21,117.09;
#285:
>0:39.05,117.82;38.33,116.77;38.24,114.63;37.0,112.16;36.83,112.35;37.79,108.61;
#286:
>0:40.77,109.36;39.84,111.26;39.94,114.51;40.5,118.12;39.42,118.52;
#287:
>0:37.41,107.89;37.74,110.02;38.86,109.89;
#288:
>0:39.74,117.74;39.93,116.45;
#289:
>0:37.93,109.87;38.45,112.82;39.08,109.6;40.67,108.93;
#290:
>0:40.44,116.13;39.84,116.58;
#291:
>0:40.02,116.59;40.16,118.28;
#292:
>0:38.84,111.71;38.27,110.06;37.55,107.42;36.57,108.57;
#293:
>0:40.47,116.85;40.52,117.12;
#294:
>0:40.38,117.13;39.76,118.11;
#295:
>0:39.22,116.57;38.25,113.75;
#296:
>0:40.07,117.17;40.24,116.73;
#297:
>0:38.96,108.66;37.79,109.14;38.13,112.53;39.23,112.85;38.06,113.96;38.05,119.31;
#298:
>0:37.27,112.36;37.12,115.2;37.94,116.73;
#299:
>0:39.99,116.89;40.38,117.27;
#300:
>0:40.24,118.07;40.12,117.86;
#301:
>0:40.06,116.76;40.04,116.25;
#302:
>0:39.94,116.95;40.52,116.31;
#303:
>0:36.56,112.35;37.67,109.96;38.01,113.87;
#304:
>0:40.32,115.79;40.05,115.69;
#305:
>0:40.44,116.52;40.14,117.76;
#306:
>0:38.97,116.82;39.49,114.74;39.64,111.03;38.88,108.71;38.7,108.4;
#307:
>0:40.59,116.56;39.69,117.22;
#308:
>0:40.36,117.91;40.34,116.51;
#309:
>0:40.26,118.19;40.22,116.53;
#310:
>0:36.21,114.86;37.51,111.6;38.18,112.18;39.05,110.19;39.76,108.8;
#311:
>0:40.48,117.29;40.44,116.21;
#312:
>0:40.24,117.6;40.4,117.39;39.79,118.32;38.78,115.77;38.56,118.63;40.69,115.41;
#313:
>0:37.88,108.93;38.39,112.6;37.81,114.4;38.34,115.45;
#314:
>0:36.43,113.32;37.04,111.86;36.63,110.9;37.79,108.12;
#315:
>0:39.05,111.96;37.93,110.19;37.13,107.35;36.27,106.55;
#316:
>0:40.32,117.05;39.84,116.49;
#317:
>0:40.21,117.88;40.22,117.23;
#318:
>0:40.03,118.19;40.53,117.63;
#319:
>0:36.39,111.86;37.18,109.61;38.42,112.45;39.16,111.68;39.79,112.81;
#320:
>0:40.06,117.16;39.83,114.08;39.03,111.89;38.46,112.37;
#321:
>0:40.17,117.48;40.26,117.59;
#322:
>0:40.55,117.12;40.59,117.24;
#323:
>0:40.07,117.19;39.86,118.23;
#324:
>0:39.95,116.77;40.3,118.45;
#325:
>0:36.48,115.43;37.44,118.9;38.03,118.49;
#326:
>0:39.11,118.86;38.26,117.26;37.53,113.94;
#327:
>0:40.34,110.22;39.77,107.41;38.52,108.69;38.23,106.87;
#328:
>0:36.78,117.14;36.51,113.09;37.8,116.71;
#329:
>0:37.09,116.49;38.12,116.04;38.84,116.2;
#330:
>0:40.36,116.15;40.36,117.77;
#331:
>0:39.53,108.12;39.57,109.93;38.79,111.12;37.91,115.07;38.31,115.47;
#332:
>0:40.41,118.26;40.17,116.14;
#333:
>0:40.38,115.76;40.09,117.16;40.71,119.27;40.38,117.51;40.2,116.64;
#334:
>0:40.49,118.24;40.44,116.9;
#335:
>0:36.72,117.7;37.22,117.45;37.93,118.91;39.18,118.61;39.48,117.59;
#336:
>0:37.21,107.67;38.19,109.09;38.67,110.59;39.87,109.21;
#337:
>0:40.19,116.91;40.06,118.16;
#338:
>0:39.54,119.13;38.85,116.75;38.32,115.6;37.33,113.98;36.29,111.97;36.58,108.39;
#339:
>0:40.69,117.27;39.81,117.45;
#340:
>0:37.24,109.32;37.99,112.44;37.7,113.34;39.81,113.92;
#341:
>0:40.39,119.06;39.93,117.67;39.49,113.42;
#342:
>0:36.16,110.96;36.8,109.63;37.44,110.67;38.77,106.85;
#343:
>0:36.33,114.12;36.47,115.87;
#344:
>0:36.48,115.57;36.29,115.01;36.36,112.08;36.78,110.22;
#345:
>0:40.26,116.45;40.07,117.83;
#346:
>0:40.34,116.8;40.07,117.94;40.7,117.3;40.59,116.45;
#347:
>0:40.09,117.34;40.32,117.7;
#348:
>0:40.35,117.41;39.92,116.59;
#349:
>0:40.37,118.17;39.43,114.31;39.57,111.55;38.57,110.59;38.82,108.65;
#350:
>0:38.12,108.72;37.55,107.78;
#351:
>0:39.9,117.07;40.14,116.17;
#352:
>0:40.06,116.71;39.76,118.18;
#353:
>0:39.5,110.77;39.34,111.34;
#354:
>0:40.23,117.74;40.73,116.16;39.77,119.19;40.62,115.7;
#355:
>0:36.46,109.24;37.55,109.06;37.89,111.9;38.68,111.64;39.86,112.49;
#356:
>0:40.44,106.62;39.72,108.14;39.28,112.86;
#357:
>0:40.52,117.73;40.01,116.37;
#358:
>0:40.08,116.27;40.48,116.21;39.96,117.01;39.81,118.59;40.43,116.57;
#359:
>0:40.27,116.23;40.52,116.59;
#360:
>0:40.1,117.08;40.43,117.43;
#361:
>0:38.46,109.8;38.89,107.25;
#362:
>0:40.38,117.7;40.46,116.15;
#363:
>0:37.57,119.21;37.96,115.48;37.99,113.65;38.1,111.86;
#364:
>0:37.92,109.36;38.44,111.59;39.03,111.08;37.84,114.72;38.25,118.24;
#365:
>0:37.96,106.7;38.75,108.16;38.24,110.58;36.49,113.88;
#366:
>0:40.38,116.88;39.85,118.15;
#367:
>0:39.96,117.19;40.42,117.92;
#368:
>0:38.49,117.95;37.88,116.48;37.99,114.25;38.1,111.09;
#369:
>0:39.91,117.02;40.36,116.27;
#370:
>0:36.36,111.4;37.29,113.96;
#371:
>0:39.9,118.25;39.73,116.74;
#372:
>0:38.7,110.01;37.74,111.87;38.02,113.8;
#373:
>0:40.04,117.61;40.4,116.16;
#374:
>0:37.76,110.0;36.99,106.94;
#375:
>0:40.33,117.37;40.32,116.41;
#376:
>0:37.63,111.56;37.26,113.7;38.0,116.73;39.2,114.33;40.02,115.28;
#377:
>0:40.17,116.62;40.27,118.03;
#378:
>0:37.85,111.95;39.24,112.75;39.67,113.94;40.39,111.03;
#379:
>0:40.21,118.79;40.62,116.83;40.13,116.22;39.77,114.95;38.52,110.41;
#380:
>0:39.4,111.84;39.89,111.0;
#381:
>0:40.48,107.84;39.93,108.39;38.58,106.57;37.85,108.01;37.4,106.81;36.68,107.02;
#382:
>0:36.87,116.78;37.04,116.21;
#383:
>0:40.49,111.82;40.53,109.77;
#384:
>0:40.13,113.67;39.82,112.28;38.87,108.84;37.8,109.07;37.69,110.23;
#385:
>0:40.17,116.21;39.74,117.47;
#386:
>0:37.87,112.96;37.56,108.72;37.65,108.19;
#387:
>0:40.45,117.87;40.51,116.87;
#388:
>0:40.3,118.19;40.24,117.88;
#389:
>0:40.69,111.36;40.45,114.09;40.11,116.21;40.2,119.07;
#390:
>0:38.23,118.39;39.0,116.76;39.91,117.03;
#391:
>0:40.57,115.73;40.18,117.12;40.0,117.74;
#392:
>0:36.98,113.85;37.64,116.5;38.63,118.75;
#393:
>0:39.29,112.76;39.08,109.32;38.03,109.37;37.44,110.7;
#394:
>0:36.26,112.84;36.97,110.32;37.76,115.08;
#395:
>0:39.96,117.19;40.38,117.29;
#396:
>0:38.58,109.53;38.3,110.21;37.34,110.94;36.3,109.99;
#397:
>0:40.16,116.14;39.79,117.86;
#398:
>0:36.52,118.97;37.7,116.9;37.46,114.79;
#399:
>0:40.35,116.25;40.03,117.25;
#400:
>0:40.18,118.0;40.43,118.08;38.74,114.38;38.4,112.24;38.04,108.87;
#401:
>0:39.87,116.16;40.16,116.66;
#402:
>0:39.87,117.87;39.61,118.37;
#403:
>0:40.52,116.87;40.29,117.34;
#404:
>0:39.89,112.92;38.5,113.26;38.18,115.7;37.26,117.11;
#405:
>0:40.48,110.42;40.65,108.53;38.57,111.29;
#406:
>0:40.45,116.96;39.94,118.19;
#407:
>0:39.34,111.91;38.71,109.63;38.36,109.77;37.19,109.82;
#408:
>0:39.04,110.6;39.66,110.93;40.16,113.75;
#409:
>0:40.48,115.92;39.99,118.41;40.28,118.22;
#410:
>0:40.08,116.54;39.87,117.16;
#411:
>0:40.72,116.17;40.78,116.31;
#412:
>0:37.06,110.15;38.33,111.13;38.07,114.76;
#413:
>0:36.91,109.32;37.27,109.36;38.46,112.01;39.14,116.39;
#414:
>0:40.24,115.7;40.43,116.59;
#415:
>0:36.72,112.78;37.09,108.72;
#416:
>0:40.07,112.45;39.69,113.18;38.77,114.43;37.78,114.7;
#417:
>0:39.67,111.79;38.48,110.77;38.28,109.33;36.98,110.02;
#418:
>0:38.74,115.43;38.46,115.49;37.04,114.13;36.55,113.05;36.43,107.7;
#419:
>0:39.92,118.18;40.14,116.55;
#420:
>0:40.41,116.44;38.59,114.26;38.13,110.96;37.62,110.16;37.46,108.57;
#421:
>0:38.56,115.45;37.96,113.93;
#422:
>0:40.1,117.51;40.1,117.27;
#423:
>0:39.0,115.33;39.49,113.21;40.11,113.07;
#424:
>0:38.33,115.5;38.56,118.41;
#425:
>0:40.01,117.75;39.05,113.12;
#426:
>0:40.41,116.46;40.25,116.49;
#427:
>0:36.98,115.5;38.4,113.19;38.91,116.76;40.04,117.48;
#428:
>0:40.13,117.72;40.48,118.12;
#429:
>0:40.46,115.16;40.55,117.98;39.49,117.9;
#430:
>0:37.5,113.17;37.22,116.96;38.12,116.58;38.94,113.26;40.78,113.26;
#431:
>0:37.53,110.83;37.95,111.73;39.07,111.27;39.49,111.5;
#432:
>0:40.1,117.55;40.06,116.04;
#433:
>0:39.49,118.58;38.62,118.16;38.22,118.84;37.16,119.39;
#434:
>0:38.67,111.92;39.87,113.14;
#435:
>0:39.74,118.08;40.44,116.25;
#436:
>0:39.71,118.24;40.48,116.21;40.41,116.02;39.5,111.79;
#437:
>0:40.0,117.42;40.03,117.02;
#438:
>0:40.05,117.71;40.05,117.16;
#439:
>0:40.07,114.68;40.5,116.76;
#440:
>0:40.4,115.19;39.57,111.48;39.23,109.99;37.9,109.72;37.51,108.78;
#441:
>0:38.58,108.14;37.97,109.39;36.97,111.27;
#442:
>0:40.27,116.62;40.16,117.45;
#443:
>0:40.39,115.67;40.29,117.47;39.0,112.63;
#444:
>0:40.08,117.08;39.63,118.14;
#445:
>0:37.51,115.96;38.13,113.69;37.07,112.67;36.34,113.03;36.37,108.37;
#446:
>0:40.11,117.03;40.15,117.4;
#447:
>0:37.4,116.38;37.86,116.21;38.91,116.14;
#448:
>0:40.73,110.62;39.75,110.98;39.57,115.12;39.96,117.78;
#449:
>0:39.94,116.63;39.99,116.89;
#450:
>0:39.93,117.5;38.53,114.12;
#451:
>0:36.96,109.02;37.92,112.5;38.42,115.12;
#452:
>0:40.44,116.56;40.61,116.14;39.97,117.83;
#453:
>0:37.82,107.71;38.83,107.45;39.8,109.14;38.95,112.59;38.37,113.64;38.32,118.83;
#454:
>0:38.78,118.25;38.3,115.53;37.85,115.13;36.79,112.05;
#455:
>0:40.52,117.76;40.22,118.68;
#456:
>0:40.39,110.11;39.81,112.23;39.68,114.11;40.2,117.72;
#457:
>0:40.25,116.43;40.09,116.68;
#458:
>0:40.55,117.36;40.6,117.16;
#459:
>0:39.69,118.25;40.04,118.17;
#460:
>0:36.28,107.18;37.05,108.88;38.14,112.61;37.55,112.8;36.56,113.59;37.27,118.89;
#461:
>0:40.03,117.39;40.62,117.95;
#462:
>0:40.37,116.6;39.57,117.67;
#463:
>0:37.67,110.46;36.22,110.15;
#464:
>0:40.52,118.11;39.88,116.92;
#465:
>0:39.92,117.09;40.43,117.24;
#466:
>0:37.28,114.37;38.09,112.21;37.8,110.61;
#467:
>0:39.82,116.44;39.85,118.14;
#468:
>0:38.28,111.11;37.02,115.22;37.44,115.59;36.53,118.06;
#469:
>0:40.45,115.71;40.1,117.52;40.33,117.51;
#470:
>0:40.16,117.44;40.38,116.12;
#471:
>0:39.67,116.77;40.42,117.04;
#472:
>0:36.23,107.92;37.32,109.05;38.13,110.53;
#473:
>0:40.14,116.35;40.48,118.05;
#474:
>0:39.8,116.89;39.93,116.23;
#475:
>0:39.9,118.27;40.57,115.31;39.87,117.11;39.82,119.05;40.62,117.19;
#476:
>0:40.1,116.1;40.02,116.64;
#477:
>0:40.47,118.06;39.73,117.38;
#478:
>0:38.24,110.35;38.16,111.69;38.48,112.13;38.37,113.93;38.37,117.5;
#479:
>0:36.17,109.79;37.67,110.5;37.72,111.29;39.2,111.36;39.86,114.7;40.79,110.99;
#480:
>0:39.0,110.19;37.86,110.94;37.42,112.12;36.48,115.93;
#481:
>0:37.43,107.76;37.94,110.28;38.36,110.99;38.63,111.98;39.66,113.06;39.65,119.21;
#482:
>0:40.49,118.3;40.03,117.21;39.48,113.15;38.53,112.81;38.37,114.02;36.65,117.39;
#483:
>0:40.72,116.04;40.31,116.66;39.28,113.44;40.68,109.19;
#484:
>0:37.01,113.6;37.85,116.42;39.12,115.26;
#485:
>0:37.33,117.91;37.89,115.47;39.16,114.42;39.41,112.29;
#486:
>0:38.22,111.92;38.34,110.49;37.9,106.82;
#487:
>0:39.87,118.45;38.94,116.12;38.75,114.77;
#488:
>0:39.99,117.92;40.23,117.64;
#489:
>0:39.99,118.03;40.32,117.53;
#490:
>0:39.82,117.68;39.88,117.25;
#491:
>0:40.23,113.1;40.25,116.26;38.93,117.55;
#492:
>0:39.45,114.42;40.62,116.51;38.96,119.31;
#493:
>0:38.49,112.82;39.71,113.18;
#494:
>0:39.67,112.76;38.79,110.56;40.77,107.32;
#495:
>0:37.49,111.32;36.94,115.02;37.95,116.99;38.8,115.08;40.42,116.76;
#496:
>0:39.54,117.46;39.86,118.36;
#497:
>0:39.77,116.62;39.74,117.65;
#498:
>0:38.58,117.6;37.89,115.77;37.33,114.85;
#499:
>0:40.16,117.9;40.33,118.58;
#500:
>0:39.34,118.35;39.96,117.94;
#501:
>0:40.65,116.18;39.56,119.34;40.37,117.5;
#502:
>0:38.19,119.0;39.06,115.65;38.34,113.66;
#503:
>0:36.58,114.61;37.38,112.27;38.03,111.77;
#504:
>0:39.86,111.04;38.57,114.6;37.95,116.41;37.11,114.8;36.73,116.57;
#505:
>0:39.62,112.84;39.88,111.16;
#506:
>0:39.93,117.45;39.91,117.44;
#507:
>0:40.27,116.2;40.56,116.24;
#508:
>0:39.47,115.01;40.08,117.89;38.49,118.5;
#509:
>0:38.67,118.23;38.33,115.98;37.23,115.13;
#510:
>0:39.97,114.04;38.94,111.02;37.78,110.56;38.34,107.7;
#511:
>0:38.17,107.36;37.26,109.48;36.74,109.16;
#512:
>0:36.17,110.82;36.98,109.65;37.91,112.43;37.61,114.64;37.65,119.0;
#513:
>0:37.14,109.57;38.28,111.22;38.99,109.42;39.35,107.74;40.26,108.09;
#514:
>0:40.09,117.28;39.99,117.4;
#515:
>0:36.78,109.4;37.06,110.15;38.26,111.15;38.79,116.93;
#516:
>0:39.78,118.38;38.62,116.65;38.37,118.87;37.15,116.89;
#517:
>0:40.06,116.96;40.09,116.22;
#518:
>0:40.06,117.82;39.98,119.07;
#519:
>0:37.17,113.3;38.36,112.01;37.73,109.64;
#520:
>0:40.32,118.2;40.27,116.74;
#521:
>0:39.19,110.68;38.05,107.56;37.1,108.3;36.53,106.64;
#522:
>0:40.45,116.15;40.44,117.21;
#523:
>0:38.49,108.34;37.95,110.13;38.14,113.01;38.9,112.22;37.95,114.66;38.02,117.76;
#524:
>0:40.25,117.15;39.83,117.71;
#525:
>0:36.77,107.84;36.99,109.55;38.16,111.76;38.88,111.24;39.26,114.97;40.47,112.2;
#526:
>0:40.57,116.42;40.11,119.31;
#527:
>0:40.2,117.96;39.87,117.18;
#528:
>0:39.43,110.67;40.5,110.95;
#529:
>0:40.22,118.03;40.11,116.97;
#530:
>0:39.9,111.48;39.0,113.37;40.51,116.96;38.88,117.43;
#531:
>0:39.94,116.83;40.29,117.76;
#532:
>0:37.06,107.11;38.03,110.12;39.15,109.44;39.46,110.88;
#533:
>0:39.83,116.51;40.22,117.37;
#534:
>0:39.89,117.26;39.88,116.36;
#535:
>0:40.48,117.14;40.2,118.21;
#536:
>0:37.81,117.15;38.69,119.18;
#537:
>0:40.19,117.36;40.19,117.81;
#538:
>0:40.27,107.27;39.48,106.87;39.88,108.87;38.35,109.34;
#539:
>0:40.6,116.74;39.75,116.88;
#540:
>0:39.99,117.32;39.96,116.23;
#541:
>0:37.52,108.82;38.17,112.73;38.04,114.68;
#542:
>0:36.48,112.77;37.61,109.47;
#543:
>0:36.39,117.77;37.63,117.74;38.44,117.48;38.82,117.79;39.32,119.19;
#544:
>0:38.89,116.94;39.65,113.22;39.99,111.68;39.12,109.87;39.08,108.4;
#545:
>0:36.47,115.77;36.24,116.34;
#546:
>0:39.6,111.78;39.18,111.43;38.23,112.88;37.55,112.26;
#547:
>0:38.62,110.5;39.29,111.95;40.41,114.86;
#548:
>0:39.02,111.3;37.76,112.28;
#549:
>0:40.17,116.62;40.48,116.51;
#550:
>0:40.72,118.82;40.15,116.22;38.73,118.21;
#551:
>0:37.61,111.58;36.29,112.7;
#552:
>0:37.22,111.24;36.76,110.65;
#553:
>0:40.16,117.29;39.91,117.82;
#554:
>0:40.45,117.23;40.03,116.9;
#555:
>0:38.65,118.24;38.2,116.95;37.21,115.03;
#556:
>0:37.23,113.84;37.74,114.76;
#557:
>0:38.66,112.04;39.7,114.63;
#558:
>0:39.64,113.46;40.45,111.05;
#559:
>0:39.19,113.0;37.91,113.74;37.05,111.92;36.69,112.66;
#560:
>0:40.22,117.92;40.0,117.31;
#561:
>0:38.58,117.52;40.16,116.73;40.13,113.7;
#562:
>0:39.72,109.81;39.11,111.27;38.31,113.54;37.19,113.58;36.79,114.21;
#563:
>0:40.29,117.77;40.11,116.67;
#564:
>0:40.48,117.27;40.47,116.36;
#565:
>0:38.99,106.59;37.74,109.44;37.37,110.57;
#566:
>0:36.34,112.81;37.62,113.27;37.99,115.89;
#567:
>0:40.35,107.73;39.92,107.67;39.02,107.07;37.82,106.54;36.99,108.16;36.36,107.46;
#568:
>0:39.94,116.61;40.0,117.19;
#569:
>0:37.2,110.06;37.81,111.61;37.85,114.46;
#570:
>0:40.04,116.18;40.46,116.68;
#571:
>0:37.54,113.54;37.49,115.71;39.16,117.63;
#572:
>0:38.24,118.89;38.85,115.53;40.62,117.47;
#573:
>0:39.43,119.56;38.5,115.63;40.57,115.05;
#574:
>0:38.53,117.68;37.78,115.4;37.31,114.52;
#575:
>0:39.55,107.28;40.15,107.66;39.53,110.38;39.53,113.75;
#576:
>0:37.76,115.11;38.48,116.09;39.48,112.06;
#577:
>0:40.05,117.33;40.22,116.75;
#578:
>0:39.65,113.84;39.39,113.48;
#579:
>0:38.55,113.81;38.13,115.65;37.3,114.77;36.4,115.04;
#580:
>0:40.37,116.65;40.43,117.72;
#581:
>0:39.93,117.2;40.55,116.54;
#582:
>0:40.59,117.91;39.74,117.28;
#583:
>0:40.35,116.77;40.55,116.28;
#584:
>0:39.96,117.22;40.41,117.11;
#585:
>0:40.77,116.03;40.04,115.36;
#586:
>0:40.08,116.39;40.36,116.93;
#587:
>0:40.02,117.66;40.09,116.99;
#588:
>0:39.29,107.3;40.46,106.56;39.95,110.83;39.99,115.02;
#589:
>0:40.21,116.95;40.05,116.84;
#590:
>0:39.04,109.39;38.08,111.47;37.9,114.34;
#591:
>0:37.69,116.29;38.31,115.19;37.63,111.31;36.88,111.62;36.26,108.37;
#592:
>0:40.48,116.15;40.12,115.25;40.05,117.07;40.62,116.12;39.79,118.95;40.27,116.88;
#593:
>0:39.6,107.76;39.24,108.85;37.82,108.91;37.17,110.47;
#594:
>0:40.66,116.8;40.5,117.32;
#595:
>0:40.03,116.45;40.41,118.15;
#596:
>0:40.24,117.44;40.43,116.56;39.51,113.08;39.91,112.52;38.9,110.16;38.6,108.38;
#597:
>0:40.16,117.12;40.18,117.51;
#598:
>0:39.87,113.65;40.31,112.56;
#599:
>0:40.24,114.37;39.34,114.12;38.95,112.72;38.12,114.13;37.41,114.06;
#600:
>0:40.47,118.24;40.38,117.8;38.78,118.29;
#601:
>0:40.37,117.93;40.57,117.66;
#602:
>0:40.53,117.34;40.22,117.64;
#603:
>0:37.13,107.65;36.88,108.96;38.29,111.8;
#604:
>0:38.72,107.25;38.05,110.17;37.34,110.04;
#605:
>0:38.49,107.32;37.87,109.34;37.51,110.61;
#606:
>0:36.92,119.2;37.61,118.37;
#607:
>0:38.47,118.95;36.98,117.54;
#608:
>0:39.93,118.21;40.23,116.31;
#609:
>0:38.4,106.89;37.23,108.25;
#610:
>0:36.81,108.46;37.41,110.59;38.0,111.68;38.95,112.35;40.15,117.84;
#611:
>0:39.9,117.68;39.79,118.65;40.61,118.21;40.19,117.54;40.59,116.77;40.73,115.64;
#612:
>0:40.08,116.53;39.87,116.45;
#613:
>0:40.12,116.75;40.62,118.21;
#614:
>0:38.63,109.77;39.4,111.24;40.77,112.76;
#615:
>0:40.07,117.65;39.73,116.42;
#616:
>0:39.93,119.58;38.52,115.63;38.18,116.05;36.93,112.24;
#617:
>0:39.1,112.42;37.83,108.94;37.16,107.32;36.68,108.69;
#618:
>0:39.88,116.33;39.89,116.45;
#619:
>0:36.54,118.81;36.76,116.97;
#620:
>0:39.83,117.56;40.6,117.77;
#621:
>0:39.93,116.76;40.06,117.69;
#622:
>0:40.42,114.42;39.79,114.29;39.01,111.42;38.39,114.45;37.06,115.19;
#623:
>0:37.36,109.11;37.77,110.91;38.61,109.09;39.76,107.25;40.15,107.52;
#624:
>0:38.4,118.84;37.25,119.0;
#625:
>0:39.33,106.62;38.88,107.19;38.1,110.65;38.3,111.94;39.1,116.3;
#626:
>0:40.1,116.86;40.18,117.63;
#627:
>0:39.81,116.85;40.13,116.67;
#628:
>0:40.57,118.15;40.08,116.96;
#629:
>0:40.48,118.09;40.13,118.22;
#630:
>0:40.31,116.54;40.13,116.78;
#631:
>0:40.45,109.42;40.72,107.08;
#632:
>0:38.08,118.82;37.15,118.97;
#633:
>0:39.63,114.34;38.88,111.03;38.12,110.71;38.19,107.05;
#634:
>0:40.4,116.96;39.88,118.43;
#635:
>0:39.95,118.14;40.42,117.48;
#636:
>0:40.17,108.79;39.47,112.05;39.86,113.4;40.1,116.72;
#637:
>0:40.01,117.85;40.5,116.16;
#638:
>0:39.77,117.86;40.3,116.41;39.33,111.65;
#639:
>0:39.1,118.22;37.91,115.25;37.82,113.21;37.12,114.69;36.41,111.47;38.41,107.4;
#640:
>0:38.04,119.37;37.8,116.58;37.76,113.43;37.14,112.65;36.86,112.34;36.53,108.33;
#641:
>0:38.4,110.88;37.59,106.6;
#642:
>0:37.35,114.04;38.48,111.01;38.58,108.73;39.44,106.91;40.63,107.58;
#643:
>0:37.12,112.81;38.4,113.78;38.15,115.4;37.77,118.92;
#644:
>0:40.05,118.13;40.32,116.61;
#645:
>0:39.12,108.78;39.52,111.31;40.54,114.36;40.35,115.48;40.32,119.3;
#646:
>0:39.91,118.17;38.77,119.31;40.06,118.16;38.67,112.15;
#647:
>0:36.5,116.41;37.6,116.55;37.91,117.36;38.55,118.36;39.55,118.66;
#648:
>0:40.16,117.88;40.46,117.22;
#649:
>0:40.31,114.67;39.87,113.23;39.1,113.47;
#650:
>0:40.02,116.86;40.22,117.25;
#651:
>0:39.87,117.83;40.18,116.86;
#652:
>0:40.47,118.26;39.9,117.62;
#653:
>0:39.24,108.05;38.37,110.5;38.42,112.43;
#654:
>0:40.06,116.47;40.23,117.88;
#655:
>0:40.5,116.85;40.48,116.5;
#656:
>0:40.77,114.39;39.86,116.55;38.66,118.08;
#657:
>0:40.47,117.92;39.87,117.47;
#658:
>0:39.74,118.19;40.07,116.68;
#659:
>0:40.11,116.52;40.58,116.97;
#660:
>0:39.87,118.16;40.34,116.64;
#661:
>0:36.6,116.1;36.79,114.42;37.95,116.57;
#662:
>0:36.63,113.97;37.3,117.24;37.94,117.07;38.76,113.98;39.82,117.52;
#663:
>0:37.87,115.34;38.62,118.41;
#664:
>0:39.83,114.63;38.82,111.17;37.85,110.22;37.7,108.31;
#665:
>0:40.75,116.68;40.18,118.26;40.09,116.58;40.43,117.66;40.38,117.31;
#666:
>0:39.57,110.76;39.0,112.7;37.93,113.8;37.22,113.93;36.52,113.89;
#667:
>0:37.96,115.44;38.48,118.92;
#668:
>0:40.38,116.96;40.01,117.85;
#669:
>0:40.25,116.41;39.99,116.27;
#670:
>0:40.08,115.43;40.49,116.38;
#671:
>0:40.23,117.91;39.92,117.28;
#672:
>0:40.3,118.17;39.72,116.65;
#673:
>0:37.48,108.34;38.28,108.87;38.66,112.25;39.29,111.74;
#674:
>0:40.07,114.13;39.25,111.71;38.7,110.27;38.02,110.44;37.19,110.46;
#675:
>0:40.37,117.27;39.95,117.99;
#676:
>0:40.63,117.42;39.87,117.32;
#677:
>0:40.19,116.51;40.5,118.23;
#678:
>0:40.19,117.16;39.74,117.03;40.21,115.43;40.58,117.74;39.92,117.17;
#679:
>0:40.27,117.91;38.85,114.65;37.73,111.77;38.18,109.88;37.83,107.85;
#680:
>0:40.39,116.24;39.89,116.78;
#681:
>0:39.81,108.4;38.79,110.85;37.95,109.01;37.41,108.99;
#682:
>0:39.9,117.47;39.93,116.21;
#683:
>0:40.18,116.67;39.95,116.95;
#684:
>0:40.49,116.48;40.45,116.69;
#685:
>0:36.75,116.93;37.4,116.41;
#686:
>0:40.3,118.26;40.58,117.31;
#687:
>0:40.51,117.8;40.62,116.5;
#688:
>0:38.87,113.16;38.27,115.92;38.1,119.43;
#689:
>0:40.24,117.6;40.22,116.3;
#690:
>0:40.17,117.48;39.21,114.01;38.37,111.77;37.88,109.14;37.78,107.11;
#691:
>0:40.7,116.63;40.5,117.89;40.11,117.42;40.61,117.05;40.36,116.3;40.1,116.48;
#692:
>0:37.36,112.76;36.83,112.11;
#693:
>0:38.43,113.04;39.17,111.05;39.86,113.32;40.64,111.09;
#694:
>0:40.25,113.11;39.95,111.28;38.79,109.64;38.31,109.18;37.46,109.18;
#695:
>0:40.65,117.51;40.39,117.48;39.27,113.73;38.58,112.06;38.44,114.59;36.17,111.28;
#696:
>0:40.24,116.95;39.72,117.7;39.12,111.49;
#697:
>0:40.12,118.8;40.11,116.82;39.83,114.98;39.58,112.87;38.99,109.62;38.88,108.43;
#698:
>0:40.3,115.77;39.61,113.36;38.85,112.57;39.79,118.1;
#699:
>0:40.63,116.91;40.08,117.56;
#700:
>0:37.62,110.19;37.81,111.68;37.71,114.52;
#701:
>0:38.24,110.48;39.05,107.08;
#702:
>0:40.18,117.3;40.27,117.59;
#703:
>0:38.57,115.31;39.33,113.95;39.29,111.91;38.55,109.7;38.64,106.97;
#704:
>0:39.0,108.56;38.14,109.72;38.47,111.25;38.6,113.0;39.11,115.28;
#705:
>0:40.38,116.37;40.54,117.28;
#706:
>0:40.19,112.14;40.53,112.95;
#707:
>0:40.42,116.64;40.0,114.65;38.57,114.71;
#708:
>0:39.75,114.28;38.8,112.47;38.25,109.07;37.33,106.64;
#709:
>0:39.87,117.02;40.24,116.28;
#710:
>0:40.2,110.5;40.47,108.29;39.23,108.58;
#711:
>0:40.22,116.16;39.74,118.22;
#712:
>0:37.64,118.73;38.11,116.19;37.86,114.09;37.29,112.26;36.71,111.71;37.95,107.46;
#713:
>0:39.52,107.34;38.68,106.6;37.8,108.32;37.49,108.48;36.41,107.59;
#714:
>0:40.05,116.52;40.61,117.04;
#715:
>0:40.05,117.2;39.87,116.91;
#716:
>0:36.57,114.1;36.55,115.35;
#717:
>0:38.25,109.79;37.86,112.7;38.54,111.92;38.44,114.48;38.11,118.24;
#718:
>0:40.0,118.28;38.88,113.83;38.02,111.42;38.06,110.03;38.4,108.08;
#719:
>0:39.14,106.91;38.4,110.78;38.2,111.04;39.5,113.44;
#720:
>0:36.74,113.27;37.56,110.89;37.92,110.99;38.54,110.84;39.75,109.87;
#721:
>0:36.27,113.57;36.28,116.87;37.36,115.49;38.23,115.28;38.69,114.24;40.46,115.06;
#722:
>0:39.78,118.16;40.22,117.02;
#723:
>0:39.98,116.55;39.57,118.13;
#724:
>0:37.39,115.62;37.75,116.78;
#725:
>0:39.61,114.23;38.53,112.85;
#726:
>0:40.2,114.76;40.39,116.68;39.68,118.21;38.51,116.05;37.29,119.56;
#727:
>0:40.14,116.16;39.77,116.22;
#728:
>0:40.4,116.21;40.18,116.94;
#729:
>0:40.08,118.26;39.8,117.78;
#730:
>0:40.03,117.08;40.03,116.66;
#731:
>0:40.62,116.38;40.18,117.23;39.78,114.13;40.05,110.36;
#732:
>0:40.47,114.26;39.78,112.25;38.94,109.93;37.74,108.96;37.06,109.32;
#733:
>0:40.19,116.71;39.98,117.31;
#734:
>0:40.05,107.43;39.49,109.71;38.95,112.22;39.35,113.44;40.04,117.28;40.15,117.44;
#735:
>0:39.75,117.41;39.74,117.93;
#736:
>0:40.09,116.52;40.09,117.01;
#737:
>0:40.78,114.06;39.51,112.36;38.68,112.08;38.3,111.67;37.13,111.22;
#738:
>0:39.97,118.64;40.15,116.33;
#739:
>0:39.86,117.71;40.43,115.48;38.48,111.35;
#740:
>0:40.04,114.06;40.27,112.05;40.07,108.77;40.46,108.37;
#741:
>0:40.07,116.47;40.42,116.18;
#742:
>0:40.35,116.28;40.43,117.17;
#743:
>0:40.64,118.0;40.18,116.67;
#744:
>0:37.71,106.85;37.36,110.33;36.4,110.35;
#745:
>0:40.78,116.64;39.93,118.07;40.5,115.55;40.01,117.19;39.44,119.46;40.05,117.13;
#746:
>0:36.91,107.97;37.48,108.75;38.26,111.81;38.69,111.04;39.21,116.93;
#747:
>0:38.18,118.98;38.41,116.5;36.23,113.91;
#748:
>0:37.74,116.54;39.23,114.06;39.7,114.86;
#749:
>0:39.97,117.41;40.26,117.84;40.52,116.57;38.76,112.15;
#750:
>0:40.05,116.88;40.48,117.72;
#751:
>0:37.15,119.41;37.85,117.56;
#752:
>0:39.72,118.22;39.82,118.26;
#753:
>0:37.22,115.04;38.32,115.09;
#754:
>0:40.6,115.64;40.4,116.4;
#755:
>0:39.54,114.99;40.03,116.15;38.99,118.38;
#756:
>0:40.07,116.27;39.85,117.47;
#757:
>0:39.13,108.86;39.55,111.1;40.4,114.3;
#758:
>0:40.58,117.32;39.73,118.73;39.2,117.92;40.64,115.51;
#759:
>0:40.12,116.51;39.93,117.16;
#760:
>0:40.28,117.92;40.54,116.85;
#761:
>0:38.83,113.75;38.35,115.82;
#762:
>0:38.29,108.02;38.72,110.19;39.44,112.13;40.7,113.71;
#763:
>0:40.6,117.16;40.42,118.06;
#764:
>0:38.42,117.48;37.52,117.76;
#765:
>0:39.99,113.83;40.56,112.75;
#766:
>0:40.03,118.2;39.98,117.73;
#767:
>0:40.29,116.56;39.91,116.66;
#768:
>0:38.84,118.24;37.73,116.06;37.84,113.73;37.29,113.81;36.99,110.72;
#769:
>0:39.99,118.12;40.08,117.45;
#770:
>0:37.83,111.0;38.75,111.63;39.91,111.8;
#771:
>0:39.85,113.32;38.87,112.08;38.45,113.73;37.14,112.22;36.36,110.23;
#772:
>0:39.62,109.39;38.82,110.94;39.18,113.76;38.77,115.49;
#773:
>0:39.92,114.44;39.06,112.93;38.06,110.22;38.1,107.78;
#774:
>0:40.59,116.66;39.82,116.47;
#775:
>0:37.26,117.02;37.88,113.35;39.18,115.75;40.1,117.55;
#776:
>0:39.35,114.68;40.28,111.39;
#777:
>0:37.18,110.42;37.91,111.28;39.22,111.2;38.75,116.99;
#778:
>0:40.3,116.67;40.28,116.51;40.32,117.17;40.19,118.19;40.62,117.46;
#779:
>0:36.88,119.51;37.1,116.67;38.48,114.17;39.15,115.56;40.14,117.76;
#780:
>0:39.82,113.63;40.06,118.24;39.22,117.68;
#781:
>0:39.91,117.05;40.2,116.24;
#782:
>0:40.4,117.1;40.15,117.5;
#783:
>0:39.92,117.72;40.32,117.36;
#784:
>0:36.46,108.9;36.58,109.22;
#785:
>0:40.47,118.03;40.26,116.66;
#786:
>0:36.55,113.33;36.82,112.48;36.73,110.16;
#787:
>0:40.13,116.72;40.29,116.24;
#788:
>0:37.46,110.53;37.94,111.38;39.23,111.58;
#789:
>0:39.91,117.14;40.58,117.77;
#790:
>0:39.91,117.32;40.09,116.68;
#791:
>0:40.19,108.43;39.66,109.82;39.13,112.99;38.19,113.71;37.19,115.14;
#792:
>0:40.16,118.15;40.32,116.98;
#793:
>0:40.79,116.11;40.06,115.67;
#794:
>0:40.31,117.47;40.11,117.48;
#795:
>0:36.7,118.88;36.27,115.42;
#796:
>0:40.07,117.5;39.88,117.4;
#797:
>0:39.91,117.8;39.72,117.96;
#798:
>0:36.33,110.11;37.51,109.5;38.14,111.43;37.0,117.17;
#799:
>0:40.45,115.47;39.99,117.4;40.24,116.16;40.41,117.09;39.94,119.24;40.43,118.22;
#800:
>0:39.45,117.9;38.89,118.65;40.02,114.04;
#801:
>0:40.47,115.83;40.35,115.86;
#802:
>0:38.37,109.93;38.1,111.34;36.23,114.66;
#803:
>0:40.31,115.14;39.28,111.95;39.05,109.64;38.38,109.73;37.7,109.61;
#804:
>0:39.93,116.49;40.34,117.91;
#805:
>0:37.95,110.92;38.14,114.75;39.27,113.24;
#806:
>0:40.46,118.06;40.33,117.63;
#807:
>0:36.44,115.47;36.61,113.78;37.71,117.03;
#808:
>0:40.42,117.47;40.11,116.57;
#809:
>0:40.12,117.0;40.32,117.67;
#810:
>0:40.39,106.87;39.58,106.65;38.93,106.54;38.18,108.13;37.12,106.82;36.36,106.77;
#811:
>0:40.44,117.56;39.83,117.98;
#812:
>0:39.78,111.35;38.79,113.65;38.46,115.42;37.88,118.9;
#813:
>0:40.61,116.63;40.73,116.57;39.89,116.96;40.39,117.14;40.19,115.57;
#814:
>0:38.11,109.45;38.61,108.34;
#815:
>0:37.51,109.72;38.17,111.23;38.75,111.13;38.93,116.39;
#816:
>0:40.52,117.8;40.1,117.93;
#817:
>0:40.59,117.77;39.72,117.69;
#818:
>0:37.54,115.51;38.28,113.34;38.75,116.7;40.36,116.6;
#819:
>0:40.3,118.05;40.52,118.27;
#820:
>0:40.15,117.47;39.88,118.28;
#821:
>0:40.31,117.79;40.47,117.53;
#822:
>0:38.18,106.98;37.8,110.76;36.99,112.76;36.35,114.21;37.04,115.61;36.63,119.24;
#823:
>0:39.89,112.36;38.81,114.83;38.47,116.42;38.2,118.82;
#824:
>0:40.04,117.52;40.59,116.82;
#825:
>0:40.29,116.41;40.05,116.36;
#826:
>0:36.84,111.47;37.15,109.68;38.3,113.56;
#827:
>0:40.15,116.77;40.22,117.33;
#828:
>0:38.95,115.78;39.51,113.55;39.7,111.73;39.22,110.15;38.84,107.43;
#829:
>0:40.18,116.48;40.27,116.3;
#830:
>0:36.28,108.14;36.98,110.13;37.73,107.6;39.2,109.76;
#831:
>0:40.65,116.66;40.64,116.66;
#832:
>0:40.23,116.95;40.1,117.28;
#833:
>0:37.54,115.09;37.84,112.73;38.71,112.58;39.68,113.84;40.24,113.21;
#834:
>0:40.1,116.7;39.09,113.56;38.29,111.45;37.11,108.79;37.24,108.11;
#835:
>0:38.29,118.69;37.01,118.81;
#836:
>0:38.51,116.33;39.93,113.5;39.64,111.83;39.66,109.12;
#837:
>0:39.87,116.35;40.02,116.64;
#838:
>0:37.7,106.64;37.95,109.21;37.89,112.38;38.77,111.05;39.98,117.28;
#839:
>0:40.56,116.45;39.72,117.47;
#840:
>0:40.16,112.78;39.28,108.87;38.91,109.71;38.03,108.92;
#841:
>0:36.95,110.31;38.26,112.22;38.22,113.77;
#842:
>0:39.96,116.81;40.43,116.19;
#843:
>0:39.09,118.39;38.38,115.31;38.34,113.44;38.43,112.13;
#844:
>0:40.01,117.71;39.99,118.27;
#845:
>0:36.39,107.18;37.42,109.98;37.77,112.18;39.13,112.78;39.45,115.1;40.61,112.81;
#846:
>0:40.03,112.82;40.5,114.9;
#847:
>0:39.57,112.14;38.59,115.01;38.22,116.7;37.67,116.9;
#848:
>0:40.59,116.84;40.22,117.27;
#849:
>0:40.35,116.7;40.43,117.37;39.61,117.95;38.46,117.71;
#850:
>0:37.77,110.15;37.48,111.4;37.8,113.88;38.13,117.23;37.82,118.89;
#851:
>0:40.22,117.51;40.25,116.26;
#852:
>0:40.59,113.87;40.08,117.71;38.88,119.26;
#853:
>0:40.51,113.66;39.88,112.07;38.86,111.06;38.42,111.25;
#854:
>0:40.56,116.21;40.17,117.79;
#855:
>0:39.76,112.78;38.66,114.38;37.86,116.82;38.16,114.97;36.24,117.27;
#856:
>0:40.08,117.36;39.96,117.5;
#857:
>0:40.24,117.25;39.8,117.1;39.87,118.69;39.73,117.41;
#858:
>0:40.45,117.04;40.34,117.74;
#859:
>0:40.42,114.96;40.36,117.79;39.57,117.93;
#860:
>0:39.91,117.95;40.44,116.36;
#861:
>0:40.62,118.15;40.07,117.28;
#862:
>0:40.38,117.39;38.77,113.3;
#863:
>0:39.93,117.71;39.88,117.8;
#864:
>0:40.2,117.68;40.43,117.13;
#865:
>0:40.05,116.65;40.33,116.35;
#866:
>0:40.01,116.67;39.98,118.5;37.95,116.99;
#867:
>0:40.09,117.6;40.32,118.17;
#868:
>0:37.94,108.29;39.14,107.45;37.5,112.69;
#869:
>0:40.55,117.4;39.94,116.42;
#870:
>0:40.43,117.94;40.41,116.25;
#871:
>0:39.68,117.66;40.04,118.03;
#872:
>0:40.4,116.36;40.4,117.87;
#873:
>0:40.39,116.57;39.97,117.97;
#874:
>0:37.88,112.27;38.73,112.88;39.6,113.75;40.15,112.14;
#875:
>0:40.4,117.37;39.91,116.27;
#876:
>0:40.1,117.45;40.59,116.5;
#877:
>0:37.95,112.14;38.05,113.91;37.61,113.11;37.6,118.1;
#878:
>0:40.6,117.61;40.19,117.27;
#879:
>0:37.99,119.47;38.73,115.45;40.24,117.59;
#880:
>0:36.75,117.12;36.38,114.6;37.47,116.06;38.41,116.23;39.05,113.41;40.02,115.22;
#881:
>0:38.84,118.73;38.22,116.91;38.47,113.47;36.58,112.98;
#882:
>0:39.95,109.6;38.68,108.59;37.96,110.54;37.42,111.38;
#883:
>0:37.99,117.18;38.95,118.77;
#884:
>0:39.06,117.6;37.8,118.95;37.12,118.41;
#885:
>0:40.4,116.39;40.01,117.31;
#886:
>0:36.22,115.13;37.3,117.12;38.25,116.63;38.67,114.25;39.62,114.21;
#887:
>0:40.33,116.68;40.29,117.81;
#888:
>0:39.99,116.26;40.26,116.35;
#889:
>0:37.21,118.39;38.31,116.22;39.09,113.09;40.01,111.19;39.54,108.88;
#890:
>0:36.63,117.61;37.51,116.4;37.96,115.99;38.75,116.76;
#891:
>0:36.65,118.32;37.03,116.81;37.32,113.58;
#892:
>0:38.38,119.58;38.4,116.46;36.54,114.25;
#893:
>0:36.45,116.02;36.51,113.33;37.41,116.42;38.95,116.39;
#894:
>0:37.71,111.71;39.13,112.81;39.99,114.85;40.04,117.94;
#895:
>0:39.85,117.11;40.63,116.44;
#896:
>0:36.68,115.31;37.15,114.44;38.16,112.97;38.52,109.77;
#897:
>0:38.31,115.31;37.49,115.03;37.41,111.06;37.35,108.93;37.7,106.89;
#898:
>0:40.46,116.91;40.0,116.3;
#899:
>0:36.33,110.83;36.61,108.41;37.96,111.44;
#900:
>0:40.11,118.19;40.18,116.46;
#901:
>0:39.94,117.63;39.24,114.37;
#902:
>0:40.4,116.47;40.07,117.11;
#903:
>0:38.01,106.6;37.23,109.18;36.82,110.73;
#904:
>0:38.31,118.48;37.72,116.88;38.45,113.06;37.17,114.64;37.96,111.4;39.71,107.5;
#905:
>0:40.06,117.81;40.61,118.17;
#906:
>0:39.95,117.45;40.23,115.79;40.44,118.31;39.85,116.13;40.57,116.06;40.4,115.76;
#907:
>0:40.16,118.12;39.85,116.8;39.28,113.35;39.32,111.08;38.52,109.4;38.9,107.04;
#908:
>0:38.22,119.38;38.88,116.18;40.26,116.66;
#909:
>0:40.02,116.57;40.63,116.26;
#910:
>0:39.18,117.68;38.28,118.41;37.25,118.96;
#911:
>0:36.67,119.16;37.2,115.8;38.07,116.18;
#912:
>0:39.33,119.33;39.05,116.82;38.01,115.89;37.42,114.84;36.73,112.16;36.44,108.06;
#913:
>0:37.99,119.53;37.91,116.22;40.45,116.72;
#914:
>0:38.45,116.11;38.26,113.99;
#915:
>0:37.44,108.52;37.83,110.41;38.23,111.62;38.56,112.83;39.6,114.06;39.47,118.99;
#916:
>0:37.35,118.82;38.46,119.44;38.96,115.61;38.51,119.58;40.19,119.07;
#917:
>0:40.59,116.58;40.48,116.05;
#918:
>0:37.78,111.2;38.71,111.98;40.2,116.73;
#919:
>0:39.54,113.31;38.88,111.13;37.93,114.43;37.11,114.76;36.56,110.86;
#920:
>0:40.36,117.86;40.0,118.14;
#921:
>0:40.45,118.16;40.16,115.79;40.67,115.93;
#922:
>0:36.26,119.5;37.33,115.55;38.04,114.96;38.8,116.79;40.09,116.15;
#923:
>0:39.65,117.43;38.88,117.07;38.4,117.29;37.69,114.02;36.53,112.86;36.63,108.68;
#924:
>0:38.27,111.34;39.23,111.28;40.08,116.52;
#925:
>0:39.77,117.47;39.89,116.97;
#926:
>0:38.69,108.05;38.13,108.29;
#927:
>0:40.76,110.75;39.39,111.06;
#928:
>0:38.76,119.51;38.41,116.48;37.09,113.9;
#929:
>0:40.01,107.89;40.05,108.07;38.53,112.7;
#930:
>0:40.31,116.85;40.13,117.09;
#931:
>0:39.12,116.27;37.93,118.99;37.29,115.89;
#932:
>0:36.78,118.78;37.65,116.07;37.38,114.4;
#933:
>0:39.72,116.58;40.18,118.11;
#934:
>0:37.95,116.65;37.56,113.25;38.87,112.49;
#935:
>0:40.42,116.54;40.34,117.14;
#936:
>0:40.03,118.04;40.0,116.24;
#937:
>0:39.85,116.12;40.27,116.49;
#938:
>0:38.71,118.35;38.12,117.06;37.7,114.3;36.79,116.78;
#939:
>0:39.93,116.6;40.48,118.02;
#940:
>0:40.1,115.05;39.44,112.56;39.16,111.57;38.13,111.49;37.47,113.05;
#941:
>0:40.44,116.62;39.94,118.16;
#942:
>0:39.71,117.69;40.28,115.36;
#943:
>0:39.15,109.53;39.48,111.94;40.49,114.27;40.67,117.25;40.06,117.55;
#944:
>0:40.25,116.53;40.61,115.9;40.42,117.61;39.82,117.54;39.1,118.89;40.21,116.26;
#945:
>0:40.09,117.24;40.46,117.54;
#946:
>0:37.11,109.92;38.26,112.42;38.88,112.55;39.77,113.1;40.59,116.9;
#947:
>0:40.23,116.16;40.56,115.35;
#948:
>0:37.0,115.2;38.25,113.22;
#949:
>0:37.42,109.97;37.95,111.1;38.49,112.56;39.92,114.01;40.36,115.15;
#950:
>0:38.64,118.04;37.71,115.93;37.97,113.77;37.06,111.52;36.86,111.41;37.85,108.41;
#951:
>0:39.55,109.43;40.7,110.82;
#952:
>0:37.99,119.3;38.26,115.37;39.87,118.0;
#953:
>0:39.74,117.9;40.38,116.75;
#954:
>0:40.22,116.48;40.01,117.06;39.91,118.16;
#955:
>0:40.69,118.14;40.63,117.09;39.5,115.22;39.92,112.62;39.07,110.24;39.14,106.58;
#956:
>0:40.13,117.32;40.46,117.92;
#957:
>0:40.21,117.25;40.05,115.28;40.51,119.33;40.45,116.09;
#958:
>0:36.87,107.93;37.1,109.34;38.13,111.63;37.52,113.7;
#959:
>0:40.39,116.15;40.23,117.14;
#960:
>0:40.33,116.9;40.34,117.55;
#961:
>0:36.21,116.36;36.38,115.19;38.41,116.51;
#962:
>0:36.87,107.87;37.45,108.83;38.25,110.67;
#963:
>0:40.56,116.52;40.29,116.13;
#964:
>0:39.96,117.74;40.19,116.41;
#965:
>0:40.7,108.78;39.32,112.9;39.67,113.29;40.47,117.79;
#966:
>0:40.34,117.62;40.32,116.9;
#967:
>0:39.29,114.61;39.98,117.87;38.81,117.84;
#968:
>0:40.46,117.77;40.62,117.31;
#969:
>0:39.1,109.99;38.23,112.47;37.3,114.52;37.64,115.8;36.67,117.69;
#970:
>0:39.8,116.21;40.39,117.33;
#971:
>0:37.4,109.24;38.15,107.35;38.95,107.82;39.78,110.25;40.69,106.8;
#972:
>0:37.11,106.84;38.15,108.71;38.37,112.58;39.96,115.1;
#973:
>0:38.24,107.38;39.09,106.6;39.54,109.35;39.06,112.23;39.53,113.78;39.25,118.05;
#974:
>0:39.29,112.78;39.06,115.01;37.81,115.45;38.22,117.78;
#975:
>0:40.0,116.32;40.37,116.28;
#976:
>0:40.25,114.49;39.81,116.2;39.27,118.54;
#977:
>0:40.79,116.87;40.05,115.95;
#978:
>0:40.16,117.83;39.9,118.24;
#979:
>0:39.94,117.29;40.56,117.46;
#980:
>0:40.11,117.18;39.74,117.61;
#981:
>0:39.78,116.14;40.27,116.1;40.01,111.45;
#982:
>0:39.82,116.96;40.51,117.08;
#983:
>0:40.13,116.48;39.92,117.79;
#984:
>0:40.2,118.03;39.97,117.82;
#985:
>0:39.02,116.66;38.2,117.42;37.05,117.95;
#986:
>0:38.86,114.65;39.97,112.2;40.19,112.74;
#987:
>0:36.86,108.18;37.48,109.52;38.2,106.75;38.49,109.7;
#988:
>0:40.33,116.91;40.24,118.25;
#989:
>0:40.12,117.76;40.35,117.93;
#990:
>0:40.6,116.74;40.12,117.66;
#991:
>0:36.57,116.51;37.47,115.97;37.93,115.58;38.78,118.22;39.59,118.07;
#992:
>0:37.59,113.71;37.94,117.38;38.67,114.43;40.14,116.53;40.59,118.21;
#993:
>0:39.09,112.22;38.46,109.18;37.68,108.53;36.26,108.53;
#994:
>0:40.4,116.91;40.51,116.14;
#995:
>0:36.71,108.16;37.01,109.48;37.89,107.41;39.23,110.66;
#996:
>0:38.12,118.35;38.38,116.92;37.82,114.57;37.9,111.72;
#997:
>0:36.77,115.01;37.27,112.12;36.77,111.46;38.3,106.62;
#998:
>0:40.36,117.2;39.82,117.53;
#999:
>0:40.08,117.2;40.3,116.56;
#1000:
>0:40.44,108.93;40.79,107.99;39.14,112.48;
#1001:
>0:36.98,116.17;37.96,116.24;38.78,116.31;
#1002:
>0:40.78,116.0;40.03,115.74;
#1003:
>0:40.23,116.73;39.76,118.6;
#1004:
>0:37.35,112.63;37.29,115.22;38.35,117.36;40.18,117.56;
#1005:
>0:37.15,112.49;38.4,112.44;38.7,112.5;39.8,113.1;40.5,112.27;
#1006:
>0:37.04,114.03;37.74,115.6;39.16,115.87;
#1007:
>0:39.07,117.73;38.13,116.74;37.03,113.96;
#1008:
>0:37.17,116.88;38.37,113.32;36.31,111.63;
#1009:
>0:40.13,114.71;39.39,111.34;39.08,112.28;37.94,112.65;
#1010:
>0:37.94,119.36;37.42,118.25;
#1011:
>0:37.35,110.68;38.45,111.47;37.98,114.68;
#1012:
>0:40.52,117.05;40.2,115.43;
#1013:
>0:40.4,117.43;40.5,116.98;
#1014:
>0:40.07,117.02;39.93,117.77;
#1015:
>0:40.45,117.78;40.11,117.37;
#1016:
>0:40.0,117.1;40.3,116.24;
#1017:
>0:36.94,119.16;36.5,116.58;
#1018:
>0:37.53,118.35;36.45,115.83;
#1019:
>0:39.9,116.98;40.0,117.07;
#1020:
>0:36.6,116.54;37.61,116.16;38.03,116.87;39.2,113.6;39.33,118.53;
#1021:
>0:40.18,117.18;40.04,117.71;
#1022:
>0:39.79,116.89;40.54,116.35;
#1023:
>0:39.92,116.14;39.9,116.16;
#1024:
>0:40.13,116.64;39.43,119.0;37.73,117.38;
#1025:
>0:39.35,110.45;39.82,109.3;
#1026:
>0:39.96,110.82;39.3,110.12;
#1027:
>0:40.51,117.83;39.83,118.02;
#1028:
>0:40.02,116.22;40.06,115.99;
#1029:
>0:39.81,119.43;39.12,115.94;38.47,118.04;37.24,115.76;
#1030:
>0:39.79,108.99;39.08,112.75;39.65,113.58;40.43,116.22;40.02,117.63;
#1031:
>0:40.64,116.17;40.04,117.86;
#1032:
>0:39.83,109.34;39.03,107.58;37.85,107.66;37.06,107.09;36.89,106.95;
#1033:
>0:37.72,108.59;38.76,108.92;39.53,112.02;40.77,114.72;
#1034:
>0:37.18,109.78;38.06,112.22;37.76,114.05;
#1035:
>0:37.32,116.83;37.72,114.43;36.87,110.91;
#1036:
>0:40.18,118.07;40.19,117.65;
#1037:
>0:36.77,118.78;37.69,115.61;37.73,115.08;38.92,116.69;39.81,114.82;40.25,115.33;
#1038:
>0:39.31,108.22;39.08,107.04;37.77,107.28;37.22,107.81;36.69,107.22;
#1039:
>0:40.56,116.17;38.73,113.71;
#1040:
>0:40.12,117.73;40.45,116.5;
#1041:
>0:37.12,107.17;37.29,109.58;
#1042:
>0:40.3,117.03;39.77,116.14;
#1043:
>0:37.98,106.72;38.1,109.36;37.61,112.39;36.3,113.97;37.57,115.48;36.79,118.48;
#1044:
>0:40.32,117.42;40.39,117.89;
#1045:
>0:39.88,117.15;40.02,116.46;
#1046:
>0:40.44,117.08;39.95,117.01;
#1047:
>0:40.52,117.94;40.13,116.49;
#1048:
>0:40.64,118.06;39.94,117.8;38.87,114.47;38.25,112.61;37.82,110.39;
#1049:
>0:39.98,116.1;40.61,117.27;
#1050:
>0:40.4,117.1;39.98,116.26;
#1051:
>0:37.12,114.7;37.94,114.42;
#1052:
>0:38.75,115.26;38.46,114.23;
#1053:
>0:40.07,116.28;40.14,117.35;
#1054:
>0:40.68,108.89;40.26,108.14;38.63,108.07;
#1055:
>0:38.97,117.57;39.89,117.2;40.52,113.87;
#1056:
>0:40.16,116.59;40.05,116.55;40.44,116.08;39.72,117.88;
#1057:
>0:39.84,116.84;40.06,117.53;
#1058:
>0:40.02,113.71;39.72,116.31;39.37,117.71;38.77,116.09;37.41,118.2;
#1059:
>0:38.12,109.43;37.82,111.84;
#1060:
>0:36.23,118.43;36.32,116.43;
#1061:
>0:38.03,110.54;37.72,111.71;36.45,114.96;
#1062:
>0:40.74,113.53;39.34,114.52;38.94,113.22;
#1063:
>0:40.46,117.86;40.29,116.85;
#1064:
>0:36.57,117.94;37.7,116.31;38.27,114.36;39.03,115.83;39.94,117.12;
#1065:
>0:40.18,116.2;39.99,117.67;
#1066:
>0:39.94,116.75;39.37,118.63;40.36,117.74;40.37,116.7;40.34,116.75;40.3,115.82;
#1067:
>0:36.85,114.64;36.53,112.87;36.28,110.8;36.17,106.92;
#1068:
>0:38.43,110.54;38.54,112.68;
#1069:
>0:38.42,114.04;37.07,114.54;36.16,115.11;
#1070:
>0:37.45,111.96;36.51,111.65;36.55,107.81;
#1071:
>0:40.28,111.1;39.26,109.14;38.65,109.18;37.9,110.13;
#1072:
>0:40.21,116.27;39.79,117.0;
#1073:
>0:40.2,118.16;40.32,118.19;
#1074:
>0:39.92,117.37;39.97,117.79;
#1075:
>0:40.52,118.2;40.08,116.59;
#1076:
>0:40.1,106.8;40.0,109.65;38.5,112.88;37.72,115.07;38.43,116.89;37.93,117.85;
#1077:
>0:37.98,117.29;38.05,115.01;37.19,111.17;36.9,108.85;
#1078:
>0:38.91,116.93;38.44,113.11;
#1079:
>0:38.07,115.79;37.38,113.74;37.2,112.75;36.93,108.89;37.41,106.95;
#1080:
>0:40.01,116.74;40.28,117.01;
#1081:
>0:40.16,117.65;40.35,117.86;
#1082:
>0:39.68,116.71;40.65,116.88;
#1083:
>0:40.59,116.57;40.2,117.06;
#1084:
>0:39.45,112.52;38.97,110.87;38.41,110.57;36.97,109.15;
#1085:
>0:38.35,110.0;38.84,107.9;
#1086:
>0:40.31,117.0;40.16,116.56;40.06,115.52;
#1087:
>0:39.94,116.65;39.89,119.42;38.65,118.31;40.3,116.32;
#1088:
>0:40.62,117.79;40.25,117.46;
#1089:
>0:37.01,111.72;36.22,110.96;
#1090:
>0:39.72,118.09;40.36,117.61;
#1091:
>0:40.39,117.34;39.88,116.22;
#1092:
>0:39.93,116.38;40.21,118.16;
#1093:
>0:39.87,117.21;39.87,117.85;
#1094:
>0:40.47,117.14;40.15,116.79;
#1095:
>0:39.91,117.43;39.75,117.76;
#1096:
>0:40.47,116.96;40.38,116.11;
#1097:
>0:37.32,115.19;38.24,111.61;38.67,116.22;
#1098:
>0:40.21,117.22;39.83,118.05;
#1099:
>0:39.77,116.39;39.79,117.92;
#1100:
>0:37.65,109.43;37.71,111.32;38.75,109.16;39.87,107.85;40.34,107.69;
#1101:
>0:40.75,118.38;39.84,116.43;39.72,114.32;
#1102:
>0:40.2,117.44;40.57,116.4;
#1103:
>0:39.96,116.14;40.08,116.14;
#1104:
>0:40.24,116.72;40.27,117.4;
#1105:
>0:38.42,113.15;38.68,116.3;
#1106:
>0:40.17,117.13;40.58,117.6;
#1107:
>0:40.29,117.21;39.78,117.82;
#1108:
>0:37.62,111.45;37.14,115.14;38.03,116.34;38.86,115.21;40.11,112.3;
#1109:
>0:40.05,116.36;40.39,115.79;40.67,115.44;
#1110:
>0:39.12,115.85;39.26,114.93;39.71,113.03;38.68,110.01;38.95,108.26;
#1111:
>0:39.88,116.24;40.49,116.6;38.72,113.05;
#1112:
>0:40.54,116.77;40.17,116.52;
#1113:
>0:38.84,112.08;38.23,113.89;36.93,112.74;36.86,112.59;
