#0:
>0:38.87,108.81;37.61,109.88;36.26,111.25;34.73,111.2;31.59,113.03;
#1:
>0:37.02,109.48;36.43,109.84;36.9,112.43;34.97,113.43;30.24,113.46;
#2:
>0:40.39,116.7;40.58,116.33;
#3:
>0:30.96,106.1;31.53,109.55;34.84,108.96;36.78,107.05;
#4:
>0:30.88,109.49;32.72,110.11;34.82,111.56;35.13,112.09;
#5:
>0:29.79,109.29;31.04,109.93;33.14,110.14;36.77,113.12;
#6:
>0:38.31,115.22;35.61,115.94;
#7:
>0:31.17,107.94;30.03,110.93;32.02,111.02;34.51,112.31;37.97,115.87;
#8:
>0:37.18,111.34;39.64,109.12;38.98,106.77;
#9:
>0:32.38,107.78;30.3,109.54;31.43,111.32;32.28,112.49;31.64,114.49;29.6,115.86;
#10:
>0:40.82,117.72;40.66,116.29;
#11:
>0:39.93,117.32;41.05,117.81;
#12:
>0:40.01,106.41;36.95,108.09;35.46,110.6;36.21,112.72;36.15,114.91;
#13:
>0:41.64,116.74;41.64,117.66;
#14:
>0:34.91,116.33;33.65,113.85;35.32,112.24;34.41,110.72;36.83,107.97;38.79,107.58;
#15:
>0:41.23,117.49;40.92,117.82;
#16:
>0:39.92,112.65;38.68,110.28;35.83,110.85;36.53,111.67;31.49,110.71;
#17:
>0:31.36,106.14;30.59,107.18;
#18:
>0:32.18,114.51;31.19,112.12;31.71,112.62;34.88,111.01;37.65,106.43;
#19:
>0:41.25,117.29;41.17,116.53;
#20:
>0:41.55,117.6;40.85,116.89;
#21:
>0:37.02,108.68;35.1,111.11;33.34,112.28;32.55,114.59;31.06,116.21;
#22:
>0:32.44,115.32;31.6,113.75;30.88,111.97;32.65,112.17;34.19,110.47;38.54,107.66;
#23:
>0:34.94,109.58;35.28,111.13;37.53,112.77;36.5,113.22;36.52,115.74;
#24:
>0:40.32,117.78;40.38,116.19;
#25:
>0:37.27,107.62;40.18,109.05;
#26:
>0:36.93,108.88;35.6,110.56;34.73,108.41;33.02,106.79;30.14,109.95;
#27:
>0:39.75,117.2;40.91,116.62;
#28:
>0:38.55,109.81;37.33,112.54;36.21,114.91;34.22,116.06;30.11,114.23;
#29:
>0:39.84,113.75;38.28,115.0;36.84,113.18;37.23,108.54;
#30:
>0:31.34,106.1;32.52,109.49;34.57,108.58;36.9,106.54;
#31:
>0:41.51,117.51;38.42,113.34;35.81,111.58;34.6,111.17;32.23,107.98;31.27,109.03;
#32:
>0:31.71,110.17;30.57,110.01;
#33:
>0:31.26,109.91;32.35,110.87;33.47,109.9;
#34:
>0:38.36,107.57;39.82,108.97;
#35:
>0:35.41,107.28;38.65,108.33;36.0,110.98;35.3,112.7;36.03,114.52;
#36:
>0:35.84,108.58;37.82,109.99;39.05,112.79;39.79,113.44;
#37:
>0:33.71,109.32;34.78,107.66;
#38:
>0:36.79,107.55;34.59,108.77;32.08,107.5;29.64,108.39;
#39:
>0:38.17,113.33;38.09,115.26;
#40:
>0:40.93,117.84;39.91,117.69;
#41:
>0:37.01,111.95;37.96,113.33;37.82,115.86;
#42:
>0:30.8,114.2;32.07,112.14;33.89,111.21;35.12,110.95;35.04,106.53;
#43:
>0:34.48,111.78;36.16,112.06;38.34,112.17;40.27,110.32;
#44:
>0:33.97,114.11;32.9,114.24;
#45:
>0:41.18,117.42;41.4,116.88;
#46:
>0:31.52,108.44;33.23,107.65;
#47:
>0:37.69,108.37;39.67,108.4;
#48:
>0:35.22,108.99;38.47,110.92;40.24,112.17;
#49:
>0:31.37,114.53;31.62,113.16;34.79,110.97;36.55,112.1;38.2,108.68;
#50:
>0:31.69,108.36;34.22,108.68;36.84,112.28;
#51:
>0:39.97,112.89;37.43,110.53;35.35,111.03;34.6,109.47;32.43,106.15;29.63,110.29;
#52:
>0:40.37,117.27;40.86,116.37;
#53:
>0:31.35,110.77;32.42,110.5;34.19,112.95;
#54:
>0:32.59,115.93;33.6,113.87;35.76,112.26;37.78,112.84;33.28,108.15;
#55:
>0:40.62,117.56;40.13,116.23;
#56:
>0:36.33,111.13;38.29,111.79;35.74,112.46;35.39,115.86;
#57:
>0:38.56,106.76;35.62,108.62;34.75,111.33;31.94,109.92;30.36,111.75;
#58:
>0:37.88,110.87;35.18,111.78;33.94,114.57;32.39,116.36;29.88,115.22;
#59:
>0:32.96,116.36;30.6,114.94;32.07,112.93;33.8,111.41;31.94,109.13;31.7,106.72;
#60:
>0:31.5,115.96;30.83,113.98;30.77,111.48;29.7,110.28;30.48,108.65;
#61:
>0:40.23,117.28;41.25,116.5;
#62:
>0:40.38,117.17;40.59,116.69;
#63:
>0:33.58,112.99;35.62,111.12;36.93,108.18;39.77,106.54;
#64:
>0:32.48,109.32;34.99,111.08;36.21,113.08;37.34,113.62;39.46,114.91;
#65:
>0:38.88,113.11;37.84,110.84;36.16,110.67;35.82,111.48;32.63,110.6;
#66:
>0:35.18,106.8;35.05,109.33;32.95,110.23;30.32,111.55;32.91,113.29;
#67:
>0:38.65,107.62;40.19,108.38;
#68:
>0:34.95,113.46;36.64,113.97;
#69:
>0:39.77,116.67;39.9,117.29;
#70:
>0:34.89,106.13;34.96,109.24;
#71:
>0:40.06,114.94;38.39,113.84;36.48,111.5;33.77,110.11;31.66,113.24;
#72:
>0:35.44,109.53;37.15,110.76;38.92,111.62;39.94,114.35;
#73:
>0:35.51,106.17;38.07,108.05;37.23,110.48;
#74:
>0:40.23,117.42;40.65,117.01;
#75:
>0:32.03,113.61;34.02,112.03;35.18,111.19;37.39,111.25;40.32,110.03;
#76:
>0:38.04,108.19;39.92,109.33;
#77:
>0:30.05,107.33;31.96,109.48;30.52,110.33;30.25,111.7;
#78:
>0:38.17,111.35;35.92,111.43;35.76,111.48;35.0,113.3;30.96,114.09;
#79:
>0:34.35,113.47;36.54,114.02;
#80:
>0:35.13,108.03;37.79,109.94;40.13,112.59;39.06,114.93;
#81:
>0:30.74,115.52;31.91,114.74;30.7,113.81;31.49,112.4;34.17,110.35;36.96,107.15;
#82:
>0:39.9,113.66;40.27,112.49;37.22,110.16;39.49,108.76;
#83:
>0:40.76,117.62;41.03,116.45;
#84:
>0:36.68,114.6;35.36,113.23;36.44,110.87;
#85:
>0:41.08,116.15;39.99,117.26;
#86:
>0:40.47,116.7;40.98,117.77;
#87:
>0:33.41,114.04;31.42,114.96;
#88:
>0:34.59,109.51;36.37,111.07;35.36,113.25;37.21,112.67;35.11,116.41;
#89:
>0:40.74,117.03;41.58,116.93;
#90:
>0:40.03,117.78;40.48,116.91;
#91:
>0:36.45,106.11;37.34,106.49;
#92:
>0:40.21,116.62;40.11,116.92;
#93:
>0:38.49,112.51;38.3,113.33;38.7,115.34;
#94:
>0:39.83,116.5;38.18,114.84;35.55,112.79;35.65,110.32;
#95:
>0:40.85,117.23;40.9,117.06;
#96:
>0:40.08,117.84;40.62,116.91;
#97:
>0:34.51,112.6;35.28,115.0;37.76,114.88;40.44,113.89;
#98:
>0:35.87,113.76;35.82,111.98;35.33,110.96;
#99:
>0:32.49,116.0;32.84,113.7;29.57,113.43;34.8,110.53;
#100:
>0:37.21,107.59;35.78,106.31;38.74,108.39;37.53,112.19;
#101:
>0:36.44,109.68;37.01,111.56;38.9,114.34;
#102:
>0:38.22,114.58;36.02,111.85;34.23,110.9;32.32,109.89;
#103:
>0:33.6,109.59;36.75,111.12;35.19,112.71;38.31,111.47;37.74,115.07;
#104:
>0:36.48,108.18;33.29,110.42;32.4,110.5;36.2,113.85;
#105:
>0:33.69,111.52;36.9,113.9;37.86,112.4;39.89,111.52;
#106:
>0:35.27,110.71;33.93,109.59;31.49,108.61;
#107:
>0:33.91,111.01;35.22,111.72;38.11,110.65;
#108:
>0:30.35,115.78;32.25,114.01;31.02,113.25;32.17,112.38;34.92,111.03;34.63,107.8;
#109:
>0:40.52,111.82;38.66,112.34;35.79,112.8;34.36,112.56;
#110:
>0:33.72,116.64;36.5,115.14;34.62,113.49;35.94,113.06;34.26,111.38;29.83,106.58;
#111:
>0:41.55,117.09;41.01,117.39;
#112:
>0:33.07,106.33;33.1,109.25;34.63,109.55;36.72,111.32;40.03,112.98;
#113:
>0:41.48,116.84;41.33,117.45;
#114:
>0:36.96,114.23;37.12,113.07;35.22,113.19;34.36,110.15;38.48,106.21;
#115:
>0:29.6,114.22;32.61,111.63;34.91,113.2;35.31,112.04;
#116:
>0:33.7,109.25;36.71,111.43;34.12,110.55;36.06,112.5;35.3,116.07;
#117:
>0:37.31,111.42;35.84,108.87;
#118:
>0:41.12,116.89;41.64,116.26;
#119:
>0:34.99,115.26;34.4,114.25;36.74,113.16;40.49,113.24;
#120:
>0:30.26,108.92;29.98,109.96;32.06,111.23;33.7,114.5;
#121:
>0:34.56,116.66;32.45,113.4;
#122:
>0:32.3,113.24;33.76,110.77;36.28,108.58;
#123:
>0:36.93,109.33;36.79,110.56;33.25,110.85;32.2,111.98;
#124:
>0:36.32,114.35;33.85,116.06;33.19,116.8;29.9,116.03;
#125:
>0:36.26,112.76;36.91,110.82;36.71,108.74;
#126:
>0:29.66,109.81;31.42,110.6;34.25,110.27;
#127:
>0:39.85,106.68;40.17,109.35;40.02,110.25;
#128:
>0:36.48,112.07;33.34,109.7;32.15,108.32;32.58,107.65;
#129:
>0:41.62,116.51;39.32,114.1;38.62,114.04;34.75,114.3;
#130:
>0:39.7,107.4;38.56,108.85;36.38,110.8;34.68,108.82;31.95,108.58;
#131:
>0:30.28,113.27;33.08,111.83;34.34,111.67;35.45,113.21;
#132:
>0:40.85,116.35;39.89,118.17;
#133:
>0:40.42,116.83;40.0,117.56;
#134:
>0:32.18,112.41;31.89,111.43;32.18,108.23;
#135:
>0:40.12,117.15;40.21,117.02;
#136:
>0:33.78,111.38;35.47,112.11;
#137:
>0:37.07,109.14;37.01,108.19;
#138:
>0:40.47,116.58;41.56,117.68;
#139:
>0:40.44,117.78;40.05,114.15;39.18,111.91;39.03,110.41;
#140:
>0:32.58,108.1;33.76,107.16;36.7,106.77;36.95,106.26;38.82,106.29;
#141:
>0:32.97,113.5;31.41,112.81;
#142:
>0:34.23,111.04;32.89,109.04;33.85,107.35;
#143:
>0:30.32,116.49;32.95,114.46;32.87,113.22;33.86,109.82;35.3,107.99;35.15,107.43;
#144:
>0:37.57,109.56;35.78,110.24;34.53,106.57;
#145:
>0:31.16,115.47;31.93,114.3;34.17,114.01;
#146:
>0:33.88,113.9;35.28,113.53;
#147:
>0:31.35,115.57;32.74,114.88;32.01,112.15;
#148:
>0:35.88,113.6;33.95,112.23;31.57,112.02;
#149:
>0:36.22,109.53;33.43,110.9;31.56,111.13;
#150:
>0:33.62,108.83;36.65,110.33;36.96,111.88;36.43,114.44;35.88,116.03;
#151:
>0:38.38,110.82;35.23,110.25;33.85,114.18;
#152:
>0:36.25,114.28;37.2,113.18;38.48,111.33;34.35,108.78;
#153:
>0:40.53,117.62;40.67,116.98;
#154:
>0:40.02,116.96;40.9,117.05;
#155:
>0:30.71,115.86;31.57,113.38;33.61,113.01;36.87,110.57;37.35,109.46;
#156:
>0:41.44,117.11;40.43,117.44;
#157:
>0:32.3,108.19;29.64,110.91;32.94,110.08;35.98,113.33;
#158:
>0:41.13,116.91;41.59,116.61;
#159:
>0:37.84,109.21;35.57,109.97;34.42,107.34;
#160:
>0:36.21,111.71;34.79,114.91;32.04,113.93;
#161:
>0:40.57,114.51;38.3,113.6;36.67,111.69;34.69,114.27;33.85,116.27;30.29,114.56;
#162:
>0:40.55,115.05;37.72,113.23;37.59,110.01;35.08,108.15;
#163:
>0:35.75,109.67;35.18,111.7;36.99,111.99;37.91,115.45;
#164:
>0:37.03,114.87;36.94,112.09;35.53,111.19;33.94,110.95;38.34,106.13;
#165:
>0:35.23,111.41;37.77,112.63;35.27,113.34;36.14,115.91;
#166:
>0:30.27,108.71;31.87,110.0;34.27,112.48;35.79,109.81;38.27,109.02;
#167:
>0:33.56,113.45;35.61,113.62;
#168:
>0:34.42,107.32;32.08,109.62;30.99,109.97;31.84,112.76;
#169:
>0:41.63,117.25;40.12,116.88;
#170:
>0:34.87,113.66;32.5,112.27;
#171:
>0:30.06,106.23;31.14,109.13;29.92,111.11;30.61,111.92;
#172:
>0:31.69,108.79;34.65,106.73;35.44,106.46;37.38,106.41;39.18,106.12;
#173:
>0:34.74,108.08;32.69,110.63;31.07,113.1;
#174:
>0:36.67,110.27;37.39,113.07;39.34,114.31;
#175:
>0:35.6,114.97;33.88,112.47;31.66,112.67;
#176:
>0:40.31,114.2;38.54,114.35;36.88,111.62;34.16,114.65;32.66,116.72;
#177:
>0:35.52,114.08;36.87,116.6;
#178:
>0:36.52,106.94;36.92,108.65;35.88,111.38;36.15,111.51;36.43,114.29;
#179:
>0:39.65,116.43;41.63,117.86;
#180:
>0:38.36,106.86;36.06,107.15;39.15,111.38;
#181:
>0:37.33,111.51;40.05,111.25;39.16,108.5;40.24,107.71;
#182:
>0:30.21,108.8;30.3,110.27;
#183:
>0:33.97,116.32;35.22,113.6;38.47,113.07;39.6,110.6;
#184:
>0:41.24,116.31;40.7,116.67;
#185:
>0:32.01,114.81;34.8,116.1;35.6,112.26;
#186:
>0:37.95,106.35;36.24,109.32;33.32,110.24;32.33,111.05;29.6,111.55;
#187:
>0:34.56,115.09;32.1,113.53;30.75,113.04;31.4,110.17;29.79,108.5;
#188:
>0:33.74,116.81;31.96,113.33;29.72,112.06;31.15,110.68;
#189:
>0:30.58,113.75;32.14,112.44;33.66,111.46;36.58,108.46;37.23,106.44;39.54,107.36;
#190:
>0:38.31,106.57;35.33,109.5;
#191:
>0:36.73,108.09;38.14,110.5;39.01,111.57;40.22,113.5;
#192:
>0:40.77,117.76;40.18,117.48;
#193:
>0:31.18,106.45;30.21,108.53;32.09,111.05;33.24,111.74;32.76,113.8;30.93,116.77;
#194:
>0:39.19,106.91;37.95,107.13;36.27,106.89;
#195:
>0:40.56,117.64;41.53,118.2;
#196:
>0:37.04,108.19;35.19,109.83;36.93,112.73;36.33,111.51;32.44,116.44;
#197:
>0:40.83,117.25;39.16,114.23;37.48,114.87;35.8,111.6;35.18,109.03;
#198:
>0:40.39,116.89;40.02,116.95;
#199:
>0:37.47,108.83;35.12,110.72;35.71,112.33;
#200:
>0:40.26,116.2;40.25,113.75;37.76,113.38;34.42,113.99;
#201:
>0:41.47,117.45;39.5,114.42;38.57,114.92;36.83,112.53;32.51,116.1;
#202:
>0:32.35,109.38;32.59,107.27;
#203:
>0:41.02,116.6;39.93,117.73;
#204:
>0:39.79,117.53;40.31,114.78;37.31,113.37;38.05,111.13;
#205:
>0:37.19,109.32;35.2,110.93;35.78,112.63;
#206:
>0:39.59,106.95;38.53,109.56;36.04,110.06;34.28,111.87;32.29,113.53;29.99,115.9;
#207:
>0:41.62,117.55;40.38,117.92;
#208:
>0:32.97,116.62;33.84,114.5;35.95,113.01;38.37,112.26;34.54,108.26;
#209:
>0:33.49,111.63;36.48,113.96;37.9,114.5;39.72,114.1;
#210:
>0:40.39,117.02;40.61,116.41;
#211:
>0:35.27,107.56;38.66,108.38;
#212:
>0:30.54,115.53;32.88,113.76;34.84,112.32;36.27,111.34;37.22,108.54;
#213:
>0:35.07,108.04;36.69,111.13;37.43,112.66;40.55,113.51;
#214:
>0:41.25,117.56;40.39,116.7;
#215:
>0:40.04,116.19;40.09,117.68;
#216:
>0:32.27,106.84;34.77,106.56;36.91,107.6;37.94,106.56;
#217:
>0:40.75,116.51;41.57,117.66;
#218:
>0:33.92,114.52;36.38,113.25;34.29,109.88;35.52,108.38;39.46,107.45;
#219:
>0:37.61,108.87;39.19,106.33;
#220:
>0:40.05,106.87;37.73,108.31;36.24,110.35;36.0,113.11;
#221:
>0:31.41,109.32;29.79,109.77;
#222:
>0:37.97,115.4;38.39,114.25;36.18,112.82;34.41,110.86;36.01,108.96;36.89,106.08;
#223:
>0:36.52,113.47;35.03,113.16;32.04,112.46;
#224:
>0:39.92,117.41;40.76,117.04;
#225:
>0:41.47,116.9;38.41,113.85;36.11,112.58;34.67,110.91;36.64,108.57;36.43,107.35;
#226:
>0:37.99,113.21;35.59,111.8;36.43,108.56;
#227:
>0:41.57,116.81;39.24,113.92;37.4,114.94;34.73,114.32;
#228:
>0:33.25,108.33;36.56,110.77;35.18,112.68;
#229:
>0:40.59,116.81;40.06,117.68;
#230:
>0:33.88,112.69;33.58,109.73;34.83,109.22;
#231:
>0:32.28,113.71;29.67,112.9;32.55,112.6;34.93,110.19;38.68,107.07;
#232:
>0:33.58,115.46;32.23,114.42;30.22,113.02;31.4,111.2;30.95,108.75;
#233:
>0:35.09,107.84;33.73,108.72;32.64,110.11;32.98,112.85;
#234:
>0:38.18,116.03;38.36,114.18;35.69,111.81;33.0,110.36;
#235:
>0:36.61,111.72;34.67,109.71;32.76,112.75;
#236:
>0:32.11,113.14;34.57,112.39;36.43,110.74;32.98,107.23;
#237:
>0:34.05,108.98;31.92,110.35;30.54,112.42;33.09,114.45;
#238:
>0:37.33,114.04;38.62,116.02;
#239:
>0:39.57,117.9;39.51,116.77;
#240:
>0:33.16,113.37;32.59,112.34;
#241:
>0:32.52,116.34;30.16,114.2;31.15,112.6;30.87,110.16;30.59,109.05;
#242:
>0:36.62,111.04;34.91,111.41;32.94,113.22;
#243:
>0:40.38,117.38;40.45,114.88;36.98,113.49;36.05,112.45;38.24,108.29;
#244:
>0:32.77,110.86;30.61,113.14;32.8,113.27;
#245:
>0:40.35,117.28;40.15,116.82;
#246:
>0:33.47,107.31;36.58,106.1;38.06,107.47;39.84,107.18;
#247:
>0:30.34,110.41;30.03,108.28;30.11,106.76;
#248:
>0:39.94,113.07;38.72,111.15;35.99,110.17;36.55,112.74;31.72,109.84;
#249:
>0:33.33,114.55;32.84,113.98;
#250:
>0:31.92,106.89;32.34,109.5;
#251:
>0:41.22,117.21;41.47,117.88;
#252:
>0:34.6,111.89;36.64,114.56;38.44,113.24;
#253:
>0:32.36,115.74;31.41,114.16;29.74,114.99;32.1,111.76;34.87,111.12;37.33,107.54;
#254:
>0:38.9,106.43;37.56,108.16;35.91,110.26;35.98,112.6;
#255:
>0:40.56,107.04;38.11,109.18;36.52,110.36;33.29,108.64;31.73,107.29;31.36,108.87;
#256:
>0:40.31,108.19;37.69,110.27;35.52,111.97;33.74,113.68;31.61,116.67;31.4,115.84;
#257:
>0:30.09,109.51;31.13,110.09;32.54,109.97;35.64,113.13;
#258:
>0:38.87,109.19;36.94,110.1;35.6,109.96;34.99,113.34;
#259:
>0:35.62,115.99;38.53,116.33;41.36,117.68;
#260:
>0:36.18,112.07;37.32,112.12;38.67,109.56;
#261:
>0:36.06,116.41;34.52,113.54;36.63,111.63;32.56,110.33;
#262:
>0:38.52,106.28;38.84,109.06;
#263:
>0:34.35,107.95;35.62,110.43;37.2,112.7;35.2,112.96;35.09,116.13;
#264:
>0:39.22,116.15;40.57,117.04;
#265:
>0:38.99,114.21;36.96,115.03;35.5,112.63;33.82,113.31;32.3,115.13;
#266:
>0:34.63,115.87;35.65,113.65;37.72,115.86;40.22,116.68;
#267:
>0:32.39,107.86;33.13,108.8;31.65,110.3;
#268:
>0:38.48,115.71;36.14,115.63;33.87,114.98;35.12,112.36;33.96,111.42;29.98,106.52;
#269:
>0:32.75,115.65;32.13,114.07;32.96,111.53;34.14,110.82;34.4,109.48;
#270:
>0:29.66,113.31;32.95,113.13;33.98,110.11;36.32,111.74;38.69,110.02;
#271:
>0:40.23,114.7;37.27,113.32;35.35,111.81;34.75,114.94;31.46,115.84;
#272:
>0:37.01,109.0;38.23,108.33;
#273:
>0:30.42,109.03;30.65,111.41;
#274:
>0:39.19,106.31;38.14,109.57;35.98,110.89;33.77,108.96;31.66,108.36;
#275:
>0:40.18,116.89;39.66,113.99;39.17,111.64;40.18,109.93;
#276:
>0:34.24,113.88;36.15,116.84;
#277:
>0:34.95,114.43;34.02,111.83;38.2,114.45;
#278:
>0:38.09,113.91;38.58,115.66;
#279:
>0:34.8,111.45;35.71,111.64;
#280:
>0:33.87,116.49;35.45,115.19;
#281:
>0:30.53,109.31;33.08,110.77;34.98,111.75;36.56,109.95;37.45,108.81;
#282:
>0:38.39,113.3;36.85,112.36;33.32,114.56;32.73,116.55;
#283:
>0:35.03,112.44;33.65,114.07;29.85,113.82;
#284:
>0:41.3,116.48;41.22,117.32;
#285:
>0:30.98,109.33;32.45,109.75;34.33,111.85;33.42,114.96;
#286:
>0:39.01,106.65;38.36,108.7;36.48,110.42;33.66,112.41;
#287:
>0:37.42,112.17;38.5,114.35;36.97,115.35;
#288:
>0:31.47,107.96;30.4,111.36;
#289:
>0:39.94,117.67;41.18,117.77;
#290:
>0:35.79,114.97;37.16,113.24;38.82,110.12;
#291:
>0:33.61,116.15;35.62,115.87;
#292:
>0:35.92,107.21;37.2,108.68;35.35,110.04;37.62,112.55;35.42,113.56;35.93,115.33;
#293:
>0:30.88,109.66;30.96,110.45;32.33,110.76;34.82,113.27;
#294:
>0:32.38,108.64;34.38,109.68;36.22,110.31;
#295:
>0:29.8,115.38;31.77,113.64;29.9,112.6;32.09,111.58;32.04,109.04;
#296:
>0:37.17,113.55;35.68,111.75;33.26,114.5;32.61,115.45;30.38,112.0;
#297:
>0:40.99,117.25;39.69,116.72;
#298:
>0:32.02,108.08;31.48,110.89;
#299:
>0:35.56,113.55;35.15,116.4;
