#0:
>0:41.32,116.44;41.56,116.96;
#1:
>0:34.91,113.43;31.93,113.09;29.94,111.53;31.11,109.55;
#2:
>0:35.67,110.03;37.34,112.68;36.76,113.6;40.73,117.46;
#3:
>0:31.11,115.53;32.24,116.36;31.62,113.17;
#4:
>0:34.36,113.05;36.14,114.14;35.81,116.08;
#5:
>0:38.95,112.98;37.33,110.98;36.39,108.34;33.58,107.38;32.26,107.74;
#6:
>0:41.5,117.99;40.81,117.28;
#7:
>0:31.06,116.2;32.04,115.36;34.31,114.79;36.28,112.5;36.48,108.6;
#8:
>0:41.75,117.88;37.25,114.31;36.75,111.95;34.36,109.83;32.91,109.55;31.97,107.54;
#9:
>0:34.94,116.47;32.69,115.93;32.97,113.69;32.41,110.72;
#10:
>0:36.68,109.17;34.07,110.69;32.28,112.21;
#11:
>0:29.69,114.07;32.0,112.64;34.16,109.77;36.28,108.51;37.69,108.7;
#12:
>0:32.46,108.52;30.53,107.5;
#13:
>0:32.38,111.64;34.16,114.83;35.85,112.32;38.47,112.71;
#14:
>0:37.51,112.96;35.45,114.09;33.68,115.64;31.9,115.34;30.66,111.51;
#15:
>0:38.14,110.21;36.5,111.58;33.75,113.09;32.21,111.95;
#16:
>0:33.12,112.75;32.73,110.01;35.0,111.04;38.61,111.7;
#17:
>0:37.97,111.31;39.77,109.5;39.48,106.92;
#18:
>0:33.23,107.24;34.82,107.4;36.46,107.82;
#19:
>0:36.25,106.47;35.48,108.82;34.36,111.43;33.28,113.15;
#20:
>0:40.76,117.97;37.84,113.31;35.96,113.55;35.27,112.93;39.66,108.75;
#21:
>0:30.87,108.38;31.63,106.97;32.12,106.64;35.7,108.51;
#22:
>0:39.93,117.98;40.55,117.43;
#23:
>0:40.33,111.05;37.14,111.04;
#24:
>0:39.95,117.09;40.44,117.36;
#25:
>0:36.94,110.15;38.3,112.27;36.22,114.93;32.13,113.43;
#26:
>0:36.52,115.41;33.86,114.03;36.51,112.36;37.63,109.89;40.23,109.6;35.13,107.63;
#27:
>0:39.99,117.04;41.12,116.47;
#28:
>0:40.06,117.32;39.92,116.31;
#29:
>0:35.81,107.33;36.22,108.6;33.34,110.89;32.26,112.75;35.05,111.96;31.06,115.21;
#30:
>0:41.53,116.93;38.19,113.36;38.27,112.93;
#31:
>0:32.36,106.66;33.8,107.73;
#32:
>0:37.55,112.3;36.69,114.79;34.42,113.67;
#33:
>0:36.44,110.38;34.99,111.56;31.87,112.07;
#34:
>0:33.98,113.38;35.57,112.35;37.5,112.4;
#35:
>0:32.45,112.17;32.57,110.1;36.89,113.67;
#36:
>0:41.14,117.67;37.94,113.94;38.55,112.59;35.55,113.57;33.57,115.72;30.41,114.81;
#37:
>0:38.03,112.02;35.58,114.99;33.27,112.39;
#38:
>0:35.69,116.03;33.5,113.43;36.17,111.72;38.61,110.63;
#39:
>0:33.64,114.19;35.79,111.98;37.92,110.03;
#40:
>0:40.58,112.13;36.98,112.51;35.68,113.93;33.4,115.62;32.9,116.51;30.33,112.22;
#41:
>0:40.57,106.47;39.98,108.38;37.32,109.86;36.02,112.16;33.97,113.24;31.18,112.82;
#42:
>0:41.58,117.11;41.42,117.99;
#43:
>0:39.29,111.63;38.07,109.95;36.79,109.26;34.98,108.15;
#44:
>0:36.63,112.89;37.13,112.08;39.73,108.37;
#45:
>0:38.14,107.01;35.49,107.25;34.3,107.43;31.86,106.42;30.98,107.3;
#46:
>0:38.5,106.95;36.06,106.99;36.62,108.11;34.43,110.3;29.88,111.44;
#47:
>0:32.89,106.24;34.7,108.08;34.29,107.46;35.89,109.14;39.42,106.23;
#48:
>0:37.41,108.38;35.17,110.06;33.63,110.15;32.22,109.99;
#49:
>0:30.69,109.88;32.67,109.69;33.36,110.22;36.36,110.2;38.27,112.91;39.03,109.04;
#50:
>0:33.89,116.22;32.0,116.12;31.02,113.89;29.93,112.01;31.91,110.72;30.43,107.38;
#51:
>0:37.37,110.66;37.79,113.16;35.87,114.54;32.44,112.01;
#52:
>0:30.09,110.33;31.84,110.06;35.05,110.56;36.11,111.27;38.06,112.01;39.63,109.6;
#53:
>0:31.09,116.1;32.18,115.73;32.32,112.85;
#54:
>0:37.46,110.58;35.62,113.1;34.35,112.84;34.69,116.3;
#55:
>0:31.2,116.28;30.96,116.83;
#56:
>0:36.15,114.22;35.49,113.88;
#57:
>0:30.44,115.43;32.51,116.08;33.99,114.94;36.85,111.63;35.91,109.47;
#58:
>0:36.91,112.66;37.44,113.12;35.53,116.16;
#59:
>0:30.04,107.45;32.22,108.14;34.55,109.98;35.36,111.38;37.5,112.76;39.13,112.75;
#60:
>0:39.73,115.02;37.67,111.78;35.09,110.11;34.54,108.37;33.01,107.24;
#61:
>0:36.17,110.9;37.92,111.47;38.69,114.67;
#62:
>0:41.45,117.53;37.36,113.49;36.07,113.17;34.72,111.13;34.64,109.11;
#63:
>0:35.93,112.16;34.54,110.37;32.16,108.64;31.91,107.4;
#64:
>0:40.22,112.2;38.46,110.92;
#65:
>0:32.66,111.96;30.11,112.41;32.86,110.3;32.24,107.75;
#66:
>0:30.29,112.71;32.41,110.41;33.77,109.11;34.86,107.57;36.14,108.33;39.91,106.14;
#67:
>0:40.79,116.68;41.54,117.65;
#68:
>0:40.15,116.51;39.8,117.95;
#69:
>0:34.04,109.79;31.65,112.05;34.69,111.72;36.36,115.71;
#70:
>0:40.18,113.38;36.93,112.73;36.42,110.57;34.1,109.6;31.89,107.48;
#71:
>0:36.03,110.0;34.8,112.89;
#72:
>0:35.51,107.66;37.32,108.38;40.52,111.36;37.74,112.0;36.35,113.75;38.51,116.31;
#73:
>0:41.28,117.44;41.35,116.59;
#74:
>0:40.48,118.0;40.6,117.29;
#75:
>0:32.39,114.2;32.86,115.42;34.45,113.33;35.76,112.61;38.93,112.4;
#76:
>0:36.84,113.8;37.55,115.26;39.67,117.57;
#77:
>0:41.36,117.78;40.9,116.99;
#78:
>0:30.88,112.71;32.86,114.67;32.61,115.76;
#79:
>0:35.98,115.87;33.57,114.69;38.13,112.6;
#80:
>0:32.42,107.26;34.97,109.43;34.85,111.21;34.23,112.15;
#81:
>0:32.02,108.82;30.95,110.56;32.78,111.26;34.72,113.41;
#82:
>0:36.21,110.68;37.02,112.14;36.22,114.07;40.4,117.78;
#83:
>0:38.04,110.21;40.12,113.0;
#84:
>0:36.02,107.63;34.43,108.84;32.72,109.41;
#85:
>0:32.03,108.18;34.87,110.64;36.46,111.2;35.16,114.58;
#86:
>0:31.77,109.63;34.45,109.01;35.13,108.77;37.56,107.9;
#87:
>0:33.41,114.08;35.73,112.26;38.42,109.98;40.33,110.16;
#88:
>0:32.98,110.48;30.84,108.95;32.75,106.88;
#89:
>0:29.71,116.6;32.0,116.18;34.17,116.38;35.54,115.33;38.57,116.15;
#90:
>0:30.73,107.77;32.79,109.22;33.43,108.25;
#91:
>0:35.36,110.82;34.7,111.99;31.85,112.51;
#92:
>0:33.79,110.82;35.54,111.97;37.04,114.64;
#93:
>0:30.57,114.08;32.07,112.47;33.89,111.32;36.53,108.08;
#94:
>0:37.19,111.27;36.5,113.24;34.93,112.67;
#95:
>0:39.12,113.49;38.68,112.77;36.68,116.72;
#96:
>0:35.34,113.44;33.69,116.33;32.44,115.31;29.78,113.08;
#97:
>0:38.0,116.46;38.34,114.81;35.42,114.39;38.23,111.0;
#98:
>0:32.99,112.57;33.75,110.14;36.28,108.72;37.44,106.88;
#99:
>0:31.28,115.76;32.44,115.76;34.62,116.36;
#100:
>0:38.04,116.15;37.53,113.96;33.39,114.37;
#101:
>0:37.93,110.64;35.43,112.45;34.06,111.71;
#102:
>0:34.68,108.15;35.2,109.93;38.67,112.36;36.74,113.89;41.58,117.98;
#103:
>0:36.59,111.18;37.19,112.27;36.7,114.48;40.49,117.84;
#104:
>0:29.86,116.83;31.75,115.67;33.36,115.29;36.75,115.36;38.39,116.06;
#105:
>0:38.13,108.17;40.3,110.23;37.1,112.46;
#106:
>0:37.33,106.77;36.46,106.15;36.58,108.0;34.88,110.01;31.01,110.96;
#107:
>0:37.31,108.05;36.56,111.37;33.34,111.27;31.96,111.05;
#108:
>0:39.76,116.75;40.74,117.5;
#109:
>0:38.35,112.27;37.38,111.11;34.92,112.82;
#110:
>0:40.44,117.51;41.25,117.78;
#111:
>0:31.75,111.54;33.66,110.59;36.89,108.13;38.14,107.29;39.98,106.09;
#112:
>0:41.13,117.02;40.8,116.56;
#113:
>0:29.83,116.26;32.97,116.59;34.01,116.35;
#114:
>0:35.68,110.15;36.54,110.69;
#115:
>0:40.05,116.87;40.24,116.95;
#116:
>0:40.06,113.67;37.57,111.68;36.64,113.6;36.88,116.46;34.37,116.35;30.3,113.56;
#117:
>0:37.92,113.33;35.93,113.17;38.69,112.47;35.15,109.34;
#118:
>0:31.39,115.57;29.98,115.92;
#119:
>0:41.18,118.04;40.54,116.46;
#120:
>0:40.8,117.82;40.29,116.88;
#121:
>0:36.01,107.58;38.32,106.14;
#122:
>0:31.53,110.31;34.21,109.62;35.19,107.46;
#123:
>0:40.27,117.06;41.63,116.81;
#124:
>0:34.32,114.79;35.24,112.98;37.57,110.4;38.91,111.29;
#125:
>0:35.93,108.79;33.91,107.65;32.84,107.86;30.66,106.18;
#126:
>0:31.45,106.58;30.37,109.13;33.85,109.41;
#127:
>0:29.68,107.12;30.2,107.14;
#128:
>0:31.37,115.7;32.94,115.16;34.27,116.22;36.33,116.21;37.16,116.0;
#129:
>0:35.63,112.14;38.64,111.95;40.21,108.82;
#130:
>0:38.49,106.56;36.66,106.42;
#131:
>0:38.24,109.8;36.26,112.73;34.63,112.36;
#132:
>0:38.67,109.45;37.37,110.79;36.7,111.67;34.3,112.35;29.79,112.38;
#133:
>0:32.94,113.65;31.15,111.94;33.07,109.8;32.38,109.26;34.8,106.55;
#134:
>0:35.69,107.17;36.4,109.38;33.26,110.52;32.33,113.23;34.99,113.02;31.17,115.9;
#135:
>0:40.56,114.39;37.89,114.44;37.46,112.16;39.96,109.03;
#136:
>0:37.82,113.5;36.81,114.32;33.43,114.14;31.75,110.08;
#137:
>0:32.8,107.28;34.28,106.69;35.37,106.97;
#138:
>0:31.71,111.03;33.15,109.43;30.34,107.8;
#139:
>0:38.43,115.21;41.38,116.77;
#140:
>0:36.8,116.61;34.75,114.99;37.51,113.18;
#141:
>0:36.52,113.02;38.42,112.93;38.36,108.04;
#142:
>0:41.2,116.93;39.93,117.19;
#143:
>0:38.51,110.84;37.55,113.13;35.32,113.42;40.69,117.86;
#144:
>0:40.23,117.11;40.87,116.94;
#145:
>0:31.68,114.35;32.64,116.48;34.15,114.5;35.54,112.14;38.8,112.24;
#146:
>0:32.16,109.39;33.61,110.49;36.31,109.71;37.77,113.01;40.59,108.46;
#147:
>0:35.95,116.12;38.68,114.36;40.16,112.38;39.55,110.8;
#148:
>0:32.86,111.28;33.8,109.05;35.31,108.71;37.31,108.13;
#149:
>0:37.81,111.18;37.35,112.62;35.77,114.62;34.28,114.77;29.63,110.41;
#150:
>0:31.5,112.95;30.47,111.51;31.5,111.11;32.39,107.09;
#151:
>0:40.27,112.16;37.42,111.05;35.82,108.09;33.52,108.97;
#152:
>0:32.84,107.9;33.7,109.9;
#153:
>0:36.98,116.79;35.33,114.18;34.37,113.13;
#154:
>0:30.43,116.28;31.21,114.34;31.29,112.29;34.84,111.07;
#155:
>0:39.13,114.44;38.33,111.99;36.14,111.8;
#156:
>0:32.58,109.51;33.48,110.93;33.07,111.53;35.31,114.32;
#157:
>0:37.52,111.78;39.88,110.07;
#158:
>0:33.02,108.15;34.62,111.33;36.13,110.07;37.03,109.73;39.04,111.13;
#159:
>0:40.21,112.0;37.35,111.54;37.28,110.89;33.63,112.65;
#160:
>0:29.88,114.94;29.83,111.71;32.89,111.08;30.0,108.91;32.7,107.63;
#161:
>0:39.57,113.96;40.9,116.64;
#162:
>0:36.8,108.76;35.39,110.51;
#163:
>0:34.67,114.72;32.45,112.74;34.02,109.88;
#164:
>0:35.97,106.36;36.81,108.3;34.54,110.84;31.7,112.82;33.27,113.09;30.68,115.51;
#165:
>0:41.22,118.13;37.51,114.92;36.74,112.99;33.75,110.83;34.83,109.19;
#166:
>0:35.85,114.61;36.44,113.78;
#167:
>0:32.79,110.96;34.68,112.02;35.16,113.82;35.1,115.73;
#168:
>0:38.54,106.17;36.03,107.44;33.89,107.81;32.82,107.6;30.89,107.67;
#169:
>0:35.32,106.65;33.94,109.1;32.78,109.48;29.78,108.17;
#170:
>0:33.19,112.88;33.59,113.58;35.41,112.94;37.4,109.79;40.59,110.27;
#171:
>0:33.37,110.79;35.47,113.01;38.61,114.54;41.22,117.92;
#172:
>0:39.03,114.95;37.48,114.56;38.5,112.17;38.93,109.56;
#173:
>0:35.4,109.35;33.84,110.23;32.72,111.99;
#174:
>0:31.75,112.55;32.35,110.19;36.49,110.37;
#175:
>0:34.26,106.44;35.75,108.7;34.74,111.44;32.55,111.49;31.54,114.52;
#176:
>0:32.15,107.73;29.78,108.98;
#177:
>0:37.42,110.5;37.17,113.2;35.68,113.38;40.15,117.7;
#178:
>0:41.16,117.74;40.26,118.05;
#179:
>0:41.53,116.89;41.75,117.19;
#180:
>0:32.47,106.29;33.48,109.27;36.47,107.25;35.13,109.49;39.28,107.55;
#181:
>0:29.77,114.74;30.24,111.52;34.4,112.89;
#182:
>0:30.32,110.71;32.05,109.66;34.91,110.26;36.81,111.02;36.96,112.92;40.09,107.92;
#183:
>0:40.04,113.42;38.44,111.89;38.53,109.95;39.8,108.52;35.94,107.7;
#184:
>0:39.19,112.54;37.65,111.72;
#185:
>0:36.01,110.71;35.4,111.92;
#186:
>0:32.19,107.97;33.47,110.35;35.39,111.17;38.59,111.95;40.15,108.16;
#187:
>0:35.83,109.95;33.61,112.21;32.07,111.91;
#188:
>0:39.86,113.57;37.54,111.61;37.68,110.76;40.49,109.48;36.12,106.22;
#189:
>0:39.69,113.11;37.43,112.82;35.33,113.37;33.53,113.83;32.02,112.74;30.46,113.22;
#190:
>0:41.59,116.91;40.95,116.41;
#191:
>0:41.08,116.66;40.04,116.57;
#192:
>0:36.29,112.7;38.68,112.6;39.08,109.44;
#193:
>0:41.27,116.48;40.7,117.12;
#194:
>0:40.63,116.45;40.95,116.44;
#195:
>0:38.01,116.06;37.07,114.45;35.1,114.98;37.85,110.46;
#196:
>0:38.07,107.76;38.57,109.35;37.59,111.08;
#197:
>0:37.05,110.69;37.4,113.25;36.15,114.55;33.83,113.8;30.34,110.18;
#198:
>0:39.96,116.63;38.37,114.79;36.04,111.77;36.97,112.47;36.91,108.44;
#199:
>0:39.76,108.92;38.48,106.07;35.29,108.15;
#200:
>0:29.78,112.38;32.05,111.15;35.02,108.26;34.4,106.5;36.35,109.2;39.67,107.41;
#201:
>0:30.01,108.62;31.46,111.27;34.78,111.86;34.34,114.98;30.74,115.51;
#202:
>0:36.42,106.49;34.39,109.25;32.67,109.37;
#203:
>0:39.24,109.75;38.78,112.88;37.11,111.63;35.47,114.37;34.98,114.24;30.91,111.23;
#204:
>0:32.84,107.61;33.86,106.31;36.61,107.31;
#205:
>0:31.34,106.76;32.07,107.96;31.74,106.49;36.89,106.64;
#206:
>0:34.52,113.04;35.23,110.46;35.74,109.04;35.93,106.87;
#207:
>0:36.28,107.37;35.18,108.77;34.01,110.7;32.63,112.63;35.51,114.0;
#208:
>0:39.63,111.75;37.55,111.18;36.13,109.04;34.64,107.18;31.91,106.34;
#209:
>0:35.0,108.85;35.65,108.74;37.51,107.47;40.48,107.99;
#210:
>0:36.15,108.8;36.5,111.3;
#211:
>0:32.55,114.88;32.1,115.82;34.58,114.3;35.72,111.75;40.09,113.04;
#212:
>0:31.03,114.47;31.93,111.77;34.17,109.76;36.23,108.29;37.65,106.71;
#213:
>0:30.59,115.35;32.55,115.74;
#214:
>0:39.81,116.49;40.03,116.89;
#215:
>0:37.58,110.63;36.5,109.47;
#216:
>0:41.03,117.88;38.24,114.75;36.79,112.88;37.0,112.37;35.85,109.58;
#217:
>0:35.52,111.56;38.63,111.91;40.14,108.36;
#218:
>0:34.16,110.28;35.64,112.91;
#219:
>0:40.76,117.63;39.98,116.49;
#220:
>0:29.94,110.34;30.58,113.12;
#221:
>0:34.09,113.39;36.9,112.35;37.48,111.31;38.9,109.78;
#222:
>0:36.18,112.86;38.22,111.83;39.41,108.26;
#223:
>0:39.86,110.6;38.41,112.86;35.21,109.39;
#224:
>0:34.34,109.38;33.27,110.39;
#225:
>0:29.66,106.56;33.18,107.81;
#226:
>0:40.23,112.93;38.06,109.83;35.38,108.67;34.92,107.85;32.98,106.44;
#227:
>0:36.72,110.03;33.82,112.21;
#228:
>0:40.52,108.47;37.96,110.69;38.12,113.24;35.63,114.98;34.76,113.68;31.4,112.6;
#229:
>0:37.5,114.61;35.33,111.94;33.51,110.94;34.1,108.38;34.36,107.07;
#230:
>0:36.86,115.14;33.45,114.97;32.31,111.92;30.09,110.51;
#231:
>0:33.31,115.34;31.96,115.35;34.25,114.06;36.04,111.91;40.54,107.92;
#232:
>0:33.93,116.28;33.77,114.28;34.67,113.19;33.25,111.42;33.82,108.64;
#233:
>0:31.24,116.21;32.19,116.42;34.81,113.76;35.63,112.4;37.73,113.01;40.14,109.3;
#234:
>0:32.4,107.44;30.57,106.36;31.27,108.93;32.7,110.87;34.0,113.02;32.31,116.39;
#235:
>0:32.94,108.21;34.37,109.88;32.4,113.06;35.08,113.58;30.2,116.79;
#236:
>0:40.14,118.08;40.26,116.98;
#237:
>0:29.74,108.88;33.22,110.37;34.33,113.26;33.68,113.32;29.57,116.26;
#238:
>0:29.87,107.31;31.6,109.59;31.93,107.36;33.88,107.21;36.93,107.12;
#239:
>0:37.32,116.41;37.88,114.76;38.42,113.05;35.96,109.81;
#240:
>0:38.57,110.31;37.49,112.61;35.99,114.43;31.82,113.04;
#241:
>0:35.36,116.44;34.36,113.61;37.66,112.79;
#242:
>0:32.34,115.3;30.38,114.61;30.75,113.22;30.77,110.19;
#243:
>0:39.98,112.97;38.83,111.46;37.9,112.88;35.24,113.8;34.21,113.43;30.65,110.54;
#244:
>0:30.93,106.17;31.86,108.01;34.84,110.49;36.59,110.94;36.93,111.96;40.31,112.01;
#245:
>0:39.67,114.34;37.6,112.43;35.52,113.17;
#246:
>0:31.02,112.54;32.29,111.46;34.15,111.04;35.56,110.81;38.72,110.91;39.7,110.85;
#247:
>0:36.82,106.98;35.2,109.46;33.35,110.02;34.78,112.58;
#248:
>0:35.73,106.08;33.96,108.23;32.92,109.07;
#249:
>0:37.93,112.52;40.19,109.73;
#250:
>0:33.7,106.33;36.38,108.55;
#251:
>0:30.54,109.38;32.32,106.81;
#252:
>0:40.29,112.09;37.02,111.21;
#253:
>0:32.43,107.32;34.69,106.57;
#254:
>0:36.56,106.85;38.24,109.38;39.11,111.22;37.9,111.85;38.07,114.98;
#255:
>0:33.24,115.43;34.59,114.01;36.28,112.33;38.48,112.82;35.94,108.41;
#256:
>0:40.23,111.41;37.69,110.79;
#257:
>0:35.44,109.64;35.2,110.87;
#258:
>0:39.05,111.24;38.26,111.43;
#259:
>0:36.71,106.14;37.01,108.91;39.52,109.78;38.04,113.23;35.52,114.19;37.22,116.24;
#260:
>0:40.29,114.63;38.04,112.95;35.81,111.54;
#261:
>0:35.07,106.64;33.89,108.46;
#262:
>0:38.13,110.27;35.21,112.7;33.32,111.89;
#263:
>0:41.34,117.43;40.99,117.85;
#264:
>0:33.97,107.94;35.97,110.92;38.28,112.57;36.56,114.23;37.21,116.51;
#265:
>0:30.31,108.53;32.07,107.43;34.07,107.61;35.52,107.95;37.61,108.41;
#266:
>0:34.44,114.95;33.05,111.62;29.72,111.78;
#267:
>0:32.49,108.84;31.06,110.21;32.3,111.07;34.55,114.32;
#268:
>0:34.52,106.75;36.19,108.06;34.3,110.33;32.86,113.02;32.5,114.15;
#269:
>0:38.89,114.89;37.5,112.33;36.12,113.64;34.79,113.59;33.18,111.51;31.21,109.48;
#270:
>0:41.07,117.77;40.43,116.96;
#271:
>0:36.24,115.97;36.98,113.44;39.39,112.95;39.67,110.19;
#272:
>0:36.39,109.07;34.13,106.88;32.25,106.28;29.86,107.38;
#273:
>0:29.81,110.25;31.63,109.77;33.68,113.22;36.16,116.69;
#274:
>0:29.83,109.39;32.81,107.45;34.97,106.77;36.1,108.39;38.16,106.9;40.56,108.82;
#275:
>0:39.63,107.2;40.27,109.4;37.75,109.89;35.73,111.79;33.67,112.2;29.91,111.58;
#276:
>0:40.31,116.54;40.73,117.23;
#277:
>0:35.89,116.2;38.1,116.84;40.55,116.32;
#278:
>0:33.35,108.08;32.62,111.29;34.06,111.17;30.8,113.72;
#279:
>0:40.45,117.66;38.66,113.38;38.65,112.47;
#280:
>0:32.83,109.04;30.16,110.02;32.64,110.7;36.66,113.65;
#281:
>0:40.13,116.45;37.74,114.13;35.92,113.61;36.25,111.83;38.38,111.0;37.65,106.55;
#282:
>0:39.63,113.86;38.2,114.23;38.12,112.7;40.08,109.17;
#283:
>0:34.46,114.73;36.43,112.04;37.86,111.25;
#284:
>0:33.64,110.33;36.8,109.9;37.04,111.57;40.17,108.63;
#285:
>0:33.67,116.68;35.83,113.47;37.18,113.91;38.05,112.38;37.63,108.07;
#286:
>0:36.25,106.63;37.07,107.88;39.51,109.87;38.09,113.18;36.99,113.7;
#287:
>0:32.21,107.33;32.01,108.69;34.22,110.59;32.45,113.14;31.89,113.88;
#288:
>0:35.68,108.79;34.44,110.52;31.98,112.54;31.38,115.01;
#289:
>0:39.5,113.81;40.48,112.46;
#290:
>0:37.05,116.67;37.5,113.39;36.9,114.99;33.39,116.84;30.84,114.57;
#291:
>0:32.25,107.42;31.03,106.19;29.72,108.86;34.4,111.79;
#292:
>0:31.24,114.92;31.0,112.6;34.09,111.62;
#293:
>0:37.99,113.78;35.89,113.95;34.29,111.69;
#294:
>0:30.73,108.36;32.08,107.59;
#295:
>0:40.1,109.39;37.52,107.77;35.44,109.22;
#296:
>0:31.71,107.45;34.44,109.11;33.75,110.67;30.6,112.82;
#297:
>0:30.62,106.07;32.73,108.77;33.6,109.47;
#298:
>0:36.46,108.19;34.54,109.71;31.41,112.57;33.48,111.73;31.71,116.19;
#299:
>0:37.39,114.75;36.14,112.79;38.39,111.9;36.89,108.81;
