#0:
>0:32.35,115.06;32.06,114.76;32.41,111.72;34.21,109.83;
#1:
>0:35.04,116.28;33.7,113.59;32.85,114.99;32.81,111.26;
#2:
>0:37.27,110.3;39.58,108.8;
#3:
>0:40.87,116.77;39.89,116.64;
#4:
>0:30.16,109.8;32.8,108.62;34.44,106.2;36.47,106.57;
#5:
>0:41.09,117.68;40.61,116.59;
#6:
>0:38.72,106.73;37.03,108.04;40.44,111.13;39.53,111.89;38.09,113.43;
#7:
>0:38.71,115.8;40.26,116.57;37.48,114.16;33.77,110.3;
#8:
>0:38.06,109.1;36.82,110.16;38.45,113.09;
#9:
>0:41.47,116.84;39.72,116.41;
#10:
>0:37.53,112.68;39.56,111.91;38.56,110.97;36.3,106.56;
#11:
>0:33.92,113.47;35.28,113.56;35.65,116.73;39.44,113.68;
#12:
>0:30.59,115.27;32.45,114.36;34.08,112.38;36.54,111.9;37.86,112.59;39.81,112.5;
#13:
>0:40.04,117.57;41.15,116.73;
#14:
>0:37.56,110.3;39.47,109.62;
#15:
>0:33.69,114.99;33.63,111.9;34.11,110.88;33.22,108.84;31.86,106.62;
#16:
>0:39.89,116.83;39.85,117.23;
#17:
>0:36.18,113.15;37.51,113.49;41.29,116.78;
#18:
>0:39.74,117.44;40.9,117.7;
#19:
>0:41.26,117.12;41.25,117.2;
#20:
>0:41.27,116.66;41.45,116.4;
#21:
>0:41.29,116.35;40.63,116.54;
#22:
>0:39.68,116.4;40.43,116.95;
#23:
>0:40.25,110.19;39.93,108.52;
#24:
>0:33.29,108.02;35.25,109.68;37.51,109.85;38.88,111.22;
#25:
>0:40.27,116.26;39.92,117.71;
#26:
>0:35.85,115.58;33.94,114.57;32.69,114.53;31.44,109.97;
#27:
>0:40.98,116.66;40.71,117.21;
#28:
>0:40.95,116.78;39.68,117.61;
#29:
>0:33.81,112.06;36.04,110.73;35.37,109.45;
#30:
>0:34.96,111.36;35.78,112.66;36.3,113.98;36.43,116.38;
#31:
>0:40.85,116.59;40.94,116.53;
#32:
>0:29.71,114.18;31.65,113.93;34.46,114.05;36.2,115.01;
#33:
>0:37.8,111.58;39.1,112.19;38.44,109.36;
#34:
>0:37.87,109.08;40.47,110.85;39.68,111.77;37.91,114.58;
#35:
>0:40.85,116.8;39.12,117.33;
#36:
>0:40.42,116.89;40.0,116.05;
#37:
>0:40.11,107.22;39.88,107.97;
#38:
>0:39.33,117.71;40.95,116.93;
#39:
>0:40.47,115.98;40.23,116.91;
#40:
>0:40.25,116.93;41.34,117.32;
#41:
>0:35.31,109.46;34.89,110.89;32.38,112.83;34.29,114.94;
#42:
>0:40.85,117.16;40.9,116.21;
#43:
>0:40.6,116.39;39.5,117.3;
#44:
>0:40.74,117.02;39.91,116.09;
#45:
>0:40.72,116.18;40.81,117.26;
#46:
>0:40.84,116.92;41.22,116.12;
#47:
>0:33.36,109.21;36.27,110.43;38.74,110.13;38.84,110.93;
#48:
>0:31.27,106.92;33.18,107.61;34.65,106.31;36.64,108.57;36.81,110.2;38.99,110.1;
#49:
>0:40.4,116.46;41.31,116.83;
#50:
>0:41.23,116.4;40.63,116.86;
#51:
>0:40.41,117.48;40.22,116.25;
#52:
>0:40.81,117.23;41.08,116.05;
#53:
>0:39.84,117.38;41.33,116.95;
#54:
>0:40.27,116.46;40.59,116.24;
#55:
>0:37.12,107.86;35.51,108.29;34.3,110.75;32.92,112.29;31.12,114.09;30.97,115.11;
#56:
>0:41.21,116.03;41.51,116.67;
#57:
>0:33.8,108.71;36.45,111.35;38.27,106.36;
#58:
>0:36.83,108.31;37.19,111.01;
#59:
>0:33.55,106.86;35.79,108.83;35.62,110.07;38.28,110.81;38.5,111.6;35.66,116.42;
#60:
>0:41.33,116.06;40.02,117.23;
#61:
>0:40.04,110.64;40.35,112.96;38.33,110.07;35.99,108.58;32.59,112.41;
#62:
>0:40.61,116.34;40.2,117.73;
#63:
>0:35.61,110.72;38.18,112.02;39.23,111.68;39.69,116.16;
#64:
>0:31.25,108.9;32.55,107.85;34.96,108.96;35.71,110.89;37.51,111.61;
#65:
>0:41.23,117.49;41.19,117.37;
#66:
>0:31.98,112.27;32.03,110.56;30.19,108.66;32.76,107.14;
#67:
>0:40.73,116.96;39.82,116.37;
#68:
>0:41.32,116.47;40.14,116.79;
#69:
>0:36.8,115.72;37.36,114.23;36.15,111.67;34.63,110.87;33.13,109.18;31.75,107.65;
#70:
>0:33.56,110.37;32.68,107.93;30.62,108.52;
#71:
>0:31.25,107.11;32.41,106.98;34.76,108.95;36.37,110.04;33.45,111.76;35.03,116.43;
#72:
>0:39.77,117.36;40.96,116.06;
#73:
>0:33.18,106.15;33.98,106.86;36.19,108.77;37.45,110.1;
#74:
>0:39.97,112.56;38.63,111.12;39.98,107.99;
#75:
>0:40.28,117.32;40.45,116.13;
#76:
>0:38.66,108.37;38.85,110.45;40.36,112.6;37.27,115.05;
#77:
>0:41.04,116.25;41.38,117.05;
#78:
>0:41.06,117.2;40.34,116.76;
#79:
>0:40.42,116.71;40.54,116.77;
#80:
>0:34.88,115.48;34.19,113.67;32.11,114.67;31.43,109.95;
#81:
>0:41.27,117.29;40.01,116.57;
#82:
>0:40.95,117.7;41.14,116.84;
#83:
>0:34.36,109.3;36.52,111.41;37.43,106.93;
#84:
>0:35.84,111.89;37.55,112.34;
#85:
>0:40.42,117.16;41.46,115.98;
#86:
>0:41.07,116.07;41.32,116.25;
#87:
>0:40.62,117.12;41.02,116.71;
#88:
>0:40.54,117.12;38.94,116.56;
#89:
>0:41.36,117.1;38.46,114.84;35.58,111.79;33.65,110.11;31.46,109.03;30.97,108.87;
#90:
>0:41.02,116.18;40.13,116.77;
#91:
>0:41.34,116.61;40.84,116.83;
#92:
>0:40.22,116.36;39.77,116.81;
#93:
>0:41.11,116.79;41.05,117.51;
#94:
>0:40.01,117.64;41.14,116.09;
#95:
>0:39.0,106.74;37.57,108.82;40.03,110.06;39.62,112.64;40.49,113.64;37.06,116.51;
#96:
>0:38.8,114.87;39.99,117.6;35.58,112.68;
#97:
>0:39.61,112.43;37.48,109.75;35.44,109.16;36.63,110.57;31.94,108.55;
#98:
>0:37.15,113.14;39.73,111.78;37.43,108.75;
#99:
>0:31.27,107.62;30.42,107.64;
#100:
>0:33.39,107.19;32.49,106.89;
#101:
>0:39.33,117.12;40.28,116.63;
#102:
>0:39.75,116.5;40.39,116.31;
#103:
>0:35.1,109.43;38.34,110.3;
#104:
>0:37.96,114.62;40.68,117.0;
#105:
>0:40.37,117.32;41.12,116.16;
#106:
>0:32.81,111.84;33.74,111.16;
#107:
>0:41.17,117.14;40.67,117.42;
#108:
>0:36.54,109.33;38.39,110.43;
#109:
>0:39.72,114.07;41.23,116.95;
#110:
>0:30.93,111.64;31.65,112.42;
#111:
>0:35.16,106.14;34.25,109.12;34.25,109.77;31.81,112.57;33.8,113.18;34.94,115.91;
#112:
>0:37.6,108.27;36.04,111.28;33.85,112.01;31.76,112.32;
#113:
>0:36.82,106.6;33.34,108.32;33.61,110.17;33.85,111.97;
#114:
>0:37.07,116.41;36.16,114.34;34.12,112.5;31.76,112.94;
#115:
>0:32.62,116.8;34.37,116.83;35.96,116.07;38.18,115.64;40.43,116.36;
#116:
>0:38.24,108.77;38.32,109.79;33.67,108.86;
#117:
>0:40.6,116.46;38.82,116.86;
#118:
>0:32.08,113.32;30.32,115.96;
#119:
>0:33.24,107.65;34.43,109.04;
#120:
>0:40.03,117.73;39.95,116.16;
#121:
>0:40.57,113.54;41.28,117.43;35.33,112.04;
#122:
>0:37.84,111.0;37.11,108.87;
#123:
>0:37.0,110.23;37.92,110.22;
#124:
>0:40.27,116.73;41.12,116.4;
#125:
>0:40.01,116.59;41.14,116.22;
#126:
>0:41.07,116.2;41.23,116.34;
#127:
>0:40.59,116.84;39.75,117.57;
#128:
>0:34.54,112.98;36.62,113.61;38.03,116.04;
#129:
>0:41.47,117.27;40.73,117.73;
#130:
>0:31.05,113.64;32.16,114.16;29.84,111.82;30.49,108.88;
#131:
>0:34.59,109.64;36.21,110.8;37.21,107.89;38.85,109.68;
#132:
>0:40.66,116.52;40.16,117.71;
#133:
>0:41.01,116.2;39.69,116.48;
#134:
>0:29.65,108.8;32.67,106.36;34.95,107.45;35.4,108.61;38.71,112.45;
#135:
>0:39.17,107.57;40.05,107.43;
#136:
>0:40.43,117.28;41.15,117.45;
#137:
>0:40.87,117.16;40.0,117.3;
#138:
>0:40.58,117.4;41.29,116.22;
#139:
>0:38.93,117.02;40.21,116.62;
#140:
>0:39.69,117.0;39.89,117.29;
#141:
>0:36.45,111.33;33.67,107.87;33.93,106.46;
#142:
>0:34.17,115.3;33.67,114.99;35.5,112.34;
#143:
>0:40.77,117.51;40.03,117.39;
#144:
>0:40.05,109.48;37.19,110.91;36.73,112.9;33.9,113.6;32.67,116.19;
#145:
>0:39.93,117.12;41.3,117.35;
#146:
>0:38.92,113.14;37.6,110.27;40.18,109.37;
#147:
>0:32.02,111.5;33.97,112.38;35.29,112.45;36.24,111.31;38.83,108.14;
#148:
>0:33.47,108.76;32.12,109.88;
#149:
>0:34.46,109.02;32.94,111.15;30.54,111.99;
#150:
>0:31.96,111.06;33.88,108.68;36.26,106.79;
#151:
>0:39.52,107.61;38.35,108.28;40.49,110.55;39.53,111.53;38.63,114.27;
#152:
>0:40.17,106.97;38.14,108.46;35.54,110.5;33.67,112.95;33.15,113.97;
#153:
>0:35.55,115.85;38.74,116.29;36.81,113.72;34.96,111.76;34.66,111.07;35.03,107.79;
#154:
>0:39.31,112.82;37.46,110.15;36.12,109.57;34.75,108.49;32.6,111.39;31.17,107.27;
#155:
>0:37.44,109.46;37.35,110.05;35.08,109.28;
#156:
>0:41.39,116.57;40.73,116.47;
#157:
>0:40.26,116.23;39.21,116.76;
#158:
>0:39.18,108.2;38.66,110.22;36.47,111.57;34.74,113.44;32.83,116.24;
#159:
>0:40.38,116.84;39.97,116.61;
#160:
>0:39.85,117.64;41.29,116.79;
#161:
>0:40.18,117.1;40.46,116.22;
#162:
>0:34.93,114.93;35.83,113.01;38.39,112.26;39.61,111.77;
#163:
>0:30.55,110.72;32.02,111.94;34.34,113.64;35.4,113.72;35.23,116.54;39.49,114.22;
#164:
>0:40.44,116.21;41.27,116.9;
#165:
>0:32.64,108.81;33.01,107.13;
#166:
>0:41.45,117.71;41.47,117.74;
#167:
>0:41.11,116.14;40.62,116.99;
#168:
>0:40.52,116.48;39.7,117.46;
#169:
>0:39.97,116.26;41.5,117.02;
#170:
>0:30.91,111.19;32.59,107.95;33.81,107.31;36.54,108.17;37.29,110.45;
#171:
>0:40.86,116.48;40.78,116.93;
#172:
>0:35.95,115.43;37.24,115.28;36.66,114.4;34.42,111.13;
#173:
>0:39.78,110.88;37.62,109.59;35.64,106.72;35.04,107.73;
#174:
>0:40.25,116.81;41.42,117.12;
#175:
>0:35.32,109.42;38.75,110.0;
#176:
>0:39.8,113.9;39.52,117.05;
#177:
>0:30.35,110.04;30.52,113.18;
#178:
>0:32.67,115.8;34.82,114.16;
#179:
>0:39.92,117.73;39.94,117.67;
#180:
>0:41.09,116.95;40.11,117.65;
#181:
>0:30.55,113.49;31.46,114.92;33.44,114.3;35.52,110.65;
#182:
>0:39.85,117.06;40.28,117.12;
#183:
>0:35.64,108.17;36.7,110.38;34.2,112.86;34.49,113.91;31.8,115.1;
#184:
>0:41.12,116.22;41.09,116.83;
#185:
>0:31.56,113.7;30.64,115.1;
#186:
>0:40.59,116.72;39.85,117.39;
#187:
>0:40.6,117.68;41.47,117.06;
#188:
>0:39.01,114.31;41.05,117.63;
#189:
>0:34.99,115.55;32.24,115.85;
#190:
>0:40.35,117.04;40.89,116.08;
#191:
>0:40.2,111.41;38.91,111.65;37.44,111.4;33.8,108.6;
#192:
>0:41.12,116.7;40.96,117.55;
#193:
>0:39.2,112.11;38.03,111.39;35.92,108.18;34.79,108.28;31.58,111.49;
#194:
>0:37.92,108.54;39.56,111.28;39.24,113.23;38.05,114.65;
#195:
>0:35.27,111.31;33.41,112.73;32.81,114.56;
#196:
>0:32.35,114.1;33.66,111.5;36.66,111.52;36.76,110.21;38.92,108.28;
#197:
>0:40.61,116.29;41.25,116.96;
#198:
>0:41.43,116.8;41.05,115.98;
#199:
>0:40.74,116.56;40.9,116.82;
#200:
>0:37.24,113.44;36.68,114.31;33.78,113.75;
#201:
>0:40.08,117.41;40.35,115.97;
#202:
>0:34.2,106.07;32.22,109.37;30.31,108.56;
#203:
>0:39.22,113.69;37.5,112.41;39.28,112.25;36.0,109.18;
#204:
>0:40.27,116.34;40.9,117.37;
#205:
>0:40.97,116.56;39.77,116.35;
#206:
>0:40.72,116.78;41.48,117.49;
#207:
>0:29.95,106.77;29.67,109.47;31.77,106.42;35.62,109.06;
#208:
>0:41.28,117.34;41.07,115.96;
#209:
>0:40.18,117.17;40.44,117.6;
#210:
>0:30.73,116.29;29.66,114.51;30.53,112.89;
#211:
>0:39.86,116.99;40.39,116.55;
#212:
>0:31.63,109.73;33.29,110.06;36.8,111.34;38.41,110.58;38.82,111.71;
#213:
>0:29.85,107.71;30.13,106.2;
#214:
>0:39.72,106.75;38.69,108.26;37.36,110.66;37.04,112.88;35.86,113.31;38.46,116.31;
#215:
>0:40.24,116.8;40.94,115.98;
#216:
>0:40.59,117.31;41.04,116.7;
#217:
>0:36.81,115.1;34.0,113.38;31.76,113.72;31.61,110.74;
#218:
>0:40.07,116.85;41.41,117.37;
#219:
>0:34.2,106.37;35.41,108.71;36.93,110.28;37.26,112.48;36.27,114.7;37.53,115.14;
#220:
>0:33.18,112.73;34.15,111.68;36.87,112.59;37.57,111.77;39.69,111.67;
#221:
>0:39.9,117.13;41.25,117.55;
#222:
>0:41.23,117.26;39.96,115.96;
#223:
>0:41.2,116.87;39.35,116.23;
#224:
>0:40.78,116.8;40.76,117.59;
#225:
>0:41.07,116.5;41.36,117.21;
#226:
>0:37.53,113.88;37.86,113.12;
#227:
>0:40.37,116.05;39.88,116.42;
#228:
>0:31.97,112.84;34.97,111.55;35.46,113.19;38.16,110.01;
#229:
>0:40.23,116.1;41.5,117.35;
#230:
>0:36.07,114.43;33.45,112.75;35.57,112.51;33.32,109.22;
#231:
>0:36.56,113.86;35.06,111.79;31.48,113.05;
#232:
>0:39.81,116.65;38.83,115.97;
#233:
>0:41.0,117.29;41.29,117.62;
#234:
>0:30.17,116.61;30.37,114.49;
#235:
>0:40.22,106.39;37.78,107.04;35.34,106.81;34.19,106.71;32.66,106.81;
#236:
>0:41.27,116.73;40.82,116.64;
#237:
>0:32.56,113.09;34.72,109.91;
#238:
>0:32.24,115.33;33.19,113.57;32.86,113.26;
#239:
>0:38.23,108.79;36.51,109.67;34.36,109.03;31.53,112.23;
#240:
>0:40.4,117.17;40.76,117.04;
#241:
>0:40.23,116.82;38.52,113.61;35.82,112.0;35.5,110.1;39.06,108.85;
#242:
>0:41.15,117.69;40.13,117.16;
#243:
>0:31.88,114.6;31.16,115.82;
#244:
>0:36.47,112.27;34.67,109.73;34.43,109.22;
#245:
>0:41.17,116.23;39.79,116.47;
#246:
>0:41.06,116.59;40.47,116.88;
#247:
>0:37.95,114.14;35.31,113.4;33.78,113.32;31.75,113.46;29.9,113.57;
#248:
>0:30.38,115.6;31.43,114.34;33.91,115.06;35.98,112.22;
#249:
>0:36.99,107.25;35.21,108.11;34.07,111.15;
#250:
>0:40.14,117.51;39.92,117.67;
#251:
>0:41.13,117.54;39.96,116.97;
#252:
>0:33.48,112.35;36.05,111.3;
#253:
>0:35.37,107.86;37.47,109.08;39.06,107.9;39.69,113.26;
#254:
>0:35.83,108.16;34.42,110.82;31.63,112.14;34.46,113.83;
#255:
>0:41.27,117.63;41.08,116.15;
#256:
>0:40.54,117.57;40.97,116.5;
#257:
>0:34.89,111.41;35.74,111.22;37.78,109.05;40.55,110.78;
#258:
>0:40.76,116.94;40.67,116.29;
#259:
>0:39.04,114.11;39.79,116.56;36.67,112.86;
#260:
>0:41.27,116.24;40.79,117.22;
#261:
>0:40.65,116.87;41.04,117.06;
#262:
>0:41.31,117.49;40.67,116.38;
#263:
>0:36.27,108.66;36.47,110.66;33.13,111.27;
#264:
>0:30.81,110.42;31.8,111.93;33.82,114.39;35.23,113.57;36.27,115.68;38.86,113.96;
#265:
>0:40.11,116.15;39.83,115.99;
#266:
>0:40.08,117.01;40.65,117.03;
#267:
>0:40.51,117.41;40.23,116.02;
#268:
>0:41.51,117.44;40.55,116.14;
#269:
>0:31.53,110.12;31.48,112.56;
#270:
>0:38.52,113.01;36.46,114.0;33.64,112.32;34.59,111.26;30.6,106.23;
#271:
>0:41.09,116.2;40.28,116.05;
#272:
>0:40.2,117.32;41.12,117.46;
#273:
>0:40.81,117.22;40.77,117.06;
#274:
>0:40.65,117.4;40.73,117.64;
#275:
>0:39.73,116.0;40.64,116.26;
#276:
>0:39.97,116.94;41.12,116.45;
#277:
>0:34.04,110.31;31.63,112.56;30.65,114.99;30.98,115.17;
#278:
>0:40.53,117.58;39.3,117.43;
#279:
>0:41.07,116.41;40.89,117.48;
#280:
>0:32.2,115.93;34.18,113.45;
#281:
>0:40.87,117.14;41.28,116.85;
#282:
>0:30.43,110.84;31.71,112.55;33.67,114.91;35.61,115.17;
#283:
>0:39.2,111.81;38.09,111.21;
#284:
>0:41.51,116.46;40.86,117.66;
#285:
>0:37.37,112.5;38.68,110.84;35.3,107.89;33.4,109.41;31.33,107.77;
#286:
>0:40.25,116.44;41.21,116.37;
#287:
>0:41.15,117.67;39.77,117.42;
#288:
>0:40.07,116.34;41.17,117.42;
#289:
>0:29.69,116.6;33.04,113.34;33.73,114.76;36.27,112.97;34.61,108.28;
#290:
>0:40.25,116.5;37.38,115.04;36.77,112.31;36.62,109.81;40.07,108.97;
#291:
>0:33.51,111.54;32.76,114.07;
#292:
>0:40.76,116.5;40.8,116.28;
#293:
>0:40.41,117.41;41.11,116.34;
#294:
>0:39.14,111.66;37.47,114.31;
#295:
>0:40.11,116.12;40.04,116.34;
#296:
>0:35.9,109.52;35.28,110.83;33.1,110.47;
#297:
>0:31.91,111.33;34.01,111.77;36.69,114.88;35.49,115.3;39.95,114.88;
#298:
>0:30.2,113.29;31.76,113.34;35.01,114.16;35.5,114.97;
#299:
>0:30.74,110.64;31.91,112.82;33.34,114.72;35.81,115.1;
