#0:
>0:39.52,117.5;39.65,117.17;
#1:
>0:39.42,109.88;39.91,113.05;39.97,113.98;
#2:
>0:41.44,117.81;37.43,115.58;36.56,116.53;34.4,116.35;31.43,116.52;
#3:
>0:39.87,117.71;39.9,117.79;
#4:
>0:41.79,116.83;41.31,116.5;
#5:
>0:32.9,116.76;31.29,114.81;29.9,112.52;31.53,109.75;33.97,108.75;37.91,107.29;
#6:
>0:29.85,114.57;33.21,114.99;32.95,112.2;31.44,110.09;31.93,106.12;
#7:
>0:31.78,106.31;31.11,109.65;31.88,107.93;31.43,110.65;29.99,114.59;
#8:
>0:35.13,109.88;38.71,112.63;37.4,114.12;
#9:
>0:29.76,112.05;32.82,111.72;34.74,115.85;
#10:
>0:37.95,112.9;40.02,112.72;
#11:
>0:39.09,107.54;37.05,108.77;38.65,106.32;36.34,109.37;32.39,113.07;
#12:
>0:39.35,111.95;37.8,113.27;38.12,113.25;35.41,112.04;31.81,108.98;
#13:
>0:41.45,117.04;40.46,117.53;
#14:
>0:36.21,106.86;37.76,109.14;35.74,107.98;33.07,112.45;
#15:
>0:34.15,109.1;32.66,111.27;30.59,106.08;
#16:
>0:37.3,114.82;38.39,113.83;
#17:
>0:29.89,110.21;32.61,111.7;33.89,113.55;35.65,116.16;
#18:
>0:39.67,112.19;37.8,114.28;37.63,112.4;34.48,116.18;
#19:
>0:41.05,117.78;40.33,117.09;
#20:
>0:40.69,116.48;40.25,116.8;
#21:
>0:40.92,117.34;39.47,117.94;
#22:
>0:40.14,117.17;40.71,117.38;
#23:
>0:33.31,110.32;36.63,112.65;
#24:
>0:31.18,107.09;31.94,109.63;33.22,111.02;34.22,112.19;33.79,113.69;38.17,116.77;
#25:
>0:32.04,113.63;31.68,114.27;
#26:
>0:39.84,113.89;37.75,112.92;37.4,110.27;38.33,109.01;35.67,107.75;
#27:
>0:33.45,115.9;33.25,114.09;36.34,111.85;34.4,109.99;
#28:
>0:29.65,109.98;32.79,112.3;34.67,113.81;35.74,115.25;
#29:
>0:40.67,117.99;38.19,114.12;37.57,112.72;36.53,113.02;32.05,114.84;
#30:
>0:30.01,111.69;30.07,112.51;
#31:
>0:40.49,117.46;39.94,116.53;
#32:
>0:34.17,106.32;32.69,108.21;33.02,110.07;31.81,111.85;31.42,114.65;
#33:
>0:40.27,117.84;40.88,118.04;
#34:
>0:39.84,116.34;41.2,116.59;
#35:
>0:41.12,116.53;40.13,117.07;
#36:
>0:30.12,109.33;31.41,111.17;
#37:
>0:32.39,114.84;32.71,112.03;32.25,110.11;
#38:
>0:39.69,117.87;40.75,117.03;
#39:
>0:40.95,116.68;41.56,116.39;
#40:
>0:30.78,111.26;32.85,111.73;33.21,111.12;35.6,110.25;
#41:
>0:34.69,115.79;31.61,115.7;30.0,116.76;
#42:
>0:31.08,106.73;29.66,106.28;
#43:
>0:29.84,107.76;31.5,106.08;31.06,109.34;33.23,110.81;33.97,112.83;30.11,115.38;
#44:
>0:40.97,116.8;40.66,116.43;
#45:
>0:33.85,116.57;34.35,113.95;30.8,113.38;
#46:
>0:36.44,106.84;34.85,109.24;32.48,110.99;30.21,109.7;
#47:
>0:31.35,115.13;30.41,114.61;32.69,115.79;34.24,114.46;37.18,113.07;
#48:
>0:40.67,117.07;40.54,117.97;
#49:
>0:39.38,117.81;40.22,117.41;
#50:
>0:39.8,117.49;40.38,116.87;
#51:
>0:41.05,117.2;40.37,117.2;
#52:
>0:31.4,111.01;31.45,111.68;34.4,114.62;36.44,115.37;
#53:
>0:29.64,113.33;32.63,116.14;33.89,115.0;36.27,113.05;38.46,110.88;40.03,107.34;
#54:
>0:40.06,117.42;40.69,116.84;
#55:
>0:36.15,112.17;38.36,111.26;
#56:
>0:39.39,117.31;39.39,116.17;
#57:
>0:40.1,116.46;40.15,116.28;
#58:
>0:39.34,109.14;39.81,111.12;40.43,112.5;
#59:
>0:31.58,116.02;35.07,115.54;34.52,113.47;35.45,112.9;38.12,111.02;37.16,106.11;
#60:
>0:33.84,106.38;35.96,107.2;37.75,109.81;
#61:
>0:40.8,117.53;40.85,116.31;
#62:
>0:40.83,117.28;40.5,116.97;
#63:
>0:33.76,110.61;31.58,107.88;35.29,106.42;
#64:
>0:35.01,114.4;35.13,111.57;37.53,109.78;40.39,109.64;
#65:
>0:32.31,116.68;34.65,116.14;34.63,114.58;35.83,110.68;
#66:
>0:40.92,116.84;41.73,116.92;
#67:
>0:40.23,117.09;40.47,117.99;
#68:
>0:32.64,106.39;31.69,108.71;35.98,110.45;
#69:
>0:34.72,114.72;34.75,116.11;
#70:
>0:40.21,116.62;36.96,114.31;37.97,112.31;35.39,111.98;31.45,110.54;
#71:
>0:37.77,116.58;39.03,115.02;38.04,114.83;37.42,111.19;
#72:
>0:32.49,107.45;31.68,109.15;31.5,110.05;34.39,112.77;33.94,113.59;37.61,115.9;
#73:
>0:32.86,116.75;33.42,115.36;33.86,114.12;35.41,110.91;
#74:
>0:33.08,111.88;34.04,113.46;36.67,111.5;38.28,109.38;
#75:
>0:40.52,116.32;39.87,117.86;
#76:
>0:39.73,116.55;41.78,116.95;
#77:
>0:41.55,117.4;39.41,116.51;
#78:
>0:33.28,113.3;36.29,113.68;38.53,112.21;39.15,109.72;
#79:
>0:29.69,107.19;30.65,106.48;
#80:
>0:38.58,110.58;38.67,112.25;37.69,113.74;
#81:
>0:32.66,112.26;34.42,114.12;35.48,113.54;37.61,111.35;
#82:
>0:40.93,117.79;40.86,117.35;
#83:
>0:38.74,113.28;37.8,112.69;36.05,114.49;32.87,112.17;
#84:
>0:34.9,111.23;33.1,111.29;32.2,113.11;32.58,115.09;
#85:
>0:33.5,107.54;36.5,107.64;38.39,108.8;40.43,108.61;
#86:
>0:40.08,117.85;40.25,115.74;
#87:
>0:34.37,115.12;33.68,114.99;30.74,114.54;
#88:
>0:30.51,113.87;31.14,113.12;31.77,109.93;31.5,109.65;31.86,106.57;
#89:
>0:35.01,110.85;33.85,108.72;
#90:
>0:36.18,112.71;34.78,112.3;31.96,108.95;
#91:
>0:35.1,107.31;33.88,107.1;
#92:
>0:40.68,117.91;41.42,117.45;
#93:
>0:40.48,117.39;40.62,116.98;
#94:
>0:39.7,116.7;38.52,114.24;38.33,111.62;36.48,113.07;32.34,114.25;
#95:
>0:40.07,110.58;38.03,110.82;
#96:
>0:40.78,116.86;39.58,114.96;39.34,113.02;40.31,110.77;40.32,108.87;
#97:
>0:39.45,111.52;39.65,112.7;
#98:
>0:40.19,113.91;37.07,111.94;37.4,109.67;38.19,109.19;36.71,107.21;
#99:
>0:37.18,116.08;35.78,116.33;34.59,114.24;34.2,110.9;
#100:
>0:31.61,113.18;32.75,110.31;34.45,108.87;35.32,108.63;40.22,109.33;
#101:
>0:37.75,111.92;35.17,111.78;33.73,110.75;31.9,111.9;30.05,112.11;
#102:
>0:39.49,117.73;41.14,116.44;
#103:
>0:34.07,115.91;34.99,113.31;35.48,111.67;35.91,111.07;33.95,108.7;34.82,107.69;
#104:
>0:32.94,106.49;31.55,108.1;36.6,108.51;
#105:
>0:41.14,117.9;39.58,117.82;
#106:
>0:37.97,113.12;38.4,110.48;36.52,110.81;34.13,108.66;29.8,112.45;
#107:
>0:35.99,113.79;34.58,114.39;36.15,112.67;34.25,109.39;
#108:
>0:41.7,116.95;40.8,117.77;
#109:
>0:32.41,107.14;31.92,108.43;34.26,107.67;36.74,107.2;40.5,106.36;
#110:
>0:39.87,117.83;41.0,117.54;
#111:
>0:37.6,107.64;35.32,108.18;33.46,109.92;31.85,110.61;34.5,112.05;32.25,115.76;
#112:
>0:40.9,116.58;39.66,116.84;
#113:
>0:41.09,117.0;40.94,117.76;
#114:
>0:39.52,117.41;40.45,116.62;
#115:
>0:39.95,116.99;41.18,116.44;
#116:
>0:40.14,116.76;40.53,116.31;
#117:
>0:38.31,113.96;40.01,117.61;
#118:
>0:40.79,116.7;40.02,116.38;
#119:
>0:32.7,111.08;29.57,108.17;31.62,107.21;
#120:
>0:37.82,112.67;35.42,112.92;34.4,110.22;
#121:
>0:40.02,112.17;40.49,110.56;39.43,108.64;
#122:
>0:31.81,112.54;31.48,110.47;34.52,108.49;37.9,110.18;
#123:
>0:31.53,109.89;32.68,108.42;32.91,106.51;
#124:
>0:32.38,112.74;29.87,110.95;34.12,109.34;
#125:
>0:38.16,107.27;36.43,109.1;34.74,111.37;32.9,110.24;29.98,110.44;
#126:
>0:38.81,107.04;37.93,106.29;35.8,108.7;33.46,109.67;34.56,109.24;30.39,111.55;
#127:
>0:36.29,115.22;34.25,113.41;35.14,111.98;33.98,109.71;32.28,111.23;31.25,107.05;
#128:
>0:37.62,113.53;37.91,112.78;36.18,113.01;31.67,108.69;
#129:
>0:32.66,111.71;31.99,111.43;34.43,109.59;35.93,109.55;40.57,109.21;
#130:
>0:35.54,115.47;33.31,116.43;33.26,114.16;36.66,112.02;34.06,108.78;
#131:
>0:35.02,116.48;33.48,114.2;36.17,111.57;34.52,110.61;32.26,108.55;36.51,107.7;
#132:
>0:39.04,109.78;37.57,112.87;35.66,114.78;34.85,115.8;
#133:
>0:35.15,108.54;37.07,110.76;40.25,113.24;39.1,114.91;
#134:
>0:39.07,109.18;37.42,110.44;38.54,111.79;
#135:
>0:40.08,117.97;37.27,113.46;37.46,111.78;35.32,112.19;32.69,111.03;
#136:
>0:40.24,117.45;39.65,117.63;
#137:
>0:36.16,108.46;36.92,111.32;39.25,107.35;
#138:
>0:32.78,116.23;33.74,114.98;36.58,113.2;31.68,111.09;
#139:
>0:32.63,107.6;31.8,108.25;35.41,110.87;
#140:
>0:37.12,110.57;36.83,111.33;34.29,108.37;32.05,109.7;29.76,113.77;
#141:
>0:40.12,116.69;40.5,116.57;
#142:
>0:40.66,117.69;40.86,116.77;
#143:
>0:40.03,117.52;39.57,116.8;
#144:
>0:37.78,113.08;35.7,112.68;35.04,114.32;
#145:
>0:39.68,117.42;41.26,117.46;
#146:
>0:36.79,111.86;37.86,111.18;
#147:
>0:39.92,113.49;38.82,111.79;
#148:
>0:32.74,110.61;31.18,108.71;32.63,107.03;
#149:
>0:38.0,114.18;40.57,117.56;
#150:
>0:40.27,117.79;39.61,118.05;
#151:
>0:34.91,106.26;32.98,109.64;30.98,108.87;33.16,109.78;32.17,114.6;
#152:
>0:35.53,115.52;34.94,113.9;32.35,111.5;31.36,112.55;
#153:
>0:38.72,114.95;37.07,111.82;33.6,114.6;
#154:
>0:33.32,113.78;31.65,115.56;
#155:
>0:39.99,116.9;40.27,116.75;
#156:
>0:39.82,116.54;40.31,116.98;
#157:
>0:38.49,110.15;39.51,111.18;
#158:
>0:36.18,106.59;38.19,108.69;36.78,109.55;33.13,112.63;
#159:
>0:39.08,114.96;38.5,114.61;38.46,112.15;36.31,113.94;33.14,113.08;
#160:
>0:32.93,114.81;34.53,113.04;34.41,111.4;
#161:
>0:40.61,116.39;40.23,117.95;
#162:
>0:40.05,116.42;40.07,116.98;
#163:
>0:30.15,106.1;31.07,106.65;
#164:
>0:34.55,110.85;32.78,108.99;33.04,107.33;
#165:
>0:41.22,117.57;40.36,117.71;
#166:
>0:36.32,112.62;34.14,112.68;31.65,109.1;
#167:
>0:39.47,111.01;38.38,112.76;36.47,113.16;33.75,113.06;33.12,115.31;
#168:
>0:37.92,111.57;38.45,110.92;35.1,111.34;34.86,109.78;30.44,112.09;
#169:
>0:40.37,117.32;40.7,116.41;
#170:
>0:31.79,108.93;33.34,110.24;35.36,111.75;37.58,112.9;
#171:
>0:35.04,114.0;32.48,115.81;
#172:
>0:40.73,116.76;40.08,117.63;
#173:
>0:40.31,116.54;41.14,117.3;
#174:
>0:38.55,107.0;35.43,107.97;33.26,110.5;31.45,112.79;
#175:
>0:36.89,107.38;35.28,108.77;34.25,111.21;31.81,111.74;36.38,114.5;
#176:
>0:37.9,115.75;36.71,115.88;33.73,115.82;32.21,115.54;
#177:
>0:32.17,116.32;34.17,114.87;31.2,113.04;
#178:
>0:34.97,106.37;34.03,108.13;
#179:
>0:38.06,106.52;35.33,106.96;35.55,111.34;
#180:
>0:35.39,110.99;34.51,108.47;32.25,109.17;
#181:
>0:41.45,117.97;40.39,117.77;
#182:
>0:40.41,117.68;40.2,117.04;
#183:
>0:39.22,110.07;37.38,110.4;35.69,112.44;
#184:
>0:31.13,106.14;33.21,107.61;29.74,108.32;31.83,110.82;32.49,113.15;34.94,116.75;
#185:
>0:37.66,115.29;39.86,114.35;37.86,114.58;37.56,110.01;
#186:
>0:40.3,107.55;37.43,106.71;35.95,107.98;34.5,110.71;31.83,112.88;33.18,115.08;
#187:
>0:32.33,110.24;33.34,108.37;
#188:
>0:41.04,116.6;40.29,117.0;
#189:
>0:39.53,116.82;40.33,117.4;
#190:
>0:40.25,108.02;36.95,110.57;36.14,112.35;36.85,113.57;36.48,115.68;
#191:
>0:33.89,109.32;32.94,109.71;
#192:
>0:41.03,116.92;41.29,116.53;
#193:
>0:40.37,106.27;38.23,107.26;38.23,111.37;
#194:
>0:40.73,117.33;40.69,116.34;
#195:
>0:40.51,116.95;41.7,117.08;
#196:
>0:41.58,116.46;40.8,116.26;
#197:
>0:40.52,116.39;40.86,117.15;
#198:
>0:39.93,117.82;40.88,116.88;
#199:
>0:33.82,114.89;35.12,111.76;34.45,109.73;32.83,108.02;30.28,106.98;
#200:
>0:40.29,117.7;40.95,117.71;
#201:
>0:35.62,107.27;35.41,108.5;33.83,111.28;31.92,112.46;36.88,113.46;
#202:
>0:30.33,114.59;29.76,111.74;33.4,111.89;
#203:
>0:40.16,116.9;39.73,116.6;
#204:
>0:33.64,107.3;36.54,109.26;38.72,109.84;38.79,113.11;40.48,113.31;
#205:
>0:29.8,107.81;31.61,106.51;33.79,106.46;
#206:
>0:33.95,113.97;35.53,114.05;38.01,112.03;40.16,110.85;
#207:
>0:39.21,109.34;37.25,110.43;35.91,111.85;36.7,114.99;35.12,115.48;
#208:
>0:29.64,110.4;32.49,111.04;34.74,110.91;
#209:
>0:32.13,107.84;31.93,107.97;34.49,108.56;37.04,106.11;
#210:
>0:35.9,106.17;36.94,108.3;35.79,108.96;31.76,112.88;
#211:
>0:39.69,118.05;40.42,116.85;
#212:
>0:35.29,115.24;33.9,116.76;34.09,113.59;36.59,112.05;33.87,110.08;30.37,106.58;
#213:
>0:36.29,111.37;34.11,108.68;31.92,111.14;30.68,114.28;
#214:
>0:34.11,113.97;36.34,111.97;33.54,111.52;30.94,108.48;
#215:
>0:40.3,116.79;38.43,115.37;35.53,115.3;34.02,115.63;33.14,116.08;
#216:
>0:41.2,116.32;39.83,116.87;
#217:
>0:40.98,117.59;40.07,117.04;
#218:
>0:38.64,112.37;38.87,110.01;39.55,108.85;
#219:
>0:34.17,107.39;35.09,107.65;37.82,111.05;
#220:
>0:40.51,117.17;41.18,117.71;
#221:
>0:38.29,108.52;37.35,106.98;36.55,108.31;31.48,109.18;
#222:
>0:30.24,111.25;32.96,110.05;33.35,114.86;
#223:
>0:36.97,112.58;35.7,114.6;34.57,113.88;
#224:
>0:29.67,110.08;32.28,112.9;33.4,113.85;36.2,114.08;37.09,113.0;39.4,113.33;
#225:
>0:33.43,114.19;32.25,116.59;
#226:
>0:36.4,107.99;38.43,109.81;38.28,112.64;
#227:
>0:35.17,116.07;34.46,115.13;33.88,113.47;36.27,112.01;34.59,109.05;
#228:
>0:41.74,116.77;41.15,117.02;
#229:
>0:41.2,117.16;41.41,117.75;
#230:
>0:32.31,115.68;33.93,113.6;35.47,113.55;37.3,112.68;39.72,114.66;
#231:
>0:32.25,113.61;32.98,112.83;32.18,110.24;34.76,108.29;38.72,107.79;
#232:
>0:40.06,116.63;40.07,117.63;
#233:
>0:41.11,116.51;41.13,116.49;
#234:
>0:39.74,117.04;41.12,117.34;
#235:
>0:36.92,112.49;38.06,111.42;36.76,110.73;34.45,109.64;30.09,112.34;
#236:
>0:32.33,112.08;30.48,111.29;32.26,110.98;30.56,107.8;
#237:
>0:40.33,109.48;40.58,110.62;39.71,112.53;
#238:
>0:39.76,107.61;38.17,107.7;36.1,109.63;33.25,111.03;33.13,111.69;
#239:
>0:37.87,108.06;36.27,109.71;36.46,113.15;36.51,114.25;
#240:
>0:39.78,117.54;41.52,118.05;
#241:
>0:36.16,112.69;36.22,113.89;36.7,116.02;
#242:
>0:38.7,113.57;40.81,117.04;
#243:
>0:41.08,116.83;39.75,117.5;
#244:
>0:39.93,116.77;38.67,113.34;38.06,112.6;37.43,110.17;36.83,109.38;
#245:
>0:32.59,116.17;34.97,114.37;35.96,114.63;37.57,113.24;38.13,110.76;37.82,107.36;
#246:
>0:38.7,112.28;36.58,112.14;34.35,111.83;31.9,112.6;
#247:
>0:38.43,107.33;35.12,109.24;34.17,111.05;32.95,111.26;35.01,111.62;31.44,115.18;
#248:
>0:31.19,111.61;32.13,110.49;34.73,112.01;34.14,113.89;36.95,116.7;
#249:
>0:30.4,110.11;32.21,109.68;34.51,114.41;
#250:
>0:29.76,108.18;32.61,110.74;33.25,106.92;
#251:
>0:34.24,114.68;35.61,112.17;35.53,109.96;36.42,108.14;
#252:
>0:32.27,111.65;31.46,110.48;32.49,108.42;33.16,107.33;
#253:
>0:40.1,116.62;40.05,117.49;
#254:
>0:40.24,116.37;40.07,117.24;
#255:
>0:31.49,110.89;33.74,109.22;35.48,107.06;
#256:
>0:33.32,106.51;34.97,107.54;
#257:
>0:39.52,107.45;37.47,108.53;37.03,110.9;37.72,111.69;37.85,113.33;
#258:
>0:34.25,110.94;35.45,109.01;37.59,110.12;40.54,107.24;
#259:
>0:39.74,106.74;37.74,109.4;38.51,110.46;37.42,112.69;37.62,113.75;
#260:
>0:32.91,116.17;35.06,113.5;36.89,111.61;36.74,109.87;33.44,108.11;37.5,106.44;
#261:
>0:34.17,109.41;33.01,110.87;
#262:
>0:38.92,112.6;38.47,113.58;37.88,113.12;36.01,111.82;32.95,113.84;
#263:
>0:36.33,112.86;33.68,112.98;32.26,108.7;
#264:
>0:31.15,113.04;33.09,111.97;34.94,115.57;
#265:
>0:40.12,118.0;40.14,117.45;
#266:
>0:39.75,116.96;40.07,117.26;
#267:
>0:31.65,107.55;34.77,109.44;35.5,110.88;37.19,112.16;38.02,114.07;
#268:
>0:41.11,117.73;40.32,117.97;
#269:
>0:41.02,116.32;39.55,117.85;
#270:
>0:39.59,118.04;37.18,114.79;38.53,112.75;36.24,111.73;33.15,109.87;
#271:
>0:39.35,109.18;37.17,109.62;36.39,108.82;34.77,109.47;
#272:
>0:32.87,108.39;32.77,110.43;30.89,113.1;33.2,112.52;32.32,116.4;
#273:
>0:30.93,114.9;32.44,111.99;33.58,113.46;35.41,111.62;38.42,109.47;
#274:
>0:38.18,111.17;39.21,111.65;
#275:
>0:39.68,117.89;40.51,118.05;
#276:
>0:35.61,110.56;37.22,111.53;37.28,114.16;
#277:
>0:33.89,112.11;32.82,110.73;34.48,109.45;37.7,107.8;
#278:
>0:35.87,115.43;33.51,114.27;36.86,112.55;33.44,111.86;33.9,109.04;
#279:
>0:32.86,115.7;34.8,115.23;34.32,113.93;36.75,113.17;37.81,111.22;37.95,106.1;
#280:
>0:32.05,114.9;34.03,112.58;36.18,110.11;36.93,108.64;38.98,109.58;
#281:
>0:37.23,112.09;38.2,110.71;36.21,110.6;34.39,109.09;29.91,113.03;
#282:
>0:37.25,110.72;40.02,112.57;39.9,114.48;
#283:
>0:33.12,116.72;33.32,113.44;36.31,114.68;38.19,114.83;
#284:
>0:39.69,117.69;40.66,116.64;
#285:
>0:41.78,117.58;40.52,116.58;
#286:
>0:36.72,113.55;34.87,114.34;
#287:
>0:35.65,106.6;37.97,107.67;40.25,107.8;
#288:
>0:36.06,109.9;33.99,110.99;32.34,113.18;33.08,115.22;
#289:
>0:37.92,115.05;40.83,116.6;
#290:
>0:41.1,117.65;39.65,117.68;
#291:
>0:39.16,113.58;37.45,112.39;36.97,111.21;38.41,108.6;35.85,106.31;
#292:
>0:29.84,111.04;29.75,108.76;
#293:
>0:37.24,115.99;39.29,113.53;37.16,114.08;37.85,110.39;
#294:
>0:36.97,107.39;36.25,109.51;36.78,109.89;
#295:
>0:34.2,116.65;34.68,114.04;36.31,112.39;34.23,110.85;
#296:
>0:38.94,107.08;38.57,107.28;36.12,109.52;34.37,110.6;31.93,108.27;31.02,112.58;
#297:
>0:32.05,116.42;34.31,114.17;36.4,112.06;35.33,111.36;34.62,109.01;35.37,107.3;
#298:
>0:35.98,109.12;33.74,111.05;32.8,110.19;30.32,110.2;
#299:
>0:34.65,107.61;31.65,109.08;33.91,107.99;32.18,110.03;32.31,115.0;
