#0:
>0:39.9,116.33;39.99,116.38;40.02,116.31;
#1:
>0:40.05,116.43;39.96,116.35;39.91,116.4;
#2:
>0:39.85,116.65;39.86,116.57;39.94,116.59;39.98,116.46;
#3:
>0:39.99,116.31;39.92,116.37;39.97,116.37;
#4:
>0:40.1,116.32;40.0,116.4;39.98,116.41;
#5:
>0:40.03,116.69;39.99,116.67;39.91,116.69;39.89,116.56;39.77,116.64;
#6:
>0:39.95,116.5;39.97,116.43;
#7:
>0:39.92,116.33;39.87,116.37;39.81,116.42;
#8:
>0:40.03,116.34;39.97,116.29;
#9:
>0:40.02,116.35;39.94,116.47;39.97,116.51;39.9,116.62;39.8,116.58;
#10:
>0:39.99,116.33;40.0,116.33;
#11:
>0:39.82,116.48;39.87,116.4;39.92,116.36;39.99,116.37;40.06,116.35;40.09,116.4;
#12:
>0:40.03,116.28;39.93,116.34;39.84,116.39;39.82,116.4;
#13:
>0:39.93,116.36;39.98,116.46;39.95,116.51;39.89,116.61;39.9,116.67;
#14:
>0:39.83,116.45;39.86,116.53;39.91,116.62;
#15:
>0:40.0,116.46;39.99,116.43;
#16:
>0:40.09,116.67;40.05,116.63;39.96,116.68;
#17:
>0:39.8,116.4;39.86,116.47;39.85,116.55;39.89,116.6;39.98,116.53;40.07,116.6;
#18:
>0:40.1,116.6;40.01,116.52;39.95,116.53;39.91,116.47;39.93,116.29;
#19:
>0:40.0,116.42;39.98,116.5;39.83,116.43;
#20:
>0:40.01,116.37;39.96,116.31;
#21:
>0:39.97,116.37;39.93,116.35;39.91,116.29;39.8,116.29;
#22:
>0:39.88,116.43;39.81,116.39;
#23:
>0:40.08,116.3;40.03,116.39;40.0,116.39;
#24:
>0:39.98,116.33;39.89,116.3;
#25:
>0:40.09,116.61;40.0,116.58;
#26:
>0:39.79,116.64;39.83,116.62;39.78,116.52;
#27:
>0:39.97,116.5;40.01,116.47;40.07,116.42;
#28:
>0:39.79,116.56;39.81,116.5;39.86,116.46;39.95,116.47;
#29:
>0:39.98,116.32;39.99,116.3;
#30:
>0:40.01,116.31;39.99,116.34;
#31:
>0:40.09,116.6;40.02,116.64;39.95,116.65;39.9,116.65;39.89,116.62;39.81,116.62;
#32:
>0:39.89,116.49;39.99,116.55;40.03,116.61;40.06,116.51;
#33:
>0:40.06,116.34;40.05,116.39;39.97,116.39;
#34:
>0:39.86,116.3;39.91,116.41;39.96,116.47;40.05,116.53;40.09,116.53;
#35:
>0:39.82,116.29;39.79,116.41;39.86,116.42;39.84,116.51;39.82,116.62;
#36:
>0:39.81,116.55;39.87,116.54;39.91,116.47;39.93,116.34;
#37:
>0:40.11,116.57;40.01,116.54;39.99,116.52;39.89,116.49;
#38:
>0:39.94,116.53;39.9,116.43;
#39:
>0:39.92,116.43;39.96,116.44;39.96,116.52;40.0,116.65;
#40:
>0:39.92,116.55;39.91,116.62;39.9,116.63;
#41:
>0:39.94,116.49;40.01,116.6;40.0,116.67;
#42:
>0:40.04,116.36;40.11,116.31;
#43:
>0:39.85,116.37;39.94,116.47;39.96,116.49;39.96,116.58;
#44:
>0:39.78,116.43;39.85,116.41;39.92,116.35;40.0,116.35;40.01,116.41;40.09,116.36;
#45:
>0:39.9,116.33;39.87,116.37;39.81,116.42;
#46:
>0:39.77,116.4;39.83,116.48;39.88,116.51;39.89,116.59;39.96,116.69;40.07,116.69;
#47:
>0:39.82,116.45;39.84,116.54;
#48:
>0:39.91,116.66;39.89,116.61;39.93,116.68;
#49:
>0:39.82,116.61;39.79,116.5;
#50:
>0:40.02,116.33;40.02,116.33;
#51:
>0:39.9,116.67;39.94,116.61;39.9,116.69;39.91,116.62;39.97,116.66;39.99,116.6;39.97,116.68;39.92,116.63;39.95,116.64;39.92,116.64;39.99,116.64;39.91,116.65;39.89,116.61;39.93,116.67;39.89,116.64;
#52:
>0:39.99,116.31;40.01,116.37;
#53:
>0:39.92,116.32;39.83,116.41;39.81,116.47;
#54:
>0:39.94,116.35;40.01,116.29;
#55:
>0:40.01,116.37;40.08,116.31;
#56:
>0:39.96,116.47;40.04,116.44;
#57:
>0:39.89,116.64;39.92,116.57;39.9,116.54;39.93,116.56;39.86,116.55;39.79,116.52;
#58:
>0:39.77,116.61;39.81,116.64;39.83,116.57;39.96,116.69;
#59:
>0:40.07,116.44;40.08,116.49;40.02,116.5;39.98,116.5;39.93,116.47;39.81,116.51;
#60:
>0:40.1,116.63;40.02,116.67;40.04,116.6;40.0,116.53;39.91,116.45;39.99,116.28;
#61:
>0:40.1,116.46;40.11,116.5;40.02,116.61;39.99,116.5;39.91,116.46;39.78,116.53;
#62:
>0:39.9,116.64;39.92,116.6;39.96,116.65;39.93,116.67;39.92,116.57;39.88,116.6;39.8,116.6;39.78,116.65;39.87,116.62;39.8,116.62;39.87,116.62;39.89,116.67;39.91,116.64;
#63:
>0:39.84,116.54;39.87,116.58;39.92,116.57;39.98,116.64;40.11,116.65;
#64:
>0:39.97,116.36;39.89,116.43;39.89,116.51;
#65:
>0:39.95,116.52;39.94,116.56;
#66:
>0:39.85,116.6;39.82,116.56;39.81,116.49;39.78,116.38;
#67:
>0:39.89,116.53;39.95,116.46;40.06,116.36;40.03,116.3;
#68:
>0:39.97,116.35;39.91,116.28;
#69:
>0:39.99,116.33;39.98,116.28;
#70:
>0:40.06,116.65;40.06,116.56;40.01,116.49;39.95,116.5;40.0,116.39;
#71:
>0:39.88,116.41;39.83,116.32;
#72:
>0:39.9,116.68;39.83,116.59;
#73:
>0:39.79,116.57;39.88,116.61;39.92,116.49;39.93,116.43;39.94,116.31;
#74:
>0:40.05,116.58;39.99,116.51;39.96,116.48;39.92,116.46;40.01,116.3;
#75:
>0:40.02,116.32;39.97,116.38;39.9,116.37;39.93,116.28;39.77,116.29;
#76:
>0:39.99,116.38;39.94,116.46;39.9,116.55;
#77:
>0:40.02,116.29;39.97,116.35;39.96,116.36;39.96,116.38;39.94,116.35;39.89,116.36;39.99,116.35;
#78:
>0:40.1,116.52;40.08,116.45;40.09,116.41;40.11,116.32;
#79:
>0:40.02,116.33;39.95,116.38;39.89,116.37;39.95,116.42;40.04,116.62;
#80:
>0:39.91,116.51;39.89,116.43;39.89,116.35;39.99,116.3;
#81:
>0:40.02,116.45;39.95,116.45;
#82:
>0:39.89,116.63;39.99,116.63;39.94,116.62;39.92,116.67;
#83:
>0:40.06,116.5;39.99,116.52;39.9,116.46;39.89,116.41;39.82,116.31;
#84:
>0:39.88,116.41;39.77,116.36;
#85:
>0:39.91,116.4;39.95,116.43;39.96,116.52;39.9,116.6;39.9,116.68;
