#0:
>0:40.09,116.41;40.11,116.44;40.08,116.52;
#1:
>0:39.84,116.41;39.94,116.45;39.99,116.54;39.95,116.58;
#2:
>0:40.03,116.3;39.96,116.36;
#3:
>0:40.08,116.49;40.02,116.58;39.97,116.63;39.88,116.68;39.85,116.63;39.8,116.63;
#4:
>0:39.88,116.39;39.77,116.37;39.78,116.49;
#5:
>0:40.01,116.67;40.0,116.57;39.91,116.63;39.88,116.46;
#6:
>0:39.78,116.45;39.83,116.44;39.82,116.31;
#7:
>0:39.97,116.29;39.98,116.36;39.97,116.48;40.04,116.49;40.11,116.6;
#8:
>0:39.77,116.33;39.86,116.4;39.89,116.47;39.98,116.51;39.91,116.62;
#9:
>0:39.95,116.49;40.0,116.57;39.86,116.59;
#10:
>0:40.06,116.36;40.0,116.42;39.96,116.41;39.9,116.43;39.82,116.58;
#11:
>0:39.91,116.41;39.86,116.43;39.79,116.39;
#12:
>0:39.87,116.29;39.93,116.32;
#13:
>0:39.89,116.64;39.95,116.49;40.04,116.48;40.11,116.37;40.1,116.32;
#14:
>0:40.06,116.64;39.97,116.67;39.89,116.71;
#15:
>0:39.78,116.63;39.87,116.61;39.89,116.54;39.83,116.47;39.97,116.41;
#16:
>0:39.86,116.45;39.94,116.35;39.98,116.38;40.0,116.53;
#17:
>0:39.95,116.3;39.89,116.3;39.99,116.29;
#18:
>0:39.89,116.49;39.93,116.65;39.84,116.66;
#19:
>0:39.88,116.48;39.89,116.4;39.93,116.31;
#20:
>0:39.88,116.54;39.84,116.45;39.93,116.39;39.97,116.28;
#21:
>0:40.04,116.66;40.0,116.56;39.93,116.49;39.98,116.42;
#22:
>0:39.96,116.3;39.97,116.36;39.9,116.37;39.98,116.32;
#23:
>0:40.05,116.38;40.04,116.48;39.99,116.39;39.94,116.45;39.83,116.59;
#24:
>0:39.83,116.52;39.89,116.64;39.99,116.64;
#25:
>0:40.04,116.5;40.09,116.62;
#26:
>0:39.83,116.43;39.86,116.36;39.99,116.36;
#27:
>0:39.92,116.61;39.96,116.58;
#28:
>0:40.09,116.41;40.07,116.45;40.01,116.45;39.93,116.37;
#29:
>0:40.05,116.56;39.97,116.67;39.98,116.61;39.84,116.43;
#30:
>0:39.89,116.31;39.8,116.36;
#31:
>0:39.81,116.52;39.78,116.42;
#32:
>0:39.92,116.39;39.96,116.36;39.99,116.53;
#33:
>0:39.98,116.63;39.99,116.58;39.89,116.54;39.88,116.48;39.78,116.35;
#34:
>0:39.83,116.63;39.79,116.69;39.83,116.62;39.89,116.53;39.92,116.69;
#35:
>0:40.07,116.62;40.03,116.62;
#36:
>0:39.78,116.38;39.87,116.47;39.92,116.38;39.96,116.42;40.03,116.57;
#37:
>0:40.05,116.32;39.96,116.31;39.96,116.4;39.88,116.45;
#38:
>0:39.8,116.36;39.84,116.35;
#39:
>0:40.09,116.66;40.05,116.57;40.1,116.55;40.02,116.45;
#40:
>0:39.77,116.46;39.83,116.53;39.85,116.58;
#41:
>0:40.09,116.64;40.01,116.58;40.12,116.52;40.09,116.43;40.01,116.4;
#42:
>0:39.96,116.38;39.92,116.3;
#43:
>0:40.12,116.44;40.04,116.47;39.99,116.48;
#44:
>0:39.86,116.42;39.9,116.41;39.96,116.39;40.04,116.55;
#45:
>0:39.95,116.32;39.96,116.3;
#46:
>0:39.93,116.31;39.96,116.35;40.05,116.45;40.08,116.53;40.1,116.6;40.12,116.64;
#47:
>0:40.06,116.66;40.1,116.62;40.1,116.51;40.09,116.43;
#48:
>0:40.07,116.38;40.09,116.43;40.03,116.47;40.05,116.52;40.01,116.64;
#49:
>0:40.01,116.67;39.97,116.58;39.93,116.57;39.87,116.58;
#50:
>0:39.88,116.45;39.81,116.54;39.86,116.61;39.91,116.69;
#51:
>0:39.94,116.3;40.02,116.28;39.98,116.3;
#52:
>0:39.8,116.39;39.87,116.46;39.91,116.55;
#53:
>0:40.04,116.64;39.98,116.68;
#54:
>0:39.98,116.68;39.96,116.61;39.89,116.49;39.83,116.45;39.79,116.35;
#55:
>0:39.92,116.41;39.84,116.37;39.78,116.38;
#56:
>0:39.95,116.35;39.94,116.33;
#57:
>0:39.96,116.67;39.88,116.67;39.78,116.66;39.87,116.6;39.77,116.69;39.86,116.62;39.84,116.68;39.82,116.68;39.84,116.58;39.81,116.63;39.84,116.61;39.84,116.63;39.9,116.71;39.87,116.66;39.84,116.62;39.89,116.66;
#58:
>0:39.82,116.31;39.88,116.37;39.89,116.35;39.96,116.29;
#59:
>0:39.91,116.39;39.97,116.36;40.04,116.34;
#60:
>0:39.88,116.3;39.82,116.37;39.84,116.45;
#61:
>0:39.93,116.51;39.85,116.44;39.9,116.37;40.0,116.31;
#62:
>0:39.9,116.41;39.99,116.37;
#63:
>0:39.89,116.5;40.0,116.5;40.02,116.68;
#64:
>0:39.82,116.5;39.88,116.61;39.91,116.54;39.98,116.52;40.01,116.46;40.11,116.33;
#65:
>0:39.9,116.5;39.88,116.48;39.92,116.37;39.92,116.34;
#66:
>0:39.78,116.64;39.86,116.59;39.9,116.53;39.99,116.45;40.03,116.57;
#67:
>0:39.92,116.31;39.97,116.4;40.01,116.48;40.1,116.49;
#68:
>0:39.86,116.64;39.85,116.61;39.9,116.53;39.87,116.45;39.9,116.38;39.89,116.32;
#69:
>0:40.03,116.62;40.06,116.63;
#70:
>0:39.96,116.32;39.95,116.34;
#71:
>0:39.82,116.67;39.86,116.56;39.89,116.5;39.95,116.46;40.06,116.61;
#72:
>0:39.78,116.34;39.84,116.41;39.93,116.4;39.96,116.45;40.03,116.52;40.09,116.4;
#73:
>0:40.05,116.6;40.07,116.52;40.05,116.42;39.89,116.4;
#74:
>0:39.98,116.53;39.99,116.59;39.87,116.57;
#75:
>0:39.92,116.42;39.87,116.42;39.78,116.48;
#76:
>0:39.84,116.63;39.84,116.67;
#77:
>0:39.77,116.64;39.86,116.56;39.86,116.49;39.79,116.48;
#78:
>0:39.96,116.59;39.94,116.54;39.83,116.44;39.87,116.37;39.81,116.29;
#79:
>0:39.85,116.67;39.78,116.63;39.88,116.62;39.91,116.52;39.94,116.4;
#80:
>0:39.83,116.53;39.89,116.59;
#81:
>0:39.86,116.66;39.86,116.58;
#82:
>0:39.9,116.53;39.99,116.46;40.01,116.55;40.1,116.56;
#83:
>0:39.99,116.29;39.99,116.29;
#84:
>0:39.79,116.63;39.83,116.62;39.89,116.54;39.98,116.45;40.01,116.43;
#85:
>0:39.78,116.4;39.85,116.47;39.92,116.37;39.96,116.39;39.98,116.42;40.1,116.56;
