#0:
>0:39.96,116.37;39.91,116.38;
#1:
>0:39.83,116.51;39.86,116.58;40.0,116.51;
#2:
>0:39.83,116.35;39.77,116.46;39.83,116.43;39.77,116.59;
#3:
>0:39.81,116.43;39.81,116.4;39.88,116.48;39.98,116.44;
#4:
>0:39.98,116.35;39.9,116.32;39.94,116.3;39.98,116.4;39.89,116.39;39.94,116.29;39.91,116.39;39.94,116.36;40.05,116.31;40.04,116.38;39.96,116.44;39.89,116.45;39.89,116.52;39.97,116.42;40.03,116.45;39.96,116.4;39.98,116.28;39.95,116.37;39.96,116.29;39.93,116.29;39.92,116.39;39.97,116.37;40.04,116.3;40.06,116.35;39.98,116.31;
#5:
>0:39.94,116.28;39.88,116.35;39.85,116.48;39.88,116.55;
#6:
>0:39.81,116.35;39.87,116.48;39.92,116.55;39.89,116.57;39.94,116.65;
#7:
>0:40.06,116.32;40.02,116.36;40.09,116.37;40.11,116.42;40.04,116.62;
#8:
>0:39.94,116.62;40.03,116.68;
#9:
>0:39.81,116.54;39.86,116.62;39.93,116.49;39.95,116.58;40.02,116.6;40.1,116.61;
#10:
>0:40.03,116.57;39.98,116.54;39.9,116.43;39.92,116.39;
#11:
>0:39.92,116.62;39.94,116.62;
#12:
>0:40.05,116.5;40.04,116.54;
#13:
>0:40.09,116.49;40.08,116.44;39.98,116.36;
#14:
>0:39.97,116.46;39.98,116.39;
#15:
>0:39.99,116.28;39.9,116.31;39.98,116.31;39.96,116.35;39.91,116.3;39.93,116.36;39.97,116.37;39.9,116.34;39.94,116.4;39.98,116.34;
#16:
>0:39.83,116.37;39.91,116.43;39.99,116.55;39.97,116.58;
#17:
>0:40.0,116.69;40.09,116.62;40.09,116.5;40.09,116.48;39.97,116.37;
#18:
>0:39.86,116.45;39.93,116.44;
#19:
>0:39.94,116.44;39.89,116.45;39.83,116.45;39.78,116.43;
#20:
>0:39.77,116.57;39.83,116.68;39.88,116.62;39.94,116.53;40.04,116.53;
#21:
>0:40.01,116.6;39.99,116.53;39.95,116.43;39.88,116.38;
#22:
>0:39.83,116.35;39.92,116.48;39.92,116.53;39.96,116.6;40.07,116.51;
#23:
>0:39.87,116.47;39.85,116.55;39.89,116.6;
#24:
>0:40.0,116.3;39.99,116.4;
#25:
>0:39.86,116.43;39.84,116.38;39.98,116.32;
#26:
>0:40.11,116.34;40.04,116.38;40.0,116.48;40.0,116.49;40.06,116.58;39.96,116.65;
#27:
>0:39.8,116.37;39.88,116.46;39.89,116.55;39.97,116.57;40.01,116.58;40.1,116.57;
#28:
>0:39.78,116.54;39.78,116.48;39.86,116.39;39.98,116.34;
#29:
>0:40.11,116.43;40.09,116.35;40.02,116.35;39.92,116.31;
#30:
>0:39.88,116.3;39.81,116.38;39.81,116.44;39.77,116.54;
#31:
>0:39.77,116.5;39.82,116.45;39.83,116.36;39.94,116.33;40.0,116.33;40.09,116.31;
#32:
>0:39.99,116.31;39.88,116.33;40.02,116.33;
#33:
>0:40.09,116.48;40.07,116.48;
#34:
>0:39.81,116.39;39.8,116.33;39.91,116.31;
#35:
>0:39.82,116.54;39.83,116.42;39.93,116.4;
#36:
>0:39.86,116.34;39.91,116.38;39.97,116.43;39.97,116.51;
#37:
>0:40.03,116.53;39.98,116.46;39.93,116.35;39.83,116.32;
#38:
>0:39.87,116.49;39.88,116.45;
#39:
>0:40.01,116.67;40.09,116.61;40.1,116.51;40.11,116.45;40.01,116.46;39.94,116.29;
#40:
>0:40.01,116.32;40.03,116.35;40.0,116.37;
#41:
>0:39.83,116.57;39.83,116.52;39.99,116.47;
#42:
>0:39.88,116.34;39.93,116.39;39.89,116.42;40.03,116.46;
#43:
>0:39.99,116.3;39.91,116.33;40.02,116.32;
#44:
>0:40.02,116.39;40.0,116.48;39.97,116.46;40.01,116.59;
#45:
>0:39.79,116.66;39.78,116.62;39.83,116.57;39.93,116.51;40.05,116.49;
#46:
>0:40.0,116.43;39.89,116.55;39.86,116.49;
#47:
>0:40.04,116.55;40.03,116.42;
#48:
>0:39.88,116.61;39.9,116.58;
#49:
>0:40.07,116.34;40.03,116.35;39.99,116.47;39.9,116.54;39.85,116.52;
#50:
>0:39.98,116.34;39.99,116.41;40.02,116.29;
#51:
>0:39.97,116.44;39.98,116.38;
#52:
>0:39.82,116.4;39.79,116.45;39.83,116.58;
#53:
>0:39.89,116.68;39.88,116.64;39.83,116.55;
#54:
>0:40.1,116.52;40.06,116.42;40.03,116.48;39.89,116.4;
#55:
>0:39.93,116.4;39.9,116.44;39.89,116.51;39.94,116.66;39.85,116.65;
#56:
>0:39.82,116.43;39.85,116.41;39.92,116.34;39.94,116.34;40.01,116.31;40.09,116.42;
#57:
>0:39.87,116.42;39.94,116.4;
#58:
>0:39.82,116.35;39.83,116.38;39.88,116.31;39.99,116.36;40.06,116.31;40.12,116.48;
#59:
>0:39.95,116.37;39.91,116.28;39.84,116.33;39.92,116.41;39.95,116.37;40.02,116.33;39.92,116.34;40.0,116.29;39.95,116.34;
#60:
>0:39.98,116.28;39.98,116.36;39.91,116.32;39.94,116.41;39.99,116.36;39.92,116.32;39.9,116.36;39.89,116.42;39.84,116.4;39.93,116.32;39.92,116.41;39.98,116.41;40.01,116.29;39.9,116.3;39.9,116.36;39.97,116.4;40.04,116.33;40.01,116.4;39.99,116.41;39.93,116.37;39.83,116.41;39.91,116.32;39.94,116.39;39.94,116.47;39.93,116.5;39.95,116.44;39.92,116.47;39.84,116.41;39.94,116.3;40.01,116.34;39.99,116.35;39.95,116.31;39.9,116.33;39.86,116.32;39.78,116.28;39.85,116.38;39.96,116.32;
#61:
>0:40.09,116.65;40.05,116.61;39.95,116.51;39.93,116.42;39.89,116.54;39.77,116.38;
#62:
>0:39.96,116.37;39.94,116.36;40.03,116.32;40.01,116.34;40.02,116.36;39.95,116.43;39.93,116.47;39.88,116.37;39.94,116.34;39.92,116.4;39.97,116.34;
#63:
>0:40.1,116.49;40.09,116.47;40.01,116.47;39.9,116.37;
#64:
>0:39.82,116.68;39.78,116.61;39.85,116.59;39.82,116.46;39.88,116.44;39.79,116.31;
#65:
>0:39.8,116.57;39.86,116.57;39.9,116.55;39.99,116.46;40.02,116.46;40.11,116.29;
#66:
>0:40.02,116.28;39.98,116.37;
#67:
>0:40.02,116.33;40.03,116.41;40.08,116.39;40.08,116.45;40.04,116.6;
#68:
>0:39.84,116.56;39.92,116.5;39.99,116.48;39.86,116.38;
#69:
>0:39.96,116.37;39.9,116.33;39.9,116.4;39.91,116.33;39.94,116.32;39.99,116.36;39.91,116.31;39.94,116.41;39.96,116.4;40.02,116.28;40.03,116.41;40.08,116.36;40.02,116.33;40.04,116.37;40.1,116.48;40.04,116.55;39.97,116.49;39.96,116.46;40.01,116.43;39.95,116.54;39.91,116.43;39.97,116.39;40.02,116.32;39.96,116.29;
#70:
>0:39.84,116.62;39.94,116.54;39.95,116.47;39.84,116.37;
#71:
>0:40.01,116.28;39.97,116.38;39.91,116.47;39.86,116.52;39.77,116.61;39.8,116.63;
#72:
>0:40.03,116.46;40.0,116.44;40.02,116.58;
#73:
>0:39.95,116.36;39.9,116.47;39.91,116.55;39.81,116.58;
#74:
>0:39.81,116.32;39.84,116.35;39.89,116.3;39.97,116.32;
#75:
>0:40.07,116.48;40.11,116.39;
#76:
>0:39.85,116.52;39.92,116.42;
#77:
>0:40.09,116.36;40.04,116.41;39.99,116.45;39.92,116.51;
#78:
>0:40.01,116.66;40.1,116.63;40.09,116.61;40.06,116.52;40.07,116.35;
#79:
>0:39.89,116.65;39.95,116.52;39.95,116.48;40.03,116.47;40.11,116.32;
#80:
>0:39.78,116.28;39.87,116.36;39.93,116.47;40.0,116.52;40.02,116.61;40.05,116.64;
#81:
>0:39.96,116.38;40.01,116.38;40.01,116.53;
#82:
>0:40.01,116.28;40.06,116.35;39.94,116.47;40.04,116.51;39.99,116.53;39.99,116.64;
#83:
>0:39.77,116.48;39.82,116.4;39.83,116.47;39.96,116.58;
#84:
>0:39.95,116.45;39.9,116.42;
#85:
>0:39.89,116.46;39.85,116.51;39.77,116.6;
