#0:
>0:39.97,116.43;39.99,116.55;39.92,116.53;39.92,116.67;
#1:
>0:39.78,116.58;39.86,116.59;39.89,116.51;39.95,116.37;
#2:
>0:39.95,116.54;39.92,116.53;39.85,116.62;39.92,116.66;
#3:
>0:39.94,116.67;39.93,116.6;39.94,116.67;39.99,116.69;40.05,116.57;40.05,116.67;39.9,116.68;39.91,116.59;39.91,116.68;39.9,116.56;39.84,116.6;39.9,116.67;39.88,116.6;39.88,116.59;39.79,116.6;39.86,116.56;39.9,116.69;39.91,116.69;
#4:
>0:39.95,116.33;39.95,116.35;39.98,116.43;40.02,116.52;40.02,116.6;
#5:
>0:39.93,116.5;39.96,116.58;39.92,116.51;39.9,116.66;
#6:
>0:39.94,116.51;39.94,116.51;39.83,116.35;
#7:
>0:39.81,116.58;39.86,116.6;
#8:
>0:40.0,116.52;40.07,116.46;
#9:
>0:39.87,116.58;39.87,116.68;
#10:
>0:40.01,116.72;39.94,116.61;39.88,116.52;39.86,116.45;
#11:
>0:39.86,116.41;39.95,116.52;39.93,116.51;39.85,116.62;39.92,116.63;
#12:
>0:39.87,116.42;39.97,116.37;39.94,116.49;39.95,116.57;40.1,116.49;
#13:
>0:39.86,116.3;39.82,116.35;39.83,116.45;39.99,116.54;
#14:
>0:40.09,116.31;40.07,116.36;39.96,116.36;
#15:
>0:40.11,116.38;40.05,116.45;39.98,116.54;39.94,116.49;39.92,116.55;
#16:
>0:39.78,116.64;39.91,116.63;39.94,116.65;39.94,116.68;40.03,116.6;
#17:
>0:39.98,116.56;40.06,116.45;40.03,116.41;40.0,116.36;
#18:
>0:40.11,116.63;40.13,116.61;40.1,116.52;40.09,116.48;40.12,116.35;
#19:
>0:39.92,116.55;39.92,116.61;
#20:
>0:40.07,116.46;40.0,116.55;40.1,116.57;39.97,116.72;
#21:
>0:40.08,116.35;40.01,116.48;39.98,116.58;39.94,116.54;39.83,116.51;
#22:
>0:39.91,116.51;39.84,116.59;39.89,116.64;
#23:
>0:39.78,116.57;39.9,116.55;39.93,116.53;40.0,116.4;40.05,116.34;40.08,116.28;
#24:
>0:40.03,116.36;39.97,116.37;39.93,116.54;39.93,116.53;39.87,116.6;40.03,116.67;
#25:
>0:39.96,116.59;39.92,116.51;39.88,116.53;
#26:
>0:39.81,116.4;39.77,116.45;
#27:
>0:39.81,116.47;39.88,116.42;39.87,116.54;39.99,116.58;
#28:
>0:40.1,116.28;40.03,116.36;40.0,116.4;
#29:
>0:39.84,116.45;39.81,116.53;39.87,116.6;
#30:
>0:39.77,116.66;39.87,116.56;39.93,116.68;40.02,116.67;40.05,116.56;
#31:
>0:39.97,116.37;39.92,116.39;
#32:
>0:40.1,116.45;40.11,116.36;
#33:
>0:40.01,116.38;39.95,116.43;39.89,116.55;39.88,116.55;39.79,116.49;
#34:
>0:39.86,116.62;39.89,116.5;39.92,116.52;
#35:
>0:40.03,116.69;39.99,116.65;39.89,116.68;
#36:
>0:39.87,116.4;39.94,116.5;39.98,116.46;
#37:
>0:39.88,116.61;39.92,116.53;39.99,116.47;40.03,116.37;40.07,116.37;
#38:
>0:39.81,116.48;39.81,116.42;
#39:
>0:39.97,116.43;40.01,116.49;39.93,116.53;39.94,116.68;
#40:
>0:39.78,116.44;39.86,116.47;39.87,116.33;
#41:
>0:39.93,116.64;39.97,116.58;40.05,116.54;40.02,116.46;40.03,116.37;
#42:
>0:39.98,116.37;40.0,116.33;
#43:
>0:39.79,116.62;39.89,116.58;39.77,116.48;39.91,116.35;
#44:
>0:40.02,116.71;39.92,116.68;39.83,116.55;
#45:
>0:39.82,116.48;39.86,116.47;39.85,116.29;
#46:
>0:39.81,116.55;39.9,116.55;
#47:
>0:40.07,116.37;40.02,116.35;40.06,116.45;40.03,116.48;40.14,116.62;
#48:
>0:39.78,116.53;39.84,116.62;39.93,116.68;39.88,116.56;39.97,116.69;40.06,116.64;
#49:
>0:39.98,116.57;40.05,116.53;40.03,116.47;40.02,116.39;40.03,116.38;
#50:
>0:40.04,116.45;40.06,116.49;
#51:
>0:39.87,116.6;39.89,116.55;39.93,116.44;
#52:
>0:39.93,116.57;39.93,116.66;40.04,116.68;
#53:
>0:39.81,116.53;39.78,116.46;39.8,116.4;39.86,116.31;
#54:
>0:40.02,116.32;40.01,116.38;40.07,116.36;
#55:
>0:40.04,116.33;40.1,116.4;
#56:
>0:39.83,116.44;39.8,116.54;39.87,116.56;
#57:
>0:39.79,116.68;39.87,116.68;39.92,116.65;39.93,116.66;40.03,116.6;
#58:
>0:39.92,116.33;39.86,116.31;39.85,116.32;
#59:
>0:39.82,116.54;39.81,116.45;39.77,116.41;39.86,116.34;
#60:
>0:39.83,116.58;39.82,116.46;39.88,116.44;40.01,116.36;
#61:
>0:39.88,116.28;39.83,116.32;39.87,116.43;
#62:
>0:39.88,116.44;39.84,116.5;39.98,116.56;
#63:
>0:39.92,116.28;39.86,116.37;39.87,116.45;
#64:
>0:40.07,116.36;40.05,116.47;39.96,116.54;39.94,116.66;39.86,116.68;
#65:
>0:39.83,116.33;39.81,116.35;39.85,116.45;40.04,116.53;
#66:
>0:40.11,116.45;40.12,116.37;39.97,116.32;
#67:
>0:39.81,116.47;39.85,116.43;39.81,116.56;39.93,116.68;
#68:
>0:39.83,116.4;39.94,116.32;40.0,116.34;40.05,116.34;40.11,116.32;
#69:
>0:40.1,116.38;40.06,116.45;40.01,116.49;40.04,116.56;40.0,116.65;
#70:
>0:39.96,116.55;39.97,116.46;39.9,116.49;39.8,116.6;
#71:
>0:39.77,116.48;39.86,116.48;39.89,116.54;
#72:
>0:39.78,116.48;39.84,116.42;39.96,116.53;39.94,116.43;40.01,116.47;40.1,116.47;
#73:
>0:39.79,116.45;39.85,116.4;39.97,116.37;39.97,116.38;40.04,116.39;
#74:
>0:40.08,116.56;40.0,116.49;40.04,116.48;39.91,116.51;
#75:
>0:40.07,116.37;40.03,116.43;40.02,116.56;39.93,116.61;39.89,116.67;
#76:
>0:39.89,116.49;39.95,116.42;
#77:
>0:39.82,116.58;39.88,116.54;
#78:
>0:39.82,116.47;39.88,116.45;39.88,116.31;
#79:
>0:40.13,116.58;40.03,116.53;39.96,116.42;40.0,116.4;40.01,116.33;
#80:
>0:39.94,116.39;40.03,116.4;40.02,116.38;
#81:
>0:40.03,116.67;40.0,116.71;39.91,116.64;
#82:
>0:39.79,116.66;39.85,116.56;39.91,116.55;
#83:
>0:39.81,116.4;39.81,116.43;39.97,116.39;
#84:
>0:40.15,116.62;40.01,116.57;40.05,116.44;
#85:
>0:40.03,116.32;39.98,116.41;39.95,116.45;40.01,116.55;40.04,116.6;
