#0:
>0:39.97,116.34;39.94,116.32;
#1:
>0:39.88,116.66;40.0,116.58;40.04,116.53;40.11,116.48;40.08,116.39;
#2:
>0:39.8,116.54;39.88,116.45;39.83,116.35;39.79,116.28;
#3:
>0:39.93,116.66;39.91,116.62;39.98,116.54;39.94,116.52;39.98,116.56;40.06,116.56;39.9,116.66;
#4:
>0:39.97,116.3;40.05,116.35;39.95,116.28;
#5:
>0:39.77,116.61;39.8,116.55;39.88,116.51;39.9,116.48;40.02,116.55;
#6:
>0:39.96,116.68;40.0,116.62;40.06,116.69;
#7:
>0:39.96,116.69;39.91,116.65;39.9,116.59;39.96,116.53;39.93,116.48;39.99,116.28;
#8:
>0:39.81,116.64;39.83,116.59;
#9:
>0:40.01,116.69;40.01,116.58;39.94,116.55;39.93,116.53;39.81,116.53;
#10:
>0:39.78,116.67;39.87,116.59;39.93,116.62;39.99,116.62;
#11:
>0:39.88,116.4;39.83,116.34;
#12:
>0:39.9,116.63;39.98,116.62;40.06,116.61;
#13:
>0:39.84,116.34;39.89,116.38;39.94,116.45;39.93,116.55;
#14:
>0:39.8,116.41;39.87,116.44;39.85,116.52;
#15:
>0:39.94,116.48;39.97,116.53;40.04,116.6;40.09,116.66;
#16:
>0:39.93,116.41;39.95,116.44;40.05,116.55;40.07,116.46;
#17:
>0:39.85,116.37;39.94,116.35;
#18:
>0:40.04,116.53;39.95,116.53;39.97,116.37;
#19:
>0:40.1,116.65;40.01,116.63;40.03,116.59;39.95,116.55;39.97,116.41;
#20:
>0:39.96,116.34;39.97,116.41;39.91,116.4;39.78,116.3;
#21:
>0:40.07,116.63;40.12,116.58;40.03,116.54;40.11,116.43;
#22:
>0:39.97,116.31;39.94,116.31;
#23:
>0:39.89,116.66;39.84,116.68;39.93,116.67;39.92,116.64;
#24:
>0:40.11,116.56;40.05,116.62;39.99,116.56;
#25:
>0:40.03,116.41;39.99,116.44;39.91,116.55;39.95,116.59;39.87,116.63;
#26:
>0:39.95,116.34;39.98,116.37;
#27:
>0:40.01,116.36;39.97,116.42;39.92,116.54;40.0,116.6;39.86,116.69;
#28:
>0:39.96,116.68;39.92,116.63;39.94,116.6;39.99,116.5;39.99,116.4;
#29:
>0:39.9,116.66;39.9,116.62;39.99,116.54;39.92,116.51;39.88,116.46;39.92,116.51;39.93,116.46;39.94,116.55;39.85,116.46;39.91,116.43;39.99,116.55;39.92,116.51;39.85,116.42;39.86,116.53;39.89,116.62;39.99,116.53;39.89,116.51;39.83,116.46;39.83,116.54;39.91,116.48;39.97,116.49;40.02,116.53;40.03,116.59;39.92,116.65;
#30:
>0:39.89,116.35;39.85,116.37;
#31:
>0:40.01,116.44;39.96,116.45;
#32:
>0:39.81,116.52;39.79,116.58;39.88,116.62;39.9,116.67;40.02,116.63;
#33:
>0:39.9,116.6;39.86,116.62;39.79,116.58;
#34:
>0:40.08,116.35;40.0,116.32;39.95,116.35;
#35:
>0:39.95,116.28;39.99,116.29;
#36:
>0:39.82,116.31;39.86,116.28;39.94,116.39;39.98,116.45;40.06,116.3;
#37:
>0:39.97,116.31;39.97,116.32;
#38:
>0:39.84,116.65;39.88,116.56;39.9,116.55;
#39:
>0:40.0,116.4;39.92,116.43;39.84,116.54;39.8,116.6;39.81,116.63;
#40:
>0:39.94,116.56;39.84,116.59;39.77,116.59;
#41:
>0:40.05,116.58;39.96,116.5;39.9,116.49;
#42:
>0:39.96,116.33;39.99,116.29;
#43:
>0:39.94,116.34;39.97,116.32;
#44:
>0:39.97,116.34;39.95,116.37;39.99,116.29;39.97,116.3;
#45:
>0:39.98,116.32;39.98,116.34;
#46:
>0:39.84,116.41;39.91,116.47;39.92,116.49;39.95,116.61;40.1,116.56;
#47:
>0:40.06,116.42;40.1,116.55;40.06,116.62;39.92,116.66;
#48:
>0:39.96,116.31;39.96,116.33;
#49:
>0:39.94,116.3;39.89,116.39;39.94,116.45;39.94,116.44;39.97,116.56;
#50:
>0:39.91,116.6;39.95,116.54;40.02,116.54;40.09,116.46;
#51:
>0:39.93,116.69;39.84,116.64;39.83,116.62;39.8,116.57;39.77,116.52;39.87,116.43;39.91,116.45;39.95,116.52;40.06,116.55;40.05,116.56;39.93,116.64;
#52:
>0:40.04,116.28;39.96,116.29;39.9,116.34;39.91,116.37;39.98,116.36;39.97,116.32;39.95,116.3;
#53:
>0:39.95,116.54;39.89,116.43;39.93,116.41;
#54:
>0:39.98,116.34;39.98,116.31;
#55:
>0:39.94,116.29;39.99,116.32;
#56:
>0:39.99,116.29;39.96,116.32;
#57:
>0:39.89,116.65;39.93,116.57;39.96,116.55;40.09,116.48;
#58:
>0:40.02,116.31;39.99,116.41;39.92,116.36;39.85,116.42;39.79,116.58;
#59:
>0:39.99,116.35;40.0,116.45;40.08,116.5;
#60:
>0:40.06,116.43;40.01,116.51;40.0,116.61;
#61:
>0:40.06,116.42;40.07,116.54;39.95,116.49;
#62:
>0:40.05,116.57;40.09,116.5;
#63:
>0:40.0,116.66;40.01,116.58;39.97,116.55;39.92,116.54;39.9,116.39;
#64:
>0:39.93,116.29;39.98,116.41;39.98,116.31;40.06,116.29;
#65:
>0:39.82,116.69;39.86,116.58;39.93,116.55;39.96,116.58;40.04,116.69;40.08,116.59;
#66:
>0:39.99,116.34;39.98,116.3;
#67:
>0:39.89,116.28;39.83,116.31;39.89,116.4;39.83,116.42;39.94,116.56;
#68:
>0:40.05,116.29;39.98,116.38;39.9,116.39;39.84,116.47;39.84,116.59;
#69:
>0:39.83,116.34;39.91,116.37;39.96,116.48;39.98,116.51;
#70:
>0:39.77,116.51;39.88,116.49;39.93,116.48;39.78,116.34;
#71:
>0:39.94,116.65;39.88,116.68;39.93,116.67;39.84,116.63;39.77,116.49;
#72:
>0:40.09,116.63;40.06,116.67;40.06,116.59;39.96,116.53;39.86,116.42;
#73:
>0:39.92,116.34;39.96,116.37;39.91,116.38;39.94,116.44;39.98,116.6;
#74:
>0:39.96,116.32;39.95,116.29;
#75:
>0:39.79,116.64;39.87,116.56;39.92,116.51;39.84,116.48;39.91,116.47;39.96,116.3;
#76:
>0:39.96,116.49;40.04,116.43;
#77:
>0:39.99,116.31;39.97,116.3;
#78:
>0:40.04,116.51;39.94,116.53;39.97,116.39;
#79:
>0:39.94,116.32;39.97,116.29;
#80:
>0:39.98,116.39;40.03,116.43;40.07,116.54;
#81:
>0:40.11,116.46;40.11,116.49;40.04,116.62;39.89,116.69;
#82:
>0:40.08,116.49;40.01,116.56;40.1,116.64;
#83:
>0:40.08,116.61;40.03,116.51;40.07,116.47;40.02,116.39;39.98,116.34;
#84:
>0:39.89,116.41;39.86,116.45;
#85:
>0:39.96,116.47;39.88,116.53;
