#0:
>0:39.99,116.28;39.95,116.35;
#1:
>0:39.94,116.66;39.97,116.58;40.04,116.49;40.11,116.42;40.06,116.35;
#2:
>0:40.04,116.4;39.96,116.47;39.89,116.46;39.83,116.54;39.79,116.56;
#3:
>0:39.86,116.46;39.93,116.46;39.96,116.52;
#4:
>0:40.02,116.36;39.99,116.38;39.94,116.37;
#5:
>0:39.87,116.65;39.93,116.57;39.95,116.5;40.01,116.43;
#6:
>0:39.84,116.43;39.9,116.49;39.95,116.62;
#7:
>0:40.1,116.66;40.06,116.66;
#8:
>0:39.77,116.4;39.82,116.3;
#9:
>0:39.98,116.33;39.95,116.31;
#10:
>0:40.07,116.41;40.05,116.29;39.98,116.33;39.92,116.34;39.91,116.35;39.77,116.35;
#11:
>0:39.9,116.4;39.99,116.36;40.04,116.48;
#12:
>0:39.98,116.36;39.89,116.38;39.84,116.37;39.8,116.54;
#13:
>0:39.96,116.33;39.91,116.41;
#14:
>0:39.95,116.33;39.96,116.36;39.97,116.3;
#15:
>0:39.99,116.28;39.9,116.31;39.93,116.37;39.97,116.3;
#16:
>0:39.82,116.43;39.87,116.49;39.92,116.53;39.98,116.52;
#17:
>0:39.85,116.66;39.91,116.59;39.97,116.5;40.0,116.43;40.06,116.35;40.1,116.29;
#18:
>0:39.99,116.3;39.96,116.35;40.02,116.47;
#19:
>0:39.79,116.4;39.85,116.44;
#20:
>0:40.03,116.41;39.97,116.47;39.92,116.53;
#21:
>0:39.77,116.44;39.83,116.44;39.94,116.44;39.96,116.31;
#22:
>0:39.8,116.34;39.84,116.31;39.93,116.35;39.99,116.43;
#23:
>0:39.95,116.29;40.05,116.36;40.0,116.28;
#24:
>0:39.97,116.35;39.89,116.41;39.97,116.38;39.89,116.35;40.0,116.36;39.94,116.36;39.95,116.28;
#25:
>0:39.94,116.29;39.88,116.32;39.91,116.41;39.91,116.32;39.96,116.29;
#26:
>0:39.84,116.68;39.9,116.66;39.97,116.65;40.02,116.61;
#27:
>0:39.91,116.51;39.94,116.48;39.78,116.44;
#28:
>0:39.92,116.68;39.94,116.57;39.84,116.5;39.83,116.46;39.91,116.46;39.83,116.4;39.78,116.37;39.78,116.54;
#29:
>0:39.98,116.28;39.99,116.36;39.94,116.3;39.88,116.37;39.94,116.34;39.93,116.39;39.98,116.28;
#30:
>0:39.87,116.61;39.94,116.49;39.91,116.42;40.01,116.44;
#31:
>0:39.84,116.38;39.94,116.45;39.98,116.35;40.04,116.31;
#32:
>0:39.82,116.28;39.85,116.39;39.93,116.43;39.99,116.54;40.02,116.58;40.05,116.66;
#33:
>0:39.79,116.55;39.78,116.44;39.84,116.44;39.93,116.44;40.04,116.6;
#34:
>0:39.79,116.39;39.78,116.48;
#35:
>0:39.98,116.29;39.91,116.31;39.9,116.39;
#36:
>0:39.82,116.35;39.8,116.46;39.83,116.51;39.88,116.6;39.82,116.67;
#37:
>0:39.85,116.41;39.89,116.29;
#38:
>0:39.82,116.49;39.88,116.52;39.84,116.67;
#39:
>0:40.1,116.53;40.07,116.5;
#40:
>0:40.01,116.61;39.95,116.69;39.89,116.55;39.86,116.63;
#41:
>0:39.77,116.58;39.86,116.5;39.83,116.43;39.87,116.36;
#42:
>0:39.98,116.42;39.96,116.54;39.9,116.5;39.99,116.64;
#43:
>0:40.04,116.67;40.05,116.59;40.03,116.52;39.88,116.48;
#44:
>0:39.97,116.57;40.01,116.53;
#45:
>0:39.81,116.47;39.83,116.45;39.89,116.47;39.96,116.54;
#46:
>0:40.05,116.69;39.95,116.63;
#47:
>0:39.83,116.54;39.84,116.42;39.92,116.47;39.99,116.48;40.11,116.43;
#48:
>0:39.99,116.34;39.95,116.29;
#49:
>0:39.95,116.38;39.98,116.44;40.05,116.35;39.98,116.33;
#50:
>0:39.86,116.68;39.9,116.61;39.95,116.55;39.97,116.47;40.01,116.35;40.09,116.28;
#51:
>0:39.89,116.37;39.99,116.38;40.04,116.42;
#52:
>0:39.95,116.33;39.94,116.28;
#53:
>0:39.82,116.52;39.83,116.5;39.83,116.44;39.94,116.44;40.04,116.59;
#54:
>0:39.85,116.63;39.92,116.62;39.95,116.5;40.06,116.46;
#55:
>0:39.92,116.4;39.94,116.36;
#56:
>0:40.09,116.61;40.03,116.54;39.97,116.5;39.94,116.43;39.84,116.42;
#57:
>0:40.11,116.61;40.0,116.53;40.03,116.45;39.96,116.45;40.08,116.34;
#58:
>0:39.86,116.65;39.92,116.68;40.0,116.69;40.05,116.59;
#59:
>0:40.02,116.38;39.96,116.44;39.88,116.54;39.93,116.62;39.82,116.64;
#60:
>0:39.91,116.69;39.92,116.67;
#61:
>0:39.95,116.68;39.9,116.68;
#62:
>0:39.92,116.63;39.87,116.67;39.93,116.65;39.91,116.57;39.86,116.54;39.9,116.62;39.88,116.53;39.85,116.58;39.91,116.61;39.84,116.53;39.85,116.59;39.93,116.63;
#63:
>0:40.11,116.57;40.02,116.69;39.98,116.67;39.89,116.63;
#64:
>0:39.97,116.32;39.94,116.39;39.97,116.36;39.89,116.38;40.0,116.31;
#65:
>0:39.97,116.41;39.89,116.41;39.88,116.36;39.78,116.55;
#66:
>0:39.82,116.62;39.78,116.6;
#67:
>0:40.03,116.54;40.06,116.49;
#68:
>0:40.07,116.44;40.02,116.53;39.99,116.62;
#69:
>0:39.96,116.29;40.04,116.33;39.99,116.31;
#70:
>0:40.1,116.43;40.01,116.54;39.99,116.62;
#71:
>0:40.01,116.41;40.08,116.41;
#72:
>0:39.99,116.49;40.03,116.59;40.07,116.65;
#73:
>0:39.93,116.36;39.86,116.38;39.86,116.55;
#74:
>0:39.91,116.39;39.86,116.41;39.87,116.49;
#75:
>0:40.03,116.29;40.08,116.29;40.1,116.36;40.01,116.4;40.02,116.29;39.94,116.33;
#76:
>0:39.99,116.28;39.98,116.29;
#77:
>0:39.91,116.46;39.93,116.55;39.86,116.58;
#78:
>0:39.96,116.36;39.93,116.33;39.96,116.38;39.92,116.36;39.98,116.37;39.98,116.33;39.98,116.31;
#79:
>0:39.92,116.43;39.95,116.43;
#80:
>0:39.78,116.5;39.79,116.43;39.92,116.55;
#81:
>0:39.9,116.41;39.83,116.39;39.87,116.53;
#82:
>0:39.98,116.31;39.96,116.33;
#83:
>0:40.0,116.63;40.1,116.63;
#84:
>0:39.97,116.33;39.97,116.34;
#85:
>0:39.89,116.37;39.88,116.39;
