#0:
>0:39.93,116.52;39.84,116.59;39.8,116.65;
#1:
>0:39.89,116.57;39.83,116.53;39.8,116.47;39.83,116.35;
#2:
>0:39.9,116.32;39.86,116.36;39.77,116.42;39.81,116.49;
#3:
>0:39.84,116.34;39.88,116.35;39.88,116.45;39.83,116.52;39.88,116.6;
#4:
>0:39.93,116.28;40.0,116.33;40.02,116.39;
#5:
>0:39.87,116.28;39.86,116.38;39.87,116.42;
#6:
>0:40.02,116.43;40.06,116.55;
#7:
>0:39.82,116.63;39.84,116.56;39.93,116.54;39.83,116.43;39.89,116.36;39.89,116.32;
#8:
>0:39.8,116.47;39.79,116.39;39.84,116.28;
#9:
>0:39.9,116.3;39.85,116.38;39.82,116.48;39.82,116.52;39.86,116.57;39.79,116.63;
#10:
>0:40.06,116.65;40.01,116.66;39.99,116.64;
#11:
>0:40.05,116.43;39.95,116.35;
#12:
>0:39.81,116.3;39.87,116.29;39.78,116.43;
#13:
>0:40.01,116.41;39.99,116.45;40.02,116.49;40.01,116.6;39.9,116.68;
#14:
>0:39.8,116.59;39.84,116.59;
#15:
>0:39.88,116.4;39.9,116.28;39.94,116.31;40.05,116.29;40.07,116.32;
#16:
>0:40.05,116.43;40.12,116.45;40.03,116.32;
#17:
>0:39.86,116.66;39.86,116.6;39.9,116.51;39.96,116.6;39.91,116.51;39.92,116.58;39.88,116.55;39.93,116.58;39.91,116.5;39.89,116.64;
#18:
>0:39.81,116.34;39.86,116.31;39.82,116.42;
#19:
>0:39.94,116.28;39.99,116.39;39.96,116.46;40.05,116.55;40.1,116.61;40.05,116.69;
#20:
>0:39.82,116.69;39.87,116.63;39.92,116.63;
#21:
>0:39.99,116.3;39.95,116.34;
#22:
>0:39.85,116.45;39.92,116.4;40.0,116.32;40.01,116.28;40.07,116.28;
#23:
>0:39.99,116.37;39.99,116.44;40.06,116.53;40.04,116.57;
#24:
>0:39.94,116.34;39.91,116.38;39.99,116.4;39.99,116.46;40.0,116.56;
#25:
>0:39.89,116.31;39.88,116.41;39.77,116.48;39.82,116.49;
#26:
>0:39.94,116.4;39.86,116.42;
#27:
>0:39.87,116.6;39.91,116.49;39.91,116.46;
#28:
>0:40.02,116.63;39.98,116.6;39.91,116.49;39.84,116.48;39.77,116.45;
#29:
>0:39.8,116.47;39.78,116.55;
#30:
>0:39.96,116.65;39.94,116.56;39.91,116.5;39.92,116.42;
#31:
>0:39.93,116.67;39.96,116.64;39.95,116.5;
#32:
>0:39.94,116.67;39.87,116.64;39.83,116.62;39.89,116.5;39.93,116.59;39.93,116.53;39.85,116.46;39.93,116.46;39.83,116.54;39.92,116.62;39.95,116.62;40.03,116.56;39.98,116.65;39.9,116.67;39.93,116.57;39.91,116.67;39.92,116.63;
#33:
>0:39.99,116.33;40.03,116.31;39.96,116.28;
#34:
>0:39.96,116.64;40.0,116.59;
#35:
>0:40.06,116.63;40.01,116.6;39.95,116.69;39.83,116.66;
#36:
>0:39.97,116.32;39.95,116.28;
#37:
>0:39.85,116.37;39.93,116.45;39.89,116.55;
#38:
>0:39.96,116.28;39.9,116.41;40.0,116.32;
#39:
>0:39.91,116.6;39.93,116.52;39.84,116.48;39.94,116.37;
#40:
>0:40.04,116.69;39.94,116.59;39.9,116.53;39.88,116.44;39.87,116.37;
#41:
>0:39.98,116.3;39.93,116.29;40.0,116.29;
#42:
>0:39.93,116.32;39.93,116.41;39.98,116.39;40.0,116.5;
#43:
>0:39.95,116.32;39.91,116.4;40.0,116.38;39.91,116.48;39.93,116.59;
#44:
>0:39.96,116.32;39.91,116.28;
#45:
>0:39.85,116.28;39.9,116.35;39.96,116.37;39.97,116.53;
#46:
>0:40.0,116.32;39.96,116.28;
#47:
>0:39.84,116.32;39.83,116.41;39.87,116.46;
#48:
>0:39.87,116.57;39.81,116.51;
#49:
>0:39.99,116.3;39.96,116.34;
#50:
>0:39.91,116.49;39.87,116.61;39.81,116.68;
#51:
>0:40.07,116.6;40.02,116.5;40.01,116.47;40.07,116.42;40.03,116.29;
#52:
>0:39.9,116.61;39.96,116.55;40.03,116.46;40.1,116.4;
#53:
>0:39.82,116.64;39.88,116.65;39.9,116.66;
#54:
>0:40.11,116.5;40.03,116.48;39.99,116.47;
#55:
>0:39.8,116.43;39.83,116.47;39.91,116.45;39.95,116.39;39.95,116.47;40.09,116.52;
#56:
>0:39.87,116.62;39.88,116.52;39.91,116.43;
#57:
>0:40.01,116.67;40.03,116.59;39.97,116.53;40.1,116.43;
#58:
>0:40.01,116.67;39.98,116.56;39.94,116.54;39.83,116.43;39.87,116.36;
#59:
>0:39.86,116.41;39.9,116.39;
#60:
>0:40.04,116.31;39.98,116.37;39.89,116.48;39.86,116.52;39.83,116.59;
#61:
>0:39.77,116.49;39.78,116.51;
#62:
>0:40.02,116.33;39.99,116.31;39.95,116.36;39.99,116.46;40.02,116.5;39.96,116.64;
#63:
>0:39.92,116.65;39.84,116.64;39.87,116.62;39.79,116.56;39.85,116.64;39.83,116.56;39.81,116.62;39.87,116.63;39.85,116.59;39.91,116.49;39.93,116.62;39.92,116.54;39.89,116.65;
#64:
>0:39.81,116.49;39.81,116.47;39.83,116.38;
#65:
>0:39.98,116.29;39.95,116.4;39.95,116.28;39.98,116.41;39.97,116.34;
#66:
>0:40.08,116.54;40.04,116.61;39.96,116.6;
#67:
>0:40.05,116.46;40.07,116.45;40.04,116.29;
#68:
>0:39.93,116.54;39.95,116.52;
#69:
>0:40.1,116.66;40.06,116.62;40.1,116.53;40.07,116.44;40.06,116.35;40.08,116.32;
#70:
>0:39.94,116.32;40.03,116.3;40.09,116.3;
#71:
>0:40.0,116.3;39.98,116.34;40.0,116.38;39.99,116.42;40.04,116.5;39.99,116.69;
#72:
>0:39.99,116.36;39.91,116.42;39.84,116.52;39.83,116.57;
#73:
>0:40.05,116.49;39.96,116.62;
#74:
>0:39.92,116.61;39.96,116.57;39.85,116.48;
#75:
>0:39.88,116.63;39.87,116.61;39.8,116.6;39.81,116.49;39.82,116.61;39.91,116.65;
#76:
>0:40.1,116.65;40.1,116.62;40.07,116.49;40.09,116.48;40.1,116.4;40.1,116.34;
#77:
>0:39.83,116.62;39.94,116.54;39.87,116.45;39.91,116.37;39.94,116.28;
#78:
>0:39.93,116.67;39.97,116.64;39.92,116.69;39.85,116.68;39.91,116.65;39.84,116.64;39.88,116.61;39.82,116.5;
#79:
>0:40.01,116.54;40.08,116.54;40.1,116.68;
#80:
>0:39.9,116.56;39.95,116.53;40.03,116.48;40.03,116.39;
#81:
>0:39.8,116.3;39.84,116.33;39.93,116.37;
#82:
>0:39.82,116.38;39.87,116.44;39.92,116.44;39.86,116.54;39.84,116.65;
#83:
>0:39.91,116.63;39.83,116.66;39.86,116.61;39.86,116.66;39.84,116.61;39.81,116.57;39.84,116.69;39.94,116.66;39.9,116.64;
#84:
>0:39.98,116.39;39.91,116.47;39.84,116.55;39.83,116.59;
#85:
>0:39.78,116.39;39.85,116.43;39.89,116.45;39.99,116.47;39.96,116.49;40.11,116.44;
