#0:
>0:40.08,116.32;40.06,116.27;40.04,116.24;40.08,116.28;40.06,116.31;40.04,116.31;40.06,116.28;40.07,116.3;40.08,116.32;40.05,116.29;40.07,116.3;40.08,116.32;40.05,116.32;40.03,116.33;40.01,116.32;39.96,116.31;
#1:
>0:40.04,116.29;40.05,116.31;
#2:
>0:39.97,116.22;39.97,116.22;
#3:
>0:39.99,116.28;39.99,116.29;
#4:
>0:39.97,116.42;39.98,116.4;39.96,116.35;39.97,116.33;39.98,116.32;39.97,116.34;
#5:
>0:40.08,116.31;40.06,116.33;40.03,116.29;40.05,116.31;40.02,116.38;40.06,116.33;40.04,116.28;40.07,116.29;40.06,116.32;40.05,116.3;40.08,116.34;
#6:
>0:39.98,116.32;40.01,116.31;40.02,116.33;40.06,116.34;40.07,116.32;
#7:
>0:39.98,116.25;40.01,116.22;40.0,116.25;40.02,116.25;40.07,116.25;
#8:
>0:39.97,116.32;39.99,116.29;40.01,116.24;
#9:
>0:40.04,116.25;40.01,116.29;39.99,116.27;
#10:
>0:39.96,116.33;39.99,116.35;39.99,116.39;
#11:
>0:40.04,116.33;40.07,116.31;
#12:
>0:39.96,116.28;39.99,116.26;40.0,116.22;40.0,116.25;40.04,116.25;40.07,116.25;
#13:
>0:40.07,116.31;40.04,116.31;40.06,116.29;40.03,116.33;40.02,116.31;40.03,116.36;40.05,116.34;40.05,116.29;40.08,116.31;40.07,116.33;40.05,116.28;40.04,116.34;40.0,116.32;40.04,116.33;40.0,116.33;40.0,116.32;39.96,116.33;39.97,116.33;
#14:
>0:40.02,116.27;40.01,116.27;39.99,116.22;
#15:
>0:40.05,116.26;40.03,116.29;40.01,116.34;39.98,116.27;
#16:
>0:39.97,116.36;39.96,116.31;39.95,116.3;39.97,116.27;
#17:
>0:40.06,116.25;40.06,116.2;40.03,116.22;40.01,116.21;39.98,116.22;
#18:
>0:40.02,116.39;40.05,116.39;40.05,116.37;40.06,116.34;40.05,116.27;40.07,116.22;
#19:
>0:40.03,116.21;40.05,116.26;40.08,116.28;40.05,116.31;40.06,116.38;
#20:
>0:39.96,116.35;39.99,116.32;40.0,116.34;40.01,116.3;40.02,116.24;40.08,116.21;
#21:
>0:40.01,116.28;40.03,116.34;
#22:
>0:40.07,116.32;40.05,116.37;40.05,116.42;
#23:
>0:40.05,116.32;40.03,116.34;40.01,116.3;39.98,116.24;
#24:
>0:39.97,116.33;39.99,116.34;40.0,116.33;40.02,116.33;40.06,116.32;40.07,116.32;
#25:
>0:40.02,116.35;40.0,116.4;40.03,116.39;40.07,116.38;
#26:
>0:40.04,116.25;40.05,116.3;40.08,116.31;
#27:
>0:39.96,116.23;39.99,116.22;40.0,116.2;
#28:
>0:40.02,116.37;40.0,116.33;39.98,116.3;39.99,116.25;39.99,116.23;
#29:
>0:40.02,116.3;40.04,116.33;
#30:
>0:40.04,116.23;40.02,116.26;40.03,116.31;40.02,116.32;39.98,116.37;
#31:
>0:40.03,116.27;40.04,116.3;40.0,116.33;
#32:
>0:39.99,116.34;39.96,116.34;39.98,116.33;40.0,116.35;40.01,116.39;39.99,116.4;40.02,116.4;40.0,116.38;40.0,116.4;39.98,116.4;40.01,116.36;40.01,116.4;39.98,116.42;39.96,116.35;39.96,116.31;39.98,116.34;39.96,116.31;39.99,116.31;39.96,116.31;39.99,116.33;39.95,116.31;39.99,116.31;39.96,116.34;39.98,116.33;39.96,116.33;39.99,116.32;39.97,116.34;39.98,116.31;39.95,116.31;39.98,116.33;39.97,116.33;39.99,116.33;40.01,116.31;40.0,116.37;40.0,116.39;40.03,116.41;40.05,116.39;40.03,116.38;40.06,116.38;40.06,116.32;40.02,116.29;40.05,116.32;40.06,116.29;40.08,116.3;40.04,116.29;40.06,116.28;40.07,116.33;40.05,116.34;40.05,116.3;40.02,116.32;40.05,116.32;40.03,116.32;40.01,116.33;39.98,116.32;39.97,116.31;39.98,116.33;39.97,116.34;39.98,116.33;39.95,116.31;39.98,116.34;39.97,116.34;39.98,116.32;39.96,116.31;39.99,116.33;39.96,116.33;39.99,116.34;39.96,116.33;39.98,116.31;39.96,116.34;39.97,116.32;
#33:
>0:39.99,116.32;39.99,116.31;
#34:
>0:40.0,116.34;39.99,116.34;39.96,116.27;
#35:
>0:40.04,116.25;40.08,116.29;40.08,116.32;40.07,116.36;
#36:
>0:40.07,116.31;40.05,116.33;40.04,116.34;40.0,116.3;
#37:
>0:39.96,116.31;39.98,116.34;40.01,116.32;40.03,116.31;40.04,116.37;
#38:
>0:40.08,116.23;40.08,116.24;40.04,116.24;40.05,116.28;40.05,116.36;
#39:
>0:40.03,116.26;40.02,116.27;39.98,116.34;
#40:
>0:40.01,116.33;40.01,116.28;40.03,116.26;40.06,116.2;
#41:
>0:40.04,116.27;40.04,116.25;
#42:
>0:39.97,116.4;39.96,116.39;
#43:
>0:39.97,116.34;39.99,116.34;40.0,116.31;40.03,116.33;40.05,116.33;40.06,116.34;
#44:
>0:39.98,116.3;40.0,116.33;40.0,116.35;
#45:
>0:39.96,116.37;39.96,116.31;39.99,116.34;40.01,116.33;40.02,116.38;40.07,116.35;
#46:
>0:40.07,116.28;40.08,116.34;40.07,116.36;40.08,116.38;
#47:
>0:40.06,116.31;40.05,116.32;40.03,116.32;40.0,116.32;40.0,116.34;39.97,116.33;39.99,116.34;39.96,116.32;39.99,116.32;40.0,116.34;39.98,116.33;40.01,116.37;40.01,116.38;40.04,116.41;40.05,116.38;40.08,116.37;40.08,116.33;40.06,116.31;40.05,116.29;40.07,116.31;
#48:
>0:40.01,116.4;40.04,116.37;40.05,116.36;40.06,116.31;40.02,116.24;
#49:
>0:39.96,116.37;39.99,116.34;40.02,116.31;40.01,116.28;40.03,116.22;
#50:
>0:39.96,116.24;39.98,116.24;40.0,116.2;40.01,116.25;40.04,116.24;
#51:
>0:40.08,116.32;40.04,116.34;40.06,116.29;40.07,116.29;40.07,116.33;40.06,116.34;40.03,116.32;40.01,116.31;39.97,116.33;
#52:
>0:40.04,116.32;40.0,116.27;39.99,116.27;39.96,116.21;
#53:
>0:40.07,116.33;40.06,116.33;40.05,116.31;40.07,116.28;40.07,116.31;40.05,116.32;40.03,116.3;40.01,116.31;40.02,116.26;40.06,116.23;40.08,116.26;40.06,116.27;40.07,116.3;40.07,116.32;40.06,116.32;40.06,116.33;
#54:
>0:39.97,116.3;40.01,116.32;40.03,116.32;
#55:
>0:40.05,116.23;40.03,116.26;40.02,116.28;40.0,116.34;
#56:
>0:40.0,116.38;40.04,116.37;40.06,116.35;40.04,116.34;40.03,116.26;
#57:
>0:39.97,116.32;39.98,116.33;40.0,116.34;40.03,116.33;40.05,116.33;40.07,116.32;
#58:
>0:40.03,116.4;40.06,116.38;40.05,116.36;40.04,116.34;40.02,116.28;40.07,116.22;
#59:
>0:40.02,116.32;40.04,116.32;40.04,116.25;
#60:
>0:40.01,116.23;40.02,116.25;
#61:
>0:39.96,116.26;39.99,116.26;40.0,116.23;40.01,116.24;40.06,116.25;
#62:
>0:39.96,116.2;39.95,116.2;
#63:
>0:39.97,116.26;39.96,116.28;39.96,116.34;39.98,116.33;39.97,116.38;
#64:
>0:40.0,116.33;40.02,116.31;
#65:
>0:39.96,116.3;39.96,116.28;
#66:
>0:40.03,116.37;40.0,116.32;39.98,116.32;39.97,116.28;
#67:
>0:39.96,116.3;39.96,116.26;
#68:
>0:39.98,116.33;40.0,116.34;40.02,116.36;40.05,116.34;40.07,116.31;
#69:
>0:39.97,116.32;39.99,116.33;40.01,116.41;
#70:
>0:40.03,116.39;40.05,116.41;40.05,116.36;40.05,116.33;40.06,116.3;40.07,116.2;
#71:
>0:40.05,116.25;40.07,116.3;40.05,116.32;40.02,116.32;40.06,116.39;
#72:
>0:39.96,116.32;39.98,116.32;39.96,116.4;
#73:
>0:39.99,116.28;40.01,116.34;40.01,116.37;
#74:
>0:40.03,116.32;40.0,116.27;39.98,116.26;39.97,116.23;
#75:
>0:40.01,116.32;40.03,116.35;40.04,116.33;40.05,116.28;40.07,116.32;
#76:
>0:40.03,116.31;40.0,116.28;
#77:
>0:39.98,116.34;40.0,116.32;40.04,116.33;40.06,116.32;40.04,116.29;40.08,116.32;
#78:
>0:39.98,116.26;40.01,116.29;39.99,116.31;40.04,116.37;
#79:
>0:40.02,116.33;40.0,116.32;40.0,116.4;
#80:
>0:39.95,116.4;40.0,116.35;40.0,116.32;40.03,116.31;40.0,116.29;40.02,116.21;
#81:
>0:40.08,116.39;40.05,116.4;40.06,116.36;40.05,116.3;
#82:
>0:39.97,116.33;39.97,116.34;
#83:
>0:40.05,116.28;40.08,116.34;40.07,116.38;40.07,116.41;
#84:
>0:40.01,116.3;39.99,116.26;
#85:
>0:40.07,116.35;40.06,116.33;40.03,116.36;
#86:
>0:39.97,116.31;39.98,116.25;40.01,116.2;40.0,116.25;40.03,116.27;40.08,116.26;
#87:
>0:39.98,116.27;40.01,116.32;40.0,116.35;
#88:
>0:39.97,116.35;39.96,116.33;
#89:
>0:40.07,116.27;40.05,116.28;40.03,116.34;40.0,116.38;40.0,116.41;39.95,116.38;
#90:
>0:40.07,116.34;40.05,116.32;40.02,116.28;40.06,116.32;40.03,116.31;40.01,116.32;39.99,116.33;39.96,116.32;39.99,116.34;39.97,116.34;39.97,116.34;
#91:
>0:39.96,116.2;39.98,116.26;40.01,116.28;40.04,116.33;40.02,116.34;40.06,116.38;
#92:
>0:40.08,116.34;40.04,116.32;40.03,116.3;40.04,116.28;40.08,116.33;
#93:
>0:39.97,116.28;39.99,116.33;40.02,116.33;
#94:
>0:40.08,116.36;40.05,116.32;40.04,116.29;40.0,116.33;39.99,116.3;
#95:
>0:40.02,116.34;40.0,116.3;40.01,116.32;
#96:
>0:40.08,116.37;40.06,116.39;40.04,116.41;40.02,116.41;
#97:
>0:39.99,116.29;40.01,116.31;40.01,116.37;40.03,116.38;
#98:
>0:39.96,116.32;39.99,116.34;40.01,116.33;40.03,116.32;40.05,116.31;40.07,116.31;
#99:
>0:39.98,116.23;40.02,116.24;
#100:
>0:39.96,116.22;39.98,116.26;40.02,116.2;40.0,116.27;40.02,116.23;40.07,116.29;
#101:
>0:40.0,116.21;40.01,116.24;40.02,116.25;
#102:
>0:40.05,116.3;40.06,116.26;40.05,116.2;
#103:
>0:40.02,116.33;40.02,116.3;40.02,116.26;40.07,116.25;
#104:
>0:40.03,116.37;40.04,116.4;
#105:
>0:40.07,116.32;40.04,116.31;40.05,116.28;40.03,116.33;40.02,116.33;39.96,116.34;
#106:
>0:40.01,116.28;40.04,116.31;
#107:
>0:40.03,116.25;40.03,116.28;40.01,116.34;40.02,116.37;39.99,116.39;
#108:
>0:40.04,116.32;40.01,116.31;
#109:
>0:40.03,116.32;40.02,116.33;40.0,116.4;
#110:
>0:40.07,116.35;40.05,116.34;40.02,116.27;40.0,116.28;40.02,116.23;
#111:
>0:40.06,116.39;40.05,116.37;40.06,116.32;40.04,116.28;40.0,116.26;
#112:
>0:39.98,116.33;40.01,116.36;40.0,116.4;39.99,116.4;40.02,116.39;40.04,116.41;40.06,116.4;40.07,116.33;
#113:
>0:40.04,116.29;40.03,116.34;40.01,116.36;39.99,116.4;
#114:
>0:40.07,116.31;40.05,116.33;40.05,116.3;40.07,116.31;
#115:
>0:40.07,116.26;40.05,116.21;40.02,116.2;40.0,116.21;39.99,116.22;
#116:
>0:39.96,116.25;39.99,116.24;40.01,116.21;40.01,116.25;40.04,116.26;
#117:
>0:40.03,116.29;40.06,116.33;
#118:
>0:40.03,116.2;40.05,116.25;40.04,116.27;40.07,116.32;
#119:
>0:40.03,116.31;40.01,116.33;39.98,116.37;
#120:
>0:40.01,116.27;40.02,116.3;
#121:
>0:40.01,116.26;40.02,116.21;40.05,116.28;
#122:
>0:40.07,116.32;40.05,116.34;40.03,116.29;40.01,116.33;40.03,116.33;40.02,116.35;40.05,116.36;40.04,116.33;40.01,116.31;40.02,116.34;40.06,116.31;40.04,116.33;40.04,116.33;40.03,116.27;40.01,116.33;40.04,116.32;40.05,116.33;40.03,116.31;40.0,116.31;39.98,116.33;39.97,116.31;39.99,116.32;39.96,116.32;39.99,116.34;39.97,116.33;39.99,116.32;39.97,116.32;39.96,116.33;
#123:
>0:40.05,116.25;40.04,116.26;40.0,116.3;39.99,116.25;
#124:
>0:40.08,116.34;40.05,116.33;40.05,116.3;40.07,116.28;40.04,116.34;40.04,116.3;40.04,116.27;40.07,116.28;40.08,116.32;
#125:
>0:39.98,116.24;40.01,116.28;40.04,116.34;
#126:
>0:40.06,116.32;40.06,116.3;40.04,116.25;40.08,116.21;
#127:
>0:40.07,116.25;40.06,116.22;
#128:
>0:39.96,116.22;39.98,116.26;40.01,116.29;40.04,116.34;40.02,116.38;40.05,116.4;
#129:
>0:40.03,116.23;40.01,116.24;40.02,116.27;40.03,116.3;40.01,116.31;40.0,116.41;
#130:
>0:40.01,116.31;40.01,116.34;
#131:
>0:40.05,116.21;40.02,116.24;40.0,116.3;39.98,116.29;
#132:
>0:39.96,116.29;39.96,116.27;
#133:
>0:39.98,116.21;40.0,116.25;40.0,116.28;40.02,116.25;40.07,116.27;
#134:
>0:40.02,116.39;40.05,116.4;40.05,116.37;40.06,116.34;40.05,116.29;40.08,116.23;
#135:
>0:40.01,116.31;40.02,116.33;40.04,116.33;40.02,116.34;40.01,116.32;40.03,116.37;40.04,116.33;40.05,116.28;40.08,116.32;
#136:
>0:40.02,116.38;40.01,116.36;40.0,116.38;39.97,116.35;
#137:
>0:40.07,116.32;40.06,116.32;40.02,116.3;40.04,116.3;40.07,116.33;
#138:
>0:40.03,116.32;40.02,116.31;40.0,116.41;
#139:
>0:39.95,116.34;39.99,116.32;40.0,116.31;40.03,116.32;40.04,116.32;40.08,116.32;
#140:
>0:40.08,116.29;40.05,116.28;40.02,116.32;40.02,116.31;39.99,116.32;39.96,116.27;
#141:
>0:39.98,116.26;40.0,116.27;40.02,116.33;40.04,116.35;
#142:
>0:39.98,116.27;40.01,116.28;40.03,116.32;
#143:
>0:40.0,116.31;40.02,116.34;40.03,116.34;40.06,116.33;40.08,116.31;
