#0:
>0:32.84,116.74;33.75,116.47;35.29,116.67;35.98,116.84;38.22,117.27;
#1:
>0:40.22,116.34;40.1,116.41;
#2:
>0:36.41,116.28;35.9,116.38;34.37,116.34;32.36,116.3;
#3:
>0:32.93,116.77;33.33,116.54;35.65,116.76;36.48,116.92;38.33,117.22;
#4:
>0:37.91,116.87;36.95,117.03;36.03,116.93;33.23,116.91;
#5:
>0:33.97,116.96;35.38,116.78;35.84,116.65;35.93,116.44;
#6:
>0:35.02,116.35;36.48,116.59;35.03,116.77;35.75,116.82;32.96,116.98;
#7:
>0:36.39,117.07;35.57,116.78;35.77,116.72;35.46,116.47;34.14,116.33;
#8:
>0:38.3,116.68;39.52,116.51;39.87,116.44;
#9:
>0:38.54,117.0;36.3,116.88;37.08,116.64;36.91,116.58;
#10:
>0:32.51,116.95;34.01,116.88;34.84,116.64;37.01,116.57;
#11:
>0:37.32,116.77;36.36,116.78;34.63,116.99;34.27,116.92;32.75,117.22;
#12:
>0:32.15,116.94;33.54,116.91;34.93,117.03;36.55,116.82;36.0,116.99;39.0,117.27;
#13:
>0:39.47,116.34;37.51,116.31;37.05,116.38;34.72,116.3;
#14:
>0:32.67,116.99;34.51,117.25;35.37,117.09;35.92,117.05;
#15:
>0:33.39,117.19;33.96,117.07;32.44,117.06;33.43,116.73;
#16:
>0:39.94,117.28;37.94,117.05;
#17:
>0:34.01,116.6;35.56,116.62;36.01,116.93;
