#0:
>0:36.74,116.73;36.63,116.55;
#1:
>0:33.06,116.6;31.95,116.69;32.86,116.95;31.88,117.1;32.61,117.39;
#2:
>0:38.97,117.23;38.48,117.18;37.05,117.22;35.39,117.23;33.65,117.13;32.82,117.23;
#3:
>0:35.58,116.56;36.1,116.45;
#4:
>0:33.19,117.05;34.45,116.89;34.69,116.77;34.98,116.5;
#5:
>0:36.73,116.45;36.73,116.68;37.72,116.94;39.92,117.06;
#6:
>0:33.95,117.11;33.66,117.01;
#7:
>0:38.09,116.59;36.72,116.7;34.99,116.89;38.0,117.01;
#8:
>0:35.04,117.04;34.5,116.96;32.77,116.73;
#9:
>0:37.83,117.01;37.75,116.81;37.8,116.74;39.17,116.77;37.25,116.32;
#10:
>0:34.61,117.07;36.57,117.11;37.89,117.15;
#11:
>0:33.77,116.49;35.81,116.48;36.7,116.56;
#12:
>0:37.01,117.19;38.11,117.08;37.69,116.88;39.72,116.66;
#13:
>0:37.47,116.63;37.87,116.8;
#14:
>0:34.2,117.13;35.22,117.06;33.31,117.06;32.87,116.85;32.63,116.76;33.21,116.29;
#15:
>0:36.6,116.43;34.81,116.54;36.86,116.48;34.95,116.73;31.87,117.12;
#16:
>0:36.01,116.31;36.91,116.49;36.76,116.69;
#17:
>0:38.0,116.98;38.02,117.19;34.94,117.05;
