#0:
>0:37.06,117.26;38.08,117.06;37.65,116.8;
#1:
>0:34.41,116.76;33.67,116.48;
#2:
>0:37.6,116.55;36.33,116.4;35.74,116.27;33.99,116.37;32.26,116.28;
#3:
>0:33.3,116.66;31.91,116.87;33.5,117.04;
#4:
>0:36.66,117.07;35.47,117.11;
#5:
>0:34.42,116.37;35.59,116.32;36.64,116.55;37.58,116.36;40.9,116.42;
#6:
>0:39.42,117.06;38.32,117.13;
#7:
>0:38.12,117.11;37.93,117.25;
#8:
>0:38.98,116.88;38.8,116.7;38.99,116.46;
#9:
>0:37.07,116.35;38.49,116.27;40.05,116.39;
#10:
>0:32.34,116.64;33.33,116.94;
#11:
>0:34.67,117.25;35.48,117.07;38.58,117.24;
#12:
>0:35.53,117.15;36.76,117.15;37.52,117.21;39.08,117.18;
#13:
>0:39.96,117.27;37.95,117.2;36.86,117.06;35.6,117.23;34.46,116.97;32.6,117.11;
#14:
>0:34.27,116.73;32.64,116.71;
#15:
>0:34.63,117.05;33.27,117.18;32.75,117.31;
#16:
>0:31.93,117.3;33.78,117.2;34.01,116.88;
#17:
>0:33.59,116.78;34.64,116.88;33.25,116.68;35.12,116.37;
