#0:
>0:36.38,116.41;37.88,116.42;39.06,116.46;
#1:
>0:31.92,117.24;32.35,117.04;
#2:
>0:38.99,116.28;38.19,116.44;39.05,116.7;
#3:
>0:39.57,116.43;37.4,116.59;38.63,116.69;
#4:
>0:32.56,116.96;33.94,116.8;34.95,116.75;
#5:
>0:34.71,117.1;33.88,116.87;31.91,116.76;32.43,116.44;
#6:
>0:39.76,116.49;38.28,116.28;37.13,116.43;35.37,116.29;33.67,116.29;
#7:
>0:32.38,117.16;32.51,117.15;
#8:
>0:34.38,116.99;34.77,116.88;36.28,116.62;34.06,116.49;
#9:
>0:38.46,117.03;36.64,117.29;
#10:
>0:39.34,116.51;39.29,116.35;38.44,116.6;37.17,116.31;33.81,116.46;
#11:
>0:32.92,117.17;32.78,117.2;
#12:
>0:38.79,116.35;39.81,116.39;
#13:
>0:35.82,116.31;35.94,116.57;37.52,116.32;
#14:
>0:35.67,117.02;35.09,116.92;37.74,117.16;
#15:
>0:36.42,116.6;34.88,116.74;33.36,116.67;32.93,116.72;
#16:
>0:37.17,117.22;37.5,117.11;39.29,117.25;
#17:
>0:34.21,116.73;35.29,116.81;37.14,117.05;37.79,117.21;38.95,117.06;
