#0:
>0:39.27,117.01;39.51,116.77;39.75,116.84;39.66,116.96;39.84,116.85;40.43,116.78;
#1:
>0:39.93,116.82;39.91,117.03;39.41,116.87;
#2:
>0:39.68,116.72;39.91,116.9;39.89,116.95;
#3:
>0:39.14,116.39;39.49,116.44;39.72,116.48;39.88,116.69;39.65,116.84;39.72,117.1;
#4:
>0:39.43,116.63;39.73,116.55;39.9,116.76;40.21,116.92;
#5:
>0:39.6,117.04;39.71,116.78;39.3,116.85;
#6:
>0:39.89,116.42;40.21,116.41;
#7:
>0:39.24,117.09;39.42,116.99;39.44,116.9;39.18,116.62;
#8:
>0:39.18,116.77;39.29,116.62;39.49,116.76;39.47,116.36;
#9:
>0:39.23,117.16;39.21,117.17;
#10:
>0:40.03,116.53;39.88,116.71;40.13,116.86;40.17,117.02;
#11:
>0:40.23,116.91;40.14,116.71;39.98,116.7;39.64,116.87;39.48,116.78;39.35,116.66;
#12:
>0:40.14,116.46;39.98,116.36;
#13:
>0:39.35,116.42;39.54,116.38;39.71,116.55;39.85,116.72;40.16,116.65;
#14:
>0:39.83,116.39;40.17,116.35;
#15:
>0:40.11,117.18;40.41,117.04;
#16:
>0:39.54,116.77;39.31,116.66;39.29,116.54;
#17:
>0:39.79,117.14;39.83,116.96;39.6,116.95;39.86,116.82;40.22,116.49;
#18:
>0:39.21,117.04;39.3,116.81;39.32,116.65;39.15,116.57;
#19:
>0:39.53,116.43;39.72,116.45;
#20:
>0:40.32,117.09;40.11,116.96;39.82,117.08;39.78,116.99;39.52,116.89;39.24,116.74;
#21:
>0:39.66,116.84;39.43,116.66;39.43,116.52;
#22:
>0:39.72,116.7;39.91,116.82;39.85,116.99;
#23:
>0:39.86,116.43;40.12,116.34;
#24:
>0:39.41,116.41;39.62,116.47;
#25:
>0:40.41,116.76;40.22,116.76;
#26:
>0:40.38,116.82;40.34,116.66;40.25,116.56;
#27:
>0:39.41,117.19;39.52,117.05;39.92,116.89;
#28:
>0:39.42,116.78;39.57,116.79;
#29:
>0:40.4,117.1;40.03,116.93;39.85,117.12;39.85,116.99;39.56,117.04;
#30:
>0:39.61,116.39;39.6,116.49;39.95,116.66;40.14,116.81;39.86,116.87;40.16,117.11;
#31:
>0:39.3,117.0;39.19,116.91;39.28,116.75;39.22,116.56;
#32:
>0:39.81,116.63;40.18,116.88;
#33:
>0:39.98,117.05;39.74,116.8;39.51,116.66;39.28,116.5;
#34:
>0:40.08,116.32;39.83,116.38;39.78,116.56;40.01,116.8;
#35:
>0:40.2,117.15;39.8,117.1;
#36:
>0:39.78,116.76;39.8,116.48;
#37:
>0:40.34,116.89;40.21,116.63;39.96,116.76;40.03,116.35;
#38:
>0:40.07,116.58;39.88,116.34;
#39:
>0:39.77,116.86;39.48,116.77;39.95,116.57;
#40:
>0:39.22,116.95;39.33,116.95;
#41:
>0:39.78,116.94;39.48,117.03;39.23,116.81;
#42:
>0:39.35,116.86;39.57,116.67;39.64,116.93;
#43:
>0:39.76,116.93;39.81,116.77;40.12,116.97;
#44:
>0:40.17,116.77;40.03,116.84;
#45:
>0:39.92,116.59;40.22,116.52;
#46:
>0:39.88,116.79;39.88,117.04;39.54,116.93;
#47:
>0:39.15,117.19;39.56,116.93;39.61,117.09;39.89,116.98;40.13,116.86;40.24,116.85;
#48:
>0:39.34,116.54;39.26,116.65;39.34,116.89;
#49:
>0:39.35,117.18;39.48,116.94;39.64,117.05;39.81,116.83;40.04,116.83;40.25,116.82;
#50:
>0:39.69,116.89;39.44,116.88;39.71,116.62;
#51:
>0:39.98,116.38;40.08,116.32;
#52:
>0:40.11,116.66;40.44,116.47;
#53:
>0:39.96,116.39;39.61,116.51;39.99,116.67;39.52,116.86;
#54:
>0:39.35,117.13;39.51,117.12;39.62,117.11;
#55:
>0:39.78,116.4;39.7,116.59;
#56:
>0:39.35,116.87;39.46,117.06;39.7,116.95;39.99,116.84;40.15,117.15;
#57:
>0:39.29,116.85;39.43,116.62;39.73,116.55;39.7,116.35;
#58:
>0:39.7,116.45;39.67,116.6;
#59:
>0:39.54,116.83;39.62,116.86;39.82,116.88;
#60:
>0:39.15,117.07;39.17,117.08;
#61:
>0:39.86,116.4;40.21,116.44;
