#0:
>0:39.67,117.16;39.72,116.92;39.88,116.82;40.27,116.75;
#1:
>0:39.47,116.7;39.33,116.9;39.22,117.06;
#2:
>0:39.72,116.39;39.86,116.57;40.16,116.67;40.4,116.71;
#3:
>0:39.31,117.04;39.47,116.85;39.63,116.65;39.99,116.48;39.99,116.39;
#4:
>0:40.25,116.82;40.02,116.91;40.01,116.63;
#5:
>0:39.89,116.58;40.0,116.67;39.65,116.77;39.7,116.94;
#6:
>0:39.61,116.84;39.51,116.99;39.24,117.19;
#7:
>0:39.16,117.14;39.42,116.98;39.69,117.06;39.89,116.81;39.97,116.71;39.94,116.32;
#8:
>0:39.64,116.71;39.97,116.72;40.06,116.67;
#9:
>0:40.02,116.35;39.83,116.39;39.69,116.69;
#10:
>0:40.44,117.07;40.4,117.14;
#11:
>0:39.48,116.47;39.78,116.61;39.83,116.38;
#12:
>0:39.27,117.01;39.46,116.79;39.61,116.89;39.99,116.77;40.03,116.63;40.24,116.39;
#13:
>0:39.88,116.43;39.95,116.38;
#14:
>0:39.85,117.07;40.07,116.99;39.79,116.8;
#15:
>0:40.35,116.91;40.4,116.81;
#16:
>0:40.16,117.05;39.86,116.8;39.77,116.98;39.44,116.8;39.22,116.63;
#17:
>0:39.78,116.97;39.92,116.82;40.09,116.93;40.25,116.71;
#18:
>0:39.31,117.18;39.49,117.18;39.72,117.11;39.85,117.08;40.12,117.18;
#19:
>0:40.33,116.37;40.19,116.56;39.99,116.66;39.96,116.47;39.79,116.74;39.29,116.9;
#20:
>0:39.69,116.59;39.82,116.48;39.82,116.76;39.37,116.98;
#21:
>0:39.65,116.92;39.95,116.87;40.11,116.75;40.38,116.66;
#22:
>0:40.15,116.36;39.87,116.33;39.78,116.72;
#23:
>0:40.13,116.43;39.89,116.57;39.62,116.47;39.49,116.57;
#24:
>0:40.42,117.17;40.36,117.16;
#25:
>0:39.9,116.34;40.18,116.46;
#26:
>0:40.37,116.5;40.02,116.72;39.91,116.89;39.77,116.96;39.62,117.06;
#27:
>0:39.43,116.62;39.58,116.48;39.74,116.39;39.97,116.4;40.43,116.35;
#28:
>0:39.29,117.18;39.51,117.05;39.65,116.98;39.79,116.89;39.86,116.62;40.05,116.42;
#29:
>0:39.97,116.52;40.08,116.73;40.36,116.85;40.35,117.02;40.29,117.17;
#30:
>0:40.07,116.85;40.18,116.73;40.43,116.74;40.29,116.42;
#31:
>0:40.15,116.35;39.98,116.43;
#32:
>0:39.87,116.41;40.1,116.35;
#33:
>0:39.63,117.03;39.99,117.15;40.07,117.16;40.27,117.08;
#34:
>0:40.13,116.57;40.34,116.67;40.37,116.79;40.26,116.96;
#35:
>0:39.89,116.63;39.87,116.63;
#36:
>0:39.4,116.69;39.19,116.89;
#37:
>0:39.19,116.62;39.55,116.85;39.76,116.97;39.9,117.07;
#38:
>0:40.08,116.47;39.94,116.35;39.67,116.68;
#39:
>0:39.39,116.64;39.34,116.88;
#40:
>0:39.63,117.03;39.37,116.98;39.21,117.15;
#41:
>0:39.73,116.95;39.9,116.8;40.23,117.01;40.27,116.72;
#42:
>0:40.16,116.32;39.98,116.36;
#43:
>0:39.87,116.37;40.18,116.34;
#44:
>0:40.04,116.39;39.95,116.43;39.94,116.49;39.58,116.35;40.04,116.42;
#45:
>0:39.87,117.17;40.15,117.1;
#46:
>0:40.27,117.2;40.31,116.93;40.12,116.9;40.05,116.68;39.87,116.65;39.62,116.47;
#47:
>0:39.87,116.33;40.1,116.42;
#48:
>0:39.92,116.46;40.05,116.42;
#49:
>0:40.27,116.99;40.32,116.96;
#50:
>0:39.35,116.66;39.47,116.77;39.71,117.02;39.84,117.14;
#51:
>0:40.31,116.74;40.16,116.88;40.16,116.98;
#52:
>0:40.4,116.41;40.01,116.36;39.91,116.43;39.62,116.44;39.41,116.41;
#53:
>0:39.67,116.8;39.98,116.81;40.15,116.86;
#54:
>0:39.81,117.16;39.7,117.02;39.67,116.86;
#55:
>0:39.62,116.75;39.98,116.5;
#56:
>0:40.27,116.84;40.36,116.89;
#57:
>0:40.14,116.99;39.81,117.0;
#58:
>0:40.23,116.82;40.26,117.02;39.95,117.08;
#59:
>0:39.82,116.38;39.83,116.38;
#60:
>0:40.34,117.13;40.08,116.95;40.03,116.87;39.81,116.73;
#61:
>0:40.22,116.35;39.9,116.43;
