#0:
>0:39.31,117.15;39.55,117.05;39.74,116.83;39.64,116.67;39.4,116.51;
#1:
>0:39.95,117.21;39.69,117.12;39.92,116.91;39.64,116.86;39.46,116.6;
#2:
>0:39.18,117.09;39.46,117.04;39.42,117.1;39.64,116.99;39.97,116.91;40.39,117.12;
#3:
>0:39.94,116.73;39.92,116.82;
#4:
>0:39.56,116.64;39.45,116.52;39.61,116.46;39.91,116.41;40.37,116.36;
#5:
>0:39.59,117.06;39.71,116.78;39.45,116.75;39.68,116.57;39.77,116.33;
#6:
>0:40.32,116.68;40.21,116.55;40.21,116.37;
#7:
>0:40.25,116.89;40.08,116.69;39.87,116.74;39.62,116.58;39.42,116.33;
#8:
>0:39.59,116.58;39.59,116.72;40.1,116.84;
#9:
>0:40.17,116.74;39.86,116.75;39.58,116.48;39.46,116.74;39.23,116.84;
#10:
>0:39.37,116.92;39.62,116.85;39.79,116.69;
#11:
>0:40.13,117.08;40.25,116.98;40.29,116.81;
#12:
>0:39.63,116.48;39.49,116.68;39.35,116.72;39.43,116.93;
#13:
>0:40.43,116.76;40.26,116.6;
#14:
>0:39.32,117.02;39.26,116.82;39.46,116.96;39.66,116.9;39.87,116.94;40.4,116.93;
#15:
>0:39.95,117.13;39.57,117.14;39.97,116.94;39.78,116.71;
#16:
>0:39.97,116.98;39.76,116.89;39.88,116.63;
#17:
>0:39.25,116.48;39.39,116.46;39.61,116.33;39.87,116.4;39.92,116.49;40.43,116.39;
#18:
>0:40.28,116.7;40.31,116.66;40.3,116.57;39.99,116.37;39.69,116.45;39.16,116.59;
#19:
>0:39.25,117.05;39.28,116.82;39.39,117.01;39.76,116.87;39.88,116.95;40.37,116.78;
#20:
>0:40.44,117.01;40.41,116.87;40.43,116.68;
#21:
>0:40.24,117.18;40.06,116.91;39.87,116.94;39.74,116.85;39.46,116.69;39.14,116.33;
#22:
>0:40.39,116.88;40.25,116.75;40.41,116.58;40.39,116.4;
#23:
>0:40.15,116.4;39.82,116.46;39.9,116.57;39.61,116.69;39.37,116.85;39.19,117.11;
#24:
>0:40.15,117.17;40.41,117.11;
#25:
>0:40.13,117.17;40.1,116.98;39.87,117.0;39.96,116.67;
#26:
>0:40.38,116.92;40.32,116.8;40.41,116.7;40.4,116.64;40.33,116.35;
#27:
>0:39.74,117.19;39.45,117.19;39.41,116.93;39.64,116.89;39.37,116.73;39.58,116.39;
#28:
>0:40.22,116.43;39.89,116.38;
#29:
>0:39.41,116.6;39.79,116.48;40.01,116.74;
#30:
>0:39.55,116.55;39.74,116.51;39.71,116.7;39.76,117.04;
#31:
>0:39.86,116.68;39.75,116.56;39.43,116.56;
#32:
>0:40.1,117.08;40.16,117.05;39.84,117.0;39.6,116.77;39.23,116.67;
#33:
>0:39.56,116.43;39.36,116.48;39.89,116.43;
#34:
>0:39.37,117.03;39.71,116.85;39.69,117.04;40.17,116.78;
#35:
>0:39.4,116.81;39.42,116.94;39.6,116.87;39.98,116.75;40.28,116.74;
#36:
>0:39.73,116.64;39.61,116.79;
#37:
>0:39.44,117.13;39.51,116.99;39.6,116.87;39.37,116.7;39.54,116.53;39.95,116.42;
#38:
>0:40.15,117.15;39.97,117.14;39.76,117.01;39.54,117.12;39.24,117.06;
#39:
>0:39.71,116.58;39.48,116.58;39.66,116.64;39.41,116.87;39.68,117.17;
#40:
>0:39.71,116.53;39.37,116.53;39.72,116.65;39.54,116.85;39.16,117.13;
#41:
>0:39.32,116.54;39.49,116.4;39.54,116.58;39.63,116.35;39.94,116.45;40.36,116.38;
#42:
>0:39.54,116.42;39.32,116.5;
#43:
>0:39.16,116.8;39.42,116.83;
#44:
>0:39.76,116.8;39.51,116.65;
#45:
>0:39.61,116.53;39.6,116.41;
#46:
>0:40.11,117.18;40.45,117.2;
#47:
>0:39.28,116.54;39.18,116.75;39.32,116.79;
#48:
>0:39.5,116.99;39.59,116.87;39.84,116.64;
#49:
>0:40.13,116.88;40.44,116.99;
#50:
>0:39.72,116.86;39.41,116.65;
#51:
>0:39.36,116.68;39.48,116.55;39.57,116.41;39.97,116.43;40.42,116.34;
#52:
>0:39.69,116.9;39.45,116.68;
#53:
>0:39.9,116.43;39.95,116.55;40.17,116.73;39.96,116.82;39.84,116.92;
#54:
>0:40.12,116.34;40.5,116.59;
#55:
>0:40.34,116.66;40.13,116.71;40.07,116.84;
#56:
>0:40.18,116.51;40.21,116.7;
#57:
>0:39.96,116.43;39.88,116.59;
#58:
>0:39.84,116.83;39.81,116.75;
#59:
>0:39.55,117.01;39.6,116.84;39.77,116.96;40.1,116.86;
#60:
>0:39.27,116.91;39.5,116.7;39.48,116.48;
#61:
>0:40.27,117.05;40.09,116.86;39.89,116.65;39.77,116.6;
