#0:
>0:39.46,117.1;39.67,116.97;39.6,116.85;
#1:
>0:39.32,116.85;39.44,116.94;39.43,116.83;39.68,116.88;39.86,116.75;
#2:
>0:39.4,116.64;39.43,116.53;39.59,116.58;39.73,116.69;
#3:
>0:39.95,116.96;39.81,116.77;39.66,116.61;39.66,116.53;39.37,116.46;
#4:
>0:39.32,116.67;39.28,116.76;39.46,116.67;39.59,116.6;39.91,116.48;
#5:
>0:39.82,116.97;39.7,116.84;39.48,116.71;
#6:
>0:39.23,116.72;39.31,116.59;39.52,116.34;39.64,116.34;39.83,116.42;
#7:
>0:39.84,117.04;39.66,116.96;39.46,116.88;39.51,116.61;39.72,116.57;
#8:
>0:39.81,117.03;39.65,116.97;39.49,116.82;39.42,116.86;39.21,116.77;
#9:
>0:39.73,116.39;39.93,116.53;
#10:
>0:39.22,117.1;39.19,117.04;
#11:
>0:39.71,116.36;39.92,116.55;
#12:
>0:39.18,116.72;39.32,116.77;39.4,116.63;39.63,116.77;
#13:
>0:39.19,116.98;39.37,116.78;39.35,116.63;39.56,116.66;39.66,116.58;39.92,116.6;
#14:
>0:39.86,116.39;39.85,116.42;
#15:
>0:39.35,116.58;39.55,116.63;39.67,116.62;
#16:
>0:39.57,116.75;39.78,116.79;39.88,116.86;
#17:
>0:39.41,117.08;39.45,117.02;39.58,116.91;
#18:
>0:39.34,117.11;39.17,117.14;39.17,116.99;39.27,116.86;39.27,116.47;
#19:
>0:39.97,116.53;39.84,116.62;39.61,116.73;39.8,116.92;
#20:
>0:39.19,116.86;39.42,116.96;39.21,117.14;
#21:
>0:39.58,116.55;39.84,116.67;39.92,116.83;
#22:
>0:39.85,116.36;39.97,116.46;
#23:
>0:39.35,116.6;39.52,116.66;39.7,116.78;
