#0:
>0:39.47,116.53;39.61,116.61;39.47,116.88;39.51,116.99;39.49,117.13;
#1:
>0:39.95,116.79;39.78,116.9;39.71,117.1;
#2:
>0:39.25,117.15;39.24,116.89;39.37,116.83;39.52,116.65;39.77,116.7;
#3:
>0:39.43,116.84;39.59,116.74;39.79,116.56;39.57,116.43;
#4:
>0:39.94,116.44;39.96,116.43;
#5:
>0:39.82,116.42;39.61,116.54;39.54,116.7;39.35,116.82;39.24,116.89;
#6:
>0:39.54,116.48;39.67,116.41;
#7:
>0:39.94,117.05;39.92,116.97;39.74,116.91;39.73,116.67;
#8:
>0:39.51,117.02;39.34,116.74;39.53,116.66;39.76,116.56;
#9:
>0:39.88,116.77;39.7,116.89;39.84,117.05;
#10:
>0:39.6,116.55;39.84,116.5;39.82,116.79;
#11:
>0:39.67,116.33;39.77,116.49;39.8,116.73;39.75,116.81;39.84,116.98;
#12:
>0:39.27,116.66;39.32,116.69;39.48,116.51;39.64,116.7;39.78,116.81;39.96,116.84;
#13:
>0:39.94,116.37;39.96,116.35;
#14:
>0:39.76,116.46;39.69,116.54;39.5,116.58;
#15:
>0:39.5,116.56;39.59,116.71;
#16:
>0:39.69,116.57;39.46,116.67;39.3,116.83;39.17,116.98;
#17:
>0:39.9,116.37;39.82,116.41;39.82,116.49;39.46,116.68;
#18:
>0:39.44,116.69;39.31,116.8;39.24,116.95;39.17,117.12;
#19:
>0:39.52,116.9;39.69,116.91;39.64,116.8;39.98,116.55;
#20:
>0:39.6,117.06;39.72,117.07;39.64,116.75;
#21:
>0:39.56,116.51;39.64,116.66;39.72,116.81;39.81,116.89;39.75,117.04;
#22:
>0:39.41,116.4;39.47,116.48;39.64,116.57;39.78,116.6;39.96,116.59;
#23:
>0:39.27,116.76;39.32,116.91;39.52,116.86;39.52,116.61;39.84,116.51;
