#0:
>0:39.26,117.01;39.31,116.92;39.24,116.86;39.39,116.62;39.6,116.46;
#1:
>0:39.26,116.93;39.31,116.8;39.55,116.72;39.68,116.69;39.79,116.6;40.05,116.41;
#2:
>0:39.87,116.69;39.79,116.72;39.57,116.75;39.46,116.75;
#3:
>0:40.03,116.37;39.83,116.55;39.76,116.67;39.61,116.8;39.55,117.01;39.21,117.07;
#4:
>0:39.86,116.88;39.74,116.82;39.66,116.83;39.5,116.77;
#5:
>0:39.23,117.04;39.27,117.12;
#6:
>0:39.76,116.68;39.88,116.49;39.96,116.46;
#7:
>0:39.57,116.68;39.46,116.72;39.38,116.7;
#8:
>0:39.43,116.42;39.38,116.39;39.33,116.5;39.22,116.61;39.21,116.87;39.28,117.13;
#9:
>0:39.36,116.35;39.37,116.5;39.47,116.68;
#10:
>0:39.16,117.07;39.25,116.99;39.34,116.98;39.5,117.11;39.66,117.15;39.92,117.07;
#11:
>0:39.66,116.95;39.45,116.79;39.42,116.85;39.2,116.77;
#12:
>0:39.43,116.99;39.61,117.03;39.76,117.13;39.9,117.14;
#13:
>0:39.22,117.08;39.23,117.06;
#14:
>0:39.97,116.45;39.83,116.59;39.68,116.61;39.44,116.81;39.29,116.76;39.22,117.04;
#15:
>0:39.73,116.45;39.74,116.58;39.57,116.53;39.75,116.7;39.63,116.81;39.97,117.08;
#16:
>0:39.38,116.78;39.52,116.86;39.24,117.14;
#17:
>0:39.79,116.71;39.67,116.88;
#18:
>0:39.59,116.55;39.81,116.74;39.65,116.75;39.78,116.91;39.81,117.07;
#19:
>0:39.41,117.09;39.53,116.99;39.52,116.77;
#20:
>0:39.37,116.4;39.44,116.49;39.61,116.63;39.58,116.57;39.86,116.67;
#21:
>0:39.75,116.84;39.59,116.84;39.59,116.73;39.44,116.79;39.22,117.09;
#22:
>0:39.34,117.08;39.49,116.97;39.7,116.75;39.67,116.68;39.68,116.49;39.43,116.35;
#23:
>0:39.19,116.99;39.39,116.96;39.31,117.09;39.67,117.11;
