#0:
>0:39.34,116.42;39.18,116.5;39.15,116.61;
#1:
>0:39.38,116.89;39.49,116.75;39.29,116.71;39.18,116.52;
#2:
>0:40.0,116.39;39.94,116.5;39.72,116.43;39.68,116.48;39.37,116.5;
#3:
>0:39.2,116.54;39.33,116.47;39.46,116.34;39.64,116.4;39.82,116.34;40.03,116.44;
#4:
>0:39.98,116.49;39.99,116.38;
#5:
>0:39.48,117.06;39.45,117.01;39.39,116.82;39.42,116.67;39.46,116.51;
#6:
>0:39.91,116.48;39.96,116.39;
#7:
>0:39.18,116.99;39.29,116.94;39.52,116.86;39.6,116.81;39.76,116.93;39.87,116.65;
#8:
>0:39.32,116.57;39.24,116.47;
#9:
>0:39.46,116.63;39.43,116.8;39.55,117.0;
#10:
>0:39.73,117.05;39.72,116.89;39.88,116.82;39.75,116.65;
#11:
>0:39.33,116.68;39.3,116.82;39.26,116.98;39.36,117.03;
#12:
>0:39.39,116.85;39.43,116.68;39.54,116.49;39.63,116.5;39.95,116.6;
#13:
>0:39.57,116.87;39.54,116.61;
#14:
>0:39.18,117.16;39.29,117.0;39.53,116.79;39.37,116.72;39.32,116.57;
#15:
>0:39.91,116.67;39.72,116.8;39.74,116.94;39.58,117.1;39.43,116.98;39.16,117.05;
#16:
>0:39.88,116.6;39.82,116.63;39.72,116.79;39.82,116.96;
#17:
>0:39.7,116.77;39.53,116.72;39.59,116.53;
#18:
>0:39.18,117.03;39.32,116.89;39.54,116.84;39.64,116.62;39.75,116.72;
#19:
>0:39.83,116.72;39.73,116.48;
#20:
>0:39.48,116.72;39.34,116.69;
#21:
>0:39.43,116.63;39.54,116.49;39.72,116.62;
#22:
>0:39.69,116.43;39.46,116.56;
#23:
>0:39.89,117.15;39.73,116.98;39.57,116.97;39.48,116.7;
