#0:
>0:39.24,117.03;39.29,116.98;39.44,116.83;39.7,116.65;39.67,116.58;39.62,116.45;
#1:
>0:39.81,116.49;39.79,116.7;39.73,116.82;39.75,116.93;39.77,117.16;
#2:
>0:39.98,116.67;39.78,116.77;39.8,116.92;39.84,117.08;
#3:
>0:39.47,116.96;39.31,116.85;39.39,116.68;39.42,116.51;
#4:
>0:39.8,116.76;39.6,116.88;39.52,116.86;
#5:
>0:39.6,116.42;39.51,116.39;39.53,116.6;39.4,116.86;
#6:
>0:39.55,117.1;39.62,117.04;
#7:
>0:39.55,116.65;39.35,116.85;
#8:
>0:39.58,116.68;39.72,116.87;39.9,116.93;39.9,117.1;
#9:
>0:39.65,116.94;39.81,116.82;39.88,116.67;
#10:
>0:39.54,116.74;39.48,116.76;39.55,116.93;
#11:
>0:39.98,117.09;39.73,116.98;39.8,116.76;
#12:
>0:39.45,116.89;39.37,116.81;39.38,116.65;39.33,116.51;
#13:
>0:39.83,116.42;39.59,116.34;39.51,116.45;39.37,116.38;
#14:
>0:39.86,116.37;39.97,116.36;
#15:
>0:39.57,116.58;39.72,116.65;39.82,116.86;
#16:
>0:39.96,117.02;39.78,116.86;39.61,116.91;39.46,116.81;39.37,116.66;
#17:
>0:39.53,116.92;39.31,116.76;39.18,116.73;39.26,116.55;39.16,116.39;
#18:
>0:39.56,116.74;39.63,116.84;39.69,116.68;39.96,116.84;
#19:
>0:39.77,116.8;39.68,116.8;39.68,116.91;39.34,117.01;
#20:
>0:39.56,116.91;39.51,116.87;39.4,117.0;
#21:
>0:39.73,116.93;39.59,116.94;39.66,116.82;39.57,116.61;39.96,116.36;
#22:
>0:39.97,116.67;39.75,116.76;39.82,117.02;39.78,117.05;
#23:
>0:39.51,116.68;39.38,116.59;39.24,116.6;
