#0:
>0:39.74,116.42;39.8,116.56;39.86,116.65;
#1:
>0:39.29,117.0;39.54,116.86;39.53,116.62;39.17,116.53;
#2:
>0:39.31,117.07;39.54,116.94;39.47,116.85;39.67,116.82;39.96,116.71;
#3:
>0:39.46,116.62;39.59,116.55;39.75,116.4;
#4:
>0:39.2,117.03;39.39,116.91;39.55,116.77;39.43,116.68;39.38,116.6;
#5:
>0:39.96,116.53;39.74,116.72;39.61,116.81;39.55,117.01;39.5,117.14;39.28,117.04;
#6:
>0:39.81,116.7;39.9,116.48;
#7:
>0:39.93,116.88;39.78,116.93;39.61,116.9;39.53,117.12;
#8:
>0:39.6,116.44;39.53,116.34;
#9:
>0:39.73,117.05;39.65,116.98;39.53,116.96;39.51,116.84;39.54,116.67;39.81,116.38;
#10:
>0:39.89,116.94;39.78,116.9;
#11:
>0:39.39,116.99;39.43,116.75;39.55,116.73;39.66,116.54;39.31,116.44;
#12:
>0:39.83,116.36;39.78,116.49;39.52,116.48;
#13:
>0:39.23,116.95;39.37,116.98;39.19,116.69;
#14:
>0:39.98,116.69;39.81,116.72;39.66,116.75;39.54,116.89;39.37,116.98;
#15:
>0:39.42,116.94;39.44,116.78;39.49,116.68;39.53,116.48;39.6,116.38;
#16:
>0:39.23,117.01;39.38,116.9;39.48,117.06;39.62,117.07;39.72,116.82;
#17:
>0:39.87,117.11;39.74,116.96;39.8,116.77;
#18:
>0:39.72,117.11;39.71,116.92;39.92,116.82;
#19:
>0:39.27,116.54;39.34,116.47;
#20:
>0:39.37,116.75;39.54,116.63;39.56,116.66;39.82,116.64;
#21:
>0:39.9,116.71;39.81,116.47;39.62,116.5;
#22:
>0:39.43,116.58;39.61,116.62;39.69,116.78;
#23:
>0:39.17,116.91;39.36,116.99;39.54,116.97;
