#0:
>0:39.23,116.38;39.3,116.54;39.35,116.65;39.18,116.77;39.41,116.96;39.34,117.07;
#1:
>0:39.95,116.82;39.83,116.93;39.7,117.05;39.45,117.02;
#2:
>0:39.3,116.45;39.56,116.49;39.61,116.65;39.74,116.65;39.95,116.91;
#3:
>0:39.72,116.54;39.59,116.49;39.7,116.84;
#4:
>0:39.27,116.89;39.4,116.87;39.54,116.83;39.67,116.91;
#5:
>0:39.38,116.35;39.44,116.56;39.59,116.68;39.61,116.83;
#6:
>0:39.77,117.13;39.94,117.04;
#7:
>0:39.69,116.53;39.44,116.41;
#8:
>0:39.53,117.11;39.63,116.89;39.82,116.84;39.78,116.65;
#9:
>0:39.71,116.62;39.67,116.51;39.46,116.42;39.3,116.37;39.16,116.39;
#10:
>0:39.69,116.56;39.61,116.65;39.47,116.75;39.54,116.98;39.78,117.12;
#11:
>0:39.72,116.63;39.95,116.67;
#12:
>0:39.53,117.07;39.64,116.89;39.79,116.8;39.92,116.63;39.87,116.47;
#13:
>0:39.55,116.84;39.48,116.89;39.64,116.88;39.95,116.91;
#14:
>0:39.38,116.55;39.41,116.67;39.18,116.85;39.3,116.96;39.39,117.03;
#15:
>0:39.9,117.11;39.79,116.9;39.68,116.89;
#16:
>0:39.3,116.8;39.22,116.72;39.5,116.55;
#17:
>0:39.31,116.65;39.28,116.71;
#18:
>0:39.26,117.08;39.28,117.12;
#19:
>0:39.82,116.68;39.59,116.83;39.44,116.92;39.38,116.92;
#20:
>0:39.56,116.51;39.65,116.64;39.76,116.69;39.95,116.95;
#21:
>0:39.87,116.86;39.8,116.91;39.59,116.91;39.55,116.89;39.37,116.97;
#22:
>0:39.91,116.61;39.93,116.84;39.8,116.62;39.61,116.67;39.35,116.82;
#23:
>0:39.68,117.11;39.54,116.96;39.29,116.82;39.16,116.62;39.15,116.49;
