#0:
>0:39.84,115.27;39.27,115.68;
#1:
>0:38.25,115.86;37.15,115.69;38.25,114.96;39.09,114.79;38.36,113.97;
#2:
>0:35.73,115.16;36.32,114.37;37.09,114.58;38.13,114.51;
#3:
>0:36.45,115.67;35.21,116.04;
#4:
>0:37.67,114.7;37.37,115.2;37.9,115.53;
#5:
>0:40.28,116.29;40.32,116.41;
#6:
>0:33.73,116.09;33.76,115.62;35.2,115.94;37.8,115.26;
#7:
>0:39.24,116.3;39.68,116.41;
#8:
>0:39.96,116.63;39.57,116.43;
#9:
>0:37.74,115.91;37.73,115.49;
#10:
>0:39.99,116.44;39.98,116.23;
#11:
>0:34.38,115.13;34.28,114.63;
#12:
>0:34.55,115.24;34.56,114.57;
#13:
>0:39.91,114.24;38.52,114.41;37.65,114.91;36.7,115.7;35.7,116.01;34.37,116.6;
#14:
>0:38.16,114.63;39.85,115.15;40.24,115.53;37.19,115.95;
#15:
>0:38.59,116.03;37.13,116.55;36.44,116.42;35.54,116.44;
#16:
>0:40.19,116.24;39.86,116.25;
#17:
>0:38.91,116.06;37.88,116.39;36.31,116.5;35.74,116.44;
#18:
>0:34.67,116.02;33.89,115.43;34.76,115.91;37.36,115.18;
#19:
>0:39.7,114.76;38.2,114.38;38.71,114.87;36.95,114.54;
#20:
>0:39.48,116.45;39.56,116.4;
#21:
>0:39.6,114.41;39.1,115.11;37.07,114.69;36.23,115.69;
#22:
>0:35.56,115.04;36.52,115.32;35.96,114.87;38.93,115.67;
#23:
>0:40.16,116.21;40.1,116.26;
#24:
>0:35.46,115.03;36.68,115.57;36.91,115.18;38.5,115.71;
#25:
>0:39.62,115.98;38.34,115.97;37.29,115.43;36.42,115.41;35.78,115.39;
#26:
>0:37.22,114.19;38.41,114.14;39.62,114.27;
#27:
>0:39.88,115.01;38.81,115.58;37.68,115.93;36.12,116.38;35.44,116.59;33.79,116.6;
#28:
>0:38.44,115.01;37.09,114.47;36.17,114.02;35.82,114.06;33.96,114.15;34.26,113.97;
#29:
>0:39.3,116.47;39.94,116.22;
#30:
>0:36.55,115.69;36.03,115.16;37.96,115.65;39.84,114.93;
#31:
>0:34.46,116.23;35.35,116.13;35.86,115.36;36.23,115.18;34.39,114.71;
#32:
>0:34.81,115.17;36.15,114.43;37.33,114.7;
#33:
>0:36.68,114.81;36.04,115.13;36.45,115.57;
#34:
>0:39.91,116.62;39.71,116.55;
#35:
>0:35.38,116.55;36.87,115.84;37.17,115.3;38.98,115.05;38.48,114.64;39.22,114.27;
#36:
>0:39.91,116.24;39.39,116.25;
#37:
>0:33.79,114.02;35.58,114.6;36.94,114.8;
#38:
>0:39.44,116.23;39.5,116.41;
#39:
>0:39.63,116.0;39.79,116.33;40.27,116.35;
#40:
>0:39.75,116.21;40.33,116.48;
#41:
>0:40.16,116.25;39.61,116.52;
#42:
>0:33.93,114.53;35.62,115.19;36.2,115.46;38.07,115.23;38.86,115.72;40.17,114.39;
#43:
>0:35.26,114.21;35.94,114.65;37.36,114.49;38.71,114.67;39.61,115.32;
#44:
>0:40.14,115.18;38.23,115.61;38.72,115.11;37.05,114.63;36.71,115.04;33.66,115.56;
#45:
>0:39.7,114.64;39.14,114.96;37.01,114.63;36.42,114.97;
#46:
>0:39.17,116.52;37.69,116.13;37.67,115.48;36.1,115.63;34.83,114.72;
#47:
>0:40.0,113.96;38.87,114.64;37.11,115.12;36.27,115.19;35.76,115.32;34.66,115.73;
#48:
>0:34.89,114.87;36.07,114.43;37.6,114.65;38.28,114.34;
#49:
>0:37.06,116.5;36.8,116.49;35.47,116.23;33.65,116.42;
#50:
>0:36.65,116.43;35.4,116.17;35.32,115.63;34.08,115.09;
#51:
>0:33.85,114.51;34.74,114.45;35.05,114.17;36.08,114.5;37.48,114.55;39.47,114.98;
#52:
>0:35.99,114.47;37.17,114.84;39.13,115.48;37.23,115.81;
#53:
>0:37.3,114.26;38.36,114.71;38.61,115.14;
#54:
>0:34.73,115.2;33.76,115.58;33.69,116.03;34.52,116.37;
#55:
>0:40.21,116.28;39.81,116.57;
#56:
>0:35.75,114.58;35.91,113.93;37.56,114.03;
#57:
>0:35.91,114.17;35.83,114.66;
#58:
>0:37.68,114.38;37.25,115.16;38.62,115.39;38.99,116.04;36.87,116.62;
#59:
>0:35.81,114.67;35.96,114.31;37.2,114.12;
#60:
>0:38.28,116.44;40.08,116.44;39.29,116.15;38.15,115.72;38.44,115.05;37.68,114.0;
#61:
>0:37.93,116.11;36.51,115.98;
#62:
>0:35.61,114.82;36.69,114.27;37.33,114.02;
#63:
>0:39.52,116.39;40.18,116.48;
#64:
>0:40.2,116.51;39.86,116.39;
#65:
>0:39.63,116.23;40.01,116.42;
#66:
>0:39.94,114.7;38.72,115.25;37.77,114.76;36.39,115.27;35.62,115.61;34.46,115.88;
#67:
>0:40.19,114.51;38.32,114.93;37.25,114.76;36.5,115.0;34.91,115.35;33.64,115.92;
#68:
>0:40.27,114.49;39.39,115.08;38.38,115.35;39.1,115.97;36.04,116.61;
#69:
>0:40.23,116.45;39.63,116.28;
#70:
>0:38.45,115.8;37.1,115.85;38.55,115.65;39.12,114.94;38.58,113.99;
#71:
>0:33.91,115.2;34.68,114.76;
#72:
>0:40.36,116.28;39.97,116.25;
#73:
>0:40.35,114.93;40.02,115.42;
#74:
>0:37.2,115.85;35.9,115.59;36.43,115.04;34.4,115.14;
#75:
>0:40.01,116.47;39.29,116.35;
#76:
>0:34.29,114.39;34.85,115.14;36.74,115.52;37.91,115.24;38.98,115.65;40.2,114.67;
#77:
>0:39.63,116.28;38.94,116.13;37.76,115.54;36.94,115.22;34.71,114.43;34.36,114.28;33.73,113.93;33.99,114.24;34.03,114.22;34.43,113.99;34.31,114.19;33.78,114.01;33.92,114.24;
#78:
>0:35.43,114.42;34.2,113.97;
#79:
>0:39.38,115.41;38.8,115.19;37.54,114.93;36.38,115.09;34.76,113.96;
#80:
>0:40.23,115.75;38.99,115.66;
#81:
>0:33.95,114.26;35.7,114.13;36.09,114.1;
#82:
>0:38.36,115.08;37.17,114.38;35.9,114.23;35.49,114.12;34.34,114.35;34.05,114.26;
#83:
>0:39.68,116.51;39.92,116.29;
#84:
>0:34.4,114.08;35.4,114.37;33.71,114.59;36.62,115.34;
#85:
>0:35.36,115.25;36.03,115.46;36.56,115.87;36.4,116.34;
#86:
>0:39.88,116.62;40.15,116.5;
#87:
>0:38.02,114.78;38.04,115.23;38.9,115.46;38.69,116.15;36.24,116.41;
#88:
>0:40.28,116.26;39.42,116.41;
#89:
>0:35.01,116.3;35.91,115.85;37.44,115.7;38.9,115.48;38.87,114.72;
#90:
>0:37.38,114.87;39.12,114.65;39.87,114.16;
#91:
>0:37.16,115.94;37.65,115.27;38.53,115.13;38.62,114.59;
#92:
>0:38.04,115.28;36.38,115.72;34.82,115.67;
#93:
>0:39.42,116.54;39.64,116.4;
#94:
>0:37.82,114.7;37.05,114.83;39.03,115.37;38.87,115.9;36.71,116.53;
#95:
>0:35.99,114.42;37.53,115.23;38.28,115.64;40.3,116.13;40.08,116.26;
#96:
>0:37.7,116.13;38.11,115.61;39.63,115.17;39.49,114.81;40.14,114.3;
#97:
>0:39.75,116.36;39.92,116.49;
#98:
>0:39.93,115.08;38.29,115.51;38.6,115.84;37.63,116.61;
#99:
>0:40.1,116.26;39.77,116.49;
#100:
>0:36.99,115.91;36.95,115.46;
#101:
>0:39.82,116.25;39.95,116.59;
