#0:
>0:33.7,114.44;35.02,115.14;36.65,115.33;37.44,116.12;38.32,115.23;
#1:
>0:39.11,114.91;38.38,114.45;37.31,114.6;35.92,114.0;34.47,113.94;
#2:
>0:39.55,116.24;40.31,116.41;
#3:
>0:39.31,116.49;40.19,116.62;
#4:
>0:36.49,115.56;36.09,114.85;
#5:
>0:33.88,115.44;34.75,115.32;33.79,114.63;
#6:
>0:38.64,114.58;40.12,114.7;37.06,115.29;
#7:
>0:40.19,116.48;39.28,116.48;
#8:
>0:39.39,116.56;39.66,116.37;
#9:
>0:39.87,116.6;39.94,116.4;
#10:
>0:39.93,116.58;40.3,116.32;
#11:
>0:40.18,115.3;38.81,115.19;36.97,114.4;35.95,115.13;
#12:
>0:38.15,113.94;39.38,114.35;38.53,115.19;
#13:
>0:39.04,115.24;39.19,115.48;36.72,115.93;
#14:
>0:39.48,114.25;39.57,114.37;38.19,115.26;40.05,114.82;38.12,115.76;
#15:
>0:37.89,115.12;36.03,114.73;35.33,114.26;
#16:
>0:36.36,115.73;34.96,115.32;34.05,114.95;35.42,114.91;34.65,113.96;
#17:
>0:39.9,114.18;39.44,114.66;37.96,114.84;
#18:
>0:38.38,115.31;38.67,115.24;40.11,115.09;39.12,113.92;
#19:
>0:34.64,116.03;35.72,115.58;36.48,115.52;37.6,115.93;
#20:
>0:38.79,115.13;39.14,114.47;37.59,114.77;36.47,114.36;34.48,114.13;
#21:
>0:40.04,116.27;40.17,116.58;
#22:
>0:39.7,114.42;39.02,115.15;38.67,114.37;37.71,114.49;36.49,114.42;34.01,114.34;
#23:
>0:35.77,114.4;34.5,115.27;35.72,115.5;35.88,115.61;39.01,116.59;
#24:
>0:38.01,114.36;39.22,114.41;40.33,114.64;
#25:
>0:38.75,114.34;40.05,113.93;38.25,115.06;
#26:
>0:36.85,115.88;35.01,115.33;36.36,115.61;36.68,114.74;
#27:
>0:33.89,115.43;35.49,115.75;33.98,116.22;
#28:
>0:38.36,114.74;37.44,114.34;
#29:
>0:37.16,114.98;36.03,114.94;
#30:
>0:39.98,116.35;40.04,116.46;
#31:
>0:40.21,116.5;39.77,116.62;
#32:
>0:39.42,113.95;39.47,114.75;37.54,114.42;
#33:
>0:39.84,116.35;40.25,116.19;
#34:
>0:37.23,115.6;37.04,115.18;37.73,114.57;
#35:
>0:39.28,116.51;40.2,116.4;
#36:
>0:34.28,115.38;35.74,115.43;33.58,114.55;
#37:
>0:39.26,116.35;39.93,116.27;
#38:
>0:37.87,116.27;36.07,115.87;35.72,115.81;34.09,116.48;
#39:
>0:39.7,116.32;39.46,116.12;
#40:
>0:39.62,116.44;39.96,116.4;
#41:
>0:36.79,116.38;36.1,116.06;35.11,115.53;33.95,115.19;35.94,114.74;
#42:
>0:33.9,114.38;35.17,114.57;35.13,115.21;36.12,115.42;38.49,116.43;
#43:
>0:34.48,115.27;34.63,115.51;35.12,115.78;36.84,116.57;39.21,115.94;
#44:
>0:39.55,116.57;40.25,116.43;
#45:
>0:39.71,114.66;38.49,115.14;38.19,114.7;37.73,114.42;36.77,114.63;33.63,114.15;
#46:
>0:40.01,116.44;39.43,116.45;
#47:
>0:40.18,116.44;39.84,116.46;
#48:
>0:39.73,116.59;39.37,116.59;
#49:
>0:38.79,113.93;38.05,114.67;36.46,115.05;37.41,115.53;36.37,116.15;34.18,116.32;
#50:
>0:33.72,114.43;35.32,115.25;35.97,115.71;37.73,116.13;38.48,115.49;39.46,115.0;
#51:
>0:40.21,116.19;40.32,116.6;
#52:
>0:36.15,114.7;36.71,114.15;
#53:
>0:40.0,114.16;39.73,114.53;
#54:
>0:39.75,116.55;39.95,116.44;
#55:
>0:37.24,116.58;36.72,116.06;35.06,115.91;34.45,116.32;
#56:
>0:39.35,116.35;39.73,116.27;
#57:
>0:39.73,116.52;39.15,116.11;
#58:
>0:39.77,115.29;38.96,115.21;37.45,114.72;
#59:
>0:39.82,116.35;39.14,115.98;39.54,116.49;
#60:
>0:40.16,116.46;40.08,116.19;
#61:
>0:35.37,113.98;35.9,114.82;36.99,114.86;
#62:
>0:39.72,116.23;39.53,116.45;
#63:
>0:39.45,116.31;39.59,116.32;
#64:
>0:34.45,114.41;34.33,114.57;
#65:
>0:37.09,115.42;35.84,115.0;36.88,114.74;
#66:
>0:39.53,115.56;38.53,116.18;38.2,115.48;36.4,115.94;
#67:
>0:37.0,115.51;36.29,115.99;35.51,116.61;
#68:
>0:39.4,116.23;40.34,116.62;
#69:
>0:37.61,114.36;36.4,114.04;35.11,114.13;
#70:
>0:39.71,116.23;39.6,116.43;
#71:
>0:40.22,115.99;38.23,116.04;39.2,115.45;36.04,116.43;
#72:
>0:39.49,116.43;39.41,116.32;
#73:
>0:33.78,114.16;34.13,113.99;
#74:
>0:38.29,115.49;39.15,115.18;38.74,114.65;37.79,114.12;
#75:
>0:35.27,115.8;36.1,115.27;37.99,115.15;39.03,114.69;37.47,113.98;
#76:
>0:39.9,116.63;39.82,116.33;
#77:
>0:36.51,115.41;37.12,115.39;38.62,116.27;
#78:
>0:35.05,114.32;33.86,114.15;35.62,114.96;
#79:
>0:38.19,115.71;37.98,115.99;36.19,115.78;35.36,115.34;33.99,115.39;
#80:
>0:39.83,116.36;40.16,116.29;
#81:
>0:38.63,115.01;38.59,114.42;38.98,113.96;
#82:
>0:38.28,115.93;39.07,115.37;37.79,115.12;
#83:
>0:36.46,115.45;37.96,115.72;39.0,116.47;
#84:
>0:36.21,116.45;36.6,115.85;35.83,115.52;33.87,115.08;35.5,115.09;34.31,114.16;
#85:
>0:40.08,116.55;39.27,116.19;
#86:
>0:38.67,116.12;38.78,115.42;40.17,115.09;
#87:
>0:38.07,116.08;38.57,115.34;39.03,114.98;37.48,114.97;37.71,114.02;
#88:
>0:39.83,114.69;39.22,114.83;39.23,115.57;38.08,115.86;35.29,116.18;
#89:
>0:40.24,116.49;39.56,116.19;
#90:
>0:40.04,116.32;39.92,116.57;
#91:
>0:36.98,114.15;36.71,114.04;35.11,114.03;
#92:
>0:38.61,115.75;38.44,115.69;38.07,114.98;
#93:
>0:37.68,114.36;36.21,114.02;35.24,114.34;
#94:
>0:37.56,115.37;37.95,115.16;37.11,114.52;
#95:
>0:37.51,114.91;35.94,114.66;35.34,114.25;34.19,114.01;
#96:
>0:39.63,116.38;40.02,116.26;
#97:
>0:39.05,115.49;39.09,114.82;38.53,114.39;37.83,114.02;
#98:
>0:34.74,114.56;34.78,114.89;36.18,115.7;37.97,115.62;38.37,116.25;
#99:
>0:34.74,116.1;34.24,115.48;
#100:
>0:40.05,116.42;38.65,115.74;39.62,116.26;
#101:
>0:38.59,115.28;38.41,115.14;40.03,115.13;38.51,114.2;
