#0:
>0:35.41,116.17;36.39,115.39;36.99,115.27;38.34,116.06;39.53,114.85;
#1:
>0:35.0,114.61;36.0,114.82;36.97,115.3;38.78,116.11;
#2:
>0:39.09,114.7;38.35,115.09;37.04,115.38;35.95,116.14;34.79,116.24;
#3:
>0:38.67,116.45;39.18,116.15;40.33,115.72;39.3,114.97;38.36,114.89;
#4:
>0:33.91,114.63;35.18,113.97;
#5:
>0:36.88,114.19;35.72,114.68;34.5,114.13;
#6:
>0:34.47,114.87;35.38,115.63;36.58,114.93;38.3,114.49;38.94,114.55;
#7:
>0:41.04,116.59;39.11,115.9;40.34,115.71;38.56,115.5;38.28,114.92;
#8:
>0:36.25,115.62;37.74,115.66;38.17,114.73;
#9:
>0:37.4,114.48;35.89,114.22;
#10:
>0:38.53,115.61;37.96,115.48;36.27,115.59;
#11:
>0:36.61,114.06;35.79,114.41;35.36,114.87;35.11,115.5;36.03,115.43;35.45,116.58;
#12:
>0:37.9,115.55;38.96,115.94;
#13:
>0:39.55,115.11;39.55,114.97;
#14:
>0:37.79,115.84;38.85,115.61;37.83,115.25;
#15:
>0:34.83,115.57;35.99,115.0;37.7,114.87;37.25,114.86;40.33,115.6;
#16:
>0:35.6,114.36;36.63,115.18;37.91,115.41;38.97,116.1;
#17:
>0:38.23,114.05;39.99,114.17;39.34,114.42;39.55,115.67;
#18:
>0:40.61,116.59;40.37,116.38;
#19:
>0:40.97,116.6;40.88,116.31;
#20:
>0:34.81,115.55;36.83,115.35;35.7,116.57;
#21:
>0:37.06,114.44;35.07,114.51;
#22:
>0:37.34,116.01;35.88,115.56;35.74,114.96;34.63,114.58;34.4,114.18;
#23:
>0:39.57,114.13;38.43,114.83;37.59,114.97;35.85,114.92;35.61,115.17;
#24:
>0:34.96,115.45;34.87,115.38;
#25:
>0:40.92,116.69;40.26,116.64;
#26:
>0:36.37,114.87;38.34,114.79;38.17,114.35;
#27:
>0:37.67,116.43;37.68,115.88;38.81,115.31;38.22,115.06;39.08,114.9;38.04,114.0;
#28:
>0:36.4,116.36;37.76,116.13;38.91,115.52;40.33,115.44;
#29:
>0:39.96,115.36;38.24,115.05;38.09,115.31;36.74,115.28;
#30:
>0:33.6,115.63;35.19,115.25;37.26,114.78;35.93,114.17;
#31:
>0:33.76,116.45;34.83,116.56;36.18,116.35;37.16,116.42;
#32:
>0:35.74,116.47;36.79,115.75;37.86,115.36;38.21,115.25;37.47,115.02;39.12,114.17;
#33:
>0:39.2,115.93;37.34,116.24;
#34:
>0:38.16,114.89;40.36,115.04;38.34,115.12;37.78,115.55;36.74,116.54;
#35:
>0:38.59,115.45;38.71,114.91;36.07,116.11;
#36:
>0:35.41,114.77;34.47,114.93;33.9,115.69;
#37:
>0:35.02,115.95;33.94,115.36;34.55,114.82;
#38:
>0:35.99,116.28;36.67,115.85;35.97,115.35;35.03,114.88;37.66,114.5;36.65,114.18;
#39:
>0:40.94,116.55;38.78,116.19;37.37,116.49;
#40:
>0:38.89,114.05;37.63,114.06;36.15,114.25;36.59,114.68;34.59,114.45;
#41:
>0:34.42,115.32;35.05,115.92;36.63,116.35;
#42:
>0:35.86,116.59;36.84,116.14;34.95,115.31;35.82,114.83;
#43:
>0:38.18,114.85;39.53,114.68;
#44:
>0:38.4,115.22;37.58,115.59;36.3,115.35;
#45:
>0:37.96,114.93;36.84,115.55;35.64,115.96;33.72,116.19;
#46:
>0:35.16,114.08;36.07,114.35;38.41,114.79;39.38,114.78;39.33,114.58;
#47:
>0:36.73,116.22;36.55,115.83;38.4,115.81;
#48:
>0:35.99,116.49;37.55,115.83;38.36,115.56;39.23,115.6;39.93,115.08;39.88,114.14;
#49:
>0:37.12,116.6;37.15,115.85;38.97,115.42;38.6,115.12;39.18,114.78;37.11,114.25;
#50:
>0:33.77,116.41;35.29,115.96;36.8,115.48;36.84,116.03;38.29,115.87;
#51:
>0:34.09,114.91;34.9,115.3;35.96,115.11;37.36,115.42;38.33,115.58;
#52:
>0:40.97,116.1;39.08,115.31;38.51,114.92;37.93,114.95;39.17,114.2;
#53:
>0:40.56,116.38;39.03,115.52;38.87,115.06;38.08,115.26;38.59,113.91;
#54:
>0:36.21,115.66;37.0,115.17;38.72,115.11;40.0,115.26;
#55:
>0:39.46,115.11;38.68,114.89;37.87,114.9;37.81,114.83;
#56:
>0:41.04,116.62;40.67,116.25;37.06,116.15;
#57:
>0:38.82,115.56;37.43,115.72;36.07,116.01;35.93,115.49;33.75,115.64;
#58:
>0:33.78,114.64;34.87,114.05;36.2,114.33;38.16,114.75;37.98,115.02;40.23,113.97;
#59:
>0:40.67,116.73;38.95,115.87;37.05,115.41;36.79,115.26;37.89,114.7;35.9,114.15;
#60:
>0:37.06,115.86;35.92,115.68;35.28,114.95;37.0,114.47;36.27,113.96;
#61:
>0:36.32,114.17;37.96,114.79;35.51,114.98;
#62:
>0:34.28,114.01;34.34,114.61;34.43,115.05;36.33,115.63;
#63:
>0:39.78,114.35;40.01,114.5;37.12,115.08;
#64:
>0:35.55,114.07;33.66,114.42;34.04,115.17;34.1,115.49;
#65:
>0:35.99,116.16;35.02,115.62;33.9,115.02;
#66:
>0:35.12,116.22;36.41,115.76;37.05,115.99;
#67:
>0:35.96,115.12;34.75,115.7;
#68:
>0:37.14,115.74;36.35,115.37;35.34,115.09;33.7,114.57;34.52,114.25;
#69:
>0:34.06,116.48;34.82,115.99;36.94,115.69;36.11,115.89;38.4,115.94;
#70:
>0:38.41,114.32;37.86,114.11;36.6,114.15;35.8,115.01;
#71:
>0:35.74,116.36;34.84,115.8;33.61,115.61;35.48,115.65;35.53,114.43;
#72:
>0:36.12,116.35;36.84,115.92;35.16,115.31;35.5,115.07;
#73:
>0:34.96,114.58;36.72,114.99;37.01,115.33;39.14,115.88;
#74:
>0:38.51,116.63;39.09,115.78;39.48,115.47;39.96,115.21;38.38,114.79;
#75:
>0:36.68,115.18;37.95,115.39;39.09,116.06;40.91,116.45;
#76:
>0:37.35,115.13;36.42,115.64;34.82,115.37;34.38,115.42;
#77:
>0:36.95,114.49;37.82,114.97;
#78:
>0:33.58,114.39;34.72,114.62;36.76,114.11;
#79:
>0:40.11,116.53;40.23,116.49;
#80:
>0:38.66,114.59;37.81,115.01;39.62,115.32;
#81:
>0:40.21,114.1;39.83,114.42;38.78,115.16;38.26,115.57;
#82:
>0:34.95,114.64;36.87,114.89;37.59,115.58;38.42,116.09;
#83:
>0:37.47,115.9;38.74,115.7;38.9,115.2;37.88,115.1;38.58,114.04;
#84:
>0:38.38,116.49;37.67,115.8;37.85,115.6;37.01,114.92;37.22,114.58;
#85:
>0:35.91,116.01;34.85,115.51;36.87,115.21;35.54,114.76;33.88,114.07;
#86:
>0:37.42,114.78;37.19,114.96;39.04,115.35;
#87:
>0:39.85,115.35;38.27,114.92;37.03,114.99;36.25,115.25;
#88:
>0:40.34,116.65;38.77,115.76;40.27,116.64;39.04,116.12;40.98,116.53;38.99,115.92;37.99,115.49;35.93,116.14;35.94,115.54;35.76,115.24;36.89,114.75;35.17,114.35;34.16,114.14;
#89:
>0:37.86,114.0;38.24,114.6;37.44,115.17;38.91,114.83;37.88,115.58;34.86,116.34;
#90:
>0:38.83,114.97;38.44,115.24;37.37,115.66;40.66,116.33;
#91:
>0:37.48,114.84;35.87,115.62;35.75,115.69;33.86,115.59;
#92:
>0:39.09,114.65;38.85,115.16;37.17,115.7;36.92,116.18;36.14,116.51;
#93:
>0:40.0,114.63;39.49,114.06;
#94:
>0:34.82,114.36;36.7,114.32;38.06,115.04;38.58,114.88;
#95:
>0:37.27,114.05;37.26,114.73;37.63,114.99;39.25,115.34;
#96:
>0:38.65,115.72;37.68,115.14;35.94,115.08;
#97:
>0:40.08,114.58;39.26,115.13;
#98:
>0:34.96,114.11;37.78,114.76;37.36,115.13;38.21,115.56;
#99:
>0:35.79,114.51;34.25,115.12;33.88,115.55;
#100:
>0:34.9,114.51;34.82,114.45;
#101:
>0:37.63,116.01;36.39,115.48;35.98,114.96;37.69,114.77;
