#0:
>0:36.86,114.93;36.97,114.68;36.61,114.09;
#1:
>0:40.41,116.4;40.35,116.57;
#2:
>0:37.31,114.58;37.26,114.0;39.34,114.41;
#3:
>0:37.93,116.25;38.38,115.98;39.42,115.56;40.36,114.88;
#4:
>0:36.99,116.55;36.2,116.34;35.54,116.48;33.61,116.61;
#5:
>0:36.37,115.59;36.08,116.1;38.06,115.39;40.35,115.62;
#6:
>0:36.14,115.29;37.59,114.9;37.8,114.62;
#7:
>0:40.26,114.99;39.66,115.41;38.75,116.16;37.19,116.51;34.79,115.43;
#8:
>0:39.84,114.0;38.98,114.05;
#9:
>0:38.62,114.64;37.5,114.93;
#10:
>0:37.89,114.15;36.31,114.46;35.74,115.26;
#11:
>0:40.9,116.38;40.02,116.21;
#12:
>0:33.78,114.92;35.18,115.59;36.74,115.4;37.56,115.55;
#13:
>0:40.27,116.31;40.61,116.58;
#14:
>0:37.64,113.98;39.09,114.71;39.98,115.0;39.79,115.52;37.49,116.03;
#15:
>0:36.78,115.6;37.32,115.81;
#16:
>0:36.85,114.05;37.26,114.2;38.19,114.58;38.9,115.13;39.29,115.79;
#17:
>0:38.11,114.68;37.65,115.14;36.03,115.47;34.73,115.85;34.43,116.48;
#18:
>0:40.82,116.35;38.23,116.05;37.91,115.52;36.78,114.86;
#19:
>0:34.52,116.2;33.62,115.78;35.26,115.42;35.66,114.83;
#20:
>0:34.76,116.42;36.78,115.76;37.6,115.34;38.99,114.83;37.14,114.66;
#21:
>0:40.28,114.16;38.55,114.71;39.78,115.13;39.75,115.5;39.6,116.17;
#22:
>0:37.6,114.96;36.44,114.54;35.42,114.53;
#23:
>0:34.86,114.32;34.18,114.77;33.62,115.17;35.63,115.42;34.13,115.91;
#24:
>0:34.79,114.46;36.05,115.1;37.08,114.91;38.16,115.72;38.06,116.58;
#25:
>0:37.62,116.13;39.07,115.48;40.27,115.34;38.86,114.94;38.89,114.01;
#26:
>0:37.65,115.27;37.52,114.46;
#27:
>0:38.61,115.37;39.93,115.38;38.93,115.25;39.9,113.96;
#28:
>0:35.73,114.05;34.5,114.56;34.96,114.93;35.13,115.44;
#29:
>0:35.78,114.76;33.58,114.86;
#30:
>0:37.03,114.64;37.02,114.97;37.31,115.67;
#31:
>0:37.68,114.27;38.04,114.79;38.91,114.61;39.49,114.9;38.31,116.0;
#32:
>0:39.46,115.3;38.5,114.84;40.21,114.63;
#33:
>0:38.64,115.9;37.52,116.19;36.41,116.42;
#34:
>0:36.08,115.5;37.49,116.03;
#35:
>0:35.89,114.11;37.23,114.2;38.48,114.53;38.73,115.26;39.84,115.73;
#36:
>0:37.91,114.78;38.93,114.49;39.68,115.49;
#37:
>0:33.81,115.07;34.79,115.58;36.32,115.7;36.06,116.01;37.39,115.28;40.16,116.0;
#38:
>0:33.76,115.42;35.64,115.34;36.33,115.26;
#39:
>0:33.58,115.52;34.84,115.3;35.9,115.65;36.85,115.81;37.56,115.33;40.23,114.68;
#40:
>0:33.92,113.96;35.59,114.75;36.9,114.84;37.45,115.61;
#41:
>0:37.8,114.63;35.97,114.51;35.25,114.33;34.21,115.26;
#42:
>0:40.88,116.52;40.12,116.25;
#43:
>0:34.74,114.36;35.21,114.7;
#44:
>0:37.37,115.86;38.5,115.58;40.36,115.58;
#45:
>0:40.08,116.59;40.39,116.23;
#46:
>0:34.54,115.45;35.15,115.17;36.08,114.83;37.27,113.92;
#47:
>0:36.97,114.17;37.56,114.72;
#48:
>0:38.27,115.33;37.65,115.82;
#49:
>0:39.27,115.37;39.12,114.86;38.2,114.75;37.68,114.53;35.45,113.94;
#50:
>0:37.13,116.33;36.76,116.33;35.41,116.34;34.61,116.23;
#51:
>0:37.34,116.11;39.15,115.73;
#52:
>0:38.89,116.09;37.53,116.2;
#53:
>0:37.19,114.44;38.3,114.68;39.93,115.5;
#54:
>0:38.08,115.12;38.16,115.27;38.46,116.08;
#55:
>0:38.48,114.96;38.6,114.73;38.61,114.05;
#56:
>0:34.64,114.97;35.23,115.68;36.55,115.65;36.16,115.88;36.98,115.39;40.07,115.39;
#57:
>0:37.82,115.47;37.83,115.83;37.43,116.26;
#58:
>0:39.31,115.46;39.62,115.83;
#59:
>0:40.69,116.34;40.44,116.24;
#60:
>0:38.86,114.32;37.74,114.59;36.57,114.58;36.79,114.82;34.38,115.63;
#61:
>0:39.45,116.08;39.05,116.09;37.8,116.42;36.67,116.05;36.03,115.47;34.45,115.61;
#62:
>0:33.65,115.52;34.74,115.08;36.87,114.97;
#63:
>0:39.44,114.67;38.12,114.4;37.93,114.45;36.18,114.63;34.88,115.0;
#64:
>0:38.81,115.1;38.64,114.71;37.63,114.03;35.91,113.96;34.53,114.02;
#65:
>0:34.25,114.07;33.91,114.38;34.01,115.06;34.26,115.69;
#66:
>0:38.96,114.62;37.88,115.06;36.06,115.51;
#67:
>0:36.19,113.99;36.97,114.64;36.02,114.44;36.67,115.51;
#68:
>0:35.65,114.62;36.57,114.59;37.99,114.78;
#69:
>0:37.75,115.72;39.22,115.86;36.56,116.56;
#70:
>0:40.85,116.27;38.49,116.07;37.81,116.48;36.37,115.98;34.98,115.29;34.22,116.0;
#71:
>0:40.01,116.46;40.2,116.25;
#72:
>0:38.16,115.48;39.82,115.29;39.69,114.37;
#73:
>0:33.87,113.95;34.86,114.59;36.53,114.8;37.65,113.91;
#74:
>0:39.93,114.08;39.08,114.39;38.09,114.96;36.69,115.45;35.52,116.11;
#75:
>0:40.73,116.3;39.92,116.81;
#76:
>0:37.94,114.3;37.45,114.64;35.66,114.19;
#77:
>0:40.19,116.45;39.86,116.85;
#78:
>0:39.91,115.44;39.02,116.15;
#79:
>0:40.67,116.86;40.56,116.77;
#80:
>0:35.43,114.7;35.02,114.85;
#81:
>0:34.73,115.42;33.97,115.02;
#82:
>0:39.25,116.04;40.77,116.22;37.2,116.12;
#83:
>0:39.88,114.79;38.32,115.15;38.95,115.53;38.29,115.79;
#84:
>0:40.25,116.35;40.0,116.46;
#85:
>0:35.5,116.39;36.23,115.86;37.24,115.42;38.99,115.19;37.52,114.51;
#86:
>0:35.96,114.03;37.54,114.02;39.09,114.37;39.84,114.98;39.84,115.37;37.64,116.39;
#87:
>0:35.75,115.19;36.85,114.61;
#88:
>0:37.98,116.55;36.27,116.29;35.11,116.52;33.82,116.47;
#89:
>0:40.22,114.65;38.15,114.38;39.79,114.95;38.89,115.77;
#90:
>0:40.57,116.49;40.46,116.44;
#91:
>0:36.03,115.87;37.98,115.72;38.69,114.84;38.69,114.74;36.39,113.97;
#92:
>0:39.87,116.38;39.37,115.9;38.46,115.41;39.47,115.54;38.19,114.89;39.71,114.14;
#93:
>0:37.46,114.77;37.0,114.35;39.91,114.45;
#94:
>0:40.23,116.46;40.66,116.22;
#95:
>0:39.03,115.55;38.72,115.89;36.01,115.81;
#96:
>0:40.75,116.53;40.7,116.6;
#97:
>0:39.14,115.07;37.85,115.41;37.99,115.77;35.55,116.32;
#98:
>0:39.84,116.19;40.1,116.78;
#99:
>0:37.75,115.06;36.76,115.61;36.17,115.86;
#100:
>0:40.25,115.89;39.1,115.44;40.12,115.37;39.19,114.89;38.29,114.15;
#101:
>0:40.64,116.41;39.64,115.94;38.65,116.6;40.9,116.58;38.44,115.96;37.07,116.17;38.11,115.49;39.56,115.46;38.75,115.24;38.43,114.59;36.98,114.59;36.8,114.59;34.19,114.18;
