#0:
>0:32.59,115.85;33.38,115.96;
#1:
>0:36.32,117.74;36.58,117.16;36.51,117.06;35.45,116.08;
#2:
>0:35.29,116.04;35.5,116.16;35.7,116.6;
#3:
>0:38.82,118.73;37.62,117.92;38.35,118.78;36.68,117.86;33.75,118.79;
#4:
>0:35.48,118.69;35.32,118.24;33.84,118.51;
#5:
>0:38.29,118.68;35.97,117.95;36.12,117.17;36.1,116.64;
#6:
>0:36.56,116.5;35.54,116.65;38.57,116.76;
#7:
>0:31.74,116.45;33.1,117.0;
#8:
>0:30.95,116.32;32.42,117.3;
#9:
>0:31.21,118.47;32.21,118.02;33.28,117.52;33.98,116.88;32.76,116.91;35.27,115.59;
#10:
>0:38.59,118.2;37.59,117.15;37.03,118.0;34.62,117.25;
#11:
>0:36.27,118.55;35.37,117.8;33.65,117.57;
#12:
>0:37.48,117.23;38.21,118.22;36.05,117.48;33.52,117.26;
#13:
>0:39.42,117.24;37.62,117.87;38.4,118.78;35.73,118.13;33.41,117.59;
#14:
>0:31.34,116.48;33.1,117.49;33.17,117.38;33.63,118.07;32.85,118.55;
#15:
>0:33.05,116.81;32.99,115.58;34.9,115.74;38.72,116.03;
#16:
>0:33.63,117.39;31.89,117.6;
#17:
>0:36.68,116.74;36.69,116.48;35.37,117.12;32.3,117.28;
#18:
>0:32.34,117.78;32.86,117.47;31.89,117.42;32.56,117.26;36.02,115.67;
#19:
>0:31.27,117.92;31.8,118.14;
#20:
>0:31.11,116.02;32.08,116.38;
#21:
>0:33.93,118.68;36.07,118.46;38.16,117.76;39.53,117.68;
#22:
>0:36.6,118.26;37.45,117.88;38.87,117.36;
#23:
>0:39.49,116.64;40.69,116.38;
#24:
>0:33.07,115.54;34.34,115.85;36.2,116.55;36.6,116.89;34.19,117.52;31.25,118.78;
#25:
>0:31.21,116.08;32.53,117.27;
#26:
>0:37.46,115.98;35.54,116.53;37.11,116.1;38.21,116.73;35.84,117.62;33.98,118.54;
#27:
>0:33.49,116.7;34.32,116.27;31.42,115.68;
#28:
>0:36.4,117.55;34.33,116.61;
#29:
>0:37.87,116.13;37.94,116.41;39.1,116.69;39.03,117.2;38.0,117.85;
#30:
>0:33.94,117.38;36.0,118.15;37.04,117.7;38.53,118.34;
#31:
>0:32.16,116.48;33.86,116.59;33.94,116.42;36.52,116.57;37.93,116.27;41.03,116.8;
#32:
>0:40.6,116.36;40.97,116.79;
#33:
>0:38.45,117.63;38.05,116.97;
#34:
>0:38.55,116.02;35.64,116.31;38.01,116.1;37.97,116.92;36.12,117.61;34.8,118.64;
#35:
>0:39.58,118.37;37.87,118.15;37.37,118.46;36.25,117.87;33.01,117.31;
#36:
>0:36.38,117.45;35.38,117.01;33.38,117.07;31.31,117.91;
#37:
>0:36.12,115.91;35.61,116.13;37.56,116.08;37.47,116.91;35.68,117.23;36.07,118.68;
#38:
>0:33.81,117.2;34.49,116.58;35.34,116.0;
#39:
>0:35.34,116.04;35.49,116.41;34.77,116.95;35.29,117.25;32.73,118.16;33.33,118.41;
#40:
>0:34.32,116.86;36.61,117.63;35.8,117.93;36.58,118.33;
#41:
>0:36.5,117.33;37.53,117.94;39.37,118.33;
#42:
>0:32.61,118.67;34.31,117.89;36.34,117.31;38.19,118.21;
#43:
>0:38.49,115.86;39.96,116.01;
#44:
>0:33.25,116.03;35.37,115.81;
#45:
>0:38.81,117.22;38.22,116.61;36.59,116.09;35.03,115.96;32.56,116.72;
#46:
>0:31.12,116.46;33.5,116.61;35.27,115.93;
#47:
>0:33.87,118.21;33.95,117.61;
#48:
>0:30.93,115.66;32.7,116.24;34.68,116.99;36.7,117.25;35.96,117.99;38.12,118.29;
#49:
>0:39.26,116.85;37.54,116.09;36.61,116.47;35.14,116.59;
#50:
>0:39.9,116.58;38.41,116.96;
#51:
>0:31.22,118.11;31.1,118.23;
#52:
>0:35.69,118.69;34.07,117.95;36.46,117.4;35.1,116.9;32.65,116.99;33.23,115.61;
#53:
>0:34.21,115.72;36.83,116.2;37.29,116.4;36.12,117.27;
#54:
>0:32.69,117.31;32.89,117.62;
#55:
>0:36.42,117.07;37.52,116.22;
#56:
>0:32.48,118.48;35.22,117.83;36.7,118.27;37.1,118.2;39.08,118.55;
#57:
>0:37.83,117.65;38.03,116.83;
#58:
>0:38.19,115.69;36.71,116.16;34.78,115.97;33.2,116.57;
#59:
>0:38.07,115.9;36.87,115.61;35.25,115.76;34.77,116.07;31.04,115.53;
#60:
>0:31.67,116.45;33.15,117.27;
#61:
>0:37.73,117.82;37.82,118.54;36.82,118.04;33.51,117.97;
#62:
>0:32.57,118.42;32.98,118.1;
#63:
>0:33.89,117.75;33.53,117.5;
#64:
>0:38.44,116.84;36.47,116.34;34.04,116.13;
#65:
>0:33.78,118.22;34.37,117.69;36.21,117.11;37.53,116.41;39.32,115.87;
#66:
>0:40.99,116.85;39.94,116.59;
#67:
>0:36.77,117.47;35.34,117.0;33.77,117.0;31.63,118.16;
#68:
>0:40.81,116.44;40.53,116.83;
#69:
>0:32.82,118.68;32.09,118.77;31.38,118.15;32.93,117.34;32.03,116.51;
#70:
>0:38.48,115.67;35.85,116.46;34.63,116.95;
#71:
>0:35.66,118.36;36.44,118.12;
#72:
>0:35.6,117.5;34.55,117.09;
#73:
>0:40.02,116.72;37.62,116.14;36.18,116.87;36.69,116.55;35.11,116.91;31.26,117.29;
#74:
>0:34.5,118.39;36.08,118.04;37.87,117.21;39.85,118.37;
#75:
>0:37.23,118.43;36.3,118.16;34.19,117.35;34.08,116.7;33.88,117.01;33.56,115.65;
#76:
>0:37.79,117.85;35.97,117.31;35.3,117.4;32.72,116.84;
#77:
>0:32.4,117.72;33.97,117.06;36.1,116.13;
#78:
>0:31.48,115.93;33.45,117.01;31.58,116.46;32.47,117.59;32.6,117.33;31.03,118.25;
#79:
>0:33.12,116.78;35.42,116.12;
#80:
>0:35.35,118.58;35.73,118.46;38.07,117.89;39.43,118.58;
#81:
>0:34.88,115.62;35.26,116.35;35.42,116.96;35.41,117.16;32.64,118.03;33.31,118.25;
#82:
>0:32.16,116.22;32.57,116.23;
#83:
>0:34.79,116.01;36.28,116.19;37.03,116.43;37.77,116.77;35.47,117.17;34.76,118.67;
#84:
>0:32.8,117.52;31.76,117.23;33.39,116.84;36.84,115.79;
#85:
>0:39.84,115.5;41.28,116.49;37.74,116.62;36.59,117.5;34.01,117.25;31.18,118.45;
#86:
>0:38.81,117.9;37.99,117.65;35.96,117.52;
#87:
>0:32.31,117.21;33.19,116.52;32.55,115.79;34.68,115.51;38.06,115.81;
#88:
>0:31.01,116.47;31.93,117.59;34.72,117.26;
#89:
>0:33.82,117.44;32.63,117.16;
#90:
>0:37.72,116.74;41.1,116.56;
#91:
>0:31.73,118.31;33.63,118.71;35.07,117.91;35.83,117.32;38.44,117.82;39.71,117.95;
#92:
>0:32.78,118.63;32.57,118.19;33.0,117.64;35.1,116.86;33.51,116.88;33.39,115.89;
#93:
>0:34.26,115.73;36.33,116.28;37.59,116.51;35.63,117.2;
#94:
>0:34.74,116.19;34.24,116.91;31.8,117.56;
#95:
>0:40.4,116.44;40.56,116.81;
#96:
>0:31.13,117.62;33.77,116.95;34.07,116.23;36.2,116.03;
#97:
>0:34.17,116.22;34.42,116.64;35.07,117.41;33.53,117.34;32.15,118.63;
#98:
>0:38.72,116.04;41.07,116.89;37.34,116.62;34.03,117.08;
#99:
>0:33.89,117.13;34.12,116.16;35.77,115.96;37.66,115.82;38.55,115.77;
#100:
>0:36.8,118.07;36.33,117.62;36.6,116.63;
#101:
>0:35.15,117.19;35.46,116.87;37.51,116.96;
