#0:
>0:40.29,122.08;40.36,117.79;
#1:
>0:41.04,101.79;40.72,112.54;37.55,117.76;37.13,124.15;
#2:
>0:36.22,102.74;37.18,98.44;36.77,93.98;
#3:
>0:41.09,116.4;39.95,117.48;
#4:
>0:39.09,113.47;37.71,123.43;34.68,116.42;
#5:
>0:41.45,117.76;39.77,117.84;
#6:
>0:36.13,100.52;38.17,97.6;39.64,100.35;40.91,97.8;
#7:
>0:40.88,119.61;40.62,118.6;
#8:
>0:35.4,119.26;37.08,115.89;37.85,110.93;37.86,105.24;39.19,96.08;38.4,94.53;
#9:
>0:40.93,119.92;40.37,121.78;
#10:
>0:41.09,121.16;40.1,118.63;
#11:
>0:39.78,112.14;37.84,114.24;
#12:
>0:40.93,121.12;40.17,120.96;
#13:
>0:35.61,109.86;37.51,101.79;36.57,109.61;41.09,118.04;
#14:
>0:38.11,91.66;36.03,98.46;36.71,101.4;
#15:
>0:42.3,100.1;39.35,106.06;38.97,111.81;37.9,117.45;
#16:
>0:41.53,102.03;39.52,100.28;37.6,90.81;37.42,89.29;
#17:
>0:40.13,107.88;37.93,111.4;38.13,101.44;38.17,89.09;
#18:
>0:35.03,117.48;34.53,109.83;
#19:
>0:38.88,116.59;36.66,108.58;35.78,104.61;
#20:
>0:42.23,120.42;40.45,118.71;38.84,107.86;37.04,103.02;35.33,95.96;
#21:
>0:37.07,120.44;38.72,118.49;38.28,111.0;42.17,104.17;
#22:
>0:42.0,100.17;39.87,101.54;38.56,106.99;36.25,103.74;34.87,105.29;
#23:
>0:34.71,117.21;36.25,110.41;38.99,115.15;38.84,119.86;39.85,121.1;42.94,110.34;
#24:
>0:41.21,120.15;40.65,121.8;37.63,109.27;37.17,102.06;
#25:
>0:41.07,124.46;41.02,116.21;40.18,123.87;37.39,118.69;
#26:
>0:34.56,98.63;36.95,94.39;38.61,99.22;39.22,100.46;41.94,98.15;43.04,93.04;
#27:
>0:36.46,102.25;36.58,102.32;
#28:
>0:39.88,119.53;40.0,118.79;
#29:
>0:40.39,117.33;40.67,118.59;
#30:
>0:38.05,90.68;36.72,95.62;34.39,102.7;35.31,109.44;34.93,116.68;35.3,120.49;
#31:
>0:35.52,122.07;36.82,119.21;36.61,111.23;37.95,116.39;40.98,115.1;
#32:
>0:35.58,117.89;35.85,110.08;36.78,104.85;38.0,101.47;41.45,95.33;
#33:
>0:38.07,104.89;36.77,105.74;
#34:
>0:40.04,118.79;39.66,116.81;
#35:
>0:38.06,101.59;39.99,99.55;39.42,106.38;42.49,95.41;
#36:
>0:36.25,105.04;38.71,105.46;
#37:
>0:38.88,102.12;37.77,110.56;36.97,111.78;38.92,124.97;
#38:
>0:42.28,113.1;41.87,113.64;
#39:
>0:38.44,124.05;37.38,116.3;34.48,116.35;36.29,101.63;
#40:
>0:41.05,102.11;39.67,112.06;38.56,119.01;
#41:
>0:41.45,124.99;42.62,115.39;
#42:
>0:40.66,120.5;40.5,119.79;
#43:
>0:37.03,101.28;39.04,102.57;39.69,98.49;40.95,95.32;
#44:
>0:40.66,118.58;41.1,116.46;
#45:
>0:40.39,120.01;39.27,120.3;
#46:
>0:40.99,121.06;40.51,118.52;
#47:
>0:40.24,123.3;41.97,117.62;42.12,107.32;39.48,101.95;38.75,106.06;39.91,90.63;
#48:
>0:40.48,112.13;41.48,118.21;41.85,120.98;
#49:
>0:39.28,118.27;40.43,118.57;
#50:
>0:39.32,117.91;41.14,119.41;
#51:
>0:35.56,105.38;34.62,110.59;38.95,101.62;
#52:
>0:36.91,109.94;38.09,108.59;37.86,104.2;41.58,97.27;
#53:
>0:39.64,100.56;41.48,96.67;
#54:
>0:43.2,90.73;40.87,98.86;43.72,100.14;43.24,106.33;41.53,112.96;41.57,120.89;
#55:
>0:35.76,91.83;36.8,93.16;38.56,95.39;
#56:
>0:41.3,119.34;40.36,118.98;
#57:
>0:34.6,108.48;37.37,106.09;38.74,106.54;39.81,94.13;
#58:
>0:40.35,121.78;39.84,117.67;
#59:
>0:40.85,103.94;39.37,110.83;38.06,118.19;
#60:
>0:41.5,121.9;40.32,116.77;
#61:
>0:43.9,109.21;41.44,104.4;
#62:
>0:39.56,121.85;40.07,120.36;
#63:
>0:38.22,92.58;38.08,95.75;39.02,101.91;
#64:
>0:41.32,101.32;40.29,99.22;
#65:
>0:39.95,120.0;40.63,121.47;
#66:
>0:39.26,119.92;40.52,120.49;
#67:
>0:36.37,92.43;38.1,97.19;40.27,99.15;42.16,108.97;
#68:
>0:38.64,104.92;40.24,98.09;40.88,98.94;42.91,95.63;
#69:
>0:39.88,111.97;39.02,118.53;36.73,123.57;35.02,123.53;
#70:
>0:40.69,120.05;40.68,119.51;
#71:
>0:37.31,100.2;35.95,89.88;
#72:
>0:40.97,120.28;40.35,116.78;
#73:
>0:37.46,101.29;36.37,106.13;
#74:
>0:40.97,119.34;41.03,121.66;
#75:
>0:40.39,119.47;38.06,111.11;37.07,102.49;
#76:
>0:40.48,117.83;39.25,119.04;
#77:
>0:38.04,101.11;37.59,109.87;38.72,113.96;
#78:
>0:36.52,98.95;38.79,102.55;39.27,106.44;
#79:
>0:41.3,101.99;41.72,111.21;40.13,104.33;37.43,104.59;
#80:
>0:41.29,117.14;39.85,117.37;
#81:
>0:41.34,113.62;40.84,108.58;41.77,107.04;
#82:
>0:40.74,120.31;41.43,119.86;
#83:
>0:40.67,119.76;41.45,116.6;
#84:
>0:40.45,121.5;39.54,120.47;
#85:
>0:43.82,98.87;42.14,99.11;
#86:
>0:39.33,119.08;40.6,121.42;
#87:
>0:37.47,97.99;35.2,101.7;
#88:
>0:40.67,108.75;38.37,113.46;
#89:
>0:36.6,100.29;37.69,102.41;40.51,112.03;
#90:
>0:41.25,117.09;41.21,122.14;
#91:
>0:39.42,116.97;40.13,117.4;
#92:
>0:39.22,117.7;39.14,124.89;36.44,122.89;35.56,124.04;
#93:
>0:40.91,120.29;39.27,116.85;
#94:
>0:40.11,121.72;41.0,118.4;
#95:
>0:37.88,102.51;39.64,97.17;41.21,96.85;
#96:
>0:40.11,121.4;40.15,121.42;
#97:
>0:39.23,100.13;40.34,105.17;38.66,109.16;
#98:
>0:41.87,115.21;43.82,117.04;
#99:
>0:41.73,123.0;40.89,119.83;
#100:
>0:40.3,118.05;40.51,120.68;
#101:
>0:42.58,101.79;41.35,97.28;40.42,100.26;
#102:
>0:43.45,106.26;42.24,108.68;42.65,118.17;43.66,121.8;
#103:
>0:36.59,97.42;35.57,89.38;
#104:
>0:40.03,105.49;38.21,96.79;
#105:
>0:39.17,98.26;40.71,103.02;39.71,108.6;40.74,120.36;
#106:
>0:35.18,106.33;34.49,102.86;
#107:
>0:39.98,116.88;40.74,117.12;
#108:
>0:40.21,117.07;40.5,117.63;
#109:
>0:40.16,118.9;40.07,117.5;
#110:
>0:36.17,107.72;38.41,107.1;38.63,104.6;41.16,98.2;
#111:
>0:41.77,105.01;41.77,111.76;41.81,114.81;38.06,124.45;
#112:
>0:36.52,122.68;38.33,114.98;40.37,118.72;41.16,112.06;
#113:
>0:40.65,119.59;40.23,118.66;
#114:
>0:38.1,119.02;37.48,110.85;35.37,102.83;
#115:
>0:38.83,95.23;40.24,97.29;41.89,97.24;43.88,90.26;
#116:
>0:35.11,114.16;34.6,111.96;36.29,116.85;38.62,110.31;41.87,103.82;
#117:
>0:35.5,114.92;35.73,111.2;36.31,104.82;38.08,103.52;42.03,95.6;
#118:
>0:39.39,103.09;38.29,108.1;
#119:
>0:43.52,108.41;41.39,109.22;40.17,104.51;40.96,91.8;
#120:
>0:34.42,114.67;36.18,111.83;39.05,116.16;38.48,120.72;40.14,124.69;42.74,112.72;
#121:
>0:40.95,106.69;40.58,107.47;37.93,114.61;
#122:
>0:42.62,107.66;42.06,108.84;39.52,102.68;38.16,89.03;
#123:
>0:35.69,94.08;37.02,98.59;38.09,102.63;39.36,111.03;38.84,113.7;39.5,122.13;
#124:
>0:34.54,111.62;37.49,101.12;37.76,116.01;
#125:
>0:39.27,111.56;37.74,117.43;
#126:
>0:39.95,118.1;40.19,120.99;
#127:
>0:39.52,91.11;38.62,93.03;38.1,100.75;35.55,95.88;
#128:
>0:41.28,121.84;40.96,121.57;
#129:
>0:35.43,117.68;35.35,111.11;
#130:
>0:38.27,91.31;36.12,99.35;34.46,102.16;35.08,111.15;34.93,118.4;35.83,125.04;
#131:
>0:39.94,116.72;40.67,120.76;
#132:
>0:43.62,118.64;41.57,121.32;41.82,116.8;38.63,123.81;
#133:
>0:40.74,118.29;41.42,120.09;
#134:
>0:38.7,117.04;38.14,125.02;34.81,118.08;
#135:
>0:40.88,118.38;40.88,118.92;
#136:
>0:37.28,116.31;37.22,110.6;38.2,109.26;38.02,98.59;
#137:
>0:36.82,119.52;38.27,115.89;38.75,109.57;41.27,110.17;
#138:
>0:42.05,115.32;42.14,108.85;39.18,104.78;36.28,95.39;
#139:
>0:36.71,97.34;35.43,92.13;
#140:
>0:40.42,119.37;39.25,120.93;
#141:
>0:38.73,90.77;37.68,98.94;39.5,97.1;41.61,111.96;
#142:
>0:40.65,116.46;40.19,119.55;
#143:
>0:38.17,109.99;38.53,110.91;
#144:
>0:42.08,121.91;41.11,117.41;42.28,109.36;39.73,103.35;41.49,98.71;42.35,90.91;
#145:
>0:41.2,111.49;39.54,103.67;38.99,117.09;
#146:
>0:40.75,119.02;40.21,117.83;
#147:
>0:41.82,115.2;41.39,118.81;37.71,110.39;38.03,102.5;38.5,93.71;
#148:
>0:40.08,118.58;40.54,117.21;
#149:
>0:39.04,90.97;38.71,95.07;35.18,89.14;
#150:
>0:38.19,115.2;36.11,107.32;34.84,102.6;
#151:
>0:36.77,95.79;35.09,93.37;
#152:
>0:43.89,119.86;41.71,117.18;41.58,108.65;39.6,105.42;38.77,100.37;35.19,102.6;
#153:
>0:35.77,102.96;37.23,101.16;36.88,111.91;36.2,124.7;
#154:
>0:43.69,104.57;41.0,113.14;43.46,117.33;42.93,123.78;
#155:
>0:41.52,118.11;39.5,116.68;
#156:
>0:40.12,121.73;41.09,119.5;
#157:
>0:39.61,109.42;39.37,118.08;43.91,112.75;
#158:
>0:38.61,96.47;39.7,103.46;41.41,108.94;42.44,110.95;
#159:
>0:41.39,119.12;41.09,121.68;
#160:
>0:40.48,117.43;37.62,115.22;37.29,118.89;
#161:
>0:40.94,121.68;40.12,119.19;
#162:
>0:36.07,104.05;34.99,112.53;34.51,114.42;
#163:
>0:43.48,113.95;42.39,114.28;
#164:
>0:41.48,114.61;42.87,113.92;
#165:
>0:40.0,121.7;39.3,120.14;
#166:
>0:37.89,103.28;39.62,96.36;42.17,95.37;
#167:
>0:38.29,94.33;39.18,91.12;
#168:
>0:42.47,97.47;43.19,103.05;41.69,110.58;40.52,106.97;37.76,95.43;34.46,95.57;
#169:
>0:40.05,116.24;40.16,120.56;
#170:
>0:40.04,90.95;39.25,90.72;
#171:
>0:39.02,96.31;40.31,100.07;40.26,102.6;41.69,110.46;41.94,122.26;
#172:
>0:34.76,110.35;35.12,118.03;36.99,108.13;39.45,107.44;
#173:
>0:43.63,117.28;43.24,114.67;
#174:
>0:40.18,116.78;40.78,118.65;
#175:
>0:39.88,93.6;40.04,100.18;40.65,106.67;39.57,107.51;41.46,118.0;
#176:
>0:39.83,89.62;39.51,92.65;
#177:
>0:35.54,105.33;34.39,107.78;35.99,106.9;38.94,102.9;39.73,97.22;42.85,100.12;
#178:
>0:41.14,122.08;40.94,117.44;
#179:
>0:40.85,121.71;41.44,120.71;
#180:
>0:34.93,91.81;36.77,89.73;38.59,96.57;39.77,94.37;
#181:
>0:34.51,108.06;36.31,117.53;37.97,107.64;40.23,100.4;
#182:
>0:39.86,89.39;38.68,91.8;39.14,97.38;35.59,99.31;
#183:
>0:43.42,109.15;41.81,111.82;39.59,101.56;42.06,93.13;
#184:
>0:36.11,109.27;38.16,116.66;36.53,120.19;
#185:
>0:40.62,116.42;41.39,120.16;
#186:
>0:42.2,114.73;43.36,110.38;41.1,107.68;39.33,105.31;41.58,89.55;
#187:
>0:36.6,91.12;37.95,96.48;39.59,97.21;40.4,101.64;41.36,118.75;
#188:
>0:40.82,120.63;39.6,116.85;38.06,110.62;36.9,105.21;
#189:
>0:37.59,97.02;37.17,102.12;35.93,109.67;
#190:
>0:42.2,94.65;39.55,99.7;38.45,105.3;
#191:
>0:40.78,117.25;40.42,119.68;
#192:
>0:36.45,92.33;39.13,100.73;37.16,104.04;36.3,111.26;40.79,120.4;
#193:
>0:40.91,121.72;39.75,121.0;
#194:
>0:40.72,121.02;41.47,116.36;
#195:
>0:35.64,118.57;34.48,110.2;
#196:
>0:41.18,121.44;40.32,120.91;
#197:
>0:43.63,123.85;42.41,124.86;
#198:
>0:40.99,101.27;41.63,109.57;40.29,104.72;37.92,95.55;34.81,111.76;
#199:
>0:38.94,106.25;38.69,110.23;36.31,112.65;38.75,121.91;
#200:
>0:37.84,123.11;39.64,119.15;42.29,115.36;
#201:
>0:41.18,117.76;40.75,119.82;
#202:
>0:40.09,116.31;40.0,116.41;
#203:
>0:40.98,116.48;40.18,117.72;
#204:
>0:41.96,101.4;39.21,111.63;38.83,113.23;
#205:
>0:34.74,116.49;37.29,112.45;37.82,114.59;37.84,123.87;39.4,123.67;42.7,112.82;
#206:
>0:42.74,97.78;42.59,105.24;
#207:
>0:41.21,115.54;43.71,116.86;
