#0:
>0:39.87,117.45;40.97,116.06;
#1:
>0:37.62,97.31;40.46,106.29;41.72,101.55;
#2:
>0:40.73,123.77;40.74,117.62;42.16,107.95;41.49,105.18;42.76,97.59;
#3:
>0:34.48,102.84;35.83,110.85;35.21,118.49;
#4:
>0:40.42,117.32;40.96,119.95;
#5:
>0:43.46,108.56;41.68,108.82;41.77,102.62;40.6,101.06;36.18,103.92;
#6:
>0:40.87,99.61;42.74,102.12;41.76,107.79;
#7:
>0:38.14,98.14;39.21,104.08;42.0,102.77;
#8:
>0:38.05,101.81;40.37,101.93;37.06,115.82;
#9:
>0:36.92,113.89;37.6,118.54;40.29,109.68;39.48,102.13;41.44,90.98;
#10:
>0:43.71,94.99;41.82,98.81;
#11:
>0:38.73,103.56;38.26,108.72;35.27,102.22;
#12:
>0:35.07,109.0;36.97,105.84;37.07,97.78;
#13:
>0:37.39,91.94;37.09,98.55;36.22,101.27;
#14:
>0:34.65,123.73;37.26,116.54;38.49,107.49;39.67,109.62;
#15:
>0:38.16,111.02;37.71,104.34;38.53,97.75;42.02,90.53;
#16:
>0:37.02,105.24;37.72,102.77;
#17:
>0:39.59,112.44;40.33,106.73;40.05,96.57;36.64,89.22;
#18:
>0:41.15,119.07;40.39,118.94;
#19:
>0:39.5,106.63;38.77,100.21;36.61,90.46;35.42,94.16;
#20:
>0:39.3,90.33;38.92,96.67;36.5,104.03;
#21:
>0:36.74,94.05;38.16,91.18;38.86,97.52;37.22,112.04;
#22:
>0:41.66,106.28;39.35,105.61;38.66,112.8;36.9,111.4;
#23:
>0:38.78,121.16;37.99,115.86;34.54,121.84;
#24:
>0:39.42,104.45;38.46,98.56;36.64,94.53;34.45,91.23;
#25:
>0:43.65,103.6;43.56,108.32;41.33,116.67;40.29,120.22;38.36,116.63;35.68,120.18;
#26:
>0:40.39,119.34;39.81,115.65;
#27:
>0:39.75,116.38;40.77,116.6;
#28:
>0:39.92,116.36;39.88,118.41;
#29:
>0:43.09,90.55;41.25,100.06;43.62,104.03;43.33,108.94;41.58,116.04;
#30:
>0:39.26,122.13;41.07,117.73;42.07,108.84;43.65,104.67;
#31:
>0:40.04,120.08;40.71,117.71;
#32:
>0:40.79,100.18;40.34,97.04;38.54,97.71;37.58,101.67;35.9,116.38;
#33:
>0:40.67,119.84;40.01,116.78;
#34:
>0:41.84,115.81;39.73,108.18;38.86,102.36;37.39,98.1;
#35:
>0:42.44,92.28;42.05,95.28;39.67,97.83;39.01,100.45;38.45,102.39;35.53,118.05;
#36:
>0:40.5,116.99;41.18,115.99;
#37:
>0:40.09,119.79;38.28,121.87;37.87,118.72;35.13,102.68;
#38:
>0:40.52,118.6;40.54,118.61;
#39:
>0:39.6,103.85;37.87,108.15;36.01,112.17;34.76,100.05;
#40:
>0:41.23,116.7;40.33,118.39;
#41:
>0:41.45,107.21;39.36,106.18;38.89,96.57;
#42:
>0:40.97,95.11;40.38,105.62;39.97,112.99;39.95,121.1;
#43:
>0:41.04,119.94;40.18,118.07;
#44:
>0:37.9,101.77;39.6,103.8;40.81,118.55;
#45:
>0:40.84,107.81;41.41,103.34;41.57,98.16;
#46:
>0:40.82,115.25;40.97,119.32;
#47:
>0:43.8,113.08;42.46,101.65;42.83,99.77;43.76,89.93;
#48:
>0:39.72,120.46;39.78,119.95;
#49:
>0:35.75,124.26;37.49,116.11;38.69,115.51;
#50:
>0:35.35,114.74;36.15,109.35;36.6,117.39;40.06,109.15;
#51:
>0:36.8,106.38;34.52,110.58;36.7,104.62;37.54,100.79;37.9,89.1;38.95,99.63;41.13,89.67;
#52:
>0:40.16,89.09;38.68,96.44;37.23,105.33;
#53:
>0:42.83,98.7;42.19,92.98;39.24,100.67;38.39,106.4;
#54:
>0:34.66,102.35;37.55,110.15;36.32,118.3;37.17,119.46;
#55:
>0:40.54,109.27;38.1,102.26;
#56:
>0:40.33,120.45;40.41,118.92;
#57:
>0:35.26,95.05;36.65,106.95;38.63,109.97;38.59,116.68;41.4,124.56;
#58:
>0:40.91,120.65;39.8,115.73;
#59:
>0:39.71,118.56;40.92,117.6;
#60:
>0:36.77,125.27;36.54,113.85;38.52,113.42;40.54,110.13;39.15,102.62;39.43,93.08;
#61:
>0:40.89,93.05;39.43,97.74;37.89,98.98;36.94,111.44;
#62:
>0:40.82,117.29;40.77,118.56;
#63:
>0:35.24,121.32;36.45,119.68;38.72,119.95;39.8,121.69;40.97,121.52;43.15,123.33;
#64:
>0:42.71,105.43;43.12,100.54;43.51,91.28;
#65:
>0:40.7,119.96;40.47,117.79;
#66:
>0:39.42,108.63;39.84,112.32;
#67:
>0:34.96,107.88;37.27,103.04;37.5,97.86;
#68:
>0:43.63,102.9;43.64,97.92;41.28,90.17;
#69:
>0:40.64,120.31;41.07,117.75;
#70:
>0:42.44,101.13;42.46,97.36;43.19,93.82;
#71:
>0:39.52,124.42;38.08,119.9;
#72:
>0:40.47,107.03;38.4,108.05;36.63,107.44;
#73:
>0:40.14,92.92;39.22,96.9;
#74:
>0:42.34,97.94;43.18,91.93;42.09,98.26;38.03,93.89;
#75:
>0:39.76,116.69;40.12,115.81;
#76:
>0:42.78,110.62;41.99,117.14;39.21,109.67;40.09,102.75;36.0,104.64;
#77:
>0:36.86,93.13;37.39,95.54;
#78:
>0:40.7,97.24;40.43,89.8;42.76,102.79;
#79:
>0:42.48,117.6;41.0,118.85;40.01,120.23;
#80:
>0:40.53,118.02;40.22,117.89;
#81:
>0:39.11,117.51;36.72,110.75;37.37,105.96;36.88,95.27;
#82:
>0:41.48,115.78;39.97,107.26;39.53,105.11;41.57,96.04;
#83:
>0:43.83,108.84;41.25,114.63;39.69,120.33;38.8,116.09;
#84:
>0:40.33,117.63;38.91,112.17;36.41,101.8;35.28,99.3;
#85:
>0:37.49,111.91;36.27,114.06;40.17,109.86;
#86:
>0:39.42,91.91;39.93,95.25;
#87:
>0:39.85,103.44;38.81,113.01;38.01,104.44;34.7,103.8;
#88:
>0:42.35,121.06;41.56,118.03;40.4,122.03;37.55,114.52;36.79,110.94;35.04,124.75;
#89:
>0:43.35,107.59;40.77,113.59;39.4,121.95;37.62,124.92;36.74,107.53;
#90:
>0:40.33,119.55;40.76,120.79;
#91:
>0:40.13,96.0;40.21,89.15;42.87,106.44;
#92:
>0:38.88,90.64;40.13,96.74;40.16,106.97;40.27,111.13;
#93:
>0:40.35,120.99;40.32,120.57;
#94:
>0:41.98,112.18;41.07,121.27;39.36,123.47;
#95:
>0:40.78,117.04;40.83,117.65;
#96:
>0:35.51,89.86;36.65,94.58;38.91,93.38;39.89,99.14;41.79,106.93;43.56,108.54;
#97:
>0:42.07,102.9;42.66,105.9;42.41,111.35;40.56,120.82;
#98:
>0:40.98,117.47;40.15,119.21;
#99:
>0:39.91,119.82;39.86,118.3;
#100:
>0:36.15,92.36;37.89,99.45;
#101:
>0:42.2,113.36;41.74,112.21;42.24,104.79;43.35,102.34;43.81,91.77;
#102:
>0:35.06,111.08;37.23,119.15;38.57,120.24;39.26,124.54;41.46,123.46;43.81,121.95;
#103:
>0:36.05,96.55;34.89,105.63;37.15,112.82;36.35,116.35;38.65,123.8;
#104:
>0:40.8,118.74;41.29,107.58;40.73,104.44;40.16,103.6;37.93,94.24;
#105:
>0:35.96,123.16;36.56,116.38;38.27,111.72;40.51,109.9;
#106:
>0:40.09,118.21;41.0,118.11;
#107:
>0:42.61,94.32;42.01,99.7;40.84,92.02;40.51,95.62;38.69,93.46;34.95,103.31;
#108:
>0:40.56,92.58;39.94,98.45;
#109:
>0:39.75,117.12;40.08,116.66;
#110:
>0:41.81,108.43;41.72,104.19;40.38,102.59;38.44,91.59;
#111:
>0:40.88,120.7;40.92,117.73;
#112:
>0:40.74,115.22;41.01,116.84;
#113:
>0:42.06,116.19;40.55,110.24;37.59,101.11;
#114:
>0:38.39,98.67;39.58,97.45;41.68,104.75;43.42,112.39;
#115:
>0:42.5,89.28;43.59,95.09;40.44,97.2;
#116:
>0:42.53,93.7;43.0,100.25;41.25,90.7;40.31,96.84;38.7,99.31;40.15,102.61;38.99,112.19;35.14,106.16;
#117:
>0:37.29,123.48;39.04,117.0;39.84,112.28;40.74,106.21;42.47,96.36;
#118:
>0:41.97,98.11;43.32,101.19;42.2,112.46;
#119:
>0:39.8,119.39;41.28,113.45;40.77,105.02;
#120:
>0:35.18,93.19;37.29,93.98;38.72,90.72;40.29,97.4;41.08,104.01;42.99,110.91;
#121:
>0:41.17,122.42;40.43,119.76;37.64,114.01;36.53,112.02;35.48,96.7;
#122:
>0:43.61,89.92;41.61,99.38;40.37,97.83;38.59,95.52;38.83,105.28;35.0,117.8;
#123:
>0:40.75,116.4;40.39,117.38;
#124:
>0:39.81,120.2;40.57,119.43;
#125:
>0:41.1,118.23;39.99,118.72;
#126:
>0:42.64,122.9;42.23,114.52;40.58,111.96;39.26,107.04;40.47,98.25;38.69,90.7;
#127:
>0:35.85,99.59;35.98,106.95;
#128:
>0:35.3,124.86;37.33,117.69;37.73,118.69;
#129:
>0:39.98,118.99;40.84,117.06;
#130:
>0:37.91,103.78;37.63,96.81;39.72,97.71;43.38,90.8;
#131:
>0:40.74,106.6;41.91,104.96;
#132:
>0:40.82,109.61;42.3,105.85;39.23,101.49;37.67,109.11;35.27,117.77;
#133:
>0:39.45,120.06;40.43,118.59;38.92,112.92;36.07,106.74;34.64,99.92;
#134:
>0:40.97,111.04;39.89,115.75;40.28,120.29;
#135:
>0:37.41,113.49;37.77,111.23;40.26,103.05;39.76,100.32;43.75,91.54;
#136:
>0:37.68,105.53;37.01,108.82;35.31,106.54;
#137:
>0:40.64,118.92;40.11,118.51;
#138:
>0:37.13,90.92;38.25,90.53;35.7,101.53;
#139:
>0:37.6,96.93;40.65,102.66;40.94,101.04;
#140:
>0:43.37,116.5;42.11,110.59;39.61,101.7;37.57,95.62;
#141:
>0:41.07,89.09;39.21,100.93;38.72,100.21;39.1,105.95;37.68,109.51;37.5,124.81;
#142:
>0:41.25,118.16;39.82,116.74;
#143:
>0:41.13,120.17;41.16,117.02;38.18,117.93;
#144:
>0:39.5,120.27;40.02,119.22;37.95,112.13;35.8,103.06;
#145:
>0:41.3,97.67;43.32,102.69;42.51,108.3;41.28,107.87;39.38,122.22;
#146:
>0:35.95,93.34;37.1,99.38;37.89,102.75;39.24,105.48;41.91,116.51;
#147:
>0:40.84,115.18;42.32,113.91;
#148:
>0:40.29,96.91;37.73,97.03;
#149:
>0:42.62,109.29;42.1,117.38;41.96,125.19;38.8,116.35;
#150:
>0:41.06,120.63;39.95,120.48;
#151:
>0:36.34,89.15;39.09,90.02;37.63,97.88;39.72,104.32;36.34,113.78;
#152:
>0:39.21,99.51;38.19,95.84;40.33,105.56;36.66,115.06;
#153:
>0:43.27,106.5;42.02,110.55;
#154:
>0:40.8,111.44;41.28,108.49;
#155:
>0:40.68,115.85;39.84,116.63;
#156:
>0:36.57,98.98;38.27,101.99;39.73,111.26;42.22,117.65;42.8,124.91;
#157:
>0:40.42,94.65;38.13,92.52;38.73,100.37;39.11,108.09;
#158:
>0:37.95,113.64;39.08,116.71;
#159:
>0:37.61,107.3;38.71,108.08;
#160:
>0:39.71,115.52;40.89,116.15;
#161:
>0:40.15,105.15;38.92,107.43;36.01,103.55;35.16,95.37;
#162:
>0:38.03,117.22;37.26,112.32;37.66,106.18;40.38,99.18;
#163:
>0:40.85,120.95;39.81,119.15;
#164:
>0:43.58,117.78;42.26,124.43;
#165:
>0:34.42,107.39;36.69,103.5;38.17,95.41;40.54,94.62;
#166:
>0:43.06,97.11;41.67,106.29;40.42,104.45;38.59,114.79;
#167:
>0:42.67,108.3;41.02,114.24;40.7,113.04;39.82,102.59;37.58,112.44;34.4,123.75;
#168:
>0:42.88,90.17;43.32,98.5;40.98,93.07;39.3,100.5;38.16,96.14;40.43,99.61;38.11,93.44;35.84,101.06;
#169:
>0:39.92,120.81;39.85,120.67;
#170:
>0:42.07,125.13;39.69,119.7;38.76,121.54;38.19,113.21;35.42,104.67;
#171:
>0:40.27,88.99;38.23,93.31;36.95,95.48;34.98,102.53;36.37,115.98;
#172:
>0:40.62,120.75;40.78,116.15;
#173:
>0:40.88,123.9;42.39,115.7;42.4,107.91;42.89,102.1;43.84,96.2;
#174:
>0:40.57,122.76;39.13,120.11;37.76,118.96;40.52,105.2;
#175:
>0:38.09,113.43;36.02,110.53;40.12,102.4;
#176:
>0:40.82,118.02;40.48,118.61;
#177:
>0:37.09,102.64;37.32,100.61;38.19,89.8;39.44,99.17;41.79,90.84;43.37,91.34;41.36,89.43;
#178:
>0:41.76,105.65;40.37,105.02;39.11,106.69;
#179:
>0:43.87,102.85;42.57,99.11;42.98,90.76;
#180:
>0:36.63,95.76;35.19,101.09;37.13,112.52;37.16,115.77;38.06,124.04;
#181:
>0:42.91,109.86;41.37,106.12;39.19,98.59;39.04,89.77;36.21,93.82;35.36,90.37;
#182:
>0:43.88,94.48;40.92,100.88;42.35,105.9;43.2,111.14;41.08,112.92;39.76,120.53;
#183:
>0:37.1,95.49;35.02,93.83;
#184:
>0:38.85,114.65;40.16,107.46;40.14,102.31;41.05,98.76;
#185:
>0:37.11,115.7;35.39,109.88;37.15,102.0;38.92,98.3;
#186:
>0:41.97,96.8;40.43,102.51;40.6,111.32;40.0,118.13;
#187:
>0:41.0,117.65;40.92,116.6;
#188:
>0:41.22,106.3;43.28,102.93;
#189:
>0:39.73,115.21;40.13,118.2;
#190:
>0:43.11,95.62;41.03,101.15;41.69,112.68;
#191:
>0:36.23,103.1;34.98,108.33;
#192:
>0:37.91,101.44;37.59,112.44;35.49,105.88;
#193:
>0:43.81,101.94;42.11,103.18;40.19,105.06;38.13,109.65;36.48,106.17;35.14,98.38;
#194:
>0:43.34,123.91;41.04,117.09;41.78,107.73;41.51,101.79;42.64,106.16;40.77,89.28;
#195:
>0:41.2,120.13;40.88,115.63;
#196:
>0:43.31,89.77;41.06,100.35;39.92,100.72;37.81,96.94;38.68,104.9;35.8,116.56;
#197:
>0:42.71,97.25;43.43,105.78;42.76,107.99;43.61,113.52;
#198:
>0:35.05,104.03;36.69,110.03;37.48,115.28;35.99,124.92;
#199:
>0:38.85,100.5;39.72,101.95;41.75,110.48;43.69,118.98;
#200:
>0:38.55,95.88;39.54,101.11;41.5,107.18;43.24,115.51;
#201:
>0:42.66,112.04;41.43,118.43;39.5,111.05;40.28,105.67;38.45,107.74;35.68,123.09;
#202:
>0:34.37,109.68;36.29,103.8;35.14,106.38;38.28,91.93;
#203:
>0:40.27,117.77;41.01,118.64;41.06,104.49;
#204:
>0:40.98,117.2;40.72,121.2;
#205:
>0:40.54,118.01;40.62,120.49;
#206:
>0:38.73,99.33;38.55,104.71;41.77,112.03;
#207:
>0:43.62,116.59;42.3,114.04;40.45,118.48;
