#0:
>0:34.75,107.51;37.49,96.67;38.69,93.1;40.54,94.43;41.58,92.83;42.42,90.94;
#1:
>0:42.51,93.42;41.02,100.47;43.72,101.44;42.85,112.82;42.14,111.88;37.73,120.41;
#2:
>0:36.75,117.41;37.6,114.8;39.9,120.79;41.14,107.18;42.76,111.92;
#3:
>0:39.06,119.6;40.66,124.12;40.92,117.43;42.44,106.24;
#4:
>0:37.28,109.79;35.45,99.8;
#5:
>0:42.66,101.51;43.55,108.19;
#6:
>0:34.39,119.83;34.84,114.26;34.44,111.37;34.77,105.0;35.47,98.21;35.38,92.3;
#7:
>0:37.01,113.6;36.53,111.89;36.84,105.68;37.5,99.18;
#8:
>0:44.95,124.04;43.44,127.29;
#9:
>0:43.49,126.82;43.29,118.56;42.34,109.11;
#10:
>0:43.24,93.49;40.92,99.83;39.43,104.22;38.54,111.18;
#11:
>0:41.62,101.39;40.36,98.62;
#12:
>0:35.66,122.73;34.74,114.34;35.21,108.96;35.82,108.34;35.69,100.53;35.19,89.47;
#13:
>0:41.15,119.76;40.33,120.02;38.51,122.8;36.87,122.12;35.54,122.48;
#14:
>0:40.0,100.7;41.1,99.72;42.66,106.33;42.1,118.52;
#15:
>0:36.12,93.53;34.96,93.07;35.29,95.55;37.05,105.79;38.59,114.31;
#16:
>0:40.67,119.06;39.94,121.97;
#17:
>0:36.81,113.18;35.79,117.36;
#18:
>0:34.39,122.9;35.27,117.95;34.52,107.88;35.49,109.92;35.09,96.0;34.62,91.19;
#19:
>0:41.91,97.4;40.29,93.89;39.43,105.59;39.44,106.8;35.94,91.69;
#20:
>0:39.64,106.71;39.5,104.19;43.36,105.99;
#21:
>0:41.47,103.98;40.77,96.64;41.23,96.03;
#22:
>0:35.12,124.88;37.38,119.21;37.67,115.89;40.3,121.27;40.81,115.07;43.01,115.46;
#23:
>0:37.88,113.3;40.66,120.49;
#24:
>0:37.16,122.69;38.2,115.4;40.15,110.44;
#25:
>0:40.18,106.92;41.31,108.0;42.63,118.19;43.55,125.72;
#26:
>0:39.02,105.81;39.01,101.9;35.68,111.74;
#27:
>0:37.81,111.58;37.88,102.32;39.81,101.73;
#28:
>0:38.29,112.88;39.42,103.78;42.06,100.25;
#29:
>0:34.56,112.0;37.3,116.65;38.98,115.58;39.98,116.42;41.75,116.74;43.25,115.68;
#30:
>0:35.72,113.52;36.49,107.77;39.16,105.93;39.85,105.23;
#31:
>0:37.14,96.05;37.2,109.83;38.95,99.83;41.2,97.71;
#32:
>0:40.28,120.85;39.98,117.33;
#33:
>0:43.05,115.13;42.4,112.83;40.91,109.6;39.99,108.43;38.57,105.94;35.0,98.85;
#34:
>0:43.25,89.35;41.37,94.27;40.5,91.35;39.03,103.51;36.8,92.35;
#35:
>0:41.69,105.3;39.55,106.84;37.84,103.88;35.97,106.88;36.05,109.94;
#36:
>0:41.01,96.08;43.61,104.95;43.34,108.17;40.37,119.55;
#37:
>0:35.6,120.58;36.45,116.73;38.75,116.5;40.54,120.51;42.13,111.9;43.84,100.08;
#38:
>0:42.06,106.57;40.4,110.21;41.23,120.48;
#39:
>0:37.78,90.98;41.0,101.77;
#40:
>0:40.33,116.26;37.55,115.69;
#41:
>0:35.13,110.14;35.58,112.11;
#42:
>0:34.84,107.21;36.63,102.77;39.37,100.8;37.75,91.86;
#43:
>0:44.2,124.76;41.87,118.36;41.39,120.06;37.63,114.05;37.35,117.08;
#44:
>0:35.51,98.5;35.06,93.45;
#45:
>0:37.09,123.95;34.67,113.37;36.57,108.42;38.04,109.01;40.43,102.21;
#46:
>0:44.78,123.48;41.56,113.46;42.26,113.09;
#47:
>0:40.1,120.44;40.06,120.58;
#48:
>0:36.74,99.99;38.97,106.5;39.73,101.09;40.87,100.71;43.52,107.97;
#49:
>0:34.79,122.9;34.77,115.69;35.94,111.85;36.02,106.29;34.94,95.9;35.38,92.36;
#50:
>0:37.07,96.08;38.09,102.77;39.71,112.52;41.96,118.76;44.6,124.51;
#51:
>0:39.52,92.52;41.74,97.42;42.22,99.02;42.69,107.09;40.79,110.62;37.6,124.78;
#52:
>0:41.29,98.43;43.34,94.84;
#53:
>0:39.3,103.62;37.44,106.23;35.35,112.99;34.38,115.17;
#54:
>0:42.8,101.62;42.76,98.35;41.39,96.58;40.11,91.16;38.65,105.39;34.64,89.87;
#55:
>0:39.59,100.46;36.47,101.16;35.83,109.0;36.39,109.33;37.21,120.21;
#56:
>0:36.92,97.63;37.13,98.8;
#57:
>0:36.56,111.35;34.78,111.84;
#58:
>0:41.46,120.57;41.28,120.49;
#59:
>0:40.22,100.09;38.1,89.4;
#60:
>0:35.81,112.78;35.81,105.95;36.37,107.57;38.08,115.86;41.62,111.16;
#61:
>0:40.96,108.22;42.89,102.93;42.77,95.75;
#62:
>0:36.51,106.77;35.51,110.35;35.21,115.06;
#63:
>0:38.56,90.51;36.58,98.79;36.38,107.52;35.33,111.47;36.39,115.7;35.3,122.77;
#64:
>0:41.26,112.02;39.98,111.55;37.8,111.56;
#65:
>0:42.11,124.38;40.39,116.69;38.66,124.89;38.52,116.69;34.6,110.8;
#66:
>0:36.63,99.68;39.49,102.78;
#67:
>0:38.48,101.27;36.06,106.71;36.59,107.35;
#68:
>0:38.22,118.2;41.2,121.62;
#69:
>0:36.45,111.75;38.16,112.56;40.68,106.29;41.39,103.68;
#70:
>0:39.61,112.21;37.7,106.67;36.84,98.03;35.7,99.46;
#71:
>0:39.75,123.47;38.49,117.38;38.56,110.5;40.33,106.7;41.04,101.92;36.76,92.89;
#72:
>0:40.9,114.73;43.42,125.26;
#73:
>0:36.74,110.79;38.56,118.21;41.19,120.05;41.21,114.49;
#74:
>0:39.73,100.32;40.29,104.36;38.94,104.65;36.13,107.75;36.73,121.35;
#75:
>0:39.26,112.12;40.93,101.24;42.57,99.29;43.06,90.39;
#76:
>0:41.96,120.48;40.39,123.94;37.69,124.01;36.71,119.44;35.64,119.88;
#77:
>0:37.2,120.97;38.39,115.17;38.6,110.48;39.84,104.43;41.04,98.33;42.14,97.7;
#78:
>0:39.5,105.18;38.91,109.08;
#79:
>0:36.53,116.67;38.18,114.53;38.5,107.71;39.27,101.56;43.25,105.82;
#80:
>0:38.35,102.14;40.53,111.76;42.07,109.53;42.58,95.28;
#81:
>0:37.42,117.55;38.19,116.58;39.15,124.25;
#82:
>0:41.64,124.88;39.98,119.92;38.48,123.2;36.05,124.81;35.87,122.28;
#83:
>0:34.67,94.01;34.77,97.21;36.08,102.1;
#84:
>0:35.2,122.9;37.54,117.74;38.59,109.87;38.4,106.19;38.51,101.82;
#85:
>0:35.21,120.21;36.7,119.12;39.03,114.16;40.1,116.81;40.78,114.2;43.1,113.23;
#86:
>0:35.77,110.73;36.05,107.41;38.17,109.87;39.48,98.66;
#87:
>0:39.25,92.78;42.24,96.03;
#88:
>0:38.63,100.34;38.28,105.86;
#89:
>0:39.92,112.27;38.39,104.03;37.19,99.19;34.98,99.76;
#90:
>0:42.26,109.69;39.64,112.91;38.83,103.68;36.32,95.09;35.04,92.99;
#91:
>0:41.28,119.11;42.26,112.44;41.41,101.97;41.67,97.16;41.16,96.18;
#92:
>0:39.09,107.6;36.24,115.71;36.09,120.43;
#93:
>0:41.82,120.32;39.68,124.41;37.82,125.0;37.33,123.59;34.42,123.65;
#94:
>0:41.59,95.2;39.83,89.42;
#95:
>0:37.69,120.53;37.69,114.3;36.37,108.48;40.54,105.44;
#96:
>0:43.68,100.38;41.25,101.1;
#97:
>0:41.26,100.42;40.71,101.76;39.05,105.07;36.4,113.55;
#98:
>0:35.03,124.7;35.87,118.59;35.91,109.04;36.76,106.7;34.82,100.56;34.38,91.21;
#99:
>0:39.17,90.86;40.15,104.81;36.48,102.97;36.48,111.63;37.38,116.17;35.43,123.73;
#100:
>0:40.3,117.89;37.81,120.73;36.84,124.63;
#101:
>0:40.88,111.92;42.82,104.77;42.69,96.01;43.16,91.6;
#102:
>0:36.14,99.79;35.05,106.7;
#103:
>0:40.44,118.43;37.7,123.22;37.4,122.58;35.77,120.01;
#104:
>0:34.92,94.99;37.02,106.96;34.54,112.48;36.82,113.87;36.35,122.16;
#105:
>0:42.06,111.37;41.2,122.19;37.98,123.61;38.58,113.37;35.7,113.45;
#106:
>0:42.74,105.58;42.85,97.55;41.85,95.37;40.61,88.92;37.24,98.43;
#107:
>0:41.42,118.3;40.53,120.87;
#108:
>0:40.54,104.03;38.94,104.03;38.25,113.75;
#109:
>0:41.65,124.79;43.54,126.4;
#110:
>0:41.8,97.35;40.25,90.88;
#111:
>0:34.53,99.46;35.31,93.71;
#112:
>0:40.09,119.32;41.02,117.65;
#113:
>0:35.73,118.46;35.47,124.45;
#114:
>0:35.28,119.57;36.14,117.99;38.75,117.37;41.33,119.4;40.75,111.55;43.36,100.44;
#115:
>0:40.24,101.67;40.8,99.65;
#116:
>0:38.91,114.22;37.54,110.6;35.65,113.75;
#117:
>0:40.6,112.29;37.64,107.75;
#118:
>0:36.82,115.68;38.99,115.93;40.42,118.09;41.08,118.67;
#119:
>0:37.53,118.86;37.19,110.4;38.93,115.36;41.01,120.04;42.44,105.6;
#120:
>0:35.76,107.26;37.11,108.78;37.83,112.13;40.16,101.08;41.26,109.47;
#121:
>0:40.96,114.36;42.07,111.91;38.57,107.11;
#122:
>0:38.73,101.54;37.26,102.95;34.47,105.23;
#123:
>0:37.44,108.21;37.09,108.3;35.91,118.08;
#124:
>0:42.96,116.67;42.36,111.75;40.97,110.13;39.95,109.76;38.89,105.96;35.25,110.08;
#125:
>0:40.85,119.45;40.67,120.3;
#126:
>0:38.76,120.47;39.3,121.87;40.84,118.61;41.21,109.42;43.42,99.66;
#127:
>0:36.76,103.48;35.97,109.53;37.84,113.96;40.07,118.73;41.06,118.79;42.54,118.44;
#128:
>0:41.36,120.8;40.24,116.28;
#129:
>0:42.88,100.29;41.19,96.02;39.17,91.88;
#130:
>0:42.89,92.78;41.84,97.23;39.67,90.71;39.46,105.21;36.26,90.81;
#131:
>0:34.75,110.84;34.78,113.78;
#132:
>0:35.61,97.85;35.21,90.64;
#133:
>0:39.96,105.07;41.45,100.06;
#134:
>0:36.94,110.19;37.16,118.89;35.21,124.48;
#135:
>0:40.26,104.78;41.66,96.73;
#136:
>0:42.91,108.66;42.35,106.78;
#137:
>0:34.61,119.3;37.53,116.71;38.41,116.85;40.52,116.48;41.44,111.6;43.63,97.79;
#138:
>0:39.0,102.98;37.57,91.53;
#139:
>0:36.09,114.85;38.96,113.78;41.09,117.14;40.76,110.26;42.43,108.03;
#140:
>0:41.2,100.78;40.77,100.61;40.22,99.96;
#141:
>0:40.04,119.15;40.25,119.67;
#142:
>0:40.41,118.68;40.79,118.88;
#143:
>0:42.23,112.3;42.9,117.52;
#144:
>0:42.75,94.43;42.29,98.94;39.28,102.57;38.91,101.42;36.28,118.11;
#145:
>0:36.46,113.98;38.7,113.19;41.25,119.22;41.11,107.56;43.72,107.73;
#146:
>0:35.04,108.39;36.9,104.44;35.68,96.95;36.6,91.83;
#147:
>0:39.83,106.23;37.82,102.76;36.14,107.25;36.84,123.53;
#148:
>0:36.95,111.28;37.55,113.24;39.84,117.83;41.12,113.82;
#149:
>0:40.1,89.26;38.62,99.9;36.01,101.9;34.8,107.75;36.89,116.51;35.54,122.69;
#150:
>0:41.91,106.36;41.75,99.14;42.37,95.56;
#151:
>0:41.89,100.29;40.2,91.04;
#152:
>0:40.5,121.63;41.51,121.84;
#153:
>0:36.05,119.87;37.98,118.22;41.32,120.82;42.31,112.06;42.37,104.57;41.6,95.0;
#154:
>0:37.87,90.69;36.84,97.16;35.3,100.41;37.46,104.22;36.64,117.81;
#155:
>0:40.31,100.55;41.21,95.82;43.21,105.94;42.22,118.28;
#156:
>0:37.09,104.67;38.18,110.93;
#157:
>0:37.8,110.29;36.2,115.54;37.54,124.24;
#158:
>0:40.53,93.12;39.47,100.67;37.33,89.14;
#159:
>0:41.24,118.22;41.03,116.37;
#160:
>0:41.22,105.64;42.17,106.24;
#161:
>0:37.17,122.33;35.77,113.79;36.32,107.6;38.47,112.16;40.82,96.22;
#162:
>0:39.56,93.14;40.2,104.73;40.03,104.22;
#163:
>0:41.32,121.91;39.94,117.52;
#164:
>0:41.46,121.56;40.86,119.88;
#165:
>0:43.4,125.34;42.2,114.96;39.95,112.53;38.82,104.9;37.24,99.46;35.25,95.52;
#166:
>0:41.0,123.04;44.0,125.12;
#167:
>0:39.19,103.78;36.78,105.96;37.89,110.54;
#168:
>0:37.38,118.21;36.5,111.35;38.83,112.27;40.62,102.43;43.89,106.1;
#169:
>0:40.21,120.1;41.95,117.35;
#170:
>0:37.2,112.91;37.6,115.09;40.08,117.0;41.01,106.28;
#171:
>0:36.6,99.27;36.75,103.75;38.24,113.08;
#172:
>0:39.66,112.24;41.58,108.06;39.18,123.65;
#173:
>0:37.01,119.26;38.56,116.26;40.81,121.57;
#174:
>0:35.17,111.14;35.19,110.55;38.19,109.01;
#175:
>0:39.97,105.07;38.53,101.12;
#176:
>0:43.72,102.48;41.0,109.64;39.27,104.66;
#177:
>0:36.52,117.2;38.5,117.49;37.87,109.77;39.18,103.79;43.2,101.55;
#178:
>0:41.95,95.35;39.41,91.88;39.68,99.95;38.81,103.58;35.28,93.94;
#179:
>0:37.08,99.48;36.84,97.24;
#180:
>0:40.99,97.98;43.77,101.69;42.28,110.62;39.26,112.08;37.13,122.57;
#181:
>0:39.28,91.54;40.27,100.26;37.31,102.45;36.93,110.95;38.74,114.08;38.55,125.27;
#182:
>0:39.56,94.86;40.41,90.03;
#183:
>0:43.02,106.85;42.48,100.69;42.76,97.73;39.17,93.18;37.52,98.49;
#184:
>0:34.63,111.73;35.57,110.11;38.79,108.65;
#185:
>0:36.21,113.93;38.54,108.14;
#186:
>0:42.81,101.02;43.37,108.52;40.73,110.88;42.12,123.9;
#187:
>0:35.21,99.73;37.01,102.33;38.14,110.1;40.85,122.18;40.98,115.25;43.42,119.04;
#188:
>0:35.63,96.3;36.21,103.38;37.45,110.65;38.38,116.5;39.52,123.6;
#189:
>0:41.78,117.65;39.87,124.79;
#190:
>0:42.63,108.51;41.85,111.87;39.94,109.36;39.48,104.05;37.16,114.2;
#191:
>0:41.12,99.93;43.14,104.15;
#192:
>0:35.56,119.29;36.96,118.73;38.52,117.92;41.37,119.69;42.28,108.15;43.81,100.96;
#193:
>0:36.04,103.57;39.57,102.85;40.3,94.06;
#194:
>0:42.92,92.33;42.42,99.42;43.18,101.13;
#195:
>0:37.47,113.65;37.86,108.75;40.08,110.12;
#196:
>0:40.82,121.56;38.11,108.15;
#197:
>0:35.94,105.05;36.09,104.53;38.6,102.06;
#198:
>0:38.61,101.02;39.62,104.16;34.48,107.1;
#199:
>0:35.67,106.37;34.56,95.07;35.26,89.43;
#200:
>0:42.81,101.17;41.29,110.93;40.76,119.63;37.83,124.07;36.93,109.36;
#201:
>0:41.45,121.17;40.34,121.93;42.24,112.64;39.58,103.45;
#202:
>0:41.12,111.58;39.88,104.23;
#203:
>0:41.19,120.62;40.41,120.39;
#204:
>0:41.67,110.61;39.38,101.61;
#205:
>0:38.08,110.32;39.97,107.0;36.31,95.81;
#206:
>0:39.95,120.6;42.17,109.52;43.63,106.5;43.41,100.99;
#207:
>0:42.68,104.47;42.59,99.81;41.54,93.68;40.1,93.19;37.1,100.93;
