#0:
>0:41.12,120.85;38.29,107.58;38.66,105.41;36.94,97.0;36.45,94.25;
#1:
>0:40.06,106.91;41.19,108.99;41.92,116.82;
#2:
>0:40.66,97.96;41.58,95.76;39.7,104.73;38.16,114.84;
#3:
>0:34.45,109.86;37.45,103.83;35.98,96.1;36.81,94.41;
#4:
>0:34.92,112.64;35.98,101.27;37.79,97.78;39.78,91.72;
#5:
>0:40.25,121.64;41.33,113.78;
#6:
>0:36.2,101.46;39.04,98.21;40.49,102.64;41.46,107.59;
#7:
>0:43.26,103.33;43.48,107.64;
#8:
>0:43.11,103.71;41.46,97.9;39.71,89.92;38.89,90.98;36.22,89.46;
#9:
>0:39.15,104.28;40.01,111.62;39.05,114.73;37.73,125.05;
#10:
>0:41.32,116.99;38.13,112.09;38.14,105.97;36.78,98.18;36.73,90.31;
#11:
>0:42.92,94.08;43.46,98.75;43.89,106.06;42.13,104.2;43.31,108.91;42.34,124.03;
#12:
>0:35.85,106.68;35.43,108.34;36.59,112.5;37.22,125.12;
#13:
>0:38.93,108.44;40.48,106.68;37.97,98.76;
#14:
>0:42.53,96.83;42.3,91.44;40.16,97.58;
#15:
>0:42.86,118.49;41.15,110.67;39.81,101.59;39.88,98.82;40.15,93.7;
#16:
>0:40.32,104.44;37.8,95.34;36.62,89.23;
#17:
>0:41.66,100.65;39.16,105.69;39.81,112.58;37.47,117.05;
#18:
>0:39.96,115.89;40.58,118.15;
#19:
>0:34.46,95.74;34.54,103.87;34.96,112.99;34.72,116.2;35.18,122.95;
#20:
>0:42.92,113.11;41.5,109.37;39.53,110.84;
#21:
>0:39.28,89.12;41.37,97.93;42.65,105.28;40.92,101.42;42.17,117.11;
#22:
>0:35.83,97.49;37.17,97.34;37.64,89.22;37.94,97.85;41.64,98.35;
#23:
>0:39.81,121.39;41.25,120.38;
#24:
>0:41.36,95.98;39.36,88.9;38.83,92.21;37.1,89.32;
#25:
>0:41.3,119.93;40.13,121.21;
#26:
>0:43.48,89.48;41.03,95.05;39.62,103.84;38.12,108.82;
#27:
>0:43.6,91.66;42.73,98.8;42.16,90.69;39.61,96.45;37.31,101.85;
#28:
>0:41.02,117.25;39.99,117.59;
#29:
>0:40.59,119.0;37.96,121.69;
#30:
>0:40.69,118.45;39.07,117.22;36.41,113.82;
#31:
>0:40.07,117.95;39.89,118.56;
#32:
>0:43.33,114.25;41.38,111.26;39.9,102.17;37.94,96.55;37.33,89.26;
#33:
>0:37.63,98.88;40.6,104.11;41.66,101.35;43.74,111.09;43.73,125.12;
#34:
>0:38.0,97.56;36.61,106.66;
#35:
>0:36.4,107.96;36.28,115.26;37.63,115.67;42.2,124.8;
#36:
>0:34.47,103.81;36.5,107.33;
#37:
>0:35.99,91.75;37.46,100.81;
#38:
>0:34.96,93.72;35.31,96.97;36.12,92.07;38.19,96.14;41.27,108.57;
#39:
>0:40.43,118.56;38.5,110.99;40.45,104.54;38.9,98.93;
#40:
>0:34.65,91.22;35.81,99.02;38.42,97.23;
#41:
>0:40.87,99.29;40.93,98.09;
#42:
>0:36.82,124.82;38.33,123.89;34.81,111.1;
#43:
>0:37.9,102.05;39.45,101.55;
#44:
>0:43.9,105.46;41.82,98.41;39.33,89.91;38.73,90.34;36.28,93.84;
#45:
>0:42.83,97.62;43.16,104.78;40.88,106.6;42.47,112.67;41.13,120.79;
#46:
>0:40.65,120.96;40.38,116.38;
#47:
>0:40.26,117.17;39.01,124.67;
#48:
>0:40.6,106.66;39.86,95.45;38.04,100.04;34.58,96.79;
#49:
>0:42.08,95.84;42.6,101.73;41.32,106.0;40.3,118.66;
#50:
>0:40.48,99.3;38.39,104.68;37.22,101.66;34.92,115.28;
#51:
>0:40.22,121.24;40.53,116.98;
#52:
>0:42.02,123.84;40.93,121.04;38.5,107.22;40.67,106.38;40.83,97.36;41.12,88.88;
#53:
>0:38.44,92.04;38.07,95.94;40.52,106.21;41.32,112.42;41.4,113.88;
#54:
>0:39.92,119.89;41.21,117.62;
#55:
>0:39.78,121.0;41.19,117.54;
#56:
>0:41.6,91.69;42.5,92.79;42.98,103.44;
#57:
>0:35.12,109.05;37.05,103.12;37.69,96.48;40.63,100.62;42.22,103.66;42.71,115.69;
#58:
>0:35.6,98.2;34.5,107.09;35.05,107.41;35.56,116.43;35.57,119.78;
#59:
>0:38.31,93.44;37.99,99.68;39.3,103.17;41.15,107.35;40.99,117.79;
#60:
>0:42.16,92.32;40.67,95.68;38.61,107.01;39.8,109.02;38.92,117.95;35.06,121.36;
#61:
>0:38.78,95.01;39.21,101.87;41.32,103.91;42.85,112.09;41.93,120.75;
#62:
>0:43.07,97.13;41.31,93.63;40.52,99.72;39.36,103.95;37.08,110.0;
#63:
>0:41.29,118.17;40.58,117.58;
#64:
>0:42.36,110.87;43.77,113.85;41.55,123.5;39.11,119.12;
#65:
>0:35.9,107.64;35.88,109.11;
#66:
>0:40.44,116.74;39.78,121.69;
#67:
>0:43.31,104.25;41.22,110.75;40.39,118.92;38.76,124.08;37.11,121.52;
#68:
>0:34.85,118.47;37.25,107.28;34.87,110.58;34.7,101.39;35.96,94.6;
#69:
>0:36.6,112.27;36.51,113.96;38.3,114.49;39.7,124.34;43.5,121.97;
#70:
>0:42.1,119.94;39.81,115.6;42.31,108.69;43.45,106.94;42.01,103.87;41.12,89.27;
#71:
>0:38.56,98.97;39.39,95.98;40.1,108.03;
#72:
>0:36.16,92.34;36.44,97.83;
#73:
>0:41.93,101.62;40.79,104.68;
#74:
>0:38.59,95.7;38.93,102.85;39.28,107.86;40.34,118.13;
#75:
>0:41.51,116.1;40.63,111.18;39.39,103.03;38.3,97.73;
#76:
>0:40.97,118.09;40.08,118.63;
#77:
>0:37.94,106.87;37.42,105.5;37.76,90.19;
#78:
>0:40.52,116.21;41.08,115.88;
#79:
>0:43.4,95.43;43.54,106.41;42.0,105.66;40.96,114.05;
#80:
>0:43.8,100.8;41.83,92.24;39.34,98.41;38.62,104.49;36.17,107.8;
#81:
>0:36.74,108.99;36.76,113.52;39.13,120.29;41.33,123.2;
#82:
>0:41.08,116.07;40.63,109.44;39.55,103.28;43.74,95.57;
#83:
>0:43.47,95.68;43.55,104.87;41.53,106.62;41.49,113.31;
#84:
>0:41.52,116.82;39.56,107.53;39.2,104.32;38.91,98.85;
#85:
>0:37.26,91.63;38.01,96.02;36.11,102.75;
#86:
>0:40.9,120.33;40.37,115.82;
#87:
>0:40.4,103.11;38.3,98.82;37.09,99.23;35.05,93.9;
#88:
>0:40.93,113.73;40.71,121.34;
#89:
>0:37.84,104.32;40.12,104.78;
#90:
>0:41.63,123.69;42.92,117.4;42.0,110.48;43.8,105.29;
#91:
>0:39.79,118.53;41.03,120.07;
#92:
>0:38.35,111.02;36.42,117.49;36.54,120.05;
#93:
>0:36.76,116.47;38.88,108.53;40.37,106.08;41.03,97.35;
#94:
>0:35.32,112.84;37.48,112.8;36.05,120.09;
#95:
>0:40.26,124.48;41.56,116.23;
#96:
>0:41.29,115.81;41.28,125.02;38.44,111.99;
#97:
>0:39.84,119.43;40.7,118.28;
#98:
>0:38.93,92.56;38.69,97.43;40.1,97.38;40.55,107.29;
#99:
>0:39.91,109.16;40.16,101.84;
#100:
>0:39.77,101.48;39.69,100.8;43.26,90.22;
#101:
>0:38.79,91.57;37.71,97.9;34.79,104.78;
#102:
>0:41.46,107.31;39.89,118.59;39.63,122.43;
#103:
>0:41.3,99.01;43.63,92.81;
#104:
>0:39.78,104.26;37.7,100.9;
#105:
>0:42.94,116.34;42.02,115.01;41.33,120.29;
#106:
>0:39.65,104.13;38.15,96.29;34.77,106.9;
#107:
>0:35.5,111.39;36.81,103.94;38.42,105.64;
#108:
>0:40.83,119.12;38.71,118.72;36.53,118.05;
#109:
>0:37.13,91.57;38.88,97.18;38.79,102.4;37.13,112.47;
#110:
>0:42.7,109.91;42.94,113.2;41.46,120.63;40.02,118.53;36.81,115.35;
#111:
>0:43.6,99.84;43.8,104.86;40.91,101.64;41.47,116.2;
#112:
>0:39.43,101.74;39.34,109.4;36.27,118.16;
#113:
>0:40.84,117.57;40.16,119.6;
#114:
>0:40.8,91.37;41.28,97.16;43.34,103.97;42.16,103.44;41.02,112.91;39.81,125.22;
#115:
>0:39.12,94.67;39.31,97.64;
#116:
>0:38.23,93.59;38.83,95.87;35.74,104.25;
#117:
>0:40.34,119.92;40.84,120.59;
#118:
>0:40.38,101.34;39.46,98.64;38.9,97.53;35.95,97.98;
#119:
>0:42.97,100.55;43.23,105.75;40.8,102.24;42.18,118.19;
#120:
>0:39.3,105.01;40.49,109.12;39.04,119.09;39.59,120.62;
#121:
>0:43.64,109.1;42.57,107.01;43.14,100.92;
#122:
>0:39.1,105.97;37.13,104.72;36.38,118.2;
#123:
>0:34.61,122.82;36.21,117.86;38.46,110.27;40.09,106.0;41.48,100.52;41.51,91.31;
#124:
>0:41.06,117.75;40.94,121.52;
#125:
>0:39.68,102.09;36.93,103.14;36.43,116.12;
#126:
>0:42.28,117.73;39.22,109.51;40.37,105.07;39.69,99.88;39.47,89.67;
#127:
>0:39.28,101.1;37.59,97.29;
#128:
>0:38.82,92.99;38.92,95.58;39.76,103.7;40.85,105.68;42.54,116.3;
#129:
>0:36.85,122.57;38.59,117.47;40.99,120.92;41.4,118.15;
#130:
>0:37.63,103.25;40.61,107.69;39.24,119.09;
#131:
>0:41.24,116.35;37.56,117.42;38.81,125.02;34.69,111.91;
#132:
>0:38.61,94.17;38.17,98.14;35.55,104.19;
#133:
>0:35.23,116.41;36.53,113.78;38.56,103.97;
#134:
>0:38.56,116.0;38.47,116.56;
#135:
>0:39.05,99.43;40.47,96.11;39.17,110.92;
#136:
>0:38.38,98.93;36.68,101.0;34.65,94.9;
#137:
>0:34.4,104.34;35.07,108.93;36.82,105.81;40.7,91.74;
#138:
>0:39.44,112.78;38.78,106.38;
#139:
>0:38.44,114.34;36.44,113.31;
#140:
>0:36.97,106.98;37.71,100.22;39.57,98.41;
#141:
>0:43.02,119.16;41.69,111.44;40.09,105.22;40.39,110.85;37.78,115.74;34.8,112.85;
#142:
>0:39.33,121.14;39.89,116.53;37.12,112.7;
#143:
>0:42.69,115.56;42.0,121.69;39.81,121.2;37.57,125.18;37.1,121.09;
#144:
>0:42.57,94.27;41.74,96.94;
#145:
>0:41.51,102.53;40.4,101.53;40.21,97.79;36.76,105.99;
#146:
>0:43.8,103.17;40.89,99.31;39.78,106.85;40.0,98.1;37.37,95.2;
#147:
>0:40.03,116.19;40.25,119.83;
#148:
>0:43.17,111.7;43.57,117.87;
#149:
>0:41.79,125.08;39.67,120.26;37.74,108.06;36.37,112.74;
#150:
>0:34.97,100.65;35.91,97.76;
#151:
>0:41.03,115.9;40.48,120.51;
#152:
>0:36.9,108.16;37.28,113.36;39.37,108.36;
#153:
>0:36.73,122.36;38.81,115.18;39.3,108.7;
#154:
>0:43.2,91.71;43.6,100.47;41.38,89.47;39.98,100.95;37.8,97.63;35.41,98.67;
#155:
>0:39.27,111.94;41.69,118.89;43.03,121.68;
#156:
>0:38.73,110.99;40.09,117.71;41.73,114.45;
#157:
>0:34.81,93.28;36.93,98.96;39.41,104.73;40.02,107.59;40.83,107.55;43.73,114.23;
#158:
>0:40.58,118.46;39.91,112.36;
#159:
>0:35.32,124.75;34.57,116.29;36.92,118.78;38.76,112.23;41.97,96.91;
#160:
>0:42.92,102.22;40.77,111.91;41.27,118.36;39.05,124.9;37.01,121.56;
#161:
>0:39.59,98.76;41.99,96.16;43.14,95.37;
#162:
>0:38.85,109.03;38.43,102.08;36.37,98.75;
#163:
>0:42.42,97.63;41.32,94.16;40.47,99.7;39.01,96.34;37.38,98.93;34.63,90.23;
#164:
>0:43.76,111.5;43.21,117.84;41.54,122.61;38.55,117.3;
#165:
>0:36.47,119.05;38.14,115.41;39.25,101.19;
#166:
>0:36.88,96.0;39.64,102.74;
#167:
>0:39.93,116.61;40.16,121.18;
#168:
>0:42.68,107.71;42.99,117.39;41.66,122.74;41.28,121.37;39.05,123.8;34.75,115.27;
#169:
>0:36.66,123.4;38.09,114.41;40.37,110.52;
#170:
>0:43.88,100.42;42.15,105.63;41.73,109.09;39.94,119.49;36.11,118.71;
#171:
>0:37.24,94.07;35.99,97.02;
#172:
>0:40.11,99.55;41.69,100.46;
#173:
>0:35.27,113.76;37.38,115.84;38.06,109.91;40.5,109.66;39.24,104.85;43.4,97.58;
#174:
>0:43.84,100.9;43.71,102.21;40.8,103.09;41.52,114.14;
#175:
>0:34.73,91.37;35.17,98.21;37.56,98.84;
#176:
>0:40.37,118.31;40.76,117.85;
#177:
>0:43.73,100.46;41.75,93.91;39.4,95.36;39.64,102.89;37.03,98.29;35.25,93.32;
#178:
>0:36.16,97.38;38.9,91.35;38.97,98.3;42.11,101.73;
#179:
>0:34.47,111.32;37.08,115.34;
#180:
>0:42.0,99.42;40.46,101.57;39.89,109.81;36.3,115.58;
#181:
>0:40.38,106.01;39.84,107.71;38.54,114.73;34.99,113.46;
#182:
>0:39.81,120.29;39.91,121.01;
#183:
>0:38.48,112.55;36.68,118.16;34.83,114.18;
#184:
>0:35.75,111.04;36.92,105.76;37.7,106.56;
#185:
>0:41.35,116.17;40.28,119.57;42.65,124.13;
#186:
>0:40.07,116.25;40.42,118.78;
#187:
>0:39.97,89.13;38.58,94.48;36.38,92.18;
#188:
>0:41.79,101.57;43.89,99.44;42.37,91.73;
#189:
>0:42.17,109.01;39.28,103.76;39.94,99.73;39.19,92.24;
#190:
>0:40.21,103.32;40.38,98.1;42.76,104.38;
#191:
>0:41.13,124.74;40.47,125.22;37.72,121.23;36.79,124.23;
#192:
>0:37.87,121.61;37.21,115.98;38.84,107.9;40.66,102.75;41.3,105.04;43.73,91.14;
#193:
>0:35.4,88.88;36.51,100.15;38.71,103.45;40.37,112.08;41.82,107.98;42.83,115.87;
#194:
>0:41.29,106.87;41.6,107.83;
#195:
>0:41.81,122.3;40.79,120.29;42.43,108.27;
#196:
>0:43.64,93.95;42.97,99.95;42.34,102.44;41.05,102.38;42.52,113.02;43.05,122.4;
#197:
>0:41.03,121.61;41.2,116.93;
#198:
>0:43.82,90.11;41.93,93.42;
#199:
>0:34.45,109.49;36.44,111.41;37.83,113.83;
#200:
>0:40.23,117.16;40.0,120.79;
#201:
>0:39.6,98.43;40.92,92.86;42.49,96.49;
#202:
>0:35.14,93.9;36.86,96.23;38.64,102.38;39.22,110.42;40.99,112.89;43.35,115.77;
#203:
>0:38.75,123.29;37.13,114.27;38.53,108.14;39.7,106.56;37.96,100.91;
#204:
>0:42.84,104.22;41.9,105.53;41.04,115.44;
#205:
>0:40.54,93.62;41.56,95.88;42.99,104.4;41.65,102.4;41.87,110.09;39.96,124.65;
#206:
>0:35.57,94.64;36.85,98.61;38.98,104.8;40.2,110.4;40.86,109.46;43.47,114.18;
#207:
>0:36.53,92.14;38.12,95.6;40.23,102.07;41.38,101.06;43.57,109.82;41.53,124.77;
