#0:
>0:41.05,121.87;40.51,118.21;
#1:
>0:41.53,112.6;42.04,105.97;40.06,98.79;36.92,99.54;
#2:
>0:34.46,118.21;36.3,108.54;39.13,105.92;40.22,96.67;41.96,93.89;43.28,92.13;
#3:
>0:41.69,125.14;41.44,116.66;41.25,111.62;41.59,106.8;39.92,97.82;
#4:
>0:39.53,124.53;38.09,122.8;37.86,109.97;
#5:
>0:41.14,121.38;39.64,121.86;
#6:
>0:41.12,119.6;38.11,117.94;40.67,101.06;
#7:
>0:39.51,118.18;40.72,118.89;
#8:
>0:43.36,124.57;41.97,113.61;41.93,107.3;42.04,105.13;39.18,99.63;39.55,94.2;
#9:
>0:34.6,116.17;36.62,118.07;38.16,115.09;40.25,108.68;41.33,96.42;
#10:
>0:40.23,93.95;40.98,97.47;43.9,104.89;
#11:
>0:37.47,111.72;38.98,106.8;40.24,98.57;41.64,94.12;42.47,94.53;
#12:
>0:40.32,120.19;40.55,116.92;
#13:
>0:42.23,121.84;41.88,114.13;41.56,111.28;42.31,106.86;39.9,98.6;
#14:
>0:37.96,105.55;38.96,110.81;36.81,113.22;36.39,120.74;
#15:
>0:39.74,119.85;39.22,117.32;
#16:
>0:34.71,103.9;36.25,110.76;36.69,115.58;36.86,121.34;
#17:
>0:40.26,120.88;41.39,122.08;
#18:
>0:34.89,118.88;35.25,109.27;38.66,104.85;
#19:
>0:40.41,120.32;40.74,121.1;
#20:
>0:41.18,89.94;40.11,93.41;
#21:
>0:39.31,109.96;39.0,106.23;37.14,104.35;
#22:
>0:37.55,109.97;41.19,119.59;41.83,115.6;43.75,120.31;
#23:
>0:39.65,95.95;40.49,103.99;
#24:
>0:40.59,118.3;40.18,121.91;
#25:
>0:37.04,124.27;38.32,117.3;40.59,112.78;41.5,102.84;39.45,105.07;38.54,90.05;
#26:
>0:40.43,119.81;41.08,119.21;
#27:
>0:40.53,116.37;40.03,120.71;
#28:
>0:40.6,118.67;40.22,121.89;
#29:
>0:40.42,122.15;41.48,117.81;
#30:
>0:42.82,103.72;41.79,103.85;39.21,99.9;37.89,105.07;36.18,105.51;
#31:
>0:37.24,104.71;38.45,104.62;40.17,119.96;
#32:
>0:40.66,120.37;40.4,119.97;
#33:
>0:35.05,103.6;36.9,104.89;37.78,107.11;40.31,121.35;41.89,113.22;43.59,120.16;
#34:
>0:41.47,119.21;38.65,112.49;36.55,103.04;34.48,106.83;
#35:
>0:35.46,102.74;36.18,95.15;35.97,91.88;
#36:
>0:35.11,98.61;37.04,105.11;38.37,111.79;40.11,121.22;39.45,119.45;
#37:
>0:40.54,120.95;40.99,120.39;
#38:
>0:39.49,121.78;39.13,122.24;
#39:
>0:40.05,101.96;41.81,98.83;43.2,104.33;
#40:
>0:41.52,118.95;40.25,119.06;
#41:
>0:41.07,121.7;39.61,118.37;
#42:
>0:34.68,102.07;36.42,107.52;36.86,103.34;38.89,112.22;40.13,101.95;43.64,100.38;
#43:
>0:39.27,117.08;39.68,116.98;
#44:
>0:35.09,120.69;34.71,117.77;36.87,108.12;
#45:
>0:39.39,123.88;37.57,117.35;40.41,108.92;43.8,107.0;
#46:
>0:40.61,119.17;40.96,116.54;
#47:
>0:40.1,108.07;42.12,103.7;40.23,100.06;
#48:
>0:41.88,113.22;43.54,107.27;42.85,106.09;43.79,95.44;42.57,93.8;
#49:
>0:42.06,121.94;40.7,124.66;38.12,114.79;37.41,112.61;
#50:
>0:35.9,99.69;35.44,99.67;
#51:
>0:40.65,105.12;39.25,100.14;37.92,92.51;35.84,103.53;
#52:
>0:39.58,117.26;40.05,117.21;
#53:
>0:35.05,106.97;37.35,101.19;38.39,105.91;40.62,98.11;
#54:
>0:41.3,110.58;42.08,102.58;39.63,95.41;38.38,90.2;34.39,102.84;
#55:
>0:39.29,110.99;41.45,112.92;
#56:
>0:41.11,117.06;40.13,118.25;
#57:
>0:43.66,89.56;41.5,94.48;41.04,105.95;
#58:
>0:35.64,100.69;35.7,101.85;35.41,111.66;
#59:
>0:37.56,117.06;38.93,109.02;36.32,105.62;37.45,100.86;
#60:
>0:40.58,118.05;41.36,119.71;
#61:
>0:36.25,109.96;38.44,101.29;39.42,97.15;40.82,88.96;43.79,94.63;
#62:
>0:42.1,89.81;41.78,99.28;39.57,98.24;37.79,103.05;38.99,117.19;
#63:
>0:41.78,112.86;41.2,104.1;39.78,99.44;39.08,94.69;35.74,103.44;
#64:
>0:40.96,121.93;40.72,121.13;
#65:
>0:39.45,116.47;40.14,116.92;
#66:
>0:41.2,121.79;39.97,119.53;
#67:
>0:42.33,101.98;43.24,111.63;41.46,105.28;40.03,101.86;36.88,103.09;
#68:
>0:39.98,120.94;39.95,118.98;
#69:
>0:35.84,121.08;35.48,117.95;34.69,112.09;36.52,105.25;38.74,97.45;40.97,93.41;
#70:
>0:40.25,119.5;40.21,117.78;
#71:
>0:40.34,121.93;39.36,119.4;
#72:
>0:37.93,119.5;38.61,119.09;40.3,109.59;43.21,104.35;
#73:
>0:41.15,121.12;41.09,118.68;
#74:
>0:37.76,97.74;39.12,102.93;35.06,112.16;
#75:
>0:40.68,117.25;41.37,119.37;
#76:
>0:34.43,91.69;36.17,93.11;38.91,96.36;35.42,108.9;
#77:
>0:35.44,103.6;36.94,95.42;36.34,91.29;
#78:
>0:40.41,120.17;40.66,117.03;
#79:
>0:42.9,90.06;42.1,100.67;42.29,106.1;
#80:
>0:38.07,118.86;36.35,124.51;
#81:
>0:40.88,118.9;41.37,122.22;
#82:
>0:40.37,116.45;40.9,122.19;
#83:
>0:41.31,120.61;40.49,120.44;
#84:
>0:38.22,102.35;37.6,110.15;36.96,117.0;36.86,119.63;
#85:
>0:34.89,105.86;37.52,106.56;38.72,100.92;39.7,97.03;40.35,107.02;42.97,99.91;
#86:
>0:37.73,92.88;37.57,99.72;
#87:
>0:39.44,108.98;42.28,109.41;
#88:
>0:39.03,99.28;39.79,99.88;40.48,109.0;
#89:
>0:34.4,100.67;37.08,101.68;38.55,109.38;40.61,102.47;41.44,91.87;
#90:
>0:40.75,123.66;41.68,115.56;43.51,116.06;41.77,109.85;39.27,97.09;
#91:
>0:38.56,93.88;38.79,98.04;38.76,102.58;38.46,111.07;40.77,118.39;43.77,122.46;
#92:
>0:40.55,118.38;40.23,116.36;
#93:
>0:40.97,120.58;40.68,120.27;
#94:
>0:41.24,120.66;40.74,120.91;
#95:
>0:43.31,90.34;41.11,92.96;41.68,95.78;43.13,101.34;43.4,110.89;42.23,120.49;
#96:
>0:37.55,113.67;37.24,122.17;
#97:
>0:36.17,103.41;36.54,102.14;
#98:
>0:43.09,101.99;42.53,111.99;42.2,103.64;40.45,102.68;37.22,116.51;
#99:
>0:43.25,119.32;41.39,118.17;42.07,112.69;41.94,103.57;40.03,100.84;39.15,89.26;
#100:
>0:36.15,95.42;37.98,92.41;40.61,106.91;
#101:
>0:40.96,121.99;41.21,119.85;
#102:
>0:41.82,121.91;41.13,120.49;37.66,111.24;35.97,102.08;37.33,96.09;36.43,93.13;
#103:
>0:36.86,107.28;37.12,102.09;37.21,99.6;
#104:
>0:35.84,111.9;36.49,109.31;
#105:
>0:41.17,97.35;42.69,105.03;42.16,110.23;
#106:
>0:41.18,120.11;39.0,110.79;36.94,105.01;
#107:
>0:43.78,103.35;41.45,106.44;39.52,98.95;38.06,105.88;36.71,117.14;
#108:
>0:40.21,118.08;41.52,116.76;
#109:
>0:43.82,103.19;41.46,111.39;40.53,95.86;
#110:
>0:41.92,107.37;41.06,106.34;40.36,97.87;36.45,96.23;
#111:
>0:40.0,116.96;37.79,114.95;39.96,110.59;37.85,96.39;
#112:
>0:35.72,93.33;36.49,95.77;37.39,107.02;38.9,112.13;36.54,115.23;37.5,120.65;
#113:
>0:38.34,123.46;38.62,114.56;39.47,107.62;43.36,101.06;
#114:
>0:37.87,102.33;38.04,104.4;
#115:
>0:41.0,117.83;40.98,119.47;
#116:
>0:34.43,118.42;36.25,108.27;37.59,101.56;40.27,100.67;41.84,90.96;43.39,93.1;
#117:
>0:39.38,118.15;40.22,120.38;
#118:
>0:39.9,116.49;41.11,117.57;
#119:
>0:39.31,117.65;40.24,117.82;
#120:
>0:43.21,92.73;42.15,100.98;43.29,98.91;43.5,104.77;42.51,110.0;41.95,122.06;
#121:
>0:41.2,104.18;40.48,105.28;38.3,103.2;
#122:
>0:42.18,95.88;42.55,106.2;41.39,107.42;
#123:
>0:38.45,124.63;36.21,113.41;34.46,107.89;34.94,101.65;35.3,95.26;
#124:
>0:37.38,116.16;37.75,114.15;39.51,111.66;40.84,107.18;
#125:
>0:35.41,107.48;37.19,104.16;38.97,107.57;40.66,109.2;
#126:
>0:41.04,120.64;41.39,119.12;
#127:
>0:41.31,101.46;40.36,98.71;39.02,102.46;
#128:
>0:40.05,116.99;38.33,117.99;40.47,107.15;38.52,99.75;
#129:
>0:40.35,121.65;40.19,117.74;
#130:
>0:40.27,119.44;40.99,116.4;
#131:
>0:36.66,124.08;39.0,115.84;40.45,111.27;38.59,103.62;38.67,96.84;38.34,91.76;
#132:
>0:43.49,99.58;42.76,104.98;41.66,101.66;40.2,100.83;36.74,98.17;
#133:
>0:41.47,118.31;40.1,120.52;
#134:
>0:36.63,122.7;38.59,117.21;37.59,109.85;38.06,104.73;
#135:
>0:40.6,117.58;41.4,118.54;
#136:
>0:42.21,94.81;41.49,99.01;40.62,97.36;39.1,106.17;34.48,94.67;
#137:
>0:40.08,117.15;40.89,116.52;
#138:
>0:41.52,118.87;40.61,117.56;
#139:
>0:37.29,95.96;39.0,91.83;39.61,95.03;42.28,90.98;42.83,105.41;
#140:
>0:40.5,122.24;40.23,116.24;
#141:
>0:41.81,92.4;42.06,98.17;
#142:
>0:36.28,93.75;37.81,93.47;37.78,106.9;
#143:
>0:37.12,102.68;38.27,103.97;40.44,117.09;
#144:
>0:34.76,104.15;36.53,107.07;38.07,109.79;41.25,119.76;40.97,115.74;43.11,120.85;
#145:
>0:40.86,117.27;40.73,121.72;
#146:
>0:41.71,93.04;41.99,99.99;43.24,106.21;42.84,107.74;40.78,115.28;43.5,120.5;
#147:
>0:39.74,107.42;37.97,102.23;38.4,110.73;35.55,116.51;
#148:
>0:40.38,116.96;41.43,121.71;
#149:
>0:40.2,118.77;40.44,118.78;
#150:
>0:34.38,118.54;35.72,111.26;36.32,107.07;37.99,96.04;41.78,90.95;
#151:
>0:41.43,121.9;39.81,119.32;
#152:
>0:37.63,92.3;39.42,99.97;
#153:
>0:40.57,119.17;40.81,116.54;
#154:
>0:40.5,120.8;39.18,121.97;
#155:
>0:34.5,93.13;36.53,89.37;38.1,88.91;40.43,91.42;41.45,89.76;42.77,93.87;
#156:
>0:40.69,120.12;40.61,116.36;
#157:
>0:41.43,119.37;40.09,118.36;
#158:
>0:42.55,107.39;40.92,105.35;40.24,104.78;37.79,108.59;36.7,107.49;
#159:
>0:40.19,118.66;40.97,117.14;
#160:
>0:39.2,121.58;38.7,107.44;37.48,104.28;38.01,105.0;39.15,91.77;
#161:
>0:41.1,122.09;40.88,119.7;
#162:
>0:38.54,112.45;37.06,115.26;34.53,124.63;
#163:
>0:38.83,116.05;36.1,112.85;34.54,101.24;
#164:
>0:40.45,118.08;40.41,119.12;
#165:
>0:40.59,120.4;38.1,122.18;37.8,115.86;40.2,111.41;38.67,103.51;35.08,92.51;
#166:
>0:41.56,89.26;40.53,99.88;38.41,103.58;37.32,108.89;
#167:
>0:40.33,121.71;40.42,121.76;
#168:
>0:40.45,109.77;41.88,116.4;
#169:
>0:40.55,118.97;39.4,117.01;
#170:
>0:40.34,116.54;40.11,121.71;
#171:
>0:40.4,121.28;40.75,116.55;
#172:
>0:39.3,97.93;40.03,102.94;
#173:
>0:43.56,108.37;41.51,107.32;41.32,106.57;40.18,102.68;38.03,109.92;34.5,118.38;
#174:
>0:37.94,104.42;38.61,109.12;36.27,118.77;35.97,122.1;
#175:
>0:40.26,117.6;41.43,118.83;
#176:
>0:41.35,104.26;40.03,103.02;37.65,107.33;36.81,117.02;35.11,114.71;
#177:
>0:37.34,116.94;38.46,107.6;
#178:
>0:40.54,121.11;41.21,121.59;
#179:
>0:39.44,97.38;37.56,103.82;37.62,107.39;36.41,116.67;
#180:
>0:42.8,90.75;42.12,98.67;41.44,102.98;
#181:
>0:41.24,116.62;40.64,117.17;
#182:
>0:40.68,119.04;41.24,119.78;
#183:
>0:41.25,120.32;40.91,121.71;
#184:
>0:41.12,119.38;41.28,120.72;
#185:
>0:38.19,124.39;39.05,115.0;36.26,107.26;
#186:
>0:42.91,103.29;41.14,110.98;41.01,119.58;38.84,120.38;36.63,120.76;
#187:
>0:40.87,93.23;41.31,100.95;42.86,103.96;43.84,109.42;41.8,119.01;42.54,119.71;
#188:
>0:39.82,125.3;37.92,117.63;40.09,108.93;41.86,102.36;39.92,99.6;
#189:
>0:38.26,122.26;37.67,115.89;41.22,115.91;
#190:
>0:39.43,121.5;40.48,117.06;
#191:
>0:41.7,120.61;41.85,117.2;42.05,108.5;40.87,106.83;40.49,100.47;
#192:
>0:40.4,119.19;39.66,120.78;
#193:
>0:42.92,94.22;40.84,94.22;41.92,95.93;40.52,100.66;37.58,93.89;35.73,92.35;
#194:
>0:40.11,117.28;40.03,120.22;
#195:
>0:40.76,120.73;40.03,121.13;
#196:
>0:40.83,108.99;41.97,102.71;40.12,100.96;37.37,100.48;
#197:
>0:39.4,100.17;37.62,105.62;38.61,109.71;37.44,113.17;
#198:
>0:38.65,94.71;40.2,99.98;
#199:
>0:40.78,120.1;40.87,118.44;
#200:
>0:40.19,117.86;40.13,121.88;
#201:
>0:42.67,93.43;41.6,96.0;
#202:
>0:41.79,118.78;40.98,119.7;
#203:
>0:36.16,106.73;38.97,110.71;40.99,116.87;41.63,113.45;
#204:
>0:39.34,109.39;38.37,103.56;39.52,98.1;
#205:
>0:41.12,122.68;40.03,121.84;38.28,109.2;36.81,106.93;36.11,99.45;36.28,89.41;
#206:
>0:39.22,120.98;40.57,119.32;
#207:
>0:40.23,120.54;40.86,118.3;
