#0:
>0:40.34,90.25;40.96,100.83;
#1:
>0:38.3,89.55;37.56,97.55;37.05,101.55;39.57,108.06;
#2:
>0:39.59,123.88;38.78,115.97;36.58,112.89;37.23,106.75;34.5,100.99;
#3:
>0:40.94,118.24;40.1,120.64;
#4:
>0:37.54,117.2;36.44,114.99;
#5:
>0:40.35,123.26;38.79,113.62;39.62,112.94;40.29,101.86;39.34,96.69;37.24,93.75;
#6:
>0:39.49,99.88;39.45,92.15;
#7:
>0:41.84,118.65;43.79,107.29;43.44,103.66;
#8:
>0:39.98,118.29;41.15,119.19;
#9:
>0:42.54,122.63;41.39,116.32;40.37,113.04;40.38,102.62;40.08,98.73;37.5,94.54;
#10:
>0:39.94,120.67;41.03,117.42;
#11:
>0:35.78,96.22;34.48,104.06;34.53,111.44;
#12:
>0:37.31,93.73;38.49,97.42;39.35,105.84;42.24,112.11;43.78,108.07;
#13:
>0:38.18,111.61;38.23,103.6;34.45,103.09;
#14:
>0:40.43,118.83;41.22,118.73;
#15:
>0:34.88,109.74;37.48,104.53;38.23,109.34;40.42,113.14;39.29,103.95;43.23,99.98;
#16:
>0:41.06,121.21;40.26,115.87;
#17:
>0:42.2,104.87;41.96,104.52;
#18:
>0:40.4,117.32;37.86,107.34;37.59,105.96;34.7,102.2;
#19:
>0:34.42,105.47;37.28,101.65;36.83,112.55;40.14,116.34;
#20:
>0:39.07,108.66;40.05,108.56;40.06,106.06;40.17,92.82;
#21:
>0:39.95,93.95;41.79,96.17;43.18,106.59;42.12,109.03;43.84,113.99;
#22:
>0:39.79,94.53;38.93,92.44;36.21,90.79;34.59,90.34;
#23:
>0:41.29,103.75;41.68,112.21;43.38,116.31;
#24:
>0:36.59,116.96;36.74,108.3;41.05,118.53;
#25:
>0:37.42,106.81;37.88,111.69;40.82,119.36;41.82,114.65;42.34,125.06;
#26:
>0:40.21,90.99;41.95,95.57;43.09,103.44;41.87,108.22;43.37,117.07;
#27:
>0:40.76,119.94;39.92,118.82;
#28:
>0:40.43,116.86;40.12,119.18;
#29:
>0:38.74,110.06;37.74,102.14;34.65,101.95;
#30:
>0:43.28,97.46;41.77,90.45;40.2,92.32;40.23,96.91;38.55,91.33;35.59,93.67;
#31:
>0:40.73,118.97;40.4,117.77;
#32:
>0:37.03,118.86;38.18,109.05;
#33:
>0:35.06,119.55;35.27,115.93;36.64,108.9;37.61,118.73;41.7,105.55;
#34:
>0:43.41,100.48;40.96,104.19;39.18,113.0;38.58,119.07;
#35:
>0:35.51,102.85;35.42,106.23;
#36:
>0:42.9,93.96;40.89,95.31;42.06,102.39;
#37:
>0:36.96,89.1;39.0,100.51;
#38:
>0:34.94,115.95;36.75,110.12;37.66,110.56;40.96,121.01;42.07,117.49;43.11,113.39;
#39:
>0:43.19,95.28;42.12,88.9;40.13,94.29;40.49,98.16;36.38,110.4;
#40:
>0:38.37,91.42;38.26,100.01;37.22,106.43;37.97,109.84;41.1,115.87;
#41:
>0:35.66,107.92;34.56,118.02;
#42:
>0:41.78,102.48;39.4,108.2;
#43:
>0:41.64,114.42;42.61,108.36;43.13,101.23;
#44:
>0:40.21,119.11;37.84,112.49;36.89,110.62;34.46,102.86;37.01,91.7;
#45:
>0:42.31,118.79;40.53,110.89;39.12,105.13;
#46:
>0:40.25,118.07;40.39,119.95;
#47:
>0:35.54,107.69;36.29,106.08;37.89,109.81;
#48:
>0:40.94,118.85;40.2,120.39;
#49:
>0:35.44,98.98;34.51,104.48;34.61,113.01;
#50:
>0:40.86,118.12;40.65,117.29;
#51:
>0:37.09,117.89;37.26,123.17;37.75,115.4;40.93,115.56;
#52:
>0:36.38,114.51;38.57,112.63;34.59,102.71;
#53:
>0:40.35,121.1;40.0,120.14;
#54:
>0:35.59,103.21;36.12,105.93;38.54,115.32;
#55:
>0:39.79,117.99;40.53,121.21;
#56:
>0:40.03,93.73;38.76,94.57;37.61,101.0;37.73,110.49;
#57:
>0:42.73,100.32;42.41,101.63;42.24,101.39;40.03,110.24;40.77,121.42;
#58:
>0:43.57,90.42;41.27,91.6;39.74,92.38;37.66,91.65;37.29,91.39;36.57,96.05;36.24,102.98;34.62,104.99;
#59:
>0:39.85,92.9;39.94,97.86;38.83,102.15;38.92,108.18;
#60:
>0:39.9,102.89;41.57,97.44;43.84,95.57;
#61:
>0:34.43,103.5;36.28,105.03;36.59,110.32;37.74,119.86;
#62:
>0:41.76,106.84;41.01,106.66;
#63:
>0:35.85,121.63;35.02,118.87;37.17,108.22;38.19,111.31;42.06,122.64;
#64:
>0:40.12,120.87;41.11,119.47;
#65:
>0:35.49,121.86;36.26,121.27;
#66:
>0:38.86,111.73;39.78,111.2;
#67:
>0:37.2,114.35;36.08,122.56;37.61,118.9;41.7,113.44;
#68:
>0:39.81,119.45;40.26,118.74;
#69:
>0:39.82,99.57;39.9,91.05;
#70:
>0:42.67,97.14;41.16,89.3;39.97,95.26;39.01,105.63;37.2,110.86;
#71:
>0:43.66,112.01;42.45,114.97;41.27,110.4;40.47,101.26;39.08,110.7;34.61,103.84;
#72:
>0:41.06,121.39;42.57,116.08;43.74,109.31;43.23,101.07;
#73:
>0:39.64,122.24;40.19,120.02;39.09,111.25;39.25,107.94;39.27,99.19;
#74:
>0:41.16,119.37;40.93,119.42;
#75:
>0:38.84,112.37;40.87,120.27;42.05,115.22;43.02,114.62;
#76:
>0:40.78,120.59;39.99,116.93;
#77:
>0:39.95,100.5;39.61,92.5;
#78:
>0:38.24,91.96;40.27,95.12;41.98,101.85;42.53,109.32;
#79:
>0:38.71,100.86;40.16,104.81;41.14,108.55;
#80:
>0:41.2,115.71;40.41,115.94;
#81:
>0:40.96,103.27;41.46,109.45;41.05,114.33;
#82:
>0:41.22,116.15;40.37,116.89;
#83:
>0:34.77,118.76;36.36,107.57;38.57,102.45;39.14,100.11;41.9,90.91;
#84:
>0:35.68,89.28;36.08,95.98;38.56,106.52;
#85:
>0:39.18,93.37;40.3,96.62;43.45,104.95;
#86:
>0:42.41,102.89;42.62,98.93;
#87:
>0:43.83,90.62;41.85,92.23;40.17,90.23;38.54,92.01;38.0,100.63;36.81,99.07;35.39,105.77;
#88:
>0:43.01,121.9;42.08,113.68;41.32,110.72;39.24,105.68;41.68,95.55;
#89:
>0:36.29,101.56;34.63,95.3;38.81,93.47;
#90:
>0:39.7,117.88;41.0,118.69;
#91:
>0:35.04,94.09;36.08,99.11;
#92:
>0:36.37,121.16;37.42,118.18;39.05,110.95;37.24,105.4;
#93:
>0:35.95,90.7;34.79,98.94;35.91,103.09;
#94:
>0:41.14,121.1;39.89,117.86;
#95:
>0:36.73,115.0;36.24,117.3;
#96:
>0:39.47,103.62;39.32,107.25;
#97:
>0:39.09,111.77;39.54,108.75;40.81,95.56;
#98:
>0:40.92,118.88;39.11,110.47;37.03,103.13;
#99:
>0:43.57,100.59;41.9,103.01;40.4,111.94;38.0,119.08;
#100:
>0:38.03,98.6;40.62,104.45;40.99,112.39;
#101:
>0:39.88,116.9;40.59,116.69;
#102:
>0:37.24,97.99;36.65,101.49;36.3,112.39;38.72,109.62;39.82,120.23;
#103:
>0:40.88,118.08;39.79,116.75;
#104:
>0:39.56,111.36;41.57,101.47;40.67,98.62;
#105:
>0:38.21,108.74;39.54,108.84;41.61,107.73;
#106:
>0:42.58,102.23;41.7,105.62;41.58,111.18;39.46,101.2;38.92,110.46;35.89,104.53;
#107:
>0:40.69,92.6;40.22,95.41;39.75,103.91;36.4,111.84;
#108:
>0:37.51,95.95;36.54,101.17;38.02,105.55;37.14,117.82;
#109:
>0:40.8,115.54;39.97,117.78;
#110:
>0:36.81,106.35;37.61,113.06;40.19,116.66;42.06,116.79;43.3,125.23;
#111:
>0:43.3,99.93;41.61,93.85;
#112:
>0:34.55,106.6;37.29,110.87;
#113:
>0:35.9,113.13;36.45,101.98;36.96,98.77;35.92,93.0;
#114:
>0:37.48,102.24;38.28,109.68;40.58,119.18;40.73,116.57;43.75,124.3;
#115:
>0:42.85,92.75;41.73,92.91;40.41,92.89;38.76,94.49;36.48,92.98;35.61,89.25;
#116:
>0:40.28,117.9;40.89,117.27;
#117:
>0:35.82,100.08;35.96,106.33;34.79,108.82;
#118:
>0:37.78,99.07;37.53,103.93;34.55,108.63;35.88,116.98;35.22,119.57;
#119:
>0:43.35,110.17;43.44,117.3;
#120:
>0:41.62,100.55;42.86,95.82;
#121:
>0:40.45,120.42;39.94,115.25;
#122:
>0:34.47,90.65;36.46,91.36;38.18,94.19;40.04,90.09;42.03,91.54;
#123:
>0:40.02,119.95;40.98,120.2;
#124:
>0:40.35,115.8;41.22,116.14;
#125:
>0:39.54,123.06;38.06,117.82;40.44,111.3;39.83,104.88;39.29,100.53;37.0,90.35;
#126:
>0:37.93,97.63;39.77,89.15;41.01,89.23;
#127:
>0:35.08,121.52;35.57,113.82;36.99,113.15;37.95,112.59;41.38,123.76;
#128:
>0:40.27,117.02;40.39,116.22;
#129:
>0:40.18,89.08;39.24,100.6;39.9,105.79;40.05,107.15;
#130:
>0:40.77,102.36;40.48,99.62;37.75,98.41;
#131:
>0:40.41,118.72;41.25,119.5;
#132:
>0:42.97,94.38;42.14,95.14;39.74,92.97;39.74,97.95;38.05,91.74;35.29,91.22;
#133:
>0:40.2,117.78;40.46,121.15;
#134:
>0:39.28,122.74;41.17,118.8;37.92,107.63;39.21,111.0;39.41,99.6;
#135:
>0:38.81,109.3;39.69,110.35;40.68,102.48;43.59,106.24;
#136:
>0:42.75,116.11;42.09,111.62;39.17,106.27;38.13,110.3;36.64,112.61;35.35,100.18;
#137:
>0:39.37,108.46;41.02,110.42;
#138:
>0:39.89,96.0;37.57,100.41;
#139:
>0:41.05,117.47;40.01,118.65;
#140:
>0:36.39,106.85;38.98,103.49;
#141:
>0:39.96,118.24;41.08,109.93;39.96,106.28;40.75,97.09;38.71,93.89;
#142:
>0:37.78,104.62;36.32,106.39;37.06,118.66;
#143:
>0:41.71,105.04;39.53,110.22;38.97,107.34;36.79,103.86;
#144:
>0:38.9,112.37;39.35,112.82;41.05,112.89;
#145:
>0:39.04,108.48;39.87,118.37;41.65,119.59;
#146:
>0:41.18,107.27;39.89,107.41;38.38,107.98;
#147:
>0:35.08,98.76;37.17,103.58;36.01,108.73;37.34,113.56;
#148:
>0:40.39,115.54;41.12,115.61;
#149:
>0:34.52,89.68;36.06,91.03;37.93,90.96;39.21,93.06;42.19,94.15;
#150:
>0:40.98,117.24;40.31,120.76;
#151:
>0:40.32,90.72;39.15,97.1;38.81,103.93;37.79,107.62;
#152:
>0:35.17,118.3;35.22,115.21;
#153:
>0:38.53,116.55;36.72,115.05;34.78,116.62;
#154:
>0:41.77,113.73;39.3,112.06;38.14,102.38;
#155:
>0:43.73,97.78;41.19,106.58;40.49,108.0;38.38,116.0;
#156:
>0:39.49,122.17;39.14,117.31;40.16,111.33;39.24,102.83;40.06,97.99;36.5,89.02;
#157:
>0:42.55,124.18;40.88,117.5;42.25,107.56;39.6,104.05;41.35,96.14;
#158:
>0:42.98,101.91;41.77,111.07;40.77,119.54;37.76,122.18;
#159:
>0:43.26,105.14;42.09,110.88;40.85,120.15;38.98,114.96;
#160:
>0:39.95,115.9;41.24,120.27;
#161:
>0:34.87,96.4;36.3,104.55;37.58,108.45;40.3,101.78;
#162:
>0:34.8,121.93;35.25,115.29;36.97,109.21;35.87,103.52;37.2,99.34;
#163:
>0:37.64,125.3;40.24,120.07;41.04,112.18;
#164:
>0:39.05,113.48;40.5,109.58;41.89,104.09;
#165:
>0:39.93,117.69;40.81,109.28;39.65,101.45;43.3,100.08;
#166:
>0:40.89,90.64;40.46,93.53;40.51,96.01;38.18,101.82;35.7,110.13;
#167:
>0:40.86,117.94;40.87,115.48;
#168:
>0:41.93,102.87;41.3,103.14;
#169:
>0:41.01,118.37;41.04,116.59;
#170:
>0:41.18,115.98;40.84,121.22;
#171:
>0:38.19,124.63;36.67,121.12;37.52,115.37;38.25,103.1;
#172:
>0:36.65,109.89;36.6,103.94;39.7,108.3;
#173:
>0:41.1,119.16;42.94,112.1;43.49,102.45;
#174:
>0:43.51,103.17;43.54,108.38;
#175:
>0:34.91,123.82;37.21,118.4;38.2,112.25;39.87,116.21;41.98,117.83;43.57,114.28;
#176:
>0:41.07,115.4;39.99,117.81;
#177:
>0:41.85,100.0;39.56,93.6;38.75,91.85;
#178:
>0:39.94,118.79;40.11,117.54;
#179:
>0:39.79,118.93;40.32,116.02;
#180:
>0:35.32,90.35;36.62,89.57;39.12,89.39;40.24,88.97;42.25,89.89;
#181:
>0:41.08,119.02;39.92,120.75;
#182:
>0:34.45,106.71;36.0,102.0;37.75,117.61;
#183:
>0:39.83,116.02;39.87,116.23;
#184:
>0:36.03,114.15;36.29,113.94;
#185:
>0:35.24,111.54;37.0,103.65;36.02,98.17;
#186:
>0:36.85,116.8;38.34,110.84;39.53,108.4;42.16,115.86;43.62,123.97;
#187:
>0:40.67,116.43;40.39,118.61;
#188:
>0:41.89,89.71;39.19,98.36;39.99,101.3;39.42,108.38;
#189:
>0:40.56,119.28;40.25,116.75;
#190:
>0:39.82,118.64;41.22,117.15;
#191:
>0:37.21,103.47;36.96,105.38;
#192:
>0:40.29,100.06;38.19,103.19;36.62,109.93;36.96,119.14;
#193:
>0:35.54,105.5;36.13,103.99;38.5,111.68;40.22,109.39;39.67,104.46;43.67,98.14;
#194:
>0:39.08,94.74;38.46,99.57;36.89,104.12;36.26,111.19;40.64,118.37;
#195:
>0:40.98,117.87;41.01,119.39;
#196:
>0:42.05,96.36;40.44,104.95;38.87,110.29;36.67,114.1;37.11,122.34;
#197:
>0:37.09,100.48;38.92,93.15;39.31,98.57;
#198:
>0:40.14,120.38;40.77,119.62;
#199:
>0:35.37,99.92;35.28,103.14;36.28,106.3;37.12,113.93;
#200:
>0:40.7,117.62;40.79,115.76;
#201:
>0:34.94,117.68;35.5,114.17;
#202:
>0:42.71,102.55;40.86,103.7;39.74,109.43;43.13,124.8;
#203:
>0:40.82,116.08;40.31,116.74;
#204:
>0:35.67,125.1;36.27,124.46;
#205:
>0:42.08,113.51;39.5,110.99;38.23,102.98;36.83,96.11;
#206:
>0:42.14,125.31;41.17,119.7;38.37,110.27;38.76,102.05;38.89,95.14;
#207:
>0:43.88,104.03;43.35,112.76;
