#0:
>0:39.25,121.15;40.66,118.91;
#1:
>0:36.21,90.82;37.71,98.99;36.61,95.52;35.04,112.8;
#2:
>0:39.52,121.5;40.47,111.86;36.82,104.03;
#3:
>0:43.84,112.82;43.31,116.13;40.92,120.43;
#4:
>0:35.57,114.15;36.01,116.27;
#5:
>0:34.74,117.88;37.32,114.18;
#6:
>0:36.86,115.14;38.09,111.07;40.52,106.42;
#7:
>0:35.65,123.0;36.63,122.03;37.55,114.09;40.27,119.86;
#8:
>0:35.56,108.64;36.47,116.75;35.73,124.16;
#9:
>0:40.53,119.64;40.96,117.85;
#10:
>0:40.17,119.06;40.41,116.65;
#11:
>0:40.39,99.21;39.93,102.59;
#12:
>0:40.96,120.31;40.4,118.47;
#13:
>0:41.21,98.31;40.82,102.92;40.19,111.44;37.48,105.97;
#14:
>0:39.92,111.17;38.71,101.24;
#15:
>0:40.58,121.03;40.83,117.81;
#16:
>0:42.77,104.01;42.15,110.53;41.74,114.9;40.71,122.04;36.27,117.35;
#17:
>0:43.73,105.56;42.11,108.81;41.03,103.34;40.15,111.6;36.69,102.37;
#18:
>0:39.45,116.5;39.55,120.13;
#19:
>0:39.9,121.33;40.82,116.59;
#20:
>0:35.53,95.07;36.79,104.66;35.12,107.92;34.59,114.22;36.16,119.95;
#21:
>0:35.29,120.15;36.64,122.58;37.62,115.98;41.12,119.64;
#22:
>0:37.56,101.09;39.87,109.12;38.26,111.22;38.42,119.32;
#23:
>0:41.56,93.51;40.66,99.76;
#24:
>0:40.77,104.43;40.58,110.41;
#25:
>0:39.25,119.91;40.0,118.47;
#26:
>0:41.37,95.18;42.77,102.43;41.49,104.31;41.32,114.72;
#27:
>0:37.18,89.11;38.86,99.69;38.99,101.13;39.54,113.0;43.19,108.54;
#28:
>0:41.21,117.99;40.09,118.08;
#29:
>0:35.85,116.83;37.2,111.71;39.09,102.5;37.59,96.51;41.5,92.38;
#30:
>0:43.82,112.01;43.41,106.01;
#31:
>0:40.5,118.44;40.88,117.37;
#32:
>0:39.36,117.41;41.38,117.48;
#33:
>0:39.7,111.6;38.23,111.6;38.72,115.73;34.72,123.94;
#34:
>0:35.2,92.23;35.74,95.61;37.11,99.67;36.23,105.56;34.51,109.97;35.92,121.94;
#35:
>0:38.58,111.8;36.66,106.13;36.19,95.48;
#36:
>0:39.61,95.03;38.15,104.32;36.59,111.77;35.62,114.38;
#37:
>0:37.2,95.38;36.57,103.14;38.08,110.01;41.37,99.09;
#38:
>0:41.27,103.96;43.9,109.74;
#39:
>0:40.83,91.22;39.26,98.9;37.91,103.84;36.84,106.75;
#40:
>0:39.04,110.48;35.99,114.08;
#41:
>0:40.74,117.17;40.38,118.78;
#42:
>0:40.49,117.71;40.76,118.77;
#43:
>0:35.62,100.15;36.42,100.57;38.11,96.19;
#44:
>0:36.53,98.16;38.43,101.62;
#45:
>0:39.58,120.53;39.89,118.85;
#46:
>0:42.93,111.23;43.42,107.59;
#47:
>0:40.9,121.85;40.47,117.06;
#48:
>0:39.78,121.03;39.96,119.08;
#49:
>0:40.92,107.07;43.22,109.5;41.29,111.98;43.34,122.76;
#50:
>0:43.55,113.15;42.14,108.85;40.36,121.17;
#51:
>0:36.63,123.5;38.1,114.13;40.98,118.69;40.76,113.07;
#52:
>0:34.8,101.79;36.89,112.18;35.97,114.13;37.06,120.95;
#53:
>0:40.37,118.53;39.94,119.9;
#54:
>0:42.9,101.66;41.96,102.52;42.03,114.21;
#55:
>0:41.08,93.31;40.56,92.5;40.66,96.71;37.92,102.1;34.41,91.56;
#56:
>0:34.68,118.33;36.32,111.41;36.55,103.81;36.66,98.86;
#57:
>0:40.33,120.86;40.17,118.25;
#58:
>0:40.67,119.77;39.47,120.49;
#59:
>0:41.06,117.27;40.74,121.47;
#60:
>0:40.2,116.43;41.51,120.57;
#61:
>0:40.45,120.4;40.43,118.12;
#62:
>0:42.18,92.69;39.9,98.65;38.26,106.9;37.43,102.43;
#63:
>0:37.7,125.24;40.62,118.54;41.67,116.27;
#64:
>0:35.11,112.37;37.45,115.41;38.25,107.76;39.93,102.17;39.63,108.36;43.29,112.93;
#65:
>0:42.8,91.05;41.85,95.64;42.24,105.33;39.08,112.76;
#66:
>0:40.76,119.02;39.64,120.78;
#67:
>0:40.27,121.03;39.74,116.57;
#68:
>0:36.55,118.2;38.91,107.69;39.39,104.6;
#69:
>0:38.28,102.15;36.04,99.2;
#70:
>0:39.53,117.08;40.18,122.12;
#71:
>0:41.11,119.87;39.61,116.93;
#72:
>0:34.5,112.43;36.52,117.01;38.22,110.68;40.33,106.78;39.94,113.13;43.81,107.98;
#73:
>0:42.85,99.57;42.67,102.91;41.02,109.14;41.37,118.07;
#74:
>0:40.62,121.54;40.68,119.49;
#75:
>0:37.83,98.62;40.35,93.21;41.1,89.74;43.89,105.44;
#76:
>0:39.26,92.74;42.07,94.2;
#77:
>0:40.14,99.64;40.94,96.26;41.67,107.11;
#78:
>0:36.47,94.07;38.87,99.28;39.67,91.06;42.3,92.77;42.78,101.04;
#79:
>0:43.03,99.74;41.62,103.46;40.5,110.88;38.45,110.61;36.19,104.97;35.58,103.47;
#80:
>0:36.65,101.97;36.15,111.69;39.98,117.58;
#81:
>0:38.0,94.54;36.39,95.79;36.55,102.84;36.54,112.2;36.05,114.16;
#82:
>0:40.95,89.4;40.9,95.18;
#83:
>0:40.56,121.27;40.5,118.99;
#84:
>0:41.52,119.92;41.22,116.6;
#85:
>0:37.73,121.11;40.24,118.67;40.19,110.93;38.6,112.32;41.0,95.24;
#86:
>0:41.61,93.24;43.87,96.14;
#87:
>0:42.13,92.1;40.01,89.02;40.0,99.96;38.35,104.96;34.55,89.59;
#88:
>0:40.53,118.65;41.28,118.27;
#89:
>0:41.16,89.23;39.96,100.88;
#90:
>0:41.4,107.09;43.49,109.23;40.9,109.04;41.82,121.93;
#91:
>0:41.19,119.27;41.43,119.31;
#92:
>0:40.23,100.45;39.28,102.19;41.94,109.97;
#93:
>0:41.42,92.25;43.75,100.92;42.49,106.85;42.19,109.89;38.72,113.52;
#94:
>0:42.32,113.67;41.94,107.28;41.29,105.22;39.78,111.06;35.99,105.35;
#95:
>0:39.17,117.24;41.24,118.45;
#96:
>0:39.48,120.15;41.43,121.19;
#97:
>0:40.81,120.87;40.65,119.44;
#98:
>0:42.35,93.51;41.1,96.61;41.75,103.83;38.98,109.27;
#99:
>0:41.31,121.57;41.44,116.63;
#100:
>0:37.96,106.07;40.73,110.78;41.99,113.31;40.1,119.95;
#101:
>0:37.57,111.28;36.42,117.62;
#102:
>0:37.9,122.65;41.16,120.08;39.69,107.2;41.3,102.29;43.68,100.53;
#103:
>0:37.21,91.93;38.44,96.92;39.45,90.2;40.12,98.52;43.0,92.78;
#104:
>0:35.54,90.58;34.91,100.88;36.16,97.4;34.68,108.93;
#105:
>0:36.71,93.19;39.06,98.72;36.43,99.34;36.65,103.61;37.23,109.0;38.83,125.05;
#106:
>0:38.99,99.52;38.82,103.63;40.4,108.01;41.42,115.23;39.69,125.09;
#107:
>0:41.7,90.3;42.95,93.94;42.4,106.04;
#108:
>0:43.25,101.97;40.97,111.56;41.68,104.99;39.45,112.4;36.84,106.61;
#109:
>0:40.76,109.28;42.92,108.11;42.01,122.35;
#110:
>0:41.39,119.6;40.98,119.47;
#111:
>0:38.34,89.59;37.78,96.09;37.86,101.3;38.51,110.88;
#112:
>0:36.47,95.42;36.53,106.77;39.04,107.41;40.68,104.15;43.9,105.13;
#113:
>0:35.39,112.56;36.32,115.78;37.58,111.22;40.18,104.76;39.77,107.66;42.96,110.67;
#114:
>0:38.41,109.47;39.42,107.89;41.04,102.77;43.15,92.6;
#115:
>0:41.35,120.48;39.31,116.47;38.12,108.46;37.51,103.12;34.98,101.38;
#116:
>0:38.72,122.51;40.78,117.74;41.65,114.77;
#117:
>0:35.3,107.45;34.96,104.54;
#118:
>0:37.55,110.27;35.34,110.81;
#119:
>0:39.77,117.95;40.24,116.82;
#120:
>0:34.48,124.09;35.14,115.5;
#121:
>0:38.5,92.36;36.36,99.91;36.86,101.85;37.78,111.27;37.37,116.7;
#122:
>0:43.28,94.7;41.78,100.92;42.17,104.43;39.14,110.43;38.98,108.19;36.42,101.96;38.75,107.74;37.17,103.77;35.6,105.41;
#123:
>0:36.16,92.76;38.14,97.18;40.05,92.15;41.54,90.0;43.08,103.79;
#124:
>0:35.55,122.55;34.77,116.14;
#125:
>0:40.14,120.95;40.33,121.51;
#126:
>0:43.13,111.73;42.56,101.67;
#127:
>0:40.75,121.02;40.29,120.83;
#128:
>0:41.52,118.94;39.98,121.25;
#129:
>0:38.03,105.1;40.23,107.64;42.21,102.82;43.54,91.74;
#130:
>0:37.72,124.44;40.08,120.02;41.74,124.55;43.02,123.96;
#131:
>0:34.5,112.48;37.06,102.29;37.75,105.89;
#132:
>0:40.39,120.9;38.37,122.48;36.72,119.82;
#133:
>0:39.84,119.53;39.03,124.13;35.96,124.18;
#134:
>0:43.88,124.6;43.13,122.64;
#135:
>0:43.64,106.37;40.74,97.67;39.88,92.45;40.43,98.15;36.92,99.48;
#136:
>0:41.03,118.85;40.06,119.17;
#137:
>0:36.31,121.66;38.32,116.26;40.34,112.45;41.91,104.97;43.5,96.65;
#138:
>0:35.38,113.68;37.14,110.93;36.14,106.51;37.32,97.46;
#139:
>0:40.34,122.21;40.18,120.68;
#140:
>0:42.44,113.26;41.91,109.93;40.75,102.65;40.16,111.02;37.26,106.36;
#141:
>0:41.17,119.85;39.61,118.56;
#142:
>0:42.46,113.97;43.75,123.48;
#143:
>0:36.93,98.13;36.84,104.46;37.68,112.87;41.29,100.91;
#144:
>0:40.35,121.27;40.82,122.21;
#145:
>0:39.23,121.19;40.72,116.7;
#146:
>0:38.97,102.53;36.0,112.43;
#147:
>0:40.46,116.93;40.49,118.26;
#148:
>0:36.87,112.4;38.03,110.95;40.42,103.5;41.67,89.61;
#149:
>0:40.66,117.98;40.31,121.96;
#150:
>0:41.59,120.85;41.92,114.05;
#151:
>0:38.76,92.56;40.35,96.53;41.04,106.38;39.37,111.73;42.31,119.2;42.84,120.38;
#152:
>0:40.19,96.51;40.1,103.56;
#153:
>0:41.35,119.86;40.93,117.93;
#154:
>0:34.89,93.45;34.94,99.46;36.32,99.01;35.69,109.48;
#155:
>0:40.05,119.35;39.94,122.11;
#156:
>0:41.64,118.66;39.98,111.01;40.32,105.21;39.81,95.41;
#157:
>0:41.33,120.31;40.48,117.34;
#158:
>0:42.27,110.11;42.26,115.93;40.46,121.44;37.2,118.26;
#159:
>0:39.16,117.6;41.31,122.02;
#160:
>0:39.54,121.55;41.74,114.98;42.08,109.05;
#161:
>0:40.42,107.55;37.91,110.81;38.86,119.46;
#162:
>0:40.57,120.91;41.23,117.97;
#163:
>0:40.39,121.14;41.0,119.29;
#164:
>0:39.09,122.87;40.77,120.55;42.15,115.37;
#165:
>0:37.1,108.98;38.6,111.04;39.18,102.15;42.04,94.64;
#166:
>0:36.76,99.14;37.42,93.64;37.76,98.28;39.22,91.85;42.99,104.77;
#167:
>0:37.93,90.65;36.35,96.04;36.43,106.12;38.26,112.93;36.49,116.78;
#168:
>0:43.82,98.92;42.32,103.16;41.78,107.15;40.93,116.24;
#169:
>0:38.81,89.69;37.58,99.32;
#170:
>0:37.56,117.69;36.19,108.35;36.47,105.53;34.85,96.5;35.45,94.49;
#171:
>0:38.63,93.07;40.17,99.34;41.0,89.1;43.6,102.0;
#172:
>0:41.58,95.56;42.37,104.7;
#173:
>0:39.88,120.06;39.88,117.33;
#174:
>0:35.33,111.56;36.68,115.32;37.55,109.52;39.9,103.16;41.04,110.84;43.29,108.88;
#175:
>0:40.16,117.62;41.45,116.64;
#176:
>0:37.82,93.55;39.68,98.82;38.42,104.51;39.77,112.18;40.61,121.46;
#177:
>0:43.84,112.6;41.58,110.83;41.68,101.75;39.2,108.81;37.18,105.05;
#178:
>0:37.19,90.16;37.76,95.3;39.07,106.74;38.97,112.18;
#179:
>0:37.79,94.09;36.63,96.67;37.14,101.79;36.77,111.23;35.95,114.44;
#180:
>0:40.23,120.24;40.8,117.8;
#181:
>0:41.51,119.39;41.18,119.04;
#182:
>0:35.56,104.67;36.92,96.55;38.52,100.41;40.6,96.37;
#183:
>0:41.05,119.18;40.47,118.76;
#184:
>0:40.12,119.61;40.55,122.17;
#185:
>0:35.8,116.52;36.36,113.85;
#186:
>0:40.34,108.47;38.37,111.43;38.48,96.03;
#187:
>0:38.09,112.9;40.44,112.73;41.1,105.14;43.74,94.15;
#188:
>0:41.29,118.03;40.29,118.47;
#189:
>0:40.92,90.31;40.95,98.14;
#190:
>0:39.87,119.9;39.96,120.42;
#191:
>0:38.18,108.37;36.68,108.02;34.99,108.44;
#192:
>0:43.19,93.23;42.2,100.01;43.28,106.57;39.56,109.16;
#193:
>0:41.36,115.53;39.36,112.98;38.14,109.45;36.56,103.04;36.62,89.11;
#194:
>0:39.23,121.12;40.19,120.25;
#195:
>0:38.89,113.15;37.61,104.98;
#196:
>0:36.99,100.97;36.79,105.08;38.36,109.47;39.97,108.94;42.31,120.77;
#197:
>0:37.75,109.67;39.57,107.55;40.83,120.9;
#198:
>0:40.26,107.72;37.84,111.34;39.03,119.74;
#199:
>0:38.04,93.56;37.05,97.49;37.49,102.68;37.53,112.31;37.55,114.32;
#200:
>0:42.07,105.78;39.48,98.29;37.59,93.87;
#201:
>0:41.41,116.76;39.47,117.33;
#202:
>0:39.39,119.3;40.55,121.82;
#203:
>0:35.56,112.58;35.16,105.55;
#204:
>0:39.29,106.05;38.16,99.14;36.75,93.91;
#205:
>0:40.4,119.03;41.03,120.79;
#206:
>0:43.74,90.49;41.47,95.47;40.67,101.58;39.09,111.22;37.5,111.71;
#207:
>0:40.56,119.8;40.41,117.81;
