#0:
>0:40.82,122.22;39.42,117.53;38.81,107.18;37.57,105.31;37.25,103.02;35.17,91.91;
#1:
>0:41.12,116.38;41.44,121.84;
#2:
>0:36.63,98.79;37.94,99.43;39.87,102.78;40.06,108.56;43.23,111.07;
#3:
>0:39.79,108.8;38.01,105.94;37.15,98.78;
#4:
>0:41.0,116.96;40.22,120.14;
#5:
>0:40.94,121.61;39.03,107.29;36.94,111.95;
#6:
>0:41.42,117.92;39.62,121.99;
#7:
>0:42.54,117.74;42.83,108.26;41.97,109.49;40.39,106.11;38.26,104.41;35.92,107.52;
#8:
>0:35.38,114.57;34.4,113.13;37.52,108.09;35.85,98.34;
#9:
>0:40.6,117.74;40.24,120.41;
#10:
>0:35.59,110.22;37.47,106.07;37.98,96.87;
#11:
>0:39.09,105.57;39.27,96.79;41.77,91.75;42.33,91.86;
#12:
>0:39.82,102.64;42.01,103.8;43.61,104.28;
#13:
>0:40.73,121.05;40.37,118.33;
#14:
>0:36.82,120.32;38.87,120.01;40.61,123.48;40.29,118.19;42.6,104.7;
#15:
>0:41.26,116.68;41.06,119.97;
#16:
>0:40.49,118.46;39.71,117.9;
#17:
>0:34.52,117.95;35.06,120.26;36.61,117.17;38.11,107.41;42.23,103.1;
#18:
>0:41.06,117.06;41.0,116.63;
#19:
>0:37.1,114.67;39.1,110.38;39.42,101.89;40.02,98.36;
#20:
>0:40.08,117.38;40.64,116.66;
#21:
>0:40.1,116.97;39.23,118.61;
#22:
>0:37.56,118.86;36.92,123.73;34.44,108.68;
#23:
>0:39.99,118.94;39.57,120.48;
#24:
>0:41.42,120.88;40.78,119.35;
#25:
>0:37.96,112.68;40.8,116.51;41.27,122.82;43.07,123.49;
#26:
>0:41.15,119.28;40.95,121.98;
#27:
>0:35.86,117.66;37.21,108.8;37.02,103.96;36.07,96.69;
#28:
>0:39.96,103.3;38.69,106.49;36.29,108.26;37.02,122.1;
#29:
>0:40.47,116.88;40.36,120.0;
#30:
>0:36.78,105.49;37.5,98.5;
#31:
>0:40.85,119.85;40.17,118.57;
#32:
>0:39.95,122.15;40.34,116.35;38.02,109.66;40.38,102.91;41.02,99.97;38.43,91.01;
#33:
>0:36.81,114.91;38.88,108.61;39.92,105.25;39.58,99.62;
#34:
>0:40.08,119.95;40.69,121.53;
#35:
>0:38.58,94.98;37.28,92.82;35.36,89.27;
#36:
>0:41.3,117.21;41.52,117.84;
#37:
>0:40.75,120.98;40.52,120.49;
#38:
>0:40.09,122.23;39.85,119.84;
#39:
>0:40.72,121.23;40.34,122.09;
#40:
>0:34.42,97.1;35.34,94.77;
#41:
>0:41.28,119.49;40.16,116.24;
#42:
>0:40.59,120.21;41.31,119.65;
#43:
>0:43.9,103.13;42.8,111.31;41.82,109.45;40.38,101.27;38.41,102.49;34.39,101.55;
#44:
>0:39.05,115.52;38.26,109.64;
#45:
>0:38.23,121.08;39.99,125.02;39.97,116.27;38.7,112.08;34.62,100.35;
#46:
>0:37.66,94.69;39.44,93.42;41.03,95.04;42.82,100.81;
#47:
>0:43.81,106.53;41.16,98.62;40.45,103.29;38.03,103.8;36.02,102.9;35.02,90.52;
#48:
>0:35.4,108.26;36.75,105.46;38.3,99.07;40.52,98.75;
#49:
>0:40.84,95.08;40.16,91.48;37.79,98.52;36.12,103.55;
#50:
>0:40.8,106.77;39.99,109.5;39.11,119.02;37.29,114.26;
#51:
>0:36.55,120.53;37.69,120.87;35.73,112.73;
#52:
>0:40.27,121.02;41.23,121.52;
#53:
>0:40.39,117.98;39.96,116.26;
#54:
>0:41.06,119.25;37.96,107.27;37.36,106.91;
#55:
>0:38.15,112.81;39.94,103.97;39.81,99.1;
#56:
>0:34.42,90.57;36.1,88.98;38.59,99.81;38.3,102.42;36.3,116.53;
#57:
>0:41.25,120.73;40.4,120.69;
#58:
>0:40.02,118.51;40.62,116.64;
#59:
>0:40.28,117.8;39.91,119.04;
#60:
>0:40.65,116.34;41.27,121.47;
#61:
>0:34.69,108.52;36.93,119.0;
#62:
>0:43.46,99.22;42.05,103.17;40.51,111.43;38.65,116.57;40.69,121.32;
#63:
>0:39.66,117.38;39.79,117.53;
#64:
>0:41.0,116.86;41.46,118.95;
#65:
>0:40.26,111.58;38.45,101.86;36.68,100.89;
#66:
>0:40.24,117.78;39.96,118.03;
#67:
>0:43.32,118.38;43.77,109.33;42.35,106.83;42.68,99.17;43.77,93.79;
#68:
>0:39.02,112.83;40.55,103.91;40.39,95.55;
#69:
>0:42.48,99.38;42.28,101.06;39.15,108.29;38.41,117.44;39.29,120.85;
#70:
>0:37.63,89.44;39.92,96.74;39.96,102.75;40.45,108.95;38.4,114.83;40.72,121.29;
#71:
>0:42.8,115.37;43.55,107.32;41.77,111.01;40.37,102.52;38.01,91.51;
#72:
>0:40.26,119.76;39.98,121.73;
#73:
>0:40.39,118.94;39.66,119.78;
#74:
>0:43.88,112.98;41.83,112.9;39.61,96.05;
#75:
>0:35.81,111.74;36.44,109.57;36.08,102.72;37.28,92.0;
#76:
>0:36.61,90.9;38.6,98.32;38.75,105.67;
#77:
>0:36.55,122.83;38.09,119.92;36.6,118.26;38.32,111.67;38.36,98.75;
#78:
>0:40.91,116.9;41.15,120.18;
#79:
>0:40.08,117.31;41.45,120.97;
#80:
>0:40.46,118.28;39.65,120.14;
#81:
>0:41.44,110.97;40.27,105.58;37.68,103.74;37.54,107.03;34.88,103.45;
#82:
>0:40.08,117.66;40.72,121.4;
#83:
>0:43.42,124.32;41.62,114.43;40.44,111.98;39.09,104.03;36.68,104.16;34.4,93.73;
#84:
>0:36.52,117.52;38.26,113.35;40.24,119.93;41.38,118.92;42.8,117.83;
#85:
>0:39.99,118.89;40.97,120.04;
#86:
>0:41.38,107.16;43.26,115.02;
#87:
>0:40.9,116.5;39.98,119.47;
#88:
>0:40.67,124.34;40.04,123.8;
#89:
>0:39.8,107.85;39.1,104.27;36.47,97.64;
#90:
>0:42.89,103.35;43.08,108.56;41.36,115.39;40.12,107.18;36.82,123.77;
#91:
>0:43.75,116.98;43.64,108.13;42.24,107.15;39.73,106.49;38.16,101.67;35.52,112.01;
#92:
>0:40.66,111.73;41.73,112.38;38.82,96.0;
#93:
>0:40.65,116.23;41.16,120.01;
#94:
>0:39.6,118.3;40.16,117.48;
#95:
>0:41.29,119.07;40.1,119.53;
#96:
>0:41.73,96.5;39.38,105.02;38.84,105.43;35.99,111.64;35.43,122.75;
#97:
>0:35.24,94.26;35.84,97.57;36.86,100.28;37.53,101.5;37.03,117.15;
#98:
>0:40.59,120.05;40.77,124.71;43.39,123.64;
#99:
>0:35.45,124.19;36.56,119.16;37.7,109.92;39.15,105.24;41.38,99.76;42.62,93.62;
#100:
>0:41.26,119.32;40.94,120.98;
#101:
>0:40.72,120.33;40.51,118.33;
#102:
>0:39.83,116.52;40.74,116.48;
#103:
>0:41.11,120.04;40.4,116.63;
#104:
>0:40.89,106.49;41.25,110.03;38.86,101.16;
#105:
>0:39.93,120.12;39.33,119.17;
#106:
>0:39.98,119.59;39.7,121.58;
#107:
>0:40.68,119.4;41.0,116.58;
#108:
>0:41.12,106.66;40.69,100.63;
#109:
>0:41.05,118.88;40.34,121.46;
#110:
>0:38.38,110.04;38.7,113.61;
#111:
>0:42.36,118.9;41.96,121.84;39.29,120.8;37.88,119.45;
#112:
>0:36.34,117.29;37.89,108.13;39.29,103.75;39.9,99.03;
#113:
>0:41.41,117.4;40.19,116.31;
#114:
>0:41.44,118.37;40.9,120.93;
#115:
>0:36.0,125.22;36.95,115.03;35.45,109.03;36.99,106.0;
#116:
>0:41.1,117.99;41.42,122.18;
#117:
>0:40.17,121.93;39.96,122.1;
#118:
>0:40.01,104.95;41.56,101.04;42.84,104.24;
#119:
>0:40.43,117.07;40.83,120.28;
#120:
>0:42.11,103.18;39.73,98.59;
#121:
>0:40.19,120.64;41.05,117.41;
#122:
>0:39.17,109.4;37.65,106.68;36.11,97.97;
#123:
>0:41.75,97.2;43.78,102.4;43.58,108.27;
#124:
>0:40.02,100.35;40.67,102.92;40.89,106.02;38.73,116.84;
#125:
>0:39.85,119.33;40.0,120.23;37.56,108.64;38.76,103.55;36.73,104.65;35.98,91.2;
#126:
>0:39.77,120.1;40.49,118.02;
#127:
>0:37.13,115.72;38.45,118.2;40.57,117.17;
#128:
>0:40.54,120.45;41.31,116.75;
#129:
>0:38.77,106.16;40.28,96.6;41.59,93.39;43.37,91.2;
#130:
>0:41.19,119.24;41.37,118.85;
#131:
>0:40.18,120.66;40.23,111.05;42.95,101.88;
#132:
>0:40.97,119.39;40.39,124.23;
#133:
>0:34.53,114.49;36.63,111.95;38.71,110.13;37.27,105.31;36.48,91.44;
#134:
>0:39.65,119.87;41.06,119.66;
#135:
>0:43.28,88.92;43.08,100.29;42.58,102.26;42.58,107.84;
#136:
>0:40.42,118.41;41.31,122.0;
#137:
>0:43.83,115.4;42.78,107.9;43.62,106.96;42.79,96.93;42.47,89.88;
#138:
>0:42.02,111.4;39.65,106.68;39.06,102.85;36.77,116.77;
#139:
>0:38.3,123.12;40.68,121.75;39.32,119.54;38.97,105.87;
#140:
>0:40.37,121.86;40.75,119.25;
#141:
>0:40.69,117.52;40.08,117.77;
#142:
>0:41.21,102.44;39.21,96.01;38.69,94.67;37.24,92.41;35.86,89.5;
#143:
>0:40.82,116.39;41.01,118.89;
#144:
>0:41.9,109.88;39.31,101.92;37.81,103.62;37.0,106.13;34.95,102.2;
#145:
>0:40.42,121.46;39.34,120.75;
#146:
>0:39.46,98.81;39.57,104.43;40.64,113.16;
#147:
>0:40.35,120.66;40.38,119.98;
#148:
>0:42.85,122.47;43.58,116.38;
#149:
>0:41.72,117.58;42.7,123.44;
#150:
>0:41.66,118.29;43.86,123.45;
#151:
>0:41.62,109.11;40.69,108.99;
#152:
>0:37.21,120.31;38.13,122.31;35.23,108.38;
#153:
>0:39.41,119.53;40.27,119.6;
#154:
>0:42.25,105.39;39.55,107.69;39.19,117.98;
#155:
>0:39.32,107.54;40.91,112.26;38.67,99.37;
#156:
>0:43.23,105.59;43.64,96.45;41.94,93.36;37.66,92.61;
#157:
>0:35.8,98.61;35.42,93.12;
#158:
>0:36.36,124.91;37.42,115.29;39.26,108.98;
#159:
>0:40.5,119.94;40.13,121.82;
#160:
>0:40.69,119.76;41.1,119.54;
#161:
>0:42.26,117.88;39.84,111.65;39.06,119.06;36.33,121.37;35.76,121.12;
#162:
>0:40.04,121.04;40.32,117.0;
#163:
>0:42.41,104.16;43.46,110.3;43.78,118.18;
#164:
>0:40.02,116.27;41.45,121.09;
#165:
>0:40.89,108.12;39.95,104.91;38.48,106.25;36.97,107.3;34.37,124.19;
#166:
>0:42.36,114.24;40.87,125.15;40.0,120.38;38.43,123.27;
#167:
>0:40.99,116.87;40.91,122.06;
#168:
>0:40.33,103.82;42.2,104.93;43.14,105.75;
#169:
>0:40.55,117.2;41.28,121.78;
#170:
>0:39.42,116.65;39.72,120.45;
#171:
>0:40.11,122.0;40.49,116.32;
#172:
>0:42.58,111.56;41.94,114.68;40.54,110.86;38.3,121.88;
#173:
>0:40.42,121.29;40.68,120.14;
#174:
>0:41.01,114.57;39.28,110.52;38.94,114.78;37.05,124.97;34.58,122.53;
#175:
>0:40.04,112.37;41.28,108.26;37.88,97.34;
#176:
>0:35.81,110.53;35.39,106.48;37.19,110.64;38.57,112.77;40.75,98.99;
#177:
>0:40.14,120.23;40.01,116.58;
#178:
>0:36.49,113.83;37.81,111.83;39.51,111.44;38.68,96.84;
#179:
>0:36.23,120.37;38.27,119.34;36.87,118.84;37.83,110.92;37.95,100.41;
#180:
>0:34.53,113.89;37.54,107.93;37.43,101.81;36.41,95.7;
#181:
>0:40.27,119.61;39.67,117.45;
#182:
>0:40.26,118.91;39.57,116.39;
#183:
>0:40.29,118.97;39.32,117.55;
#184:
>0:42.54,118.75;42.29,109.85;40.03,109.26;
#185:
>0:38.87,111.08;39.78,103.93;41.21,104.43;43.63,104.16;
#186:
>0:41.42,124.89;41.13,119.37;37.79,116.3;
#187:
>0:35.65,113.33;36.35,108.54;37.19,102.36;36.69,99.22;
#188:
>0:38.38,124.33;39.73,120.61;40.43,117.25;40.04,104.97;
#189:
>0:43.83,100.52;41.45,104.96;43.52,104.87;41.16,118.58;
#190:
>0:36.75,103.08;37.75,103.76;39.52,111.14;41.63,108.74;42.78,101.37;41.12,93.68;
#191:
>0:37.26,114.64;38.96,108.26;39.54,105.29;39.33,100.93;
#192:
>0:37.42,93.35;38.48,97.23;
#193:
>0:40.17,121.61;40.88,118.48;
#194:
>0:37.66,111.95;37.97,107.09;34.49,109.86;
#195:
>0:42.45,115.92;41.96,110.57;40.58,101.14;40.87,98.32;38.35,92.19;
#196:
>0:43.49,124.4;41.45,116.28;40.51,107.22;37.66,102.76;36.9,104.58;35.5,90.79;
#197:
>0:40.58,122.1;41.29,121.29;
#198:
>0:36.48,124.32;38.85,125.15;39.3,121.36;41.27,117.48;43.83,101.16;
#199:
>0:41.24,122.16;39.98,117.2;
#200:
>0:41.51,111.25;40.03,102.02;38.39,106.09;
#201:
>0:42.18,122.97;40.55,121.26;
#202:
>0:40.51,119.42;37.63,108.41;40.25,106.57;41.58,100.2;39.02,93.39;
#203:
>0:39.93,104.16;38.84,97.03;
#204:
>0:41.44,119.04;40.38,117.2;
#205:
>0:36.61,116.13;38.82,118.69;40.22,121.72;
#206:
>0:41.0,120.44;40.29,117.54;
#207:
>0:42.79,125.12;43.02,116.1;40.98,110.32;40.69,105.82;37.8,104.03;35.0,115.32;
