#0:
>0:39.91,117.14;39.92,116.51;
#1:
>0:39.84,117.36;39.84,117.49;39.9,118.19;39.93,118.95;39.94,118.41;
#2:
>0:39.93,117.79;39.95,117.72;
#3:
>0:39.96,116.53;39.97,116.35;39.91,117.28;39.88,117.43;39.86,117.55;39.84,117.87;
#4:
>0:39.94,117.51;39.98,117.78;39.97,116.84;
#5:
>0:39.84,116.97;39.87,117.94;39.9,117.12;39.92,117.64;39.91,116.91;39.98,117.06;
#6:
>0:39.93,116.66;39.93,117.06;39.97,117.51;39.98,118.05;39.98,118.71;
#7:
>0:39.98,119.48;39.95,119.21;39.95,118.54;39.9,118.08;39.88,117.35;
#8:
>0:39.82,119.21;39.87,118.77;39.88,119.16;39.9,118.81;39.96,118.6;39.98,117.67;
#9:
>0:39.93,116.94;39.92,116.75;
#10:
>0:39.92,119.26;39.88,119.24;39.85,118.77;39.84,117.61;
#11:
>0:39.84,117.71;39.89,117.98;39.89,118.7;39.93,118.71;39.97,118.65;
#12:
>0:39.83,118.33;39.82,117.66;
#13:
>0:39.89,118.22;39.89,118.87;39.93,119.56;
#14:
>0:39.94,118.15;39.95,117.58;39.91,117.27;39.86,117.68;
#15:
>0:39.82,116.72;39.86,117.24;
#16:
>0:39.86,117.51;39.82,117.87;39.85,118.0;39.85,119.56;
#17:
>0:39.9,117.66;39.95,118.22;
