#0:
>0:39.88,118.21;39.9,118.92;
#1:
>0:39.96,117.29;39.94,117.69;39.89,117.9;
#2:
>0:39.97,116.36;39.95,116.65;39.96,116.83;
#3:
>0:39.84,119.4;39.85,119.51;39.87,118.52;39.82,118.66;39.86,118.91;39.91,119.21;
#4:
>0:39.87,119.52;39.92,118.74;39.94,118.28;39.91,118.16;39.87,117.85;39.87,116.59;
#5:
>0:39.92,116.37;39.88,117.01;39.86,117.9;39.82,118.29;39.85,118.56;39.88,119.58;
#6:
>0:39.92,117.07;39.94,117.54;39.97,117.96;39.97,118.92;39.98,119.52;
#7:
>0:39.98,116.38;39.95,116.8;39.97,117.4;39.94,116.49;
#8:
>0:39.87,118.84;39.89,118.92;39.91,118.53;
#9:
>0:39.96,116.88;39.94,117.68;39.9,117.51;39.89,118.05;39.89,119.1;
#10:
>0:39.83,116.43;39.84,116.57;39.9,116.66;39.91,117.08;39.95,116.97;
#11:
>0:39.87,118.96;39.88,118.77;39.9,119.18;
#12:
>0:39.91,118.23;39.96,117.64;39.98,117.14;
#13:
>0:39.85,117.42;39.87,117.45;39.89,118.63;
#14:
>0:39.84,118.29;39.85,117.79;39.87,117.88;39.89,117.41;39.96,117.38;
#15:
>0:39.87,119.41;39.89,118.65;39.93,118.38;39.95,117.43;39.97,117.03;39.96,116.72;
#16:
>0:39.93,117.65;39.93,117.27;39.92,116.41;
#17:
>0:39.83,118.54;39.82,118.42;
