#0:
>0:39.87,116.61;39.89,116.57;39.92,116.78;
#1:
>0:39.93,117.27;39.97,117.77;39.97,118.43;39.95,118.32;39.94,119.26;
#2:
>0:39.98,116.57;39.91,116.96;39.92,117.61;39.98,118.4;
#3:
>0:39.98,116.83;39.91,117.11;39.9,117.87;39.9,118.25;
#4:
>0:39.86,119.12;39.9,119.41;
#5:
>0:39.86,118.33;39.89,117.62;39.92,117.33;
#6:
>0:39.96,117.48;39.91,118.3;39.9,119.01;39.86,118.33;39.83,118.17;
#7:
>0:39.97,116.49;39.97,117.13;39.96,117.32;39.98,118.4;
#8:
>0:39.87,118.48;39.87,117.78;39.88,118.15;39.9,118.29;40.0,119.61;
#9:
>0:39.97,118.41;39.95,117.49;39.95,117.38;39.89,117.9;
#10:
>0:39.88,117.33;39.93,117.25;39.9,117.93;39.96,118.53;
#11:
>0:39.87,119.15;39.92,118.78;39.94,118.41;39.91,117.8;39.91,117.12;39.88,116.34;
#12:
>0:39.84,119.27;39.85,119.58;39.89,119.57;39.91,118.78;39.94,118.38;39.99,117.85;
#13:
>0:39.98,118.0;39.94,118.33;39.99,119.9;
#14:
>0:39.82,119.21;39.85,119.26;39.87,118.95;39.86,117.56;
#15:
>0:39.97,116.94;39.97,116.64;
#16:
>0:39.96,118.58;39.92,118.29;39.91,117.95;39.87,117.49;
#17:
>0:39.89,117.58;39.89,117.11;39.88,116.7;
