#0:
>0:39.92,117.82;39.87,118.01;39.86,118.68;39.82,119.32;
#1:
>0:39.92,119.11;39.91,119.01;39.98,119.45;
#2:
>0:39.98,118.83;39.99,118.28;39.96,118.46;39.96,117.59;39.96,116.57;
#3:
>0:39.82,119.39;39.85,118.65;39.9,119.02;
#4:
>0:39.91,119.32;39.94,118.93;
#5:
>0:39.95,116.64;39.92,116.41;39.9,117.15;39.87,117.98;
#6:
>0:39.94,119.07;39.91,119.56;39.92,118.66;39.92,118.3;39.88,117.19;
#7:
>0:39.99,119.32;39.95,119.37;39.91,118.87;39.95,118.4;39.93,117.76;39.92,116.63;
#8:
>0:39.87,117.62;39.88,117.53;39.91,117.87;39.95,117.56;
#9:
>0:39.84,117.92;39.87,118.01;39.86,118.87;
#10:
>0:39.84,118.88;39.87,118.34;39.88,117.54;
#11:
>0:39.95,119.27;39.93,119.38;39.93,118.05;
#12:
>0:39.83,119.34;39.84,118.86;39.83,118.26;39.85,117.58;39.87,117.38;39.91,116.5;
#13:
>0:39.98,117.94;39.93,118.13;39.99,118.81;39.93,119.49;
#14:
>0:39.98,116.62;39.96,117.2;39.98,116.79;
#15:
>0:39.91,116.8;39.91,117.39;39.91,117.84;
#16:
>0:39.9,116.56;39.89,116.89;39.87,117.92;39.88,118.49;
#17:
>0:39.92,116.92;39.95,117.24;
