#0:
>0:39.95,116.72;39.9,117.33;39.91,117.91;39.91,118.15;39.84,118.81;
#1:
>0:39.82,119.25;39.87,118.88;39.88,118.67;39.93,119.47;39.88,119.3;39.85,119.15;39.84,119.24;39.87,118.95;39.88,119.01;39.94,119.58;39.89,119.55;39.94,119.27;39.96,119.16;39.9,118.96;39.87,118.98;39.84,118.89;39.93,119.6;
#2:
>0:39.96,117.07;39.91,116.98;39.91,116.34;39.84,116.43;
#3:
>0:39.9,118.01;39.96,118.72;
#4:
>0:39.88,118.39;39.85,117.75;
#5:
>0:39.95,117.73;39.94,118.1;39.92,117.81;39.86,117.39;
#6:
>0:39.82,118.93;39.86,118.34;39.85,117.77;39.88,116.99;
#7:
>0:39.89,116.96;39.89,117.31;
#8:
>0:39.82,118.73;39.82,119.1;
#9:
>0:39.94,118.69;39.91,118.7;
#10:
>0:39.9,118.05;39.88,117.88;39.9,116.9;39.83,117.19;
#11:
>0:39.94,119.34;39.95,119.24;39.9,118.81;39.93,118.24;39.89,117.83;39.88,116.57;
#12:
>0:39.93,116.81;39.87,116.87;39.92,117.1;39.92,117.84;39.89,118.56;
#13:
>0:39.86,117.46;39.89,117.36;39.91,116.87;
#14:
>0:39.93,118.54;39.91,118.47;39.9,117.51;39.87,117.17;39.84,116.72;
#15:
>0:39.95,117.99;39.93,118.73;39.88,119.37;
#16:
>0:39.91,117.2;39.9,117.23;
#17:
>0:39.87,118.77;39.87,118.54;
