#0:
>0:39.83,117.85;39.86,118.19;39.89,118.77;39.92,118.9;39.93,118.55;39.97,118.9;
#1:
>0:39.83,116.44;39.83,117.09;39.82,117.74;39.82,117.97;39.85,118.29;39.81,119.47;
#2:
>0:39.87,117.94;39.82,117.51;39.83,116.66;
#3:
>0:39.89,117.84;39.9,118.3;39.91,118.93;
#4:
>0:39.93,118.76;39.91,118.72;
#5:
>0:39.85,118.92;39.89,118.92;
#6:
>0:39.85,116.64;39.83,116.48;
#7:
>0:39.85,119.54;39.9,118.58;39.91,118.62;
#8:
>0:39.83,118.72;39.86,119.25;39.89,120.04;39.95,119.8;39.94,119.34;
#9:
>0:39.97,118.77;39.96,118.25;
#10:
>0:39.93,117.03;39.87,117.5;39.87,117.74;39.84,117.01;
#11:
>0:39.88,116.47;39.89,117.27;39.97,116.76;
#12:
>0:39.94,119.38;39.92,118.88;39.89,118.68;39.9,117.82;
#13:
>0:39.95,117.63;39.92,117.95;39.9,117.94;39.87,117.51;39.82,117.39;
#14:
>0:39.93,118.21;39.9,118.89;
#15:
>0:39.95,117.8;39.91,117.72;39.92,116.75;
#16:
>0:39.91,116.44;39.9,116.88;39.89,117.82;39.91,118.35;39.88,118.53;39.83,119.31;
#17:
>0:39.85,118.69;39.87,118.44;39.92,118.44;39.95,118.97;39.97,118.31;
