#0:
>0:39.9,117.17;39.85,116.43;39.83,116.37;
#1:
>0:39.96,118.25;39.95,118.85;39.96,118.32;39.93,118.22;39.88,118.21;39.81,117.79;
#2:
>0:39.94,116.74;39.92,116.89;39.94,117.72;39.96,118.25;39.94,118.8;39.96,119.74;
#3:
>0:39.94,117.04;39.98,117.91;39.98,118.21;39.98,118.53;39.99,119.71;
#4:
>0:39.88,117.78;39.92,118.13;39.92,118.55;
#5:
>0:39.98,117.42;39.98,117.45;
#6:
>0:39.95,116.81;39.91,117.37;39.95,117.5;39.96,118.16;39.94,118.69;39.95,119.79;
#7:
>0:39.87,117.22;39.87,117.65;39.86,118.05;39.81,118.85;
#8:
>0:39.83,116.7;39.82,117.27;
#9:
>0:39.96,119.49;39.96,119.45;
#10:
>0:39.98,118.58;39.94,118.57;
#11:
>0:39.86,116.52;39.84,116.99;
#12:
>0:39.86,117.45;39.87,118.05;39.89,118.56;39.85,119.34;
#13:
>0:39.99,118.02;39.93,118.87;39.96,118.08;39.88,118.87;
#14:
>0:39.82,116.88;39.85,116.76;39.87,116.57;
#15:
>0:39.86,118.48;39.9,117.75;39.93,117.46;
#16:
>0:39.93,117.16;39.88,117.41;
#17:
>0:39.85,117.04;39.86,117.54;39.85,118.29;39.85,119.01;
