#0:
>0:39.88,119.04;39.85,118.18;39.84,117.65;
#1:
>0:39.95,116.95;39.97,117.72;39.95,117.94;39.95,118.19;39.91,119.36;
#2:
>0:39.99,118.01;39.96,117.47;39.9,116.95;39.89,117.01;39.86,116.64;
#3:
>0:39.93,116.94;39.9,117.88;39.9,118.21;39.87,118.64;
#4:
>0:39.99,118.42;39.95,117.86;39.91,116.89;39.89,117.33;39.85,116.55;
#5:
>0:39.97,119.16;39.96,118.93;39.97,118.74;39.95,118.03;39.92,116.95;
#6:
>0:39.84,117.52;39.82,118.13;39.85,117.56;39.89,116.95;39.94,118.33;
#7:
>0:39.99,116.6;39.93,116.86;39.93,116.87;
#8:
>0:39.94,118.04;39.97,118.37;39.94,117.72;39.9,116.86;
#9:
>0:39.94,117.51;39.91,118.29;39.88,118.93;39.9,119.26;39.81,119.42;
#10:
>0:39.99,116.64;39.94,116.49;39.95,116.34;
#11:
>0:39.94,117.3;39.96,117.43;39.96,117.85;39.95,118.3;39.97,119.48;
#12:
>0:39.83,117.87;39.86,118.05;39.89,117.64;39.91,117.26;
#13:
>0:39.98,117.17;39.94,117.61;39.95,118.06;
#14:
>0:39.85,118.17;39.85,117.42;39.89,117.39;
#15:
>0:39.85,118.96;39.88,118.2;39.88,117.7;39.93,118.54;
#16:
>0:39.98,118.71;39.96,118.1;39.95,117.78;39.92,116.88;39.87,117.23;
#17:
>0:39.94,119.02;39.92,119.06;39.89,118.59;
