#0:
>0:31.71,118.92;32.52,117.25;33.04,118.21;35.29,119.56;35.65,120.71;38.66,119.84;
#1:
>0:40.6,116.59;39.9,117.13;
#2:
>0:35.82,119.48;36.11,118.67;
#3:
>0:33.95,118.48;33.15,118.21;31.34,120.46;
#4:
>0:34.89,119.7;36.08,120.45;37.03,120.09;39.53,119.24;
#5:
>0:39.28,116.91;40.24,116.95;
#6:
>0:35.11,118.39;35.4,119.54;34.4,120.06;35.18,121.19;
#7:
>0:38.63,117.38;38.03,118.04;38.87,118.48;38.15,119.97;39.52,121.54;
#8:
>0:35.13,121.21;33.01,121.37;31.61,119.59;
#9:
>0:32.49,120.72;33.36,119.66;
#10:
>0:37.53,119.98;38.15,119.12;38.54,118.9;40.02,117.41;
#11:
>0:40.85,116.93;39.37,116.42;
#12:
>0:33.72,117.21;31.37,116.51;32.78,118.71;
#13:
>0:33.22,121.63;34.36,120.31;35.59,120.96;37.98,120.41;39.28,119.72;
#14:
>0:33.27,117.12;30.69,116.44;
#15:
>0:33.46,118.57;34.09,119.0;
#16:
>0:34.8,119.91;35.84,120.57;38.1,120.57;39.24,119.82;
#17:
>0:36.47,119.65;34.42,120.15;32.27,121.0;31.74,121.05;
#18:
>0:35.8,121.79;38.16,121.32;
#19:
>0:36.68,117.75;35.29,117.44;33.18,118.01;31.04,119.56;
#20:
>0:39.67,116.81;40.66,116.43;
#21:
>0:37.59,119.18;35.98,119.67;35.0,118.69;35.94,116.68;
#22:
>0:35.6,120.0;38.19,119.55;39.36,121.11;
#23:
>0:38.81,121.13;38.47,120.18;36.71,120.43;
#24:
>0:35.79,120.92;35.86,120.28;36.52,119.91;34.65,118.97;36.1,117.81;33.33,117.17;
#25:
>0:40.61,116.35;39.63,116.63;
#26:
>0:37.75,119.7;36.58,119.33;36.55,119.05;34.4,117.8;31.9,116.62;
#27:
>0:32.62,120.06;34.76,119.17;36.35,118.45;38.43,117.46;
#28:
>0:34.16,116.39;35.35,116.92;36.91,116.77;39.33,116.82;
#29:
>0:37.28,120.41;37.11,119.66;36.42,118.76;
#30:
>0:31.19,121.51;33.45,120.45;33.18,119.29;34.48,118.92;38.02,118.19;
#31:
>0:36.11,116.4;36.1,117.45;35.93,119.0;37.74,118.75;37.39,119.22;39.08,121.69;
#32:
>0:37.08,117.97;39.68,118.68;38.59,119.23;38.83,120.53;39.32,121.6;
#33:
>0:35.26,120.29;32.79,119.3;32.05,118.43;
#34:
>0:39.57,116.51;39.32,117.11;
#35:
>0:32.6,118.74;32.74,118.11;
#36:
>0:35.41,120.33;37.9,119.07;38.8,121.38;
#37:
>0:39.13,117.4;37.69,118.45;36.8,119.09;34.65,120.16;33.07,121.09;31.01,120.28;
#38:
>0:34.63,118.07;33.45,117.37;32.65,118.99;33.76,119.2;33.31,121.01;
#39:
>0:39.72,120.33;38.31,119.29;35.39,119.85;33.77,118.2;34.23,116.93;
#40:
>0:38.46,121.57;35.56,120.58;38.42,120.05;37.58,119.56;38.64,118.15;38.04,116.74;
#41:
>0:37.07,117.29;36.72,117.23;
#42:
>0:38.96,118.26;39.8,118.32;
#43:
>0:33.11,117.14;30.93,116.5;30.82,117.87;32.41,119.11;
#44:
>0:35.28,119.56;36.82,120.32;37.11,120.38;39.8,118.39;
#45:
>0:38.06,121.55;37.28,121.63;
#46:
>0:33.89,118.45;36.4,119.66;34.69,120.04;34.71,121.62;
#47:
>0:36.48,117.62;34.62,117.56;32.32,117.96;30.69,119.21;
