#0:
>0:36.34,121.66;36.99,121.22;
#1:
>0:32.09,117.55;33.17,119.02;33.78,119.07;36.66,120.67;37.96,120.59;
#2:
>0:39.98,116.73;40.54,116.68;
#3:
>0:35.23,120.48;32.77,119.28;30.77,118.86;
#4:
>0:37.7,116.54;38.86,118.08;37.46,118.63;37.34,119.2;
#5:
>0:33.73,119.15;33.96,118.19;35.61,118.69;
#6:
>0:31.43,117.25;33.66,118.17;32.65,119.24;35.64,120.28;
#7:
>0:32.33,121.72;35.19,120.23;36.79,119.95;
#8:
>0:32.07,121.01;32.84,120.45;32.8,119.79;31.78,118.29;32.93,117.37;33.15,117.07;
#9:
>0:39.82,116.48;40.1,117.04;
#10:
>0:31.64,120.08;31.22,119.48;
#11:
>0:40.35,116.54;39.35,116.66;
#12:
>0:39.37,116.76;39.67,116.55;
#13:
>0:32.75,121.12;34.85,120.81;35.84,119.71;
#14:
>0:30.81,118.29;32.64,118.4;34.48,120.61;
#15:
>0:39.13,118.56;37.42,117.87;35.85,116.4;34.9,116.31;33.53,116.34;31.64,117.19;
#16:
>0:32.1,121.03;33.67,120.22;34.95,119.24;35.83,121.62;
#17:
>0:34.11,118.3;36.47,119.37;37.6,120.31;39.67,121.52;
#18:
>0:32.13,119.14;32.91,119.09;31.11,118.6;31.26,117.1;
#19:
>0:40.13,117.01;39.57,117.17;
#20:
>0:30.75,120.16;31.08,119.84;
#21:
>0:40.22,117.18;39.78,116.65;
#22:
>0:31.93,118.69;31.84,118.55;
#23:
>0:30.66,118.14;31.05,117.97;
#24:
>0:37.99,118.28;36.55,117.42;34.78,117.81;33.06,117.31;31.57,117.83;
#25:
>0:30.69,121.25;31.89,120.43;33.29,120.18;33.65,119.6;31.58,118.74;32.01,116.61;
#26:
>0:38.46,120.77;35.48,120.33;35.25,120.23;32.36,120.33;
#27:
>0:39.95,116.97;38.25,117.33;35.45,118.26;38.14,118.86;39.13,120.67;
#28:
>0:30.88,119.21;31.61,118.83;
#29:
>0:32.54,116.7;33.78,118.04;36.46,118.21;37.4,119.8;39.08,120.49;39.98,121.01;
#30:
>0:39.75,116.6;40.84,116.48;
#31:
>0:36.19,120.84;34.42,119.91;32.95,119.3;
#32:
>0:30.72,118.54;32.48,118.02;35.03,116.71;35.85,117.61;
#33:
>0:35.46,117.31;35.12,118.1;33.22,118.26;33.96,120.76;
#34:
>0:37.72,117.03;36.86,117.81;34.7,117.67;34.11,119.23;
#35:
>0:31.99,117.91;33.04,116.43;34.05,116.42;
#36:
>0:39.38,116.35;40.73,116.66;
#37:
>0:33.81,121.81;32.61,120.09;30.7,120.48;
#38:
>0:40.59,117.18;40.19,116.72;
#39:
>0:37.98,116.72;36.61,118.0;36.75,118.14;37.25,118.14;39.32,120.63;
#40:
>0:30.61,116.55;33.43,117.04;32.21,117.95;36.72,117.15;
#41:
>0:39.75,121.38;37.02,120.93;39.5,119.89;
#42:
>0:32.41,117.14;30.99,117.97;31.91,118.64;31.06,119.64;30.66,120.68;
#43:
>0:36.18,118.11;37.17,116.56;
#44:
>0:35.85,116.87;37.89,117.98;39.31,119.01;39.03,119.4;39.69,120.07;39.51,121.7;
#45:
>0:38.33,120.14;36.07,120.45;34.9,120.29;33.66,120.12;31.38,120.81;
#46:
>0:37.59,117.61;36.5,118.56;35.7,119.62;34.9,120.75;
#47:
>0:31.94,118.07;32.67,118.35;32.18,119.25;33.42,120.57;
