#0:
>0:32.36,117.94;35.03,118.84;35.85,118.79;35.67,120.01;
#1:
>0:35.71,121.4;37.95,121.79;39.8,119.88;
#2:
>0:31.05,116.41;30.97,117.36;32.84,118.06;35.49,117.48;
#3:
>0:36.82,117.83;35.89,118.26;33.54,117.22;
#4:
>0:40.5,116.43;37.31,116.83;35.97,117.61;36.44,118.94;35.01,120.81;
#5:
>0:37.21,119.48;36.55,119.44;34.69,117.24;
#6:
>0:39.37,120.81;38.46,119.23;35.59,119.19;34.7,119.2;
#7:
>0:32.82,121.37;33.32,120.09;31.26,119.51;32.61,119.94;31.66,118.15;30.79,116.35;
#8:
>0:37.09,117.45;37.3,117.25;
#9:
>0:40.38,116.85;41.35,116.74;
#10:
>0:37.02,116.64;38.81,117.28;37.36,118.9;
#11:
>0:38.42,120.75;35.91,119.98;
#12:
>0:31.94,121.66;32.4,121.07;31.44,119.45;
#13:
>0:37.99,120.17;36.25,119.77;35.02,118.86;32.97,117.95;33.43,116.53;
#14:
>0:33.81,118.07;35.75,118.26;
#15:
>0:32.14,117.93;33.15,117.51;35.16,118.41;36.28,118.99;
#16:
>0:31.65,118.99;33.11,117.56;34.49,118.52;36.49,118.6;
#17:
>0:37.39,117.84;38.13,118.91;35.79,118.26;33.32,119.42;
#18:
>0:36.99,119.34;36.81,119.65;35.06,117.51;
#19:
>0:37.51,117.04;36.49,117.28;37.81,117.92;38.04,118.34;37.28,120.23;
#20:
>0:35.79,120.72;34.42,120.65;33.64,120.01;
#21:
>0:34.59,118.48;33.52,119.61;
#22:
>0:31.47,120.5;32.95,119.09;
#23:
>0:34.44,116.77;32.28,117.55;31.25,118.18;33.31,119.84;
#24:
>0:37.27,120.16;36.17,119.82;34.01,118.86;32.9,117.68;
#25:
>0:37.55,117.69;37.07,118.45;35.73,119.43;
#26:
>0:37.71,120.88;36.63,119.73;34.15,118.3;34.09,118.04;31.19,117.48;
#27:
>0:38.86,117.44;38.12,117.94;38.87,119.28;
#28:
>0:36.19,118.95;34.86,119.06;33.45,119.65;32.84,121.04;
#29:
>0:33.06,118.84;31.85,119.77;30.62,120.46;
#30:
>0:35.02,119.08;34.27,118.49;
#31:
>0:31.64,119.14;33.14,120.3;34.36,120.22;34.97,119.41;38.32,119.14;
#32:
>0:32.6,117.98;34.06,118.91;35.54,118.63;38.17,117.8;39.03,119.48;
#33:
>0:32.3,120.66;31.51,121.71;
#34:
>0:31.91,117.77;32.19,118.69;32.76,119.67;33.4,120.21;
#35:
>0:30.66,121.34;33.55,121.13;34.27,120.3;34.67,119.51;37.57,118.34;
#36:
>0:32.96,116.72;32.88,117.24;35.27,118.25;35.43,119.05;37.85,119.62;35.67,120.99;
#37:
>0:33.06,120.59;35.02,120.15;33.59,119.25;31.96,118.6;31.05,117.2;
#38:
>0:30.73,119.2;32.56,120.52;33.63,119.82;33.83,119.1;36.48,118.32;38.8,117.23;
#39:
>0:31.37,120.81;31.54,121.72;33.35,121.35;33.78,121.47;36.99,120.71;
#40:
>0:32.39,119.13;34.76,119.25;36.87,120.1;36.38,121.54;39.5,120.49;
#41:
>0:34.12,119.19;36.48,119.52;
#42:
>0:34.75,119.68;36.76,120.44;36.16,121.23;38.63,119.5;
#43:
>0:38.35,121.5;39.12,120.8;38.06,119.51;38.35,119.02;
#44:
>0:31.54,119.08;31.67,118.9;
#45:
>0:36.8,119.77;34.46,120.24;32.76,119.38;31.37,121.69;
#46:
>0:38.71,118.86;38.13,118.8;36.52,118.88;34.7,119.09;32.9,119.34;31.83,121.06;
#47:
>0:30.99,118.03;32.72,117.87;33.9,119.04;36.11,117.9;38.03,117.64;
