#0:
>0:34.88,121.0;34.77,120.36;33.86,119.8;35.83,119.02;36.01,117.71;
#1:
>0:33.59,120.37;34.98,119.07;36.64,118.84;38.4,117.59;
#2:
>0:31.51,116.57;33.38,118.0;35.24,117.1;35.99,117.05;37.33,117.88;39.43,118.88;
#3:
>0:35.98,117.96;36.87,117.59;
#4:
>0:40.7,116.98;41.11,116.38;
#5:
>0:36.28,117.81;38.39,118.27;35.4,119.25;39.22,120.23;
#6:
>0:31.98,121.34;32.09,121.29;
#7:
>0:31.88,121.2;31.03,120.8;30.99,119.27;32.42,119.21;31.58,118.33;31.49,117.11;
#8:
>0:41.08,116.56;40.12,116.36;
#9:
>0:33.17,117.26;34.2,118.84;35.58,119.14;36.97,119.53;39.84,119.95;
#10:
>0:39.39,119.01;37.47,119.2;35.8,120.1;
#11:
>0:31.23,120.09;32.96,120.38;34.71,121.61;36.79,121.12;38.38,119.13;
#12:
>0:30.99,121.19;33.57,121.33;34.02,121.04;35.63,121.63;37.22,121.27;38.53,121.31;
#13:
>0:31.33,116.72;32.94,117.69;
#14:
>0:31.52,119.06;33.0,120.88;34.62,121.38;36.11,120.09;
#15:
>0:35.68,117.27;35.38,118.23;36.29,119.82;36.38,120.73;
#16:
>0:32.08,117.74;31.7,118.84;
#17:
>0:40.9,116.57;39.83,116.55;
#18:
>0:39.03,118.74;37.15,119.67;35.6,120.19;
#19:
>0:31.67,117.39;33.49,118.58;34.92,118.37;36.37,119.56;34.68,121.79;
#20:
>0:34.22,119.45;32.35,118.56;31.0,118.48;
#21:
>0:32.97,120.06;32.65,119.82;34.14,119.57;37.29,118.19;
#22:
>0:34.23,117.58;36.78,117.14;
#23:
>0:31.44,116.7;32.25,116.36;34.99,116.8;35.83,116.58;37.78,116.66;40.48,116.77;
#24:
>0:38.67,118.02;37.82,118.06;38.09,118.92;34.4,119.97;
#25:
>0:33.91,119.89;36.1,118.25;37.75,118.06;40.11,116.9;
#26:
>0:32.1,118.6;32.49,117.87;32.61,116.66;
#27:
>0:31.05,117.14;32.19,117.88;
#28:
>0:38.32,117.51;37.12,118.53;37.57,119.3;
#29:
>0:32.54,116.73;32.2,117.9;34.07,118.74;36.07,119.81;38.74,120.81;
#30:
>0:35.07,118.83;34.53,119.06;36.61,119.26;39.28,120.79;
#31:
>0:32.8,121.07;35.25,121.0;35.74,121.65;37.4,121.19;
#32:
>0:38.4,121.54;39.86,120.86;
#33:
>0:37.08,120.39;37.75,120.93;35.27,120.93;
#34:
>0:33.09,120.2;35.25,119.06;36.66,118.57;38.04,118.1;
#35:
>0:39.93,116.49;40.02,116.62;
#36:
>0:31.2,117.19;33.0,117.58;33.39,118.86;33.82,118.23;36.21,119.39;34.15,121.46;
#37:
>0:37.78,117.49;35.53,118.49;
#38:
>0:38.0,120.01;38.13,119.88;36.02,119.05;34.81,117.52;32.05,118.08;
#39:
>0:38.87,119.78;37.78,118.69;36.36,118.96;34.6,117.5;32.99,118.91;30.96,116.66;
#40:
>0:36.62,117.56;33.92,119.05;
#41:
>0:36.91,117.57;38.08,117.59;
#42:
>0:32.46,118.86;34.66,119.94;
#43:
>0:37.05,116.67;36.84,117.99;35.34,118.95;33.61,119.27;
#44:
>0:30.91,120.13;32.67,119.7;35.12,119.59;36.44,119.76;38.11,119.06;38.79,118.16;
#45:
>0:31.51,118.67;31.47,117.97;31.86,116.75;
#46:
>0:37.53,116.63;35.33,117.91;33.95,119.0;32.27,119.38;31.03,120.08;
#47:
>0:37.69,118.94;38.19,119.71;
