#0:
>0:30.82,120.56;33.13,119.55;34.72,118.19;34.46,117.54;33.9,117.21;
#1:
>0:32.88,116.51;33.47,117.48;34.11,117.35;30.88,119.41;
#2:
>0:35.58,116.4;38.02,117.46;40.02,118.75;39.41,119.67;
#3:
>0:37.02,118.01;36.37,118.89;37.29,119.56;36.07,120.71;32.33,121.13;
#4:
>0:39.71,116.69;40.63,117.08;
#5:
>0:31.05,116.7;32.72,117.62;35.18,118.94;35.53,118.48;35.86,118.1;39.27,118.68;
#6:
>0:40.95,116.81;39.69,116.91;
#7:
>0:32.35,119.3;34.04,118.85;36.1,117.53;37.83,116.52;39.88,117.21;
#8:
>0:36.23,119.59;34.22,119.02;34.43,119.43;31.75,118.24;
#9:
>0:38.81,120.21;38.65,121.21;37.1,120.86;35.34,120.46;33.24,119.63;
#10:
>0:38.91,118.71;37.24,119.91;37.05,120.88;
#11:
>0:38.45,117.05;37.41,117.74;36.14,117.88;36.53,118.44;39.75,120.59;
#12:
>0:33.31,120.72;32.41,121.06;
#13:
>0:33.0,117.6;35.01,117.44;33.51,119.01;30.76,120.88;
#14:
>0:36.8,116.74;35.26,117.54;32.47,118.26;32.12,117.09;
#15:
>0:31.58,118.97;32.33,119.25;34.48,120.17;36.14,120.65;
#16:
>0:39.68,120.56;39.93,119.06;38.39,118.7;34.09,117.76;
#17:
>0:39.05,118.78;37.48,118.43;
#18:
>0:32.31,116.67;30.83,116.82;
#19:
>0:39.72,116.41;36.98,117.51;36.54,117.89;35.56,118.32;37.42,119.1;36.15,121.22;
#20:
>0:34.47,119.13;36.9,119.3;
#21:
>0:37.79,117.06;37.08,117.42;36.65,117.29;36.72,118.45;36.3,120.24;
#22:
>0:37.79,116.89;37.36,117.82;36.18,118.09;36.72,118.35;35.38,120.32;
#23:
>0:38.54,117.76;40.5,117.18;38.45,116.62;34.33,116.94;
#24:
>0:32.23,121.39;35.32,120.28;34.45,119.35;
#25:
>0:32.09,118.29;33.12,118.37;33.32,117.16;
#26:
>0:35.21,118.09;36.26,118.27;38.14,119.29;39.18,120.8;
#27:
>0:40.05,121.73;38.39,120.02;39.26,119.1;
#28:
>0:31.64,116.54;33.16,116.75;34.41,116.34;
#29:
>0:38.63,120.19;39.41,119.63;37.95,119.02;37.76,117.6;40.89,116.3;
#30:
>0:33.68,118.95;34.89,119.26;36.06,119.7;35.5,118.25;39.62,120.05;
#31:
>0:34.92,121.65;36.16,120.52;34.13,120.63;35.08,119.18;32.94,118.68;35.49,116.55;
#32:
>0:34.95,119.15;35.72,119.15;37.22,118.48;
#33:
>0:40.03,120.66;38.44,120.43;36.15,120.29;35.08,120.84;32.8,119.48;32.08,120.41;
#34:
>0:39.7,119.8;37.4,120.43;36.3,121.75;35.66,120.38;33.31,120.86;
#35:
>0:37.67,116.35;37.08,118.05;35.78,118.11;36.75,118.93;39.97,120.56;
#36:
>0:32.92,117.64;32.11,119.03;
#37:
>0:31.43,121.39;32.5,120.55;34.81,119.3;34.51,118.6;
#38:
>0:36.26,118.48;34.74,119.33;33.69,119.52;
#39:
>0:34.12,119.55;36.74,119.21;
#40:
>0:39.1,119.66;39.43,118.58;
#41:
>0:32.89,118.68;34.73,117.24;34.25,116.88;
#42:
>0:39.47,118.64;37.87,118.0;40.78,116.45;
#43:
>0:33.81,119.6;34.35,118.63;34.05,117.88;
#44:
>0:39.19,119.53;39.43,120.42;
#45:
>0:39.34,117.89;38.03,118.8;35.67,118.47;35.0,119.92;33.19,118.54;30.66,120.07;
#46:
>0:34.57,120.35;35.43,119.13;36.68,118.17;38.8,118.32;
#47:
>0:34.44,116.48;33.4,118.09;34.49,117.52;32.21,118.81;33.09,120.62;
