#0:
>0:39.97,116.22;39.97,116.19;39.98,116.18;39.99,116.21;40.0,116.26;40.01,116.24;
#1:
>0:39.97,116.25;39.98,116.22;39.98,116.2;
#2:
>0:40.0,116.28;40.0,116.23;39.98,116.27;39.98,116.29;39.97,116.27;
#3:
>0:39.99,116.28;39.99,116.28;
#4:
>0:40.01,116.28;40.01,116.25;40.01,116.22;40.0,116.18;
#5:
>0:40.0,116.34;40.0,116.32;
#6:
>0:40.01,116.24;40.0,116.24;40.01,116.27;39.99,116.24;39.98,116.27;39.97,116.28;
#7:
>0:40.0,116.21;39.99,116.26;39.98,116.22;39.97,116.2;
#8:
>0:40.01,116.34;40.0,116.3;39.99,116.3;39.98,116.29;40.0,116.23;
#9:
>0:39.97,116.29;39.99,116.25;39.98,116.22;39.99,116.25;40.01,116.26;40.01,116.23;
#10:
>0:40.0,116.18;39.99,116.2;39.99,116.18;
#11:
>0:40.0,116.2;40.0,116.24;39.99,116.27;40.01,116.31;
#12:
>0:40.0,116.27;40.0,116.25;39.99,116.27;39.98,116.29;39.97,116.28;
#13:
>0:39.98,116.23;39.97,116.25;39.98,116.28;39.97,116.34;
#14:
>0:39.98,116.3;39.98,116.25;40.0,116.22;40.0,116.22;
#15:
>0:39.98,116.35;39.99,116.33;40.0,116.27;39.99,116.23;
#16:
>0:40.01,116.31;40.0,116.32;39.99,116.26;
#17:
>0:39.97,116.2;39.97,116.25;39.97,116.26;
#18:
>0:40.0,116.26;40.0,116.27;40.01,116.29;
#19:
>0:40.01,116.24;40.0,116.26;40.01,116.31;
#20:
>0:39.97,116.21;39.97,116.19;39.99,116.22;
#21:
>0:40.0,116.26;40.0,116.26;39.99,116.26;39.99,116.29;39.97,116.25;
#22:
>0:39.99,116.28;40.0,116.29;39.99,116.32;
#23:
>0:40.0,116.18;39.99,116.21;39.99,116.19;
#24:
>0:39.99,116.32;39.99,116.31;39.97,116.3;
#25:
>0:39.99,116.23;40.0,116.21;
#26:
>0:39.99,116.22;39.98,116.25;39.97,116.28;
#27:
>0:40.02,116.19;40.0,116.21;40.0,116.22;39.99,116.23;39.97,116.21;
#28:
>0:39.98,116.25;39.98,116.22;39.99,116.25;40.0,116.21;40.02,116.18;
#29:
>0:39.99,116.29;40.0,116.3;
#30:
>0:40.01,116.18;40.0,116.22;40.0,116.23;39.99,116.22;
#31:
>0:40.0,116.33;39.99,116.29;39.99,116.28;39.99,116.24;40.0,116.22;40.01,116.19;
#32:
>0:40.01,116.22;39.99,116.24;
#33:
>0:40.01,116.27;40.0,116.27;39.99,116.29;
#34:
>0:39.98,116.24;39.98,116.22;39.99,116.2;
#35:
>0:39.99,116.33;39.99,116.29;39.98,116.33;
#36:
>0:39.97,116.34;39.97,116.36;
#37:
>0:40.01,116.29;40.02,116.26;40.0,116.24;
#38:
>0:39.99,116.31;39.99,116.32;40.0,116.3;40.01,116.34;
#39:
>0:39.98,116.24;39.98,116.2;39.99,116.21;39.99,116.25;40.01,116.22;
#40:
>0:39.99,116.24;39.99,116.27;39.98,116.32;
#41:
>0:39.99,116.3;40.0,116.33;
#42:
>0:39.97,116.27;39.97,116.24;39.98,116.23;39.98,116.22;40.01,116.22;
#43:
>0:39.99,116.2;40.0,116.24;39.98,116.27;39.99,116.27;40.0,116.34;
#44:
>0:40.0,116.26;40.0,116.23;40.0,116.24;39.98,116.22;
#45:
>0:40.0,116.3;40.0,116.32;39.99,116.29;40.0,116.21;
#46:
>0:39.99,116.34;40.0,116.3;39.99,116.28;40.0,116.25;39.99,116.24;
#47:
>0:40.01,116.33;40.01,116.32;39.99,116.3;39.98,116.29;40.0,116.25;39.99,116.18;
#48:
>0:40.01,116.25;40.0,116.25;39.99,116.21;
#49:
>0:39.98,116.33;39.97,116.33;
#50:
>0:40.0,116.3;39.99,116.27;39.98,116.23;39.99,116.21;
#51:
>0:40.01,116.26;40.01,116.27;40.02,116.31;40.01,116.33;
#52:
>0:39.98,116.25;39.98,116.21;
#53:
>0:39.99,116.3;39.99,116.35;40.0,116.29;40.02,116.34;
#54:
>0:40.01,116.34;40.0,116.3;39.99,116.3;39.99,116.34;39.98,116.35;39.97,116.28;
#55:
>0:39.97,116.31;39.98,116.33;
#56:
>0:39.99,116.25;40.0,116.27;40.0,116.31;40.01,116.33;
#57:
>0:40.0,116.31;40.0,116.32;
#58:
>0:40.02,116.33;40.0,116.3;39.99,116.3;39.99,116.34;39.98,116.34;39.97,116.28;
#59:
>0:39.98,116.19;39.99,116.23;40.0,116.23;39.99,116.26;39.99,116.3;40.01,116.32;
#60:
>0:40.01,116.34;40.02,116.32;
#61:
>0:39.97,116.27;39.98,116.23;39.98,116.21;40.0,116.24;
