#0:
>0:40.01,116.24;40.01,116.2;40.0,116.26;39.99,116.26;39.98,116.33;
#1:
>0:39.99,116.26;40.01,116.21;
#2:
>0:39.97,116.32;39.98,116.34;
#3:
>0:39.99,116.23;39.98,116.28;39.97,116.3;39.98,116.33;
#4:
>0:40.0,116.19;40.02,116.23;40.01,116.25;
#5:
>0:39.98,116.34;39.97,116.32;
#6:
>0:39.98,116.23;39.99,116.21;40.0,116.18;40.01,116.19;
#7:
>0:39.98,116.35;39.97,116.33;
#8:
>0:40.0,116.34;39.99,116.32;39.98,116.34;
#9:
>0:40.0,116.2;39.98,116.23;39.99,116.23;
#10:
>0:39.98,116.18;39.99,116.22;39.99,116.23;
#11:
>0:40.01,116.32;40.0,116.3;40.0,116.26;39.99,116.31;39.98,116.3;
#12:
>0:39.99,116.19;40.0,116.22;40.0,116.24;39.99,116.25;40.0,116.32;
#13:
>0:40.0,116.27;39.99,116.24;
#14:
>0:40.0,116.32;40.0,116.29;39.99,116.31;
#15:
>0:39.98,116.2;39.97,116.2;39.98,116.23;39.99,116.29;39.98,116.31;39.97,116.34;
#16:
>0:40.01,116.27;40.0,116.24;40.0,116.25;39.98,116.25;39.97,116.23;39.97,116.24;
#17:
>0:39.98,116.33;39.97,116.33;
#18:
>0:39.99,116.26;39.99,116.26;39.97,116.23;
#19:
>0:39.97,116.22;39.98,116.24;39.98,116.27;39.98,116.29;39.97,116.33;
#20:
>0:39.97,116.22;39.98,116.25;39.98,116.28;
#21:
>0:40.01,116.2;40.0,116.22;39.99,116.26;
#22:
>0:39.99,116.21;39.99,116.25;39.98,116.25;39.97,116.25;
#23:
>0:39.99,116.33;39.97,116.3;39.97,116.28;39.97,116.23;
#24:
>0:40.0,116.33;39.99,116.31;
#25:
>0:40.0,116.2;39.99,116.23;39.99,116.23;39.98,116.23;
#26:
>0:39.97,116.28;39.97,116.29;
#27:
>0:39.99,116.23;39.99,116.21;40.01,116.19;40.02,116.19;
#28:
>0:39.98,116.25;40.0,116.21;40.0,116.21;
#29:
>0:40.0,116.19;39.99,116.21;39.99,116.25;39.98,116.23;
#30:
>0:40.0,116.22;40.01,116.24;40.01,116.28;
#31:
>0:40.02,116.28;40.0,116.28;39.99,116.26;
#32:
>0:39.98,116.26;39.98,116.28;39.97,116.31;39.98,116.33;
#33:
>0:39.98,116.22;39.98,116.2;
#34:
>0:39.98,116.34;39.97,116.34;
#35:
>0:40.0,116.2;40.0,116.21;39.99,116.24;39.98,116.23;
#36:
>0:39.97,116.21;39.97,116.2;
#37:
>0:39.99,116.28;40.0,116.25;
#38:
>0:39.97,116.3;39.98,116.29;39.99,116.24;
#39:
>0:39.97,116.28;39.98,116.29;
#40:
>0:40.01,116.28;39.99,116.3;39.98,116.27;39.98,116.31;39.97,116.32;
#41:
>0:40.01,116.19;40.0,116.22;39.99,116.23;39.98,116.25;39.98,116.32;
#42:
>0:40.01,116.33;40.0,116.32;39.99,116.32;39.99,116.27;40.0,116.23;
#43:
>0:40.0,116.25;40.0,116.26;
#44:
>0:39.97,116.3;39.97,116.32;39.98,116.31;39.99,116.27;40.0,116.3;
#45:
>0:40.01,116.2;40.0,116.21;
#46:
>0:40.0,116.31;39.99,116.28;39.99,116.28;39.98,116.29;39.97,116.27;
#47:
>0:39.99,116.3;39.99,116.28;39.97,116.3;
#48:
>0:39.98,116.25;39.99,116.24;
#49:
>0:39.97,116.25;39.97,116.22;39.97,116.22;39.98,116.18;40.01,116.18;
#50:
>0:40.0,116.28;40.0,116.25;
#51:
>0:39.99,116.33;39.99,116.31;39.98,116.28;
#52:
>0:39.99,116.24;40.0,116.29;40.0,116.27;
#53:
>0:39.99,116.21;39.98,116.25;39.98,116.26;39.97,116.23;
#54:
>0:40.02,116.21;40.01,116.26;40.0,116.22;39.98,116.25;
#55:
>0:40.02,116.23;40.0,116.21;39.99,116.24;40.01,116.27;40.01,116.33;
#56:
>0:39.97,116.34;39.98,116.34;
#57:
>0:39.97,116.23;39.98,116.24;
#58:
>0:39.98,116.24;39.99,116.27;40.01,116.31;40.01,116.33;
#59:
>0:40.01,116.28;40.0,116.29;40.0,116.26;39.99,116.3;39.98,116.3;
#60:
>0:39.97,116.27;39.98,116.29;39.99,116.24;
#61:
>0:40.0,116.19;40.0,116.22;
