#0:
>0:39.89,116.35;40.0,116.35;39.98,116.36;40.04,116.36;
#1:
>0:39.96,116.34;39.98,116.38;39.94,116.41;39.9,116.45;39.97,116.48;
#2:
>0:39.81,116.35;39.86,116.39;39.88,116.41;
#3:
>0:40.05,116.33;40.0,116.36;39.96,116.38;39.91,116.36;39.88,116.37;
#4:
>0:39.97,116.35;40.0,116.35;39.92,116.35;39.87,116.38;39.92,116.39;39.97,116.37;39.97,116.41;40.01,116.47;
#5:
>0:39.87,116.39;39.89,116.38;39.94,116.39;40.02,116.42;
#6:
>0:39.92,116.49;39.94,116.44;40.0,116.45;40.04,116.44;
#7:
>0:39.84,116.39;39.87,116.39;39.9,116.39;
#8:
>0:39.92,116.34;39.92,116.35;39.83,116.34;
#9:
>0:40.02,116.37;39.99,116.31;
#10:
>0:39.93,116.38;39.96,116.39;40.02,116.36;
#11:
>0:39.92,116.46;39.9,116.42;39.96,116.38;40.03,116.37;
#12:
>0:39.93,116.36;39.94,116.38;39.93,116.42;39.97,116.43;40.02,116.49;
#13:
>0:39.8,116.36;39.88,116.36;
#14:
>0:39.94,116.41;39.93,116.45;39.86,116.49;
#15:
>0:39.84,116.44;39.85,116.49;39.91,116.44;39.92,116.4;39.95,116.4;40.07,116.34;
#16:
>0:39.94,116.39;39.9,116.33;39.85,116.33;
#17:
>0:39.87,116.37;39.81,116.4;39.84,116.41;
#18:
>0:39.99,116.42;39.94,116.41;
#19:
>0:39.99,116.31;39.97,116.35;39.97,116.37;39.97,116.42;39.86,116.44;
#20:
>0:40.05,116.44;40.01,116.45;39.94,116.5;39.91,116.44;39.86,116.45;39.84,116.41;
#21:
>0:39.82,116.39;39.83,116.36;39.86,116.33;39.98,116.35;
#22:
>0:40.05,116.41;39.99,116.44;39.97,116.44;
#23:
>0:39.84,116.49;39.85,116.46;39.87,116.41;
#24:
>0:39.85,116.42;39.85,116.45;39.86,116.5;
#25:
>0:40.06,116.42;40.05,116.37;40.02,116.39;39.99,116.35;39.89,116.35;
#26:
>0:39.86,116.35;39.91,116.33;
#27:
>0:39.98,116.48;40.0,116.47;
#28:
>0:39.93,116.37;39.97,116.38;39.97,116.42;39.87,116.45;
#29:
>0:39.87,116.36;39.9,116.34;39.98,116.33;39.98,116.36;40.05,116.4;
#30:
>0:39.98,116.33;39.97,116.36;39.93,116.35;39.86,116.4;39.91,116.39;39.95,116.39;39.91,116.34;39.88,116.38;39.89,116.4;39.94,116.39;39.98,116.33;
#31:
>0:39.86,116.33;39.9,116.32;39.99,116.35;40.0,116.35;
#32:
>0:39.92,116.38;39.87,116.38;39.81,116.38;
#33:
>0:40.05,116.37;40.07,116.33;40.02,116.34;39.98,116.39;39.86,116.34;
#34:
>0:39.83,116.32;39.84,116.36;39.82,116.38;39.82,116.41;39.82,116.46;
#35:
>0:39.99,116.45;39.99,116.41;39.98,116.39;40.0,116.36;39.99,116.32;
#36:
>0:39.98,116.33;40.01,116.36;40.06,116.38;40.01,116.4;40.06,116.44;
#37:
>0:39.9,116.37;39.97,116.38;40.01,116.34;
#38:
>0:39.83,116.46;39.88,116.48;
#39:
>0:39.98,116.42;39.96,116.41;39.9,116.46;39.86,116.42;39.82,116.37;
#40:
>0:40.0,116.36;39.96,116.38;39.9,116.37;39.85,116.39;39.8,116.31;
#41:
>0:39.99,116.45;40.01,116.42;40.01,116.39;39.98,116.35;39.98,116.33;
#42:
>0:39.9,116.45;39.93,116.43;39.94,116.37;40.0,116.36;
#43:
>0:39.97,116.43;39.92,116.38;39.96,116.4;39.98,116.33;
