#0:
>0:39.92,116.42;39.99,116.41;40.0,116.47;
#1:
>0:39.92,116.49;39.87,116.45;
#2:
>0:39.89,116.48;39.92,116.47;
#3:
>0:40.01,116.37;40.03,116.33;
#4:
>0:39.98,116.36;39.98,116.31;40.03,116.32;40.02,116.36;40.02,116.38;39.98,116.34;39.91,116.39;39.97,116.44;40.04,116.48;
#5:
>0:40.0,116.33;39.94,116.35;39.91,116.37;39.87,116.37;39.83,116.32;
#6:
>0:40.01,116.48;40.01,116.44;39.98,116.41;39.99,116.39;39.94,116.37;40.01,116.34;
#7:
>0:40.04,116.48;40.03,116.46;40.01,116.41;39.99,116.39;39.98,116.36;
#8:
>0:39.91,116.32;39.95,116.37;39.99,116.38;
#9:
>0:39.98,116.46;40.01,116.44;40.06,116.39;
#10:
>0:39.96,116.37;39.93,116.4;39.86,116.42;39.87,116.45;
#11:
>0:39.9,116.32;39.86,116.36;39.82,116.4;
#12:
>0:40.04,116.46;40.05,116.49;
#13:
>0:40.03,116.42;40.0,116.44;39.94,116.48;39.9,116.44;39.86,116.48;
#14:
>0:39.84,116.39;39.84,116.36;
#15:
>0:40.06,116.34;40.0,116.37;39.94,116.38;39.91,116.43;39.88,116.45;39.81,116.48;
#16:
>0:40.04,116.49;40.06,116.48;40.03,116.46;39.98,116.42;39.95,116.36;
#17:
>0:39.88,116.36;39.88,116.38;39.88,116.41;
#18:
>0:39.83,116.4;39.88,116.4;
#19:
>0:40.03,116.51;40.07,116.48;40.05,116.44;39.98,116.43;39.99,116.4;40.01,116.41;39.98,116.4;39.98,116.34;
#20:
>0:39.98,116.43;39.92,116.44;39.89,116.45;
#21:
>0:40.0,116.39;39.94,116.36;40.04,116.31;
#22:
>0:39.86,116.4;39.92,116.39;39.94,116.35;40.0,116.36;
#23:
>0:40.0,116.35;39.91,116.36;39.88,116.34;39.84,116.39;
#24:
>0:39.92,116.45;39.93,116.45;
#25:
>0:39.9,116.36;39.97,116.39;39.98,116.35;
#26:
>0:39.99,116.35;40.02,116.35;40.04,116.33;39.99,116.36;
#27:
>0:39.99,116.47;39.97,116.46;39.89,116.42;39.88,116.43;39.86,116.38;39.84,116.32;
#28:
>0:39.98,116.39;39.89,116.34;39.88,116.35;39.83,116.43;
#29:
>0:39.85,116.5;39.87,116.46;
#30:
>0:39.92,116.46;39.99,116.42;40.04,116.49;
#31:
>0:39.87,116.43;39.86,116.43;
#32:
>0:40.01,116.33;39.97,116.34;39.9,116.39;39.98,116.43;39.93,116.44;39.96,116.48;
#33:
>0:40.0,116.44;39.93,116.46;39.93,116.4;39.88,116.43;39.82,116.34;
#34:
>0:39.91,116.49;39.9,116.44;39.85,116.41;
#35:
>0:39.9,116.37;39.88,116.37;39.83,116.41;
#36:
>0:39.83,116.45;39.88,116.4;39.81,116.39;
#37:
>0:39.94,116.35;40.02,116.35;39.99,116.39;39.95,116.45;
#38:
>0:40.05,116.46;40.04,116.48;39.99,116.45;39.94,116.44;39.89,116.4;39.81,116.43;
#39:
>0:39.85,116.31;39.87,116.36;
#40:
>0:39.9,116.46;39.9,116.41;39.99,116.44;
#41:
>0:40.05,116.49;40.04,116.45;40.0,116.44;39.99,116.39;39.94,116.34;
#42:
>0:40.06,116.4;39.99,116.37;40.0,116.34;39.9,116.33;
#43:
>0:39.84,116.36;39.86,116.35;39.88,116.37;39.93,116.41;40.0,116.45;
