#0:
>0:39.8,116.49;39.9,116.46;39.89,116.44;39.93,116.41;40.02,116.49;
#1:
>0:39.81,116.32;39.86,116.36;39.92,116.4;39.86,116.39;39.92,116.44;
#2:
>0:40.02,116.4;39.96,116.42;39.94,116.45;39.91,116.49;
#3:
>0:39.83,116.34;39.86,116.35;39.85,116.38;39.89,116.39;40.0,116.37;
#4:
>0:39.81,116.41;39.92,116.47;39.84,116.47;
#5:
>0:39.84,116.35;39.86,116.39;39.85,116.41;39.93,116.44;39.98,116.44;
#6:
>0:39.86,116.35;39.93,116.38;
#7:
>0:40.04,116.44;40.0,116.43;39.94,116.43;39.9,116.38;39.86,116.35;39.83,116.32;
#8:
>0:39.91,116.46;39.91,116.43;39.85,116.38;39.82,116.36;
#9:
>0:40.05,116.45;40.04,116.43;
#10:
>0:40.02,116.44;39.96,116.42;39.95,116.46;39.89,116.45;
#11:
>0:39.93,116.4;39.96,116.36;
#12:
>0:39.84,116.42;39.87,116.4;39.91,116.38;39.91,116.43;39.99,116.41;
#13:
>0:39.85,116.36;39.85,116.4;39.88,116.41;39.91,116.46;39.93,116.49;
#14:
>0:39.82,116.32;39.87,116.37;39.86,116.38;39.9,116.42;
#15:
>0:39.87,116.32;39.9,116.37;39.86,116.39;39.91,116.43;
#16:
>0:40.03,116.46;40.05,116.41;40.07,116.42;40.03,116.36;
#17:
>0:40.06,116.47;40.04,116.5;39.98,116.47;
#18:
>0:40.08,116.41;40.0,116.42;39.96,116.41;39.91,116.43;
#19:
>0:39.82,116.39;39.87,116.4;39.91,116.41;39.97,116.45;40.02,116.43;40.05,116.47;
#20:
>0:39.84,116.42;39.85,116.38;39.85,116.4;39.9,116.41;39.99,116.42;
#21:
>0:40.05,116.37;40.02,116.4;39.97,116.37;
#22:
>0:40.03,116.32;40.01,116.39;40.02,116.4;40.09,116.41;40.0,116.43;40.02,116.48;
#23:
>0:39.91,116.47;39.81,116.45;
#24:
>0:39.85,116.35;39.89,116.39;39.97,116.41;39.95,116.44;39.95,116.47;
#25:
>0:39.91,116.33;39.97,116.32;39.9,116.35;39.89,116.4;39.92,116.44;
#26:
>0:39.94,116.41;39.98,116.44;40.01,116.47;
#27:
>0:39.97,116.38;39.92,116.35;39.88,116.41;
#28:
>0:39.97,116.46;39.91,116.41;39.91,116.4;
#29:
>0:39.97,116.39;40.02,116.35;40.06,116.34;
#30:
>0:39.83,116.43;39.89,116.48;39.89,116.49;
#31:
>0:39.97,116.4;39.93,116.46;
#32:
>0:40.02,116.47;39.98,116.46;39.96,116.43;39.93,116.39;39.81,116.37;
#33:
>0:39.86,116.37;39.8,116.32;
#34:
>0:39.82,116.48;39.88,116.45;39.82,116.41;39.86,116.38;39.86,116.35;39.84,116.34;
#35:
>0:39.89,116.46;39.8,116.41;
#36:
>0:39.92,116.4;39.89,116.36;39.81,116.32;
#37:
>0:40.06,116.42;40.08,116.43;
#38:
>0:39.89,116.47;39.91,116.49;39.98,116.47;40.02,116.5;
#39:
>0:39.87,116.41;39.88,116.4;
#40:
>0:39.86,116.43;39.9,116.41;39.95,116.42;
#41:
>0:39.99,116.37;39.99,116.39;40.06,116.42;40.02,116.46;
#42:
>0:39.97,116.33;39.92,116.36;39.9,116.38;39.87,116.39;39.93,116.45;
#43:
>0:39.84,116.33;39.87,116.35;39.87,116.37;39.91,116.4;
