#0:
>0:39.85,116.43;39.89,116.37;39.9,116.38;39.96,116.32;
#1:
>0:39.82,116.48;39.87,116.44;39.88,116.4;39.8,116.41;39.89,116.36;
#2:
>0:39.82,116.31;39.87,116.35;39.93,116.38;39.95,116.41;40.02,116.44;
#3:
>0:39.99,116.36;40.08,116.41;40.06,116.43;40.02,116.45;40.05,116.49;
#4:
>0:39.97,116.33;39.94,116.35;39.87,116.4;
#5:
>0:39.89,116.43;39.96,116.45;39.99,116.45;
#6:
>0:39.92,116.38;39.9,116.36;39.81,116.37;
#7:
>0:39.84,116.41;39.85,116.41;
#8:
>0:39.85,116.44;39.88,116.42;39.86,116.4;39.82,116.36;39.93,116.33;
#9:
>0:39.86,116.4;39.93,116.43;39.98,116.43;39.99,116.45;
#10:
>0:40.05,116.35;40.05,116.32;40.02,116.36;39.97,116.37;39.91,116.34;39.82,116.39;
#11:
>0:39.92,116.44;39.89,116.42;
#12:
>0:40.02,116.5;40.02,116.44;40.07,116.41;
#13:
>0:39.8,116.34;39.88,116.36;39.91,116.34;39.92,116.42;
#14:
>0:39.83,116.32;39.87,116.35;39.92,116.34;
#15:
>0:39.99,116.44;39.98,116.46;39.95,116.4;39.85,116.43;
#16:
>0:40.05,116.4;40.07,116.4;
#17:
>0:39.88,116.47;39.91,116.46;39.88,116.42;39.86,116.38;39.9,116.4;40.01,116.32;
#18:
>0:39.89,116.41;39.89,116.45;39.96,116.45;40.03,116.48;
#19:
>0:40.0,116.4;39.97,116.43;39.94,116.46;
#20:
>0:39.87,116.35;39.92,116.4;39.95,116.4;39.92,116.46;39.98,116.49;
#21:
>0:39.81,116.33;39.87,116.34;39.84,116.4;
#22:
>0:39.88,116.4;39.89,116.42;39.9,116.43;
#23:
>0:39.81,116.43;39.88,116.42;39.89,116.38;39.82,116.31;
#24:
>0:39.84,116.44;39.84,116.42;39.88,116.38;39.89,116.35;
#25:
>0:40.04,116.42;40.0,116.44;39.98,116.43;39.91,116.48;
#26:
>0:39.86,116.47;39.81,116.46;
#27:
>0:40.04,116.45;40.01,116.44;39.98,116.41;39.95,116.36;39.86,116.38;
#28:
>0:39.98,116.34;39.95,116.35;39.98,116.33;39.96,116.34;
#29:
>0:39.89,116.44;39.97,116.44;40.0,116.41;
#30:
>0:39.86,116.35;39.92,116.35;39.99,116.41;40.02,116.43;
#31:
>0:39.99,116.43;39.97,116.34;
#32:
>0:39.82,116.48;39.85,116.49;39.92,116.48;
#33:
>0:39.91,116.32;39.97,116.36;39.97,116.38;39.95,116.41;
#34:
>0:39.85,116.38;39.91,116.35;39.85,116.32;
#35:
>0:39.9,116.43;39.91,116.39;39.97,116.35;40.06,116.43;
#36:
>0:39.84,116.42;39.89,116.42;
#37:
>0:39.83,116.41;39.83,116.39;
#38:
>0:39.85,116.46;39.87,116.41;39.86,116.38;
#39:
>0:40.02,116.38;39.98,116.42;
#40:
>0:39.92,116.41;39.9,116.37;39.93,116.36;
#41:
>0:39.92,116.47;39.88,116.44;39.86,116.42;39.84,116.42;39.88,116.39;39.82,116.33;
#42:
>0:40.04,116.4;40.01,116.44;39.95,116.48;
#43:
>0:39.92,116.46;39.87,116.47;
