#0:
>0:40.07,116.33;40.07,116.29;
#1:
>0:40.07,116.29;40.01,116.22;
#2:
>0:39.98,116.31;40.0,116.35;40.06,116.39;40.09,116.23;
#3:
>0:39.9,116.37;39.95,116.42;
#4:
>0:39.92,116.2;39.97,116.34;39.98,116.32;39.99,116.25;40.06,116.19;
#5:
>0:40.07,116.39;40.04,116.37;40.01,116.41;40.02,116.47;39.94,116.5;
#6:
>0:39.94,116.23;39.97,116.31;39.98,116.31;39.94,116.37;39.95,116.46;39.94,116.51;
#7:
>0:39.91,116.32;39.93,116.32;
#8:
>0:40.05,116.29;40.01,116.37;39.97,116.41;40.01,116.43;
#9:
>0:39.99,116.31;39.99,116.29;39.97,116.21;39.94,116.27;39.99,116.2;39.96,116.3;40.0,116.26;
#10:
>0:40.03,116.38;40.03,116.33;39.98,116.35;
#11:
>0:39.91,116.36;39.95,116.33;39.97,116.34;
#12:
>0:40.06,116.31;40.07,116.27;
#13:
>0:39.98,116.2;39.95,116.33;39.99,116.19;39.97,116.3;39.99,116.21;39.95,116.28;39.99,116.35;40.02,116.29;40.02,116.34;40.03,116.41;39.99,116.36;
#14:
>0:40.02,116.19;40.07,116.27;40.03,116.3;40.04,116.39;
#15:
>0:39.92,116.42;39.94,116.33;39.98,116.24;40.01,116.24;40.07,116.31;
#16:
>0:40.09,116.3;40.05,116.29;40.02,116.26;39.97,116.28;39.97,116.3;39.93,116.27;
#17:
>0:39.99,116.23;39.98,116.31;39.98,116.31;39.94,116.4;
#18:
>0:39.96,116.33;39.96,116.28;39.97,116.21;
#19:
>0:39.95,116.42;39.97,116.3;40.0,116.28;40.04,116.32;
#20:
>0:39.97,116.33;39.98,116.24;40.04,116.2;
#21:
>0:39.95,116.46;39.94,116.43;
#22:
>0:40.09,116.38;40.04,116.35;40.0,116.27;39.99,116.27;39.94,116.31;39.92,116.43;
#23:
>0:39.92,116.22;39.98,116.28;39.98,116.35;40.03,116.23;
#24:
>0:40.06,116.4;40.03,116.36;39.98,116.37;39.96,116.29;
#25:
>0:39.97,116.44;40.03,116.47;40.06,116.41;
#26:
>0:39.97,116.31;39.97,116.28;
#27:
>0:39.99,116.35;40.0,116.24;40.01,116.36;39.99,116.35;40.02,116.34;40.01,116.28;
#28:
>0:40.03,116.36;40.06,116.27;40.08,116.17;
#29:
>0:39.93,116.49;39.94,116.44;39.98,116.38;40.01,116.39;40.01,116.3;
#30:
>0:39.92,116.44;39.96,116.42;39.95,116.43;39.97,116.54;40.06,116.49;
#31:
>0:40.07,116.25;40.05,116.3;40.02,116.32;39.98,116.38;39.96,116.28;
#32:
>0:39.95,116.47;39.99,116.41;40.04,116.32;39.98,116.24;40.05,116.21;
#33:
>0:39.99,116.5;40.02,116.54;40.04,116.45;
#34:
>0:40.0,116.53;39.97,116.47;39.97,116.41;
#35:
>0:39.98,116.34;40.02,116.26;40.02,116.33;40.06,116.39;40.0,116.34;40.02,116.24;
#36:
>0:39.99,116.51;40.02,116.54;40.06,116.47;
#37:
>0:40.08,116.44;40.04,116.37;40.03,116.36;40.0,116.3;39.94,116.37;
#38:
>0:40.06,116.41;40.03,116.3;40.03,116.24;40.03,116.34;39.96,116.37;
#39:
>0:40.05,116.46;40.05,116.41;40.04,116.33;39.99,116.34;40.02,116.22;
#40:
>0:39.93,116.23;39.96,116.28;39.99,116.33;40.04,116.35;40.03,116.39;40.04,116.49;
#41:
>0:40.06,116.31;40.07,116.28;
#42:
>0:39.91,116.23;39.97,116.28;39.96,116.3;
#43:
>0:40.03,116.38;40.01,116.46;
