#0:
>0:39.95,116.39;39.96,116.46;40.02,116.49;
#1:
>0:40.02,116.43;39.98,116.49;39.94,116.5;39.91,116.52;
#2:
>0:39.99,116.4;40.01,116.43;40.05,116.49;
#3:
>0:39.9,116.3;39.91,116.39;39.93,116.43;39.94,116.55;
#4:
>0:40.09,116.38;40.03,116.42;40.01,116.39;39.97,116.4;
#5:
>0:39.9,116.39;39.93,116.35;39.92,116.27;
#6:
>0:39.99,116.33;40.01,116.3;39.98,116.36;40.02,116.3;39.97,116.26;40.02,116.3;39.95,116.35;
#7:
>0:39.98,116.31;39.96,116.24;39.94,116.18;39.99,116.19;40.02,116.24;39.97,116.33;39.99,116.28;40.02,116.22;40.02,116.27;
#8:
>0:39.91,116.43;39.94,116.47;39.99,116.42;39.98,116.35;39.98,116.21;
#9:
>0:40.08,116.52;40.06,116.53;40.02,116.44;
#10:
>0:39.99,116.46;40.01,116.52;40.06,116.43;
#11:
>0:40.05,116.29;40.04,116.25;
#12:
>0:39.91,116.39;39.93,116.45;39.95,116.43;40.01,116.31;
#13:
>0:39.98,116.51;40.03,116.43;40.06,116.4;
#14:
>0:40.0,116.26;40.02,116.26;40.03,116.34;40.03,116.4;40.01,116.49;
#15:
>0:39.9,116.54;39.92,116.48;39.96,116.46;
#16:
>0:39.96,116.25;39.99,116.21;
#17:
>0:39.97,116.24;39.94,116.29;
#18:
>0:40.07,116.41;40.06,116.42;
#19:
>0:40.01,116.5;39.97,116.45;39.95,116.45;39.91,116.43;
#20:
>0:39.93,116.46;39.97,116.37;40.0,116.34;40.0,116.3;
#21:
>0:39.98,116.41;40.01,116.43;40.04,116.53;
#22:
>0:39.92,116.46;39.95,116.47;39.97,116.37;39.98,116.34;39.94,116.18;
#23:
>0:39.91,116.54;39.91,116.44;39.97,116.5;
#24:
>0:40.0,116.49;39.98,116.44;39.96,116.46;39.9,116.44;
#25:
>0:39.97,116.45;39.97,116.43;
#26:
>0:39.97,116.2;39.95,116.24;
#27:
>0:40.05,116.35;40.08,116.41;
#28:
>0:39.92,116.49;39.92,116.48;39.93,116.46;39.98,116.41;39.91,116.28;
#29:
>0:39.99,116.44;39.96,116.47;39.93,116.44;
#30:
>0:39.92,116.22;39.94,116.26;39.95,116.23;39.99,116.19;40.02,116.28;40.08,116.23;
#31:
>0:40.02,116.4;40.0,116.47;
#32:
>0:39.96,116.45;39.99,116.45;40.0,116.52;40.03,116.44;40.09,116.44;
#33:
>0:39.97,116.21;39.93,116.24;
#34:
>0:40.03,116.26;39.97,116.35;40.02,116.35;40.05,116.36;
#35:
>0:39.99,116.39;40.0,116.43;40.04,116.49;40.08,116.43;
#36:
>0:39.96,116.37;39.95,116.46;39.97,116.37;40.05,116.32;
#37:
>0:40.02,116.29;39.98,116.35;40.02,116.35;39.98,116.32;40.02,116.31;40.05,116.33;40.07,116.46;
#38:
>0:40.06,116.27;40.04,116.28;40.0,116.3;39.96,116.47;
#39:
>0:39.96,116.28;40.02,116.17;40.04,116.26;
#40:
>0:39.98,116.4;40.0,116.32;40.03,116.32;40.08,116.19;
#41:
>0:40.08,116.54;40.03,116.55;40.06,116.48;40.08,116.31;
#42:
>0:40.05,116.42;40.02,116.34;39.98,116.28;39.94,116.34;39.91,116.39;
#43:
>0:40.03,116.54;40.0,116.46;39.97,116.39;39.94,116.36;
