#0:
>0:39.94,116.44;39.97,116.48;40.0,116.41;40.02,116.24;
#1:
>0:39.92,116.18;39.93,116.24;39.98,116.33;40.02,116.39;40.05,116.46;40.06,116.49;
#2:
>0:40.07,116.39;40.06,116.45;40.06,116.38;40.01,116.35;39.97,116.29;39.91,116.31;
#3:
>0:40.02,116.22;39.97,116.25;40.01,116.28;40.0,116.33;39.97,116.44;
#4:
>0:40.03,116.28;39.99,116.24;40.02,116.21;40.0,116.29;39.98,116.34;
#5:
>0:39.93,116.39;40.0,116.41;40.03,116.35;
#6:
>0:40.02,116.54;39.98,116.5;39.99,116.38;
#7:
>0:39.91,116.24;39.96,116.27;39.98,116.3;40.01,116.41;
#8:
>0:39.93,116.29;39.93,116.26;
#9:
>0:39.91,116.31;39.92,116.4;39.93,116.48;
#10:
>0:40.09,116.33;40.06,116.24;40.02,116.22;
#11:
>0:39.99,116.45;40.0,116.4;40.05,116.34;39.97,116.25;
#12:
>0:40.05,116.47;40.01,116.38;39.98,116.42;39.93,116.34;
#13:
>0:39.96,116.45;39.99,116.51;40.01,116.51;40.05,116.52;40.08,116.51;
#14:
>0:39.99,116.18;40.01,116.25;39.97,116.3;39.96,116.42;
#15:
>0:40.0,116.44;40.02,116.36;40.03,116.34;39.97,116.29;
#16:
>0:39.91,116.46;39.91,116.38;39.96,116.43;39.97,116.43;40.07,116.3;
#17:
>0:40.05,116.37;40.08,116.46;40.09,116.5;
#18:
>0:40.03,116.46;40.01,116.39;
#19:
>0:39.91,116.44;39.9,116.38;39.91,116.36;39.94,116.29;39.94,116.19;
#20:
>0:40.05,116.45;40.0,116.4;40.0,116.38;39.96,116.3;
#21:
>0:39.93,116.21;39.95,116.3;39.97,116.34;40.02,116.36;40.04,116.45;40.08,116.54;
#22:
>0:40.0,116.24;40.06,116.26;40.08,116.32;
#23:
>0:40.01,116.37;39.98,116.35;39.99,116.26;39.92,116.18;
#24:
>0:39.99,116.46;40.02,116.46;
#25:
>0:39.91,116.28;39.95,116.36;39.98,116.35;39.93,116.37;39.96,116.55;
#26:
>0:39.91,116.47;39.92,116.38;39.92,116.36;39.91,116.27;39.9,116.2;
#27:
>0:40.09,116.52;40.07,116.47;
#28:
>0:40.08,116.49;40.04,116.38;40.04,116.3;40.01,116.29;40.0,116.31;39.93,116.27;
#29:
>0:40.06,116.18;40.09,116.3;40.03,116.23;39.98,116.35;
#30:
>0:40.08,116.28;40.08,116.34;40.0,116.18;
#31:
>0:40.05,116.2;40.02,116.29;39.98,116.32;
#32:
>0:39.96,116.27;39.94,116.33;
#33:
>0:39.94,116.37;39.99,116.39;39.99,116.32;40.06,116.23;
#34:
>0:39.91,116.45;39.96,116.45;
#35:
>0:40.09,116.47;40.04,116.36;40.01,116.46;
#36:
>0:39.94,116.2;39.99,116.23;40.03,116.22;
#37:
>0:40.08,116.45;40.04,116.41;40.04,116.45;40.0,116.48;
#38:
>0:39.96,116.36;39.97,116.39;40.0,116.34;
#39:
>0:39.94,116.51;39.91,116.48;39.91,116.37;39.9,116.34;39.93,116.25;39.92,116.17;
#40:
>0:39.97,116.31;39.98,116.26;40.02,116.28;39.96,116.35;
#41:
>0:39.93,116.33;39.96,116.28;39.95,116.21;
#42:
>0:40.07,116.38;40.06,116.47;40.05,116.39;40.0,116.36;39.99,116.24;39.91,116.3;
#43:
>0:40.02,116.27;39.97,116.34;39.96,116.41;39.96,116.37;40.03,116.54;
