#0:
>0:39.95,116.37;39.98,116.47;
#1:
>0:39.98,116.23;40.0,116.18;
#2:
>0:40.02,116.46;39.98,116.42;
#3:
>0:39.91,116.28;39.96,116.24;39.97,116.17;40.02,116.29;40.06,116.29;40.09,116.2;
#4:
>0:40.05,116.47;40.09,116.39;40.07,116.36;
#5:
>0:39.93,116.32;39.92,116.41;39.92,116.46;39.98,116.54;
#6:
>0:39.99,116.4;39.98,116.39;
#7:
>0:40.08,116.21;40.08,116.18;
#8:
>0:40.06,116.28;40.04,116.31;40.06,116.41;40.01,116.42;39.99,116.5;
#9:
>0:39.92,116.19;39.92,116.24;39.96,116.33;39.9,116.35;39.92,116.48;
#10:
>0:40.01,116.48;40.04,116.37;
#11:
>0:40.09,116.54;40.03,116.43;40.02,116.36;39.98,116.37;
#12:
>0:39.9,116.22;39.94,116.28;39.97,116.31;40.0,116.4;40.04,116.39;40.04,116.54;
#13:
>0:39.99,116.22;40.02,116.26;40.0,116.31;39.99,116.33;39.98,116.44;
#14:
>0:39.98,116.38;40.01,116.3;
#15:
>0:40.08,116.37;40.04,116.35;40.03,116.38;40.02,116.36;39.97,116.43;39.9,116.4;
#16:
>0:40.01,116.26;40.0,116.31;40.04,116.39;
#17:
>0:39.99,116.42;39.97,116.38;
#18:
>0:40.08,116.52;40.04,116.48;40.02,116.4;39.98,116.47;39.95,116.36;
#19:
>0:40.06,116.23;40.0,116.18;39.99,116.24;39.98,116.3;39.99,116.46;
#20:
>0:39.93,116.4;39.97,116.48;40.01,116.5;40.04,116.54;
#21:
>0:40.04,116.36;40.01,116.27;39.99,116.29;
#22:
>0:39.94,116.47;39.96,116.38;39.94,116.33;40.0,116.24;
#23:
>0:39.98,116.32;40.01,116.42;40.0,116.35;40.07,116.33;
#24:
>0:40.07,116.19;40.06,116.28;40.03,116.28;40.0,116.3;39.98,116.49;
#25:
>0:40.06,116.44;40.02,116.47;39.99,116.45;
#26:
>0:40.01,116.35;40.05,116.29;40.06,116.37;
#27:
>0:39.93,116.21;39.96,116.27;40.0,116.33;39.99,116.37;
#28:
>0:39.95,116.54;39.97,116.47;40.0,116.53;40.05,116.45;40.07,116.41;
#29:
>0:40.02,116.32;39.99,116.42;39.96,116.45;39.93,116.46;
#30:
>0:39.9,116.3;39.96,116.33;39.96,116.19;
#31:
>0:39.94,116.37;39.99,116.33;39.97,116.25;40.02,116.28;40.07,116.29;
#32:
>0:40.07,116.49;40.05,116.51;40.02,116.47;40.0,116.4;39.96,116.46;
#33:
>0:40.03,116.2;40.09,116.17;
#34:
>0:40.0,116.49;40.0,116.48;40.05,116.37;40.07,116.34;40.07,116.24;40.05,116.21;
#35:
>0:39.98,116.27;39.95,116.34;39.93,116.42;
#36:
>0:39.95,116.25;39.98,116.19;
#37:
>0:39.98,116.38;39.97,116.46;40.0,116.52;40.09,116.44;
#38:
>0:40.06,116.23;40.09,116.24;40.02,116.22;
#39:
>0:39.9,116.22;39.96,116.28;39.98,116.3;39.99,116.3;40.04,116.41;
#40:
>0:39.98,116.34;40.03,116.32;40.05,116.2;
#41:
>0:39.94,116.38;39.99,116.31;39.98,116.29;40.05,116.23;
#42:
>0:39.9,116.23;39.96,116.28;39.98,116.31;39.99,116.4;
#43:
>0:39.99,116.53;40.03,116.43;
