#0:
>0:39.99,116.5;39.97,116.43;40.05,116.47;
#1:
>0:39.94,116.44;39.97,116.47;40.02,116.3;
#2:
>0:39.96,116.2;39.92,116.24;
#3:
>0:40.04,116.27;40.09,116.24;
#4:
>0:39.99,116.39;40.01,116.31;
#5:
>0:40.07,116.4;40.04,116.44;40.02,116.52;
#6:
>0:39.97,116.51;40.03,116.5;40.03,116.42;40.08,116.48;
#7:
>0:39.93,116.22;39.94,116.21;39.98,116.18;40.02,116.18;40.03,116.18;40.09,116.2;
#8:
>0:40.01,116.27;39.98,116.32;40.0,116.32;39.96,116.44;
#9:
>0:39.94,116.42;39.97,116.49;40.01,116.39;40.03,116.44;40.07,116.46;
#10:
>0:39.95,116.49;39.99,116.47;40.0,116.38;40.05,116.37;40.07,116.42;
#11:
>0:39.98,116.54;40.02,116.48;40.06,116.48;40.08,116.48;
#12:
>0:39.9,116.33;39.9,116.4;39.93,116.38;39.98,116.44;40.02,116.42;40.08,116.5;
#13:
>0:40.01,116.34;40.06,116.34;
#14:
>0:40.01,116.35;39.99,116.34;39.94,116.28;
#15:
>0:39.95,116.18;40.0,116.29;39.99,116.31;39.93,116.36;39.9,116.46;39.94,116.54;
#16:
>0:39.91,116.4;39.91,116.33;39.95,116.4;40.04,116.49;
#17:
>0:39.94,116.29;39.98,116.33;39.94,116.41;39.93,116.44;39.93,116.5;
#18:
>0:40.09,116.26;40.07,116.3;40.04,116.39;39.98,116.47;
#19:
>0:40.06,116.22;40.05,116.26;40.09,116.23;40.06,116.42;
#20:
>0:39.99,116.49;39.95,116.44;39.99,116.48;40.02,116.3;
#21:
>0:39.99,116.42;40.04,116.46;40.02,116.38;40.08,116.5;
#22:
>0:40.09,116.42;40.05,116.47;40.02,116.45;40.02,116.42;39.99,116.4;39.91,116.4;
#23:
>0:40.04,116.43;40.04,116.5;39.97,116.38;39.96,116.42;
#24:
>0:39.91,116.26;39.94,116.33;39.94,116.24;40.02,116.33;
#25:
>0:40.08,116.51;40.08,116.46;40.05,116.37;39.97,116.33;
#26:
>0:40.07,116.42;40.04,116.42;40.04,116.46;39.99,116.5;39.99,116.45;39.91,116.52;
#27:
>0:39.94,116.21;40.0,116.31;39.96,116.32;
#28:
>0:40.07,116.18;40.05,116.25;40.05,116.33;40.02,116.34;39.95,116.41;
#29:
>0:40.07,116.48;40.09,116.4;40.09,116.31;
#30:
>0:39.93,116.51;39.9,116.52;
#31:
>0:39.95,116.23;39.91,116.25;
#32:
>0:39.92,116.53;39.96,116.43;39.97,116.44;40.01,116.35;
#33:
>0:39.99,116.5;39.97,116.47;40.02,116.46;39.94,116.3;
#34:
>0:39.97,116.4;40.02,116.48;40.01,116.4;40.07,116.5;
#35:
>0:39.91,116.39;39.96,116.4;
#36:
>0:39.99,116.51;39.98,116.45;40.01,116.48;40.07,116.49;
#37:
>0:39.96,116.27;39.98,116.33;40.01,116.25;
#38:
>0:40.09,116.48;40.05,116.37;40.02,116.41;40.0,116.35;39.99,116.32;39.91,116.27;
#39:
>0:40.08,116.53;40.06,116.43;40.04,116.44;40.0,116.39;39.95,116.31;39.91,116.26;
#40:
>0:39.98,116.4;39.97,116.31;40.0,116.27;39.99,116.2;
#41:
>0:40.05,116.43;40.05,116.39;40.05,116.32;
#42:
>0:40.04,116.17;40.03,116.26;40.09,116.32;
#43:
>0:40.0,116.53;40.04,116.49;40.02,116.4;39.97,116.34;
