#0:
>0:40.03,116.25;40.01,116.35;39.99,116.42;39.92,116.35;
#1:
>0:40.0,116.39;39.98,116.46;
#2:
>0:39.95,116.21;39.93,116.24;39.97,116.35;39.97,116.39;39.94,116.39;39.96,116.55;
#3:
>0:40.06,116.28;40.07,116.32;40.01,116.23;40.0,116.35;39.95,116.37;
#4:
>0:40.03,116.2;39.99,116.28;39.98,116.32;39.97,116.41;
#5:
>0:39.92,116.42;39.93,116.43;
#6:
>0:39.92,116.47;39.94,116.37;39.98,116.43;40.01,116.52;40.02,116.42;40.1,116.54;
#7:
>0:40.04,116.48;40.03,116.36;40.0,116.5;
#8:
>0:40.08,116.35;40.01,116.35;39.97,116.42;39.95,116.42;
#9:
>0:39.99,116.43;40.0,116.42;39.97,116.3;40.08,116.34;
#10:
>0:40.08,116.32;40.02,116.32;39.98,116.38;39.93,116.39;39.93,116.41;
#11:
>0:40.06,116.2;40.07,116.26;40.06,116.31;40.06,116.38;
#12:
>0:40.02,116.55;39.98,116.48;40.01,116.52;39.93,116.5;
#13:
>0:39.92,116.22;39.93,116.27;39.91,116.3;39.96,116.38;39.96,116.44;39.92,116.52;
#14:
>0:39.91,116.23;39.94,116.29;39.97,116.34;40.03,116.38;40.0,116.48;40.07,116.6;
#15:
>0:39.92,116.35;39.94,116.4;39.94,116.47;39.91,116.51;
#16:
>0:39.94,116.51;39.9,116.51;39.95,116.45;40.0,116.39;39.99,116.34;39.98,116.18;
#17:
>0:40.07,116.32;40.01,116.39;40.02,116.45;40.03,116.5;
#18:
>0:40.02,116.41;39.99,116.43;39.94,116.46;39.93,116.54;
#19:
>0:40.01,116.44;39.98,116.49;
#20:
>0:40.09,116.22;40.07,116.2;
#21:
>0:40.02,116.26;40.0,116.25;
#22:
>0:40.0,116.42;39.99,116.33;40.0,116.34;40.0,116.21;
#23:
>0:40.04,116.53;39.99,116.44;40.03,116.47;39.97,116.35;
#24:
>0:39.97,116.43;40.0,116.5;40.02,116.45;40.07,116.58;
#25:
>0:39.9,116.52;39.91,116.46;39.96,116.36;40.02,116.45;
#26:
>0:40.07,116.21;40.06,116.21;40.01,116.2;
#27:
>0:39.91,116.33;39.94,116.41;39.95,116.44;
#28:
>0:39.97,116.31;40.03,116.37;40.0,116.35;39.99,116.27;39.96,116.18;39.95,116.19;39.97,116.37;
#29:
>0:39.9,116.3;39.96,116.24;39.96,116.41;
#30:
>0:39.99,116.33;40.0,116.36;40.0,116.47;
#31:
>0:40.04,116.54;40.0,116.42;
#32:
>0:39.95,116.2;39.97,116.17;40.02,116.21;
#33:
>0:40.02,116.55;39.95,116.46;39.9,116.52;
#34:
>0:39.95,116.35;39.97,116.31;
#35:
>0:39.95,116.41;39.97,116.35;
#36:
>0:40.02,116.18;39.98,116.17;39.94,116.18;
#37:
>0:39.98,116.27;40.02,116.31;40.08,116.31;40.09,116.4;
#38:
>0:40.02,116.22;39.97,116.2;39.96,116.19;
#39:
>0:40.0,116.39;39.98,116.32;39.94,116.23;
#40:
>0:40.09,116.38;40.04,116.36;40.02,116.34;
#41:
>0:40.08,116.23;40.09,116.27;40.06,116.34;40.05,116.42;
#42:
>0:40.02,116.48;40.03,116.37;40.09,116.36;40.09,116.25;40.08,116.19;
#43:
>0:40.0,116.42;39.97,116.47;40.0,116.55;39.91,116.42;
