#0:
>0:39.91,116.18;39.96,116.27;39.91,116.32;39.91,116.4;
#1:
>0:39.92,116.51;39.94,116.44;39.99,116.41;39.98,116.31;40.0,116.24;
#2:
>0:39.94,116.34;39.9,116.24;39.93,116.18;
#3:
>0:39.98,116.31;39.97,116.28;39.99,116.35;39.97,116.27;40.01,116.28;39.99,116.31;40.02,116.25;
#4:
>0:40.07,116.37;40.04,116.36;40.05,116.3;40.0,116.24;39.98,116.29;39.92,116.26;
#5:
>0:40.0,116.28;39.98,116.3;
#6:
>0:40.08,116.21;40.06,116.29;40.06,116.35;40.09,116.39;40.07,116.48;
#7:
>0:39.92,116.42;39.94,116.37;39.97,116.41;39.99,116.46;40.03,116.48;40.07,116.34;
#8:
>0:39.98,116.22;39.95,116.19;39.97,116.26;40.05,116.39;
#9:
>0:39.96,116.35;39.98,116.29;40.0,116.35;
#10:
>0:40.02,116.36;39.99,116.36;
#11:
>0:39.92,116.23;39.94,116.21;39.97,116.24;40.0,116.35;40.05,116.28;
#12:
>0:39.91,116.42;39.96,116.37;
#13:
>0:40.02,116.53;39.99,116.48;39.99,116.39;
#14:
>0:39.99,116.18;39.95,116.24;39.92,116.24;
#15:
>0:40.04,116.3;40.07,116.27;
#16:
>0:40.02,116.19;40.02,116.28;40.0,116.28;39.9,116.3;
#17:
>0:40.08,116.23;40.07,116.3;40.04,116.32;40.05,116.4;40.03,116.39;39.94,116.55;
#18:
>0:39.92,116.44;39.92,116.49;
#19:
>0:40.07,116.35;40.08,116.25;40.08,116.19;
#20:
>0:40.08,116.21;40.03,116.21;40.01,116.2;
#21:
>0:39.91,116.46;39.92,116.42;39.92,116.31;39.92,116.29;39.91,116.18;
#22:
>0:40.05,116.3;40.05,116.39;39.99,116.45;
#23:
>0:39.9,116.38;39.96,116.47;39.99,116.43;
#24:
>0:40.01,116.55;39.99,116.44;39.97,116.4;
#25:
>0:39.99,116.25;39.95,116.34;39.98,116.36;40.04,116.46;
#26:
>0:39.92,116.29;39.95,116.17;39.97,116.29;40.02,116.27;40.06,116.35;
#27:
>0:39.98,116.35;40.0,116.3;40.0,116.28;40.05,116.21;40.07,116.35;
#28:
>0:40.09,116.17;40.06,116.26;40.03,116.31;40.0,116.29;39.96,116.17;
#29:
>0:39.96,116.52;39.99,116.53;40.02,116.53;
#30:
>0:40.08,116.51;40.06,116.51;
#31:
>0:39.95,116.26;39.95,116.2;39.97,116.29;40.04,116.19;
#32:
>0:39.98,116.36;39.94,116.35;39.9,116.27;
#33:
>0:39.96,116.52;39.98,116.5;40.02,116.51;
#34:
>0:40.01,116.21;40.01,116.29;40.04,116.31;40.04,116.37;40.0,116.49;
#35:
>0:39.99,116.4;40.01,116.45;40.05,116.47;
#36:
>0:39.94,116.48;39.98,116.52;40.01,116.55;40.04,116.52;40.08,116.49;
#37:
>0:40.06,116.39;40.05,116.33;40.02,116.24;39.97,116.29;39.91,116.36;
#38:
>0:40.0,116.33;40.06,116.42;40.01,116.46;
#39:
>0:39.95,116.51;39.99,116.45;40.02,116.47;40.0,116.38;39.99,116.3;40.01,116.2;
#40:
>0:39.98,116.36;40.02,116.27;
#41:
>0:40.05,116.19;40.08,116.19;40.06,116.34;
#42:
>0:40.06,116.45;40.01,116.4;40.02,116.3;
#43:
>0:40.02,116.25;39.98,116.24;40.02,116.24;40.01,116.3;40.01,116.37;40.02,116.46;40.04,116.36;40.04,116.33;39.98,116.31;
