#0:
>0:39.98,116.24;39.98,116.2;
#1:
>0:40.05,116.29;40.03,116.27;40.03,116.29;40.01,116.26;39.98,116.26;
#2:
>0:40.05,116.22;40.03,116.17;40.01,116.2;40.0,116.2;
#3:
>0:40.01,116.18;40.02,116.2;39.99,116.23;40.01,116.26;40.02,116.31;
#4:
>0:39.98,116.33;40.0,116.3;40.01,116.29;40.0,116.23;
#5:
>0:40.04,116.27;40.03,116.28;
#6:
>0:40.01,116.23;40.0,116.27;39.99,116.32;39.99,116.33;
#7:
>0:40.04,116.33;40.01,116.29;40.02,116.26;40.02,116.23;40.01,116.2;
#8:
>0:40.04,116.26;40.06,116.27;40.05,116.2;
#9:
>0:40.05,116.26;40.02,116.28;40.02,116.26;40.01,116.32;
#10:
>0:40.0,116.21;40.01,116.21;40.02,116.23;40.05,116.28;40.06,116.3;40.08,116.33;
#11:
>0:40.04,116.2;40.06,116.19;40.05,116.21;40.06,116.26;
#12:
>0:40.04,116.3;40.07,116.33;
#13:
>0:40.0,116.22;40.01,116.22;40.02,116.2;40.04,116.24;40.07,116.25;
#14:
>0:40.06,116.25;40.06,116.28;40.05,116.24;40.01,116.26;
#15:
>0:40.04,116.27;40.04,116.23;40.04,116.27;40.01,116.25;
