#0:
>0:39.98,116.19;40.0,116.23;40.02,116.25;40.01,116.27;40.04,116.26;40.07,116.34;
#1:
>0:40.04,116.25;40.01,116.22;39.99,116.24;
#2:
>0:40.08,116.32;40.04,116.32;40.03,116.31;40.01,116.29;40.01,116.24;
#3:
>0:39.99,116.18;40.01,116.24;40.01,116.24;40.01,116.2;40.05,116.22;
#4:
>0:40.06,116.27;40.05,116.23;40.03,116.25;40.02,116.21;40.01,116.2;39.98,116.17;
#5:
>0:40.05,116.27;40.05,116.23;
#6:
>0:40.01,116.26;40.04,116.24;
#7:
>0:40.04,116.21;40.03,116.24;
#8:
>0:40.04,116.28;40.05,116.31;40.06,116.28;
#9:
>0:40.06,116.25;40.05,116.28;40.03,116.26;
#10:
>0:39.98,116.3;40.0,116.26;40.02,116.25;
#11:
>0:40.02,116.25;40.0,116.22;
#12:
>0:40.04,116.27;40.02,116.24;40.01,116.25;39.98,116.19;
#13:
>0:40.01,116.19;40.04,116.2;40.05,116.24;
#14:
>0:40.08,116.34;40.05,116.31;40.03,116.26;40.02,116.29;39.99,116.28;39.99,116.22;
#15:
>0:40.0,116.22;40.0,116.18;
