#0:
>0:40.01,116.29;40.02,116.23;40.02,116.21;40.03,116.18;40.06,116.19;
#1:
>0:40.02,116.18;40.02,116.2;40.03,116.24;40.02,116.27;
#2:
>0:40.06,116.25;40.04,116.22;40.03,116.19;40.02,116.21;
#3:
>0:40.01,116.3;40.01,116.26;40.02,116.23;
#4:
>0:40.08,116.34;40.05,116.31;40.03,116.32;
#5:
>0:40.05,116.29;40.03,116.26;40.02,116.23;39.99,116.23;39.99,116.23;
#6:
>0:40.08,116.32;40.05,116.28;40.03,116.26;
#7:
>0:39.99,116.32;39.99,116.33;40.01,116.32;40.04,116.33;
#8:
>0:40.04,116.29;40.04,116.27;40.01,116.24;39.99,116.24;39.97,116.24;
#9:
>0:40.07,116.24;40.05,116.27;40.03,116.31;40.01,116.32;40.0,116.32;39.98,116.32;
#10:
>0:40.04,116.27;40.04,116.24;
#11:
>0:40.03,116.19;40.05,116.21;40.07,116.23;40.07,116.28;
#12:
>0:40.01,116.18;40.01,116.2;40.0,116.23;40.01,116.29;40.0,116.31;
#13:
>0:40.02,116.33;40.01,116.31;39.98,116.27;39.99,116.24;39.98,116.21;40.0,116.19;
#14:
>0:40.05,116.19;40.03,116.21;40.02,116.23;40.01,116.27;40.01,116.3;40.0,116.33;
#15:
>0:40.01,116.2;40.03,116.25;40.03,116.26;40.03,116.29;
