#0:
>0:40.0,116.18;39.99,116.18;40.01,116.2;40.0,116.19;40.02,116.19;40.01,116.22;40.01,116.25;40.0,116.27;40.0,116.29;39.98,116.25;39.98,116.29;39.99,116.33;40.0,116.32;39.99,116.32;39.98,116.29;40.0,116.27;39.98,116.29;39.99,116.32;40.0,116.31;39.99,116.31;39.98,116.28;39.99,116.25;39.99,116.31;
#1:
>0:40.05,116.26;40.07,116.25;40.06,116.21;
#2:
>0:40.03,116.25;40.05,116.22;
#3:
>0:40.07,116.23;40.05,116.21;40.03,116.23;40.01,116.2;40.0,116.23;39.98,116.31;
#4:
>0:39.99,116.18;39.98,116.18;40.0,116.23;40.0,116.17;40.01,116.18;40.02,116.21;40.0,116.19;39.98,116.18;40.0,116.21;40.01,116.19;39.98,116.18;40.0,116.22;40.0,116.2;40.01,116.2;40.02,116.2;39.99,116.24;40.0,116.26;39.99,116.3;39.98,116.26;39.99,116.29;39.99,116.28;39.98,116.26;39.98,116.33;
#5:
>0:40.06,116.18;40.03,116.18;40.04,116.22;40.05,116.23;40.04,116.26;40.03,116.31;
#6:
>0:40.03,116.19;40.05,116.22;40.06,116.25;40.05,116.27;40.07,116.31;
#7:
>0:40.03,116.3;40.01,116.26;39.99,116.27;39.98,116.28;
#8:
>0:39.98,116.24;40.0,116.23;40.02,116.19;40.03,116.17;40.06,116.19;
#9:
>0:40.02,116.24;40.04,116.24;
#10:
>0:40.03,116.29;40.03,116.26;40.03,116.25;40.03,116.2;40.04,116.17;
#11:
>0:40.06,116.33;40.07,116.31;40.05,116.3;40.03,116.27;40.01,116.25;39.99,116.27;39.99,116.33;
#12:
>0:39.98,116.17;39.99,116.2;40.02,116.24;40.02,116.26;40.05,116.29;40.04,116.31;
#13:
>0:40.05,116.22;40.03,116.23;40.04,116.25;40.05,116.3;
#14:
>0:40.06,116.22;40.07,116.24;40.05,116.21;40.02,116.24;40.01,116.22;39.98,116.18;
#15:
>0:39.99,116.32;40.0,116.32;39.99,116.27;
