#0:
>0:39.99,116.21;40.0,116.21;40.01,116.21;40.04,116.22;40.05,116.22;
#1:
>0:40.02,116.28;40.03,116.26;40.05,116.24;40.06,116.23;
#2:
>0:40.01,116.26;39.99,116.24;39.99,116.22;
#3:
>0:40.07,116.25;40.06,116.22;40.06,116.18;
#4:
>0:40.04,116.31;40.05,116.32;40.02,116.29;40.01,116.23;
#5:
>0:40.03,116.27;40.02,116.24;40.01,116.21;40.02,116.2;
#6:
>0:40.02,116.33;40.01,116.3;
#7:
>0:39.98,116.18;40.0,116.2;39.98,116.21;40.0,116.23;39.97,116.29;
#8:
>0:40.01,116.22;40.0,116.22;
#9:
>0:40.01,116.33;40.03,116.33;40.05,116.27;
#10:
>0:39.97,116.18;39.99,116.18;39.99,116.22;40.0,116.25;39.99,116.29;
#11:
>0:39.99,116.28;40.0,116.27;39.99,116.24;40.03,116.24;
#12:
>0:40.05,116.33;40.04,116.28;40.03,116.26;
#13:
>0:39.99,116.32;40.0,116.33;40.02,116.29;40.04,116.3;
#14:
>0:40.03,116.2;40.03,116.21;
#15:
>0:39.99,116.25;39.99,116.22;
