#0:
>0:39.85,118.37;39.84,117.75;39.85,117.15;
#1:
>0:39.76,118.69;39.84,118.01;39.89,117.58;39.96,117.14;39.97,116.7;
#2:
>0:39.78,117.67;39.84,118.01;
#3:
>0:39.87,117.77;39.85,118.11;39.8,118.29;39.73,117.58;
#4:
>0:39.72,119.2;39.78,119.08;39.81,118.64;39.92,118.32;39.93,119.43;
#5:
>0:39.79,117.93;39.85,117.94;39.87,118.07;
#6:
>0:39.84,118.08;39.76,118.39;39.73,119.13;
#7:
>0:39.81,117.41;39.89,117.87;39.86,118.38;39.8,119.36;
#8:
>0:39.83,116.82;39.85,117.51;39.83,118.35;
#9:
>0:39.98,116.61;39.9,116.47;
#10:
>0:39.88,116.64;39.94,116.41;
#11:
>0:39.97,119.04;39.92,118.99;39.85,118.26;39.77,117.49;
#12:
>0:39.79,118.41;39.78,118.8;
#13:
>0:39.96,118.36;39.87,117.76;39.84,117.76;39.79,117.49;
#14:
>0:39.94,119.37;39.89,118.86;39.82,118.42;39.79,117.4;
#15:
>0:39.73,116.91;39.63,117.81;39.66,117.96;39.7,118.88;
#16:
>0:39.84,116.81;39.91,116.36;39.98,116.9;39.89,117.67;39.94,118.67;
#17:
>0:39.89,117.67;39.96,117.1;39.85,116.51;
#18:
>0:39.72,117.37;39.79,118.14;
#19:
>0:39.89,117.82;39.84,118.22;
#20:
>0:39.85,118.28;39.75,118.0;39.73,119.46;
#21:
>0:39.79,117.61;39.74,117.13;
#22:
>0:39.91,118.49;39.81,118.78;39.81,119.39;39.72,118.38;
#23:
>0:39.77,117.26;39.74,117.6;39.72,118.18;
#24:
>0:39.87,119.02;39.87,119.51;
#25:
>0:39.88,117.33;39.81,116.71;
#26:
>0:39.87,118.4;39.85,118.38;
#27:
>0:39.98,116.31;39.91,116.44;
#28:
>0:39.86,118.78;39.78,118.23;39.7,117.53;39.69,117.02;
#29:
>0:39.91,117.72;39.81,118.0;39.85,117.44;39.68,117.66;
#30:
>0:39.71,118.23;39.77,118.23;39.85,119.27;
#31:
>0:39.74,116.34;39.63,116.89;39.66,117.64;
#32:
>0:39.8,116.9;39.83,117.59;39.88,117.82;39.97,118.53;
#33:
>0:39.68,118.19;39.68,118.45;39.72,118.48;39.81,118.04;
#34:
>0:39.74,116.7;39.77,117.06;39.69,117.61;39.71,118.27;
#35:
>0:39.66,119.46;39.7,119.07;39.77,119.1;39.83,119.29;
#36:
>0:39.88,118.78;39.83,118.21;39.78,118.23;39.69,118.1;
#37:
>0:39.72,118.08;39.75,118.34;39.84,119.16;
#38:
>0:39.71,116.85;39.69,116.38;39.75,117.27;39.89,116.94;
#39:
>0:39.8,117.88;39.77,118.34;39.82,118.76;39.95,118.25;
