#0:
>0:39.88,117.1;39.96,117.39;
#1:
>0:39.95,116.41;39.89,116.34;
#2:
>0:39.8,117.42;39.85,118.4;39.92,118.13;39.96,118.13;
#3:
>0:39.73,118.03;39.8,118.72;39.86,119.41;39.91,119.22;39.94,119.52;
#4:
>0:39.85,117.47;39.79,116.97;39.73,116.53;
#5:
>0:39.77,118.5;39.71,118.27;39.8,117.74;39.74,117.08;
#6:
>0:39.98,116.45;39.9,116.43;
#7:
>0:39.96,116.39;39.95,116.62;
#8:
>0:39.82,116.32;39.9,117.01;
#9:
>0:39.91,117.23;39.85,117.82;
#10:
>0:39.86,119.43;39.81,118.68;39.84,117.99;39.77,117.61;39.76,117.21;39.72,116.93;39.67,116.42;39.74,116.97;
#11:
>0:39.71,116.36;39.64,117.33;39.79,117.55;
#12:
>0:39.63,116.54;39.7,117.06;39.64,117.75;39.73,118.31;39.72,118.66;39.72,119.48;
#13:
>0:39.63,118.97;39.7,119.46;39.74,119.32;39.8,118.75;
#14:
>0:39.75,118.72;39.84,118.77;
#15:
>0:39.96,116.49;39.95,116.7;
#16:
>0:39.91,116.77;39.96,116.3;
#17:
>0:39.98,116.8;39.97,116.53;
#18:
>0:39.86,119.08;39.89,118.99;39.95,119.44;39.88,119.36;39.89,118.85;39.87,118.1;39.79,117.22;
#19:
>0:39.85,118.68;39.92,118.57;39.91,118.25;39.99,117.54;39.96,116.42;
#20:
>0:39.64,116.48;39.62,117.33;39.66,117.45;39.64,118.22;39.67,118.89;
#21:
>0:39.97,116.64;39.89,116.62;
#22:
>0:39.89,116.64;39.98,116.78;
#23:
>0:39.85,118.9;39.91,118.77;39.98,118.26;
#24:
>0:39.97,119.5;39.88,118.48;39.83,118.55;39.76,118.82;
#25:
>0:39.79,116.67;39.73,116.7;39.76,117.23;39.81,117.38;39.77,117.92;39.78,119.2;
#26:
>0:39.8,117.17;39.9,117.53;39.94,118.09;39.95,118.5;
#27:
>0:39.9,117.46;39.84,116.88;39.81,117.61;39.68,117.49;
#28:
>0:39.98,116.3;39.91,116.55;39.83,117.13;39.79,117.82;39.77,117.11;39.66,117.73;
#29:
>0:39.89,117.36;39.91,118.27;39.89,118.85;39.88,119.2;
#30:
>0:39.75,119.18;39.75,118.55;39.72,118.39;39.75,117.36;39.74,117.8;39.68,116.28;
#31:
>0:39.94,116.35;39.9,116.42;
#32:
>0:39.79,116.56;39.81,116.54;39.86,117.15;39.83,117.5;39.82,118.51;
#33:
>0:39.84,117.08;39.83,117.69;39.86,118.05;
#34:
>0:39.85,118.71;39.81,118.25;39.75,117.66;39.65,116.85;
#35:
>0:39.92,116.61;39.85,117.18;39.86,117.87;39.78,118.18;39.72,118.52;
#36:
>0:39.89,117.82;39.83,117.15;39.76,117.74;39.7,117.45;
#37:
>0:39.91,116.58;39.93,116.52;
#38:
>0:39.98,116.77;39.94,116.59;
#39:
>0:39.92,119.19;39.98,119.42;39.87,118.63;39.95,118.16;39.83,117.27;
