#0:
>0:39.68,119.07;39.63,119.39;
#1:
>0:39.62,116.73;39.68,116.46;39.72,117.31;39.79,117.48;39.9,117.07;
#2:
>0:39.68,118.28;39.73,117.93;39.76,118.15;
#3:
>0:39.91,118.64;39.92,118.18;
#4:
>0:39.83,117.86;39.92,117.52;39.88,118.69;
#5:
>0:39.9,118.91;39.82,119.16;39.77,119.04;39.69,119.32;39.64,118.87;
#6:
>0:39.88,116.58;39.94,116.37;
#7:
>0:39.92,119.36;39.9,118.6;39.78,119.53;
#8:
>0:39.95,118.62;39.98,119.3;
#9:
>0:39.86,117.96;39.82,117.6;
#10:
>0:39.66,119.25;39.74,119.21;39.75,119.05;39.84,119.27;
#11:
>0:39.94,116.8;39.87,116.56;
#12:
>0:39.7,116.91;39.8,117.65;39.83,117.94;39.9,118.9;39.93,119.13;
#13:
>0:39.85,116.38;39.9,117.27;39.93,116.96;
#14:
>0:39.77,117.86;39.69,117.29;
#15:
>0:39.8,118.95;39.72,118.35;39.73,117.54;39.74,117.7;39.72,116.51;
#16:
>0:39.88,119.51;39.83,118.56;39.78,118.21;39.72,117.78;39.66,117.05;39.65,116.73;
#17:
>0:39.74,117.48;39.83,117.88;39.89,117.43;
#18:
>0:39.87,116.44;39.96,116.29;
#19:
>0:39.78,117.71;39.86,117.84;39.87,118.19;
#20:
>0:39.73,117.77;39.8,117.06;39.78,116.4;
#21:
>0:39.76,116.85;39.86,116.97;39.91,117.14;
#22:
>0:39.73,117.35;39.74,117.17;
#23:
>0:39.93,116.27;39.98,116.32;
#24:
>0:39.91,118.02;39.85,118.0;39.88,119.33;
#25:
>0:39.65,119.41;39.7,118.87;39.76,118.32;39.83,117.43;39.87,116.82;39.96,117.93;
#26:
>0:39.97,119.14;39.88,119.47;39.84,119.47;
#27:
>0:39.97,118.24;39.96,117.79;39.98,117.14;39.96,116.3;
#28:
>0:39.84,116.67;39.75,116.87;39.78,117.51;39.79,118.01;
#29:
>0:39.86,117.16;39.82,117.07;
#30:
>0:39.76,116.61;39.84,116.41;39.87,116.61;
#31:
>0:39.9,119.25;39.89,118.53;39.77,119.02;
#32:
>0:39.97,117.82;39.87,116.86;39.81,116.91;
#33:
>0:39.68,119.42;39.72,119.29;39.74,119.24;39.83,119.12;
#34:
>0:39.72,119.01;39.75,119.53;39.86,119.32;39.91,117.92;
#35:
>0:39.99,116.44;39.9,116.53;39.91,116.71;
#36:
>0:39.67,118.32;39.68,117.39;39.73,116.82;39.79,117.89;39.81,117.87;39.95,117.79;
#37:
>0:39.62,119.12;39.7,119.4;39.77,119.42;39.82,119.32;
#38:
>0:39.85,117.95;39.86,117.43;
#39:
>0:39.88,117.91;39.96,118.73;
