#0:
>0:39.99,116.66;39.91,117.21;39.86,117.12;
#1:
>0:39.92,117.41;39.86,117.76;39.79,117.16;39.73,117.8;
#2:
>0:39.71,116.39;39.76,117.03;39.71,117.06;39.74,117.41;39.76,118.44;39.85,119.27;
#3:
>0:39.7,117.49;39.79,117.99;39.83,118.63;39.84,119.31;39.95,119.37;
#4:
>0:39.62,118.21;39.68,118.55;39.71,118.42;39.75,118.64;39.86,119.67;39.93,119.32;
#5:
>0:39.67,118.12;39.74,118.89;39.78,117.72;
#6:
>0:39.68,118.19;39.7,117.89;39.77,117.07;
#7:
>0:39.84,117.14;39.76,117.49;
#8:
>0:39.75,117.97;39.7,118.01;39.67,119.46;
#9:
>0:39.95,117.93;39.89,117.6;39.85,118.75;39.76,118.91;39.76,119.55;
#10:
>0:39.92,117.75;39.84,117.03;
#11:
>0:39.78,118.41;39.84,118.88;39.89,118.68;
#12:
>0:39.79,119.82;39.68,118.72;
#13:
>0:39.64,116.65;39.72,116.87;39.79,117.72;39.81,118.75;39.87,118.1;
#14:
>0:39.94,117.13;39.94,116.41;39.9,116.91;39.77,117.05;
#15:
>0:39.73,116.66;39.74,116.86;39.69,116.84;39.69,117.84;39.8,118.23;39.85,119.68;
#16:
>0:39.98,116.83;39.9,117.43;39.85,118.42;39.76,118.7;39.72,118.65;39.66,118.95;
#17:
>0:39.76,118.28;39.88,118.86;39.89,117.91;39.97,118.09;
#18:
>0:39.67,117.55;39.63,117.51;
#19:
>0:39.97,116.63;39.89,117.04;39.9,117.66;39.98,117.54;39.9,118.42;39.9,119.3;
#20:
>0:39.94,119.53;39.94,118.76;39.93,118.41;
#21:
>0:39.83,117.58;39.76,117.01;39.73,117.63;
#22:
>0:39.93,116.99;39.93,116.44;39.85,116.46;39.74,116.77;39.73,116.33;39.65,116.34;
#23:
>0:39.67,116.7;39.66,116.91;39.69,117.65;39.79,118.4;39.9,118.54;
#24:
>0:39.77,118.77;39.71,117.9;39.77,117.63;39.83,117.47;39.83,116.77;
#25:
>0:39.78,118.1;39.81,118.61;39.9,118.64;39.96,118.77;
#26:
>0:39.71,117.32;39.7,117.88;39.8,118.19;39.84,118.79;39.97,119.13;
#27:
>0:39.92,118.26;39.83,117.57;39.76,117.33;39.79,116.7;
#28:
>0:39.68,117.93;39.66,118.5;
#29:
>0:39.92,116.35;39.85,117.01;
#30:
>0:39.89,117.05;39.91,117.67;39.89,117.98;
#31:
>0:39.67,117.96;39.71,118.86;39.81,119.88;
#32:
>0:39.97,119.12;39.87,118.92;39.89,118.24;39.94,117.58;39.92,117.42;39.96,116.36;
#33:
>0:39.77,116.34;39.82,116.96;39.88,116.83;39.93,116.83;
#34:
>0:39.84,118.73;39.76,117.56;39.68,117.49;
#35:
>0:39.72,118.01;39.78,117.88;39.7,117.13;
#36:
>0:39.69,118.76;39.72,119.32;
#37:
>0:39.88,116.97;39.95,117.68;
#38:
>0:39.76,116.28;39.69,117.11;39.74,117.62;39.67,117.66;39.69,118.43;39.68,119.01;
#39:
>0:39.98,118.36;39.88,117.62;39.9,117.02;
