#0:
>0:39.82,119.42;39.77,118.93;39.74,118.34;39.65,117.57;39.63,117.17;39.65,116.73;
#1:
>0:39.71,118.23;39.76,117.64;39.86,118.61;39.87,118.64;
#2:
>0:39.74,118.71;39.68,119.58;
#3:
>0:39.92,117.65;39.88,118.25;39.83,118.8;39.7,119.47;
#4:
>0:39.68,117.38;39.68,117.98;39.7,118.46;39.81,118.49;
#5:
>0:39.75,118.76;39.69,118.26;39.67,117.74;
#6:
>0:39.68,118.74;39.68,119.44;
#7:
>0:39.72,118.19;39.75,117.52;39.82,117.39;39.87,117.8;39.94,118.59;
#8:
>0:39.85,118.83;39.89,118.73;39.91,117.66;39.96,117.17;39.98,116.61;
#9:
>0:39.95,116.72;39.83,117.26;39.78,117.82;39.72,118.14;39.7,118.83;
#10:
>0:39.82,117.0;39.8,117.68;39.68,118.26;39.69,118.97;
#11:
>0:39.74,116.79;39.73,117.15;39.63,117.13;39.68,118.23;
#12:
>0:39.92,119.68;39.88,118.47;39.86,118.81;39.76,117.71;39.7,117.04;
#13:
>0:39.94,119.22;39.89,118.91;39.89,118.42;39.77,117.69;
#14:
>0:39.97,118.17;39.96,117.66;39.83,118.78;
#15:
>0:39.74,116.88;39.74,117.61;
#16:
>0:39.78,118.87;39.85,118.52;
#17:
>0:39.89,118.87;39.86,118.33;39.91,117.74;
#18:
>0:39.92,116.3;39.98,117.17;39.84,117.79;
#19:
>0:39.72,116.71;39.74,116.95;39.79,117.79;39.82,118.46;
#20:
>0:39.83,117.47;39.79,118.05;39.7,118.21;39.63,117.95;
#21:
>0:39.65,119.32;39.64,118.7;39.72,119.16;39.78,118.91;39.83,118.45;39.94,118.84;
#22:
>0:39.86,117.81;39.89,118.18;
#23:
>0:39.69,116.6;39.74,117.13;39.77,117.71;39.82,118.64;39.89,118.08;39.98,119.44;
#24:
>0:39.97,117.18;39.88,117.39;39.83,117.2;39.78,117.25;39.71,116.95;
#25:
>0:39.93,117.96;39.98,117.47;39.83,118.75;
#26:
>0:39.64,118.53;39.71,118.29;
#27:
>0:39.74,118.57;39.84,118.54;39.88,118.48;39.96,118.6;
#28:
>0:40.0,116.69;39.95,116.52;39.8,117.34;39.8,117.1;39.73,116.35;39.63,117.03;
#29:
>0:39.76,117.5;39.68,118.18;39.8,117.9;39.84,118.77;39.98,117.93;
#30:
>0:39.94,116.38;39.83,117.35;39.78,117.22;
#31:
>0:39.82,119.03;39.88,118.84;39.95,118.68;39.97,117.61;
#32:
>0:39.8,117.26;39.8,116.87;39.86,118.42;
#33:
>0:39.81,117.7;39.78,117.77;39.77,117.92;
#34:
>0:39.93,117.28;39.91,117.41;39.97,118.22;39.87,117.96;39.93,119.57;
#35:
>0:39.93,117.13;39.9,117.61;39.93,118.11;39.92,118.33;39.95,119.46;
#36:
>0:39.87,118.68;39.85,118.36;39.81,118.42;39.72,118.4;39.62,117.98;
#37:
>0:39.91,118.45;39.81,118.37;39.81,118.49;39.73,118.31;39.63,118.13;
#38:
>0:39.71,117.95;39.76,117.89;39.9,118.75;39.89,118.61;
#39:
>0:39.68,117.43;39.67,117.14;
