#0:
>0:39.66,116.43;39.65,116.97;39.7,117.64;
#1:
>0:39.98,117.35;39.91,117.52;
#2:
>0:39.87,119.47;39.8,118.76;39.86,118.0;39.8,117.47;39.71,116.85;
#3:
>0:39.74,117.31;39.69,117.17;39.68,117.15;
#4:
>0:39.93,117.21;39.96,116.87;
#5:
>0:39.64,117.88;39.67,118.31;39.77,117.75;
#6:
>0:39.87,117.25;39.82,117.63;39.87,118.3;39.87,118.94;
#7:
>0:39.71,118.9;39.65,118.17;
#8:
>0:39.62,116.86;39.63,117.47;39.73,117.57;39.74,118.41;39.82,119.23;
#9:
>0:39.71,116.32;39.8,116.59;39.82,116.42;39.93,116.79;39.94,116.31;
#10:
>0:39.83,118.93;39.92,118.81;39.88,118.32;39.9,117.11;
#11:
>0:39.97,119.37;39.93,118.72;39.91,118.66;39.89,118.24;39.93,117.88;39.84,116.3;
#12:
>0:39.93,118.67;39.92,117.95;39.82,118.27;39.78,118.04;39.74,117.56;39.67,118.44;
#13:
>0:39.67,118.83;39.66,118.36;39.72,118.87;39.8,117.95;39.89,117.38;
#14:
>0:39.97,117.46;39.91,117.64;39.89,118.22;39.98,119.17;
#15:
>0:39.75,116.27;39.78,116.32;
#16:
>0:39.88,117.79;39.86,118.19;39.77,118.48;39.76,118.99;39.66,118.86;
#17:
>0:39.63,118.29;39.64,118.11;
#18:
>0:39.94,117.65;39.89,116.93;39.81,117.7;39.79,118.21;39.7,117.41;39.64,118.19;
#19:
>0:39.66,117.94;39.74,118.64;39.78,118.33;39.8,118.68;39.9,118.48;
#20:
>0:39.73,118.6;39.8,119.35;
#21:
>0:39.8,116.82;39.72,117.49;39.71,117.94;
#22:
>0:39.81,118.59;39.88,118.53;39.93,118.97;
#23:
>0:39.71,118.46;39.67,118.35;
#24:
>0:39.66,119.47;39.69,118.68;39.77,118.03;39.83,117.88;39.91,117.46;39.82,116.8;
#25:
>0:39.76,116.43;39.82,117.19;39.85,117.38;39.75,118.08;39.77,118.58;
#26:
>0:39.8,116.51;39.76,117.18;
#27:
>0:39.76,118.66;39.79,118.1;
#28:
>0:39.63,118.3;39.67,118.52;39.67,119.34;
#29:
>0:39.82,116.83;39.95,116.3;39.98,116.49;
#30:
>0:39.63,116.76;39.66,116.98;39.73,117.52;39.78,117.81;39.91,117.49;
#31:
>0:39.99,116.56;39.96,116.68;
#32:
>0:39.69,118.69;39.8,118.42;39.81,117.68;39.9,118.44;39.95,116.96;
#33:
>0:39.68,116.62;39.67,116.54;
#34:
>0:39.92,118.86;39.99,119.15;
#35:
>0:39.73,116.73;39.68,117.27;39.75,117.25;39.82,117.49;39.73,118.5;
#36:
>0:39.98,117.02;39.9,117.41;
#37:
>0:39.7,117.06;39.76,116.57;39.84,117.18;39.81,117.72;39.98,117.8;
#38:
>0:39.97,116.67;39.87,117.33;39.81,117.6;39.84,118.16;
#39:
>0:39.89,118.72;39.82,118.12;39.75,118.42;39.68,117.62;39.64,117.92;
