#0:
>0:39.74,119.25;39.7,118.59;39.75,118.96;39.71,118.0;39.69,117.1;
#1:
>0:39.88,116.33;39.97,116.81;39.96,117.85;
#2:
>0:39.97,118.82;39.87,118.89;39.83,119.3;39.83,118.97;39.7,119.42;
#3:
>0:39.67,117.17;39.66,116.36;39.69,116.3;39.77,116.58;39.89,117.07;
#4:
>0:39.89,119.11;39.9,118.62;
#5:
>0:39.92,118.18;39.81,118.87;
#6:
>0:39.85,119.0;39.83,118.52;39.75,118.6;39.66,119.0;
#7:
>0:39.71,117.5;39.66,117.98;
#8:
>0:39.92,117.95;39.85,118.82;
#9:
>0:39.73,118.81;39.77,119.44;39.82,119.07;39.9,119.23;39.98,119.15;
#10:
>0:39.69,117.6;39.63,117.91;
#11:
>0:39.72,118.09;39.73,118.89;39.85,119.22;
#12:
>0:39.96,116.38;39.91,116.38;
#13:
>0:39.68,117.48;39.7,118.04;39.79,118.18;39.81,118.1;
#14:
>0:39.65,118.92;39.71,118.45;39.77,119.28;39.86,119.33;39.9,118.94;39.95,118.89;
#15:
>0:39.68,118.55;39.69,119.5;
#16:
>0:39.83,118.74;39.81,117.93;39.74,118.45;
#17:
>0:39.65,117.87;39.63,116.95;
#18:
>0:39.76,118.29;39.82,118.54;
#19:
>0:39.75,118.8;39.86,118.8;39.9,119.4;
#20:
>0:39.77,116.76;39.83,116.53;
#21:
>0:39.98,116.35;39.96,116.49;
#22:
>0:39.65,118.83;39.64,119.33;39.79,119.52;
#23:
>0:39.74,118.54;39.75,118.06;39.78,117.43;39.75,117.09;
#24:
>0:39.94,119.27;39.92,118.78;39.83,118.18;39.81,117.39;39.81,116.82;39.8,116.68;
#25:
>0:39.77,118.84;39.71,118.29;39.63,117.45;39.68,117.12;39.68,116.75;
#26:
>0:39.86,118.79;39.82,118.33;39.8,117.75;
#27:
>0:39.84,118.46;39.91,118.02;39.9,117.73;39.82,117.71;39.82,116.59;
#28:
>0:39.62,118.12;39.73,117.97;39.79,117.49;
#29:
>0:39.94,118.21;39.93,118.98;39.88,118.56;39.85,118.28;39.74,117.85;
#30:
>0:39.82,118.68;39.76,117.9;39.74,117.71;39.64,116.84;39.66,116.54;
#31:
>0:39.81,118.05;39.81,118.69;
#32:
>0:39.9,116.46;39.81,117.1;39.76,116.56;
#33:
>0:39.88,117.05;39.96,116.93;
#34:
>0:39.96,117.52;39.91,117.08;39.81,117.1;39.79,116.82;
#35:
>0:39.97,116.61;39.98,116.4;
#36:
>0:39.86,119.17;39.82,118.53;39.86,118.65;39.82,118.1;39.94,117.19;
#37:
>0:39.8,116.54;39.8,117.31;39.86,117.14;39.97,116.83;
#38:
>0:39.96,118.48;39.88,118.67;39.82,118.29;39.88,117.69;39.99,116.45;
#39:
>0:39.67,119.17;39.68,119.31;
