#0:
>0:33.64,116.78;35.88,116.54;35.4,116.42;36.05,116.13;
#1:
>0:36.91,116.29;37.59,116.66;38.6,116.83;
#2:
>0:37.02,116.76;35.67,117.08;
#3:
>0:39.11,116.08;38.16,116.29;36.52,116.18;35.67,116.33;33.69,116.5;32.1,116.98;
#4:
>0:33.34,117.46;32.19,117.03;
#5:
>0:34.76,116.65;33.33,116.85;32.96,117.15;
#6:
>0:38.81,117.05;37.3,116.81;36.2,116.54;38.08,116.48;38.25,116.06;
#7:
>0:35.85,117.09;36.21,117.01;38.56,116.86;36.46,116.58;37.17,116.09;
#8:
>0:34.31,116.16;32.62,116.29;34.48,116.35;32.69,116.66;32.84,116.99;
#9:
>0:33.56,116.78;35.58,116.57;35.96,116.66;37.47,116.72;39.17,116.55;
#10:
>0:39.15,116.77;38.31,116.57;36.82,116.72;35.27,117.11;
#11:
>0:38.6,116.35;36.38,116.11;35.06,116.69;
#12:
>0:37.58,116.4;36.69,116.71;35.39,116.75;35.61,117.04;34.65,117.31;
#13:
>0:35.02,116.56;36.41,116.8;35.46,116.82;36.48,117.3;
#14:
>0:40.13,116.46;37.88,116.71;
#15:
>0:37.94,116.98;36.75,117.27;
#16:
>0:36.37,116.41;37.72,116.56;39.97,116.78;39.07,117.01;
#17:
>0:39.01,116.18;39.36,116.38;39.89,116.63;39.07,116.75;39.32,116.97;39.16,117.33;
#18:
>0:36.23,116.68;37.49,116.34;39.96,116.06;
#19:
>0:36.97,116.84;36.39,116.86;
#20:
>0:37.04,116.99;35.54,117.34;34.36,117.36;
#21:
>0:35.88,116.24;34.17,116.45;32.29,116.65;31.87,116.85;32.36,116.94;33.15,117.36;
#22:
>0:36.44,117.27;34.9,117.38;
#23:
>0:33.1,116.72;33.71,116.68;35.15,116.6;35.11,116.24;
#24:
>0:37.01,116.85;37.87,116.65;40.07,116.39;
#25:
>0:37.45,116.21;36.14,116.41;36.54,116.14;34.46,116.34;
#26:
>0:38.55,116.23;39.38,116.12;
#27:
>0:37.3,117.19;37.23,117.0;36.88,116.75;35.21,116.85;35.56,116.55;33.93,116.12;
#28:
>0:37.12,117.24;35.45,117.09;34.14,116.93;31.9,116.69;33.87,116.36;32.39,116.14;
#29:
>0:39.9,117.02;37.95,117.1;36.76,117.0;
