#0:
>0:39.44,116.12;38.35,116.43;39.37,116.56;38.13,116.74;37.5,117.07;
#1:
>0:34.55,117.01;37.72,116.98;38.48,116.93;
#2:
>0:39.74,116.59;38.32,116.48;36.28,116.71;36.63,116.28;33.86,116.56;
#3:
>0:39.22,116.82;38.05,117.15;39.67,117.28;
#4:
>0:37.04,117.08;35.71,117.0;34.41,117.02;
#5:
>0:34.31,116.92;32.63,116.5;33.48,116.34;37.05,116.29;
#6:
>0:39.53,116.64;38.17,116.91;36.01,116.71;35.86,116.45;
#7:
>0:37.71,117.13;37.15,116.93;35.67,116.53;34.15,116.44;33.04,116.49;
#8:
>0:40.61,116.43;40.98,116.39;
#9:
>0:39.07,116.91;38.43,116.82;
#10:
>0:36.25,116.63;35.88,116.81;37.09,117.17;35.1,117.27;
#11:
>0:35.5,117.14;34.1,116.78;32.09,116.84;
#12:
>0:35.6,116.43;35.35,116.25;37.85,116.29;40.39,116.54;
#13:
>0:35.66,116.99;36.46,116.86;38.61,116.59;40.33,116.6;36.58,116.28;
#14:
>0:33.1,116.93;32.13,117.03;
#15:
>0:32.7,116.48;34.23,116.58;35.12,116.68;35.87,116.8;38.11,117.31;
#16:
>0:32.8,117.35;34.29,117.16;35.9,117.34;35.08,117.05;38.46,117.37;
#17:
>0:35.46,117.02;37.31,117.04;
#18:
>0:34.11,116.55;34.29,116.54;
#19:
>0:36.74,117.12;35.31,117.14;37.73,116.52;
#20:
>0:36.91,116.42;36.89,116.6;37.9,116.86;39.55,117.12;
#21:
>0:33.95,116.27;32.49,116.46;
#22:
>0:37.32,117.17;35.53,116.93;35.87,116.62;
#23:
>0:32.86,116.63;32.43,116.79;
#24:
>0:34.76,116.94;37.69,117.07;36.33,116.88;40.27,116.54;
#25:
>0:39.98,116.54;40.83,116.46;
#26:
>0:35.11,116.84;37.62,117.1;37.09,116.91;39.42,116.55;
#27:
>0:37.17,116.91;35.1,116.77;34.28,116.79;
#28:
>0:33.9,117.2;35.39,117.07;37.03,116.73;36.63,116.54;
#29:
>0:39.64,116.35;37.82,116.35;38.05,116.8;
