#0:
>0:34.71,117.2;35.03,116.98;35.32,116.91;35.23,116.63;
#1:
>0:37.77,117.04;38.12,116.8;
#2:
>0:39.82,117.08;37.73,116.84;36.17,116.63;36.05,116.43;33.21,116.11;
#3:
>0:31.99,116.87;33.36,116.82;34.91,116.77;37.15,116.81;37.96,116.91;
#4:
>0:35.57,116.21;37.07,116.24;36.71,116.35;34.95,116.68;33.97,117.08;
#5:
>0:33.04,116.92;33.49,116.83;35.74,116.8;37.26,116.8;37.63,116.73;
#6:
>0:36.1,116.66;36.35,116.28;34.37,116.76;
#7:
>0:38.03,116.91;38.21,117.01;
#8:
>0:36.89,117.19;38.14,117.34;38.28,117.06;36.13,116.54;
#9:
>0:34.75,116.44;37.03,116.39;
#10:
>0:35.91,117.3;36.08,117.15;35.27,116.98;35.01,116.87;34.11,116.35;
#11:
>0:39.44,116.13;37.82,116.46;37.34,116.62;38.59,116.9;
#12:
>0:36.85,116.98;34.71,116.87;37.03,116.65;34.82,116.37;
#13:
>0:38.7,116.48;38.0,116.65;36.01,116.59;36.97,116.37;34.76,116.6;33.15,116.69;
#14:
>0:39.59,116.87;38.39,116.84;36.95,117.05;35.42,116.87;33.73,116.53;33.1,116.14;
#15:
>0:38.71,116.9;38.31,116.74;36.76,116.64;36.8,116.38;33.33,116.13;
#16:
>0:36.53,117.09;35.81,117.07;34.62,116.86;33.37,116.52;32.04,116.21;
#17:
>0:38.58,116.61;37.09,116.42;
#18:
>0:36.54,116.83;36.28,116.62;
#19:
>0:34.91,117.04;36.46,116.99;
#20:
>0:34.11,117.03;35.28,116.9;36.6,116.55;36.14,116.83;39.67,116.49;
#21:
>0:38.0,117.11;38.34,117.16;
#22:
>0:34.81,116.14;35.9,116.42;34.91,116.66;
#23:
>0:32.9,117.04;33.38,117.01;34.88,116.86;36.08,116.71;36.66,116.29;38.63,116.37;
#24:
>0:38.22,116.57;38.66,116.61;
#25:
>0:36.49,116.17;35.95,116.08;
#26:
>0:39.41,116.86;37.82,116.93;36.12,117.01;35.25,116.81;33.69,116.66;32.24,116.05;
#27:
>0:37.11,117.2;36.51,116.99;35.6,116.73;34.51,116.63;32.11,116.32;
#28:
>0:32.36,117.13;33.3,117.01;33.63,116.73;33.26,116.43;
#29:
>0:39.35,116.97;38.5,117.15;
