#0:
>0:33.44,116.34;33.51,116.15;
#1:
>0:37.67,116.51;35.96,116.73;
#2:
>0:37.7,116.92;37.2,117.0;35.15,117.0;33.21,116.98;32.09,117.08;
#3:
>0:35.23,116.6;34.08,116.36;
#4:
>0:34.68,116.54;35.87,116.76;37.09,117.11;39.31,116.84;
#5:
>0:36.64,116.1;36.53,116.22;
#6:
>0:37.33,116.42;36.87,116.44;36.48,116.6;37.09,116.76;38.0,117.22;
#7:
>0:36.57,117.33;35.89,117.29;35.67,117.01;33.47,116.72;34.49,116.27;
#8:
>0:32.53,117.32;32.6,117.22;
#9:
>0:34.5,117.23;34.86,117.33;35.15,117.0;38.46,117.05;
#10:
>0:38.99,116.4;37.47,116.4;36.75,116.34;
#11:
>0:39.52,117.02;37.98,116.78;36.08,116.72;38.41,116.59;36.31,116.2;
#12:
>0:34.43,116.57;34.38,116.35;34.46,116.16;
#13:
>0:38.05,116.68;38.93,116.87;38.02,117.1;37.08,117.29;
#14:
>0:32.33,117.33;32.96,117.22;
#15:
>0:35.57,116.98;34.15,116.96;32.64,117.08;
#16:
>0:32.81,117.11;34.39,117.26;35.45,117.33;37.03,117.22;37.59,117.18;39.55,117.35;
#17:
>0:36.71,117.21;38.0,117.15;35.92,116.8;39.37,116.67;
#18:
>0:36.32,117.26;36.68,117.13;
#19:
>0:37.02,117.33;38.36,116.94;37.2,116.88;39.85,116.59;
#20:
>0:37.9,116.56;39.56,116.78;39.07,116.98;
#21:
>0:32.84,117.33;32.1,117.33;
#22:
>0:38.24,117.3;35.99,117.05;35.87,116.8;33.47,116.57;32.94,116.41;31.91,116.1;
#23:
>0:35.13,117.11;34.42,117.04;32.3,116.96;
#24:
>0:38.54,116.79;37.19,116.81;35.62,116.88;33.83,116.89;
#25:
>0:36.42,116.16;36.17,116.19;
#26:
>0:39.72,116.94;37.42,117.2;36.33,117.2;35.89,117.24;
#27:
>0:34.38,117.21;34.74,117.27;35.38,117.08;37.33,116.97;
#28:
>0:39.48,116.46;38.12,116.5;36.92,116.79;37.98,117.1;
#29:
>0:38.43,116.79;39.68,116.96;39.22,117.24;
