#0:
>0:36.3,116.38;34.58,116.63;
#1:
>0:32.67,116.4;33.97,116.53;35.48,116.9;35.28,117.14;35.72,117.19;
#2:
>0:32.48,116.94;32.74,116.86;33.37,116.7;34.75,116.62;36.69,116.13;
#3:
>0:33.75,116.98;32.72,116.78;33.98,116.6;35.52,116.52;34.66,116.2;
#4:
>0:37.64,117.09;37.1,116.86;36.45,116.52;36.35,116.42;
#5:
>0:37.07,116.59;36.59,116.44;35.63,116.36;32.78,116.47;
#6:
>0:35.96,116.51;35.24,116.75;33.64,117.09;33.7,117.23;
#7:
>0:33.76,116.72;34.73,116.97;35.76,117.28;
#8:
>0:39.18,116.6;37.6,116.52;
#9:
>0:36.75,117.16;35.7,117.08;34.44,117.01;
#10:
>0:39.14,116.53;39.91,116.88;39.97,117.06;39.91,117.18;
#11:
>0:35.74,116.91;33.67,116.62;
#12:
>0:37.3,116.22;40.17,116.36;39.47,116.67;38.67,116.76;38.66,116.98;39.26,117.29;
#13:
>0:37.21,116.8;35.11,116.9;
#14:
>0:34.52,116.96;32.09,116.79;34.41,116.52;34.85,116.69;34.76,116.17;
#15:
>0:34.39,116.77;35.62,117.14;35.68,117.24;
#16:
>0:38.06,116.82;37.19,116.68;36.78,116.33;34.78,116.44;32.41,116.38;
#17:
>0:35.56,117.35;33.27,116.96;32.8,116.89;33.69,116.55;37.13,116.42;
#18:
>0:32.18,116.6;34.38,116.5;35.25,116.57;
#19:
>0:32.85,116.98;31.98,116.84;33.81,116.86;36.5,117.1;
#20:
>0:38.35,116.73;36.67,116.69;35.19,116.54;35.58,116.12;
#21:
>0:36.98,116.21;35.55,116.43;33.81,116.65;32.37,116.73;34.72,117.06;
#22:
>0:34.97,116.08;34.07,116.41;32.93,116.69;32.29,116.76;32.92,117.13;
#23:
>0:39.54,116.77;37.79,116.65;39.13,116.65;39.53,116.12;
#24:
>0:33.46,117.13;34.99,117.08;
#25:
>0:39.76,116.16;37.8,116.4;36.65,116.69;35.93,116.89;33.35,116.85;
#26:
>0:36.28,116.72;34.71,117.09;35.77,116.87;32.53,116.93;
#27:
>0:38.28,116.36;38.59,116.59;36.01,116.54;35.77,116.59;32.62,116.41;
#28:
>0:38.0,116.22;39.32,116.58;39.16,116.51;39.56,116.91;39.89,117.05;39.14,117.26;
#29:
>0:38.77,116.2;37.61,116.35;37.21,116.5;35.07,116.71;35.45,116.77;31.99,116.94;
