#0:
>0:32.53,117.36;32.16,117.21;
#1:
>0:32.35,117.37;34.04,117.11;33.16,116.83;33.74,116.69;35.29,116.6;33.68,116.11;
#2:
>0:35.14,117.05;34.16,116.86;35.8,116.8;31.84,116.4;
#3:
>0:34.17,116.59;32.45,116.89;
#4:
>0:38.16,116.34;39.68,116.5;
#5:
>0:36.67,116.35;37.75,116.3;36.62,116.58;38.45,116.77;39.91,117.31;
#6:
>0:38.74,116.94;38.26,116.85;36.4,116.58;35.86,116.41;33.68,116.26;
#7:
>0:33.88,116.28;35.45,116.64;37.02,116.72;36.51,117.07;
#8:
>0:32.95,117.33;34.55,117.35;35.8,117.35;
#9:
>0:39.72,116.48;39.78,116.43;
#10:
>0:34.58,116.47;36.03,116.38;36.41,116.59;39.27,117.02;
#11:
>0:36.73,117.24;37.62,117.1;38.62,116.82;36.75,116.6;37.48,116.28;
#12:
>0:37.62,116.29;38.02,116.68;
#13:
>0:34.62,116.87;34.34,116.94;31.87,117.34;
#14:
>0:35.97,117.14;35.19,116.87;33.4,116.63;34.82,116.68;34.01,116.06;
#15:
>0:37.26,117.29;38.04,117.05;38.32,116.92;36.3,116.53;37.57,116.28;
#16:
>0:38.04,116.38;37.73,116.68;38.3,116.79;
#17:
>0:31.85,117.34;33.23,117.26;35.62,117.35;
#18:
>0:38.8,116.8;38.55,117.05;37.49,117.34;
#19:
>0:33.6,117.32;35.69,117.07;35.2,117.16;38.19,117.32;
#20:
>0:37.07,117.03;34.79,116.93;36.52,116.52;35.01,116.36;
#21:
>0:38.46,117.09;39.05,117.23;
#22:
>0:34.73,117.32;35.91,117.32;38.07,117.08;38.87,117.13;
#23:
>0:38.18,116.43;38.28,116.16;
#24:
>0:37.54,117.22;36.37,117.12;35.65,116.93;
#25:
>0:38.72,116.12;37.76,116.33;36.91,116.57;35.74,116.76;33.74,117.12;32.01,117.0;
#26:
>0:39.5,116.43;38.33,116.67;
#27:
>0:35.2,117.19;36.62,117.36;38.26,117.08;39.64,117.15;
#28:
>0:37.23,116.75;34.95,116.74;33.58,116.73;
#29:
>0:35.75,117.09;33.76,117.15;
