#0:
>0:34.07,116.11;33.81,116.23;
#1:
>0:31.88,116.05;34.33,116.31;33.84,116.13;36.63,116.1;
#2:
>0:36.84,117.07;37.86,116.73;39.41,116.88;
#3:
>0:31.84,116.12;33.63,116.35;35.16,116.41;36.9,116.48;37.8,116.65;39.56,116.11;
#4:
>0:36.2,116.18;35.22,116.43;33.64,116.69;32.19,116.07;
#5:
>0:37.74,116.51;36.81,116.85;35.53,116.8;
#6:
>0:39.92,116.31;39.63,116.29;
#7:
>0:32.35,116.12;34.04,116.28;33.95,116.26;36.11,116.28;
#8:
>0:36.24,117.3;35.57,117.36;
#9:
>0:39.23,116.21;38.02,116.39;36.25,116.39;37.59,116.62;36.68,117.13;
#10:
>0:36.98,116.68;37.2,116.8;35.85,116.52;32.04,116.16;
#11:
>0:32.91,117.33;34.26,117.05;35.89,116.78;36.43,116.6;37.69,116.33;
#12:
>0:34.9,116.11;33.31,116.36;34.27,116.64;35.53,116.86;36.09,117.06;
#13:
>0:33.95,117.15;34.86,116.81;37.15,116.57;37.42,116.47;
#14:
>0:39.24,116.82;39.84,116.98;38.62,116.94;36.17,116.87;33.82,116.94;
#15:
>0:35.44,117.08;37.22,117.16;38.18,117.29;
#16:
>0:33.51,116.39;33.61,116.26;36.61,116.09;
#17:
>0:36.36,117.21;35.23,117.1;
#18:
>0:38.18,117.21;36.52,116.97;35.89,116.92;36.22,116.53;36.56,116.41;
#19:
>0:32.13,116.19;33.78,116.29;35.29,116.43;
#20:
>0:38.79,117.26;37.52,117.35;37.06,117.03;35.07,117.1;
#21:
>0:38.07,116.46;37.17,116.36;35.68,116.76;
#22:
>0:33.94,116.75;35.37,116.98;
#23:
>0:37.9,117.12;37.92,116.77;35.19,116.59;
#24:
>0:37.14,116.69;37.81,116.72;
#25:
>0:38.52,117.26;36.08,116.98;34.58,116.83;37.23,116.5;36.25,116.32;
#26:
>0:38.17,117.08;37.97,117.21;37.15,117.04;33.91,116.67;
#27:
>0:31.97,116.08;33.61,116.46;34.05,116.58;35.25,116.81;38.35,116.8;
#28:
>0:32.45,116.17;33.41,116.45;
#29:
>0:31.92,116.43;32.58,116.31;
