#0:
>0:39.0,116.21;38.06,116.47;36.73,116.56;
#1:
>0:37.23,116.47;38.21,116.37;39.1,116.07;
#2:
>0:38.74,116.6;38.23,116.46;36.43,116.49;37.16,116.65;35.48,116.3;32.34,116.29;
#3:
>0:36.22,116.3;35.38,116.71;
#4:
>0:38.48,116.92;37.64,116.56;38.29,116.31;36.9,116.27;
#5:
>0:38.03,116.92;36.62,117.02;34.8,117.33;33.63,116.96;32.23,117.27;
#6:
>0:33.44,116.29;35.0,116.51;35.5,116.78;
#7:
>0:39.24,117.0;38.4,117.12;38.28,116.79;37.89,116.47;
#8:
>0:35.09,117.36;33.76,117.16;31.86,117.1;
#9:
>0:38.08,117.24;38.34,117.12;
#10:
>0:37.79,116.13;36.92,116.33;36.78,116.62;37.49,116.77;
#11:
>0:35.59,117.35;33.65,117.07;32.53,117.12;
#12:
>0:32.23,117.25;33.33,117.23;35.33,116.77;
#13:
>0:32.52,116.53;33.97,116.35;35.69,116.24;
#14:
>0:32.37,117.29;33.1,117.03;32.63,116.8;32.86,116.52;32.25,116.48;
#15:
>0:39.98,116.37;40.35,116.42;
#16:
>0:39.36,117.08;38.09,117.14;38.4,116.92;36.33,116.57;35.24,116.33;32.45,116.46;
#17:
>0:32.64,116.91;33.45,117.13;
#18:
>0:37.19,116.77;37.01,117.05;34.27,117.11;
#19:
>0:37.74,116.32;36.0,116.36;35.83,116.36;33.84,116.61;
#20:
>0:39.66,116.38;39.54,116.35;
#21:
>0:35.13,117.09;34.31,116.92;34.45,116.55;
#22:
>0:34.7,117.16;34.37,117.03;33.01,116.76;
#23:
>0:34.15,116.07;34.75,116.34;37.13,116.51;37.48,116.87;39.48,117.11;38.86,117.36;
#24:
>0:37.83,116.74;38.39,116.52;37.34,116.4;36.26,116.18;
#25:
>0:38.54,116.73;38.57,117.06;35.97,117.31;34.28,117.15;
#26:
>0:35.48,117.2;34.32,117.14;33.01,116.92;
#27:
>0:36.85,117.24;35.85,117.09;33.6,116.89;32.36,116.56;32.25,116.37;
#28:
>0:33.54,117.25;35.12,117.35;
#29:
>0:36.9,116.58;34.85,116.89;33.89,117.05;32.86,117.22;
