#0:
>0:35.39,117.37;35.2,117.01;
#1:
>0:36.89,116.05;37.23,116.15;
#2:
>0:32.22,117.18;34.17,117.08;34.8,117.11;36.89,116.8;36.39,116.51;39.19,116.51;
#3:
>0:32.06,116.65;33.36,116.47;35.43,116.15;
#4:
>0:33.02,116.81;33.73,117.01;34.95,117.01;35.93,116.77;36.39,116.59;39.36,116.39;
#5:
>0:37.49,116.66;36.25,116.41;34.99,116.18;
#6:
>0:38.33,116.12;36.81,116.2;34.78,116.24;
#7:
>0:32.07,116.81;33.89,116.77;
#8:
>0:32.0,116.79;34.0,117.0;35.03,117.05;36.65,116.74;37.8,116.81;
#9:
>0:37.12,116.15;37.16,116.21;
#10:
>0:39.82,116.99;39.17,116.83;38.33,116.74;39.81,116.49;
#11:
>0:37.67,116.55;38.39,116.75;39.16,116.75;37.97,117.19;
#12:
>0:38.17,117.17;36.34,117.18;34.94,117.3;
#13:
>0:38.52,116.36;38.28,116.71;36.01,116.48;35.56,116.28;31.9,116.27;
#14:
>0:32.99,117.18;33.87,117.31;34.55,117.2;
#15:
>0:34.77,116.54;35.0,116.91;35.08,117.11;
#16:
>0:33.12,117.28;33.84,117.33;35.7,117.25;36.68,116.99;36.8,117.35;39.49,117.2;
#17:
>0:39.19,116.31;37.4,116.37;38.25,116.62;36.84,117.12;
#18:
>0:32.53,116.28;33.04,116.6;
#19:
>0:36.55,116.26;37.68,116.36;37.84,116.66;38.96,116.84;
#20:
>0:32.57,116.24;33.35,116.43;35.16,116.61;36.94,116.91;
#21:
>0:35.12,116.9;34.62,117.08;36.84,116.81;38.78,116.41;
#22:
>0:37.65,116.61;38.6,116.91;36.75,117.0;38.6,117.31;
#23:
>0:33.37,116.27;33.82,116.42;35.13,116.13;37.11,116.14;39.2,116.53;
#24:
>0:36.94,116.08;35.75,116.18;
#25:
>0:36.85,117.02;36.11,117.01;
#26:
>0:33.57,116.44;35.66,116.12;36.83,116.38;37.82,116.35;
#27:
>0:34.97,117.32;35.21,117.08;33.82,116.79;32.47,116.88;32.75,116.31;
#28:
>0:39.21,116.48;39.14,116.29;
#29:
>0:36.01,116.59;35.78,116.45;34.51,116.35;32.23,116.49;
