#0:
>0:36.78,116.99;38.06,116.79;39.54,116.91;37.75,116.71;38.12,116.12;
#1:
>0:39.32,116.78;37.88,116.56;36.95,116.63;35.85,116.23;
#2:
>0:32.4,116.6;33.36,116.28;34.95,116.52;36.04,116.51;38.26,116.43;
#3:
>0:32.03,116.51;34.39,116.36;34.65,116.56;37.24,116.69;37.42,116.93;
#4:
>0:39.41,117.07;37.49,116.83;36.2,116.69;35.21,116.36;33.66,116.27;32.89,116.4;
#5:
>0:39.33,116.66;38.32,116.74;37.73,116.94;
#6:
>0:37.72,116.89;39.06,117.14;
#7:
>0:35.8,116.36;37.06,116.28;38.03,116.09;39.6,116.42;
#8:
>0:35.87,116.84;34.29,116.99;32.31,117.04;
#9:
>0:32.91,116.79;33.39,116.57;35.08,116.71;37.09,116.56;38.41,116.47;
#10:
>0:39.79,116.97;37.43,116.9;36.6,116.79;34.6,116.81;34.32,116.88;
#11:
>0:33.76,116.93;34.56,116.51;36.63,116.56;37.85,116.08;
#12:
>0:33.27,116.31;32.68,116.51;35.58,116.78;
#13:
>0:36.24,117.07;37.76,116.85;39.71,116.74;37.54,116.46;
#14:
>0:38.96,116.75;39.7,116.59;39.03,116.34;
#15:
>0:38.88,116.75;38.8,116.51;39.61,116.35;38.4,116.24;
#16:
>0:37.12,116.45;38.51,116.17;
#17:
>0:39.47,116.54;37.42,116.29;35.92,116.71;34.98,116.34;34.4,116.29;
#18:
>0:39.56,116.39;38.46,116.6;37.02,116.66;35.45,116.33;34.05,116.45;
#19:
>0:37.69,116.71;38.03,116.77;
#20:
>0:39.89,117.3;38.27,117.0;36.78,116.83;35.44,116.5;34.07,116.32;33.02,116.34;
#21:
>0:38.63,116.45;38.21,116.55;39.04,116.89;
#22:
>0:32.44,117.36;33.82,117.25;35.03,117.2;36.64,116.97;38.58,117.02;
#23:
>0:38.11,116.18;38.2,116.44;36.9,116.52;34.57,116.83;33.38,117.0;32.96,117.33;
#24:
>0:35.89,117.13;35.51,116.75;35.58,116.57;
#25:
>0:37.06,116.21;37.36,116.42;39.9,116.52;
#26:
>0:32.28,116.93;34.52,116.87;35.08,116.93;36.56,117.13;35.94,117.17;39.38,116.8;
#27:
>0:35.16,117.27;33.47,117.15;33.69,116.72;33.86,116.54;33.64,116.49;
#28:
>0:36.52,116.85;38.31,117.14;39.2,117.06;
#29:
>0:37.47,116.73;36.64,117.06;37.22,117.2;33.93,117.27;
