#0:
>0:40.39,116.33;40.48,116.23;40.32,116.12;40.33,116.14;40.05,116.18;
#1:
>0:40.43,116.05;40.38,116.09;40.31,116.12;40.48,116.13;40.47,116.31;
#2:
>0:40.18,116.34;40.01,116.2;39.94,116.4;
#3:
>0:40.08,116.35;39.9,116.28;
#4:
>0:39.99,116.38;40.06,116.31;39.89,116.26;
#5:
>0:40.35,116.04;40.32,116.05;40.13,116.05;40.07,116.12;39.94,116.21;
#6:
>0:40.38,116.14;40.35,116.1;40.18,116.05;
#7:
>0:40.36,116.35;40.4,116.36;
#8:
>0:40.04,116.41;40.13,116.42;
#9:
>0:40.31,116.23;40.21,116.12;40.29,116.11;40.27,116.0;
#10:
>0:39.96,116.13;40.03,116.07;40.12,116.03;40.26,116.06;40.35,116.13;40.55,116.03;
#11:
>0:40.06,116.07;39.92,116.16;39.91,116.26;40.07,116.2;40.28,116.37;
#12:
>0:40.24,116.08;40.12,116.13;39.99,116.25;40.0,116.35;
#13:
>0:39.99,116.36;40.17,116.29;40.23,116.23;40.34,116.05;
#14:
>0:40.32,116.16;40.38,116.09;40.16,116.04;
#15:
>0:40.18,116.08;40.12,116.16;39.97,116.11;
#16:
>0:40.17,116.18;40.28,116.1;40.37,116.06;
#17:
>0:40.37,116.37;40.21,116.39;40.11,116.4;
#18:
>0:40.04,116.0;40.09,116.08;40.27,116.08;
#19:
>0:40.24,116.19;40.15,116.26;40.33,116.35;
#20:
>0:40.22,116.27;40.28,116.16;40.11,116.22;39.93,116.28;
#21:
>0:40.55,116.03;40.3,116.08;40.27,116.08;40.12,116.11;39.99,116.15;39.94,116.34;
#22:
>0:40.32,116.06;40.16,116.18;40.06,116.22;40.07,116.33;
#23:
>0:40.15,116.14;40.19,116.25;40.19,116.34;
#24:
>0:40.38,116.09;40.53,116.11;40.32,116.07;40.39,116.17;40.48,116.33;
#25:
>0:39.98,116.37;40.11,116.42;40.01,116.22;
#26:
>0:40.11,116.32;40.15,116.38;40.36,116.41;
#27:
>0:39.98,115.96;40.09,116.09;40.07,116.14;39.93,116.12;39.95,116.28;
#28:
>0:40.1,116.14;40.12,116.27;
#29:
>0:40.49,116.33;40.48,116.39;40.23,116.4;
#30:
>0:39.95,116.22;40.06,116.33;
#31:
>0:40.22,116.33;40.26,116.27;40.23,116.17;
#32:
>0:40.28,116.04;40.1,116.14;40.06,116.21;40.08,116.31;
#33:
>0:39.94,116.12;40.03,116.23;40.14,116.32;40.24,116.37;40.34,116.37;40.46,116.38;
#34:
>0:40.43,116.34;40.48,116.21;
#35:
>0:40.44,116.14;40.46,116.23;40.36,116.11;40.27,116.13;40.09,116.06;39.92,116.08;
#36:
>0:40.07,116.28;40.15,116.33;40.25,116.22;40.23,116.17;40.46,116.18;
#37:
>0:39.93,116.14;39.88,116.26;40.09,116.3;
#38:
>0:40.38,116.02;40.3,116.05;40.34,116.17;40.39,116.14;40.39,116.31;
#39:
>0:39.93,116.09;40.05,116.05;40.09,116.02;40.28,116.15;40.32,116.16;40.42,116.21;
#40:
>0:40.2,116.33;40.11,116.33;40.03,116.32;
#41:
>0:40.41,116.33;40.48,116.22;
#42:
>0:40.13,116.04;40.22,116.19;40.37,116.22;40.46,116.33;
#43:
>0:39.93,116.28;39.92,116.21;40.03,116.2;40.09,116.17;40.21,115.95;
#44:
>0:40.29,116.22;40.38,116.23;
#45:
>0:39.96,116.18;40.06,116.25;40.18,116.12;40.24,116.07;40.31,116.18;40.42,116.25;
