#0:
>0:40.15,116.08;40.0,116.17;
#1:
>0:40.24,116.19;40.21,116.24;40.25,116.29;39.99,116.41;
#2:
>0:39.99,116.03;39.93,116.17;40.01,116.2;39.98,116.33;39.93,116.41;
#3:
>0:40.21,116.01;40.14,116.06;40.01,116.14;40.14,116.22;40.14,116.28;39.99,116.42;
#4:
>0:40.08,116.19;40.18,116.21;40.18,116.07;
#5:
>0:40.17,116.15;40.04,116.11;39.96,116.26;
#6:
>0:39.89,116.06;40.04,116.04;39.95,116.15;40.03,116.23;40.04,116.42;
#7:
>0:40.04,116.25;40.16,116.27;40.22,116.3;
#8:
>0:39.94,116.42;39.99,116.38;40.14,116.31;40.23,116.21;39.99,116.08;
#9:
>0:40.06,116.13;40.1,116.27;40.18,116.3;40.31,116.33;
#10:
>0:40.34,116.41;40.33,116.34;
#11:
>0:40.03,116.47;40.1,116.4;40.13,116.28;40.11,116.15;
#12:
>0:40.11,116.21;40.16,116.33;40.28,116.4;40.44,116.36;
#13:
>0:40.12,116.35;40.23,116.4;40.3,116.32;40.41,116.41;
#14:
>0:40.07,116.43;40.18,116.34;40.28,116.38;40.32,116.26;
#15:
>0:40.36,116.43;40.28,116.35;40.12,116.35;
#16:
>0:39.88,116.02;40.02,116.08;39.9,116.17;40.06,116.26;39.92,116.3;39.99,116.38;
#17:
>0:40.13,116.31;40.22,116.27;40.11,116.16;40.0,116.06;40.22,115.96;
#18:
>0:40.3,116.13;40.46,116.1;40.41,115.97;
#19:
>0:40.39,116.09;40.32,116.07;40.26,116.04;40.18,116.07;40.05,116.08;39.94,116.1;
#20:
>0:39.92,116.17;40.01,116.25;39.89,116.3;39.96,116.43;
#21:
>0:40.02,116.33;39.94,116.35;
#22:
>0:40.29,116.3;40.37,116.26;40.24,116.31;40.14,116.41;39.96,116.42;
#23:
>0:40.12,116.14;39.99,116.2;39.91,116.33;
#24:
>0:39.95,116.46;40.04,116.36;40.16,116.29;40.28,116.27;40.07,116.1;
#25:
>0:40.39,116.02;40.22,116.05;40.27,116.18;40.27,116.21;40.05,116.34;
#26:
>0:39.99,116.32;40.1,116.23;40.14,116.13;40.15,116.11;
#27:
>0:40.08,116.44;40.15,116.31;40.03,116.25;40.11,116.19;40.23,116.19;40.47,115.99;
#28:
>0:40.45,116.07;40.35,116.15;40.34,116.24;40.2,116.22;40.13,116.11;39.89,116.18;
#29:
>0:39.88,116.32;40.06,116.31;
#30:
>0:40.37,116.36;40.23,116.3;
#31:
>0:40.02,116.33;39.94,116.41;39.95,116.31;40.01,116.34;39.99,116.37;
#32:
>0:40.06,115.95;40.15,115.96;
#33:
>0:39.97,116.12;39.92,116.09;40.15,116.14;
#34:
>0:39.96,116.08;40.02,116.09;39.94,116.14;39.91,116.19;40.0,116.39;
#35:
>0:40.02,116.35;40.11,116.22;40.25,116.19;40.32,116.03;40.41,115.95;
#36:
>0:39.98,116.32;39.95,116.35;40.06,116.38;39.94,116.32;40.03,116.31;40.01,116.34;
#37:
>0:40.26,116.37;40.1,116.4;40.07,116.35;39.89,116.47;
#38:
>0:40.37,116.13;40.22,116.06;40.16,116.06;
#39:
>0:40.06,116.38;40.08,116.25;40.11,116.12;40.08,116.09;
#40:
>0:39.88,116.27;40.0,116.16;40.16,116.29;
#41:
>0:40.16,116.12;40.01,116.19;39.95,116.29;
#42:
>0:40.48,116.34;40.32,116.26;40.2,116.35;40.1,116.3;40.02,116.37;
#43:
>0:40.19,116.28;40.28,116.21;
#44:
>0:40.19,115.99;40.17,116.06;
#45:
>0:40.14,116.23;40.17,116.32;40.28,116.41;40.44,116.28;
