#0:
>0:39.96,117.24;40.0,116.72;
#1:
>0:39.84,116.07;39.85,117.13;39.87,116.58;39.98,116.86;
#2:
>0:39.81,116.89;39.83,117.0;
#3:
>0:39.81,117.72;39.76,117.43;39.79,116.1;
#4:
>0:40.01,117.24;39.99,116.24;
#5:
>0:40.0,117.3;40.0,117.73;39.92,117.61;40.0,119.14;
#6:
>0:39.81,118.98;39.82,119.54;
#7:
>0:40.04,118.06;39.97,117.48;39.92,116.68;
#8:
>0:39.73,118.03;39.75,119.06;39.81,119.1;39.86,119.39;39.96,119.5;
#9:
>0:39.78,118.1;39.79,117.34;39.86,117.39;
#10:
>0:40.01,116.35;39.98,116.67;
#11:
>0:39.85,119.75;39.89,118.78;39.93,118.88;40.06,119.09;
#12:
>0:39.77,118.04;39.8,117.58;39.74,117.84;39.73,116.13;
#13:
>0:40.0,116.79;40.02,116.66;
#14:
>0:39.99,116.53;39.96,116.34;
#15:
>0:40.0,117.97;39.91,119.09;39.85,119.55;39.83,119.46;39.75,119.31;
#16:
>0:39.88,118.51;39.91,118.86;39.97,119.43;
#17:
>0:39.95,119.31;39.86,118.64;39.85,117.97;39.79,117.69;39.9,117.12;
#18:
>0:39.99,116.41;39.96,116.4;
#19:
>0:40.05,116.91;40.0,117.71;39.96,117.77;39.89,118.82;
#20:
>0:39.93,119.41;39.89,118.91;39.83,119.12;
#21:
>0:40.02,116.68;39.98,116.39;
#22:
>0:39.82,118.29;39.85,118.3;39.88,117.71;39.94,116.9;40.05,117.05;
#23:
>0:39.8,118.2;39.87,118.6;39.95,119.15;39.96,119.69;40.07,119.11;
#24:
>0:40.02,117.08;40.01,116.79;
#25:
>0:39.87,118.13;39.9,117.51;39.96,116.81;
#26:
>0:39.96,117.97;40.01,119.13;
#27:
>0:40.01,116.28;40.0,116.43;
#28:
>0:40.07,119.83;40.0,119.62;39.92,119.4;39.88,119.1;39.88,118.23;39.73,116.77;
#29:
>0:39.97,118.16;39.92,119.09;39.86,119.37;39.82,119.4;39.76,119.4;
#30:
>0:39.98,118.16;40.02,118.3;
#31:
>0:40.03,119.57;40.04,119.12;
#32:
>0:39.75,118.0;39.79,117.77;39.77,117.33;39.78,116.55;
#33:
>0:39.8,117.63;39.86,117.08;39.96,116.19;
#34:
>0:39.91,116.36;39.91,116.68;40.01,117.19;39.97,118.06;
#35:
>0:40.04,118.78;39.98,118.12;39.95,117.76;39.87,117.33;39.83,116.54;
#36:
>0:40.01,116.74;39.95,116.62;40.01,116.26;
#37:
>0:39.79,118.23;39.73,117.35;
#38:
>0:40.01,116.49;40.01,116.28;
#39:
>0:39.81,118.89;39.79,118.33;
#40:
>0:39.98,116.59;39.96,117.14;39.91,117.38;39.86,117.74;39.75,118.28;
#41:
>0:40.01,116.5;39.98,116.84;
#42:
>0:39.81,119.56;39.88,118.74;
#43:
>0:39.79,117.93;39.85,118.09;
#44:
>0:39.89,119.46;39.91,119.24;40.0,119.24;39.91,118.14;39.97,117.35;40.01,116.84;
#45:
>0:39.98,116.78;39.92,116.35;40.01,116.7;
#46:
>0:39.94,119.48;40.01,118.76;39.95,118.41;39.97,117.77;
#47:
>0:40.02,116.71;39.96,116.64;40.05,116.66;
#48:
>0:39.89,119.57;39.92,118.96;39.98,119.13;40.05,119.21;
#49:
>0:39.92,119.85;39.95,119.28;
#50:
>0:39.84,119.54;39.88,119.21;
#51:
>0:39.88,116.13;39.96,116.28;40.0,117.06;40.05,118.04;
#52:
>0:39.93,119.14;39.85,119.34;39.84,119.53;
#53:
>0:39.98,116.53;40.0,116.88;
#54:
>0:39.94,118.57;39.91,117.45;39.88,117.05;39.87,116.37;
#55:
>0:39.87,118.49;39.89,117.4;
#56:
>0:39.97,116.26;40.0,116.38;
#57:
>0:39.99,116.61;40.01,116.75;
#58:
>0:39.99,116.86;40.0,116.46;
#59:
>0:39.9,118.22;39.94,118.13;
#60:
>0:39.81,118.74;39.88,119.66;39.86,119.04;39.97,119.69;
#61:
>0:40.03,118.02;40.02,117.41;39.92,116.91;
#62:
>0:39.99,116.25;39.99,116.72;
#63:
>0:40.07,118.89;39.99,118.16;40.02,117.93;40.01,116.73;
#64:
>0:40.02,117.76;40.0,118.3;39.96,117.99;
#65:
>0:40.0,116.42;39.99,116.57;
#66:
>0:39.73,119.52;39.79,118.86;39.9,118.47;39.86,117.86;39.95,116.71;40.08,117.88;
#67:
>0:39.84,119.59;39.85,119.48;39.87,118.86;39.93,117.53;
#68:
>0:40.0,116.25;40.04,116.36;
#69:
>0:39.85,117.95;39.85,118.35;39.96,118.95;39.91,119.87;
#70:
>0:39.93,119.65;39.96,118.7;39.91,118.22;39.95,117.9;
#71:
>0:39.98,116.61;39.98,116.32;
#72:
>0:39.93,118.24;39.91,117.57;39.89,117.71;39.76,118.25;
#73:
>0:39.87,116.1;39.93,116.38;
#74:
>0:40.05,116.75;39.99,116.48;39.93,116.36;
#75:
>0:39.98,116.79;39.93,116.56;
#76:
>0:40.01,118.32;40.07,118.28;
#77:
>0:39.79,116.66;39.79,117.02;39.87,117.12;39.88,117.38;39.92,119.05;
#78:
>0:39.96,119.66;39.97,119.47;
#79:
>0:39.92,116.66;40.01,116.59;
#80:
>0:40.05,117.0;39.99,117.8;39.93,117.69;39.98,119.15;
#81:
>0:39.98,117.02;40.0,117.44;39.95,117.65;40.01,118.89;
#82:
>0:39.88,119.17;39.92,118.25;39.97,118.41;
#83:
>0:39.91,118.46;39.92,119.1;40.04,119.76;
#84:
>0:39.94,117.94;39.88,116.84;39.85,117.82;39.74,116.03;
#85:
>0:40.04,116.49;40.0,116.64;39.92,116.27;39.89,117.0;
#86:
>0:39.95,117.62;40.0,118.22;
#87:
>0:39.97,116.68;40.0,116.34;
#88:
>0:39.82,117.87;39.78,117.9;39.76,116.13;
#89:
>0:39.73,118.59;39.8,118.69;39.88,119.0;
#90:
>0:39.92,118.61;39.94,118.92;40.02,119.32;
#91:
>0:40.05,118.86;39.96,118.12;39.95,117.99;
#92:
>0:40.07,118.98;40.0,117.97;39.92,117.35;39.86,117.92;39.83,116.58;
#93:
>0:39.81,117.5;39.74,117.92;
#94:
>0:40.03,116.27;39.97,116.62;
#95:
>0:40.03,119.33;40.05,119.21;
#96:
>0:39.89,118.86;39.95,118.61;40.02,117.82;
#97:
>0:39.77,118.01;39.74,118.68;39.8,119.19;39.9,119.78;39.95,118.78;40.06,119.73;
#98:
>0:39.83,117.66;39.77,117.38;
#99:
>0:40.02,118.44;40.0,118.65;39.92,118.93;
#100:
>0:39.88,119.13;39.9,118.34;39.99,118.06;40.0,117.88;40.01,116.84;
#101:
>0:39.93,118.32;39.96,117.49;39.85,117.38;39.74,118.53;
#102:
>0:40.01,119.25;39.92,118.05;39.91,117.47;39.89,117.66;39.76,116.06;
#103:
>0:39.85,117.25;39.86,116.47;39.95,117.01;40.05,117.87;
#104:
>0:39.85,117.56;39.81,116.88;
#105:
>0:40.01,116.56;39.91,117.09;39.94,117.87;39.86,117.57;39.76,117.07;
#106:
>0:39.82,119.16;39.88,119.89;39.85,118.94;39.97,119.44;
#107:
>0:39.78,117.14;39.83,117.47;39.83,118.17;
#108:
>0:39.86,118.42;39.89,117.37;
#109:
>0:39.97,116.69;39.98,116.58;
#110:
>0:39.82,117.14;39.81,117.61;39.74,118.29;39.74,119.12;39.85,119.92;
#111:
>0:40.02,116.68;40.02,116.67;
#112:
>0:39.98,116.39;39.96,116.59;39.99,116.38;
#113:
>0:39.77,119.48;39.76,119.21;39.76,118.09;
#114:
>0:39.83,116.24;39.84,117.04;39.9,116.97;39.85,117.68;39.93,119.19;
#115:
>0:39.95,117.83;39.95,117.63;
#116:
>0:39.83,119.37;39.77,119.63;
#117:
>0:40.01,116.62;40.02,116.55;
#118:
>0:39.81,119.22;39.88,118.59;39.87,117.44;39.81,117.16;39.89,116.26;
#119:
>0:39.98,116.27;39.96,117.24;39.87,117.68;
#120:
>0:39.97,116.72;39.97,116.59;
#121:
>0:40.07,117.77;40.08,116.84;40.04,116.03;
#122:
>0:39.88,117.14;39.8,116.58;
#123:
>0:39.99,116.37;40.02,116.69;
#124:
>0:39.96,116.86;40.0,116.73;
#125:
>0:39.92,116.1;39.89,116.52;39.82,116.33;
#126:
>0:39.76,119.83;39.81,118.72;39.87,119.82;39.9,119.03;39.99,117.45;
#127:
>0:39.95,119.35;40.0,119.09;39.9,118.33;39.92,117.91;39.81,117.14;
#128:
>0:40.03,116.66;40.01,116.66;
#129:
>0:39.92,119.25;40.01,118.09;40.08,117.53;
#130:
>0:40.02,116.76;40.01,117.76;39.94,117.68;39.98,119.24;
#131:
>0:40.07,117.8;39.96,118.5;39.93,118.65;39.88,118.81;39.81,118.95;
#132:
>0:39.91,118.28;40.0,118.39;39.99,117.62;40.0,116.66;
#133:
>0:39.93,116.39;39.98,116.82;
#134:
>0:39.97,116.78;40.0,116.48;
#135:
>0:39.94,119.38;40.01,119.06;
#136:
>0:39.94,119.7;40.01,119.1;39.96,118.04;39.97,117.38;
#137:
>0:39.8,117.1;39.81,117.85;39.77,118.12;39.77,119.14;39.84,119.43;
#138:
>0:39.97,116.72;39.93,116.14;
#139:
>0:40.01,116.87;40.0,116.76;
#140:
>0:39.82,117.01;39.84,117.48;39.89,118.22;39.95,118.89;39.96,119.67;
#141:
>0:40.03,118.65;40.01,118.51;
#142:
>0:39.97,116.45;39.93,116.25;
#143:
>0:39.98,116.68;39.94,116.26;39.98,116.42;
#144:
>0:39.83,118.5;39.86,118.08;39.78,117.02;
#145:
>0:40.08,118.27;39.98,118.84;39.9,118.18;39.87,119.63;
#146:
>0:40.01,116.27;39.95,116.17;39.85,116.36;39.81,116.91;39.77,118.19;
#147:
>0:39.98,116.83;39.97,116.49;
#148:
>0:39.74,116.82;39.75,117.55;39.79,116.98;39.89,116.9;39.91,117.05;40.06,116.55;
#149:
>0:39.77,118.72;39.77,119.08;
#150:
>0:40.04,117.8;39.99,118.55;39.91,118.0;
#151:
>0:39.77,116.43;39.78,116.54;
#152:
>0:39.98,116.72;39.99,116.55;
#153:
>0:39.99,116.24;40.02,116.82;
#154:
>0:39.98,116.35;39.99,116.63;
#155:
>0:39.97,116.86;39.95,116.06;40.0,116.42;
#156:
>0:39.91,118.42;39.93,118.87;40.03,119.81;
#157:
>0:40.0,116.81;39.98,116.88;
#158:
>0:39.84,119.69;39.86,119.91;39.95,118.81;39.97,118.99;40.07,118.81;
#159:
>0:39.78,118.87;39.82,118.01;39.9,117.87;39.91,117.0;39.93,116.49;
#160:
>0:39.76,118.62;39.84,118.17;39.87,117.88;39.89,117.07;
#161:
>0:39.75,119.4;39.75,119.1;39.77,118.13;
#162:
>0:39.96,119.5;39.96,119.14;39.94,118.46;39.86,117.44;
#163:
>0:39.89,119.72;39.85,119.03;39.83,118.46;
#164:
>0:39.98,117.04;39.98,116.84;
#165:
>0:39.99,116.71;39.96,116.33;
#166:
>0:40.02,116.82;40.0,116.78;
#167:
>0:40.05,118.35;40.0,118.44;39.97,117.94;39.96,117.41;39.88,117.57;39.73,117.18;
#168:
>0:39.96,116.61;39.99,116.58;
#169:
>0:39.81,119.89;39.87,119.71;39.85,119.06;39.93,117.42;
#170:
>0:39.98,116.69;39.92,116.6;40.01,116.25;
#171:
>0:39.79,119.06;39.76,118.59;39.76,117.91;
#172:
>0:40.02,116.32;39.98,116.39;
#173:
>0:39.97,116.74;40.02,117.52;39.96,117.82;40.01,118.72;
#174:
>0:39.82,118.15;39.87,117.91;39.96,116.69;40.01,116.43;40.04,116.48;
#175:
>0:40.01,116.48;39.93,116.34;
#176:
>0:39.97,116.33;39.98,116.73;
#177:
>0:40.02,116.54;39.96,116.96;39.87,117.35;39.83,117.82;39.78,119.07;
#178:
>0:39.83,117.31;39.87,117.25;39.87,117.46;39.96,118.66;
#179:
>0:39.76,118.02;39.84,117.74;39.81,117.05;
#180:
>0:39.92,118.58;39.99,118.5;40.02,119.62;
#181:
>0:39.84,119.17;39.85,118.05;39.84,117.35;39.82,117.27;
#182:
>0:39.79,118.11;39.81,118.63;39.85,118.7;
#183:
>0:39.93,117.35;39.92,117.88;
#184:
>0:40.01,116.81;39.95,116.56;
#185:
>0:39.94,119.86;39.99,118.73;40.08,118.24;
#186:
>0:39.76,119.09;39.8,118.07;39.89,117.68;39.94,117.3;39.96,116.39;
#187:
>0:40.07,118.73;40.0,118.55;
#188:
>0:40.02,119.07;39.93,118.56;39.92,117.61;
#189:
>0:40.01,116.68;40.01,116.66;
#190:
>0:39.93,119.26;39.94,119.35;
#191:
>0:39.98,116.3;40.0,116.63;
#192:
>0:39.98,116.56;40.03,116.81;
#193:
>0:39.96,116.64;39.99,116.47;
#194:
>0:39.82,116.97;39.81,116.67;
#195:
>0:39.82,119.09;39.88,118.4;39.93,117.39;39.87,116.81;40.01,116.55;
#196:
>0:39.81,119.26;39.87,117.98;39.93,117.58;
#197:
>0:39.78,119.49;39.77,118.64;39.83,119.05;39.87,119.28;39.96,119.35;
#198:
>0:39.97,116.35;39.96,116.61;40.0,116.6;
#199:
>0:39.87,118.33;39.89,119.22;39.98,118.21;
#200:
>0:40.03,119.39;39.99,118.73;39.94,118.26;39.94,117.86;39.88,117.65;39.73,116.43;
#201:
>0:39.94,119.69;39.85,119.37;39.8,119.71;39.78,119.78;
#202:
>0:39.97,117.01;39.99,117.11;
#203:
>0:39.94,117.31;39.96,117.76;39.96,117.71;39.85,119.2;
#204:
>0:39.81,117.58;39.83,117.16;39.78,116.4;
#205:
>0:39.76,119.68;39.83,118.66;39.85,118.52;39.89,117.32;39.93,117.01;40.04,117.39;
#206:
>0:39.81,116.56;39.79,116.81;39.78,117.86;
#207:
>0:39.8,116.96;39.86,117.07;39.9,117.6;39.85,118.05;39.97,119.29;
#208:
>0:39.93,119.46;39.98,118.69;40.07,118.14;
#209:
>0:39.99,116.69;39.92,116.33;40.02,116.72;
#210:
>0:40.06,117.58;39.98,118.55;
#211:
>0:39.99,116.86;39.92,116.15;39.99,116.65;
#212:
>0:39.85,116.97;39.87,116.31;39.99,117.92;
#213:
>0:39.76,118.4;39.79,117.91;
#214:
>0:40.03,116.84;39.92,116.61;40.03,116.53;
#215:
>0:40.01,116.27;40.01,116.61;
#216:
>0:39.99,116.45;39.99,116.83;
#217:
>0:40.03,116.63;39.98,116.29;
#218:
>0:39.98,116.75;39.93,116.39;
#219:
>0:39.98,116.51;40.0,116.82;
#220:
>0:39.95,116.99;39.86,116.81;39.86,118.22;
#221:
>0:39.81,116.78;39.88,116.93;39.89,117.96;39.94,119.24;
#222:
>0:39.73,119.86;39.76,118.79;39.76,118.34;
#223:
>0:39.99,116.4;40.01,116.42;
#224:
>0:39.99,118.2;40.03,118.24;
#225:
>0:40.0,116.59;39.92,116.13;40.0,116.65;
#226:
>0:39.9,118.72;39.96,118.05;40.01,118.32;
#227:
>0:40.03,118.45;39.97,118.33;39.97,117.69;39.94,117.35;39.85,117.39;39.77,116.93;
#228:
>0:39.77,118.64;39.8,118.08;39.86,117.6;39.91,116.84;39.93,116.48;
#229:
>0:39.81,117.31;39.84,117.48;
#230:
>0:40.08,118.45;39.99,118.24;40.01,117.51;39.92,117.9;39.86,117.76;39.75,117.3;
#231:
>0:40.0,116.62;39.99,116.73;
#232:
>0:39.99,116.58;39.99,116.38;
#233:
>0:39.8,116.73;39.89,117.88;39.94,118.22;
#234:
>0:39.78,118.25;39.76,117.47;
#235:
>0:39.75,118.02;39.8,117.35;
#236:
>0:40.04,118.15;39.97,118.2;39.97,117.36;39.93,117.61;39.89,117.44;39.77,116.73;
#237:
>0:40.02,116.64;40.01,116.45;
#238:
>0:40.0,116.88;39.92,117.25;39.95,117.43;39.79,117.17;
#239:
>0:40.04,118.33;39.99,118.39;39.99,117.81;39.91,117.61;39.85,117.91;39.76,117.24;
#240:
>0:39.89,118.58;39.87,119.06;39.98,118.48;
#241:
>0:40.01,118.1;40.08,117.91;40.07,116.84;
#242:
>0:39.98,119.22;40.05,118.84;
#243:
>0:40.07,117.46;39.97,118.19;
#244:
>0:39.81,119.9;39.75,119.23;39.78,118.3;
#245:
>0:39.98,116.75;39.97,116.65;
#246:
>0:39.99,116.74;40.02,116.75;
#247:
>0:40.04,116.71;39.96,116.86;
#248:
>0:39.8,117.93;39.88,117.0;
#249:
>0:40.01,116.39;39.95,116.25;40.02,116.81;
#250:
>0:40.0,116.31;39.97,116.29;
#251:
>0:39.99,116.57;40.01,116.4;
#252:
>0:39.88,119.74;39.85,118.74;39.86,118.33;39.89,117.33;39.86,116.88;
#253:
>0:39.99,116.53;39.97,116.72;
#254:
>0:39.78,117.81;39.84,116.68;39.88,116.68;39.93,117.38;
#255:
>0:40.0,116.75;39.93,117.84;39.89,117.39;39.89,119.19;
#256:
>0:39.97,116.82;39.99,116.3;
#257:
>0:39.98,116.77;40.0,116.36;
#258:
>0:39.97,116.84;40.03,116.29;
#259:
>0:39.8,117.63;39.76,117.62;39.78,116.37;
#260:
>0:39.77,118.17;39.84,117.73;
#261:
>0:40.06,119.14;39.99,117.98;39.94,117.67;39.86,117.35;39.81,116.34;
#262:
>0:39.99,117.2;40.01,116.87;
#263:
>0:39.95,117.2;39.91,117.38;39.86,118.43;
#264:
>0:39.98,117.39;40.05,116.95;39.94,116.11;
#265:
>0:39.74,118.03;39.81,117.81;39.87,117.93;
#266:
>0:39.81,116.05;39.8,116.8;39.86,117.01;39.87,117.39;39.95,119.15;
#267:
>0:39.98,116.3;40.0,116.74;
#268:
>0:39.77,118.75;39.79,118.63;39.9,119.74;39.91,118.93;40.0,118.8;40.04,118.01;
#269:
>0:39.84,119.08;39.75,118.18;39.75,117.62;
#270:
>0:39.79,117.1;39.9,117.34;39.95,118.16;
#271:
>0:39.89,119.55;39.92,118.94;39.99,119.34;40.02,119.41;
#272:
>0:40.0,116.83;39.97,116.26;
#273:
>0:39.98,117.67;39.92,118.26;39.96,119.13;39.93,119.69;
