#0:
>0:39.56,119.52;38.77,119.19;36.42,118.15;35.94,116.62;
#1:
>0:40.66,116.44;38.84,116.77;
#2:
>0:40.31,118.57;38.94,117.45;36.88,118.86;36.07,118.43;33.99,116.88;
#3:
>0:32.75,118.19;32.72,117.19;33.62,118.11;35.65,119.23;37.76,118.9;
#4:
>0:39.32,116.21;40.87,116.82;
#5:
>0:31.47,117.25;32.47,116.35;34.93,116.83;
#6:
>0:31.81,117.98;32.54,116.92;34.39,118.3;35.91,119.19;38.45,118.68;
#7:
>0:39.52,118.18;38.09,119.14;38.96,119.38;
#8:
>0:35.94,116.12;33.18,116.38;35.52,117.05;34.88,118.06;36.7,118.7;40.68,120.28;
#9:
>0:33.91,117.73;33.0,116.47;35.29,116.6;37.12,116.94;40.86,116.49;
#10:
>0:39.03,118.5;36.87,119.54;35.35,119.76;
#11:
>0:33.86,118.49;35.03,120.15;37.47,120.78;
#12:
>0:38.43,119.89;38.71,119.15;37.62,119.8;34.0,119.27;
#13:
>0:39.93,117.45;38.97,119.24;39.01,119.31;
#14:
>0:39.08,120.56;36.6,120.82;
#15:
>0:31.77,116.53;32.01,117.63;34.98,116.75;
#16:
>0:40.46,116.06;40.39,116.71;38.73,117.38;36.84,118.53;35.74,118.85;32.6,117.98;
#17:
>0:39.89,115.62;39.41,116.52;38.43,116.87;36.4,116.34;34.61,116.46;32.88,115.84;
#18:
>0:34.48,116.39;35.43,116.74;37.06,116.17;
#19:
>0:33.25,116.65;32.44,117.07;
#20:
>0:40.56,115.76;39.54,116.77;40.35,115.76;
#21:
>0:39.48,116.7;38.31,118.15;40.24,118.91;
#22:
>0:33.27,121.1;35.72,119.59;35.34,118.63;34.61,117.48;37.31,116.73;33.9,115.59;
#23:
>0:40.12,116.11;40.4,116.95;37.75,116.77;40.29,115.62;40.86,115.96;
#24:
>0:36.59,120.03;35.41,118.77;35.74,118.29;37.35,116.82;40.32,116.44;
#25:
>0:37.38,115.86;35.81,117.36;36.9,116.96;35.78,117.57;38.93,119.34;
#26:
>0:35.34,118.29;35.79,117.17;32.04,115.95;
#27:
>0:33.92,117.39;35.53,118.9;36.79,120.15;38.28,118.71;40.27,118.25;
#28:
>0:37.82,120.02;39.45,119.19;40.77,117.75;40.12,117.04;
#29:
>0:39.71,120.27;38.07,119.77;36.93,120.77;36.86,120.07;33.96,117.55;
#30:
>0:33.04,116.6;35.39,116.61;36.95,117.14;
#31:
>0:37.16,119.7;34.93,120.98;33.29,120.15;31.89,120.84;
#32:
>0:36.34,120.66;37.38,119.85;34.69,118.42;34.42,119.1;31.99,117.81;31.41,115.65;
#33:
>0:32.64,118.63;31.77,119.71;34.22,120.6;
#34:
>0:33.45,119.4;35.09,118.77;35.06,117.94;35.95,116.66;
#35:
>0:40.09,118.9;40.48,118.03;36.78,119.6;
#36:
>0:39.88,117.02;39.1,117.53;38.85,118.46;36.66,118.78;37.34,120.71;
#37:
>0:36.46,115.76;35.77,116.66;38.93,117.6;
