#0:
>0:37.04,116.03;38.13,117.4;39.91,117.5;39.55,118.44;
#1:
>0:32.88,116.08;32.54,117.05;33.64,118.11;34.45,117.57;32.55,119.46;
#2:
>0:37.51,116.07;39.09,117.17;39.46,118.03;39.71,119.18;
#3:
>0:34.75,120.02;35.88,118.85;
#4:
>0:35.7,116.61;37.22,117.79;34.85,119.32;
#5:
>0:34.81,116.99;37.6,117.59;34.77,118.41;36.83,119.84;39.82,120.69;
#6:
>0:35.72,119.08;35.66,119.24;32.84,118.96;
#7:
>0:40.88,116.48;38.81,116.87;37.24,116.07;34.61,118.05;
#8:
>0:39.25,119.64;37.74,120.93;34.66,120.28;
#9:
>0:38.54,117.21;37.43,116.93;37.31,117.99;35.12,117.12;31.99,115.81;
#10:
>0:39.76,120.3;38.78,119.49;37.13,119.05;36.19,117.84;36.49,116.92;
#11:
>0:38.88,118.6;36.74,119.52;35.69,118.62;
#12:
>0:34.36,118.26;33.37,119.15;32.07,119.77;
#13:
>0:40.26,116.49;39.25,118.11;37.23,117.57;36.79,118.92;35.22,119.51;
#14:
>0:32.58,115.9;34.2,116.61;35.0,116.7;37.07,117.62;
#15:
>0:33.51,115.91;35.71,116.6;37.28,118.04;36.48,118.87;38.09,118.68;38.29,120.81;
#16:
>0:37.77,120.81;40.61,119.62;40.42,118.46;
#17:
>0:35.18,119.15;32.09,120.08;
#18:
>0:35.94,119.2;34.88,119.97;33.43,120.24;
#19:
>0:40.52,118.3;37.73,118.24;36.71,119.46;
#20:
>0:40.57,116.79;37.98,118.1;
#21:
>0:36.35,115.54;38.33,116.84;39.56,117.71;39.24,117.74;37.53,118.7;38.46,120.91;
#22:
>0:34.73,116.77;34.77,118.16;
#23:
>0:37.29,121.08;36.92,119.5;36.09,119.23;37.07,117.4;37.96,117.18;
#24:
>0:34.52,116.52;36.67,118.28;34.65,118.73;
#25:
>0:36.68,120.71;35.57,119.29;35.27,119.1;32.68,117.92;
#26:
>0:33.55,119.78;35.08,119.23;34.83,117.86;
#27:
>0:37.1,115.78;37.83,117.27;35.24,117.57;31.82,115.89;
#28:
>0:34.21,117.06;34.73,117.85;
#29:
>0:38.64,120.79;36.94,120.05;35.25,118.45;35.85,117.53;33.08,117.11;35.21,115.65;
#30:
>0:38.09,117.52;37.45,116.61;37.39,117.8;33.66,116.67;
#31:
>0:37.04,117.79;36.26,117.9;
#32:
>0:31.58,120.76;32.94,119.29;
#33:
>0:34.24,118.3;32.64,118.75;31.83,119.45;
#34:
>0:33.17,116.5;34.96,117.91;36.26,117.64;34.54,118.91;36.4,120.79;
#35:
>0:34.97,118.75;35.69,118.13;36.25,117.97;40.05,117.59;41.14,117.17;
#36:
>0:37.13,120.11;35.65,120.86;
#37:
>0:32.05,116.23;34.01,116.53;35.87,116.49;
