#0:
>0:33.0,120.93;33.73,120.07;34.77,120.04;39.06,120.38;
#1:
>0:35.2,116.67;36.8,117.3;
#2:
>0:35.29,116.26;37.62,116.55;36.17,118.08;36.84,118.95;
#3:
>0:32.18,116.91;34.18,117.69;33.61,118.94;35.96,119.98;36.69,119.71;40.75,120.79;
#4:
>0:33.25,119.03;35.36,119.44;33.87,120.42;
#5:
>0:33.5,117.68;35.01,116.64;35.24,118.21;37.39,118.76;39.93,117.82;
#6:
>0:32.34,119.79;34.36,118.99;35.82,119.37;36.48,120.82;
#7:
>0:38.47,117.25;36.64,118.08;35.89,118.53;34.55,117.73;32.77,117.53;
#8:
>0:33.47,116.09;35.15,116.49;36.2,117.43;37.19,118.93;
#9:
>0:38.2,119.86;36.58,118.69;36.03,118.01;35.19,116.74;
#10:
>0:37.44,120.81;37.36,119.32;36.15,118.73;36.81,117.41;36.6,116.66;
#11:
>0:32.22,117.09;34.25,118.23;35.72,118.79;
#12:
>0:40.4,118.41;37.77,118.41;36.78,118.6;35.27,119.14;
#13:
>0:36.35,119.2;38.7,117.71;39.62,119.44;
#14:
>0:35.22,119.99;36.72,119.61;37.5,119.11;39.13,118.02;39.23,116.51;
#15:
>0:37.41,118.65;37.73,118.24;39.34,119.69;
#16:
>0:33.22,119.33;35.79,118.67;35.62,117.44;37.37,118.97;39.87,117.36;
#17:
>0:37.78,120.58;40.1,120.73;38.67,119.87;39.56,118.56;39.34,117.96;41.0,117.18;
#18:
>0:34.37,115.65;31.78,117.03;31.5,117.97;32.65,118.99;32.85,120.58;32.4,121.83;
#19:
>0:39.84,117.28;40.61,117.37;
#20:
>0:31.4,116.33;32.92,116.39;34.61,115.92;
#21:
>0:40.38,117.95;38.12,118.58;36.8,120.06;35.34,120.46;32.91,120.65;31.86,121.07;
#22:
>0:34.4,115.88;32.09,116.48;
#23:
>0:36.83,119.39;35.18,119.71;33.34,119.7;
#24:
>0:34.21,120.65;33.02,119.55;35.79,119.66;38.13,119.54;
#25:
>0:39.09,117.87;39.25,116.84;35.41,116.4;
#26:
>0:34.77,120.02;36.59,119.3;38.45,117.62;
#27:
>0:33.46,119.94;33.4,118.47;34.9,118.01;36.94,117.97;
#28:
>0:35.83,117.26;36.42,117.7;34.84,117.56;37.2,118.91;38.14,120.65;
#29:
>0:35.11,121.11;35.6,120.04;37.15,119.54;36.3,118.58;37.99,117.78;39.19,116.72;
#30:
>0:33.41,120.13;34.64,118.56;
#31:
>0:37.93,117.95;36.51,119.01;35.86,120.08;
#32:
>0:35.39,115.72;36.49,116.59;38.14,118.21;38.07,118.75;40.8,120.01;40.75,120.93;
#33:
>0:33.71,120.72;34.19,120.09;34.03,118.73;34.32,117.84;33.98,117.68;
#34:
>0:36.84,120.96;37.25,119.43;36.99,118.76;36.15,118.31;37.1,117.14;
#35:
>0:37.47,116.37;34.63,116.92;34.02,118.46;32.5,119.28;
#36:
>0:37.4,117.51;35.94,117.22;
#37:
>0:40.85,118.26;38.71,117.59;36.3,119.08;35.59,118.92;
