#0:
>0:39.23,118.54;40.13,120.18;
#1:
>0:38.47,119.45;36.61,119.35;35.0,118.48;36.49,116.8;
#2:
>0:34.44,117.52;31.79,118.38;35.01,120.08;
#3:
>0:38.5,115.71;37.63,117.35;35.74,116.64;33.65,116.93;32.45,117.31;
#4:
>0:33.9,116.92;35.4,117.16;37.1,117.86;
#5:
>0:34.39,115.65;35.07,116.46;37.57,117.03;36.1,117.67;40.3,117.68;
#6:
>0:34.76,117.23;37.01,117.04;37.19,118.11;39.51,118.3;
#7:
>0:31.43,117.27;32.73,117.9;33.6,117.11;37.63,117.98;
#8:
>0:40.77,117.04;39.35,116.45;
#9:
>0:35.09,118.94;34.56,117.88;36.48,116.55;38.82,116.37;
#10:
>0:37.23,119.68;34.96,120.02;
#11:
>0:38.87,120.17;40.62,119.88;
#12:
>0:40.7,120.33;37.73,119.71;36.35,120.29;
#13:
>0:39.31,116.73;38.25,117.33;36.85,117.12;34.82,116.79;33.74,117.07;31.73,116.45;
#14:
>0:33.87,115.92;35.37,116.85;37.49,116.9;36.87,117.64;40.58,117.93;
#15:
>0:40.58,117.2;38.82,117.46;36.14,117.62;35.74,119.18;
#16:
>0:38.39,116.35;37.49,116.26;35.84,115.76;33.5,116.26;
#17:
>0:36.16,119.35;34.84,120.17;
#18:
>0:35.51,120.11;36.27,120.01;
#19:
>0:38.93,119.8;36.77,119.17;35.04,119.61;34.2,119.53;32.35,121.07;
#20:
>0:35.78,115.57;33.52,117.35;34.93,117.99;36.84,117.51;37.53,118.91;40.77,120.95;
#21:
>0:33.68,116.68;36.05,116.79;36.88,117.15;38.12,115.98;
#22:
>0:40.13,118.94;37.97,119.96;38.21,120.76;
#23:
>0:40.22,117.39;39.03,119.08;38.15,119.97;37.47,120.15;33.82,120.67;
#24:
>0:40.57,118.51;38.89,119.51;38.89,120.25;
#25:
>0:34.75,119.4;34.47,119.82;34.9,119.2;34.87,117.66;37.02,116.2;
#26:
>0:32.0,120.37;32.01,119.41;33.04,120.94;36.89,120.36;
#27:
>0:34.93,117.19;37.23,117.02;37.01,118.28;37.47,119.06;38.39,120.78;
#28:
>0:37.64,120.32;35.72,120.36;36.59,119.48;37.75,119.09;37.97,118.26;39.34,116.21;
#29:
>0:37.84,118.78;38.51,117.49;38.14,116.81;39.76,115.81;
#30:
>0:36.4,117.45;35.51,117.26;35.05,115.93;
#31:
>0:32.48,120.71;31.33,119.79;34.25,120.78;35.39,120.65;37.36,119.89;40.02,119.84;
#32:
>0:36.5,117.79;35.94,117.31;35.09,115.67;
#33:
>0:38.32,118.01;40.84,116.53;
#34:
>0:33.78,119.88;35.22,119.41;34.49,120.77;38.22,119.56;
#35:
>0:39.33,115.73;38.32,116.72;40.32,116.21;39.76,115.64;
#36:
>0:33.09,116.77;34.87,116.65;36.48,116.86;39.2,118.64;
#37:
>0:38.28,116.46;39.03,117.56;37.27,117.63;37.84,119.26;
