#0:
>0:37.48,114.38;36.33,115.91;33.43,116.71;30.9,118.1;28.67,119.81;24.91,121.01;
#1:
>0:34.1,119.65;34.93,120.48;38.27,121.0;
#2:
>0:30.42,121.22;27.82,119.14;26.12,118.49;29.45,118.54;32.21,115.15;
#3:
>0:40.26,117.22;42.01,116.7;
#4:
>0:26.81,120.9;23.36,119.71;24.25,118.55;24.83,116.7;24.12,114.74;23.55,113.94;
#5:
>0:26.79,115.2;27.03,116.17;26.6,117.99;30.9,118.47;26.74,120.77;
#6:
>0:32.4,114.68;35.92,116.35;35.56,118.32;32.98,119.06;34.41,120.97;
#7:
>0:24.0,114.18;23.6,113.54;
#8:
>0:41.35,116.67;40.83,116.32;
#9:
>0:24.73,119.26;24.02,117.91;23.91,117.04;23.79,115.34;29.27,113.91;
#10:
>0:33.62,114.67;34.74,114.17;
#11:
>0:31.45,119.74;26.45,117.98;
#12:
>0:41.97,117.23;40.65,117.5;
#13:
>0:40.07,116.86;42.02,117.11;
#14:
>0:33.04,115.39;34.89,113.32;
#15:
>0:38.82,117.84;35.15,118.66;31.7,119.59;31.45,120.3;27.78,118.83;24.73,116.91;
#16:
>0:28.5,118.34;27.9,116.28;25.84,116.17;27.6,113.47;
#17:
>0:40.52,116.73;38.33,115.97;
#18:
>0:39.93,116.33;40.09,116.4;
#19:
>0:26.66,118.08;29.67,118.74;28.36,121.01;
#20:
>0:41.15,117.23;41.68,117.22;
#21:
>0:38.47,113.57;36.2,115.51;39.69,117.18;37.94,118.48;34.56,119.88;
#22:
>0:38.54,113.56;39.64,115.7;39.86,116.81;40.07,118.42;37.78,119.0;39.77,120.88;
#23:
>0:37.99,121.05;35.39,120.27;
#24:
>0:28.05,114.11;23.83,114.54;
#25:
>0:29.17,120.21;34.29,120.24;36.0,120.71;38.1,120.37;
#26:
>0:31.91,114.35;34.7,113.46;
#27:
>0:26.82,120.9;31.02,119.91;33.94,117.77;36.69,119.26;39.51,118.33;
#28:
>0:28.19,117.84;30.76,118.34;26.41,121.4;
#29:
>0:37.27,119.54;39.87,118.12;39.78,116.98;39.1,115.78;
#30:
>0:37.53,114.33;38.58,115.3;40.06,117.75;38.69,118.64;37.91,118.83;39.74,120.46;
#31:
>0:32.84,117.1;36.45,116.59;35.08,119.86;
#32:
>0:35.38,113.74;36.84,114.83;42.36,117.14;39.55,118.48;35.71,117.47;32.69,120.55;
#33:
>0:39.17,114.49;36.04,114.89;36.02,116.47;
#34:
>0:32.48,113.65;36.68,114.31;
#35:
>0:35.29,121.38;34.79,119.69;37.91,117.52;
#36:
>0:36.33,115.15;35.49,115.03;
#37:
>0:34.22,115.22;36.7,113.71;
#38:
>0:24.71,114.87;28.58,117.29;27.7,118.03;30.11,119.17;34.17,120.9;
#39:
>0:27.72,120.39;23.83,119.49;24.07,117.44;24.44,117.08;25.44,114.83;25.13,113.99;
#40:
>0:35.54,121.51;32.93,119.3;
#41:
>0:40.17,116.73;41.71,116.5;
#42:
>0:27.21,117.12;28.28,114.87;33.11,113.76;
#43:
>0:41.38,116.77;36.82,115.59;33.32,113.97;31.52,113.53;27.26,114.57;
#44:
>0:31.42,121.1;31.75,120.2;
#45:
>0:28.89,118.78;28.69,118.58;
#46:
>0:40.89,118.4;40.55,116.55;
#47:
>0:32.5,120.98;36.42,120.53;34.72,118.87;36.0,118.72;42.24,116.39;36.01,113.49;
#48:
>0:38.91,117.04;34.89,116.95;32.07,117.06;30.59,116.47;
#49:
>0:29.44,118.4;29.24,120.03;25.06,119.92;
#50:
>0:34.51,119.68;33.72,118.27;31.71,117.55;
#51:
>0:32.36,113.42;35.18,113.35;
#52:
>0:29.65,116.48;33.46,115.02;36.81,113.95;
#53:
>0:38.38,114.04;34.94,114.29;32.95,114.32;29.54,114.11;27.27,114.37;24.06,113.79;
#54:
>0:33.95,121.36;37.06,120.81;34.05,119.04;34.17,118.03;32.92,115.39;
#55:
>0:39.93,117.16;40.91,116.72;
#56:
>0:32.76,113.68;35.29,115.7;41.1,117.44;39.7,117.51;
#57:
>0:40.21,117.13;40.38,117.54;
#58:
>0:31.66,121.33;34.96,120.61;36.81,119.67;34.03,118.39;32.33,115.75;
#59:
>0:39.94,120.63;34.54,119.18;
#60:
>0:29.77,115.68;28.56,116.69;24.96,118.38;25.4,119.15;24.6,120.16;
#61:
>0:40.29,116.96;41.82,116.88;
#62:
>0:35.97,115.99;40.11,116.93;38.71,117.82;37.91,119.46;37.46,120.94;
#63:
>0:30.82,117.65;31.51,117.47;
#64:
>0:34.8,120.97;33.84,118.92;30.91,121.3;28.6,118.86;
#65:
>0:30.05,121.38;29.69,121.31;
#66:
>0:29.95,119.66;31.74,119.41;
#67:
>0:35.29,116.95;35.85,118.13;33.88,119.8;26.26,121.32;
#68:
>0:27.01,120.93;26.86,119.84;26.45,117.78;26.35,116.71;23.67,114.66;
#69:
>0:27.52,120.62;26.3,119.08;26.93,118.68;23.25,116.67;23.13,114.69;30.63,114.25;
#70:
>0:29.31,115.94;31.42,116.33;30.64,117.74;29.71,119.63;
#71:
>0:42.11,116.86;39.98,117.3;
#72:
>0:34.83,119.32;38.23,118.29;
#73:
>0:27.14,120.14;27.94,117.93;29.2,116.36;
#74:
>0:28.56,114.22;23.84,113.68;
#75:
>0:27.1,120.35;29.44,119.49;34.03,118.76;29.49,117.22;35.27,114.82;
#76:
>0:39.87,116.57;42.27,116.29;
#77:
>0:24.87,115.6;28.12,116.25;
#78:
>0:32.34,113.66;28.71,115.08;27.56,116.57;25.12,117.57;23.48,119.27;
#79:
>0:39.62,115.03;35.64,117.13;32.57,115.19;
#80:
>0:23.26,118.65;27.53,119.25;
#81:
>0:23.12,113.93;26.26,115.83;27.16,116.72;
#82:
>0:28.05,113.31;24.3,114.25;
#83:
>0:30.03,118.91;28.77,117.63;
#84:
>0:23.76,121.43;24.27,119.31;25.51,118.18;24.08,117.11;24.76,115.96;24.54,113.33;
#85:
>0:30.01,119.29;29.51,118.13;29.97,116.56;30.3,115.07;
#86:
>0:33.58,118.88;31.76,117.49;29.08,117.15;29.53,115.54;
#87:
>0:23.35,120.43;25.34,119.72;24.82,117.62;23.16,116.77;23.19,114.65;24.58,114.03;
#88:
>0:32.51,117.87;30.17,118.84;27.3,120.74;23.73,120.85;
#89:
>0:31.56,114.28;36.46,113.68;
#90:
>0:38.51,118.44;35.04,118.59;37.08,118.95;31.89,118.86;30.04,117.75;25.2,116.41;
#91:
>0:23.04,114.45;25.6,113.85;
#92:
>0:37.76,115.98;37.78,115.41;
#93:
>0:39.25,119.56;36.97,119.25;35.96,116.59;
#94:
>0:27.61,120.16;30.41,120.07;31.74,119.65;34.29,118.47;33.57,114.76;
#95:
>0:33.49,113.57;33.51,115.73;36.31,117.11;32.98,118.45;
#96:
>0:36.13,114.71;40.18,117.38;39.53,118.0;39.9,119.44;38.98,121.45;
#97:
>0:40.18,117.62;40.1,116.93;
#98:
>0:36.24,115.06;35.3,113.91;
#99:
>0:29.81,120.8;30.58,120.86;
#100:
>0:35.19,120.04;31.67,117.68;35.01,117.22;
#101:
>0:29.67,116.6;33.92,116.91;33.5,114.01;
#102:
>0:37.92,119.54;34.76,118.81;34.76,117.06;
#103:
>0:29.26,121.07;33.81,118.84;31.67,120.48;39.25,119.15;
#104:
>0:23.64,119.98;27.92,118.93;25.86,118.73;24.03,116.44;27.48,113.73;
#105:
>0:36.87,115.99;40.86,117.38;
#106:
>0:28.72,116.82;32.99,117.08;36.1,119.85;
#107:
>0:33.19,119.04;32.03,120.73;40.07,119.18;
#108:
>0:36.63,119.95;33.51,119.87;32.54,118.56;26.51,115.56;
#109:
>0:40.13,116.86;37.7,118.34;35.78,119.27;
#110:
>0:32.33,115.8;35.01,117.33;38.74,117.85;37.69,119.32;38.45,121.24;
#111:
>0:40.52,116.48;41.18,116.96;
#112:
>0:34.77,115.83;39.78,115.67;
#113:
>0:41.57,117.06;38.16,117.86;34.56,118.69;33.37,118.86;31.22,118.34;25.5,117.73;
#114:
>0:27.52,119.24;27.44,118.05;25.57,116.53;28.66,114.77;
#115:
>0:40.44,117.18;42.39,117.06;
#116:
>0:23.89,113.54;26.88,115.2;29.44,117.12;28.84,118.62;30.2,119.93;
#117:
>0:41.64,116.31;41.55,116.26;
#118:
>0:39.55,114.07;35.43,115.8;35.87,117.34;
#119:
>0:41.94,116.96;39.28,118.75;35.47,117.87;33.07,117.99;
#120:
>0:31.04,119.22;32.41,118.05;34.48,116.1;38.06,114.84;
#121:
>0:35.08,117.21;33.71,117.47;37.13,118.36;33.04,121.44;
#122:
>0:40.85,117.58;42.44,117.84;
#123:
>0:29.61,118.12;29.14,116.74;33.91,115.73;38.52,114.41;
#124:
>0:36.86,117.88;37.71,117.61;
#125:
>0:38.63,115.45;36.89,117.36;31.63,115.4;
#126:
>0:34.98,117.04;33.0,114.96;28.81,114.22;26.7,113.57;25.71,113.83;
#127:
>0:33.0,114.78;30.98,117.0;29.22,118.13;31.03,119.56;
#128:
>0:38.5,115.24;35.51,116.2;31.94,118.48;30.08,116.9;27.97,113.78;
#129:
>0:41.93,117.56;41.53,116.8;
#130:
>0:27.0,118.29;29.63,118.78;31.57,119.81;32.37,121.05;38.77,120.0;
#131:
>0:24.12,119.3;28.26,120.82;30.85,119.26;32.14,118.93;34.52,121.1;
#132:
>0:34.08,117.38;35.42,115.31;
#133:
>0:41.72,117.61;38.71,118.64;36.54,117.92;28.71,120.67;
#134:
>0:27.21,121.47;29.62,119.83;33.12,119.65;31.52,117.82;31.56,114.82;
#135:
>0:32.46,117.78;34.87,116.41;34.96,119.33;
#136:
>0:34.39,117.88;31.45,116.93;35.55,115.09;
#137:
>0:42.42,117.49;40.34,116.25;
#138:
>0:37.52,113.9;36.02,115.12;36.59,117.21;
#139:
>0:28.08,117.83;30.96,119.69;32.2,119.48;32.95,120.84;37.78,119.51;
#140:
>0:41.23,116.46;42.03,117.38;
#141:
>0:40.66,116.83;41.05,116.62;
#142:
>0:34.49,119.06;33.64,118.25;32.14,117.86;
#143:
>0:34.77,114.97;35.02,114.41;
#144:
>0:28.59,115.29;29.37,116.96;33.19,117.34;36.4,115.99;
#145:
>0:23.49,121.06;26.93,120.01;29.68,118.28;33.22,117.01;
#146:
>0:27.29,115.38;29.02,117.27;33.78,117.89;
#147:
>0:24.51,120.82;24.73,119.66;28.44,120.48;34.36,119.19;
#148:
>0:40.72,116.79;40.23,116.53;
#149:
>0:28.54,119.64;29.12,117.82;32.27,117.07;36.09,114.89;39.14,115.72;
#150:
>0:39.53,113.68;36.6,113.9;33.06,113.29;29.7,113.85;28.61,113.42;25.36,113.99;
#151:
>0:39.66,117.58;38.8,119.03;32.41,119.32;
#152:
>0:23.53,119.72;27.36,119.65;28.8,119.15;
#153:
>0:37.28,114.22;39.67,114.7;39.71,118.25;38.24,118.48;37.62,119.95;39.47,121.31;
#154:
>0:35.48,115.02;39.45,115.98;
#155:
>0:33.09,117.13;30.51,117.39;28.94,119.43;
#156:
>0:30.14,117.83;33.21,119.34;
#157:
>0:42.16,117.38;40.9,117.16;
#158:
>0:40.29,116.95;39.9,117.61;
#159:
>0:36.76,120.88;35.33,119.6;38.26,117.71;
#160:
>0:40.73,116.51;40.65,117.57;
#161:
>0:32.39,115.14;35.34,113.78;
#162:
>0:33.64,117.88;34.7,117.3;35.69,119.77;
#163:
>0:34.64,121.14;35.68,120.44;
#164:
>0:30.98,115.57;25.92,115.97;
#165:
>0:40.5,116.87;41.47,117.37;
#166:
>0:39.66,113.32;36.33,115.83;36.96,116.07;
#167:
>0:38.2,114.39;36.32,115.99;35.54,116.41;
#168:
>0:35.28,117.76;33.28,119.63;34.82,121.48;
#169:
>0:34.59,121.03;31.67,119.47;29.64,118.73;27.59,116.43;23.76,114.84;25.33,113.84;
#170:
>0:37.95,113.83;35.1,115.33;34.24,116.88;29.53,116.8;28.36,116.41;
#171:
>0:30.86,120.67;33.11,119.62;34.47,118.21;
#172:
>0:37.71,119.39;38.09,120.9;
#173:
>0:38.67,117.84;37.12,117.77;32.53,118.16;
#174:
>0:31.42,121.43;29.27,121.31;
#175:
>0:30.68,115.35;27.1,116.58;23.81,118.23;23.13,119.54;25.24,120.26;
#176:
>0:28.72,121.3;27.07,119.5;25.98,118.75;29.28,117.85;33.76,115.96;
#177:
>0:30.43,116.93;28.27,115.33;24.42,113.82;
#178:
>0:32.57,113.43;29.46,115.01;26.09,116.84;25.84,118.31;23.67,118.92;
#179:
>0:41.88,117.19;39.99,116.94;
#180:
>0:29.26,114.69;33.35,118.01;36.96,118.41;37.71,119.19;37.97,121.35;
#181:
>0:31.92,117.45;36.32,117.37;35.57,114.18;
#182:
>0:29.53,121.32;32.56,119.83;31.75,120.21;38.67,118.94;
#183:
>0:33.13,113.82;34.69,115.64;39.46,117.82;37.45,117.63;
#184:
>0:40.34,117.16;42.34,116.8;
#185:
>0:33.43,119.46;31.26,121.5;28.55,118.51;
#186:
>0:36.59,120.01;38.38,119.31;
#187:
>0:28.73,115.18;28.14,117.09;24.01,118.17;23.84,119.71;23.99,120.96;
#188:
>0:34.73,117.96;33.62,119.34;35.68,120.56;
#189:
>0:29.55,120.37;33.43,118.86;36.78,118.28;
#190:
>0:27.91,115.96;31.52,117.05;33.95,117.43;35.17,118.85;
#191:
>0:35.05,116.95;34.59,117.17;
#192:
>0:34.56,114.29;35.68,114.97;39.21,117.13;38.97,118.69;36.72,118.68;33.09,120.44;
#193:
>0:39.78,116.99;37.48,115.17;
#194:
>0:40.61,116.36;40.89,116.43;
#195:
>0:39.07,113.48;34.93,115.15;36.27,116.46;
#196:
>0:32.17,120.89;34.67,119.03;38.9,118.25;39.92,117.31;39.26,115.31;
#197:
>0:34.99,113.95;33.84,116.0;33.48,117.18;
#198:
>0:39.39,121.16;38.34,120.12;36.15,119.44;30.7,120.48;
#199:
>0:38.64,114.02;34.45,114.34;32.53,114.19;30.14,114.01;26.22,114.52;23.44,114.37;
#200:
>0:29.08,113.87;28.55,114.71;29.44,116.71;33.98,118.27;38.31,119.64;
#201:
>0:41.0,116.58;35.98,117.54;32.46,119.6;30.46,119.83;
#202:
>0:31.92,118.34;30.71,119.69;28.64,121.18;25.51,120.21;
#203:
>0:24.42,116.91;23.44,115.14;26.25,113.53;
#204:
>0:39.64,115.44;35.89,116.9;32.19,116.82;35.88,118.87;
#205:
>0:31.13,120.86;32.5,118.84;36.95,117.63;
#206:
>0:42.35,117.41;42.11,116.93;
#207:
>0:38.08,121.16;34.71,119.85;31.92,118.45;
#208:
>0:35.01,115.05;39.24,114.95;
#209:
>0:41.07,116.95;40.88,117.25;
#210:
>0:27.52,115.03;29.75,116.88;33.29,118.21;
#211:
>0:40.75,118.22;42.26,117.1;
#212:
>0:30.12,120.6;34.22,119.19;31.68,118.34;32.87,117.99;
#213:
>0:38.85,117.89;36.62,118.59;34.31,118.86;29.98,120.91;27.69,118.65;
#214:
>0:41.32,117.35;41.8,116.78;
#215:
>0:38.76,113.61;36.74,115.02;34.37,117.86;30.45,117.38;
#216:
>0:30.24,120.04;30.55,117.95;
#217:
>0:40.42,117.78;41.22,116.97;
#218:
>0:35.03,119.35;34.38,118.67;34.43,117.62;
#219:
>0:34.61,113.77;32.36,114.92;31.42,115.49;
#220:
>0:39.72,114.51;35.01,115.1;33.14,117.88;31.05,118.3;27.55,118.86;24.22,120.21;
#221:
>0:34.28,117.88;31.04,119.94;
#222:
>0:35.82,119.01;33.72,118.54;29.14,117.06;28.57,115.98;23.17,114.56;
#223:
>0:28.86,116.97;33.69,118.47;35.12,119.48;41.29,116.48;
#224:
>0:23.54,118.19;24.71,116.56;23.03,115.56;30.67,113.5;
#225:
>0:40.09,117.1;40.61,116.4;
#226:
>0:34.47,120.0;38.9,118.99;
#227:
>0:39.63,116.91;41.03,116.72;
#228:
>0:30.92,121.18;32.32,119.72;34.2,120.97;38.9,119.73;
#229:
>0:25.55,113.52;23.24,115.66;27.62,115.42;29.58,116.86;33.33,115.36;39.93,117.6;
#230:
>0:34.97,114.78;39.76,117.22;39.94,118.0;39.68,119.31;39.73,120.84;
#231:
>0:30.47,118.63;33.51,119.62;
#232:
>0:35.98,120.28;35.08,119.76;32.03,117.48;31.2,116.52;35.91,114.88;
#233:
>0:36.77,113.46;32.97,115.82;30.41,116.16;27.54,117.63;24.4,119.68;25.47,121.11;
#234:
>0:24.27,114.59;25.53,114.32;
#235:
>0:35.09,117.09;38.0,117.7;
#236:
>0:35.11,117.22;32.85,118.18;31.37,119.51;26.59,120.88;24.16,120.48;
#237:
>0:38.38,114.63;34.41,115.12;36.07,116.32;
#238:
>0:36.93,114.32;33.1,115.58;30.96,115.07;
#239:
>0:39.11,121.34;38.34,119.94;36.86,120.03;30.67,120.72;
