#0:
>0:32.78,114.73;33.9,114.07;36.75,112.75;
#1:
>0:36.03,116.91;36.65,116.19;36.07,115.41;38.23,114.42;35.95,113.41;34.57,112.82;
#2:
>0:40.9,116.72;39.83,116.62;40.35,117.11;
#3:
>0:32.12,113.82;33.54,113.8;33.28,115.14;
#4:
>0:40.14,117.13;40.59,116.67;
#5:
>0:39.87,116.46;40.15,117.13;
#6:
>0:40.58,116.43;39.99,116.61;40.25,117.03;
#7:
>0:32.6,114.32;35.02,113.71;34.69,112.89;
#8:
>0:38.39,112.68;38.57,113.34;36.84,113.52;33.06,113.73;
#9:
>0:40.35,116.69;40.31,116.89;
#10:
>0:33.89,113.11;34.41,114.04;32.98,113.47;33.32,115.18;
#11:
>0:31.26,115.46;33.02,116.22;33.38,115.04;35.04,116.38;37.17,116.2;
#12:
>0:39.77,116.58;39.53,115.71;38.78,115.43;38.49,114.18;
#13:
>0:40.79,116.78;41.14,117.1;
#14:
>0:40.7,116.7;37.48,115.88;36.41,114.89;34.27,115.58;32.98,114.04;
#15:
>0:33.48,114.34;32.02,113.38;
#16:
>0:39.77,117.09;40.4,116.86;
#17:
>0:39.71,116.95;40.45,116.57;
#18:
>0:32.26,115.48;34.82,115.71;36.33,114.99;38.52,114.33;39.0,114.81;
#19:
>0:40.38,116.97;40.23,116.52;40.46,116.65;
#20:
>0:33.98,113.46;37.06,113.53;37.92,113.88;40.25,113.97;
#21:
>0:37.32,115.33;37.7,114.83;
#22:
>0:40.29,116.46;41.06,117.09;40.52,116.58;
#23:
>0:31.79,115.3;33.7,116.22;34.93,116.1;
#24:
>0:39.86,116.77;40.26,116.32;40.3,116.88;38.85,115.79;38.91,115.17;39.21,115.7;
#25:
>0:40.93,116.7;40.98,117.01;
#26:
>0:38.34,116.01;38.39,116.49;
#27:
>0:32.9,113.26;34.45,113.84;37.0,113.39;37.72,113.16;38.95,114.3;
#28:
>0:37.19,114.89;36.12,116.12;35.47,116.38;
#29:
>0:39.81,116.6;39.74,116.54;
#30:
>0:41.19,117.09;39.84,115.72;40.66,116.76;40.55,116.96;
#31:
>0:39.81,117.06;41.19,116.58;
#32:
>0:41.02,117.08;40.81,116.53;
#33:
>0:33.13,116.16;32.57,115.19;36.16,114.66;
#34:
>0:40.17,116.63;41.06,116.97;
#35:
>0:38.86,115.49;37.62,116.16;37.06,116.37;
#36:
>0:39.75,116.49;39.7,117.15;41.07,117.01;
#37:
>0:32.42,112.68;32.65,113.48;34.16,114.53;32.57,114.58;31.95,115.7;
#38:
>0:32.24,115.34;31.25,115.81;
#39:
>0:40.44,117.0;38.02,115.65;36.54,115.0;35.43,115.16;32.53,113.75;
#40:
>0:40.53,117.05;39.91,117.07;
#41:
>0:40.24,116.55;40.81,116.8;40.96,116.99;
#42:
>0:31.85,114.6;32.5,114.98;33.69,116.01;34.2,115.73;35.64,115.23;34.46,115.53;36.02,115.9;38.21,116.47;38.38,116.33;39.68,116.84;
#43:
>0:35.2,114.4;35.73,115.3;
#44:
>0:30.92,116.05;32.24,115.36;35.09,114.34;
#45:
>0:34.9,114.83;36.02,115.26;37.78,115.25;
#46:
>0:34.24,114.15;35.85,114.93;37.84,115.2;
#47:
>0:39.85,116.05;39.66,115.58;37.85,115.62;41.05,116.46;
#48:
>0:39.71,116.44;40.04,116.24;40.17,116.47;40.01,116.92;
#49:
>0:39.96,117.15;41.22,116.89;
#50:
>0:40.23,117.08;39.86,116.81;40.97,116.59;
#51:
>0:32.29,112.87;33.16,113.58;35.27,114.13;38.21,114.78;
#52:
>0:38.07,116.04;36.73,115.21;
#53:
>0:30.83,114.58;32.0,114.47;
#54:
>0:36.45,113.73;34.87,114.85;32.99,114.53;35.39,116.19;
#55:
>0:33.35,116.35;30.95,115.48;33.3,114.18;34.92,113.56;32.56,112.85;
#56:
>0:30.86,114.82;30.84,115.22;
#57:
>0:33.97,114.71;33.08,113.55;31.27,113.81;
#58:
>0:35.59,114.96;37.98,114.56;37.45,113.93;37.99,112.83;
#59:
>0:39.96,116.94;40.55,116.78;40.61,116.63;
#60:
>0:40.45,117.0;40.03,116.53;40.68,116.65;
#61:
>0:33.13,114.12;32.34,115.12;33.36,116.05;
#62:
>0:40.37,116.9;39.19,116.23;39.73,115.0;38.96,115.99;41.03,116.41;39.96,115.91;39.86,116.7;39.25,115.88;39.26,115.24;40.27,116.13;
#63:
>0:40.28,116.87;40.44,116.49;
#64:
>0:41.19,116.95;40.35,117.05;
#65:
>0:30.87,114.69;30.77,114.12;
#66:
>0:40.94,117.3;41.01,117.02;
#67:
>0:32.41,112.98;35.18,112.71;35.33,113.56;35.72,113.51;39.69,113.86;
#68:
>0:41.2,116.85;40.48,116.65;40.14,116.93;
#69:
>0:40.28,116.59;41.2,116.52;
#70:
>0:37.22,113.27;37.26,113.62;36.15,114.71;33.38,114.7;
#71:
>0:39.81,116.76;39.72,117.01;40.27,116.9;
#72:
>0:40.88,116.96;39.6,117.06;
#73:
>0:40.33,117.1;39.69,116.43;
#74:
>0:38.27,115.83;39.26,114.97;39.46,114.75;39.23,113.82;38.91,113.02;
#75:
>0:34.87,114.41;36.76,114.83;38.73,114.62;40.2,114.17;
#76:
>0:37.41,116.15;37.01,116.73;34.69,117.16;33.44,116.88;31.81,116.85;
#77:
>0:41.08,116.94;38.88,116.22;40.52,116.95;40.33,116.47;
#78:
>0:40.72,116.48;39.76,116.79;
#79:
>0:40.52,116.85;40.34,115.87;40.73,117.07;39.0,116.08;40.92,116.58;39.23,116.3;38.79,115.79;
#80:
>0:39.14,116.04;39.87,114.96;38.56,115.55;41.24,116.59;
#81:
>0:40.31,116.61;40.57,116.67;
#82:
>0:40.27,116.81;40.06,116.45;41.21,116.92;
#83:
>0:37.13,113.36;39.31,114.83;
#84:
>0:38.39,112.96;37.14,113.71;35.87,114.86;33.37,113.14;
#85:
>0:34.25,114.6;36.66,114.64;38.31,114.3;39.73,114.38;
#86:
>0:40.55,116.45;40.02,116.77;
#87:
>0:32.88,114.58;32.26,115.27;35.22,116.31;35.64,115.53;39.6,113.37;
#88:
>0:40.65,116.93;40.96,117.07;
#89:
>0:39.86,116.63;41.09,117.03;
#90:
>0:39.89,116.72;40.09,116.65;
#91:
>0:33.63,114.24;34.45,113.73;35.88,112.68;
#92:
>0:33.57,112.85;34.34,114.03;
#93:
>0:40.2,116.86;40.97,117.15;
#94:
>0:41.11,116.91;40.91,116.72;
#95:
>0:32.83,114.2;34.56,113.83;36.14,112.84;
#96:
>0:40.54,117.14;39.93,117.08;
#97:
>0:38.7,115.12;40.42,114.83;
#98:
>0:33.89,112.89;36.04,113.97;37.61,114.18;39.77,115.15;
#99:
>0:30.58,116.6;31.89,116.05;31.83,115.49;30.66,114.6;31.65,113.67;
#100:
>0:40.33,116.96;40.99,116.44;
#101:
>0:34.87,114.74;32.96,113.74;30.53,113.72;
#102:
>0:40.43,117.13;40.24,116.53;40.21,116.68;
#103:
>0:39.8,116.69;40.97,116.82;
#104:
>0:37.6,114.79;39.38,115.41;
#105:
>0:33.63,113.5;34.7,114.3;35.62,115.09;37.23,115.88;39.83,116.82;
#106:
>0:41.05,116.77;40.45,116.44;
#107:
>0:40.2,117.03;39.66,117.11;
#108:
>0:40.64,116.69;40.77,116.75;
#109:
>0:39.9,116.79;40.06,117.09;
#110:
>0:39.46,115.16;37.58,115.5;
#111:
>0:41.15,116.75;40.98,116.69;40.17,117.07;
#112:
>0:37.79,115.83;36.77,116.96;36.45,115.91;32.62,116.4;
#113:
>0:30.66,112.76;32.5,112.56;33.43,113.41;33.89,114.26;38.31,114.35;
#114:
>0:31.49,116.14;33.22,115.17;34.37,115.27;36.68,115.19;38.25,115.28;
#115:
>0:35.83,116.19;38.45,117.07;
#116:
>0:41.05,117.03;40.24,116.08;40.39,116.99;41.12,117.13;
#117:
>0:40.62,116.7;40.7,117.08;
#118:
>0:33.56,115.33;32.77,114.3;
#119:
>0:39.47,113.23;37.44,113.13;37.54,113.66;38.66,115.16;
#120:
>0:40.07,117.17;40.17,116.0;
#121:
>0:40.76,117.55;40.26,116.29;40.71,117.05;40.49,116.88;
#122:
>0:40.83,116.88;39.77,116.58;40.89,116.85;
#123:
>0:40.18,112.64;38.04,113.02;39.06,114.09;37.05,115.64;
#124:
>0:31.78,114.37;32.62,113.75;34.94,112.9;37.03,113.21;37.54,113.18;40.34,112.96;
#125:
>0:36.9,115.08;34.83,116.38;35.3,116.45;
#126:
>0:40.62,117.14;39.16,115.84;40.17,116.56;38.81,115.82;39.72,116.75;39.82,116.36;41.16,116.87;38.8,115.98;39.75,115.74;
#127:
>0:40.01,117.03;38.88,115.65;40.91,116.96;40.47,116.49;
#128:
>0:41.07,116.94;41.22,116.79;40.42,116.93;
#129:
>0:34.45,115.21;36.34,114.68;36.29,113.78;39.99,113.41;
#130:
>0:40.44,116.79;41.12,116.74;39.86,116.54;
#131:
>0:32.37,113.13;35.36,114.06;32.73,113.46;31.53,114.64;34.53,116.28;
#132:
>0:34.06,117.06;35.76,116.08;
#133:
>0:30.57,114.79;30.59,114.42;
#134:
>0:40.9,116.58;39.98,116.8;
#135:
>0:31.09,112.77;33.77,112.89;34.95,113.09;36.54,113.77;
#136:
>0:37.91,114.37;36.19,115.04;34.68,115.81;34.88,117.18;
#137:
>0:40.41,116.97;40.41,116.74;
#138:
>0:34.44,116.08;33.91,116.7;
#139:
>0:34.58,116.54;36.65,115.82;38.66,116.37;38.85,115.91;
#140:
>0:31.22,116.05;32.69,115.41;34.93,116.09;37.0,115.55;38.45,116.05;40.96,116.88;
#141:
>0:39.78,117.06;40.78,117.02;
#142:
>0:40.76,116.76;39.87,117.0;
#143:
>0:39.81,116.68;40.45,116.9;
#144:
>0:39.98,116.42;40.52,116.68;40.84,116.61;
#145:
>0:32.54,113.06;32.62,113.72;35.2,114.14;32.71,114.63;34.53,115.74;
#146:
>0:39.9,117.05;39.9,115.88;40.19,117.11;40.66,117.13;
#147:
>0:39.61,116.49;38.16,117.1;36.52,116.11;34.75,116.4;33.47,115.98;30.96,116.41;
#148:
>0:40.71,116.46;40.02,116.43;41.09,116.76;
#149:
>0:33.95,114.24;36.95,114.96;
#150:
>0:39.78,116.42;40.56,116.85;
#151:
>0:31.73,115.05;33.81,116.05;34.94,117.16;
#152:
>0:39.14,115.17;38.6,115.11;36.26,114.69;35.41,114.55;33.77,115.33;31.98,115.42;
#153:
>0:40.23,115.73;38.77,115.25;37.27,115.07;40.33,116.45;
#154:
>0:39.94,116.4;40.23,115.03;37.48,115.1;36.81,114.17;32.5,112.7;
#155:
>0:37.43,115.76;35.84,115.4;
#156:
>0:39.09,115.03;37.5,115.23;36.57,114.29;35.89,113.56;34.38,113.95;31.27,113.17;
#157:
>0:38.28,113.62;37.69,113.6;
#158:
>0:33.89,116.07;32.58,115.86;33.57,115.28;35.16,114.12;31.73,113.29;
#159:
>0:40.81,116.93;40.64,116.77;
#160:
>0:40.96,116.78;40.64,116.58;
#161:
>0:32.09,113.0;32.19,113.43;32.97,114.59;
#162:
>0:40.88,116.58;39.9,117.06;
#163:
>0:31.33,114.44;33.3,113.48;35.27,112.73;37.08,112.8;37.73,113.0;40.02,113.2;
#164:
>0:39.96,116.5;41.11,116.61;41.21,117.08;
#165:
>0:39.92,116.43;39.67,116.67;
#166:
>0:40.05,116.79;40.34,116.05;40.29,116.48;40.66,116.98;
#167:
>0:38.63,114.62;36.85,115.2;33.86,115.14;33.68,116.04;
#168:
>0:39.79,117.01;40.12,116.49;
#169:
>0:40.55,117.1;41.02,116.93;
#170:
>0:37.56,115.68;38.81,115.27;39.09,114.29;
#171:
>0:35.72,113.86;34.19,114.12;33.01,115.25;32.11,114.97;
#172:
>0:37.29,115.85;38.46,117.05;
#173:
>0:33.32,114.98;34.2,115.96;36.1,115.17;38.58,115.99;40.78,116.59;
#174:
>0:41.17,117.12;40.85,116.96;
#175:
>0:38.08,113.44;37.04,113.59;34.5,114.65;33.76,115.42;31.42,117.03;
#176:
>0:39.64,116.77;41.14,116.73;
#177:
>0:39.72,116.44;40.44,116.86;
#178:
>0:39.81,116.62;40.13,116.43;39.73,116.54;
#179:
>0:40.56,116.6;40.44,116.98;
#180:
>0:40.74,116.71;39.82,116.96;40.4,116.47;
#181:
>0:36.94,113.69;33.88,113.85;32.56,113.05;
#182:
>0:37.07,114.28;34.6,113.46;35.29,112.74;
#183:
>0:34.4,115.57;33.09,114.87;31.32,113.79;
#184:
>0:40.83,117.03;40.01,116.98;
#185:
>0:34.17,115.72;34.7,116.55;
#186:
>0:40.25,116.44;39.74,116.77;
#187:
>0:39.73,116.97;41.15,116.8;
#188:
>0:37.51,115.66;37.12,115.05;
#189:
>0:40.92,116.83;41.16,116.62;
#190:
>0:41.08,116.55;40.41,116.85;40.7,117.14;
#191:
>0:40.99,116.87;40.77,116.92;
#192:
>0:41.07,116.88;40.12,116.56;40.12,116.42;
#193:
>0:40.57,116.43;40.4,117.15;41.06,116.47;
#194:
>0:40.58,116.74;40.14,116.77;39.8,116.7;
#195:
>0:38.71,113.22;37.44,114.0;35.34,114.6;
#196:
>0:33.84,113.03;32.56,113.62;33.04,114.47;33.57,114.9;32.51,116.04;33.4,116.94;
#197:
>0:33.33,114.05;34.58,114.53;34.1,115.25;35.92,115.9;39.8,116.99;
#198:
>0:34.71,116.01;36.87,115.64;37.69,114.96;
#199:
>0:34.07,113.09;32.67,113.56;32.47,114.43;
#200:
>0:38.0,114.67;37.56,113.36;35.85,112.94;
#201:
>0:38.42,116.39;35.73,117.12;
#202:
>0:40.38,117.17;39.96,117.16;
#203:
>0:40.39,116.96;39.68,116.83;
#204:
>0:34.2,113.83;32.47,114.16;
#205:
>0:40.65,116.51;39.83,116.78;40.96,117.07;
#206:
>0:39.87,116.65;40.41,117.02;40.07,116.65;
#207:
>0:38.98,113.72;37.8,112.57;38.28,113.97;35.46,113.37;
#208:
>0:40.52,116.75;40.25,116.2;39.27,116.33;
#209:
>0:40.75,117.07;40.21,117.08;
#210:
>0:38.5,116.97;36.37,115.77;40.14,115.58;
#211:
>0:36.39,113.08;37.54,114.09;
#212:
>0:33.48,115.46;33.97,115.87;35.94,115.49;38.12,114.78;39.24,114.28;
#213:
>0:39.64,116.86;39.88,116.0;39.07,115.6;37.81,114.97;40.56,117.09;
#214:
>0:40.92,117.18;41.15,116.47;
#215:
>0:34.59,114.38;34.54,115.35;35.7,114.88;40.41,113.49;
#216:
>0:35.66,113.42;38.57,112.81;39.95,113.24;
#217:
>0:39.87,116.43;39.69,116.83;
#218:
>0:40.47,116.71;39.7,117.06;41.22,117.02;
#219:
>0:39.79,117.17;41.17,117.01;
#220:
>0:41.19,116.67;40.82,117.07;40.06,117.03;
#221:
>0:40.03,116.63;41.12,116.76;
#222:
>0:37.4,116.37;35.93,114.91;
#223:
>0:36.41,113.74;35.24,113.63;
#224:
>0:40.38,116.98;39.64,116.69;
#225:
>0:38.53,115.65;37.13,116.71;
#226:
>0:41.09,116.84;40.49,117.07;
#227:
>0:34.78,115.09;35.77,116.02;35.65,115.53;40.33,113.4;
#228:
>0:40.64,117.11;40.54,116.57;
#229:
>0:39.9,116.81;40.67,117.07;
#230:
>0:40.46,117.03;39.3,116.05;40.76,116.57;40.68,116.63;
#231:
>0:40.22,116.59;39.62,115.76;40.82,116.71;40.49,116.54;
#232:
>0:31.38,116.37;32.22,117.05;
#233:
>0:34.1,114.3;32.35,114.07;32.14,114.09;
#234:
>0:32.85,112.75;33.53,114.0;34.3,114.46;37.83,114.84;
#235:
>0:35.41,114.27;37.03,114.54;37.78,114.12;39.18,114.33;
#236:
>0:40.03,116.4;40.61,116.57;40.9,116.84;
#237:
>0:35.94,116.84;36.23,115.85;38.15,116.0;39.74,114.95;37.35,114.19;37.97,112.62;
#238:
>0:35.06,113.15;33.94,113.57;36.95,113.52;34.46,114.77;32.73,114.91;31.32,116.99;
#239:
>0:33.97,113.18;33.87,113.74;32.79,113.48;31.43,114.25;32.68,115.31;31.91,116.88;
#240:
>0:41.01,117.16;41.2,116.96;41.02,116.73;
#241:
>0:34.32,112.71;36.89,113.68;37.96,114.85;
#242:
>0:37.99,114.71;35.88,115.1;34.96,115.47;33.58,115.66;
#243:
>0:40.23,117.12;40.83,116.67;
#244:
>0:40.98,116.68;40.29,117.09;
#245:
>0:40.69,117.08;40.4,116.48;
#246:
>0:39.6,116.6;39.89,116.89;
#247:
>0:33.08,113.06;35.1,113.23;35.91,112.98;38.04,112.96;39.27,113.03;
#248:
>0:32.39,114.28;34.78,113.48;37.01,114.02;38.45,113.47;
#249:
>0:40.31,116.73;40.96,116.78;
#250:
>0:40.53,116.57;39.85,116.5;39.71,116.95;
#251:
>0:37.76,116.41;37.25,116.39;
#252:
>0:40.7,117.01;39.64,116.61;
#253:
>0:36.42,116.23;37.65,117.1;
#254:
>0:40.5,116.67;41.09,116.77;
#255:
>0:32.37,112.84;35.21,113.5;33.25,113.64;35.34,114.87;35.04,115.76;
#256:
>0:34.27,113.29;32.53,113.82;33.24,114.2;32.33,115.27;33.41,115.92;32.9,117.05;
#257:
>0:39.69,116.43;40.42,117.04;
#258:
>0:32.58,113.17;33.83,113.52;33.81,113.93;30.54,114.14;34.25,116.0;
#259:
>0:40.66,116.43;40.53,116.79;
#260:
>0:40.43,116.86;39.62,117.14;
#261:
>0:40.21,117.18;40.89,116.98;40.88,116.53;
#262:
>0:33.14,116.75;31.31,117.05;
#263:
>0:36.52,113.62;35.01,113.41;33.76,112.65;
#264:
>0:40.49,116.41;39.99,116.54;
#265:
>0:40.52,117.04;40.66,116.45;
#266:
>0:37.81,117.18;35.65,116.04;38.33,116.06;39.28,115.24;38.48,114.83;37.65,113.16;
#267:
>0:41.13,116.73;40.34,116.66;
#268:
>0:33.0,116.34;32.29,115.1;32.47,114.15;
#269:
>0:33.97,115.16;36.97,115.3;38.25,115.3;
#270:
>0:30.63,116.52;32.4,117.11;35.06,116.62;35.83,116.75;37.96,116.9;
#271:
>0:34.68,112.82;36.35,113.02;38.04,113.21;39.46,112.62;
#272:
>0:37.59,114.25;37.05,115.54;33.94,116.01;35.17,116.8;
#273:
>0:31.08,115.41;33.27,116.32;33.22,115.52;35.21,115.68;37.32,116.08;
#274:
>0:33.06,112.98;33.88,113.63;36.55,113.91;36.08,113.02;39.5,114.18;
#275:
>0:39.73,116.67;40.61,116.86;40.9,117.08;
#276:
>0:39.7,116.72;40.17,117.18;
#277:
>0:39.1,115.29;38.4,114.33;35.53,114.09;34.62,114.1;32.35,115.0;31.4,115.52;
#278:
>0:30.64,113.66;32.26,114.78;34.84,113.62;35.8,112.83;
#279:
>0:39.08,112.63;37.36,113.07;38.29,114.22;
#280:
>0:33.69,114.23;34.97,113.54;36.41,112.78;
#281:
>0:34.94,116.7;37.08,116.22;37.99,116.35;40.0,115.67;
#282:
>0:35.26,115.36;32.74,115.04;31.99,115.38;
#283:
>0:40.29,117.03;40.17,116.53;39.71,116.89;
#284:
>0:40.56,116.61;40.82,117.03;
#285:
>0:35.57,113.55;35.24,114.03;33.36,113.54;30.66,113.75;
#286:
>0:39.71,115.33;37.8,114.25;38.14,113.63;36.71,113.87;35.26,114.06;31.93,112.86;
#287:
>0:38.48,113.76;35.72,114.61;34.4,113.6;
#288:
>0:40.24,116.94;40.05,116.5;40.47,117.51;
#289:
>0:39.91,117.03;39.71,116.54;40.43,116.51;
#290:
>0:34.36,112.92;34.14,113.72;33.76,113.94;31.41,114.75;33.33,114.91;31.42,116.74;
#291:
>0:40.27,117.01;40.99,116.47;
#292:
>0:39.96,117.14;40.77,116.57;40.15,116.57;
#293:
>0:40.35,116.49;41.04,116.56;40.97,116.55;
#294:
>0:40.49,116.65;40.94,117.04;
#295:
>0:33.93,115.89;35.16,116.56;
#296:
>0:39.04,114.3;37.32,115.52;36.89,116.27;35.29,116.54;
#297:
>0:40.93,116.49;40.96,116.68;
#298:
>0:35.11,114.23;34.01,113.43;35.16,113.27;
#299:
>0:41.01,116.83;40.66,116.46;40.38,117.11;
#300:
>0:39.95,116.89;40.77,116.46;
#301:
>0:31.48,114.27;31.72,113.86;30.58,112.75;
#302:
>0:41.18,116.81;40.22,116.91;
#303:
>0:39.99,117.15;40.24,116.53;
#304:
>0:40.03,116.87;39.84,116.71;41.1,116.44;
#305:
>0:31.63,116.69;33.75,116.17;32.29,115.08;35.23,116.21;35.77,115.1;39.8,113.47;
#306:
>0:40.72,116.8;40.67,117.03;
#307:
>0:39.74,116.83;40.88,116.69;40.6,117.14;
#308:
>0:40.06,117.02;38.58,116.08;36.12,116.88;36.78,116.01;34.21,116.08;30.8,115.54;
#309:
>0:40.81,117.17;40.69,116.5;40.69,117.16;
#310:
>0:32.95,115.15;32.1,116.1;
#311:
>0:36.75,116.02;35.98,115.43;38.29,114.63;35.79,113.87;34.21,112.85;
#312:
>0:37.9,113.64;39.18,114.46;39.52,115.54;39.3,115.7;
#313:
>0:30.96,116.62;33.57,115.85;33.51,114.91;34.13,116.06;35.9,115.58;39.71,114.06;
#314:
>0:40.29,115.98;40.51,116.63;
#315:
>0:39.88,116.92;40.4,116.66;40.5,116.79;
#316:
>0:34.42,113.73;35.9,114.51;38.47,115.31;
#317:
>0:32.81,114.31;33.02,115.08;36.07,113.65;
#318:
>0:40.27,116.72;41.21,116.82;
#319:
>0:38.77,114.16;37.68,114.91;37.86,116.26;
#320:
>0:30.71,113.08;33.49,113.29;32.69,113.69;31.86,114.37;30.56,116.4;
#321:
>0:34.85,117.12;35.49,115.89;35.82,115.45;35.9,114.76;
#322:
>0:35.2,113.2;34.94,114.09;
#323:
>0:32.36,117.16;34.72,115.72;35.93,115.16;
#324:
>0:41.22,117.01;41.0,116.93;39.68,116.48;
#325:
>0:40.24,116.7;40.84,116.55;
#326:
>0:33.59,115.61;31.27,115.77;
#327:
>0:37.99,116.39;36.1,116.84;
#328:
>0:39.53,115.61;37.36,114.13;38.69,113.37;36.33,113.59;32.3,112.81;
#329:
>0:39.87,116.55;40.09,116.67;39.64,116.49;
#330:
>0:35.16,115.76;35.64,114.95;37.37,114.44;36.6,113.55;33.0,112.85;
#331:
>0:40.14,116.52;41.05,116.48;
#332:
>0:34.82,112.93;33.55,113.37;32.6,114.66;33.66,115.14;33.58,116.23;32.41,116.76;
#333:
>0:33.61,114.11;34.87,113.91;36.27,113.25;
#334:
>0:40.65,116.69;39.9,116.3;40.45,117.15;40.6,116.46;
#335:
>0:39.64,116.98;40.32,117.16;40.13,116.6;
#336:
>0:40.1,117.13;39.88,117.02;40.13,116.44;
#337:
>0:38.47,115.7;36.78,115.52;
#338:
>0:40.59,116.77;40.35,116.05;40.28,117.07;40.72,116.68;
#339:
>0:38.44,115.03;35.63,114.56;36.49,113.9;35.18,113.5;30.72,113.13;
#340:
>0:35.5,117.08;35.6,116.23;36.21,115.05;
#341:
>0:40.14,116.62;39.89,116.88;40.85,116.72;
#342:
>0:40.02,116.63;40.4,116.86;
#343:
>0:32.75,116.83;34.81,115.67;36.46,115.21;38.56,114.63;38.42,113.77;
#344:
>0:39.62,116.64;40.68,116.85;
#345:
>0:31.52,116.32;33.1,115.6;34.15,114.68;32.92,113.43;34.25,112.81;
#346:
>0:31.62,113.8;31.01,114.51;
#347:
>0:37.44,116.3;39.95,115.59;38.85,114.44;39.8,113.42;40.25,112.88;
#348:
>0:39.84,115.7;39.57,115.55;36.34,114.36;
#349:
>0:40.49,116.77;39.13,115.91;38.86,115.09;37.46,114.46;36.8,114.05;35.43,112.97;
#350:
>0:33.19,113.1;32.21,113.8;34.88,114.19;37.82,114.82;
#351:
>0:41.2,116.98;40.03,116.64;
#352:
>0:39.98,116.5;39.61,116.93;
#353:
>0:41.19,116.43;39.85,115.83;39.95,116.95;40.22,116.42;
#354:
>0:39.61,117.13;39.9,116.57;
#355:
>0:32.9,113.35;34.25,114.59;36.65,115.17;38.72,115.91;40.7,116.8;
#356:
>0:40.01,117.11;40.37,116.71;
#357:
>0:32.37,115.26;31.55,115.89;
#358:
>0:31.22,116.81;31.15,116.05;31.65,115.18;
#359:
>0:31.1,113.07;32.93,112.6;33.42,113.91;35.63,115.32;
#360:
>0:37.99,115.43;36.93,114.59;34.64,114.07;
#361:
>0:40.96,116.93;39.66,116.57;
#362:
>0:39.64,113.15;37.39,113.09;39.66,113.74;35.96,115.36;
#363:
>0:36.15,113.31;34.89,112.95;33.94,113.89;31.79,114.54;
#364:
>0:39.56,115.07;38.1,115.48;37.43,114.47;34.3,114.89;
#365:
>0:40.86,116.92;40.84,116.97;39.76,116.56;
#366:
>0:34.24,114.02;36.83,114.86;38.04,115.06;
#367:
>0:34.4,113.65;32.2,113.57;31.98,114.64;34.12,116.17;
#368:
>0:32.78,114.57;35.21,113.67;35.82,113.85;38.66,113.51;
#369:
>0:34.13,115.2;35.13,114.44;
#370:
>0:39.75,116.91;40.44,116.6;
#371:
>0:41.23,116.64;39.7,116.76;
#372:
>0:36.61,116.07;34.0,115.34;33.17,114.24;31.3,113.76;
#373:
>0:34.86,113.68;36.27,113.4;38.73,114.0;40.15,113.59;
#374:
>0:40.28,115.51;37.22,114.39;37.5,114.01;36.27,112.78;
#375:
>0:32.82,116.69;31.72,117.14;
#376:
>0:31.72,116.84;33.15,115.78;34.78,115.88;36.32,115.93;
#377:
>0:39.72,116.97;39.97,115.88;40.08,115.41;38.31,115.43;40.51,117.09;
#378:
>0:37.88,114.73;39.59,113.33;
#379:
>0:35.95,112.93;37.8,113.63;33.92,114.87;
#380:
>0:40.46,116.62;40.9,116.52;39.87,116.51;
#381:
>0:37.47,113.13;37.11,112.87;34.29,113.29;
#382:
>0:40.86,117.16;40.5,116.92;
#383:
>0:34.16,113.03;35.36,113.62;33.59,113.51;32.14,114.52;33.68,115.37;31.25,117.03;
#384:
>0:32.4,113.42;35.11,114.77;35.85,115.13;38.71,115.78;41.16,116.48;
#385:
>0:33.16,113.95;33.99,114.76;36.16,113.24;
#386:
>0:40.53,116.67;40.52,116.81;
#387:
>0:37.7,113.45;40.37,114.64;39.04,115.33;39.64,116.37;
#388:
>0:39.35,116.06;38.84,115.55;37.6,115.4;40.63,116.48;
#389:
>0:34.13,114.14;35.22,115.08;37.15,116.1;
#390:
>0:32.96,114.75;34.11,115.5;
#391:
>0:31.21,116.51;33.17,116.01;32.68,115.11;
#392:
>0:32.19,116.24;33.13,116.24;
#393:
>0:39.87,116.61;40.85,116.84;
#394:
>0:40.13,117.1;37.24,116.41;36.67,117.14;34.53,115.78;
#395:
>0:37.65,117.1;36.95,116.39;34.21,116.07;36.59,115.16;38.18,114.32;37.5,113.04;
#396:
>0:40.06,117.04;40.33,116.8;
#397:
>0:39.75,117.15;40.12,116.81;
#398:
>0:41.06,116.88;39.99,117.14;
#399:
>0:33.45,116.79;32.2,116.91;
#400:
>0:38.91,114.49;37.45,114.71;36.1,115.63;35.2,115.03;33.65,114.37;31.98,116.36;
#401:
>0:40.39,116.96;40.27,116.67;
#402:
>0:40.0,116.52;39.89,116.98;39.85,116.75;
#403:
>0:41.01,116.81;40.54,116.66;40.53,116.7;
#404:
>0:36.98,113.71;35.21,114.06;
#405:
>0:40.76,116.88;40.04,117.15;
#406:
>0:40.02,115.92;40.32,115.44;38.12,115.3;40.25,116.41;
#407:
>0:39.35,114.75;37.43,114.71;37.95,113.34;35.17,113.37;
