#0:
>0:40.48,116.62;40.02,116.97;
#1:
>0:36.76,116.19;34.72,115.71;32.76,115.37;
#2:
>0:40.27,116.8;39.62,117.17;
#3:
>0:40.91,116.7;39.78,116.47;
#4:
>0:39.82,117.13;40.48,116.87;
#5:
>0:36.76,115.3;36.61,114.41;
#6:
>0:33.56,112.61;31.02,114.05;31.93,114.45;32.59,114.8;32.15,116.3;
#7:
>0:39.68,116.64;40.39,116.43;
#8:
>0:39.8,116.84;39.76,116.71;
#9:
>0:36.34,114.48;38.36,113.9;
#10:
>0:40.7,116.46;40.85,116.46;
#11:
>0:39.64,116.81;37.23,115.77;40.78,117.12;
#12:
>0:39.74,117.07;40.36,115.68;40.83,116.61;41.06,116.53;
#13:
>0:40.73,116.8;39.84,116.85;
#14:
>0:39.88,116.68;37.17,116.15;41.14,116.95;
#15:
>0:40.43,116.83;41.07,116.66;
#16:
>0:40.37,116.14;39.6,116.93;40.12,116.11;41.13,116.73;39.61,117.13;
#17:
>0:37.7,113.58;37.7,114.82;
#18:
>0:34.34,116.79;35.63,115.79;37.57,115.08;39.22,115.0;37.14,113.92;
#19:
>0:40.22,116.46;39.63,116.16;40.01,116.54;
#20:
>0:39.2,116.34;39.95,115.74;
#21:
>0:38.58,116.18;36.86,115.59;34.05,114.77;33.22,113.88;31.44,112.99;
#22:
>0:38.95,115.68;39.62,116.44;
#23:
>0:31.15,114.05;33.64,113.92;35.28,114.18;36.8,115.17;37.42,115.99;39.45,115.78;
#24:
>0:34.33,113.08;36.98,112.57;37.06,113.94;39.83,113.84;
#25:
>0:40.74,116.44;40.24,116.07;39.72,116.76;
#26:
>0:39.21,116.24;38.87,115.86;
#27:
>0:35.26,112.88;36.39,114.04;
#28:
>0:41.13,116.43;38.82,116.0;39.93,116.55;41.04,116.47;
#29:
>0:39.87,113.88;38.73,114.27;37.1,115.05;35.07,116.33;32.83,115.26;
#30:
>0:40.93,116.89;41.23,116.8;
#31:
>0:40.89,116.75;40.78,116.58;
#32:
>0:40.27,116.92;39.68,117.03;
#33:
>0:33.0,115.38;34.41,114.6;
#34:
>0:36.49,113.23;35.23,113.76;32.38,114.34;31.01,115.47;
#35:
>0:40.53,116.9;40.24,116.03;41.15,117.04;40.71,116.92;
#36:
>0:39.8,116.65;40.07,116.3;40.75,116.64;
#37:
>0:39.86,116.66;40.46,116.55;
#38:
>0:40.28,114.34;37.52,115.62;36.55,116.2;35.05,116.78;32.59,117.09;31.44,116.91;
#39:
>0:40.67,116.96;37.7,116.09;39.62,116.87;
#40:
>0:38.95,116.14;40.42,116.81;
#41:
>0:39.7,116.81;39.56,115.97;40.0,116.7;40.68,117.17;
#42:
>0:40.57,116.97;40.11,116.63;
#43:
>0:34.8,114.31;34.88,113.85;35.68,114.37;40.29,114.85;
#44:
>0:33.51,115.65;35.04,115.14;35.08,114.77;36.42,114.85;37.36,113.03;
#45:
>0:37.3,112.9;36.14,113.77;35.3,113.93;36.53,114.12;36.85,115.43;35.72,116.88;
#46:
>0:30.96,114.34;31.82,114.14;
#47:
>0:39.63,116.96;38.71,115.78;40.52,116.52;
#48:
>0:40.43,116.77;39.01,115.9;40.17,116.46;
#49:
>0:40.06,116.66;41.11,116.44;
#50:
>0:40.11,116.88;39.81,116.7;
#51:
>0:34.49,114.31;35.67,114.79;37.94,114.76;40.0,114.02;
#52:
>0:40.71,116.91;40.72,117.28;
#53:
>0:40.76,117.1;37.66,116.11;39.93,116.88;
#54:
>0:40.07,117.08;39.12,115.77;40.77,116.91;
#55:
>0:41.19,117.09;40.18,116.91;
#56:
>0:36.19,114.06;35.13,114.86;32.34,115.2;31.76,116.07;31.38,116.69;
#57:
>0:31.34,115.68;31.42,115.62;35.1,114.17;
#58:
>0:40.69,116.71;39.98,117.13;
#59:
>0:33.98,116.83;32.67,116.02;32.51,114.91;33.17,114.81;33.71,114.09;32.93,113.23;
#60:
>0:40.05,116.75;40.39,116.75;
#61:
>0:40.69,116.99;40.1,115.94;40.16,116.67;
#62:
>0:40.57,117.02;40.65,117.0;
#63:
>0:40.81,116.84;37.57,115.74;39.87,116.84;
#64:
>0:39.84,117.11;38.29,116.04;39.87,116.79;
#65:
>0:40.98,117.03;40.93,116.83;
#66:
>0:37.73,112.92;35.47,113.98;
#67:
>0:39.65,116.46;37.6,115.7;40.88,117.09;
#68:
>0:39.62,116.23;40.01,116.03;
#69:
>0:37.48,116.93;36.44,117.17;33.91,116.63;33.39,116.66;30.97,117.1;
#70:
>0:40.66,116.58;39.88,116.59;
#71:
>0:41.05,116.66;40.05,117.16;
#72:
>0:40.28,116.53;37.61,116.31;41.19,116.76;
#73:
>0:40.36,116.47;40.32,116.62;
#74:
>0:37.83,113.56;37.05,114.77;35.56,115.16;
#75:
>0:33.35,115.14;35.36,116.26;
#76:
>0:40.49,116.8;39.97,116.0;41.04,116.97;
#77:
>0:41.06,116.66;39.01,115.92;37.88,115.14;39.43,115.55;40.23,114.75;39.76,112.97;
#78:
>0:31.26,114.86;33.42,114.36;30.7,115.64;35.02,116.46;
#79:
>0:39.61,116.92;37.91,115.7;40.12,117.16;
#80:
>0:40.51,116.78;38.7,116.25;40.23,117.17;
#81:
>0:39.78,116.56;41.24,117.01;
#82:
>0:31.88,113.44;31.62,114.47;31.48,114.98;30.72,116.39;31.42,116.65;
#83:
>0:34.76,115.21;35.32,114.56;34.56,113.45;34.68,113.16;
#84:
>0:40.11,117.07;37.46,116.1;40.8,116.88;
#85:
>0:41.18,116.54;38.53,116.25;40.13,116.43;
#86:
>0:36.75,113.01;38.05,113.7;
#87:
>0:39.25,115.79;38.4,116.25;35.77,117.12;39.66,117.06;
#88:
>0:31.55,117.12;33.46,116.09;33.82,115.64;34.38,114.37;36.5,114.72;39.3,112.66;
#89:
>0:38.93,115.87;38.82,115.93;
#90:
>0:36.2,114.66;37.34,113.84;
#91:
>0:37.81,116.82;40.04,117.02;38.96,116.15;38.11,115.08;38.2,113.44;
#92:
>0:35.8,113.58;35.69,113.73;
#93:
>0:39.92,116.84;38.11,115.66;40.07,116.87;
#94:
>0:41.09,116.77;40.39,116.73;
#95:
>0:39.96,116.84;39.34,116.29;40.49,116.54;39.97,117.06;
#96:
>0:37.5,113.3;38.38,112.79;
#97:
>0:30.61,114.39;31.66,113.35;32.49,113.01;
#98:
>0:40.75,116.87;40.16,116.45;
#99:
>0:39.61,116.91;40.17,116.52;
#100:
>0:41.13,116.47;39.84,117.12;
#101:
>0:36.01,114.83;34.55,115.3;33.5,115.74;31.96,116.48;
#102:
>0:31.68,113.1;32.98,113.07;34.73,113.99;34.08,114.29;35.36,116.17;
#103:
>0:39.85,116.89;40.12,116.8;
#104:
>0:40.2,116.44;39.72,116.51;
#105:
>0:39.48,114.94;37.9,115.66;36.83,116.94;35.17,116.14;35.3,115.54;31.54,115.58;
#106:
>0:40.17,116.69;37.39,116.2;40.64,117.16;
#107:
>0:40.87,116.96;39.97,116.87;
#108:
>0:41.02,117.03;38.57,115.81;40.09,116.55;
#109:
>0:40.07,116.89;40.05,116.61;
#110:
>0:36.1,114.81;34.94,115.32;32.69,116.28;
#111:
>0:41.06,117.16;40.89,116.52;
#112:
>0:41.1,116.89;40.53,116.74;
#113:
>0:41.15,116.6;39.92,116.66;
#114:
>0:39.73,116.68;40.79,116.48;
#115:
>0:39.76,116.59;40.16,116.97;
#116:
>0:39.08,116.34;39.25,116.26;
#117:
>0:34.89,113.55;33.97,114.6;36.16,114.78;35.21,115.65;
#118:
>0:41.02,117.05;40.29,116.18;
#119:
>0:37.23,115.88;39.93,114.94;
#120:
>0:41.09,117.18;41.0,116.76;
#121:
>0:40.39,116.99;37.26,116.39;40.88,117.17;
#122:
>0:39.15,115.6;38.67,114.86;36.81,113.8;34.3,112.79;33.09,113.73;30.71,112.77;
#123:
>0:39.87,116.95;37.17,115.93;35.53,115.19;36.62,114.23;36.79,113.54;35.88,113.28;
#124:
>0:34.36,117.04;33.08,116.26;33.17,115.62;32.22,114.16;32.72,113.63;33.36,112.6;
#125:
>0:40.24,116.8;41.1,116.55;
#126:
>0:40.41,117.15;38.8,115.77;40.27,116.75;
#127:
>0:31.38,115.68;33.58,115.4;35.31,114.49;37.01,114.74;37.24,112.75;
#128:
>0:31.28,114.54;32.06,114.49;
#129:
>0:35.93,116.03;34.67,116.2;32.73,115.28;
#130:
>0:40.11,116.9;37.62,116.11;39.97,116.43;
#131:
>0:40.13,116.57;38.21,115.92;39.75,116.77;
#132:
>0:40.12,116.76;39.66,117.13;
#133:
>0:40.68,116.78;41.21,116.51;
#134:
>0:40.68,116.52;41.05,116.45;
#135:
>0:39.78,116.51;40.08,115.94;40.52,116.99;
#136:
>0:40.82,116.69;40.86,116.67;
#137:
>0:36.84,116.14;34.3,115.3;34.64,114.47;36.37,113.61;
#138:
>0:40.08,117.16;41.2,116.93;
#139:
>0:40.1,117.18;39.73,116.93;
#140:
>0:38.22,112.64;35.79,113.52;
#141:
>0:32.61,112.93;33.0,113.56;32.72,114.32;30.93,114.91;32.96,116.07;33.31,117.12;
#142:
>0:36.82,117.12;36.54,116.29;
#143:
>0:31.25,114.01;33.41,114.05;35.01,114.59;36.76,114.27;
#144:
>0:41.05,116.92;40.26,117.1;
#145:
>0:41.19,116.94;39.61,116.82;
#146:
>0:34.19,112.88;32.46,112.96;
#147:
>0:41.09,116.63;38.44,115.94;41.02,116.96;
#148:
>0:40.71,116.64;39.62,116.18;40.65,116.95;40.35,115.71;39.02,115.89;
#149:
>0:39.9,114.9;38.28,116.12;36.37,116.93;34.78,115.79;34.98,115.17;32.06,115.46;
#150:
>0:35.14,113.17;32.34,113.34;33.95,114.72;36.74,114.46;34.08,116.24;
#151:
>0:40.56,116.94;39.63,116.71;
#152:
>0:39.94,117.07;38.17,115.7;41.05,116.7;
#153:
>0:30.93,115.39;33.79,114.58;34.46,114.83;35.95,113.6;
#154:
>0:40.98,116.86;39.0,116.11;
#155:
>0:34.58,113.27;36.01,112.77;36.12,113.48;39.59,113.43;
#156:
>0:38.15,116.01;39.82,114.97;
#157:
>0:32.07,117.08;32.77,115.82;34.37,115.18;33.73,114.92;34.76,113.66;
#158:
>0:40.67,116.59;38.77,116.11;40.3,116.5;41.19,116.45;
#159:
>0:39.98,116.78;39.41,116.34;40.86,116.44;40.45,116.9;
#160:
>0:37.08,114.09;34.5,113.52;35.32,114.45;35.89,115.47;39.92,116.52;
#161:
>0:39.78,116.72;40.83,116.8;
#162:
>0:40.54,116.66;39.97,116.92;
#163:
>0:40.28,117.15;39.93,116.76;
#164:
>0:32.12,113.42;32.45,113.15;34.49,113.75;37.01,112.78;
#165:
>0:39.79,115.99;38.94,116.02;
#166:
>0:39.9,117.07;40.56,117.03;
#167:
>0:32.72,113.25;31.93,113.83;31.82,114.77;31.51,115.13;
#168:
>0:36.4,116.25;37.19,116.39;
#169:
>0:41.15,116.46;40.0,117.16;
#170:
>0:38.59,112.73;37.72,112.88;
#171:
>0:40.66,116.69;38.84,116.36;39.7,116.42;
#172:
>0:40.2,116.81;39.89,116.9;
#173:
>0:39.96,116.44;41.19,116.68;
#174:
>0:40.31,116.45;40.37,116.61;
#175:
>0:39.57,116.01;40.48,116.87;
#176:
>0:38.19,116.71;35.51,117.01;35.24,116.26;35.38,114.3;
#177:
>0:34.96,112.69;36.37,112.88;35.77,113.84;39.56,113.56;
#178:
>0:31.65,114.51;32.69,114.28;32.0,115.22;35.19,116.44;
#179:
>0:40.42,116.81;39.38,115.87;40.89,117.04;39.89,116.62;
#180:
>0:40.25,116.63;40.46,116.6;
#181:
>0:35.71,112.76;34.06,113.44;34.32,114.43;36.7,115.05;35.46,115.93;37.23,116.78;
#182:
>0:31.72,113.05;32.2,113.39;31.91,114.45;33.38,114.62;32.33,116.35;
#183:
>0:39.82,117.16;37.36,116.1;40.16,116.93;
#184:
>0:39.8,116.79;40.55,116.89;
#185:
>0:40.94,116.74;40.31,116.62;
#186:
>0:40.7,116.76;39.84,117.03;
#187:
>0:41.24,116.61;41.07,117.09;
#188:
>0:38.61,112.75;37.45,113.4;38.09,114.36;37.3,115.06;38.3,115.95;38.34,116.83;
#189:
>0:39.86,116.89;40.32,116.76;
#190:
>0:39.97,116.97;37.26,116.3;39.72,116.49;
#191:
>0:37.13,115.74;36.45,116.42;
#192:
>0:40.71,117.09;40.07,116.48;
#193:
>0:40.98,116.45;39.77,116.72;
#194:
>0:37.44,112.75;36.76,113.85;34.64,113.38;36.58,114.54;34.68,115.87;
#195:
>0:36.25,115.61;34.06,115.94;33.65,115.62;
#196:
>0:39.76,116.51;40.67,116.69;
#197:
>0:30.6,115.7;30.67,115.24;33.68,115.84;34.78,116.76;36.44,117.16;39.91,117.14;
#198:
>0:37.46,113.15;35.86,113.98;36.83,112.65;34.89,112.98;30.68,113.56;
#199:
>0:37.7,115.88;36.03,116.51;
#200:
>0:40.41,117.07;40.67,116.79;
#201:
>0:39.72,116.45;39.82,116.32;
#202:
>0:34.7,117.09;33.69,116.34;
#203:
>0:37.26,115.25;35.56,115.06;35.01,115.68;32.83,115.14;
#204:
>0:40.09,117.16;40.54,116.63;
#205:
>0:39.89,115.92;38.77,116.23;
#206:
>0:39.7,116.86;40.65,116.81;
#207:
>0:39.65,117.21;40.39,116.89;
#208:
>0:40.5,116.83;39.44,116.05;40.66,116.84;
#209:
>0:40.5,117.11;40.96,116.8;
#210:
>0:34.98,116.91;35.88,116.06;37.2,114.95;38.56,114.82;37.68,113.7;
#211:
>0:41.15,117.06;40.7,116.51;
#212:
>0:36.12,113.67;35.35,114.64;32.54,114.12;
#213:
>0:32.36,113.47;31.16,114.64;33.56,114.86;32.8,116.11;
#214:
>0:31.73,112.65;30.6,113.7;33.07,113.96;34.99,114.51;34.46,116.38;
#215:
>0:41.24,117.06;38.32,116.41;40.21,116.87;
#216:
>0:38.97,115.67;40.39,115.94;
#217:
>0:40.34,114.07;38.72,114.49;36.78,115.02;34.55,115.67;33.72,116.28;
#218:
>0:39.94,116.48;40.87,116.41;
#219:
>0:39.92,116.68;39.83,117.13;
#220:
>0:40.33,116.51;38.38,116.12;41.13,116.71;
#221:
>0:40.84,116.92;39.36,116.27;40.9,116.51;
#222:
>0:33.55,116.68;33.66,115.74;35.22,115.01;34.12,114.17;35.21,113.66;34.98,112.82;
#223:
>0:40.35,116.51;40.0,116.95;
#224:
>0:37.43,113.11;36.47,113.8;35.39,113.34;36.82,115.46;
#225:
>0:38.78,115.74;40.99,116.66;37.28,116.38;40.98,116.42;
#226:
>0:40.49,116.85;40.63,116.55;
#227:
>0:40.07,117.13;38.79,115.77;39.78,116.9;
#228:
>0:35.31,117.06;36.35,116.2;36.59,115.36;
#229:
>0:40.67,116.94;40.94,116.55;
#230:
>0:40.1,116.57;39.7,116.99;
#231:
>0:39.73,116.28;39.65,115.81;
#232:
>0:36.84,114.83;37.65,113.55;
#233:
>0:39.83,117.02;40.8,116.52;
#234:
>0:40.01,116.98;40.48,116.77;
#235:
>0:40.2,117.05;41.22,117.17;
#236:
>0:32.37,112.6;35.22,113.66;36.3,114.27;37.29,115.2;
#237:
>0:39.74,116.66;40.24,116.83;
#238:
>0:33.41,114.15;33.99,114.36;35.66,114.24;
#239:
>0:41.17,116.79;38.5,115.99;39.89,116.93;
#240:
>0:40.88,116.48;39.72,116.96;
#241:
>0:38.42,116.1;36.54,116.44;
#242:
>0:30.78,113.37;32.62,113.58;34.62,114.1;35.67,115.0;37.45,115.76;40.27,116.41;
#243:
>0:41.13,117.11;40.12,116.99;
#244:
>0:30.95,115.13;32.5,116.37;34.23,114.9;36.05,116.2;37.24,115.24;40.18,116.9;
#245:
>0:36.11,116.19;37.58,115.13;38.95,115.6;39.37,114.18;38.51,113.26;
#246:
>0:41.01,117.17;37.83,116.14;39.65,117.05;
#247:
>0:41.03,116.84;40.25,116.96;
#248:
>0:31.3,116.29;31.58,115.21;32.31,116.35;34.84,116.7;36.5,116.22;39.1,115.57;
#249:
>0:41.09,116.74;39.71,115.9;39.63,116.9;39.7,116.65;
#250:
>0:34.9,114.0;36.97,114.52;37.31,114.98;
#251:
>0:40.14,116.86;40.87,116.91;
#252:
>0:40.06,117.09;39.97,116.91;
#253:
>0:40.97,117.05;37.19,116.02;40.54,117.04;
#254:
>0:41.07,116.54;39.69,115.98;40.37,116.98;
#255:
>0:34.81,115.85;33.89,114.89;34.66,114.79;
#256:
>0:33.31,114.02;32.97,114.32;30.55,115.13;33.22,115.71;32.6,116.67;
#257:
>0:34.41,116.87;35.47,116.28;
#258:
>0:40.11,117.12;39.9,115.97;39.87,117.0;
#259:
>0:31.67,116.04;32.94,115.04;34.64,115.53;36.65,116.39;38.76,114.88;40.14,117.06;
#260:
>0:40.58,116.56;40.07,117.05;
#261:
>0:39.95,117.06;38.03,116.14;39.95,117.17;
#262:
>0:40.45,116.73;39.64,116.91;
#263:
>0:41.1,116.79;39.99,117.15;
#264:
>0:38.61,117.0;40.81,117.01;40.08,116.31;37.19,115.45;37.18,113.91;
#265:
>0:39.19,114.5;40.28,114.62;
#266:
>0:41.03,116.78;41.15,116.86;
#267:
>0:39.76,116.26;39.1,116.12;
#268:
>0:39.78,116.83;40.62,116.5;
#269:
>0:40.37,117.0;38.35,115.64;41.22,116.71;
#270:
>0:40.09,116.47;40.76,116.88;
#271:
>0:39.94,116.24;40.31,116.42;
#272:
>0:40.23,116.89;39.9,116.63;
#273:
>0:35.16,115.72;35.33,115.49;31.15,115.13;
#274:
>0:40.45,117.03;39.98,116.69;
#275:
>0:34.88,114.19;36.83,114.15;38.75,113.92;39.77,113.97;
#276:
>0:36.42,115.16;35.35,115.97;33.23,115.08;
#277:
>0:41.1,117.17;40.32,117.07;
#278:
>0:37.93,117.08;35.64,117.09;34.05,116.25;34.15,114.67;
#279:
>0:41.07,117.15;37.79,116.12;41.17,116.79;
#280:
>0:40.15,117.03;40.68,116.43;
#281:
>0:39.9,116.6;39.95,116.98;
#282:
>0:39.85,116.55;39.32,116.37;38.63,115.1;40.4,114.7;
#283:
>0:40.89,117.16;39.29,116.35;40.9,117.33;
#284:
>0:41.19,117.02;40.37,116.55;
#285:
>0:40.59,116.76;38.06,115.76;39.9,116.44;
#286:
>0:36.53,115.11;38.11,115.69;
#287:
>0:37.35,117.05;35.99,116.11;34.65,115.44;33.65,114.1;30.55,114.59;31.27,112.96;
#288:
>0:40.16,116.86;40.04,116.57;
#289:
>0:40.07,116.66;40.01,115.8;40.79,116.5;
#290:
>0:40.53,116.91;40.64,116.84;
#291:
>0:40.59,116.94;40.54,116.43;
#292:
>0:30.9,116.99;32.9,115.86;34.62,114.89;34.95,114.37;36.81,114.69;38.98,112.93;
#293:
>0:40.95,117.09;39.68,116.64;
#294:
>0:40.16,116.47;39.27,116.31;40.97,117.07;39.92,116.52;
#295:
>0:40.17,116.8;38.77,115.66;40.02,116.94;
#296:
>0:39.76,116.5;40.21,115.91;40.45,116.79;40.16,116.4;38.58,115.94;36.36,116.85;34.35,116.05;34.72,115.21;33.53,115.52;34.9,115.0;33.47,115.07;30.77,114.93;32.75,114.65;30.85,115.62;31.83,114.21;
#297:
>0:40.13,116.36;40.29,117.05;
#298:
>0:41.06,116.93;38.88,116.11;40.42,116.54;40.98,116.88;
#299:
>0:40.8,116.94;39.67,117.18;
#300:
>0:41.17,116.43;40.65,117.0;
#301:
>0:40.69,116.65;40.67,116.94;
#302:
>0:34.86,115.26;36.48,115.39;
#303:
>0:31.35,116.59;32.78,115.67;34.51,115.16;35.92,115.42;
#304:
>0:34.09,114.34;36.71,114.86;37.74,113.45;39.49,113.61;
#305:
>0:38.97,114.3;38.19,115.0;35.7,115.29;
#306:
>0:40.06,116.83;41.03,116.42;
#307:
>0:36.43,116.26;37.97,115.47;39.89,115.33;39.74,114.64;38.04,113.01;
#308:
>0:39.64,116.82;37.2,115.94;36.5,115.59;36.2,114.76;35.96,113.63;36.61,113.09;
#309:
>0:40.26,116.03;38.41,116.89;40.19,116.49;40.68,116.63;
#310:
>0:40.31,115.07;38.21,114.12;
#311:
>0:35.68,114.32;37.08,114.98;
#312:
>0:40.28,114.96;38.45,116.27;36.42,117.02;34.28,116.19;32.29,115.94;
#313:
>0:39.94,115.34;38.45,115.51;37.54,114.19;39.67,113.33;
#314:
>0:40.48,116.45;40.22,116.36;40.64,117.07;
#315:
>0:37.41,113.05;37.98,112.96;
#316:
>0:40.4,116.46;38.17,115.96;39.85,117.03;
#317:
>0:40.91,117.07;40.09,116.76;
#318:
>0:39.91,113.24;38.22,113.57;37.07,114.52;33.85,114.88;33.3,116.11;30.94,116.5;
#319:
>0:31.05,116.9;32.21,116.11;33.83,115.23;37.05,115.21;
#320:
>0:37.95,112.93;37.13,113.7;37.51,114.21;38.04,115.42;38.41,116.09;37.37,117.11;
#321:
>0:35.99,113.92;36.75,113.6;
#322:
>0:40.59,116.44;40.34,116.77;
#323:
>0:39.65,117.09;40.33,116.73;
#324:
>0:41.14,116.44;39.13,115.82;
#325:
>0:40.32,116.56;40.17,116.07;39.87,116.46;
#326:
>0:33.92,116.62;32.62,116.27;32.78,115.09;32.26,114.1;32.83,113.7;32.78,113.07;
#327:
>0:32.49,115.16;34.17,115.64;
#328:
>0:36.55,114.5;33.97,115.09;33.57,116.23;30.57,116.88;
#329:
>0:36.25,116.84;34.61,116.22;32.67,115.87;
#330:
>0:34.79,112.83;36.23,113.06;35.83,113.72;39.0,113.91;
#331:
>0:40.34,116.86;37.58,115.75;39.83,116.63;
#332:
>0:39.4,115.99;38.8,116.15;
#333:
>0:34.97,117.15;35.38,116.02;
#334:
>0:34.83,112.87;35.59,112.58;34.01,114.43;
#335:
>0:40.77,116.47;40.62,116.9;
#336:
>0:40.61,117.07;39.93,116.79;
#337:
>0:36.67,115.49;35.5,114.18;
#338:
>0:36.77,113.36;34.19,114.85;32.28,115.14;31.45,116.19;32.0,117.16;
#339:
>0:34.16,116.52;37.09,116.21;38.23,115.1;40.08,114.54;
#340:
>0:41.04,116.73;40.94,116.53;
#341:
>0:35.99,115.89;37.88,116.38;
#342:
>0:41.2,116.96;39.77,116.25;
#343:
>0:41.18,116.49;40.01,115.99;40.86,117.03;39.92,116.62;
#344:
>0:40.64,117.03;39.67,116.33;40.9,116.9;40.21,116.64;
#345:
>0:40.87,116.99;40.32,117.11;
#346:
>0:40.34,116.54;38.18,115.93;39.63,116.7;
#347:
>0:36.36,116.59;37.25,116.07;38.54,114.91;40.16,114.81;
#348:
>0:40.88,116.85;40.78,117.08;
#349:
>0:37.12,114.05;36.18,113.67;
#350:
>0:41.22,116.54;41.0,116.45;
#351:
>0:40.72,116.84;39.89,116.77;
#352:
>0:40.9,116.67;40.11,116.31;41.2,116.96;41.23,116.71;
#353:
>0:40.82,117.05;40.81,116.94;
#354:
>0:40.82,116.89;41.16,116.64;
#355:
>0:40.9,116.74;38.53,116.37;41.07,116.96;
#356:
>0:37.2,113.35;37.82,114.41;37.33,115.4;37.29,115.68;38.56,116.87;
#357:
>0:37.3,113.83;38.21,114.62;38.47,115.29;39.96,116.11;38.53,116.49;
#358:
>0:40.32,116.48;41.21,116.49;
#359:
>0:41.17,116.89;39.81,116.64;
#360:
>0:40.5,116.7;38.95,115.71;40.43,116.59;38.95,116.24;39.33,116.38;
#361:
>0:32.08,116.69;33.13,116.17;31.96,114.88;35.01,114.41;
#362:
>0:40.16,116.45;40.19,116.81;
#363:
>0:40.37,117.01;40.59,116.61;
#364:
>0:31.9,115.71;31.83,115.2;32.88,116.0;35.13,117.0;37.0,116.35;40.69,116.71;
#365:
>0:40.38,117.07;37.43,116.06;40.75,116.63;
#366:
>0:40.35,117.05;38.44,116.23;40.36,117.06;
#367:
>0:33.51,113.8;31.2,114.79;33.71,114.35;32.66,116.26;
#368:
>0:40.74,117.11;40.31,116.57;
#369:
>0:40.37,113.69;37.61,114.64;36.99,115.25;34.17,115.99;33.16,115.42;
#370:
>0:33.23,114.04;34.23,114.63;35.91,115.04;37.43,116.35;39.06,115.9;
#371:
>0:37.65,116.7;37.11,116.45;36.06,115.39;
#372:
>0:40.92,116.99;39.35,115.72;37.52,116.23;36.91,116.72;33.87,115.98;34.35,115.54;36.44,115.65;34.76,115.76;36.54,116.99;34.72,115.94;35.44,114.94;35.83,115.68;34.43,116.16;34.99,115.04;31.49,114.64;
#373:
>0:40.95,116.66;40.8,116.88;
#374:
>0:40.97,116.82;40.49,117.16;
#375:
>0:39.83,116.5;40.63,116.94;
#376:
>0:39.15,116.29;40.6,116.81;41.02,116.97;
#377:
>0:31.15,113.2;33.79,113.91;33.73,114.14;31.28,115.18;33.81,116.17;32.91,116.6;
#378:
>0:40.56,116.85;40.74,117.07;
#379:
>0:37.85,114.62;36.06,115.01;35.44,116.05;35.02,115.48;31.59,115.12;
#380:
>0:32.62,114.82;32.88,114.99;35.18,115.27;36.28,116.08;39.32,114.95;
#381:
>0:39.62,117.11;39.23,115.91;40.44,116.52;40.58,116.99;
#382:
>0:39.87,116.73;39.86,116.65;
#383:
>0:40.38,116.96;40.5,116.77;
#384:
>0:37.37,116.06;35.51,116.92;
#385:
>0:38.38,113.17;38.68,113.7;38.49,114.21;37.23,115.23;37.14,116.09;37.97,116.67;
#386:
>0:32.79,113.9;32.11,114.67;32.48,114.65;32.33,116.18;
#387:
>0:38.6,112.97;37.48,113.7;38.49,114.53;
#388:
>0:30.55,115.67;30.59,115.24;34.31,114.33;
#389:
>0:40.72,116.99;39.78,116.89;
#390:
>0:39.65,116.72;40.22,116.51;
#391:
>0:39.8,117.11;40.96,116.87;
#392:
>0:39.61,117.08;38.74,115.85;40.81,116.5;
#393:
>0:36.35,115.58;36.07,114.16;
#394:
>0:40.52,116.71;41.02,117.1;
#395:
>0:39.35,113.78;37.51,114.54;36.43,115.48;34.07,116.02;32.18,115.66;31.41,116.08;
#396:
>0:34.23,115.99;34.02,115.51;33.32,114.31;34.63,114.08;
#397:
>0:40.92,117.16;41.05,116.44;
#398:
>0:40.69,117.04;41.07,116.79;
#399:
>0:30.54,114.11;33.67,114.87;35.07,113.85;
#400:
>0:41.03,117.04;37.13,115.69;40.67,116.79;
#401:
>0:39.76,116.92;40.77,116.5;
#402:
>0:38.59,113.3;36.05,113.81;34.54,113.68;36.47,115.08;
#403:
>0:40.21,116.77;39.7,116.69;
#404:
>0:39.63,116.56;39.08,115.69;40.21,116.43;40.07,117.09;
#405:
>0:40.29,116.56;37.25,116.92;36.64,116.85;34.8,116.22;33.13,115.04;
#406:
>0:41.17,116.67;39.81,116.22;40.58,116.82;
#407:
>0:39.47,116.06;40.55,116.99;40.59,116.63;
