#0:
>0:39.94,117.46;39.79,117.58;39.96,116.45;
#1:
>0:39.93,118.02;39.94,118.32;
#2:
>0:39.7,118.16;39.68,118.19;
#3:
>0:39.65,118.44;39.75,117.85;39.86,118.66;
#4:
>0:39.52,117.28;39.64,117.83;39.53,118.22;39.75,118.61;
#5:
>0:39.91,118.49;39.9,118.07;39.81,117.67;39.83,117.35;39.85,116.76;
#6:
>0:39.57,116.35;39.7,117.06;39.83,117.03;
#7:
>0:39.44,117.86;39.41,117.1;39.6,116.88;
#8:
>0:39.64,116.77;39.69,116.88;
#9:
>0:39.49,116.49;39.46,116.79;39.56,117.15;39.49,117.81;
#10:
>0:39.71,118.15;39.59,118.3;
