#0:
>0:39.96,116.69;39.88,117.07;39.84,116.92;39.98,117.79;
#1:
>0:39.42,118.32;39.45,118.4;39.66,118.44;
#2:
>0:39.83,118.35;39.96,118.18;39.9,117.62;39.95,117.35;39.88,117.08;
#3:
>0:39.97,118.36;39.83,118.12;39.76,118.58;39.65,118.47;39.52,118.3;
#4:
>0:39.4,117.37;39.53,117.62;39.58,117.92;39.72,118.34;39.79,118.42;
#5:
>0:39.61,117.71;39.82,118.42;39.85,118.52;
#6:
>0:39.74,118.63;39.78,117.99;39.68,117.82;39.62,117.31;39.73,117.25;39.72,116.39;
#7:
>0:39.48,117.7;39.41,118.02;
#8:
>0:39.67,116.45;39.57,116.52;39.7,117.33;
#9:
>0:39.6,117.2;39.67,117.69;39.71,118.34;
#10:
>0:39.8,117.53;39.7,117.77;39.65,117.2;39.55,117.01;
