#0:
>0:39.67,118.61;39.64,118.53;39.5,117.94;
#1:
>0:39.8,117.84;39.8,117.24;39.88,117.12;39.93,116.8;
#2:
>0:39.37,116.97;39.53,117.48;39.54,117.79;
#3:
>0:39.58,117.59;39.58,117.28;
#4:
>0:39.89,117.26;39.83,117.62;39.67,117.59;39.7,117.96;39.53,118.1;
#5:
>0:39.83,117.85;39.93,117.17;39.96,116.87;39.96,116.64;
#6:
>0:39.51,117.47;39.63,116.71;39.59,117.34;39.79,117.85;
#7:
>0:39.43,116.35;39.55,116.58;39.66,116.38;39.73,116.53;39.82,116.73;40.07,116.44;
#8:
>0:39.5,117.68;39.58,117.54;39.7,117.61;
#9:
>0:39.6,118.91;39.72,118.19;39.7,117.79;39.86,117.52;39.9,116.99;
#10:
>0:39.93,117.31;39.79,117.81;39.78,117.98;39.73,118.49;39.45,118.18;
