#0:
>0:39.44,118.16;39.51,117.82;39.63,117.31;39.69,117.06;39.86,116.43;
#1:
>0:39.36,117.96;39.45,118.08;39.48,117.31;
#2:
>0:39.42,116.56;39.37,117.04;39.48,116.66;39.66,117.4;
#3:
>0:39.86,118.51;39.67,118.56;
#4:
>0:39.77,117.33;39.83,117.64;39.74,118.36;39.54,118.58;39.37,118.55;
#5:
>0:39.84,118.12;39.81,118.17;
#6:
>0:39.9,118.11;39.78,117.87;39.83,118.07;39.65,117.68;39.54,117.69;
#7:
>0:39.48,116.77;39.58,117.25;39.72,117.37;
#8:
>0:39.62,116.32;39.64,116.74;39.68,117.4;39.78,117.72;39.72,118.55;
#9:
>0:39.87,116.72;39.73,116.36;39.6,116.91;39.52,117.21;
#10:
>0:39.57,116.53;39.5,116.76;39.37,116.92;39.42,117.68;
