#0:
>0:42.6,118.9;42.39,119.95;41.72,121.04;40.69,123.34;40.16,123.84;
#1:
>0:42.51,122.53;43.87,125.01;
#2:
>0:41.43,120.77;40.61,120.13;41.18,119.8;41.08,117.26;
#3:
>0:41.87,117.88;41.58,116.92;
#4:
>0:40.39,116.5;40.24,116.49;
#5:
>0:42.89,122.12;42.33,120.68;41.54,121.5;
#6:
>0:41.19,121.25;41.91,120.82;
#7:
>0:41.26,123.09;41.12,120.95;42.5,120.05;42.81,120.03;43.29,117.56;
#8:
>0:41.95,122.07;43.0,122.5;43.84,123.98;
#9:
>0:43.05,116.65;43.38,117.51;
#10:
>0:40.77,119.84;39.96,117.77;
#11:
>0:42.71,121.53;42.34,120.26;41.61,120.05;40.84,118.2;39.9,118.93;
#12:
>0:41.75,122.7;41.11,122.08;42.3,119.8;42.41,118.33;
#13:
>0:40.79,120.54;41.06,121.12;
#14:
>0:39.91,116.31;40.09,118.21;
#15:
>0:42.07,123.18;42.33,122.02;42.78,119.73;43.52,118.84;42.03,116.71;
#16:
>0:39.82,119.31;40.64,118.17;41.69,116.22;41.97,117.89;42.89,120.33;
#17:
>0:41.53,124.09;40.85,122.9;41.41,123.68;41.38,122.0;42.21,120.04;43.09,116.59;
#18:
>0:39.71,117.65;40.73,116.81;
#19:
>0:40.21,117.34;40.28,117.03;
#20:
>0:42.45,117.77;41.88,119.79;43.34,117.0;
#21:
>0:41.82,123.38;40.73,121.28;40.33,119.78;40.82,119.92;40.73,117.51;
#22:
>0:40.93,118.15;41.31,120.1;42.35,120.58;42.56,119.69;43.58,116.77;
#23:
>0:40.24,117.42;40.02,116.52;
#24:
>0:39.79,116.39;40.61,116.44;41.42,118.87;42.11,118.78;
#25:
>0:43.34,117.03;42.96,116.59;42.21,118.91;41.77,122.12;
#26:
>0:42.24,123.35;42.67,124.85;
#27:
>0:42.11,121.7;43.15,119.73;43.77,120.52;
#28:
>0:40.41,123.91;41.28,125.18;40.97,121.74;
#29:
>0:40.61,118.99;40.86,117.4;41.73,116.67;42.69,117.59;
#30:
>0:41.41,122.55;41.3,121.5;
#31:
>0:39.85,120.75;40.64,119.86;41.36,117.91;42.37,120.19;43.14,120.58;
#32:
>0:41.53,121.21;40.89,121.42;40.14,121.75;
#33:
>0:40.96,117.96;39.87,118.22;
#34:
>0:40.62,117.47;39.94,117.55;
#35:
>0:41.7,116.99;41.26,119.04;
#36:
>0:41.64,124.97;41.64,123.1;41.31,122.0;42.35,119.98;41.24,118.77;40.13,117.52;
#37:
>0:41.72,116.45;41.9,118.62;41.13,118.48;39.93,121.9;
#38:
>0:41.25,120.23;42.15,118.74;
#39:
>0:41.74,118.23;41.77,119.36;42.4,119.55;42.2,121.91;41.41,124.9;
#40:
>0:40.25,116.35;40.33,116.98;
#41:
>0:40.02,118.74;41.01,120.75;41.27,118.62;41.77,120.7;41.9,120.06;43.21,123.23;
#42:
>0:43.86,117.28;42.93,117.48;
#43:
>0:41.04,116.64;39.74,119.19;40.37,119.5;
#44:
>0:43.46,124.03;43.01,123.49;42.4,121.76;42.53,119.62;43.35,118.91;42.7,116.25;
#45:
>0:43.83,124.29;42.79,123.6;41.99,121.93;42.19,120.08;41.18,118.21;40.23,122.18;
#46:
>0:42.52,116.65;43.01,118.48;42.51,118.87;40.54,116.66;
#47:
>0:40.03,116.76;39.71,118.98;40.04,120.51;
#48:
>0:40.02,117.22;39.86,117.28;
#49:
>0:43.41,120.72;43.07,117.91;
#50:
>0:43.13,118.52;43.75,120.65;
#51:
>0:43.37,125.18;42.96,123.59;42.27,122.37;41.84,121.0;42.62,119.89;42.93,116.68;
#52:
>0:43.52,119.79;43.18,119.62;42.65,116.88;
#53:
>0:42.67,122.83;42.08,121.59;43.13,120.4;43.3,118.01;42.57,116.51;
#54:
>0:42.65,119.46;42.14,121.44;41.3,123.03;40.82,124.26;40.29,124.26;
#55:
>0:42.41,120.34;42.5,122.18;42.44,122.51;42.49,124.46;
#56:
>0:40.68,121.04;41.82,123.03;42.08,123.75;
#57:
>0:40.87,121.12;41.27,123.09;42.37,119.61;
#58:
>0:42.36,123.12;42.37,121.1;43.17,120.61;43.57,118.12;43.16,116.93;
#59:
>0:40.35,118.3;41.05,116.88;
#60:
>0:40.01,123.45;41.01,121.73;40.2,119.83;41.67,118.6;
#61:
>0:42.81,119.35;41.88,121.89;41.49,123.72;40.65,123.94;39.71,124.45;
#62:
>0:40.25,122.32;40.45,121.05;41.46,121.96;42.16,120.51;42.45,116.45;
#63:
>0:41.02,119.24;41.67,118.81;42.48,120.08;41.86,123.52;
#64:
>0:43.11,118.56;41.93,118.46;42.1,119.7;40.91,123.63;
#65:
>0:43.33,124.98;42.57,122.36;42.16,123.36;41.28,124.73;40.63,122.4;40.05,120.72;
#66:
>0:40.4,124.65;40.61,124.26;39.93,122.31;41.01,122.02;39.96,120.2;40.6,117.35;
#67:
>0:40.6,122.23;42.01,122.88;41.92,124.3;
#68:
>0:40.01,116.23;40.5,116.7;41.65,116.55;41.53,119.04;42.01,119.83;43.58,121.57;
#69:
>0:43.67,119.89;42.73,117.83;
#70:
>0:42.72,123.75;42.21,121.4;42.12,120.53;41.61,119.02;39.79,118.47;
#71:
>0:43.51,124.67;42.78,123.52;42.03,122.13;41.84,119.35;41.58,118.37;39.75,120.84;
#72:
>0:39.89,116.84;40.24,116.98;
