#0:
>0:43.7,123.23;42.79,121.02;42.78,120.39;41.43,118.09;
#1:
>0:41.39,120.66;40.73,122.2;41.39,123.73;
#2:
>0:43.76,119.12;42.78,118.8;42.64,119.59;41.37,118.44;
#3:
>0:40.89,118.13;41.77,120.65;
#4:
>0:40.21,116.86;39.92,117.43;
#5:
>0:39.71,116.83;40.16,117.11;
#6:
>0:40.5,122.36;41.69,121.19;42.2,119.68;42.94,119.48;41.96,117.52;
#7:
>0:43.15,119.75;42.28,122.1;41.64,123.09;40.88,125.11;
#8:
>0:43.74,119.09;42.71,120.06;
#9:
>0:43.7,119.43;43.51,121.07;
#10:
>0:42.59,122.15;41.85,122.59;42.02,124.51;
#11:
>0:39.9,117.53;40.17,116.67;
#12:
>0:40.93,119.18;41.52,116.36;41.83,117.62;43.0,117.06;43.79,116.42;
#13:
>0:42.67,118.04;43.66,117.96;
#14:
>0:39.9,117.97;40.75,118.44;41.43,119.63;40.83,121.4;40.13,124.28;
#15:
>0:41.68,119.36;42.22,118.58;
#16:
>0:42.28,119.6;41.28,118.56;40.73,119.11;39.83,121.51;
#17:
>0:41.47,121.46;42.13,119.92;42.92,119.28;
#18:
>0:41.67,119.45;40.67,118.49;
#19:
>0:40.08,116.63;40.14,116.89;
#20:
>0:42.58,118.66;42.88,120.55;42.32,121.82;41.42,122.79;40.06,124.76;
#21:
>0:39.88,120.24;40.18,121.6;41.48,119.97;
#22:
>0:43.48,125.31;43.54,123.44;43.64,120.81;43.67,119.46;
#23:
>0:40.17,124.73;40.75,123.37;41.21,121.26;41.97,120.35;42.75,120.64;43.23,119.26;
#24:
>0:42.8,118.67;42.47,119.91;41.54,120.88;40.42,120.99;
#25:
>0:39.76,116.65;40.07,116.64;
#26:
>0:41.16,121.33;42.27,123.68;42.66,124.24;
#27:
>0:43.25,116.26;42.8,118.95;42.5,120.43;42.59,120.05;42.28,121.37;41.59,124.56;
#28:
>0:43.79,121.02;43.61,122.96;43.53,124.13;
#29:
>0:43.63,118.91;42.71,119.84;
#30:
>0:42.12,124.45;42.12,122.57;
#31:
>0:43.23,119.71;43.0,121.25;42.84,119.71;41.82,121.03;41.75,123.58;40.04,123.33;
#32:
>0:40.07,116.63;40.8,118.08;41.49,119.58;41.95,121.83;41.35,122.66;41.9,124.81;
#33:
>0:40.65,124.71;40.29,123.23;40.35,121.52;39.93,119.86;
#34:
>0:39.75,118.56;40.75,118.16;39.78,120.47;40.95,121.57;40.33,124.04;
#35:
>0:39.93,116.63;39.72,116.63;
#36:
>0:39.83,117.12;39.74,117.41;
#37:
>0:40.52,123.16;41.17,121.45;40.5,120.73;40.34,118.24;
#38:
>0:40.64,120.58;39.7,120.23;
#39:
>0:41.67,118.57;42.42,116.41;43.02,116.94;43.45,116.35;
#40:
>0:43.33,117.05;43.2,119.11;42.18,120.4;43.03,120.02;41.86,121.36;41.78,124.62;
#41:
>0:43.86,120.65;43.76,121.4;
#42:
>0:43.84,120.48;43.56,121.74;
#43:
>0:43.27,120.37;42.87,121.13;42.63,120.59;41.86,117.73;41.72,117.92;40.0,121.82;
#44:
>0:43.51,119.82;42.69,120.9;42.14,123.56;
#45:
>0:40.4,117.19;39.82,116.91;
#46:
>0:43.86,121.45;42.57,122.64;42.47,125.09;
#47:
>0:41.96,117.56;41.51,116.29;40.97,117.89;41.76,120.58;40.81,123.27;
#48:
>0:41.12,124.71;42.3,123.38;
#49:
>0:43.2,117.47;43.2,117.92;43.25,119.03;42.94,121.42;
#50:
>0:43.82,117.23;42.97,118.65;42.78,120.36;41.82,122.06;41.48,122.59;40.03,125.28;
#51:
>0:39.78,120.46;40.45,122.07;41.45,119.75;42.38,119.49;42.9,119.94;43.69,123.1;
#52:
>0:41.75,121.75;41.92,119.33;42.97,119.37;43.9,122.84;
#53:
>0:41.56,120.77;42.2,121.87;42.45,123.27;
#54:
>0:40.36,118.7;39.76,117.41;
#55:
>0:43.73,122.15;43.06,122.7;42.26,122.84;
#56:
>0:40.26,116.6;40.12,116.95;
#57:
>0:41.05,125.13;40.6,122.94;41.33,122.43;42.64,121.17;
#58:
>0:40.19,117.43;40.48,116.54;
#59:
>0:39.78,121.25;41.04,119.88;40.54,119.17;40.9,116.41;
#60:
>0:43.45,119.84;43.06,119.45;
#61:
>0:40.6,123.06;41.41,122.22;41.91,120.49;
#62:
>0:41.46,119.13;40.83,118.33;41.36,119.8;40.92,121.66;41.37,125.14;
#63:
>0:40.28,123.44;41.03,121.72;41.32,120.21;42.16,118.88;42.87,117.0;
#64:
>0:43.82,120.86;42.96,123.29;41.82,124.13;
#65:
>0:40.43,121.44;40.7,123.35;40.18,124.02;
#66:
>0:41.43,120.15;40.98,119.36;39.84,119.96;
#67:
>0:40.61,118.18;41.57,116.43;42.34,116.76;42.98,117.73;43.59,117.22;
#68:
>0:40.26,116.8;40.02,116.22;
#69:
>0:40.77,117.81;40.53,120.4;40.73,120.87;
#70:
>0:40.07,120.27;40.75,118.36;
#71:
>0:40.85,117.07;41.72,118.01;41.2,119.99;41.33,120.78;
#72:
>0:39.98,118.97;40.3,116.24;
