#0:
>0:40.83,117.22;41.59,116.78;41.85,117.07;
#1:
>0:40.14,121.46;39.95,123.06;
#2:
>0:40.31,119.59;41.33,121.35;40.51,122.97;41.45,123.65;42.05,122.74;43.63,123.46;
#3:
>0:40.77,116.68;40.4,118.93;40.82,120.84;40.9,121.81;41.46,122.58;43.06,124.99;
#4:
>0:41.41,124.27;41.61,122.75;39.72,123.57;
#5:
>0:42.91,118.4;42.87,118.24;
#6:
>0:41.52,122.14;40.86,121.4;41.43,120.74;40.16,116.25;
#7:
>0:42.18,121.59;42.56,121.18;42.57,118.66;
#8:
>0:43.18,119.55;42.09,121.73;41.17,123.59;40.49,120.63;
#9:
>0:41.74,121.43;42.08,122.1;42.66,119.94;
#10:
>0:40.43,117.21;41.27,118.32;41.68,120.47;42.96,121.87;
#11:
>0:41.82,122.32;43.2,121.63;43.03,120.27;43.03,118.7;43.14,117.01;
#12:
>0:40.63,120.78;40.29,119.35;41.67,118.35;
#13:
>0:39.79,119.28;40.51,118.59;
#14:
>0:39.83,120.32;40.54,121.4;40.84,120.67;41.4,119.45;43.07,119.8;
#15:
>0:40.82,117.72;41.64,117.5;42.4,117.34;42.98,117.51;
#16:
>0:42.34,122.45;43.14,121.63;42.3,121.46;43.01,118.13;
#17:
>0:41.23,124.38;40.97,123.25;41.56,122.35;42.11,121.27;42.08,119.38;43.39,116.42;
#18:
>0:40.16,123.73;40.53,122.77;
#19:
>0:42.17,120.62;42.9,119.4;
#20:
>0:42.39,125.3;41.53,123.53;41.42,121.15;41.19,119.82;39.91,118.03;
#21:
>0:41.2,124.01;41.64,122.51;42.17,121.74;42.58,122.08;42.37,118.24;
#22:
>0:40.36,120.6;40.68,118.0;
#23:
>0:39.96,121.81;39.71,123.62;
#24:
>0:42.64,121.65;42.53,119.54;
#25:
>0:42.25,121.55;41.13,119.76;40.98,117.83;40.89,117.33;
#26:
>0:42.65,121.76;42.28,120.42;
#27:
>0:42.02,116.76;41.11,118.35;41.75,119.31;41.68,121.73;
#28:
>0:40.6,122.1;41.53,122.09;
#29:
>0:43.63,120.77;43.13,121.39;42.31,120.81;41.7,122.86;
#30:
>0:41.38,117.55;41.97,116.73;
#31:
>0:41.09,123.44;41.27,122.35;40.91,122.08;41.56,118.3;
#32:
>0:42.91,118.03;42.04,120.3;42.1,121.32;41.27,123.36;
#33:
>0:41.62,120.08;41.03,121.71;40.43,123.44;40.52,124.82;
#34:
>0:40.25,120.92;41.12,121.68;41.19,120.45;42.44,121.98;42.88,120.06;
#35:
>0:42.95,117.06;42.54,117.65;
#36:
>0:40.92,123.37;41.57,123.6;40.99,120.93;
#37:
>0:40.95,124.25;41.78,123.69;42.03,121.92;43.17,119.86;43.1,118.07;43.09,117.2;
#38:
>0:42.61,125.11;42.16,123.85;41.53,122.84;
#39:
>0:40.32,120.8;40.09,123.28;
#40:
>0:39.97,124.06;40.76,122.89;41.02,122.24;
#41:
>0:39.79,122.88;39.98,123.31;
#42:
>0:41.05,118.23;41.72,116.32;42.26,116.36;42.77,116.61;
#43:
>0:42.07,120.23;41.95,122.21;42.66,121.19;42.55,123.86;
#44:
>0:43.15,118.7;42.03,120.44;42.97,120.61;41.33,122.87;
#45:
>0:40.93,116.75;41.62,118.66;41.65,120.37;42.11,121.81;42.81,121.4;43.66,124.13;
#46:
>0:41.09,118.06;40.59,116.46;
#47:
>0:39.77,121.78;40.29,122.63;
#48:
>0:42.11,124.61;41.58,122.86;41.85,122.13;43.17,121.95;42.02,118.07;
#49:
>0:42.26,116.39;42.79,118.74;42.85,119.26;43.01,121.62;
#50:
>0:41.24,123.17;41.01,121.59;39.79,119.47;40.94,118.4;40.48,117.62;
#51:
>0:42.79,124.79;42.08,124.12;
#52:
>0:42.76,118.0;42.47,116.52;41.12,116.96;41.64,118.46;39.96,117.45;
#53:
>0:43.44,121.7;42.91,121.07;42.46,118.88;
#54:
>0:40.13,124.56;40.57,123.24;41.14,122.33;42.02,122.13;
#55:
>0:40.94,117.64;40.29,118.42;40.12,119.43;40.19,121.98;
#56:
>0:40.3,121.67;40.27,121.96;
#57:
>0:40.56,123.91;41.79,124.76;41.23,122.45;41.06,121.54;41.57,120.35;40.63,117.23;
#58:
>0:40.94,120.82;41.04,120.83;41.61,120.65;42.52,120.33;
#59:
>0:42.68,116.49;42.12,118.58;42.3,119.94;42.42,121.34;42.13,123.79;
#60:
>0:41.44,124.84;41.19,123.18;42.16,122.08;42.15,120.58;41.95,118.17;
#61:
>0:40.92,118.13;40.48,121.47;42.35,118.38;
#62:
>0:42.4,121.98;41.23,119.99;40.8,118.0;40.92,116.38;
#63:
>0:43.65,118.87;43.58,119.66;42.85,121.62;41.75,121.21;
#64:
>0:39.86,123.88;40.87,123.75;41.67,123.51;40.99,120.62;
#65:
>0:41.31,117.83;41.12,119.69;
#66:
>0:40.35,119.46;40.62,119.23;40.48,121.62;41.69,119.55;42.92,119.67;
#67:
>0:42.69,124.89;41.95,124.18;42.37,121.8;
#68:
>0:42.42,119.74;42.4,119.38;
#69:
>0:41.13,124.62;41.32,123.57;43.11,124.04;
#70:
>0:40.88,118.11;40.68,117.39;
#71:
>0:41.03,121.54;40.67,121.92;
#72:
>0:40.23,116.64;40.44,117.56;
