#0:
>0:41.95,121.61;42.69,119.59;43.41,121.65;
#1:
>0:42.51,119.11;43.79,119.31;42.95,120.62;43.01,121.09;42.96,124.57;
#2:
>0:40.24,119.64;40.86,119.34;
#3:
>0:39.98,116.78;39.87,116.93;
#4:
>0:43.4,122.97;42.76,121.51;42.19,123.0;41.5,122.2;41.31,123.74;39.95,124.06;
#5:
>0:40.32,116.45;40.01,116.43;
#6:
>0:42.24,120.24;42.65,122.07;42.59,122.64;
#7:
>0:39.8,116.77;39.99,117.51;
#8:
>0:43.24,120.39;42.88,120.25;42.02,122.62;
#9:
>0:41.89,121.1;42.91,119.82;43.42,120.83;
#10:
>0:43.19,120.84;41.87,122.36;41.2,121.33;41.67,122.59;40.32,124.42;
#11:
>0:41.87,122.18;43.05,120.12;43.56,119.31;43.72,116.24;
#12:
>0:40.25,116.9;40.29,117.11;
#13:
>0:42.38,124.9;42.45,123.46;41.12,122.41;39.95,122.17;
#14:
>0:39.94,116.84;40.42,118.84;41.6,120.12;41.26,121.26;41.35,123.19;41.65,123.95;
#15:
>0:43.05,119.9;43.4,121.57;43.44,122.65;
#16:
>0:42.39,118.36;41.49,120.24;40.86,120.29;
#17:
>0:39.71,117.53;40.04,117.12;
#18:
>0:42.23,124.83;42.76,125.25;43.35,123.1;42.97,121.12;43.03,119.42;42.83,116.31;
#19:
>0:43.18,124.99;41.86,124.08;
#20:
>0:43.08,116.52;43.62,118.98;43.78,119.96;43.39,121.14;43.59,122.74;43.27,124.29;
#21:
>0:41.93,122.39;41.21,121.51;42.48,119.35;40.86,119.0;
#22:
>0:40.02,116.74;40.02,116.54;
#23:
>0:40.72,119.56;41.66,119.74;41.86,119.41;42.73,117.85;43.36,117.86;
#24:
>0:43.4,123.73;42.69,120.96;42.62,119.89;42.31,118.48;41.8,117.37;40.03,120.0;
#25:
>0:43.17,116.77;41.81,116.24;41.9,118.89;41.48,116.24;39.89,120.16;
#26:
>0:41.91,117.3;41.27,118.45;41.03,120.65;40.62,120.92;
#27:
>0:42.13,120.89;43.11,120.01;
#28:
>0:43.49,125.06;43.09,123.18;42.14,121.44;41.58,119.41;
#29:
>0:41.4,117.57;41.91,117.03;43.18,117.53;
#30:
>0:42.99,122.88;41.99,120.79;41.38,122.03;40.49,121.86;
#31:
>0:40.52,121.54;41.15,119.26;42.29,117.76;42.04,116.36;
#32:
>0:41.89,118.16;41.23,120.12;41.53,121.62;39.71,122.68;
#33:
>0:39.97,121.74;40.5,120.02;41.15,119.61;41.9,119.3;42.68,119.5;
#34:
>0:40.44,117.3;40.18,118.84;39.82,119.29;40.09,120.98;40.09,123.03;
#35:
>0:42.0,125.28;42.0,122.33;41.21,122.95;40.39,125.11;
#36:
>0:41.0,122.93;41.62,124.65;42.22,125.1;42.83,124.04;43.54,122.03;
#37:
>0:39.9,122.74;40.31,121.02;41.08,120.33;41.07,118.93;
#38:
>0:40.12,116.24;40.64,119.25;40.21,119.95;40.23,121.14;
#39:
>0:40.62,116.95;41.4,119.07;41.79,120.4;
#40:
>0:42.73,118.74;43.48,118.03;
#41:
>0:39.83,116.89;39.91,117.34;
#42:
>0:42.53,119.81;43.49,119.6;42.89,123.41;
#43:
>0:42.72,122.29;42.61,123.31;
#44:
>0:39.95,123.13;39.95,122.23;40.72,119.63;40.21,119.04;39.88,117.45;
#45:
>0:40.13,117.15;40.04,116.75;
#46:
>0:40.13,123.78;40.9,124.47;41.59,124.83;42.11,124.67;43.04,124.72;43.68,124.76;
#47:
>0:41.24,120.44;41.8,119.61;
#48:
>0:40.67,119.47;41.17,119.34;41.35,121.23;42.26,120.44;43.26,119.35;
#49:
>0:43.13,118.92;43.59,119.49;43.72,121.78;43.78,123.6;
#50:
>0:39.73,121.82;40.43,123.61;41.56,124.51;42.25,123.9;42.51,123.95;43.63,124.12;
#51:
>0:40.17,117.3;40.25,117.33;
#52:
>0:40.19,117.29;40.32,116.28;
#53:
>0:43.78,118.07;42.94,119.68;43.09,121.69;41.31,123.04;
#54:
>0:40.69,119.94;41.56,120.33;42.12,119.59;42.55,117.09;
#55:
>0:43.57,121.42;42.84,122.23;41.92,123.78;41.11,119.64;
#56:
>0:40.81,124.09;40.21,124.91;39.71,122.6;39.82,121.84;40.21,119.25;
#57:
>0:42.9,116.62;43.74,118.82;
#58:
>0:40.16,117.24;40.3,117.12;
#59:
>0:42.8,119.18;43.59,119.33;42.97,120.86;
#60:
>0:43.86,117.94;42.57,117.42;42.41,117.14;41.65,118.44;40.86,116.87;
#61:
>0:40.37,117.34;39.83,116.74;
#62:
>0:43.72,119.86;43.53,122.21;
#63:
>0:43.43,116.26;43.01,119.15;42.73,116.68;41.66,119.16;
#64:
>0:40.02,122.45;40.92,121.08;41.23,121.3;42.25,120.88;
#65:
>0:41.76,122.88;41.88,121.52;42.8,121.79;42.64,120.07;43.09,117.44;
#66:
>0:40.05,122.96;39.91,121.64;40.76,120.51;39.9,118.79;39.79,116.55;
#67:
>0:41.47,123.48;41.94,121.43;42.57,121.59;43.54,120.44;
#68:
>0:43.49,120.83;43.18,121.13;41.96,123.64;41.44,120.43;
#69:
>0:40.22,117.32;39.91,116.28;
#70:
>0:41.43,117.16;41.94,116.73;42.07,118.39;43.12,119.28;42.58,122.95;
#71:
>0:43.26,120.8;42.73,120.83;42.35,124.24;
#72:
>0:43.51,124.68;43.63,122.41;
