#0:
>0:43.59,117.35;43.58,119.11;43.58,119.93;42.99,119.78;43.49,121.14;42.73,125.25;
#1:
>0:39.89,117.72;41.01,118.56;
#2:
>0:42.13,118.64;41.56,118.79;41.38,120.05;42.02,123.85;
#3:
>0:42.29,119.12;42.64,118.47;43.85,118.37;
#4:
>0:42.93,122.02;42.47,121.1;41.33,118.24;
#5:
>0:41.61,119.44;41.67,122.91;41.99,122.43;
#6:
>0:43.18,119.49;43.11,121.19;41.69,120.42;
#7:
>0:43.21,122.9;42.96,121.69;42.36,119.95;41.66,119.09;40.66,116.81;39.98,117.1;
#8:
>0:43.34,122.6;43.5,122.18;42.92,125.36;
#9:
>0:43.26,118.84;43.2,120.07;42.26,121.72;41.89,123.41;41.71,124.85;
#10:
>0:43.03,120.73;42.56,120.79;41.65,120.09;
#11:
>0:43.5,119.07;43.49,119.47;43.66,121.44;41.83,123.76;
#12:
>0:40.11,123.61;40.64,121.9;41.38,119.96;42.13,118.6;43.06,117.56;
#13:
>0:42.21,120.63;41.58,118.26;40.74,116.36;
#14:
>0:40.26,122.94;40.62,124.63;
#15:
>0:43.07,118.02;42.86,120.55;41.97,120.89;40.94,122.76;
#16:
>0:39.99,123.6;40.81,121.44;41.25,120.06;42.22,118.03;
#17:
>0:39.85,122.98;40.61,124.83;
#18:
>0:43.8,122.88;42.54,120.96;43.02,120.28;
#19:
>0:43.26,123.72;42.65,122.19;42.24,120.69;43.13,118.1;41.94,116.78;
#20:
>0:40.47,123.94;40.88,123.01;40.77,120.91;
#21:
>0:41.52,122.42;42.05,122.11;41.61,119.97;39.93,119.18;
#22:
>0:43.19,117.31;43.33,118.97;43.42,119.29;43.46,121.45;43.83,123.66;43.88,124.34;
#23:
>0:39.76,120.4;40.52,117.93;41.19,119.05;42.2,120.72;
#24:
>0:41.25,120.57;41.72,119.19;40.25,121.71;
#25:
>0:43.83,125.67;43.68,122.98;43.7,121.52;43.81,120.35;43.21,119.2;43.48,117.26;
#26:
>0:40.54,120.19;40.18,118.5;40.32,117.64;
#27:
>0:40.62,117.97;41.45,120.03;41.37,121.92;
#28:
>0:39.99,118.15;40.76,120.21;41.38,122.1;42.49,123.09;42.66,124.96;44.34,125.28;
#29:
>0:42.04,120.23;43.11,119.1;42.06,116.51;
#30:
>0:43.58,123.26;43.89,121.37;43.1,119.36;42.28,121.74;40.58,120.91;
#31:
>0:43.61,119.38;42.66,119.51;43.21,122.87;
#32:
>0:41.35,120.03;41.46,121.78;41.49,124.33;
#33:
>0:41.61,125.27;42.41,122.55;42.09,121.42;42.13,120.67;42.49,118.39;
#34:
>0:41.77,124.47;41.98,123.36;41.71,122.45;42.21,120.76;
#35:
>0:43.05,120.0;42.15,121.82;41.31,120.51;40.83,118.36;
#36:
>0:42.49,118.54;41.47,119.39;41.44,121.47;41.26,122.87;41.26,124.67;
#37:
>0:40.87,117.89;41.65,118.75;41.75,123.39;
#38:
>0:43.6,124.39;41.91,122.56;42.3,121.16;42.39,119.83;42.17,119.07;
#39:
>0:41.29,124.15;40.87,123.19;
#40:
>0:39.81,119.59;39.95,121.5;40.44,121.53;42.86,124.45;
#41:
>0:42.89,123.95;42.19,122.52;41.5,122.93;41.9,119.98;
#42:
>0:43.28,121.5;42.51,120.61;42.3,119.61;
#43:
>0:43.88,123.61;42.88,121.06;42.41,120.25;43.09,118.67;42.04,117.02;
#44:
>0:39.72,119.2;41.0,119.12;41.17,120.69;42.32,121.75;42.64,120.41;43.51,123.05;
#45:
>0:42.41,121.3;41.5,123.84;40.94,124.98;
#46:
>0:41.12,124.89;42.92,124.04;43.21,125.46;43.75,124.98;
#47:
>0:41.82,121.19;41.82,123.69;
#48:
>0:40.56,119.26;41.35,117.97;41.25,119.81;42.9,118.83;
#49:
>0:41.41,119.75;40.68,118.34;41.65,117.16;
#50:
>0:39.99,117.73;40.03,116.61;
#51:
>0:41.67,118.63;41.88,116.54;
#52:
>0:43.17,116.3;42.24,119.06;41.13,116.88;41.02,120.27;
#53:
>0:40.61,118.58;41.49,120.41;42.02,122.26;40.86,123.67;
#54:
>0:42.72,120.92;41.9,120.37;41.15,118.43;40.62,117.25;39.84,117.63;
#55:
>0:43.45,121.57;42.55,119.48;42.57,121.58;41.79,123.58;
#56:
>0:41.46,119.14;41.73,120.26;43.09,118.17;
#57:
>0:40.53,124.98;40.92,123.66;42.04,124.48;42.9,122.41;
#58:
>0:43.79,121.53;42.79,122.06;42.25,121.27;41.79,122.17;40.43,121.43;39.88,119.97;
#59:
>0:39.91,124.42;40.58,124.75;40.66,123.32;40.6,120.42;
#60:
>0:40.92,117.1;40.02,117.25;
#61:
>0:40.61,121.0;41.67,124.16;42.62,124.34;42.51,124.22;43.84,125.32;
#62:
>0:40.43,118.59;41.72,117.97;41.45,122.68;
#63:
>0:40.94,121.95;41.54,119.72;42.13,118.37;42.39,116.85;43.4,117.39;
#64:
>0:42.73,116.94;42.83,118.52;42.3,117.87;41.73,118.99;39.75,118.28;
#65:
>0:40.52,116.25;40.22,117.38;
#66:
>0:40.5,118.14;41.17,118.09;42.25,119.44;
#67:
>0:43.07,119.14;41.92,118.56;41.3,117.05;40.5,120.5;
#68:
>0:39.73,123.81;40.49,124.98;42.14,124.08;41.81,122.87;
#69:
>0:40.86,118.5;40.04,120.19;40.28,121.2;39.91,122.65;
#70:
>0:40.44,117.28;41.28,117.3;41.72,118.7;40.31,122.13;
#71:
>0:43.52,122.36;43.51,121.7;42.77,119.53;41.96,121.53;40.96,122.24;
#72:
>0:42.51,121.75;42.13,120.62;42.67,118.82;42.23,116.58;
