#0:
>0:41.29,119.82;42.38,119.69;
#1:
>0:42.43,119.05;42.32,116.42;40.6,116.39;
#2:
>0:40.32,117.61;40.07,116.42;
#3:
>0:42.42,119.83;41.23,121.33;
#4:
>0:40.88,122.21;40.23,120.71;
#5:
>0:40.33,116.26;40.05,117.33;
#6:
>0:42.76,116.55;42.24,117.87;
#7:
>0:43.75,119.75;43.16,120.36;42.06,122.05;41.77,119.67;41.09,116.69;
#8:
>0:40.11,116.3;39.99,117.47;
#9:
>0:42.0,116.73;41.29,117.29;40.68,119.17;40.07,119.3;40.73,123.29;
#10:
>0:42.45,117.39;41.51,117.23;40.53,118.63;41.03,120.26;41.64,122.02;41.99,123.92;
#11:
>0:39.74,122.44;39.99,121.68;40.54,119.59;40.04,120.07;40.88,117.35;
#12:
>0:40.95,120.15;41.52,119.73;42.09,120.1;42.63,120.63;
#13:
>0:39.86,121.98;40.97,119.94;
#14:
>0:43.35,122.89;42.9,123.98;42.48,124.27;41.48,124.03;40.73,123.66;40.09,120.25;
#15:
>0:41.15,118.67;41.64,120.71;41.32,121.94;41.67,122.86;
#16:
>0:42.58,124.31;41.9,123.12;43.14,121.58;42.1,120.91;40.99,119.23;
#17:
>0:43.67,125.06;43.07,124.34;42.41,124.85;41.7,125.25;40.55,121.06;
#18:
>0:42.49,123.13;42.21,124.04;41.57,124.35;39.91,123.43;
#19:
>0:43.55,120.95;43.15,122.44;42.41,124.07;41.44,123.93;40.58,123.1;39.71,120.05;
#20:
>0:40.36,116.96;40.24,116.39;
#21:
>0:40.21,116.52;40.11,117.12;
#22:
>0:42.49,118.95;41.6,120.11;41.7,121.73;42.36,123.24;41.16,124.98;
#23:
>0:40.39,116.27;40.22,117.41;
#24:
>0:40.07,117.9;40.17,117.5;
#25:
>0:41.12,120.19;41.67,118.27;
#26:
>0:41.07,119.99;40.75,121.52;
#27:
>0:40.39,117.17;39.95,116.41;
#28:
>0:43.73,125.18;43.19,123.86;42.4,123.85;41.64,124.86;40.91,121.07;
#29:
>0:41.42,118.77;41.51,120.05;40.14,119.91;
#30:
>0:40.25,116.35;40.31,116.7;
#31:
>0:42.76,116.41;43.05,116.63;
#32:
>0:43.64,120.8;43.74,119.48;43.65,119.22;
#33:
>0:40.4,117.4;40.39,116.81;
#34:
>0:42.8,118.17;42.32,120.27;41.17,120.82;41.93,122.29;41.77,124.96;
#35:
>0:43.09,117.25;42.57,117.39;
#36:
>0:41.37,117.35;40.88,117.79;41.1,119.91;41.83,121.34;
#37:
>0:39.84,116.82;40.25,116.63;
#38:
>0:40.65,118.67;40.7,120.1;41.54,120.89;43.06,120.79;
#39:
>0:41.0,120.84;40.6,122.88;40.67,124.71;
#40:
>0:40.22,116.56;39.73,117.61;
#41:
>0:40.89,121.55;39.72,123.42;39.74,124.97;
#42:
>0:42.11,124.73;41.33,125.28;40.47,123.04;39.76,122.29;
#43:
>0:40.63,120.51;40.76,121.78;
#44:
>0:39.92,116.23;39.76,116.26;
#45:
>0:40.18,123.61;40.79,121.27;41.67,120.9;41.97,119.66;42.6,118.65;43.32,117.07;
#46:
>0:39.99,116.94;39.86,117.73;
#47:
>0:41.44,120.57;41.63,118.44;
#48:
>0:41.24,116.71;41.91,118.76;42.18,120.36;43.27,120.83;
#49:
>0:43.45,118.84;42.99,120.11;43.2,121.56;
#50:
>0:43.44,119.0;43.2,119.99;42.27,121.75;41.64,122.57;40.43,124.64;39.83,124.13;
#51:
>0:43.7,123.38;43.75,122.22;43.0,123.14;41.42,122.35;
#52:
>0:40.29,117.15;40.26,116.31;
#53:
>0:42.06,122.26;43.19,123.58;43.4,122.85;
#54:
>0:42.35,118.64;41.26,116.43;
#55:
>0:42.45,123.08;42.64,124.57;
#56:
>0:41.86,117.47;41.23,116.92;41.07,117.99;40.39,119.67;41.1,123.16;
#57:
>0:41.49,124.03;42.05,122.81;42.88,121.16;
#58:
>0:41.01,124.61;41.15,124.8;42.45,124.71;
#59:
>0:40.14,116.95;40.19,117.0;
#60:
>0:40.37,123.04;40.58,122.1;41.29,122.46;42.09,124.15;
#61:
>0:42.84,120.76;43.38,118.66;43.82,117.24;
#62:
>0:39.96,116.76;39.89,116.35;
#63:
>0:41.63,119.39;41.51,120.64;
#64:
>0:40.51,120.75;40.13,120.2;40.08,121.4;40.06,124.32;
#65:
>0:39.9,117.08;39.73,116.82;
#66:
>0:40.59,118.36;40.77,117.5;41.85,118.87;
#67:
>0:43.49,123.56;42.9,124.31;43.09,123.28;41.62,123.36;
#68:
>0:42.0,123.43;42.33,125.01;41.58,125.26;39.86,122.84;
#69:
>0:43.41,118.51;43.15,120.21;41.9,122.06;
#70:
>0:41.41,120.73;40.79,118.59;41.43,117.04;
#71:
>0:43.28,119.86;43.2,120.8;42.3,122.64;41.11,123.94;40.88,125.08;39.95,124.54;
#72:
>0:39.72,119.91;40.59,119.22;41.62,117.06;
