#0:
>0:39.9,116.1;40.15,116.46;39.85,116.32;39.82,116.62;39.53,117.01;
#1:
>0:39.76,116.37;39.88,116.24;39.56,116.42;39.42,116.39;39.15,116.58;
#2:
>0:39.67,116.96;39.47,116.68;39.55,116.7;39.46,116.48;39.32,116.4;39.1,116.04;
#3:
>0:39.33,116.29;39.39,116.17;39.66,116.47;39.7,116.54;40.04,116.48;
#4:
>0:39.84,116.96;39.62,116.68;39.48,116.48;39.19,116.35;39.67,116.16;
#5:
>0:39.45,116.86;39.34,116.74;39.34,116.38;
#6:
>0:39.66,116.77;39.69,116.78;
#7:
>0:39.6,116.85;39.89,116.63;40.1,116.39;40.0,116.23;39.9,115.93;
#8:
>0:40.0,116.43;39.83,116.37;39.64,116.83;
#9:
>0:39.77,116.38;39.87,116.51;39.86,116.75;
#10:
>0:39.18,116.88;39.26,116.79;
#11:
>0:40.05,116.23;40.05,116.43;39.8,116.38;39.89,116.52;39.51,117.06;
#12:
>0:39.5,116.89;39.22,116.71;
#13:
>0:39.13,116.22;39.11,115.94;39.17,115.9;39.37,116.27;39.65,116.07;39.92,116.15;
#14:
>0:39.39,116.82;39.18,116.61;39.5,116.28;
#15:
>0:39.98,116.25;40.06,116.23;
#16:
>0:39.09,115.95;39.08,116.19;39.25,116.43;39.39,116.64;39.24,116.73;39.45,116.93;
#17:
>0:39.76,116.44;39.89,116.55;39.65,116.67;39.49,116.68;39.11,116.31;
#18:
>0:39.09,116.71;39.22,117.04;39.39,116.92;39.69,116.91;39.73,117.04;
#19:
>0:39.05,116.0;39.23,116.16;
#20:
>0:39.05,116.35;39.22,116.27;39.44,116.41;39.34,116.23;39.87,116.18;
#21:
>0:39.76,116.96;40.04,116.88;39.84,116.77;39.54,116.4;
#22:
>0:39.84,116.28;39.98,116.61;39.58,116.74;39.23,116.93;
#23:
>0:39.05,115.9;39.03,115.91;
#24:
>0:39.08,116.57;39.16,116.38;39.5,116.33;
#25:
>0:39.16,116.38;39.07,116.42;39.13,116.83;
#26:
>0:39.43,116.01;39.19,116.2;39.23,116.36;39.26,116.54;
#27:
>0:39.61,116.09;39.77,116.31;40.0,116.56;
#28:
>0:39.44,116.38;39.66,116.46;39.63,116.57;40.13,116.68;
#29:
>0:40.03,115.94;40.06,116.23;39.83,116.11;39.5,116.15;
#30:
>0:39.79,116.25;39.57,115.93;
#31:
>0:39.81,116.24;40.01,116.15;
#32:
>0:39.44,116.85;39.3,116.5;
#33:
>0:39.56,116.68;39.65,116.55;39.5,116.55;39.13,116.22;
#34:
>0:39.18,116.63;39.26,116.38;39.5,116.58;39.64,116.55;40.12,116.74;
#35:
>0:39.65,116.91;39.45,116.81;39.16,116.58;39.29,116.38;39.2,116.16;
#36:
>0:39.21,117.06;39.24,116.76;39.4,116.55;39.53,116.5;40.03,116.79;
#37:
>0:39.67,116.71;39.86,116.94;
#38:
>0:39.62,116.05;39.85,116.23;39.8,116.38;39.84,116.7;39.59,116.62;39.65,117.07;
#39:
>0:39.98,117.04;39.88,116.83;39.95,116.6;39.36,116.34;
#40:
>0:38.97,116.85;39.3,117.01;
#41:
>0:39.92,116.74;39.93,116.51;39.61,116.47;39.38,116.59;39.28,116.45;39.01,116.05;
#42:
>0:39.79,115.93;39.84,116.12;
#43:
>0:39.12,116.25;39.18,116.26;39.51,116.26;39.7,116.21;
#44:
>0:39.98,115.9;40.01,116.19;40.01,116.45;39.81,116.36;40.0,116.53;39.78,117.04;
#45:
>0:39.13,116.03;39.13,116.23;39.3,116.34;39.14,116.29;39.02,116.85;
#46:
>0:40.05,116.38;39.9,116.52;39.72,116.74;39.83,116.92;
#47:
>0:40.06,116.44;40.1,116.45;
#48:
>0:40.12,116.44;40.12,116.41;
#49:
>0:40.02,116.47;40.05,116.44;
#50:
>0:39.84,115.94;39.83,116.17;
#51:
>0:39.53,116.52;39.43,116.7;39.21,116.5;39.08,116.14;
#52:
>0:39.38,116.58;39.67,116.67;39.25,116.95;
#53:
>0:39.48,116.99;39.27,116.69;39.35,116.5;39.21,116.45;39.4,116.47;39.62,116.01;
#54:
>0:40.11,116.4;39.81,116.37;39.69,116.74;
#55:
>0:39.21,116.01;39.36,116.12;39.47,116.44;
#56:
>0:39.24,115.98;39.46,116.24;39.65,116.28;39.61,116.5;40.03,116.73;
#57:
>0:40.03,117.05;39.84,116.87;40.01,116.63;39.64,116.4;39.21,116.27;
#58:
>0:39.94,117.04;39.84,116.7;39.9,116.6;39.61,116.46;39.39,116.42;39.3,115.95;
#59:
>0:40.04,115.92;40.04,116.09;39.76,116.16;39.67,116.38;39.43,116.53;39.04,116.19;
#60:
>0:39.35,116.22;39.55,115.96;39.82,116.06;
#61:
>0:39.93,116.73;39.95,116.6;39.62,116.84;39.35,116.45;
#62:
>0:39.84,116.45;39.56,116.54;
#63:
>0:40.09,116.5;40.11,116.33;
#64:
>0:40.12,116.38;39.92,116.22;39.97,116.03;
#65:
>0:39.03,116.78;39.06,116.48;
#66:
>0:40.02,116.63;40.0,116.39;39.68,116.71;
#67:
>0:39.88,116.89;39.71,116.78;39.44,116.71;39.54,116.55;39.61,116.23;
#68:
>0:39.97,116.94;39.82,116.68;39.61,116.7;39.51,116.8;39.19,116.61;39.14,116.82;
#69:
>0:39.34,115.91;39.04,116.07;
#70:
>0:38.99,115.95;39.07,116.11;39.21,116.3;39.0,116.3;39.02,116.73;
#71:
>0:39.26,115.92;39.37,116.04;39.69,116.04;39.73,115.94;40.02,116.04;
#72:
>0:39.38,116.12;39.71,116.0;39.84,116.07;
#73:
>0:39.41,116.91;39.17,116.77;39.2,116.58;39.2,116.37;
#74:
>0:39.17,116.33;39.03,116.43;39.21,116.83;
#75:
>0:39.7,116.32;39.61,116.61;39.52,116.68;39.87,116.89;
#76:
>0:39.22,116.03;39.39,116.13;39.55,115.9;39.81,115.9;40.08,116.32;
#77:
>0:39.98,116.03;39.78,116.04;
#78:
>0:40.07,116.47;39.81,116.44;
#79:
>0:39.04,116.57;39.31,116.38;39.12,116.09;39.48,115.94;
#80:
>0:40.03,116.76;40.0,116.49;39.59,116.42;39.52,116.24;39.75,115.91;
#81:
>0:39.27,116.2;39.11,116.2;
#82:
>0:39.48,116.95;39.24,116.74;39.45,116.6;39.19,116.38;39.36,116.26;39.83,116.0;
#83:
>0:39.83,115.88;39.61,116.16;
#84:
>0:39.43,116.59;39.26,116.47;39.11,116.1;
#85:
>0:39.71,116.84;39.68,116.65;
#86:
>0:39.4,116.89;39.23,116.72;39.44,116.6;39.34,116.29;39.05,116.22;39.12,116.07;
#87:
>0:39.17,116.76;39.49,116.5;39.38,116.45;
#88:
>0:39.0,116.7;39.27,116.56;39.33,116.34;
#89:
>0:39.87,116.77;40.05,116.72;39.8,116.38;40.07,116.17;
#90:
>0:39.37,116.77;39.69,116.82;39.61,116.66;39.8,116.21;
#91:
>0:40.0,115.94;40.06,116.16;39.77,116.09;39.67,116.41;39.19,116.3;
#92:
>0:40.01,116.8;40.11,116.69;
#93:
>0:39.2,116.54;39.28,116.47;39.53,116.4;
#94:
>0:39.47,116.02;39.51,116.1;
#95:
>0:39.97,116.78;39.85,116.5;39.53,116.57;39.65,116.19;
#96:
>0:39.51,116.02;39.35,116.08;
#97:
>0:39.65,116.25;39.74,116.44;40.16,116.69;
#98:
>0:39.84,116.47;39.76,116.18;39.54,116.35;39.25,116.61;
#99:
>0:39.15,115.98;39.21,115.99;39.43,116.09;39.55,116.28;39.63,116.59;40.02,116.84;
#100:
>0:38.99,116.42;39.21,116.35;
#101:
>0:39.2,116.27;39.22,115.89;
#102:
>0:40.02,116.43;39.95,116.49;39.6,116.8;39.67,116.49;39.49,116.83;39.06,116.36;
#103:
>0:39.23,116.44;39.07,116.34;39.0,116.53;39.24,117.07;
#104:
>0:39.95,116.93;40.05,116.83;39.99,116.51;40.13,116.42;
#105:
>0:40.07,116.5;39.88,116.59;39.67,116.4;39.37,115.89;
#106:
>0:39.7,116.39;39.64,116.54;
#107:
>0:39.24,116.57;39.35,116.74;39.43,116.91;
#108:
>0:39.35,116.14;39.66,116.0;39.75,115.91;40.03,116.22;
#109:
>0:38.98,116.96;39.27,117.01;39.3,116.68;39.46,116.54;39.3,116.35;39.09,115.93;
#110:
>0:39.63,115.94;39.86,115.91;40.03,116.26;39.87,116.59;
#111:
>0:39.45,115.91;39.32,116.27;39.04,116.23;39.3,116.35;39.25,116.69;
