#0:
>0:39.34,116.48;39.35,116.62;39.6,116.39;
#1:
>0:39.54,116.58;39.77,116.83;
#2:
>0:40.11,116.36;40.08,116.39;
#3:
>0:39.58,116.78;39.7,117.02;
#4:
>0:39.67,116.09;39.96,116.21;
#5:
>0:39.65,116.36;39.38,116.63;39.47,116.77;
#6:
>0:39.13,116.35;39.2,116.08;
#7:
>0:40.04,116.38;39.98,116.33;
#8:
>0:39.56,116.58;39.79,116.68;
#9:
>0:39.42,116.29;39.24,116.54;39.06,116.83;
#10:
>0:39.73,116.49;39.66,116.47;39.37,116.25;39.17,116.27;
#11:
>0:39.97,116.96;39.9,116.79;39.75,116.81;39.85,116.48;39.57,116.33;39.44,116.0;
#12:
>0:39.76,116.87;39.97,116.92;
#13:
>0:39.29,116.4;39.51,116.51;39.47,116.83;
#14:
>0:39.82,116.84;39.59,117.02;
#15:
>0:39.5,116.98;39.3,116.92;
#16:
>0:39.18,116.6;39.53,116.7;39.67,117.05;39.82,116.9;
#17:
>0:39.32,116.92;39.34,116.96;
#18:
>0:39.21,116.75;39.01,116.66;39.13,116.3;39.18,116.2;39.59,115.93;
#19:
>0:40.08,116.57;39.93,116.68;39.9,116.93;
#20:
>0:39.19,116.77;39.44,116.62;
#21:
>0:39.05,116.56;39.26,116.61;39.49,116.72;39.65,116.62;39.83,116.78;
#22:
>0:39.61,116.34;39.54,116.5;39.56,116.84;
#23:
>0:39.79,115.96;39.62,116.1;
#24:
>0:39.2,115.94;39.43,116.13;39.56,116.05;
#25:
>0:39.48,116.53;39.38,116.42;39.8,116.56;
#26:
>0:39.34,115.91;39.46,116.08;39.69,116.26;39.93,116.12;
#27:
>0:39.39,115.96;39.25,116.27;39.42,116.35;39.29,116.28;39.4,116.61;39.48,116.99;
#28:
>0:39.76,116.93;39.79,116.86;
#29:
>0:39.48,116.46;39.57,116.38;39.81,116.28;39.99,116.72;
#30:
>0:39.58,116.51;39.47,116.28;39.24,116.23;
#31:
>0:39.37,116.21;39.31,116.29;39.49,116.62;39.48,116.72;
#32:
>0:39.61,116.34;39.6,116.25;40.0,115.9;
#33:
>0:39.6,116.98;39.38,116.86;39.21,116.59;38.98,116.46;39.12,116.25;39.14,115.9;
#34:
>0:39.87,116.56;39.57,116.41;39.42,116.6;
#35:
>0:39.23,115.95;39.33,116.22;
#36:
>0:39.44,116.39;39.34,116.19;
#37:
>0:39.44,116.01;39.39,116.21;
#38:
>0:39.85,115.99;39.59,116.22;
#39:
>0:39.39,117.02;39.29,117.01;
#40:
>0:39.34,115.88;38.98,116.25;39.09,116.47;38.98,116.54;39.01,116.77;39.16,116.99;
#41:
>0:39.51,116.27;39.2,116.38;39.13,116.67;39.11,116.75;39.14,117.11;
#42:
>0:39.9,116.2;39.78,116.33;39.68,116.54;39.37,116.7;39.22,116.69;
#43:
>0:39.32,116.83;39.13,116.57;39.04,116.41;39.29,116.28;39.69,115.96;
#44:
>0:39.73,116.73;39.72,116.65;39.71,116.33;39.64,116.21;39.26,115.93;
#45:
>0:39.06,117.06;39.28,116.74;39.31,116.91;39.61,116.66;
#46:
>0:40.13,116.41;40.01,116.32;
#47:
>0:39.49,115.96;39.65,115.89;39.55,116.24;39.95,116.04;
#48:
>0:39.16,116.94;39.2,116.84;
#49:
>0:39.22,116.62;39.52,116.62;
#50:
>0:39.54,115.89;39.68,116.15;39.8,116.44;40.05,116.61;
#51:
>0:39.17,115.95;39.48,116.07;39.62,116.26;39.87,116.31;
#52:
>0:39.8,116.85;39.68,116.75;39.49,116.78;
#53:
>0:39.96,116.36;40.09,116.43;
#54:
>0:39.87,116.91;39.67,117.05;39.52,116.9;39.27,117.03;39.11,116.54;
#55:
>0:39.19,116.4;39.35,116.56;39.39,116.75;
#56:
>0:39.58,116.56;39.36,116.71;39.43,116.91;
#57:
>0:39.51,116.32;39.29,116.28;39.07,116.23;
#58:
>0:39.96,116.31;40.05,116.48;
#59:
>0:39.8,116.3;39.89,116.11;39.68,116.22;39.19,116.34;
#60:
>0:39.25,116.48;39.29,116.55;39.25,116.69;
#61:
>0:39.24,116.92;39.27,117.06;
#62:
>0:39.59,116.92;39.76,116.87;39.98,116.6;39.81,116.34;39.61,116.22;40.01,115.92;
#63:
>0:39.91,115.96;39.88,116.07;39.68,116.04;
#64:
>0:39.79,116.4;39.85,116.29;39.67,116.11;39.29,116.16;
#65:
>0:39.01,116.54;39.24,116.76;39.28,116.92;39.55,116.78;
#66:
>0:39.4,116.86;39.55,116.56;39.49,116.31;
#67:
>0:39.47,116.17;39.37,116.45;39.66,116.62;
#68:
>0:39.37,115.96;39.18,116.23;39.02,116.45;39.01,116.52;39.05,116.7;39.11,117.12;
#69:
>0:39.99,116.37;39.99,116.52;
#70:
>0:39.09,116.77;39.27,116.5;39.5,116.42;39.18,116.4;39.36,116.04;
#71:
>0:39.85,116.88;39.54,116.72;39.48,116.51;39.36,116.35;39.31,116.38;39.29,115.95;
#72:
>0:39.54,116.24;39.71,116.07;
#73:
>0:39.44,115.91;39.24,116.01;39.07,116.11;39.26,116.28;39.37,116.51;39.37,116.9;
#74:
>0:40.04,116.43;40.1,116.37;
#75:
>0:40.12,116.39;39.96,116.48;
#76:
>0:39.36,115.97;39.21,116.23;39.09,116.31;39.01,116.51;38.98,116.69;39.14,117.09;
#77:
>0:39.79,116.93;39.96,117.05;39.84,116.61;
#78:
>0:40.07,116.48;40.0,116.32;
#79:
>0:39.98,115.88;39.81,115.97;39.53,115.96;39.46,116.09;39.29,116.2;
#80:
>0:39.05,116.45;39.21,116.09;39.43,116.37;39.54,116.42;39.59,116.11;40.03,116.01;
#81:
>0:39.57,116.34;39.86,116.45;
#82:
>0:39.09,116.06;39.29,116.14;39.17,116.31;39.25,116.55;
#83:
>0:39.62,116.08;39.55,116.14;39.48,116.19;39.29,116.37;39.59,116.71;
#84:
>0:40.0,116.91;39.75,116.7;39.9,116.53;39.75,116.47;39.48,116.27;
#85:
>0:39.69,115.92;39.48,115.96;39.55,116.11;39.79,116.34;39.93,116.78;
#86:
>0:39.19,116.23;39.52,116.24;39.56,116.23;
#87:
>0:40.04,115.92;39.79,115.89;39.65,116.07;39.5,116.15;39.2,116.11;
#88:
>0:39.61,116.72;39.56,116.92;
#89:
>0:39.05,116.3;39.19,116.2;39.44,116.51;
#90:
>0:39.11,116.59;39.31,116.67;39.41,116.75;39.68,116.55;39.78,116.8;
#91:
>0:39.4,116.15;39.22,116.37;39.28,116.51;
#92:
>0:39.88,115.95;39.56,116.13;39.69,116.4;
#93:
>0:39.21,116.49;39.24,116.5;
#94:
>0:39.49,116.73;39.67,116.51;39.54,116.45;39.74,116.38;39.84,116.01;
#95:
>0:39.96,116.18;40.01,116.48;40.01,116.57;39.92,116.68;39.96,116.94;
#96:
>0:39.61,115.94;39.56,116.19;39.35,116.1;39.19,116.37;39.7,116.71;
#97:
>0:39.09,116.38;39.29,116.14;39.48,116.25;
#98:
>0:39.05,116.29;39.06,116.5;39.07,116.74;39.01,117.15;
#99:
>0:39.79,116.31;39.84,116.32;39.58,116.14;39.34,116.13;
#100:
>0:39.65,117.06;39.35,116.73;39.2,116.48;39.45,116.41;39.07,116.24;
#101:
>0:39.03,116.64;39.05,116.83;39.34,116.62;39.62,116.73;
#102:
>0:39.11,117.07;39.16,116.79;39.04,116.59;39.0,116.34;
#103:
>0:39.77,115.91;39.59,116.27;
#104:
>0:40.01,116.35;39.99,116.32;
#105:
>0:39.58,116.18;39.41,116.38;39.34,116.62;39.0,116.69;39.11,117.13;
#106:
>0:40.07,116.73;39.87,116.69;39.75,117.07;39.65,116.93;39.5,117.03;39.0,116.59;
#107:
>0:39.15,116.26;38.98,116.41;39.15,116.54;39.05,116.69;
#108:
>0:39.97,115.91;39.9,116.12;39.69,116.32;39.51,116.59;39.18,116.51;39.1,116.55;
#109:
>0:39.85,116.22;39.66,116.44;39.36,116.57;39.3,116.82;39.1,116.73;
#110:
>0:39.61,116.28;39.64,116.64;39.75,116.59;40.04,117.04;
#111:
>0:39.69,116.3;39.68,116.13;
