#0:
>0:32.45,115.58;31.89,115.64;
#1:
>0:29.62,116.6;31.93,116.25;33.98,115.78;37.03,115.64;37.99,115.33;
#2:
>0:35.56,116.64;40.55,116.57;40.36,115.89;40.03,115.62;
#3:
>0:28.55,115.36;28.31,115.06;
#4:
>0:37.61,116.02;38.57,115.71;33.59,115.28;
#5:
>0:27.92,116.13;31.93,116.04;35.09,115.72;30.67,115.3;36.13,114.9;
#6:
>0:25.79,116.24;27.13,115.81;31.02,115.91;
#7:
>0:34.22,115.18;30.22,115.75;32.08,116.04;28.44,116.33;25.49,116.48;
#8:
>0:35.78,115.29;33.63,115.17;36.32,115.61;30.17,116.19;
#9:
>0:41.98,116.34;40.27,116.56;
#10:
>0:35.97,115.22;33.63,114.96;30.71,114.95;29.01,115.16;
#11:
>0:27.83,116.68;30.06,116.34;
#12:
>0:35.32,116.15;37.46,116.05;40.2,115.74;34.07,115.34;
#13:
>0:34.43,114.9;32.15,114.9;31.99,115.55;
#14:
>0:36.54,116.05;38.39,115.86;
#15:
>0:27.83,115.98;26.51,115.96;25.7,115.6;28.92,114.97;
#16:
>0:32.75,114.96;32.46,115.28;29.16,115.57;31.17,116.03;29.03,116.36;30.19,116.55;
#17:
>0:32.28,116.51;29.0,116.3;28.62,116.03;27.97,115.88;
#18:
>0:38.8,116.48;35.57,116.62;
#19:
>0:38.27,115.88;36.63,116.0;33.84,115.85;32.54,115.81;28.92,116.07;25.62,116.27;
#20:
>0:31.52,114.91;34.42,115.39;35.51,115.59;38.97,116.05;40.1,116.25;
#21:
>0:34.42,114.87;32.15,115.34;30.95,115.88;31.04,116.07;34.42,115.89;30.6,116.42;
#22:
>0:34.03,116.38;31.52,115.79;29.6,116.31;26.81,116.58;
#23:
>0:33.02,116.58;34.03,116.57;
#24:
>0:27.25,116.16;26.47,116.56;31.32,115.79;
#25:
>0:26.57,115.99;29.06,115.69;30.86,115.34;
#26:
>0:28.08,115.15;28.47,115.11;28.2,115.16;30.25,115.8;30.85,115.79;27.73,116.53;
#27:
>0:30.68,114.97;32.12,115.23;31.79,115.53;38.71,116.07;
#28:
>0:28.4,115.16;28.02,115.13;27.91,115.42;33.96,115.38;
#29:
>0:28.08,116.19;31.91,116.23;34.86,116.15;35.13,116.54;38.63,116.52;
#30:
>0:25.9,115.69;28.36,115.91;29.68,116.26;
#31:
>0:41.47,116.58;41.88,116.53;
#32:
>0:32.47,115.62;30.67,115.97;33.36,116.11;39.82,116.11;
#33:
>0:27.65,116.09;31.69,116.26;33.87,116.16;36.59,116.51;38.73,116.52;
#34:
>0:37.38,116.07;34.31,115.88;31.68,115.25;28.27,115.89;27.33,115.67;
#35:
>0:40.42,116.52;36.31,116.16;34.39,116.53;31.32,116.52;
#36:
>0:36.12,115.85;35.71,115.87;32.32,115.3;30.63,115.57;25.28,115.74;
#37:
>0:37.9,115.33;39.02,115.02;
#38:
>0:25.17,115.63;26.8,115.29;31.77,115.39;
#39:
>0:35.79,115.67;38.49,116.14;41.86,116.53;
#40:
>0:25.44,115.71;29.66,116.02;27.75,116.22;
#41:
>0:29.41,114.89;31.09,114.87;31.85,115.25;29.97,115.76;29.89,116.25;
#42:
>0:37.82,115.38;39.1,115.54;40.01,116.06;
#43:
>0:33.79,115.66;33.24,115.5;
#44:
>0:37.56,115.88;34.92,115.9;32.23,115.98;29.95,115.98;
#45:
>0:34.0,115.88;36.43,116.29;
#46:
>0:34.6,115.0;30.63,115.02;31.44,115.71;
#47:
>0:34.77,116.52;36.67,116.1;36.38,116.12;38.84,115.75;36.4,115.45;35.92,115.06;
#48:
>0:27.41,115.74;25.73,115.39;30.38,115.36;
#49:
>0:41.08,116.31;41.08,116.32;
#50:
>0:31.24,116.63;31.4,116.3;27.82,116.24;27.12,115.89;
#51:
>0:35.42,114.98;34.46,115.02;32.26,114.95;31.64,115.37;26.79,115.04;
#52:
>0:33.72,116.02;32.52,115.69;
#53:
>0:32.05,116.56;34.44,116.29;
#54:
>0:29.25,116.23;30.76,116.34;31.74,115.97;35.07,115.62;
#55:
>0:36.9,115.75;32.59,115.26;31.4,115.0;
#56:
>0:30.57,115.18;32.25,115.8;35.08,115.38;
#57:
>0:35.12,116.39;33.96,116.29;30.71,116.06;36.12,115.77;
#58:
>0:31.2,116.52;33.72,116.68;
#59:
>0:32.33,116.15;32.64,116.11;35.85,116.17;
#60:
>0:35.08,116.36;38.3,115.95;
#61:
>0:39.69,116.61;36.02,116.1;33.88,115.9;32.2,115.55;
#62:
>0:30.3,116.31;32.59,115.9;35.47,115.66;35.64,115.31;35.18,114.98;
#63:
>0:39.61,115.05;36.02,115.25;32.88,115.76;34.29,116.04;34.37,116.34;
#64:
>0:35.12,116.04;30.21,116.23;32.83,116.61;
#65:
>0:26.36,116.48;26.87,116.41;29.1,116.01;32.45,115.86;36.09,115.82;40.87,116.09;
#66:
>0:28.37,115.3;30.81,115.75;30.11,115.9;36.38,115.56;
#67:
>0:26.15,116.29;27.21,116.09;27.87,116.06;32.29,115.71;32.58,115.71;37.98,115.69;
#68:
>0:27.81,116.28;31.99,116.35;32.81,116.12;36.57,116.63;38.91,116.51;
#69:
>0:36.16,115.55;33.71,115.83;33.58,116.23;
#70:
>0:26.12,115.26;26.51,115.63;
#71:
>0:29.18,116.67;31.67,116.22;
#72:
>0:29.59,116.14;31.02,116.28;33.08,116.32;36.51,115.75;
#73:
>0:31.91,115.4;32.49,115.59;36.66,116.03;
#74:
>0:36.56,115.71;33.17,115.42;31.14,114.99;
#75:
>0:28.06,116.23;30.65,116.08;34.9,116.28;35.48,115.56;
#76:
>0:25.94,116.27;28.91,115.81;27.04,115.87;25.75,115.29;
#77:
>0:26.58,116.5;27.9,116.34;30.26,115.98;33.95,115.71;30.21,115.18;37.11,115.07;
#78:
>0:25.64,115.7;25.39,115.18;29.38,115.45;30.18,115.83;36.16,115.35;
#79:
>0:37.73,115.08;36.09,114.92;
#80:
>0:38.77,115.03;38.13,115.46;39.74,115.78;40.33,115.89;40.51,116.24;38.19,116.56;
#81:
>0:27.65,116.19;29.08,115.99;29.12,115.94;
#82:
>0:32.79,116.31;31.87,115.8;29.22,115.95;
#83:
>0:28.2,115.04;27.82,115.4;31.26,115.69;33.25,115.87;30.08,116.27;37.0,116.57;
#84:
>0:28.26,114.88;29.05,115.21;31.97,115.63;31.75,115.99;28.05,116.22;26.67,116.52;
#85:
>0:31.91,115.67;29.85,115.21;25.97,115.41;
#86:
>0:41.33,116.33;35.42,116.33;35.64,116.54;32.86,116.19;29.71,116.2;
#87:
>0:36.46,114.92;37.44,115.31;33.26,115.2;36.84,115.95;
#88:
>0:27.54,115.27;26.09,115.59;26.71,116.25;
#89:
>0:27.02,116.47;28.39,116.42;31.83,116.11;33.28,116.41;36.15,116.57;38.06,116.46;
#90:
>0:41.1,116.38;41.74,116.35;
