#0:
>0:39.2,116.56;35.09,116.2;33.85,116.04;34.34,115.69;30.76,115.5;27.34,115.3;
#1:
>0:36.42,116.63;37.23,116.38;30.66,116.35;
#2:
>0:40.35,116.6;41.53,116.56;
#3:
>0:32.93,116.19;30.65,116.03;31.36,115.96;
#4:
>0:40.85,116.26;41.86,116.34;
#5:
>0:28.43,115.42;29.98,115.74;34.61,115.33;
#6:
>0:35.89,115.18;33.76,115.39;30.3,115.27;
#7:
>0:27.27,115.82;31.59,115.74;31.85,115.46;33.27,116.31;
#8:
>0:34.46,115.3;35.05,115.72;
#9:
>0:26.14,116.38;27.61,116.27;31.61,115.9;32.76,115.63;35.33,115.23;39.33,115.35;
#10:
>0:29.97,115.22;29.95,115.87;33.56,115.22;
#11:
>0:36.79,115.06;35.37,115.18;
#12:
>0:25.12,115.32;28.99,115.19;30.47,115.44;32.71,115.46;35.97,115.17;39.9,115.17;
#13:
>0:31.42,115.37;33.02,115.03;35.22,115.06;38.23,114.88;
#14:
>0:26.81,114.98;25.94,115.33;25.81,115.54;31.05,115.8;
#15:
>0:30.44,116.66;34.78,116.34;36.35,116.67;
#16:
>0:38.77,114.86;39.38,115.25;36.11,115.55;32.98,115.45;29.02,115.32;
#17:
>0:37.6,115.07;37.6,115.28;
#18:
>0:30.32,115.73;30.31,115.99;33.63,116.05;38.75,115.93;
#19:
>0:32.4,115.92;34.01,115.79;36.4,115.49;
#20:
>0:37.59,115.58;36.28,116.0;33.94,116.08;30.76,116.32;29.71,116.08;
#21:
>0:27.51,115.8;28.33,115.91;31.67,115.64;
#22:
>0:37.22,115.93;32.84,115.77;
#23:
>0:35.93,116.5;40.68,116.22;
#24:
>0:26.95,115.9;28.54,115.69;31.52,115.59;32.72,115.62;37.16,115.47;
#25:
>0:39.05,115.38;38.3,115.13;
#26:
>0:26.39,116.11;30.0,116.14;
#27:
>0:29.94,116.43;30.67,116.61;34.16,116.2;37.29,116.6;
#28:
>0:25.12,116.39;29.04,116.23;31.79,115.8;34.69,115.47;35.81,115.21;39.65,114.93;
#29:
>0:40.55,116.61;40.74,116.53;
#30:
>0:41.35,116.39;41.42,116.58;
#31:
>0:31.67,116.13;33.28,115.78;33.56,115.75;28.43,115.28;
#32:
>0:39.11,116.07;36.65,115.8;32.7,116.48;
#33:
>0:27.98,115.8;27.34,115.24;
#34:
>0:38.5,115.4;39.77,114.98;
#35:
>0:30.84,115.11;34.59,115.27;37.26,115.5;
#36:
>0:29.84,115.9;29.78,116.0;
#37:
>0:29.27,116.3;27.74,116.04;29.49,115.72;25.76,115.24;
#38:
>0:38.72,115.96;36.15,115.9;35.02,115.79;
#39:
>0:29.28,115.91;31.87,116.14;34.37,115.96;35.86,116.23;37.68,116.06;
#40:
>0:27.28,115.03;27.39,115.37;25.9,115.75;
#41:
>0:26.69,116.21;28.85,116.34;30.21,116.1;32.61,115.72;
#42:
>0:30.78,115.39;31.97,115.8;28.37,115.77;25.13,116.27;28.42,116.67;
#43:
>0:40.35,116.36;41.9,116.38;
#44:
>0:31.12,116.35;27.85,116.2;25.78,116.34;
#45:
>0:30.47,116.21;33.54,115.8;33.08,115.55;28.13,115.18;
#46:
>0:25.88,116.38;28.53,116.37;30.22,115.78;34.7,115.6;35.36,115.19;38.46,114.98;
#47:
>0:29.3,115.86;28.78,116.34;
#48:
>0:36.92,115.8;33.7,116.35;31.7,116.16;28.45,116.34;
#49:
>0:35.45,116.31;34.04,116.06;30.74,115.95;
#50:
>0:41.03,116.47;41.6,116.42;
#51:
>0:37.43,115.49;33.36,115.26;31.38,115.47;29.79,114.94;
#52:
>0:25.43,115.99;28.77,115.76;30.57,115.32;33.19,115.19;35.9,115.66;39.58,115.47;
#53:
>0:37.13,115.32;34.76,115.68;30.97,116.01;29.28,116.09;25.19,116.42;
#54:
>0:32.2,114.91;34.33,115.18;31.61,115.63;33.8,115.88;
#55:
>0:34.61,116.17;37.08,115.87;37.48,115.77;36.83,115.35;36.37,115.09;
#56:
>0:28.3,116.37;31.83,116.12;31.1,116.64;33.73,116.48;39.09,116.42;
#57:
>0:34.24,115.61;36.92,115.37;37.57,115.06;
#58:
>0:33.85,115.73;30.46,115.78;29.43,116.15;25.46,116.09;
#59:
>0:35.78,115.38;33.43,115.51;31.0,115.84;28.4,116.17;26.28,116.53;
#60:
>0:34.91,115.35;30.65,115.74;30.43,115.94;30.89,116.18;33.79,116.46;
#61:
>0:31.2,115.28;34.68,115.57;34.05,115.77;40.43,116.58;
#62:
>0:30.81,115.81;28.34,115.34;30.38,115.12;
#63:
>0:25.48,116.02;28.24,115.85;30.62,115.61;
#64:
>0:26.28,116.3;27.34,116.51;28.37,116.41;30.55,116.44;37.35,116.18;
#65:
>0:40.05,116.52;41.86,116.35;
#66:
>0:41.35,116.37;41.55,116.4;
#67:
>0:41.19,116.6;41.13,116.35;
#68:
>0:34.93,115.66;35.83,115.48;38.91,115.7;
#69:
>0:32.65,116.22;31.38,116.0;30.52,115.58;25.21,115.65;
#70:
>0:25.09,115.01;25.88,115.39;26.17,115.58;30.7,116.0;
#71:
>0:34.15,116.4;37.04,116.66;34.41,116.0;
#72:
>0:32.57,116.43;31.71,116.64;28.35,116.48;25.18,116.38;
#73:
>0:30.21,116.45;28.55,116.35;
#74:
>0:32.67,115.41;35.79,115.76;
#75:
>0:26.45,116.08;27.94,116.24;
#76:
>0:40.52,116.3;41.36,116.37;
#77:
>0:32.02,115.17;32.25,115.58;25.81,115.38;
#78:
>0:26.23,115.86;30.26,115.81;31.42,115.57;33.12,116.32;
#79:
>0:25.71,115.84;30.13,115.69;30.19,115.26;34.01,115.41;37.41,115.75;39.0,115.71;
#80:
>0:27.12,115.08;25.58,115.34;26.31,115.67;
#81:
>0:40.83,116.4;41.39,116.3;
#82:
>0:28.06,115.82;32.42,115.67;28.61,115.1;
#83:
>0:38.63,116.23;40.4,116.47;
#84:
>0:31.18,114.94;33.11,115.36;31.47,115.66;32.55,115.97;
#85:
>0:37.31,115.02;33.51,115.35;30.85,115.62;30.0,115.95;29.16,116.35;
#86:
>0:36.33,115.63;33.32,115.82;30.92,116.36;28.1,116.29;
#87:
>0:33.35,115.67;30.07,115.72;27.99,115.36;27.53,115.94;
#88:
>0:30.79,115.01;34.85,115.36;31.06,115.58;33.64,115.97;
#89:
>0:39.86,116.45;41.62,116.56;37.41,116.0;32.58,115.62;30.93,115.61;25.76,115.59;
#90:
>0:25.22,116.42;28.81,116.35;31.37,115.78;32.81,115.52;35.89,115.19;38.52,115.22;
