#0:
>0:30.03,116.22;31.81,115.94;33.9,115.74;35.97,115.73;38.76,115.77;
#1:
>0:31.32,115.84;33.92,116.32;35.83,116.67;39.99,116.55;
#2:
>0:35.07,115.79;33.76,116.19;30.06,116.36;28.43,116.4;26.91,116.34;
#3:
>0:29.5,115.52;27.55,115.55;
#4:
>0:29.45,115.37;28.39,115.39;
#5:
>0:25.2,115.32;28.34,115.52;30.22,114.89;
#6:
>0:25.76,114.88;28.62,115.35;32.16,115.57;33.18,116.05;35.29,116.02;
#7:
>0:35.62,115.38;34.22,115.53;30.25,115.58;
#8:
>0:25.25,114.88;25.9,115.17;27.75,115.6;30.12,115.93;34.15,115.64;38.46,115.67;
#9:
>0:38.18,115.2;36.52,115.61;33.21,115.76;
#10:
>0:40.82,116.34;39.2,116.48;36.14,116.65;33.75,116.32;30.66,115.85;26.56,115.48;
#11:
>0:31.04,115.73;28.18,116.04;
#12:
>0:25.65,115.81;28.43,116.15;32.04,116.0;
#13:
>0:30.64,115.52;30.15,115.91;26.35,115.48;
#14:
>0:36.3,115.29;38.11,115.52;39.76,115.99;37.2,116.21;39.46,116.54;
#15:
>0:32.43,116.29;33.92,115.88;36.36,116.06;
#16:
>0:32.04,116.37;34.86,116.68;
#17:
>0:30.9,115.1;34.94,115.27;31.12,115.52;34.92,115.98;40.87,116.31;
#18:
>0:32.81,115.64;31.45,116.04;29.62,115.99;26.41,116.07;
#19:
>0:32.06,114.95;35.02,115.38;35.57,115.35;
#20:
>0:38.68,115.28;35.51,115.51;37.0,115.88;
#21:
>0:27.56,114.9;25.63,114.92;
#22:
>0:34.05,115.54;37.34,115.77;39.08,115.86;
#23:
>0:25.48,115.2;27.59,115.61;31.14,116.05;
#24:
>0:36.37,116.61;36.03,116.15;36.99,115.83;36.3,115.53;36.23,115.44;
#25:
>0:26.75,115.2;27.86,115.48;29.07,115.82;30.12,115.82;35.88,115.49;
#26:
>0:40.02,116.47;39.26,116.46;
#27:
>0:38.13,116.0;35.18,115.49;32.69,115.17;30.38,115.19;27.67,115.28;
#28:
>0:39.29,116.34;39.51,116.35;
#29:
>0:35.92,115.97;34.27,115.47;32.03,115.16;28.11,115.29;
#30:
>0:33.59,116.39;32.89,116.22;31.9,115.8;26.2,115.69;
#31:
>0:26.97,115.16;27.74,115.66;31.0,116.03;34.59,115.65;36.47,115.63;39.28,115.99;
#32:
>0:31.58,115.65;32.7,116.01;34.66,116.27;
#33:
>0:32.49,116.35;33.2,116.55;
#34:
>0:29.13,115.33;31.21,115.51;30.57,116.01;
#35:
>0:35.13,115.96;34.52,116.13;30.58,116.31;27.63,116.62;26.28,116.16;
#36:
>0:32.25,115.09;33.98,114.97;35.59,115.04;
#37:
>0:32.32,115.79;35.02,116.37;36.75,116.46;41.58,116.36;
#38:
>0:27.01,116.12;28.62,116.61;29.27,116.09;31.65,115.9;32.63,115.48;38.93,115.55;
#39:
>0:37.61,115.11;37.18,115.35;37.29,115.74;38.33,115.71;36.81,116.29;
#40:
>0:38.53,115.43;35.76,115.35;34.59,115.28;31.59,115.76;31.8,115.98;25.8,115.44;
#41:
>0:33.07,115.38;35.55,115.65;33.77,116.05;
#42:
>0:39.15,116.55;37.7,116.61;
#43:
>0:37.08,115.97;32.88,116.16;30.76,116.23;29.89,116.59;27.47,116.29;
#44:
>0:26.23,116.36;27.44,116.47;
#45:
>0:40.76,116.37;40.98,116.56;
#46:
>0:41.2,116.4;39.95,116.24;
#47:
>0:31.18,115.65;29.21,115.29;25.09,115.12;
#48:
>0:30.31,115.07;33.28,114.97;36.0,115.13;
#49:
>0:31.41,116.45;29.03,116.16;26.46,115.94;25.12,115.65;25.8,115.33;25.27,115.01;
#50:
>0:26.29,116.64;29.73,116.3;31.24,115.86;29.49,115.72;31.06,115.4;28.84,114.87;
#51:
>0:36.45,116.59;37.19,116.25;34.03,116.05;28.24,115.63;
#52:
>0:33.57,114.89;35.61,115.34;
#53:
>0:36.55,116.25;33.73,115.8;30.2,115.73;28.69,115.28;
#54:
>0:25.55,115.69;28.56,115.18;
#55:
>0:34.27,115.09;37.32,115.45;
#56:
>0:40.29,116.43;40.54,116.32;
#57:
>0:33.36,116.34;32.99,115.99;
#58:
>0:33.16,116.4;30.09,116.23;28.19,115.87;27.54,115.82;
#59:
>0:27.87,116.04;32.39,116.12;
#60:
>0:41.61,116.47;40.87,116.4;
#61:
>0:34.14,115.27;32.42,115.72;27.85,115.53;
#62:
>0:36.72,116.46;36.13,116.28;39.67,115.78;
#63:
>0:32.96,115.4;31.58,115.01;29.48,114.85;26.64,114.88;
#64:
>0:32.6,114.98;30.07,115.4;29.75,115.58;26.99,115.47;
#65:
>0:29.98,116.21;28.29,116.04;31.19,115.77;32.61,115.5;39.52,115.54;
#66:
>0:35.39,115.79;36.7,116.31;
#67:
>0:41.2,116.52;40.4,116.53;
#68:
>0:33.36,116.61;34.6,116.36;35.71,116.36;36.65,115.96;36.3,115.36;
#69:
>0:39.92,114.93;36.37,115.42;33.87,115.48;30.05,115.83;29.45,115.86;27.32,115.85;
#70:
>0:25.17,115.16;27.9,115.15;31.98,114.95;
#71:
>0:31.93,115.95;29.09,116.33;27.28,115.57;
#72:
>0:27.93,116.32;31.63,116.04;33.83,115.58;35.16,115.65;37.56,116.01;
#73:
>0:39.7,116.44;40.68,116.45;
#74:
>0:26.99,115.19;29.51,115.47;30.91,116.0;27.56,116.05;27.33,116.48;
#75:
>0:33.44,115.57;35.1,115.29;
#76:
>0:36.71,116.62;35.27,116.12;36.82,116.02;37.04,115.65;36.22,115.46;
#77:
>0:29.47,115.88;31.91,115.9;33.78,115.49;35.24,115.7;38.03,115.45;
#78:
>0:36.06,115.64;33.04,115.96;30.76,116.06;30.78,116.65;
#79:
>0:33.86,116.53;32.86,116.19;30.78,116.26;31.53,116.02;25.82,115.31;
#80:
>0:28.13,115.54;32.36,115.92;34.78,116.14;35.69,116.51;39.91,116.39;
#81:
>0:39.68,116.42;41.21,116.1;
#82:
>0:35.96,115.86;33.64,115.73;
#83:
>0:37.34,115.37;34.16,115.67;31.63,115.73;
#84:
>0:35.62,115.45;34.92,115.74;34.83,116.01;31.74,116.06;30.29,116.49;
#85:
>0:26.38,115.85;27.89,116.15;30.91,115.83;33.19,116.35;35.45,116.63;
#86:
>0:32.49,115.31;33.16,115.66;32.59,115.79;31.39,116.0;34.65,116.59;
#87:
>0:31.56,115.24;28.58,115.67;30.29,115.87;29.34,116.26;
#88:
>0:30.31,115.66;32.83,115.99;34.73,116.24;
#89:
>0:34.6,115.3;33.51,115.68;32.99,115.95;32.47,115.93;30.45,116.57;
#90:
>0:25.75,115.8;29.5,116.18;30.35,115.83;32.64,115.53;36.72,115.65;39.21,115.34;
