#0:
>0:29.03,115.88;30.39,116.08;30.08,116.49;34.25,116.28;38.17,115.72;
#1:
>0:30.15,116.0;31.89,115.71;32.74,115.33;
#2:
>0:32.11,116.24;31.72,116.55;33.51,116.14;39.63,116.05;
#3:
>0:30.75,116.26;31.11,116.52;33.11,116.09;39.61,115.64;
#4:
>0:32.57,115.59;30.25,115.88;36.83,116.31;
#5:
>0:38.3,114.95;38.81,115.2;
#6:
>0:41.17,116.5;40.81,116.25;
#7:
>0:30.12,116.4;34.99,116.34;27.8,115.82;
#8:
>0:34.42,115.28;33.67,115.71;31.5,115.83;29.97,115.91;27.0,116.54;
#9:
>0:36.71,115.75;38.68,115.38;38.75,115.1;
#10:
>0:28.27,115.42;25.79,115.44;28.97,115.69;28.79,115.84;28.1,116.67;
#11:
>0:38.24,115.82;39.96,116.44;
#12:
>0:31.06,116.49;33.91,116.22;35.44,116.35;35.87,115.8;38.32,115.59;33.74,114.94;
#13:
>0:32.04,115.8;28.18,115.67;25.68,115.62;
#14:
>0:30.89,115.39;34.84,114.9;36.99,115.12;38.35,115.65;
#15:
>0:27.64,116.57;31.51,116.51;32.66,116.25;31.48,115.94;29.44,115.64;29.79,114.86;
#16:
>0:33.64,115.29;34.42,115.58;32.31,115.83;28.96,115.81;27.5,116.57;
#17:
>0:29.6,116.5;29.21,116.56;
#18:
>0:38.87,116.39;37.39,116.47;41.13,116.5;
#19:
>0:25.46,115.47;29.49,115.27;30.85,115.66;34.32,115.76;32.84,115.45;39.12,115.22;
#20:
>0:36.57,116.36;34.94,116.48;31.48,116.44;31.33,116.24;26.92,116.66;
#21:
>0:31.13,116.15;33.06,115.92;32.85,115.69;34.62,115.29;37.35,114.95;
#22:
>0:35.76,116.46;34.43,116.61;31.71,116.21;
#23:
>0:41.04,116.5;41.12,116.32;
#24:
>0:35.93,116.25;38.5,116.68;
#25:
>0:28.51,116.13;31.47,115.96;32.09,115.49;32.95,115.34;
#26:
>0:27.45,116.55;29.65,116.62;31.68,116.47;34.39,116.25;36.97,116.09;38.99,115.59;
#27:
>0:28.89,116.2;30.43,116.35;33.17,115.83;32.71,115.52;33.68,115.02;
#28:
>0:40.27,116.41;39.25,116.48;
#29:
>0:40.4,116.45;39.88,116.31;
#30:
>0:39.27,116.5;39.88,116.51;
#31:
>0:35.17,115.68;34.09,115.21;30.05,115.14;
#32:
>0:37.8,115.29;37.31,115.76;32.91,115.47;30.85,115.52;30.45,115.89;26.88,115.46;
#33:
>0:39.16,116.32;38.89,116.42;
#34:
>0:36.09,114.92;38.62,115.35;36.75,115.66;39.81,115.65;38.46,116.04;38.44,116.58;
#35:
>0:35.44,115.7;32.57,115.75;36.75,115.01;
#36:
>0:40.59,116.37;41.19,116.39;
#37:
>0:37.74,115.74;36.22,115.52;33.64,115.89;31.56,115.88;29.63,115.63;26.6,115.96;
#38:
>0:38.54,116.5;38.42,116.44;
#39:
>0:40.25,116.37;39.65,116.5;
#40:
>0:41.21,116.36;40.07,116.37;
#41:
>0:29.55,116.36;26.16,115.95;
#42:
>0:37.9,115.76;37.09,115.22;32.83,115.32;33.82,114.91;28.01,115.1;
#43:
>0:37.3,116.19;35.35,116.06;
#44:
>0:37.18,116.35;39.01,116.33;
#45:
>0:26.48,116.02;29.62,115.74;26.48,115.29;
#46:
>0:41.0,116.28;40.87,116.32;
#47:
>0:33.01,116.06;32.48,115.6;
#48:
>0:34.87,115.27;36.91,115.52;
#49:
>0:39.04,116.44;39.3,116.45;
#50:
>0:26.34,115.05;29.35,115.04;30.07,115.1;
#51:
>0:40.3,116.31;40.38,116.38;
#52:
>0:32.53,116.1;29.52,116.54;25.09,116.06;
#53:
>0:37.06,115.0;39.92,115.26;38.34,115.6;37.63,115.8;36.72,116.36;39.93,116.5;
#54:
>0:40.68,116.41;41.07,116.52;
#55:
>0:37.52,116.04;36.74,115.65;34.53,115.95;31.91,116.2;25.93,116.64;
#56:
>0:38.65,115.66;37.28,115.39;36.75,115.04;
#57:
>0:41.23,116.48;40.83,116.52;
#58:
>0:30.1,115.79;33.14,115.97;32.63,115.35;
#59:
>0:36.85,115.64;32.89,115.52;37.18,115.05;
#60:
>0:39.11,116.35;40.71,116.4;
#61:
>0:39.07,116.41;39.67,116.46;
#62:
>0:33.53,116.53;31.27,116.46;34.17,115.99;
#63:
>0:39.92,116.36;40.83,116.34;
#64:
>0:27.88,116.29;31.58,116.3;34.36,115.8;33.74,115.57;32.88,114.85;
#65:
>0:36.86,115.69;32.58,116.05;33.28,115.74;31.33,115.97;26.19,115.65;
#66:
>0:39.05,116.39;40.35,116.3;
#67:
>0:39.04,116.3;39.16,116.44;
#68:
>0:39.83,116.25;40.99,116.46;
#69:
>0:36.39,116.2;36.5,116.0;
#70:
>0:27.45,114.98;28.67,115.11;32.07,114.92;
#71:
>0:38.08,115.49;39.54,115.64;
#72:
>0:26.37,115.67;28.31,115.4;
#73:
>0:32.74,116.64;30.67,116.09;30.07,115.79;27.89,115.76;30.11,115.42;30.84,114.85;
#74:
>0:40.07,116.3;40.89,116.33;
#75:
>0:26.3,116.55;29.15,116.25;31.53,116.26;34.38,115.82;34.66,115.7;37.44,115.02;
#76:
>0:40.47,116.47;39.67,116.27;
#77:
>0:37.85,115.77;35.9,116.02;34.1,115.99;
#78:
>0:40.78,116.31;40.82,116.23;
#79:
>0:37.03,115.54;34.52,116.01;33.01,115.49;28.16,115.99;
#80:
>0:27.63,116.58;30.52,116.67;34.25,116.28;31.49,115.87;32.24,115.43;
#81:
>0:41.18,116.49;40.03,116.36;
#82:
>0:39.29,116.52;38.88,116.39;
#83:
>0:35.14,115.75;33.87,115.2;32.44,114.98;
#84:
>0:28.4,116.55;26.92,116.11;
#85:
>0:27.84,116.26;25.36,116.01;29.62,115.55;30.88,115.22;37.24,114.91;
#86:
>0:39.74,116.29;37.43,116.2;33.15,116.18;
#87:
>0:39.14,116.49;40.35,116.52;
#88:
>0:25.6,116.31;28.07,116.47;30.61,116.04;
#89:
>0:26.45,116.5;29.68,116.49;30.22,116.52;33.01,116.31;35.87,116.25;39.93,116.64;
#90:
>0:31.52,115.73;32.47,115.83;32.6,116.17;39.0,115.99;
