#0:
>0:37.89,115.41;39.86,115.7;
#1:
>0:28.98,115.11;25.42,115.26;28.01,115.66;25.91,115.99;26.78,116.16;
#2:
>0:35.4,115.89;34.03,115.62;32.17,115.31;29.46,115.02;
#3:
>0:41.1,116.41;35.15,116.3;35.79,115.88;32.48,116.68;
#4:
>0:26.69,115.25;29.19,115.62;27.99,115.96;31.37,116.09;35.17,115.79;39.47,115.82;
#5:
>0:26.59,116.19;28.72,116.14;31.24,116.48;31.89,116.23;36.15,115.99;39.15,115.63;
#6:
>0:28.76,115.91;30.42,116.2;32.73,116.06;37.21,115.8;
#7:
>0:28.68,116.15;25.54,116.28;
#8:
>0:33.94,116.34;35.52,115.96;37.11,115.63;36.63,115.44;
#9:
>0:41.23,116.46;40.91,116.44;
#10:
>0:39.85,115.94;39.96,115.52;34.52,116.04;
#11:
>0:39.97,115.21;35.62,115.47;34.46,115.6;
#12:
>0:27.02,116.49;29.68,116.09;30.55,115.89;32.63,115.6;36.57,115.2;
#13:
>0:37.67,115.38;36.34,115.73;35.06,115.83;30.3,116.15;29.98,116.67;25.51,116.06;
#14:
>0:33.95,116.1;35.35,115.91;32.62,115.47;34.77,115.26;
#15:
>0:26.15,114.89;28.66,115.35;
#16:
>0:37.19,116.07;34.13,115.59;34.16,115.26;33.84,115.01;
#17:
>0:29.06,115.84;31.01,115.66;34.42,115.22;37.22,115.02;38.67,115.02;
#18:
>0:40.68,116.31;39.8,116.34;
#19:
>0:36.53,115.39;34.17,115.66;30.55,115.97;
#20:
>0:36.86,115.31;35.06,115.05;
#21:
>0:38.43,115.41;36.12,115.72;32.59,115.7;
#22:
>0:40.06,116.29;41.22,116.4;
#23:
>0:39.04,116.38;37.16,116.61;32.61,116.13;32.1,116.14;28.59,116.15;
#24:
>0:36.44,115.17;35.43,115.03;
#25:
>0:25.54,114.97;29.09,115.38;31.42,115.05;34.62,115.23;37.3,115.29;
#26:
>0:25.64,115.45;29.18,115.68;30.28,115.5;
#27:
>0:35.33,115.62;38.6,115.97;39.42,116.45;39.19,116.53;
#28:
>0:35.5,116.04;34.32,115.7;33.14,115.27;33.86,115.1;
#29:
>0:31.53,116.43;29.33,116.14;28.31,115.9;
#30:
>0:32.0,115.11;29.52,115.17;29.4,115.72;27.9,115.83;30.39,116.24;31.83,116.42;
#31:
>0:36.16,115.14;32.85,114.89;32.13,115.21;30.8,115.38;26.69,115.67;
#32:
>0:37.37,115.94;33.95,115.67;31.11,115.2;31.52,114.91;
#33:
>0:27.35,114.95;28.57,115.46;31.28,115.76;33.7,115.55;36.09,116.06;37.65,115.62;
#34:
>0:36.13,115.91;31.82,115.48;29.19,115.48;
#35:
>0:38.92,116.02;39.53,115.5;35.26,115.55;30.36,115.74;
#36:
>0:36.62,114.95;33.04,115.03;31.2,115.02;28.25,115.18;27.49,115.26;
#37:
>0:29.35,116.16;32.09,116.56;30.8,116.3;36.88,116.4;
#38:
>0:37.5,115.87;32.58,115.9;31.54,115.55;28.01,115.28;
#39:
>0:29.42,115.28;32.53,114.96;33.55,114.86;36.84,114.89;37.64,115.04;
#40:
>0:31.34,115.37;31.82,115.17;35.25,115.37;
#41:
>0:34.25,116.56;33.29,116.2;34.43,115.89;32.83,115.65;33.16,115.23;
#42:
>0:27.49,115.81;25.13,116.11;30.75,116.52;
#43:
>0:25.51,115.84;28.96,115.49;29.06,115.34;32.47,115.23;
#44:
>0:35.27,115.18;32.71,114.88;33.77,115.05;
#45:
>0:39.79,116.56;40.68,116.4;
#46:
>0:36.6,115.79;38.84,115.74;37.62,115.46;
#47:
>0:27.04,115.09;27.6,115.45;
#48:
>0:27.78,116.03;32.1,116.12;32.83,115.8;35.66,116.01;
#49:
>0:35.37,115.86;36.81,116.23;
#50:
>0:34.71,115.11;35.72,115.25;39.06,115.57;36.53,115.66;37.27,115.79;37.0,116.48;
#51:
>0:33.29,116.68;32.74,116.1;
#52:
>0:29.99,116.27;27.55,115.84;27.69,115.74;26.18,115.37;
#53:
>0:36.94,116.36;37.52,116.05;35.9,115.48;35.06,115.27;
#54:
>0:34.63,116.43;31.71,116.44;31.41,116.16;26.77,116.14;
#55:
>0:25.27,115.83;29.45,115.71;28.4,115.94;31.15,116.34;32.92,115.96;39.93,115.85;
#56:
>0:26.07,115.74;25.09,115.99;32.02,116.03;
#57:
>0:25.58,115.81;28.58,115.6;28.7,115.17;31.89,115.09;37.03,115.4;
#58:
>0:38.23,115.39;35.38,115.74;33.09,115.48;
#59:
>0:31.68,115.01;33.01,115.46;35.54,115.71;39.04,115.77;41.01,116.51;37.91,116.38;
#60:
>0:36.12,116.09;32.75,115.96;33.16,115.48;34.48,115.25;32.62,114.91;
#61:
>0:36.82,115.49;39.13,115.84;35.25,116.17;
#62:
>0:29.52,115.93;31.51,115.63;
#63:
>0:27.67,116.46;30.22,116.36;35.63,115.92;32.78,115.48;34.96,115.21;34.05,115.12;
#64:
>0:39.75,116.43;36.04,116.49;32.99,116.36;31.58,116.35;30.01,116.2;
#65:
>0:38.75,115.77;36.35,115.4;
#66:
>0:32.94,116.59;35.87,116.25;35.76,115.86;35.24,115.65;35.69,115.2;
#67:
>0:33.29,116.23;35.61,116.04;35.66,115.66;
#68:
>0:39.85,116.43;39.68,116.4;
#69:
>0:37.11,115.88;32.64,115.62;34.92,115.25;34.14,114.88;
#70:
>0:32.34,115.33;32.43,115.03;
#71:
>0:41.67,116.29;41.38,116.44;
#72:
>0:26.63,115.92;27.94,115.22;30.09,115.25;30.17,115.21;36.38,114.99;
#73:
>0:30.85,115.85;27.91,116.13;
#74:
>0:37.92,116.05;39.72,116.37;
#75:
>0:32.45,116.47;31.66,116.15;36.0,116.01;29.37,115.58;
#76:
>0:40.08,116.58;39.63,116.53;
#77:
>0:34.85,115.53;33.53,115.48;
#78:
>0:28.09,115.71;30.33,115.39;33.35,115.04;37.41,114.89;39.02,115.07;
#79:
>0:34.86,116.65;32.56,116.2;
#80:
>0:30.95,116.51;32.38,116.36;35.76,115.96;34.35,115.6;
#81:
>0:27.79,116.21;28.83,115.85;29.32,115.68;28.08,115.33;
#82:
>0:27.01,115.97;28.13,115.23;32.53,115.27;33.19,114.99;
#83:
>0:33.4,115.96;32.43,115.51;28.15,115.56;26.77,115.05;
#84:
>0:37.66,115.38;38.3,115.52;36.95,115.59;34.06,115.96;28.22,116.55;
#85:
>0:27.1,116.42;29.04,116.55;26.94,116.14;26.57,115.86;29.85,115.4;
#86:
>0:32.24,115.05;35.0,115.44;36.05,115.59;
#87:
>0:36.92,116.63;33.6,116.2;30.15,115.94;28.01,115.55;
#88:
>0:41.33,116.29;39.25,116.42;
#89:
>0:34.83,116.01;32.63,115.5;33.16,115.32;33.03,114.93;
#90:
>0:35.43,115.19;38.0,115.67;36.32,115.74;31.24,116.22;
