#0:
>0:31.65,115.47;29.53,115.2;26.64,115.42;
#1:
>0:26.53,115.83;26.91,115.68;28.53,115.49;30.35,114.95;
#2:
>0:39.23,115.95;39.43,115.64;35.53,115.53;36.74,114.98;
#3:
>0:33.82,116.48;30.68,116.09;29.29,116.13;
#4:
>0:33.45,115.08;33.1,115.27;31.69,115.76;33.23,116.07;33.39,116.29;
#5:
>0:25.09,114.88;27.61,114.96;29.23,115.21;30.78,115.55;33.68,115.26;38.59,115.7;
#6:
>0:40.88,116.34;41.12,116.35;
#7:
>0:37.15,116.46;39.04,116.34;
#8:
>0:27.18,116.41;28.94,116.22;31.71,116.29;31.17,116.38;35.7,116.16;
#9:
>0:35.54,116.28;34.04,115.91;32.45,115.59;29.97,115.61;
#10:
>0:35.13,115.57;33.99,115.56;
#11:
>0:32.29,116.11;29.44,116.0;29.3,115.61;
#12:
>0:25.33,115.06;29.54,115.08;29.97,115.19;31.86,115.65;37.15,114.89;
#13:
>0:35.63,115.63;33.28,115.55;31.62,115.54;
#14:
>0:33.27,115.18;31.67,115.27;28.13,115.55;25.39,115.97;
#15:
>0:39.66,115.81;39.69,115.61;35.3,115.74;35.43,115.0;
#16:
>0:36.42,116.33;32.73,116.0;30.67,116.05;28.2,115.74;25.91,115.43;
#17:
>0:40.32,116.26;40.71,116.39;
#18:
>0:30.38,116.24;31.11,116.65;33.1,116.51;40.52,116.27;
#19:
>0:39.32,116.29;39.23,116.32;
#20:
>0:40.77,116.37;41.02,116.5;
#21:
>0:26.03,116.13;29.4,116.31;
#22:
>0:35.08,116.29;32.74,116.04;30.2,115.87;29.65,115.57;26.59,116.04;
#23:
>0:38.34,116.58;40.52,116.24;38.96,115.77;35.71,115.55;36.3,115.36;32.69,114.9;
#24:
>0:39.91,116.27;41.18,116.43;
#25:
>0:41.08,116.47;40.15,116.37;
#26:
>0:28.43,115.81;30.97,115.71;33.67,115.26;35.27,115.37;
#27:
>0:25.95,115.87;29.16,116.09;30.79,116.47;33.66,116.53;36.93,116.2;38.12,116.62;
#28:
>0:33.58,116.22;30.55,116.07;30.52,116.24;25.25,116.4;
#29:
>0:25.73,115.35;28.64,115.14;32.32,115.14;33.27,115.09;
#30:
>0:39.99,114.9;36.16,115.17;35.65,115.53;35.34,116.06;36.66,116.3;
#31:
>0:34.76,116.45;31.28,116.11;28.81,116.3;
#32:
>0:26.44,116.27;28.79,115.96;
#33:
>0:26.89,115.65;27.63,115.6;30.96,116.03;34.38,115.59;36.56,115.27;38.42,115.56;
#34:
>0:31.38,116.13;32.09,116.59;33.08,116.42;40.56,116.26;
#35:
>0:26.12,115.98;25.8,116.0;
#36:
>0:39.25,115.38;35.79,115.66;36.37,115.8;35.13,116.24;
#37:
>0:28.08,115.71;29.34,115.78;30.92,116.1;27.6,116.53;
#38:
>0:39.82,115.42;35.93,115.6;32.57,115.98;32.39,115.99;30.86,116.09;25.21,116.52;
#39:
>0:25.48,115.95;27.72,115.64;
#40:
>0:32.89,114.88;30.79,115.33;28.38,115.68;25.14,115.73;25.1,116.14;
#41:
>0:32.67,116.58;30.88,116.16;31.08,115.98;30.76,115.65;
#42:
>0:38.58,116.64;39.28,116.28;34.51,116.47;
#43:
>0:31.46,115.32;31.81,115.26;
#44:
>0:31.99,114.92;31.6,115.21;
#45:
>0:28.87,115.61;25.25,115.59;26.25,116.28;
#46:
>0:27.37,116.53;28.86,116.33;25.48,116.03;27.39,115.76;29.59,115.25;
#47:
>0:39.18,115.24;35.85,115.36;34.88,115.58;30.81,115.17;28.14,115.87;
#48:
>0:39.96,116.28;39.87,116.26;
#49:
>0:39.13,116.52;38.94,116.45;
#50:
>0:40.49,116.24;35.82,116.06;34.71,115.61;
#51:
>0:31.72,115.67;34.78,115.97;37.46,115.94;41.09,116.51;
#52:
>0:29.7,116.21;27.13,115.79;27.69,115.63;
#53:
>0:28.38,115.46;31.8,115.75;32.92,115.93;35.78,116.25;38.83,116.63;
#54:
>0:40.04,116.52;39.84,116.28;
#55:
>0:38.18,115.36;35.55,115.69;38.37,115.51;38.23,115.98;39.72,116.6;
#56:
>0:39.28,115.45;35.92,115.33;34.11,115.59;31.06,115.2;28.7,115.28;
#57:
>0:32.76,116.27;31.97,115.78;29.42,115.7;26.95,115.43;
#58:
>0:36.25,116.49;32.71,116.21;31.3,115.95;28.81,115.96;
#59:
>0:40.35,116.51;41.19,116.26;
#60:
>0:28.21,116.47;30.92,116.15;33.05,116.19;
#61:
>0:33.26,115.33;35.79,115.61;38.44,115.55;40.97,116.31;
#62:
>0:32.4,115.69;33.4,115.97;
#63:
>0:35.03,116.29;30.49,115.94;30.6,116.29;25.2,116.66;
#64:
>0:37.23,115.74;34.57,115.56;30.42,115.47;
#65:
>0:40.1,116.23;41.11,116.36;
#66:
>0:26.01,116.31;28.17,115.97;32.53,116.22;32.41,116.39;34.91,116.46;40.33,116.31;
#67:
>0:35.27,115.51;39.07,115.93;
#68:
>0:26.8,115.8;25.64,115.51;29.9,115.6;31.83,115.8;35.3,116.39;
#69:
>0:40.95,116.29;36.42,115.82;34.11,115.9;
#70:
>0:28.94,115.18;30.54,115.75;34.67,115.91;36.78,116.15;38.69,116.62;
#71:
>0:37.19,115.83;36.36,115.65;
#72:
>0:38.32,116.23;38.89,116.26;
#73:
>0:39.68,116.35;39.86,116.46;
#74:
>0:34.64,115.9;32.36,115.87;28.47,115.71;27.59,114.88;
#75:
>0:27.17,116.41;27.75,116.24;30.35,115.92;32.82,115.71;35.83,115.34;
#76:
>0:39.38,116.35;39.52,116.49;
#77:
>0:35.65,114.87;35.7,115.32;
#78:
>0:40.87,116.52;40.68,116.28;
#79:
>0:27.0,116.63;29.69,116.26;30.6,116.05;33.44,116.07;35.17,116.0;
#80:
>0:32.49,116.36;34.47,116.33;
#81:
>0:26.64,115.01;29.32,114.98;25.14,115.16;25.87,115.66;31.06,116.25;
#82:
>0:36.15,115.16;35.03,115.75;
#83:
>0:40.68,116.28;41.21,116.4;
#84:
>0:31.62,115.62;33.07,115.86;35.5,115.84;39.94,115.97;
#85:
>0:34.78,116.43;35.29,116.21;38.73,115.8;
#86:
>0:37.61,116.65;39.16,116.29;32.67,116.1;
#87:
>0:35.39,116.24;33.65,115.82;30.28,115.75;28.98,115.47;
#88:
>0:27.86,115.65;31.0,115.89;34.39,116.35;
#89:
>0:30.03,116.4;25.89,116.15;25.39,116.0;
#90:
>0:33.83,114.86;36.29,115.37;35.98,115.56;36.7,115.83;
