#0:
>0:30.49,115.56;32.8,115.22;36.8,115.32;
#1:
>0:25.63,115.98;29.56,115.94;30.1,115.92;34.85,116.0;
#2:
>0:38.48,116.56;35.35,116.48;34.24,116.28;30.17,115.68;
#3:
>0:30.51,115.66;29.52,115.81;25.74,116.31;26.77,116.56;
#4:
>0:27.01,116.19;29.49,116.48;
#5:
>0:34.0,115.2;33.19,115.57;35.46,116.0;32.56,115.86;40.74,116.41;
#6:
>0:27.24,115.09;28.43,115.34;33.09,115.35;
#7:
>0:39.99,114.96;36.57,115.3;38.43,115.85;39.66,116.2;32.58,116.26;
#8:
>0:33.47,116.33;35.33,116.04;
#9:
>0:32.81,115.73;32.02,115.95;28.41,116.07;26.18,116.04;
#10:
>0:30.51,116.62;32.22,116.29;34.91,115.8;35.9,115.75;
#11:
>0:37.87,114.94;35.92,115.29;39.2,115.77;38.84,116.29;33.73,116.2;
#12:
>0:34.7,115.65;37.06,115.88;39.34,115.86;
#13:
>0:27.81,115.79;28.76,116.01;31.86,116.13;
#14:
>0:40.23,116.51;36.46,116.42;34.36,116.36;30.31,115.95;32.14,115.6;26.65,114.94;
#15:
>0:37.35,115.7;35.22,115.38;
#16:
>0:35.62,115.19;33.04,115.28;33.98,115.5;28.58,115.61;
#17:
>0:27.96,115.34;27.26,115.44;
#18:
>0:31.22,115.64;29.84,115.83;
#19:
>0:28.03,116.42;30.8,116.3;
#20:
>0:33.53,115.48;30.34,115.75;31.02,115.9;30.52,116.57;
#21:
>0:32.16,115.51;33.1,115.67;36.72,115.97;33.23,115.85;35.37,116.53;
#22:
>0:39.53,115.76;39.79,115.23;33.08,115.3;
#23:
>0:25.61,115.87;29.05,115.67;
#24:
>0:37.34,115.7;36.08,115.29;34.29,115.18;30.16,115.09;27.43,115.44;
#25:
>0:37.9,115.23;38.08,115.3;
#26:
>0:34.39,115.54;37.42,116.0;32.23,116.15;
#27:
>0:41.18,115.78;37.17,115.77;32.65,116.02;31.56,115.54;
#28:
>0:30.47,114.88;33.23,115.34;35.42,115.97;
#29:
>0:36.77,115.11;39.12,115.4;37.25,115.45;40.16,115.82;41.74,116.13;34.3,116.53;
#30:
>0:38.36,116.03;39.26,115.61;37.79,115.22;35.01,115.14;
#31:
>0:40.21,116.04;37.27,116.1;32.67,116.67;31.15,116.57;
#32:
>0:33.12,116.49;30.65,116.23;33.26,116.05;27.93,115.63;
#33:
>0:35.61,116.21;34.35,116.31;32.62,115.92;28.36,115.56;
#34:
>0:37.51,115.81;33.4,115.8;32.92,116.4;
#35:
>0:31.56,115.46;34.51,115.7;35.21,115.81;33.55,116.01;34.81,116.43;
#36:
>0:31.69,115.95;31.0,116.18;28.42,116.49;
#37:
>0:26.27,116.8;27.92,116.12;26.87,115.97;28.38,115.63;28.07,115.61;
#38:
>0:25.7,115.26;28.04,115.55;33.75,115.38;
#39:
>0:26.5,114.87;25.28,115.17;
#40:
>0:37.52,116.29;35.7,115.79;
#41:
>0:30.96,115.44;32.04,115.55;31.19,115.82;31.22,116.3;
#42:
>0:32.03,115.08;32.62,115.46;38.53,115.78;39.55,115.82;
#43:
>0:34.79,115.33;33.73,115.53;35.06,115.8;32.72,115.96;33.74,116.48;
#44:
>0:26.04,116.19;27.6,115.96;31.53,115.97;35.0,115.54;37.58,115.73;
#45:
>0:28.59,116.29;32.39,116.0;32.5,115.62;32.95,115.21;
#46:
>0:37.2,116.55;34.35,116.18;33.22,115.84;31.44,116.26;26.03,116.34;
#47:
>0:37.12,115.73;36.68,115.45;33.82,115.18;31.17,115.31;27.39,115.24;
#48:
>0:39.32,115.92;37.37,116.06;34.64,115.8;31.29,115.47;
#49:
>0:39.84,115.66;38.35,115.4;33.77,115.35;
#50:
>0:37.45,116.01;33.09,116.03;31.84,116.23;27.77,116.16;
#51:
>0:35.94,116.54;37.32,116.68;
#52:
>0:28.25,116.59;29.06,116.26;26.4,116.05;28.53,115.71;28.06,115.33;
#53:
>0:38.44,115.41;36.67,115.46;39.9,115.77;35.61,116.15;
#54:
>0:29.56,116.39;30.41,116.37;34.06,115.89;33.03,115.47;41.56,116.45;
#55:
>0:30.56,115.5;34.3,115.42;35.78,114.94;
#56:
>0:37.84,115.28;41.34,115.62;36.99,115.81;35.1,116.18;
#57:
>0:36.49,116.14;35.08,116.06;34.38,115.92;29.91,115.67;
#58:
>0:30.61,116.21;35.03,116.03;37.12,115.78;
#59:
>0:33.39,116.43;36.7,116.37;35.95,115.78;36.54,116.0;36.91,115.36;30.19,114.97;
#60:
>0:31.95,115.41;30.02,115.56;29.77,115.84;29.55,116.29;28.79,116.66;
#61:
>0:30.19,115.43;33.73,115.6;36.68,115.88;33.33,116.0;34.86,116.46;
#62:
>0:31.81,115.43;31.7,115.49;30.11,116.05;30.57,116.18;
#63:
>0:42.29,116.54;42.27,116.29;
#64:
>0:37.71,115.09;37.29,115.25;32.87,115.34;37.38,115.82;39.16,115.98;32.85,116.64;
#65:
>0:25.17,115.4;28.98,115.64;30.61,115.89;33.26,116.19;
#66:
>0:25.53,116.22;27.72,116.68;
#67:
>0:36.29,116.16;36.63,116.17;
#68:
>0:37.67,115.8;37.4,115.93;33.54,115.84;31.43,116.5;
#69:
>0:30.68,115.54;29.11,115.04;25.35,115.04;
#70:
>0:26.26,115.76;28.11,115.67;25.61,114.93;
#71:
>0:35.3,115.91;37.62,115.85;38.79,115.19;37.91,114.98;
#72:
>0:38.47,116.04;40.44,115.7;38.73,115.29;33.65,114.92;
#73:
>0:30.44,115.01;32.72,115.24;37.11,115.48;39.48,115.93;
#74:
>0:27.23,116.51;29.69,116.54;31.11,116.62;
#75:
>0:33.12,115.37;34.24,115.64;31.71,115.94;
#76:
>0:31.9,115.84;33.04,115.72;
#77:
>0:38.66,115.11;36.06,115.22;32.65,115.69;
#78:
>0:28.7,116.61;28.85,116.25;27.09,115.82;28.67,115.63;
#79:
>0:28.11,115.96;29.81,116.02;32.01,115.83;31.76,115.51;37.37,116.06;
#80:
>0:31.82,115.66;33.14,115.71;36.34,116.0;37.61,115.41;
#81:
>0:37.3,115.97;34.19,116.03;32.59,116.57;
#82:
>0:26.41,114.89;28.11,114.94;30.66,115.02;32.86,115.14;36.37,115.11;38.63,114.99;
#83:
>0:32.23,115.73;29.82,115.58;
#84:
>0:27.05,116.46;29.41,116.45;31.91,116.47;
#85:
>0:40.29,116.37;40.69,116.43;
#86:
>0:32.45,115.65;29.74,115.77;
#87:
>0:37.82,114.9;36.67,115.15;32.57,114.95;
#88:
>0:31.45,116.33;34.91,115.91;
#89:
>0:41.38,115.79;38.59,115.42;35.15,115.2;34.03,115.33;31.53,115.18;25.74,115.59;
#90:
>0:32.32,115.51;34.5,115.68;36.15,116.05;33.58,115.79;35.5,116.58;
