#0:
>0:35.47,115.16;36.67,115.1;34.82,115.03;32.02,114.95;25.24,114.94;
#1:
>0:28.95,116.63;30.8,116.12;33.17,115.97;36.83,115.59;
#2:
>0:40.46,116.25;40.4,116.48;
#3:
>0:27.78,116.34;30.81,115.97;32.65,115.77;36.04,115.24;
#4:
>0:28.17,115.2;29.1,115.72;30.78,115.63;33.5,115.71;38.12,115.68;
#5:
>0:34.51,115.75;30.37,115.58;29.19,115.6;
#6:
>0:31.8,115.51;34.49,115.85;
#7:
>0:25.87,115.65;29.87,115.64;30.77,115.72;35.01,115.66;37.04,115.8;
#8:
>0:30.41,116.08;32.6,116.47;
#9:
>0:39.91,116.49;41.27,116.45;
#10:
>0:35.11,116.33;32.57,115.92;31.28,115.52;30.35,115.32;25.55,114.86;
#11:
>0:38.23,116.01;35.91,115.73;33.64,115.4;31.72,115.45;
#12:
>0:33.7,115.32;30.26,114.96;
#13:
>0:25.17,115.46;28.23,115.59;32.26,115.95;33.5,116.04;36.45,116.24;
#14:
>0:28.62,116.52;25.96,116.36;26.98,115.91;26.25,115.48;28.25,115.73;25.28,115.07;
#15:
>0:30.49,115.85;29.58,115.9;
#16:
>0:32.84,116.37;30.52,116.04;31.05,115.68;25.13,116.06;
#17:
>0:30.88,116.62;28.94,116.19;31.66,116.27;33.43,115.65;
#18:
>0:26.0,115.41;27.9,115.34;30.21,115.49;
#19:
>0:35.76,116.19;33.68,115.99;30.3,115.88;31.05,115.73;25.42,115.84;
#20:
>0:32.01,116.29;34.11,116.03;33.17,115.57;39.69,115.48;
#21:
>0:34.62,115.47;32.53,115.27;31.13,115.05;
#22:
>0:32.92,116.14;35.5,115.83;39.91,115.65;
#23:
>0:27.71,116.42;27.74,116.32;25.79,116.0;29.95,115.8;29.51,115.3;
#24:
>0:41.2,116.29;39.38,116.46;
#25:
>0:39.19,116.29;39.13,116.36;
#26:
>0:29.26,115.42;28.24,115.08;
#27:
>0:39.23,116.46;40.7,116.25;
#28:
>0:36.76,115.33;36.85,114.89;32.19,114.93;
#29:
>0:39.18,116.48;37.26,116.29;34.28,116.31;30.73,116.2;29.67,116.23;27.05,116.31;
#30:
>0:40.99,116.3;41.04,116.49;
#31:
>0:38.95,116.47;40.91,116.36;
#32:
>0:35.04,116.49;39.25,116.6;
#33:
>0:29.62,115.85;32.25,116.17;
#34:
>0:38.67,116.52;36.8,116.19;34.9,116.08;30.63,116.2;28.89,116.31;
#35:
>0:36.47,116.37;34.19,115.97;30.74,115.8;31.71,115.71;26.79,115.8;
#36:
>0:39.84,116.4;40.31,116.35;
#37:
>0:39.12,114.9;35.51,115.05;34.57,114.88;30.11,114.96;28.34,115.37;25.97,115.77;
#38:
>0:32.76,116.68;37.29,116.1;
#39:
>0:37.3,116.31;32.78,115.82;30.57,115.83;30.29,115.66;31.9,115.0;
#40:
>0:39.32,115.33;37.41,115.29;33.05,115.95;
#41:
>0:25.25,114.9;28.71,115.42;28.45,115.76;32.51,115.69;35.45,115.69;
#42:
>0:25.29,114.92;29.3,115.46;28.41,115.66;30.17,115.47;31.39,115.29;30.65,115.12;28.31,115.39;28.1,115.5;31.28,115.58;33.32,115.61;31.71,115.88;33.32,115.95;34.76,115.55;30.35,115.84;34.11,115.98;31.86,115.77;32.76,115.95;34.86,115.72;32.44,115.96;34.45,116.0;30.58,115.94;32.45,115.69;31.05,115.24;32.32,115.01;33.75,115.44;37.43,115.56;37.56,116.06;38.97,116.53;39.37,116.37;
#43:
>0:39.66,116.27;39.07,116.29;
#44:
>0:38.23,115.15;36.72,115.4;
#45:
>0:28.55,115.38;28.85,115.54;27.98,115.9;26.66,116.36;29.84,116.47;
#46:
>0:39.69,115.18;35.61,115.25;34.74,115.92;
#47:
>0:40.95,116.26;39.37,116.37;
#48:
>0:34.12,115.87;33.24,115.68;
#49:
>0:40.48,116.44;41.08,116.32;
#50:
>0:32.02,114.99;28.74,114.92;
#51:
>0:39.7,116.24;40.66,116.33;
#52:
>0:41.06,116.27;40.56,116.5;
#53:
>0:26.12,115.16;25.96,115.47;27.24,115.77;29.69,115.99;26.62,116.41;
#54:
>0:34.02,115.68;37.24,115.26;39.19,115.29;
#55:
>0:36.21,116.48;34.07,116.12;
#56:
>0:40.0,116.6;36.98,116.32;33.35,116.21;31.28,116.37;29.36,116.24;27.08,116.21;
#57:
>0:34.84,116.14;30.99,115.89;31.02,115.56;25.56,115.77;
#58:
>0:40.84,116.37;39.8,116.46;
#59:
>0:28.89,115.76;31.8,115.73;30.66,115.43;34.19,114.94;39.89,115.28;
#60:
>0:30.5,116.18;33.78,115.88;33.81,115.74;38.64,115.57;
#61:
>0:39.08,116.49;39.66,116.49;
#62:
>0:30.95,115.14;33.8,114.93;36.73,115.39;34.08,115.88;
#63:
>0:38.96,116.13;40.23,116.26;
#64:
>0:40.67,116.51;40.64,116.4;
#65:
>0:38.95,116.4;35.08,115.9;34.04,116.41;
#66:
>0:30.61,116.26;30.04,115.94;26.93,115.98;27.81,115.39;
#67:
>0:40.6,116.53;40.51,116.27;
#68:
>0:39.32,116.42;39.09,116.39;39.94,116.03;35.3,116.06;37.19,115.64;38.95,114.85;
#69:
>0:32.46,116.06;27.93,116.29;
#70:
>0:27.92,115.08;30.85,115.18;34.09,115.63;33.67,116.05;36.18,116.02;39.77,116.55;
#71:
>0:25.11,115.0;28.95,115.17;28.02,115.74;29.71,116.04;
#72:
>0:37.61,116.67;35.58,116.56;33.16,116.49;30.91,116.5;28.4,116.44;27.21,116.58;
#73:
>0:32.31,114.88;29.87,115.29;29.36,115.68;29.29,116.02;29.59,116.15;
#74:
>0:30.51,115.08;29.85,115.25;29.54,115.62;28.38,115.86;28.82,116.33;
#75:
>0:39.59,116.45;39.26,116.33;
#76:
>0:39.42,116.27;39.49,116.4;
#77:
>0:29.37,116.57;30.77,116.29;33.56,116.0;32.52,115.84;31.38,115.64;34.29,115.13;
#78:
>0:39.28,116.29;40.37,116.52;
#79:
>0:33.45,116.0;31.36,115.62;
#80:
>0:36.28,115.62;36.72,115.44;
#81:
>0:39.33,116.45;39.16,116.45;
#82:
>0:34.52,116.55;35.36,116.1;38.5,115.95;35.83,115.48;
#83:
>0:39.85,115.21;35.34,115.19;36.79,115.06;31.43,114.98;
#84:
>0:30.41,116.45;32.94,116.64;35.84,116.24;36.53,115.8;36.4,115.57;39.87,114.99;
#85:
>0:35.27,116.41;32.59,116.3;32.56,115.97;31.6,115.89;30.62,115.59;27.82,115.07;
#86:
>0:30.54,115.8;34.49,115.81;34.9,115.76;38.4,115.35;
#87:
>0:29.41,116.02;25.78,115.64;
#88:
>0:28.04,116.49;29.62,116.58;
#89:
>0:27.16,115.74;28.66,115.98;30.45,115.88;32.84,116.05;35.55,115.94;39.39,116.64;
#90:
>0:35.9,115.08;32.84,115.24;
