#0:
>0:33.04,120.22;34.53,121.15;35.32,120.88;38.35,121.01;
#1:
>0:34.04,121.76;36.73,121.12;38.48,120.15;38.79,119.97;38.64,118.38;38.08,117.13;
#2:
>0:33.14,117.27;30.83,118.37;31.14,119.76;30.96,120.07;
#3:
>0:34.22,121.03;34.51,121.19;
#4:
>0:38.03,118.38;36.21,119.52;36.69,120.03;34.93,120.68;31.65,121.38;
#5:
>0:34.17,119.27;33.43,118.46;
#6:
>0:36.34,120.35;36.82,121.33;32.87,121.65;
#7:
>0:33.18,117.38;33.15,118.92;
#8:
>0:33.4,117.16;33.96,117.41;35.42,117.3;38.0,117.93;
#9:
>0:38.54,120.41;36.95,120.73;36.9,121.31;36.12,120.51;34.45,119.74;31.24,118.98;
#10:
>0:33.6,119.19;33.71,118.5;32.78,117.3;
#11:
>0:37.16,120.25;37.14,119.21;
#12:
>0:31.99,119.99;31.02,119.95;31.98,118.31;34.97,117.88;
