#0:
>0:32.84,121.05;31.61,120.51;
#1:
>0:36.21,117.74;34.81,118.17;33.19,119.89;30.76,119.12;
#2:
>0:39.88,120.91;38.31,120.79;35.86,119.48;34.76,118.69;34.65,117.94;
#3:
>0:33.69,121.53;35.28,120.54;31.39,119.22;
#4:
>0:39.23,121.42;37.86,120.32;36.53,119.46;34.4,118.75;33.96,117.26;
#5:
>0:38.6,120.0;38.48,119.94;36.08,118.31;33.83,117.58;32.71,116.34;
#6:
>0:31.4,118.94;33.22,119.32;35.3,120.83;35.14,119.27;36.95,121.29;
#7:
>0:36.84,118.49;33.76,119.38;33.74,119.56;31.4,119.46;
#8:
>0:36.1,120.85;37.12,120.06;38.81,118.24;
#9:
>0:31.81,119.25;31.08,120.23;33.49,121.2;35.12,121.05;36.67,121.16;39.45,121.02;
#10:
>0:35.73,117.19;36.94,116.58;40.12,116.78;
#11:
>0:30.78,118.4;31.63,117.5;34.19,117.6;
#12:
>0:34.74,120.16;34.13,119.91;33.75,118.29;34.68,117.39;
