#0:
>0:31.7,117.22;33.47,118.22;34.54,118.94;34.66,119.36;36.16,121.8;
#1:
>0:35.35,121.55;34.86,120.01;33.31,119.74;33.16,118.59;33.9,117.66;32.02,117.12;
#2:
>0:35.09,117.12;35.63,117.27;35.01,118.19;33.88,119.12;34.34,120.68;30.95,121.38;
#3:
>0:38.67,117.52;38.47,117.97;35.38,118.78;34.09,118.69;
#4:
>0:39.56,116.6;37.47,117.86;36.79,117.34;34.8,118.83;36.25,120.09;
#5:
>0:36.88,119.11;33.91,118.76;
#6:
>0:35.78,120.95;33.84,120.11;33.49,119.36;32.71,118.93;34.08,118.12;30.82,116.77;
#7:
>0:31.07,118.24;33.34,118.15;34.98,117.26;34.51,116.62;37.51,116.86;
#8:
>0:37.54,120.26;36.29,119.42;36.27,120.48;33.4,120.28;
#9:
>0:36.9,118.93;34.39,118.09;33.19,117.83;
#10:
>0:39.63,121.55;37.5,120.34;37.62,119.65;
#11:
>0:35.6,119.93;35.62,120.7;34.13,121.48;
#12:
>0:33.09,120.82;35.08,119.16;36.91,118.56;36.97,117.25;
