#0:
>0:35.3,116.34;36.81,117.87;35.37,118.78;37.97,118.93;39.72,119.41;38.65,121.53;
#1:
>0:37.97,120.94;35.81,120.2;34.94,119.74;32.38,119.77;32.79,117.48;
#2:
>0:39.48,120.77;38.45,119.34;36.28,118.61;34.91,118.78;34.05,116.49;
#3:
>0:37.83,117.98;39.58,117.31;
#4:
>0:35.4,118.25;37.85,119.51;38.62,120.74;
#5:
>0:35.42,117.59;37.21,118.19;39.37,119.55;39.54,120.63;
#6:
>0:39.11,118.11;37.77,118.18;
#7:
>0:31.1,116.73;33.68,116.85;35.28,116.35;
#8:
>0:37.91,117.86;38.93,117.81;
#9:
>0:38.25,119.79;36.63,118.84;33.97,118.31;32.82,118.2;
#10:
>0:30.94,119.87;33.07,120.85;33.93,120.58;
#11:
>0:34.05,121.33;36.75,120.05;37.91,119.98;39.28,119.66;39.43,117.39;
#12:
>0:32.96,120.51;34.65,121.52;36.39,121.23;
