#0:
>0:37.98,121.27;36.58,121.75;34.72,121.38;33.47,121.27;
#1:
>0:38.7,121.35;37.92,120.53;36.03,120.76;34.2,119.67;
#2:
>0:38.2,118.1;36.38,116.38;35.78,117.33;34.27,116.62;31.46,116.3;
#3:
>0:38.27,118.51;35.89,117.51;35.33,116.63;33.32,117.09;
#4:
>0:35.23,119.7;35.03,120.48;31.62,118.8;
#5:
>0:36.34,120.47;34.59,120.34;36.45,119.51;36.51,118.21;35.82,116.43;
#6:
>0:39.73,120.15;38.13,120.77;35.88,120.01;35.04,120.84;33.0,120.69;
#7:
>0:32.05,117.71;33.26,118.17;34.86,119.5;34.6,120.62;35.81,121.0;38.99,121.34;
#8:
>0:37.13,121.67;36.55,121.64;34.71,121.06;32.9,121.41;
#9:
>0:33.74,120.11;33.55,119.59;34.6,118.42;33.17,117.58;33.01,116.69;
#10:
>0:31.63,118.41;32.51,118.61;32.42,120.71;
#11:
>0:33.37,120.36;33.59,119.5;32.34,118.42;30.82,118.58;34.42,116.76;
#12:
>0:34.27,117.15;32.88,117.83;32.17,117.95;
