#0:
>0:32.26,117.76;33.1,118.43;
#1:
>0:37.61,117.4;35.75,118.18;33.92,119.07;33.39,120.21;31.83,120.37;
#2:
>0:35.86,120.02;37.76,119.84;38.54,119.71;
#3:
>0:31.63,118.2;31.8,119.44;31.7,120.24;30.64,120.97;
#4:
>0:33.26,116.68;32.56,117.69;34.67,118.47;37.88,118.85;
#5:
>0:32.85,117.17;31.47,117.73;35.01,118.57;
#6:
>0:31.26,118.49;30.63,118.12;33.48,116.38;36.13,117.18;
#7:
>0:36.82,116.55;37.98,116.54;38.41,118.05;36.77,118.74;38.48,119.62;39.51,121.59;
#8:
>0:32.06,121.78;31.34,120.76;32.11,119.42;31.6,118.98;31.53,117.36;31.9,116.97;
#9:
>0:39.82,117.12;39.55,116.41;
#10:
>0:32.85,118.07;35.06,119.02;36.09,119.18;
#11:
>0:34.16,118.49;34.11,119.65;36.44,119.29;33.43,121.39;
#12:
>0:38.85,119.44;37.62,119.63;35.91,118.85;33.83,117.58;33.48,117.11;
