#0:
>0:39.92,116.53;39.87,116.49;39.86,116.39;39.88,116.37;
#1:
>0:39.94,116.52;39.94,116.49;39.99,116.56;
#2:
>0:39.96,116.41;39.92,116.41;39.93,116.54;
#3:
>0:39.87,116.46;39.87,116.52;39.86,116.58;
#4:
>0:40.07,116.56;40.05,116.55;
#5:
>0:39.97,116.35;39.95,116.39;39.94,116.48;39.95,116.53;
#6:
>0:39.93,116.57;39.96,116.46;39.98,116.48;
#7:
>0:39.87,116.33;39.92,116.36;39.88,116.41;39.94,116.47;39.95,116.53;39.98,116.64;
#8:
>0:39.87,116.5;39.87,116.59;39.95,116.65;
#9:
>0:40.05,116.59;40.01,116.58;39.99,116.51;39.95,116.39;
#10:
>0:40.06,116.39;40.02,116.47;39.98,116.54;39.96,116.6;39.93,116.61;
