#0:
>0:39.87,116.51;39.87,116.54;
#1:
>0:40.06,116.38;40.04,116.49;39.97,116.5;39.95,116.57;39.89,116.54;39.87,116.53;
#2:
>0:39.9,116.64;39.95,116.57;39.97,116.57;40.02,116.56;
#3:
>0:39.98,116.46;40.01,116.51;40.06,116.54;40.01,116.65;
#4:
>0:40.05,116.43;40.0,116.43;40.02,116.46;40.06,116.56;
#5:
>0:39.94,116.39;39.92,116.37;
#6:
>0:39.94,116.49;39.91,116.42;39.89,116.45;
#7:
>0:40.0,116.61;39.97,116.56;39.97,116.5;40.03,116.48;40.07,116.4;
#8:
>0:40.01,116.51;40.02,116.48;40.03,116.43;
#9:
>0:40.03,116.58;40.02,116.5;40.01,116.44;40.05,116.41;
#10:
>0:39.92,116.37;39.94,116.34;39.92,116.43;39.88,116.47;39.92,116.54;39.87,116.63;
