#0:
>0:39.92,116.33;39.93,116.41;40.0,116.44;40.02,116.44;40.0,116.54;40.01,116.65;
#1:
>0:39.95,116.38;39.91,116.42;39.9,116.53;
#2:
>0:40.06,116.57;40.01,116.54;39.97,116.47;39.95,116.39;39.91,116.38;
#3:
>0:39.89,116.45;39.88,116.44;
#4:
>0:39.89,116.51;39.93,116.46;39.98,116.45;
#5:
>0:39.95,116.42;39.91,116.53;
#6:
>0:39.89,116.36;39.9,116.36;39.93,116.34;
#7:
>0:40.02,116.63;39.97,116.65;39.96,116.57;39.95,116.63;
#8:
>0:40.03,116.41;40.08,116.42;
#9:
>0:39.94,116.36;39.97,116.4;40.04,116.46;40.07,116.46;
#10:
>0:40.03,116.53;40.01,116.56;
