#0:
>0:40.05,116.56;40.04,116.5;40.05,116.49;40.06,116.4;
#1:
>0:39.86,116.35;39.92,116.42;39.89,116.48;
#2:
>0:39.94,116.36;39.97,116.38;39.97,116.41;39.93,116.49;39.94,116.53;39.91,116.65;
#3:
>0:40.06,116.53;40.03,116.57;39.98,116.54;39.96,116.55;39.91,116.56;39.86,116.49;
#4:
>0:39.99,116.51;40.02,116.49;
#5:
>0:39.88,116.42;39.89,116.43;39.93,116.47;40.0,116.36;
#6:
>0:40.04,116.63;40.04,116.55;40.03,116.54;40.06,116.45;40.03,116.41;40.02,116.34;
#7:
>0:40.03,116.61;40.06,116.6;
#8:
>0:39.97,116.37;40.0,116.4;40.03,116.45;40.0,116.42;40.01,116.47;39.97,116.51;39.94,116.6;39.91,116.65;
#9:
>0:40.04,116.35;39.97,116.39;39.96,116.43;39.89,116.43;39.88,116.44;
#10:
>0:40.04,116.42;40.02,116.44;39.97,116.51;40.03,116.59;40.03,116.63;
