#0:
>0:40.16,117.27;40.07,117.01;
#1:
>0:39.98,116.28;39.96,116.33;
#2:
>0:40.01,116.73;39.99,116.73;
#3:
>0:39.93,118.19;39.88,117.39;39.72,117.47;
#4:
>0:40.14,117.05;40.07,116.9;39.98,117.35;39.86,118.12;39.93,119.11;
#5:
>0:39.93,118.24;39.82,117.45;39.73,117.6;
#6:
>0:39.82,116.88;39.9,117.38;40.01,117.98;39.91,118.73;
#7:
>0:39.82,117.38;39.79,117.99;39.83,118.2;39.81,119.41;
#8:
>0:40.16,117.02;40.09,117.8;
#9:
>0:39.79,119.22;39.85,119.51;39.92,118.93;40.01,118.14;40.17,119.19;
#10:
>0:39.74,119.01;39.89,118.73;39.95,118.78;40.02,118.35;40.17,117.41;40.25,118.65;
#11:
>0:40.0,117.68;39.98,117.92;
#12:
>0:40.03,116.39;40.02,116.26;
#13:
>0:39.84,118.45;39.77,118.05;39.74,117.82;39.72,116.82;
#14:
>0:39.96,116.59;40.01,116.59;
#15:
>0:39.97,117.39;39.97,116.96;39.78,116.23;
#16:
>0:40.0,116.35;39.94,116.57;
#17:
>0:40.05,119.31;39.96,118.95;
#18:
>0:40.19,116.63;40.27,117.08;40.09,117.79;40.14,117.94;
#19:
>0:39.77,117.17;39.87,117.12;39.99,117.47;40.06,118.32;40.16,118.85;
#20:
>0:40.04,116.43;40.0,116.45;
#21:
>0:39.9,118.15;39.85,118.96;39.9,118.2;40.09,117.53;
#22:
>0:39.85,118.54;39.78,118.7;39.77,118.12;39.8,116.97;
#23:
>0:39.97,116.51;40.0,116.45;
#24:
>0:40.02,116.41;39.88,116.74;39.84,117.07;39.99,117.52;39.85,118.62;
#25:
>0:40.01,116.71;39.97,117.11;39.95,117.35;40.02,118.23;39.94,118.54;39.96,119.31;
#26:
>0:39.74,119.03;39.83,118.59;39.94,119.26;40.04,118.7;
#27:
>0:39.92,117.08;40.08,116.93;
#28:
>0:39.93,118.54;39.85,118.89;39.8,119.51;
#29:
>0:40.11,117.46;40.2,117.17;40.24,116.52;
#30:
>0:39.78,117.11;39.89,117.84;39.85,118.25;39.98,117.64;40.09,118.41;
#31:
>0:39.92,116.34;40.0,116.8;
#32:
>0:40.26,116.88;40.12,116.62;40.16,117.08;40.0,117.05;39.84,118.2;
#33:
>0:40.04,116.75;39.95,116.54;
#34:
>0:40.02,116.54;39.95,116.45;
#35:
>0:39.81,117.91;39.89,118.32;39.89,118.43;39.91,118.05;40.05,118.19;40.24,118.83;
#36:
>0:40.25,117.08;40.1,116.3;40.14,116.88;40.07,117.25;39.95,117.59;39.73,116.32;
#37:
>0:40.25,117.31;40.14,117.64;40.0,118.34;40.07,118.91;
#38:
>0:39.84,119.51;39.92,118.77;39.81,118.68;39.76,118.1;39.74,116.9;
#39:
>0:40.0,116.68;39.95,116.65;
#40:
>0:39.72,118.11;39.9,118.01;39.84,117.14;
#41:
>0:39.98,119.42;39.98,118.84;39.74,118.16;
#42:
>0:40.0,118.59;39.99,117.91;39.82,117.52;39.74,116.97;
#43:
>0:39.96,116.63;40.01,116.21;
#44:
>0:40.1,116.9;40.04,116.91;39.97,117.44;39.88,118.15;39.98,119.08;
#45:
>0:39.97,117.32;39.98,116.95;40.11,118.04;
#46:
>0:39.8,116.9;39.85,117.63;39.86,118.03;39.99,117.76;40.1,118.17;
#47:
>0:39.98,116.63;39.97,116.62;
#48:
>0:39.83,116.68;39.75,116.95;39.82,117.34;39.85,118.25;39.84,118.89;39.88,119.24;
#49:
>0:40.12,116.6;40.17,117.12;39.95,117.48;
#50:
>0:39.88,117.7;39.8,118.09;39.85,118.03;39.83,119.47;
#51:
>0:40.06,118.11;40.11,117.4;
#52:
>0:40.24,119.22;40.22,118.91;40.19,118.13;
#53:
>0:39.83,118.18;39.86,118.45;39.75,119.02;
#54:
>0:39.93,116.91;40.03,116.5;
#55:
>0:39.96,116.32;39.95,116.51;
#56:
>0:40.21,117.93;40.16,118.14;40.0,117.9;39.97,118.72;39.87,118.68;39.81,117.51;
#57:
>0:39.98,116.48;40.01,116.57;
#58:
>0:40.11,117.14;40.17,117.46;
#59:
>0:39.84,117.71;39.99,118.01;40.01,118.16;40.13,119.01;
#60:
>0:39.95,116.35;40.03,116.55;
#61:
>0:39.99,119.48;40.14,118.65;40.08,118.4;40.21,117.49;
#62:
>0:39.89,118.23;39.94,117.33;40.01,117.62;
#63:
>0:40.05,116.93;40.16,117.69;40.2,118.0;40.17,118.8;
#64:
>0:39.99,116.31;40.15,116.34;
#65:
>0:39.97,116.25;40.01,116.32;
#66:
>0:40.24,118.0;40.2,117.37;40.26,116.96;40.19,116.74;
#67:
>0:39.96,116.95;39.98,116.9;
#68:
>0:39.97,116.28;40.01,116.32;
#69:
>0:39.91,116.76;39.97,116.74;
#70:
>0:40.02,116.66;40.0,116.46;
#71:
>0:39.9,119.15;39.97,118.71;40.11,118.22;
#72:
>0:39.87,118.37;39.83,118.81;39.98,117.89;40.04,117.87;40.27,117.46;
#73:
>0:39.96,117.2;39.9,117.81;39.9,118.16;39.86,118.53;40.05,118.99;
#74:
>0:39.9,117.16;39.83,116.8;39.77,117.22;
#75:
>0:40.07,119.09;40.14,118.49;40.04,118.02;40.2,117.74;
#76:
>0:40.22,119.08;40.1,118.66;40.13,118.13;40.15,117.77;
#77:
>0:39.88,117.14;39.97,117.62;39.84,117.94;39.86,118.76;39.74,119.24;
#78:
>0:39.83,119.37;39.9,119.09;
#79:
>0:39.77,116.4;39.81,116.98;39.91,117.62;39.87,117.9;39.91,118.69;
#80:
>0:39.99,117.93;39.89,117.36;
#81:
>0:40.07,118.68;40.04,119.33;40.22,119.4;
#82:
>0:39.97,116.48;40.01,116.73;
#83:
>0:39.79,117.91;39.82,117.61;39.87,117.28;
#84:
>0:40.09,116.46;40.19,116.93;40.13,117.6;40.0,118.39;39.91,118.52;39.79,119.36;
#85:
>0:40.01,116.34;39.96,116.31;
#86:
>0:39.95,116.41;39.99,116.32;
#87:
>0:40.0,116.49;40.0,116.21;
#88:
>0:40.01,116.45;39.89,117.27;39.73,116.8;
#89:
>0:39.91,119.02;39.87,119.51;
#90:
>0:40.04,119.44;40.0,118.86;39.9,118.89;39.74,118.09;
#91:
>0:39.89,117.35;39.95,118.12;40.0,118.94;
#92:
>0:39.75,119.23;39.79,118.95;39.79,117.96;
#93:
>0:39.82,117.54;39.88,116.81;40.02,116.66;40.01,116.45;40.18,116.74;
#94:
>0:39.78,118.12;39.82,118.15;39.81,116.82;
#95:
>0:39.99,116.69;39.98,116.47;
#96:
>0:40.2,117.78;40.1,117.81;40.08,118.06;39.96,118.72;39.9,118.81;39.76,118.36;
#97:
>0:39.99,116.68;40.03,116.61;
#98:
>0:40.19,116.98;40.14,116.28;40.14,116.81;40.06,116.94;39.87,116.72;
#99:
>0:39.97,116.38;40.02,116.58;
