#0:
>0:40.2,119.26;40.13,118.96;40.04,118.03;39.92,118.03;
#1:
>0:39.87,118.77;39.81,118.14;39.86,117.82;
#2:
>0:40.2,119.06;40.15,118.81;40.01,118.79;39.96,118.72;
#3:
>0:40.26,118.83;40.1,118.05;40.05,117.6;39.93,117.49;39.91,117.28;39.8,116.27;
#4:
>0:39.89,116.95;40.02,116.72;39.94,116.97;39.89,117.81;39.75,118.91;
#5:
>0:40.24,116.92;40.16,116.46;40.06,117.2;39.94,117.5;39.89,117.72;39.75,118.05;
#6:
>0:39.79,116.36;39.87,117.11;39.94,117.63;40.0,117.87;40.1,118.81;40.2,118.51;
#7:
>0:39.82,117.62;39.9,118.3;39.87,118.7;
#8:
>0:40.01,116.67;39.98,116.7;
#9:
>0:40.14,117.41;40.0,117.08;40.02,116.46;
#10:
>0:40.07,117.93;39.96,117.64;39.92,116.81;39.74,116.74;
#11:
>0:39.86,119.01;39.97,118.62;39.95,118.14;39.82,117.31;39.98,116.88;
#12:
>0:39.98,116.83;40.0,116.34;
#13:
>0:39.75,119.0;39.83,118.54;
#14:
>0:39.78,118.68;39.86,118.37;39.82,117.85;40.03,117.04;
#15:
>0:39.97,118.93;40.02,119.09;
#16:
>0:40.2,119.05;40.14,118.68;40.01,118.11;40.0,117.63;
#17:
>0:40.06,118.32;39.95,117.37;39.97,116.97;39.8,116.44;
#18:
>0:39.77,118.56;39.84,118.22;39.9,117.43;40.0,117.77;40.17,117.32;
#19:
>0:39.92,116.64;39.84,116.85;40.04,116.22;
#20:
>0:39.82,117.56;39.92,116.81;39.98,116.45;
#21:
>0:40.02,116.54;40.03,116.71;39.97,117.25;39.85,117.43;39.77,118.25;39.82,119.29;
#22:
>0:39.97,118.09;40.03,118.78;40.13,118.7;40.27,118.99;
#23:
>0:40.11,116.32;40.03,117.15;39.9,117.35;39.93,117.99;39.92,118.46;
#24:
>0:39.73,118.39;39.85,117.64;39.87,117.13;
#25:
>0:39.85,118.87;39.95,118.14;
#26:
>0:39.86,118.29;39.8,118.07;39.9,119.31;
#27:
>0:39.72,118.45;39.9,118.21;39.81,117.45;39.92,117.11;
#28:
>0:39.87,119.49;39.76,118.42;39.79,118.26;39.85,117.38;39.74,117.59;39.75,116.69;
#29:
>0:39.86,116.96;39.89,117.79;39.93,117.07;40.02,116.22;40.19,116.91;
#30:
>0:40.25,116.61;40.16,117.17;40.01,117.34;39.95,117.55;39.87,118.0;
#31:
>0:40.11,118.0;40.04,117.71;39.91,117.48;
#32:
>0:39.8,118.67;39.84,117.99;39.97,117.58;
#33:
>0:40.24,119.14;40.26,118.45;40.19,118.12;40.22,117.52;40.24,116.81;40.23,116.46;
#34:
>0:39.86,118.55;39.83,117.89;39.8,117.49;39.79,116.89;39.9,116.56;
#35:
>0:40.24,116.3;40.14,117.03;40.0,116.27;40.0,116.45;39.82,117.15;
#36:
>0:39.76,118.57;39.86,118.24;39.82,117.74;40.07,117.3;
#37:
>0:39.85,118.36;39.81,117.76;40.08,116.8;
#38:
>0:40.1,118.52;40.01,118.81;39.94,118.5;
#39:
>0:39.99,116.44;40.03,116.75;
#40:
>0:39.85,119.04;39.86,118.42;39.88,117.92;39.9,117.58;
#41:
>0:40.0,118.99;39.94,119.51;39.99,118.92;39.92,117.51;
#42:
>0:40.25,118.58;40.16,117.87;40.05,117.33;
#43:
>0:40.0,116.42;40.01,116.34;
#44:
>0:39.81,117.62;39.97,117.41;
#45:
>0:39.95,117.96;40.05,118.18;40.14,116.9;
#46:
>0:40.01,118.24;40.02,117.64;39.87,118.2;
#47:
>0:39.9,118.62;39.92,117.93;
#48:
>0:40.16,119.27;40.21,118.57;40.25,118.04;40.2,117.71;
#49:
>0:39.74,119.41;39.81,118.77;39.91,117.93;40.05,117.31;40.11,117.68;
#50:
>0:40.01,116.31;40.04,116.57;
#51:
>0:39.96,119.21;39.91,118.65;39.93,118.4;40.06,117.9;40.03,117.47;40.19,116.6;
#52:
>0:40.02,117.98;39.96,117.44;39.94,117.16;39.75,116.57;
#53:
>0:39.9,119.02;39.82,118.47;39.83,118.25;39.8,118.15;39.9,117.26;
#54:
>0:39.98,119.47;39.94,118.77;39.91,118.21;40.0,117.43;40.11,117.01;39.99,116.52;
#55:
>0:39.84,117.79;39.89,116.98;40.07,117.02;
#56:
>0:39.85,117.32;39.98,118.18;40.0,118.8;
#57:
>0:39.78,116.71;39.84,117.06;39.96,117.63;40.01,118.39;40.09,118.94;40.24,118.7;
#58:
>0:40.1,119.08;40.03,118.56;39.95,118.07;
#59:
>0:40.18,118.7;40.13,117.95;40.06,117.33;
#60:
>0:40.01,119.12;39.89,118.56;39.74,118.75;
#61:
>0:40.07,119.01;39.96,119.6;39.99,118.36;
#62:
>0:40.18,117.62;40.11,118.0;40.19,118.86;40.23,119.24;
#63:
>0:40.08,116.81;39.99,116.56;
#64:
>0:40.05,116.36;39.99,116.49;
#65:
>0:40.19,118.72;40.24,117.88;40.19,117.69;40.25,117.3;
#66:
>0:39.79,119.5;39.88,118.5;39.97,118.01;40.04,117.99;40.05,117.36;40.2,116.58;
#67:
>0:39.81,117.99;39.86,117.79;39.97,117.88;40.05,117.72;
#68:
>0:40.01,116.4;39.99,116.51;
#69:
>0:40.15,117.07;40.05,116.7;39.98,116.64;39.85,117.48;
#70:
>0:40.14,119.18;40.04,118.52;39.98,119.47;39.93,118.97;39.81,117.96;
#71:
>0:39.97,117.63;39.98,117.24;39.97,116.55;
#72:
>0:40.17,117.57;40.11,116.84;40.07,116.2;40.04,116.53;39.76,116.99;
#73:
>0:39.84,118.86;39.99,118.89;40.08,118.51;40.1,118.96;
#74:
>0:40.02,116.57;40.02,116.5;
#75:
>0:40.04,117.45;40.16,117.13;40.18,116.91;
#76:
>0:39.87,116.99;39.96,116.94;40.07,117.67;40.0,118.36;40.08,118.53;40.03,119.34;
#77:
>0:40.15,119.46;40.24,118.94;40.25,117.95;40.23,117.74;
#78:
>0:39.74,116.32;39.82,116.92;39.73,117.39;
#79:
>0:40.03,118.07;39.92,118.87;39.89,118.83;
#80:
>0:40.01,116.46;40.03,116.64;
#81:
>0:39.92,117.74;40.05,117.9;40.16,118.52;
#82:
>0:40.2,117.42;40.09,118.13;40.04,118.78;39.9,119.19;
#83:
>0:40.05,116.59;40.03,116.84;
#84:
>0:40.15,116.89;40.05,116.6;40.04,116.51;39.84,116.79;
#85:
>0:40.22,116.22;40.1,117.21;40.06,117.66;39.91,118.12;
#86:
>0:39.81,118.25;39.82,117.84;39.75,116.8;
#87:
>0:40.26,116.4;40.15,117.18;40.0,117.38;39.93,118.06;39.82,118.1;
#88:
>0:39.78,118.46;39.85,117.94;39.99,117.71;
#89:
>0:40.09,116.26;40.14,116.94;40.15,117.58;40.11,118.34;40.09,118.47;
#90:
>0:39.83,117.58;39.9,118.27;40.06,118.65;
#91:
>0:40.26,119.04;40.1,118.96;40.0,117.96;39.94,118.21;
#92:
>0:40.22,116.31;40.22,117.28;40.2,117.48;
#93:
>0:39.9,117.17;39.97,117.53;
#94:
>0:40.24,118.31;40.15,118.5;40.03,118.44;39.99,119.35;39.83,119.43;
#95:
>0:39.94,117.6;40.04,117.82;
#96:
>0:40.1,118.82;40.07,118.89;39.94,119.63;39.94,118.86;39.75,118.12;
#97:
>0:39.75,118.43;39.89,118.3;39.98,117.78;40.01,117.45;40.15,117.62;
#98:
>0:40.21,117.12;40.09,116.22;40.01,117.16;39.95,117.56;39.85,117.31;39.78,117.68;
#99:
>0:39.93,118.07;40.05,118.14;40.16,116.95;
