#0:
>0:39.96,116.38;39.81,116.64;
#1:
>0:39.97,119.11;40.06,118.6;
#2:
>0:40.13,118.91;40.03,118.79;
#3:
>0:40.16,117.16;40.26,116.54;
#4:
>0:40.2,117.8;40.16,116.98;40.02,117.02;39.93,116.95;
#5:
>0:39.93,118.17;40.02,118.18;40.01,117.51;40.25,118.42;
#6:
>0:40.01,116.72;40.01,116.74;
#7:
>0:39.93,119.46;39.83,118.99;
#8:
>0:40.03,116.27;39.96,116.78;39.89,116.89;39.78,117.19;
#9:
>0:39.8,118.86;39.89,117.91;39.87,117.8;39.82,117.05;
#10:
>0:39.93,116.38;40.02,117.27;
#11:
>0:39.88,117.43;39.89,117.09;
#12:
>0:40.15,117.42;40.05,117.99;39.94,118.59;39.82,119.07;39.73,119.08;
#13:
>0:40.03,116.38;39.98,116.53;
#14:
>0:39.97,116.62;40.02,116.55;
#15:
>0:39.97,116.5;40.03,116.43;
#16:
>0:39.9,117.07;39.89,117.07;
#17:
>0:40.04,116.84;40.0,116.45;
#18:
>0:40.04,116.56;40.03,116.26;
#19:
>0:40.22,119.21;40.09,119.15;40.08,119.19;
#20:
>0:40.03,116.73;39.98,116.7;
#21:
>0:40.04,116.55;40.02,116.41;
#22:
>0:39.94,117.26;39.88,117.82;39.73,118.34;39.94,118.46;
#23:
>0:40.24,116.67;40.11,117.26;40.08,117.02;39.98,116.5;39.86,117.8;
#24:
>0:39.85,118.23;39.9,117.41;40.0,117.85;40.14,118.24;40.19,119.03;
#25:
>0:40.05,116.44;40.02,116.93;40.11,117.71;40.18,118.3;40.07,118.65;
#26:
>0:40.04,116.52;40.0,116.45;
#27:
>0:39.8,116.53;39.81,116.42;39.86,117.06;40.03,116.45;
#28:
>0:40.09,117.76;40.04,118.25;
#29:
>0:40.14,119.18;40.18,118.51;40.22,118.18;40.22,117.71;40.09,117.11;40.04,116.25;
#30:
>0:39.82,116.51;39.86,116.89;39.95,116.81;39.99,118.0;
#31:
>0:40.13,116.42;40.2,116.91;40.22,117.39;40.22,118.05;40.24,118.58;
#32:
>0:39.91,119.11;39.98,119.15;
#33:
>0:39.77,116.55;39.82,116.6;39.89,116.9;40.06,116.22;
#34:
>0:40.03,116.45;39.96,116.57;
#35:
>0:39.99,116.34;39.99,116.63;
#36:
>0:39.89,116.59;39.82,116.95;39.98,117.06;39.91,118.08;
#37:
>0:39.92,118.42;39.94,118.15;40.17,117.91;
#38:
>0:39.72,117.43;39.89,118.16;39.86,118.69;39.98,118.05;40.06,118.37;40.19,117.71;
#39:
>0:39.8,116.78;39.74,117.43;39.92,117.73;
#40:
>0:39.8,118.34;39.82,118.88;39.92,118.89;40.02,118.48;
#41:
>0:39.78,117.88;39.84,118.7;39.92,118.66;
#42:
>0:40.22,117.62;40.14,117.14;40.01,116.93;39.97,116.88;
#43:
>0:39.92,116.86;40.07,117.74;40.16,118.09;40.15,118.79;
#44:
>0:39.72,116.69;39.83,116.61;39.89,116.76;40.0,116.75;
#45:
>0:40.15,117.31;40.08,118.03;39.9,118.37;
#46:
>0:40.18,117.19;40.08,116.84;39.91,117.56;
#47:
>0:39.73,119.02;39.81,118.79;
#48:
>0:40.05,118.98;40.0,118.94;39.91,118.18;40.08,117.87;40.17,117.22;
#49:
>0:39.74,116.51;39.87,116.88;39.95,117.64;40.0,118.34;40.13,118.32;40.22,119.48;
#50:
>0:39.82,116.31;39.9,117.3;39.98,116.79;39.92,118.17;
#51:
>0:39.9,117.51;39.84,117.55;
#52:
>0:40.17,119.35;40.08,118.89;39.98,117.93;39.82,119.43;
#53:
>0:39.91,118.39;39.86,118.6;39.74,118.5;
#54:
>0:39.81,119.22;39.92,118.7;
#55:
>0:40.08,116.69;40.07,116.9;40.13,117.37;40.14,118.3;40.25,118.85;40.12,119.13;
#56:
>0:40.13,117.91;40.05,117.49;39.94,116.79;39.84,116.99;39.73,116.86;
#57:
>0:39.96,116.63;40.01,116.25;
#58:
>0:39.9,116.78;39.82,117.15;39.78,118.27;
#59:
>0:40.15,117.34;40.07,118.17;
#60:
>0:39.86,117.08;39.84,116.44;40.02,116.61;40.15,116.91;
#61:
>0:40.12,119.24;40.03,118.6;39.98,118.21;
#62:
>0:40.02,118.21;39.98,118.65;39.91,119.09;
#63:
>0:39.96,118.02;39.84,118.76;39.73,118.46;
#64:
>0:40.16,118.69;40.01,118.63;39.92,117.95;39.81,118.55;
#65:
>0:39.94,117.44;39.83,117.33;
#66:
>0:40.04,116.65;40.15,117.06;40.24,117.06;
#67:
>0:39.79,118.33;39.83,118.48;39.96,118.57;40.07,118.8;
#68:
>0:39.88,117.0;39.93,117.26;39.78,117.91;
#69:
>0:40.17,116.3;40.02,116.57;39.96,116.65;39.85,116.23;
#70:
>0:39.93,118.77;39.92,117.9;39.99,117.56;39.83,117.24;40.08,116.43;
#71:
>0:40.21,118.78;40.25,118.35;40.16,118.66;40.05,118.6;39.89,119.27;
#72:
>0:39.96,116.39;40.02,116.31;
#73:
>0:39.8,116.88;39.79,117.33;39.83,118.38;39.85,118.89;40.05,119.33;
#74:
>0:39.97,116.22;40.03,116.44;
#75:
>0:40.0,118.42;39.98,118.25;40.13,117.5;
#76:
>0:39.96,116.44;39.96,116.5;
#77:
>0:40.25,117.74;40.1,117.14;
#78:
>0:39.95,116.64;40.02,116.74;40.05,117.75;
#79:
>0:39.99,116.56;39.96,116.47;
#80:
>0:40.2,117.46;40.15,117.1;
#81:
>0:39.99,116.71;40.0,116.67;
#82:
>0:40.26,118.32;40.1,118.54;
#83:
>0:40.12,118.06;40.03,117.72;39.99,117.63;39.84,117.36;39.8,117.39;
#84:
>0:40.1,117.25;40.06,116.93;40.01,117.66;39.82,117.91;
#85:
>0:39.79,118.78;39.89,118.05;39.99,117.51;
#86:
>0:39.91,117.12;39.94,117.53;39.83,117.9;
#87:
>0:40.21,119.51;40.16,118.95;40.02,118.73;
#88:
>0:39.84,117.16;40.02,116.45;40.01,116.45;40.1,116.62;
#89:
>0:40.18,117.83;40.23,118.11;40.18,118.94;40.23,119.49;
#90:
>0:40.16,119.12;40.01,118.81;39.94,118.4;39.86,119.0;
#91:
>0:40.04,116.21;39.99,116.44;
#92:
>0:39.98,116.39;39.83,116.8;39.76,117.41;39.8,118.19;39.77,118.52;
#93:
>0:39.73,118.09;39.88,118.74;39.96,118.45;
#94:
>0:39.91,117.9;39.92,117.93;
#95:
>0:40.02,117.54;39.92,117.6;39.93,118.07;40.07,119.28;
#96:
>0:39.96,116.4;40.02,116.68;
#97:
>0:39.83,118.0;39.95,117.73;39.89,117.26;40.01,116.46;
#98:
>0:40.02,116.62;39.94,116.82;39.88,117.04;39.76,117.26;
#99:
>0:39.84,116.35;39.89,117.11;39.82,117.42;39.75,118.32;39.91,118.66;
