#0:
>0:40.13,119.34;40.05,118.68;39.96,118.21;39.82,117.76;39.73,118.33;
#1:
>0:39.96,118.82;39.89,117.86;39.82,117.79;39.87,116.84;39.87,116.53;
#2:
>0:39.95,117.48;39.85,118.35;
#3:
>0:40.03,117.19;39.91,117.29;39.84,117.13;
#4:
>0:39.94,119.0;40.05,118.47;40.08,119.15;40.27,118.46;
#5:
>0:40.21,118.9;40.09,118.27;40.06,117.85;
#6:
>0:40.05,118.36;40.06,118.5;
#7:
>0:39.83,118.13;39.81,117.49;39.78,116.78;
#8:
>0:39.8,118.81;39.86,118.12;39.94,117.33;40.03,117.64;40.17,116.25;
#9:
>0:40.26,116.94;40.13,117.58;40.03,116.77;
#10:
>0:39.83,116.86;39.96,116.34;
#11:
>0:40.17,117.98;40.07,117.72;39.99,117.52;
#12:
>0:40.19,116.77;40.09,117.43;40.07,117.82;40.07,117.92;39.93,118.9;39.74,119.17;
#13:
>0:39.88,117.26;39.82,117.85;39.85,118.01;39.99,118.44;39.85,119.35;
#14:
>0:39.99,116.68;40.02,116.22;
#15:
>0:39.93,117.44;40.03,117.58;40.13,118.68;
#16:
>0:39.91,117.36;40.04,117.98;40.02,118.51;
#17:
>0:39.92,117.65;39.84,118.1;
#18:
>0:40.0,116.63;40.03,116.44;
#19:
>0:39.81,116.4;39.98,116.74;
#20:
>0:40.19,116.64;40.11,116.24;40.27,117.26;40.18,118.02;
#21:
>0:40.07,117.42;40.08,118.34;39.88,118.76;
#22:
>0:40.06,116.67;39.95,116.86;39.86,117.63;39.73,118.4;
#23:
>0:40.27,118.95;40.1,118.05;40.03,117.37;
#24:
>0:40.19,118.94;40.1,118.18;40.06,118.39;40.15,117.15;
#25:
>0:39.98,116.73;40.01,116.39;
#26:
>0:39.96,119.24;39.84,118.72;39.88,118.12;39.87,117.39;39.86,116.91;39.84,116.27;
#27:
>0:39.99,116.93;40.04,116.23;
#28:
>0:39.95,117.55;40.01,118.38;40.13,118.62;40.24,118.24;
#29:
>0:39.99,116.41;40.02,116.67;
#30:
>0:40.15,117.53;40.07,117.56;40.02,117.88;39.84,118.55;
#31:
>0:39.96,116.74;39.97,116.74;
#32:
>0:39.76,117.19;39.78,117.12;
#33:
>0:40.2,117.6;40.25,118.26;
#34:
>0:40.22,118.38;40.13,117.76;40.08,117.74;39.94,117.86;39.87,117.77;
#35:
>0:40.1,117.91;40.08,117.33;40.2,117.21;
#36:
>0:40.2,116.95;40.09,117.41;40.02,117.72;40.03,117.91;39.82,118.81;
#37:
>0:40.14,119.04;40.23,118.88;40.03,118.31;
#38:
>0:40.0,118.49;40.1,118.96;40.0,117.69;
#39:
>0:40.02,116.35;40.02,116.6;
#40:
>0:39.93,117.7;40.08,117.55;40.09,117.12;40.23,117.13;
#41:
>0:39.82,116.38;39.74,117.28;39.76,117.62;
#42:
>0:40.15,119.0;40.14,118.43;40.1,117.96;40.15,117.6;
#43:
>0:40.22,117.48;40.11,117.73;
#44:
>0:39.99,116.86;39.83,117.51;39.8,117.58;39.78,118.48;
#45:
>0:40.07,116.32;40.1,116.71;40.25,116.85;40.19,118.09;
#46:
>0:39.89,119.46;39.86,118.79;39.81,118.17;
#47:
>0:39.8,118.76;39.87,118.07;39.95,117.4;40.04,117.35;40.15,116.59;
#48:
>0:40.23,117.29;40.14,117.64;40.07,118.33;39.96,118.02;39.87,118.17;
#49:
>0:40.16,117.87;40.02,117.33;39.91,117.4;
#50:
>0:39.72,117.44;39.86,117.92;39.82,118.89;39.94,118.21;40.16,116.79;
#51:
>0:39.84,116.65;39.73,117.3;
#52:
>0:39.99,119.02;39.91,119.1;
#53:
>0:39.89,116.74;39.97,116.26;40.0,116.52;
#54:
>0:39.86,117.01;39.83,117.5;39.73,117.53;39.74,118.51;
#55:
>0:39.74,116.22;39.86,116.53;39.95,116.67;
#56:
>0:40.08,116.21;39.94,117.11;39.9,117.82;39.75,117.89;
#57:
>0:39.99,116.41;39.97,116.84;
#58:
>0:39.97,118.92;39.88,117.92;39.88,117.52;39.87,117.15;39.82,116.61;
#59:
>0:39.8,116.62;39.9,117.1;39.82,117.52;39.85,117.96;39.87,118.81;39.79,119.04;
#60:
>0:39.78,118.0;39.81,117.73;39.82,117.09;
#61:
>0:39.85,116.82;39.83,117.51;39.8,117.52;39.82,118.19;39.9,119.38;
#62:
>0:40.14,118.46;40.0,118.14;39.95,117.45;39.82,116.96;39.76,117.72;
#63:
>0:39.74,116.41;39.9,116.76;39.82,117.71;39.84,118.06;39.81,118.55;39.72,119.14;
#64:
>0:39.98,116.28;39.96,116.23;
#65:
>0:40.03,116.37;39.98,116.41;
#66:
>0:39.97,116.67;40.02,116.63;
#67:
>0:39.88,116.35;39.76,116.88;
#68:
>0:40.01,117.13;40.13,116.76;40.04,117.73;39.96,118.57;
#69:
>0:40.02,119.19;40.09,119.34;40.14,118.18;
#70:
>0:40.09,116.75;40.19,117.06;40.15,117.73;40.02,117.4;40.12,118.96;
#71:
>0:40.01,116.68;40.0,116.61;
#72:
>0:39.94,116.59;39.99,116.63;
#73:
>0:39.96,117.81;40.03,117.86;40.04,118.25;40.23,119.23;
#74:
>0:39.77,117.9;39.86,117.79;
#75:
>0:40.0,116.26;40.01,116.58;
#76:
>0:40.0,116.42;40.02,116.21;39.92,116.21;
#77:
>0:39.95,117.97;39.86,117.55;
#78:
>0:39.84,119.19;39.95,118.9;39.99,119.22;40.15,119.36;
#79:
>0:39.79,118.99;39.87,119.27;39.75,118.47;39.84,117.48;
#80:
>0:40.26,116.72;40.2,116.86;40.12,117.62;40.24,118.18;
#81:
>0:40.24,117.93;40.12,118.75;40.06,118.93;
#82:
>0:39.96,117.82;39.81,118.19;39.72,118.51;
#83:
>0:39.97,118.25;39.88,118.69;
#84:
>0:40.15,116.59;40.06,116.39;39.91,117.26;39.89,116.82;39.78,117.54;
#85:
>0:39.82,116.49;40.02,116.32;40.04,116.55;
#86:
>0:40.02,116.38;39.91,116.82;
#87:
>0:39.92,117.32;40.04,118.15;40.09,118.81;40.26,118.0;
#88:
>0:40.17,118.48;40.0,117.93;39.98,117.7;39.82,116.84;
#89:
>0:39.94,119.07;40.01,118.57;40.13,118.53;40.12,118.07;40.1,116.99;
#90:
>0:40.14,116.93;40.23,117.71;
#91:
>0:39.99,116.66;39.95,116.22;
#92:
>0:39.78,117.19;39.77,116.53;39.96,116.42;
#93:
>0:40.03,119.3;39.97,118.52;39.84,118.62;39.91,118.2;39.99,117.72;39.81,116.33;
#94:
>0:40.23,117.09;40.2,117.54;
#95:
>0:40.03,119.42;39.97,118.46;39.87,118.9;39.96,118.08;39.91,117.42;39.77,116.34;
#96:
>0:40.15,117.42;40.25,117.52;
#97:
>0:40.24,119.07;40.14,119.21;40.23,118.76;40.11,117.9;40.17,116.87;
#98:
>0:39.83,117.95;39.94,117.43;40.06,118.01;
#99:
>0:39.98,116.25;39.99,116.31;
