#0:
>0:39.86,118.48;39.92,118.06;39.96,117.49;
#1:
>0:40.19,116.88;40.27,116.28;40.03,117.13;
#2:
>0:39.8,118.36;39.82,117.75;39.85,116.99;40.04,116.54;40.09,116.41;
#3:
>0:40.14,118.79;40.26,117.92;40.17,118.2;40.08,117.08;
#4:
>0:39.87,119.65;39.91,119.73;
#5:
>0:40.1,118.65;40.02,118.0;39.96,118.13;39.86,117.97;
#6:
>0:40.26,116.55;40.14,116.76;40.05,117.26;40.01,117.98;
#7:
>0:40.05,119.11;39.99,118.73;40.22,117.94;
#8:
>0:39.9,117.31;39.81,118.2;39.8,118.52;39.87,119.88;
#9:
>0:40.18,117.48;40.18,117.36;40.08,117.06;39.94,117.83;
#10:
>0:39.9,118.89;39.73,118.04;39.74,117.37;
#11:
>0:40.15,116.75;40.13,116.9;40.21,116.78;
#12:
>0:39.85,118.41;39.81,118.37;39.74,116.78;
#13:
>0:39.85,118.67;39.98,118.29;40.0,117.61;40.12,116.97;
#14:
>0:40.18,116.54;40.1,116.74;40.06,116.79;39.95,118.12;
#15:
>0:39.84,116.5;39.82,117.19;40.03,117.22;
#16:
>0:40.12,116.94;40.04,117.81;39.91,117.8;39.88,117.55;39.78,117.62;
#17:
>0:40.16,118.53;40.03,118.95;40.05,118.06;39.9,118.67;
#18:
>0:40.12,116.85;40.0,117.74;39.91,117.51;39.87,117.43;39.76,117.57;
#19:
>0:40.15,116.48;40.06,116.77;39.96,117.0;39.85,117.21;
#20:
>0:40.16,116.83;40.0,116.92;39.98,117.82;39.89,118.26;
#21:
>0:39.78,118.01;39.8,117.33;39.73,116.96;
#22:
>0:40.2,117.53;40.23,117.3;40.13,117.78;39.98,118.16;
#23:
>0:39.79,117.53;39.87,117.1;39.88,116.23;
#24:
>0:40.1,119.39;40.04,119.07;40.16,118.74;40.1,117.49;
#25:
>0:40.26,117.07;40.23,117.61;40.13,117.73;40.0,118.28;39.95,117.78;39.77,116.29;
#26:
>0:40.03,118.84;40.03,117.9;39.91,117.42;40.11,117.28;
#27:
>0:40.11,119.48;40.03,119.25;39.9,118.91;39.83,117.96;39.73,117.52;
#28:
>0:40.18,117.15;40.19,116.25;40.19,116.53;40.07,116.41;39.81,116.26;
#29:
>0:40.07,119.48;39.93,119.12;39.9,118.14;39.8,118.13;39.75,117.74;39.83,116.48;
#30:
>0:40.1,119.12;40.04,119.26;40.12,118.58;40.14,117.58;
#31:
>0:40.04,116.8;39.83,116.63;39.82,117.26;39.78,118.33;
#32:
>0:40.17,119.18;40.04,118.89;40.01,118.3;39.83,118.08;
#33:
>0:39.94,116.76;40.1,116.4;
#34:
>0:40.0,116.66;40.0,116.38;
#35:
>0:39.77,117.15;39.89,116.73;39.9,116.79;40.04,117.34;40.09,117.71;40.26,117.23;
#36:
>0:39.97,119.41;39.94,119.33;
#37:
>0:39.98,118.23;39.85,118.17;
#38:
>0:40.1,118.74;40.19,118.37;40.14,117.51;40.17,117.23;
#39:
>0:40.0,116.89;39.99,116.34;
#40:
>0:39.89,117.83;39.87,117.31;39.96,117.74;40.04,116.83;40.25,116.75;
#41:
>0:40.21,118.99;40.18,118.62;40.22,118.4;40.1,117.44;40.25,116.77;
#42:
>0:40.24,116.37;40.17,116.85;40.0,116.77;40.07,117.81;39.99,118.38;39.8,119.89;
#43:
>0:39.88,118.58;39.95,119.19;39.94,117.89;40.09,117.87;
#44:
>0:39.97,119.64;39.94,118.77;
#45:
>0:39.73,117.48;39.86,118.02;39.97,119.09;40.03,119.19;
#46:
>0:40.22,116.44;40.09,116.54;40.11,116.71;39.93,117.05;
#47:
>0:40.01,118.55;40.1,119.3;
#48:
>0:40.02,116.51;39.96,116.87;40.0,117.21;40.01,117.39;40.17,118.91;
#49:
>0:40.03,116.51;39.99,116.86;40.06,116.96;40.01,117.68;40.14,117.55;40.03,118.18;39.95,117.48;40.04,117.15;40.02,117.54;40.0,116.97;40.02,117.57;40.05,117.98;39.85,119.94;
#50:
>0:40.26,118.78;40.17,117.98;40.04,117.37;40.03,118.41;39.88,117.05;
#51:
>0:40.16,118.1;40.0,117.39;40.06,118.04;39.85,118.94;
#52:
>0:40.12,116.86;40.02,116.88;39.96,117.39;39.95,118.1;
#53:
>0:40.01,116.76;40.01,116.69;
#54:
>0:40.11,118.0;40.05,118.49;40.01,119.46;
#55:
>0:39.88,116.81;39.88,117.25;
#56:
>0:39.85,117.29;39.85,117.59;39.93,117.65;40.14,117.49;
#57:
>0:39.83,118.84;39.94,118.76;40.07,117.58;
#58:
>0:40.06,117.2;39.96,117.33;39.88,118.24;39.76,118.45;
#59:
>0:40.22,117.08;40.18,117.82;40.0,118.16;39.91,118.77;40.0,119.31;
#60:
>0:40.1,118.28;40.06,117.31;39.96,117.16;
#61:
>0:39.92,119.56;40.07,118.52;40.06,118.17;39.94,117.42;39.88,117.02;40.05,116.65;
#62:
>0:40.06,118.43;39.91,118.02;39.89,117.76;39.77,116.79;
#63:
>0:40.05,117.72;39.98,117.37;39.96,116.71;
#64:
>0:40.03,116.28;40.04,116.66;
#65:
>0:40.05,116.74;40.05,116.32;
#66:
>0:40.22,118.78;40.16,118.33;40.05,118.35;39.98,118.16;
#67:
>0:40.01,117.52;40.08,118.14;39.96,119.25;39.89,119.72;
#68:
>0:40.13,119.4;40.08,119.52;39.95,117.87;
#69:
>0:40.09,116.53;40.08,117.26;39.96,117.76;39.81,118.08;
#70:
>0:40.12,118.95;40.21,118.0;40.12,117.49;40.2,117.38;40.27,116.4;
#71:
>0:39.82,118.39;39.72,118.44;
#72:
>0:39.88,117.61;39.9,117.16;39.94,117.37;40.15,118.75;
#73:
>0:40.09,116.81;40.06,116.96;40.05,117.64;40.08,118.34;39.91,117.97;39.87,119.79;
#74:
>0:39.73,117.48;39.79,118.13;39.72,118.67;39.89,119.91;
#75:
>0:40.27,117.95;40.1,117.65;40.0,117.17;40.05,117.72;39.89,116.94;
#76:
>0:39.75,116.31;39.88,116.9;39.95,117.61;40.05,117.01;40.17,118.06;
#77:
>0:40.15,117.94;40.01,117.76;40.08,117.24;39.98,117.79;39.76,116.26;
#78:
>0:40.02,118.04;39.99,118.27;
#79:
>0:39.79,117.97;39.85,117.68;39.81,116.92;39.97,117.81;40.07,117.01;40.26,116.45;
#80:
>0:39.91,117.69;39.96,116.83;40.03,116.77;
#81:
>0:40.19,118.05;40.13,118.27;40.02,117.65;39.92,118.99;
#82:
>0:40.08,119.13;40.09,118.69;40.24,118.77;40.12,118.08;40.08,117.11;
#83:
>0:39.8,117.77;39.81,116.84;39.87,116.64;39.99,116.85;40.1,117.44;
#84:
>0:39.83,119.91;39.9,118.54;39.97,119.16;39.95,117.95;40.04,117.24;
#85:
>0:39.75,118.56;39.76,118.71;
#86:
>0:40.17,118.56;40.22,118.06;40.13,117.48;40.1,117.18;
#87:
>0:39.87,117.7;39.94,117.52;40.03,117.78;
#88:
>0:40.1,116.57;40.14,116.7;
#89:
>0:40.09,116.97;40.08,117.48;39.94,118.04;39.93,119.15;39.99,119.55;
#90:
>0:40.11,117.96;40.01,117.48;40.0,117.88;39.87,118.04;
#91:
>0:39.85,116.9;39.86,117.51;39.98,117.71;40.04,117.01;40.24,116.3;
#92:
>0:40.0,117.99;39.9,117.47;
#93:
>0:39.8,118.11;39.82,118.37;39.95,118.25;40.07,118.06;
#94:
>0:40.01,116.51;40.02,116.3;
#95:
>0:40.04,116.77;40.01,116.28;
#96:
>0:39.86,116.65;39.91,116.86;39.97,117.69;40.03,118.18;40.25,118.69;
#97:
>0:40.1,118.28;40.07,118.07;39.94,119.24;39.89,118.49;
#98:
>0:40.11,117.54;40.26,118.34;
#99:
>0:39.94,118.79;39.95,117.91;40.0,117.52;39.83,117.1;
