#0:
>0:40.1,117.3;40.25,117.45;40.18,118.09;
#1:
>0:39.79,118.16;39.77,118.78;39.9,118.66;40.05,119.26;
#2:
>0:40.23,118.22;40.17,118.81;40.03,118.56;39.94,118.74;39.83,119.23;39.76,118.03;
#3:
>0:40.21,118.59;40.22,118.1;40.25,117.82;40.2,116.85;
#4:
>0:39.9,118.64;39.87,117.97;39.76,117.68;
#5:
>0:39.94,118.88;39.99,119.0;
#6:
>0:39.8,119.08;39.88,118.83;39.87,118.18;
#7:
>0:39.81,118.12;39.93,118.97;
#8:
>0:39.97,116.26;39.95,116.46;
#9:
>0:39.87,118.71;39.82,118.38;40.0,117.49;
#10:
>0:40.27,116.4;40.19,116.97;40.22,117.75;40.2,118.34;40.26,118.47;
#11:
>0:40.19,118.08;40.19,117.63;40.22,116.86;40.24,116.44;
#12:
>0:40.15,118.91;40.07,118.62;40.1,117.91;40.2,117.26;
#13:
>0:39.76,118.05;39.86,118.12;
#14:
>0:40.08,118.71;39.91,118.95;39.87,118.29;39.96,117.07;
#15:
>0:40.04,116.56;40.03,116.45;
#16:
>0:40.01,116.59;40.0,116.41;
#17:
>0:40.1,119.19;40.13,118.62;40.17,117.97;40.16,117.66;40.14,117.09;
#18:
>0:40.25,119.39;40.09,118.5;40.08,118.63;39.94,118.47;39.86,117.42;
#19:
>0:39.87,118.17;39.97,118.22;40.0,118.19;40.12,118.17;40.26,118.06;
#20:
>0:39.98,116.7;39.97,116.26;
#21:
>0:40.18,117.68;40.24,118.29;40.17,117.33;40.02,117.21;39.89,117.19;
#22:
>0:39.88,117.59;39.89,117.86;
#23:
>0:39.84,118.02;39.96,118.82;
#24:
>0:40.0,116.54;40.01,116.37;
#25:
>0:40.04,118.35;40.09,118.8;40.23,118.99;
#26:
>0:40.18,119.25;40.11,119.16;40.03,119.26;39.92,119.31;
#27:
>0:40.0,116.71;40.03,116.55;
#28:
>0:40.01,116.4;39.99,116.54;
#29:
>0:39.81,117.45;39.93,116.8;40.02,117.58;
#30:
>0:40.03,116.26;40.0,116.96;39.95,117.48;40.04,117.73;40.07,118.94;
#31:
>0:39.95,116.45;39.94,116.46;
#32:
>0:40.21,116.61;40.09,116.94;40.15,117.81;40.01,116.99;39.82,117.37;
#33:
>0:39.78,117.25;39.84,117.32;39.8,118.24;
#34:
>0:40.06,118.75;40.11,119.13;40.2,118.52;
#35:
>0:39.76,118.01;39.73,118.5;39.88,118.85;40.03,119.38;
#36:
>0:39.91,118.58;39.83,118.32;39.95,118.26;39.98,116.87;
#37:
>0:39.96,116.21;39.96,116.36;
#38:
>0:39.84,117.58;39.93,117.92;40.03,118.23;
#39:
>0:40.21,118.46;40.12,118.19;40.04,118.15;39.92,118.32;39.82,117.81;39.77,118.14;
#40:
>0:39.96,119.08;39.87,118.68;39.8,118.05;39.81,117.41;39.98,116.85;
#41:
>0:40.11,117.88;40.09,117.61;40.01,117.2;39.83,117.09;
#42:
>0:40.22,117.18;40.15,117.37;40.0,118.19;39.9,118.65;39.85,118.69;39.8,118.64;
#43:
>0:39.95,116.36;40.02,116.26;
#44:
>0:40.24,119.41;40.17,118.46;40.21,118.14;40.17,117.55;40.07,116.97;39.85,116.48;
#45:
>0:40.0,118.48;40.11,119.01;40.24,118.63;
#46:
>0:40.08,117.42;39.95,118.0;39.83,118.78;39.76,119.29;
#47:
>0:39.84,118.07;39.93,118.17;40.06,117.99;40.09,118.24;40.2,118.07;
#48:
>0:40.2,118.39;40.24,117.55;40.21,117.13;40.26,116.57;
#49:
>0:39.92,118.99;40.01,118.87;39.92,118.18;39.82,117.45;39.98,116.97;40.0,116.41;
#50:
>0:39.98,116.75;40.01,116.39;
#51:
>0:40.0,118.7;40.16,117.98;40.22,117.81;
#52:
>0:39.91,119.51;39.98,118.85;39.83,117.99;39.88,117.62;39.97,116.76;40.02,116.32;
#53:
>0:39.91,118.72;39.94,119.07;
#54:
>0:40.01,116.66;39.98,116.22;
#55:
>0:40.13,117.45;40.16,118.15;
#56:
>0:39.95,116.62;40.0,116.3;
#57:
>0:39.97,116.62;40.0,116.6;
#58:
>0:40.06,116.8;40.17,117.79;40.13,118.08;40.16,118.77;
#59:
>0:39.84,117.18;39.97,116.51;
#60:
>0:40.02,116.28;40.02,116.42;
#61:
>0:39.98,116.66;39.96,116.75;
#62:
>0:39.92,119.19;40.07,118.67;
#63:
>0:40.03,116.5;40.03,116.39;
#64:
>0:39.78,118.69;39.78,119.19;39.97,118.63;
#65:
>0:39.99,116.57;39.92,116.86;
#66:
>0:39.92,118.42;39.91,119.06;
#67:
>0:40.1,119.43;40.08,118.72;39.97,118.24;39.96,117.8;
#68:
>0:39.97,116.35;40.01,116.41;
#69:
>0:40.04,116.23;39.99,116.73;
#70:
>0:40.18,118.13;40.13,118.46;40.06,118.76;39.97,118.49;39.84,119.31;39.72,118.25;
#71:
>0:39.95,117.37;39.87,118.39;39.76,118.69;39.76,118.98;
#72:
>0:39.99,116.49;39.99,116.76;
#73:
>0:39.83,119.07;39.99,118.97;39.85,118.21;39.83,117.62;39.93,116.84;40.13,116.22;
#74:
>0:39.94,117.11;40.06,116.77;40.15,117.51;
#75:
>0:39.97,116.3;39.97,116.3;
#76:
>0:39.92,119.44;39.83,118.6;39.79,117.98;39.75,117.44;39.88,116.79;39.8,116.31;
#77:
>0:39.95,116.51;39.97,116.72;
#78:
>0:40.03,116.22;39.99,116.23;
#79:
>0:40.22,119.07;40.12,118.83;40.21,118.16;40.1,117.78;40.07,117.05;39.81,116.75;
#80:
>0:39.96,116.23;40.02,116.61;
#81:
>0:39.75,117.15;39.89,117.61;39.98,116.91;40.0,116.5;40.11,116.63;
#82:
>0:40.03,116.48;39.99,116.46;
#83:
>0:40.01,118.16;40.17,118.71;40.22,119.0;
#84:
>0:40.17,116.42;40.05,117.26;39.96,117.38;39.87,118.3;39.74,118.8;39.8,119.39;
#85:
>0:39.75,119.07;39.85,118.85;39.93,118.38;40.05,117.85;40.09,117.11;40.21,116.72;
#86:
>0:39.9,118.3;39.98,118.05;40.05,117.55;
#87:
>0:39.97,116.54;40.01,116.41;
#88:
>0:39.72,118.97;39.83,117.97;39.98,118.15;40.07,118.07;40.12,117.38;
#89:
>0:39.93,118.5;40.01,118.46;40.17,119.36;40.26,118.68;
#90:
>0:39.98,116.53;39.98,116.33;
#91:
>0:39.79,117.3;39.83,117.82;39.97,116.85;40.03,116.74;40.17,116.8;40.24,117.2;
#92:
>0:40.0,116.74;39.9,116.63;39.96,116.22;
#93:
>0:40.01,116.25;39.96,116.43;
#94:
>0:40.19,119.05;40.12,118.66;40.03,118.79;39.92,118.5;39.82,119.09;39.72,118.13;
#95:
>0:40.01,116.29;39.92,116.74;
#96:
>0:39.95,116.37;40.02,116.28;
#97:
>0:39.84,116.59;39.74,116.26;
#98:
>0:40.01,116.22;40.01,116.92;40.15,117.43;40.2,117.7;
#99:
>0:39.95,119.49;39.97,118.95;39.9,117.88;39.73,117.82;39.84,116.94;39.76,116.66;
