#0:
>0:39.74,117.76;39.88,117.63;39.93,117.56;
#1:
>0:40.09,117.72;40.03,117.64;40.02,118.4;39.86,117.35;
#2:
>0:40.17,116.51;40.25,116.76;
#3:
>0:40.22,118.0;40.13,117.74;40.05,117.37;40.08,118.13;39.91,118.24;39.77,118.79;
#4:
>0:40.02,117.06;40.13,117.68;40.17,118.0;
#5:
>0:40.18,119.24;40.04,118.65;39.95,118.19;39.87,117.33;39.86,116.85;
#6:
>0:40.26,117.96;40.16,118.16;40.21,117.59;40.18,116.57;
#7:
>0:40.02,116.61;39.97,116.82;
#8:
>0:40.16,118.55;40.06,118.25;39.93,118.24;39.87,118.06;
#9:
>0:40.08,117.34;40.12,117.96;40.2,117.58;
#10:
>0:40.04,116.77;40.05,116.32;
#11:
>0:39.74,116.71;39.83,116.85;39.75,117.51;39.83,117.38;39.92,117.95;40.07,119.04;
#12:
>0:39.95,117.37;39.9,117.74;39.75,116.89;
#13:
>0:39.74,118.87;39.84,118.68;39.9,118.09;39.94,118.37;40.07,118.74;40.21,118.33;
#14:
>0:40.15,118.76;40.12,117.99;40.26,117.39;40.19,117.09;40.0,116.46;
#15:
>0:40.17,116.94;40.17,117.73;40.0,117.61;39.81,117.03;
#16:
>0:40.0,117.63;39.95,117.3;39.89,118.33;
#17:
>0:39.75,118.71;39.86,118.52;39.84,117.89;39.91,118.04;40.11,116.83;
#18:
>0:40.19,116.51;40.22,117.12;40.24,117.6;40.21,118.4;40.22,118.57;
#19:
>0:40.01,116.23;39.99,116.5;
#20:
>0:39.93,117.19;39.97,116.27;39.79,117.66;
#21:
>0:40.16,117.39;40.12,117.78;
#22:
>0:39.97,116.55;40.03,116.62;
#23:
>0:40.01,116.43;40.03,116.72;
#24:
>0:39.85,119.0;39.9,118.44;39.88,118.08;39.77,117.73;39.86,116.85;39.81,116.39;
#25:
>0:40.2,118.18;40.12,118.12;40.2,117.53;40.23,116.52;
#26:
>0:40.18,117.08;40.13,116.43;
#27:
>0:39.87,116.68;39.8,116.9;39.85,117.66;39.97,118.16;39.92,118.88;39.83,119.47;
#28:
>0:40.0,117.59;40.07,117.92;39.95,117.95;39.72,119.31;
#29:
>0:39.73,116.53;39.87,116.87;39.79,117.84;39.83,117.55;39.93,117.9;40.1,119.37;
#30:
>0:40.01,118.1;39.94,118.11;39.99,117.77;40.2,116.67;
#31:
>0:39.97,116.56;40.02,116.69;
#32:
>0:40.03,118.47;39.95,117.97;39.84,117.48;39.88,117.02;39.76,116.5;
#33:
>0:39.77,117.32;39.89,117.45;39.94,118.1;40.01,118.57;40.09,118.64;
#34:
>0:40.08,116.65;39.91,117.25;
#35:
>0:39.82,116.31;39.91,116.83;40.05,116.78;40.1,117.68;40.24,117.4;
#36:
>0:39.86,116.43;39.72,117.06;
#37:
>0:40.09,119.04;40.04,118.91;39.93,118.21;39.85,117.68;39.79,117.48;39.98,116.37;
#38:
>0:39.79,118.24;39.86,117.4;39.95,118.12;40.01,118.94;40.11,119.04;40.24,118.78;
#39:
>0:39.96,118.9;40.06,117.87;39.95,118.15;39.89,117.07;
#40:
>0:39.98,116.25;40.0,116.44;
#41:
>0:40.26,117.56;40.24,117.69;
#42:
>0:40.12,118.55;40.16,118.1;40.07,118.36;39.92,118.07;39.75,118.53;
#43:
>0:40.08,117.06;40.16,117.64;40.04,118.14;
#44:
>0:39.88,118.86;39.98,118.29;39.88,117.4;39.87,116.98;
#45:
>0:40.04,116.93;39.99,116.75;
#46:
>0:40.03,116.22;40.03,116.22;
#47:
>0:39.91,117.18;39.85,117.46;39.73,118.05;39.9,118.01;39.76,119.16;
#48:
>0:39.93,116.79;39.88,116.53;
#49:
>0:39.96,118.27;39.85,118.26;
#50:
>0:39.86,116.65;40.04,116.42;
#51:
>0:39.88,116.4;39.9,116.9;40.0,117.38;40.15,118.3;40.13,118.54;
#52:
>0:39.99,119.24;39.9,119.18;39.9,118.69;39.99,117.95;40.04,116.89;
#53:
>0:39.99,116.48;40.02,116.62;
#54:
>0:39.73,116.67;39.85,117.0;39.77,117.45;39.84,117.82;39.94,117.98;39.99,119.0;
#55:
>0:40.17,118.59;40.12,118.37;40.19,117.57;40.19,116.94;40.05,116.37;
#56:
>0:40.06,116.9;40.12,117.02;40.23,117.0;
#57:
>0:39.96,117.24;40.07,117.77;40.0,118.19;39.96,118.52;
#58:
>0:40.01,116.28;39.97,117.26;
#59:
>0:40.05,116.41;39.97,116.28;
#60:
>0:39.93,118.49;40.07,118.35;39.93,117.99;39.86,117.14;
#61:
>0:40.2,117.01;40.16,117.43;40.01,117.45;40.06,118.33;39.94,118.26;39.79,119.38;
#62:
>0:40.24,116.87;40.16,117.72;40.05,118.17;39.95,118.15;40.03,119.22;
#63:
>0:39.81,117.7;39.95,117.14;40.04,117.97;
#64:
>0:40.05,118.11;39.94,118.11;39.85,117.82;39.81,116.78;
#65:
>0:40.0,118.3;39.92,117.87;40.03,116.87;
#66:
>0:40.2,117.77;40.24,116.87;40.01,117.17;
#67:
>0:39.85,117.78;39.84,118.02;39.97,118.7;
#68:
>0:39.95,116.89;39.9,117.06;39.74,117.52;
#69:
>0:40.02,116.5;40.07,117.12;40.15,117.5;40.22,116.24;
#70:
>0:40.23,119.03;40.17,118.93;40.11,117.97;40.01,117.89;39.85,118.93;
#71:
>0:39.86,118.21;39.81,117.47;
#72:
>0:40.15,116.34;40.03,116.93;39.92,117.79;39.87,118.29;39.76,118.1;
#73:
>0:39.74,118.04;39.83,117.7;39.92,117.19;40.05,117.94;
#74:
>0:40.12,118.3;40.08,118.71;40.03,119.51;
#75:
>0:40.09,116.74;40.0,117.12;40.15,117.47;40.06,117.76;40.15,118.42;
#76:
>0:40.04,116.25;39.94,117.15;39.89,117.53;39.87,118.16;39.79,118.83;
#77:
>0:39.94,117.17;39.84,117.57;
#78:
>0:39.81,119.25;39.83,118.69;39.88,117.97;39.88,117.33;39.85,117.09;
#79:
>0:40.08,117.72;40.08,118.39;39.94,117.9;39.74,119.18;
#80:
>0:39.93,118.33;40.03,117.82;40.1,117.24;40.18,116.71;
#81:
>0:40.1,116.35;40.04,116.86;39.94,117.43;39.84,118.26;39.86,118.71;39.9,119.26;
#82:
>0:40.05,116.44;39.93,116.47;
#83:
>0:40.25,117.99;40.14,117.32;40.02,117.39;40.06,118.21;39.96,118.11;39.81,118.91;
#84:
>0:40.2,119.04;40.13,118.62;40.0,118.92;39.98,118.6;
#85:
>0:40.01,116.28;40.0,116.26;
#86:
>0:40.24,117.14;40.16,117.57;40.06,117.44;40.02,118.11;39.97,117.9;39.72,119.22;
#87:
>0:40.1,119.02;40.06,118.49;39.91,118.38;39.87,117.34;39.75,117.15;
#88:
>0:40.07,117.45;40.1,116.87;40.23,116.64;
#89:
>0:40.1,117.32;40.15,116.98;40.01,116.22;39.97,116.49;39.77,116.84;
#90:
>0:39.93,117.22;39.87,117.44;
#91:
>0:39.79,116.27;39.83,117.25;39.93,116.41;40.02,117.14;40.15,117.77;40.19,117.52;
#92:
>0:39.9,119.16;39.75,118.91;
#93:
>0:40.04,116.93;40.0,116.68;39.9,116.43;
#94:
>0:39.83,116.22;39.85,117.16;40.04,116.28;
#95:
>0:39.89,118.9;39.89,118.02;39.94,118.16;39.86,117.46;39.73,116.73;
#96:
>0:40.05,116.55;39.84,116.84;39.81,117.82;39.96,118.42;39.96,118.51;39.88,118.98;
#97:
>0:40.17,117.23;40.08,117.53;40.02,117.99;39.96,118.13;39.77,118.89;
#98:
>0:40.05,117.18;40.1,117.2;40.22,116.79;
#99:
>0:39.75,119.36;39.81,119.35;39.97,118.53;
