#0:
>0:39.96,116.49;39.92,116.52;39.9,116.58;39.88,116.56;
#1:
>0:39.93,116.41;39.91,116.48;39.93,116.49;39.92,116.55;
#2:
>0:39.95,116.46;39.96,116.42;
#3:
>0:39.97,116.56;39.95,116.51;39.95,116.5;39.94,116.44;
#4:
>0:39.95,116.57;39.95,116.6;39.94,116.54;39.91,116.64;
#5:
>0:39.97,116.35;39.97,116.45;39.94,116.38;39.91,116.43;39.94,116.58;
#6:
>0:39.9,116.35;39.89,116.39;39.91,116.44;39.93,116.47;39.89,116.56;
#7:
>0:39.99,116.45;39.98,116.41;39.98,116.35;
#8:
>0:39.91,116.54;39.94,116.43;39.91,116.42;39.9,116.35;
#9:
>0:39.99,116.58;39.96,116.59;39.93,116.63;39.94,116.54;39.92,116.63;39.88,116.59;
#10:
>0:39.92,116.54;39.92,116.45;39.94,116.38;39.98,116.43;39.98,116.42;
#11:
>0:39.98,116.54;39.96,116.59;39.94,116.63;39.94,116.55;39.91,116.6;39.88,116.6;
#12:
>0:39.94,116.46;39.95,116.52;
#13:
>0:39.92,116.53;39.93,116.49;39.94,116.52;39.96,116.61;
#14:
>0:39.92,116.59;39.92,116.61;39.91,116.5;39.88,116.49;39.91,116.46;39.92,116.37;
#15:
>0:39.98,116.55;39.96,116.49;39.96,116.51;39.92,116.51;39.89,116.56;39.88,116.51;
#16:
>0:39.98,116.35;39.97,116.38;39.95,116.48;39.94,116.41;39.94,116.41;39.91,116.36;39.9,116.4;
#17:
>0:39.91,116.4;39.93,116.37;39.95,116.43;39.95,116.49;39.95,116.57;39.94,116.59;
#18:
>0:39.9,116.35;39.91,116.44;39.87,116.44;
#19:
>0:39.98,116.57;39.96,116.51;39.95,116.49;39.95,116.48;39.9,116.57;39.87,116.51;
#20:
>0:39.92,116.48;39.91,116.46;39.88,116.57;
#21:
>0:39.89,116.42;39.88,116.44;39.88,116.5;39.9,116.55;
#22:
>0:39.94,116.39;39.97,116.44;39.94,116.51;
