#0:
>0:39.9,116.33;39.91,116.32;39.93,116.46;
#1:
>0:39.9,116.33;39.92,116.41;39.93,116.45;39.96,116.41;39.98,116.45;
#2:
>0:39.87,116.56;39.88,116.51;
#3:
>0:39.91,116.38;39.91,116.47;
#4:
>0:39.9,116.57;39.93,116.6;39.94,116.62;
#5:
>0:39.97,116.49;39.97,116.47;39.98,116.41;39.98,116.36;
#6:
>0:39.9,116.38;39.91,116.43;39.87,116.49;39.9,116.57;39.94,116.62;
#7:
>0:39.92,116.54;39.95,116.53;39.97,116.53;
#8:
>0:39.87,116.56;39.89,116.48;39.9,116.45;39.9,116.4;
#9:
>0:39.91,116.4;39.89,116.44;39.87,116.5;39.9,116.55;39.94,116.6;
#10:
>0:39.89,116.58;39.88,116.59;
#11:
>0:39.94,116.61;39.94,116.57;39.92,116.57;39.91,116.47;
#12:
>0:39.91,116.6;39.93,116.54;39.94,116.48;39.95,116.51;
#13:
>0:39.99,116.44;39.97,116.43;
#14:
>0:39.96,116.49;39.99,116.45;
#15:
>0:39.97,116.49;39.97,116.43;39.94,116.45;
#16:
>0:39.88,116.49;39.9,116.56;39.91,116.54;39.94,116.56;39.97,116.56;
#17:
>0:39.92,116.61;39.93,116.62;39.97,116.6;39.97,116.63;
#18:
>0:39.99,116.36;39.95,116.37;39.98,116.37;39.96,116.33;39.94,116.35;39.93,116.41;39.88,116.4;
#19:
>0:39.91,116.39;39.91,116.43;
#20:
>0:39.9,116.59;39.87,116.58;39.9,116.51;39.87,116.43;
#21:
>0:39.94,116.61;39.93,116.57;39.97,116.51;
#22:
>0:39.92,116.55;39.94,116.53;39.96,116.5;
