#0:
>0:39.88,116.35;39.89,116.41;39.89,116.45;
#1:
>0:39.91,116.61;39.92,116.55;
#2:
>0:39.89,116.54;39.89,116.52;39.92,116.43;39.92,116.38;39.89,116.35;
#3:
>0:39.94,116.57;39.96,116.52;39.98,116.48;
#4:
>0:39.89,116.58;39.89,116.58;
#5:
>0:39.91,116.55;39.91,116.61;39.93,116.57;39.95,116.52;39.99,116.5;
#6:
>0:39.98,116.39;39.97,116.34;39.96,116.45;
#7:
>0:39.9,116.42;39.91,116.43;39.92,116.49;39.96,116.49;39.94,116.44;39.92,116.43;39.92,116.42;39.94,116.35;39.98,116.37;
#8:
>0:39.91,116.5;39.95,116.49;39.96,116.45;39.99,116.46;
#9:
>0:39.98,116.56;39.99,116.49;39.98,116.43;39.94,116.42;
#10:
>0:39.88,116.51;39.89,116.49;39.91,116.44;39.92,116.37;
#11:
>0:39.97,116.35;39.96,116.36;39.93,116.37;39.94,116.41;39.93,116.35;39.89,116.42;
#12:
>0:39.95,116.5;39.93,116.58;
#13:
>0:39.88,116.54;39.88,116.62;
#14:
>0:39.93,116.32;39.92,116.38;39.91,116.4;39.9,116.42;39.88,116.55;
#15:
>0:39.94,116.47;39.91,116.49;39.89,116.51;39.88,116.62;
#16:
>0:39.89,116.42;39.88,116.44;
#17:
>0:39.98,116.48;39.98,116.47;40.0,116.42;39.97,116.33;
#18:
>0:39.94,116.5;39.92,116.45;39.89,116.39;
#19:
>0:39.96,116.61;39.95,116.56;39.92,116.52;39.96,116.52;39.93,116.5;39.95,116.35;
#20:
>0:39.89,116.44;39.91,116.44;39.88,116.49;39.9,116.55;
#21:
>0:39.93,116.4;39.92,116.41;39.93,116.45;39.95,116.51;39.99,116.61;
#22:
>0:39.96,116.35;39.95,116.42;39.95,116.49;
