#0:
>0:39.88,116.46;39.88,116.37;
#1:
>0:39.95,116.39;39.98,116.38;39.97,116.45;39.92,116.61;
#2:
>0:39.95,116.5;39.92,116.57;39.9,116.58;39.87,116.44;
#3:
>0:39.92,116.41;39.89,116.45;39.92,116.43;39.92,116.48;39.92,116.63;
#4:
>0:39.91,116.58;39.93,116.51;39.97,116.56;
#5:
>0:39.97,116.39;39.96,116.43;39.93,116.5;39.91,116.58;39.91,116.58;39.88,116.48;
#6:
>0:39.89,116.48;39.88,116.43;39.9,116.42;
#7:
>0:39.88,116.32;39.9,116.39;39.9,116.45;39.92,116.44;39.92,116.53;39.92,116.59;
#8:
>0:39.97,116.56;39.96,116.54;
#9:
>0:39.9,116.35;39.91,116.39;39.94,116.45;39.96,116.47;39.96,116.55;
#10:
>0:39.87,116.34;39.87,116.36;
#11:
>0:39.97,116.35;39.98,116.38;
#12:
>0:39.89,116.47;39.91,116.46;39.94,116.45;39.96,116.44;39.98,116.47;
#13:
>0:39.92,116.36;39.91,116.37;39.96,116.36;
#14:
>0:39.91,116.49;39.88,116.47;
#15:
>0:39.91,116.57;39.9,116.62;
#16:
>0:39.96,116.48;39.97,116.47;39.94,116.47;39.92,116.41;39.87,116.43;
#17:
>0:39.91,116.58;39.9,116.61;
#18:
>0:39.96,116.44;39.95,116.49;39.97,116.57;39.95,116.6;
#19:
>0:39.92,116.34;39.93,116.37;39.96,116.37;39.95,116.44;39.97,116.57;
#20:
>0:39.9,116.49;39.91,116.5;39.93,116.62;
#21:
>0:39.94,116.48;39.96,116.51;39.98,116.59;
#22:
>0:39.9,116.43;39.88,116.42;
