#0:
>0:39.92,116.39;39.96,116.42;39.97,116.44;39.98,116.34;
#1:
>0:39.87,116.59;39.89,116.61;
#2:
>0:39.89,116.48;39.89,116.53;39.92,116.59;39.95,116.52;39.95,116.56;39.97,116.54;
#3:
>0:39.91,116.37;39.93,116.42;
#4:
>0:39.95,116.59;39.94,116.59;39.94,116.57;39.92,116.53;39.92,116.44;39.89,116.34;
#5:
>0:39.87,116.32;39.92,116.41;39.91,116.44;39.95,116.48;39.94,116.55;
#6:
>0:39.93,116.51;39.98,116.5;39.99,116.49;
#7:
>0:39.98,116.42;39.96,116.47;39.96,116.53;39.95,116.56;39.89,116.51;
#8:
>0:39.89,116.54;39.88,116.48;39.88,116.47;39.89,116.43;
#9:
>0:39.87,116.5;39.91,116.5;39.93,116.46;39.93,116.35;
#10:
>0:39.93,116.32;39.94,116.38;
#11:
>0:39.93,116.35;39.96,116.43;39.97,116.43;
#12:
>0:39.88,116.54;39.9,116.48;39.91,116.49;39.92,116.41;
#13:
>0:39.87,116.52;39.9,116.57;39.93,116.59;39.95,116.52;39.96,116.56;39.99,116.56;
#14:
>0:39.92,116.37;39.95,116.41;39.93,116.45;39.96,116.47;39.95,116.51;39.95,116.63;
#15:
>0:39.96,116.58;39.97,116.55;
#16:
>0:39.88,116.58;39.89,116.62;39.93,116.57;39.93,116.53;39.95,116.61;
#17:
>0:39.99,116.41;39.94,116.47;39.95,116.44;39.9,116.35;
#18:
>0:39.9,116.34;39.91,116.41;39.95,116.44;39.96,116.44;39.95,116.56;
#19:
>0:39.98,116.63;39.95,116.56;39.97,116.53;39.95,116.46;39.99,116.42;39.96,116.37;
#20:
>0:39.98,116.51;39.96,116.44;39.98,116.41;39.95,116.33;39.91,116.42;
#21:
>0:39.92,116.4;39.93,116.46;39.96,116.45;39.94,116.56;
#22:
>0:39.97,116.36;39.93,116.32;
