#0:
>0:39.92,116.53;39.94,116.52;39.93,116.44;
#1:
>0:39.9,116.52;39.93,116.43;39.91,116.41;
#2:
>0:39.88,116.48;39.89,116.5;39.9,116.43;39.94,116.41;
#3:
>0:39.94,116.47;39.92,116.4;39.89,116.43;39.87,116.43;
#4:
>0:39.87,116.32;39.89,116.36;39.9,116.38;39.89,116.49;
#5:
>0:39.97,116.59;39.98,116.58;39.95,116.51;39.93,116.47;39.95,116.39;39.99,116.33;
#6:
>0:39.91,116.53;39.87,116.55;
#7:
>0:39.93,116.47;39.92,116.41;39.94,116.36;
#8:
>0:39.95,116.45;39.92,116.49;39.89,116.51;39.88,116.63;
#9:
>0:39.95,116.4;39.97,116.34;
#10:
>0:39.89,116.5;39.93,116.44;
#11:
>0:39.92,116.41;39.95,116.45;
#12:
>0:39.92,116.46;39.94,116.41;
#13:
>0:39.96,116.55;39.94,116.52;39.92,116.54;39.89,116.48;
#14:
>0:39.9,116.49;39.92,116.43;39.91,116.51;39.95,116.61;
#15:
>0:39.88,116.46;39.87,116.51;39.89,116.52;39.88,116.63;
#16:
>0:39.92,116.37;39.95,116.35;39.96,116.34;39.98,116.4;
#17:
>0:39.94,116.42;39.94,116.35;39.91,116.4;39.87,116.51;
#18:
>0:39.88,116.56;39.88,116.63;39.9,116.54;39.94,116.48;
#19:
>0:39.92,116.38;39.9,116.46;39.87,116.51;39.9,116.51;39.88,116.59;
#20:
>0:39.88,116.43;39.91,116.38;39.91,116.47;39.93,116.44;39.96,116.41;39.98,116.37;
#21:
>0:39.98,116.41;39.97,116.45;39.95,116.5;39.96,116.58;
#22:
>0:39.92,116.5;39.95,116.55;
