#0:
>0:39.94,116.33;39.93,116.34;39.94,116.37;39.94,116.4;39.95,116.42;39.97,116.51;
#1:
>0:39.93,116.34;39.94,116.38;39.95,116.35;39.95,116.36;39.96,116.36;39.98,116.4;
#2:
>0:39.97,116.44;39.96,116.39;39.94,116.36;
#3:
>0:39.97,116.38;39.98,116.41;39.99,116.46;39.98,116.47;
#4:
>0:39.98,116.36;39.97,116.37;
#5:
>0:39.95,116.43;39.96,116.45;39.97,116.43;
#6:
>0:39.93,116.33;39.93,116.34;39.94,116.35;39.97,116.37;39.98,116.35;
#7:
>0:39.94,116.35;39.95,116.37;39.96,116.39;39.97,116.42;39.98,116.48;
#8:
>0:39.92,116.41;39.94,116.47;39.95,116.46;39.96,116.47;39.96,116.46;39.99,116.41;
