#0:
>0:39.97,116.46;39.96,116.47;39.96,116.46;39.95,116.45;39.93,116.45;
#1:
>0:39.92,116.4;39.94,116.41;39.94,116.46;39.95,116.44;39.96,116.48;39.99,116.43;
#2:
>0:39.98,116.41;39.97,116.41;39.97,116.43;39.95,116.4;
#3:
>0:39.94,116.43;39.95,116.46;
#4:
>0:39.99,116.49;39.97,116.49;39.96,116.45;39.95,116.49;39.94,116.48;39.93,116.48;
#5:
>0:39.96,116.36;39.95,116.36;39.96,116.42;
#6:
>0:39.98,116.44;39.96,116.43;39.95,116.41;39.95,116.4;39.93,116.44;
#7:
>0:39.94,116.36;39.95,116.42;39.96,116.44;39.96,116.46;39.99,116.41;
#8:
>0:39.93,116.49;39.92,116.44;39.94,116.42;
