#0:
>0:39.96,116.45;39.96,116.45;39.98,116.48;
#1:
>0:39.93,116.45;39.93,116.45;
#2:
>0:39.96,116.49;39.97,116.46;39.97,116.46;39.99,116.39;
#3:
>0:39.92,116.48;39.95,116.43;39.93,116.38;39.96,116.38;
#4:
>0:39.97,116.47;39.96,116.45;39.97,116.45;39.95,116.39;39.95,116.36;
#5:
>0:39.96,116.45;39.96,116.47;
#6:
>0:39.97,116.34;39.96,116.36;39.95,116.37;39.96,116.35;39.94,116.38;39.93,116.4;39.94,116.37;39.93,116.39;39.93,116.45;39.93,116.48;
#7:
>0:39.97,116.36;39.96,116.4;39.97,116.37;39.95,116.36;39.93,116.39;
#8:
>0:39.95,116.45;39.94,116.38;
