#0:
>0:39.97,116.35;39.96,116.35;39.95,116.35;39.95,116.36;39.93,116.33;
#1:
>0:39.96,116.46;39.95,116.41;39.95,116.39;39.95,116.37;
#2:
>0:39.95,116.45;39.96,116.43;39.97,116.39;39.99,116.4;
#3:
>0:39.94,116.36;39.93,116.38;39.93,116.38;39.93,116.46;
#4:
>0:39.93,116.37;39.92,116.4;
#5:
>0:39.95,116.43;39.95,116.39;
#6:
>0:39.95,116.45;39.96,116.41;39.96,116.38;39.95,116.39;39.96,116.35;
#7:
>0:39.98,116.34;39.98,116.38;39.96,116.4;39.95,116.41;39.94,116.4;39.93,116.39;
#8:
>0:39.95,116.41;39.96,116.42;
