#0:
>0:39.94,116.47;39.95,116.46;39.96,116.44;39.96,116.39;39.96,116.37;
#1:
>0:39.94,116.49;39.95,116.45;
#2:
>0:39.97,116.36;39.96,116.33;39.95,116.38;39.94,116.35;39.93,116.36;
#3:
>0:39.94,116.39;39.96,116.37;39.96,116.35;
#4:
>0:39.93,116.43;39.94,116.46;39.94,116.48;
#5:
>0:39.95,116.36;39.94,116.39;39.93,116.43;39.94,116.48;
#6:
>0:39.96,116.35;39.96,116.38;39.96,116.36;39.93,116.34;
#7:
>0:39.93,116.35;39.95,116.39;39.95,116.43;39.95,116.46;39.95,116.47;
#8:
>0:39.97,116.38;39.99,116.37;
