#0:
>0:40.1,116.35;40.05,116.37;
#1:
>0:40.05,116.26;40.06,116.33;40.01,116.42;39.99,116.48;39.9,116.51;
#2:
>0:40.06,116.28;40.02,116.26;40.02,116.32;39.99,116.33;39.91,116.41;
#3:
>0:40.02,116.34;40.01,116.35;
#4:
>0:39.99,116.55;39.93,116.45;39.96,116.42;39.91,116.39;39.9,116.32;39.94,116.18;
#5:
>0:40.0,116.18;39.98,116.24;40.04,116.25;
#6:
>0:39.94,116.19;39.9,116.2;39.94,116.29;40.02,116.38;
#7:
>0:40.03,116.22;40.06,116.24;40.11,116.25;40.04,116.39;
#8:
>0:40.05,116.28;40.08,116.25;40.01,116.42;
#9:
>0:40.03,116.37;40.04,116.31;39.98,116.29;
#10:
>0:39.94,116.47;39.97,116.41;
#11:
>0:40.03,116.23;39.97,116.26;39.99,116.35;39.9,116.29;
#12:
>0:40.02,116.32;40.05,116.25;40.02,116.33;
#13:
>0:39.97,116.29;40.02,116.27;40.05,116.3;40.08,116.29;
#14:
>0:39.96,116.33;39.91,116.3;
#15:
>0:40.06,116.23;40.03,116.21;39.98,116.29;39.99,116.34;39.94,116.41;39.9,116.53;
#16:
>0:40.03,116.45;39.98,116.4;39.99,116.35;39.97,116.29;
#17:
>0:39.99,116.26;39.99,116.31;40.0,116.39;
#18:
>0:39.95,116.32;39.97,116.43;39.96,116.47;
#19:
>0:40.03,116.3;39.98,116.31;40.03,116.33;39.99,116.35;39.98,116.4;39.93,116.31;
#20:
>0:39.99,116.35;40.02,116.3;39.97,116.35;40.02,116.32;39.97,116.33;
#21:
>0:40.02,116.18;39.99,116.27;39.96,116.26;40.03,116.41;
#22:
>0:40.03,116.51;40.05,116.47;40.08,116.45;
#23:
>0:39.93,116.41;39.96,116.39;39.96,116.49;
#24:
>0:39.99,116.43;40.0,116.39;39.97,116.36;
#25:
>0:40.04,116.53;40.06,116.48;40.07,116.41;
#26:
>0:39.93,116.33;39.96,116.25;
#27:
>0:40.03,116.51;39.98,116.44;40.03,116.41;39.98,116.34;39.93,116.36;39.96,116.19;
#28:
>0:39.93,116.18;39.98,116.27;40.02,116.33;
#29:
>0:40.0,116.38;40.02,116.37;
#30:
>0:39.9,116.3;39.93,116.24;
#31:
>0:39.96,116.51;39.92,116.52;
