#0:
>0:39.93,116.51;39.99,116.46;40.02,116.37;40.07,116.33;40.04,116.27;40.07,116.18;
#1:
>0:40.07,116.22;40.08,116.2;40.1,116.3;
#2:
>0:40.1,116.39;40.06,116.41;40.01,116.42;40.0,116.41;39.96,116.35;39.96,116.4;
#3:
>0:39.93,116.45;39.92,116.41;
#4:
>0:39.97,116.53;39.97,116.54;40.01,116.52;40.04,116.55;
#5:
>0:39.99,116.43;40.02,116.4;
#6:
>0:40.05,116.44;40.02,116.38;40.01,116.42;39.97,116.34;39.92,116.35;
#7:
>0:40.06,116.44;40.1,116.47;40.08,116.33;
#8:
>0:40.0,116.42;40.01,116.33;40.06,116.41;40.09,116.41;
#9:
>0:40.05,116.43;40.01,116.38;40.01,116.32;
#10:
>0:39.99,116.32;40.03,116.35;40.01,116.43;39.97,116.48;
#11:
>0:40.02,116.5;39.97,116.55;
#12:
>0:40.01,116.31;40.09,116.34;40.08,116.41;
#13:
>0:40.04,116.37;40.06,116.42;
#14:
>0:39.99,116.36;39.99,116.18;
#15:
>0:40.02,116.3;40.05,116.4;40.01,116.43;
#16:
>0:39.92,116.38;39.92,116.46;39.96,116.55;
#17:
>0:40.04,116.4;40.06,116.47;40.05,116.49;
#18:
>0:39.92,116.43;39.92,116.48;39.95,116.46;40.0,116.48;
#19:
>0:40.0,116.24;40.03,116.24;40.04,116.3;40.1,116.38;
#20:
>0:39.99,116.48;40.01,116.5;40.06,116.51;
#21:
>0:40.04,116.27;40.03,116.28;40.01,116.37;
#22:
>0:40.07,116.49;40.01,116.41;40.03,116.34;39.96,116.36;
#23:
>0:39.96,116.39;40.01,116.33;
#24:
>0:39.95,116.39;39.99,116.36;40.01,116.25;
#25:
>0:40.08,116.42;40.05,116.39;40.01,116.39;39.99,116.48;39.93,116.37;39.91,116.52;
#26:
>0:40.09,116.5;40.06,116.47;40.03,116.39;39.97,116.42;39.97,116.4;39.9,116.19;
#27:
>0:39.94,116.44;40.0,116.49;40.03,116.51;40.05,116.55;
#28:
>0:39.96,116.25;39.98,116.37;40.0,116.35;40.05,116.45;
#29:
>0:39.98,116.45;40.02,116.41;39.99,116.45;40.01,116.35;
#30:
>0:39.94,116.38;39.97,116.34;
#31:
>0:40.04,116.21;40.09,116.29;40.07,116.25;40.1,116.41;
