#0:
>0:40.01,116.26;40.0,116.32;39.98,116.37;39.93,116.34;
#1:
>0:40.06,116.23;40.1,116.21;40.09,116.24;40.1,116.3;40.09,116.37;40.1,116.49;
#2:
>0:39.95,116.37;39.94,116.36;39.98,116.31;40.01,116.29;40.07,116.22;
#3:
>0:39.9,116.35;39.93,116.34;39.97,116.4;
#4:
>0:40.1,116.26;40.07,116.31;40.02,116.34;40.0,116.37;
#5:
>0:39.95,116.28;39.96,116.32;39.97,116.34;40.06,116.34;
#6:
>0:40.02,116.44;40.07,116.46;
#7:
>0:39.92,116.28;39.94,116.34;
#8:
>0:40.07,116.41;40.05,116.43;40.02,116.46;
#9:
>0:40.09,116.5;40.05,116.46;40.0,116.38;40.05,116.35;40.08,116.26;
#10:
>0:39.94,116.51;39.99,116.5;40.02,116.44;40.04,116.38;40.07,116.3;40.06,116.2;
#11:
>0:40.01,116.31;40.04,116.42;
#12:
>0:40.04,116.23;40.01,116.19;39.98,116.22;39.95,116.23;39.92,116.23;
#13:
>0:40.04,116.34;40.03,116.36;40.02,116.2;
#14:
>0:39.94,116.37;39.94,116.48;
#15:
>0:40.1,116.3;40.09,116.39;40.05,116.44;40.01,116.46;39.94,116.43;
#16:
>0:40.06,116.23;40.02,116.3;
#17:
>0:39.97,116.36;39.97,116.4;39.91,116.4;
#18:
>0:39.99,116.37;40.01,116.32;40.02,116.32;
#19:
>0:39.99,116.45;39.96,116.41;39.9,116.55;
#20:
>0:39.91,116.22;39.93,116.25;39.96,116.36;39.96,116.39;39.93,116.45;40.05,116.54;
#21:
>0:39.95,116.26;40.0,116.26;40.01,116.38;40.06,116.36;
#22:
>0:40.06,116.21;40.02,116.22;39.97,116.28;40.01,116.38;
#23:
>0:39.93,116.39;39.94,116.47;40.02,116.52;39.98,116.55;40.06,116.52;
#24:
>0:39.99,116.25;39.98,116.36;39.9,116.4;
#25:
>0:40.01,116.35;40.04,116.42;40.05,116.45;39.98,116.52;
#26:
>0:39.91,116.29;39.93,116.31;39.98,116.36;40.04,116.35;40.07,116.39;40.09,116.43;
#27:
>0:39.99,116.49;39.93,116.45;40.0,116.53;39.95,116.41;39.95,116.31;39.9,116.23;
#28:
>0:40.08,116.45;40.06,116.44;40.03,116.47;40.0,116.36;39.95,116.28;
#29:
>0:40.07,116.43;40.03,116.43;
#30:
>0:40.06,116.26;40.02,116.35;40.04,116.4;40.04,116.47;39.98,116.52;
#31:
>0:39.99,116.34;40.04,116.32;
