#0:
>0:40.08,116.49;40.06,116.49;40.02,116.4;40.0,116.41;39.94,116.39;
#1:
>0:40.04,116.37;40.04,116.33;40.0,116.39;39.99,116.37;39.92,116.5;
#2:
>0:40.04,116.23;40.1,116.27;
#3:
>0:40.07,116.46;40.04,116.4;40.04,116.33;40.0,116.41;39.91,116.52;
#4:
>0:40.02,116.54;40.05,116.45;40.09,116.4;40.09,116.31;40.09,116.29;40.09,116.23;
#5:
>0:40.0,116.51;40.01,116.45;40.06,116.51;
#6:
>0:40.07,116.55;40.02,116.43;39.99,116.49;39.94,116.43;
#7:
>0:40.1,116.23;40.04,116.29;40.01,116.34;40.05,116.38;39.97,116.29;39.93,116.36;
#8:
>0:39.95,116.53;39.97,116.48;40.02,116.46;40.06,116.4;40.09,116.42;
#9:
>0:40.02,116.35;39.97,116.24;39.94,116.29;39.9,116.43;
#10:
>0:39.9,116.5;39.94,116.49;39.93,116.45;39.91,116.32;39.92,116.27;
#11:
>0:40.09,116.35;40.06,116.41;40.04,116.49;
#12:
>0:40.04,116.59;39.99,116.5;39.94,116.52;39.9,116.54;
#13:
>0:39.9,116.24;39.93,116.27;39.9,116.35;39.95,116.39;39.98,116.51;
#14:
>0:40.0,116.38;39.99,116.32;40.05,116.28;39.98,116.24;
#15:
>0:40.08,116.3;40.07,116.42;40.06,116.44;
#16:
>0:39.92,116.45;39.95,116.38;40.01,116.39;40.03,116.33;40.0,116.43;40.11,116.54;
#17:
>0:40.09,116.38;40.04,116.34;40.03,116.32;40.03,116.23;39.94,116.26;
#18:
>0:39.9,116.42;39.95,116.3;40.0,116.35;
#19:
>0:39.94,116.49;39.99,116.53;
#20:
>0:39.96,116.47;39.99,116.48;40.04,116.57;
#21:
>0:40.02,116.42;39.97,116.43;
#22:
>0:40.01,116.54;39.97,116.46;
#23:
>0:39.98,116.33;40.02,116.35;40.02,116.39;40.09,116.31;
#24:
>0:39.96,116.25;39.98,116.32;40.01,116.37;40.01,116.42;40.1,116.52;
#25:
>0:39.94,116.2;39.99,116.27;40.01,116.3;40.06,116.24;
#26:
>0:39.98,116.17;39.96,116.26;39.95,116.32;39.96,116.42;39.95,116.47;39.96,116.5;
#27:
>0:39.94,116.41;39.93,116.34;39.98,116.28;40.06,116.29;
#28:
>0:39.93,116.32;39.98,116.24;40.02,116.32;
#29:
>0:40.06,116.39;40.03,116.39;40.1,116.47;
#30:
>0:39.93,116.31;39.95,116.34;39.98,116.43;40.03,116.34;40.06,116.23;
#31:
>0:40.09,116.36;40.08,116.34;40.02,116.38;
