#0:
>0:40.09,116.26;40.09,116.22;
#1:
>0:40.08,116.23;40.05,116.24;40.02,116.31;39.99,116.37;39.95,116.37;
#2:
>0:40.08,116.4;40.07,116.36;40.03,116.45;
#3:
>0:40.01,116.37;39.97,116.4;40.05,116.45;
#4:
>0:40.07,116.27;40.01,116.31;39.97,116.42;40.02,116.46;
#5:
>0:39.91,116.51;39.96,116.46;39.99,116.39;39.99,116.35;40.06,116.32;40.1,116.25;
#6:
>0:39.99,116.43;40.03,116.41;40.06,116.34;40.11,116.24;
#7:
>0:39.92,116.42;39.95,116.47;
#8:
>0:40.07,116.45;40.01,116.39;39.99,116.37;39.93,116.26;
#9:
>0:39.93,116.47;39.97,116.37;40.01,116.45;
#10:
>0:40.05,116.41;40.04,116.45;39.98,116.53;39.94,116.53;
#11:
>0:40.09,116.33;40.04,116.3;40.05,116.22;40.01,116.31;39.94,116.17;
#12:
>0:40.01,116.32;40.0,116.34;39.97,116.42;40.0,116.4;40.1,116.5;
#13:
>0:39.93,116.34;39.93,116.25;39.95,116.18;
#14:
>0:39.98,116.45;40.02,116.55;
#15:
>0:39.97,116.5;39.93,116.44;40.0,116.39;40.0,116.38;40.05,116.28;40.04,116.2;
#16:
>0:40.0,116.39;39.99,116.35;40.04,116.26;
#17:
>0:39.96,116.54;39.97,116.47;
#18:
>0:39.92,116.44;39.9,116.54;39.99,116.37;
#19:
>0:39.95,116.46;39.99,116.44;
#20:
>0:40.03,116.31;39.93,116.18;39.93,116.17;
#21:
>0:39.99,116.39;39.96,116.45;
#22:
>0:40.1,116.43;40.06,116.51;40.0,116.45;40.0,116.4;39.97,116.36;39.92,116.19;
#23:
>0:40.06,116.18;40.06,116.26;40.03,116.32;39.99,116.42;40.02,116.41;40.08,116.54;
#24:
>0:40.06,116.4;40.02,116.34;39.98,116.42;39.95,116.48;
#25:
>0:39.91,116.35;39.94,116.41;
#26:
>0:39.92,116.36;39.93,116.39;39.91,116.44;
#27:
>0:40.05,116.22;40.02,116.28;40.02,116.33;39.93,116.42;39.92,116.46;
#28:
>0:40.05,116.52;40.02,116.49;39.97,116.41;39.94,116.37;
#29:
>0:40.05,116.26;40.04,116.2;39.98,116.21;
#30:
>0:40.08,116.32;40.05,116.24;40.02,116.33;39.97,116.37;39.94,116.44;
#31:
>0:40.0,116.32;40.0,116.35;40.04,116.38;
