#0:
>0:39.98,116.22;40.01,116.2;40.06,116.2;40.11,116.23;
#1:
>0:39.97,116.54;39.99,116.45;39.93,116.52;
#2:
>0:39.96,116.2;40.01,116.33;40.04,116.3;39.97,116.34;39.99,116.49;
#3:
>0:39.91,116.47;39.94,116.45;39.96,116.33;
#4:
>0:40.07,116.35;40.06,116.42;40.03,116.44;39.99,116.43;39.93,116.37;
#5:
>0:39.9,116.5;39.99,116.44;40.01,116.38;39.99,116.31;40.06,116.29;40.05,116.18;
#6:
>0:39.91,116.29;39.93,116.33;39.93,116.26;40.02,116.29;
#7:
>0:39.92,116.4;39.95,116.41;40.0,116.42;40.03,116.35;
#8:
>0:40.01,116.19;40.0,116.34;39.99,116.33;40.05,116.37;
#9:
>0:40.02,116.42;40.0,116.34;
#10:
>0:39.97,116.5;40.0,116.5;40.01,116.4;
#11:
>0:39.96,116.26;40.0,116.34;40.02,116.31;40.05,116.35;40.1,116.42;
#12:
>0:39.98,116.33;40.01,116.4;40.04,116.41;40.07,116.41;
#13:
>0:40.0,116.42;39.94,116.31;39.9,116.29;39.91,116.2;
#14:
>0:39.96,116.18;39.95,116.24;39.99,116.3;39.99,116.34;40.0,116.39;39.93,116.52;
#15:
>0:39.99,116.54;39.99,116.47;40.01,116.42;39.97,116.36;40.02,116.31;39.97,116.18;
#16:
>0:40.09,116.22;40.09,116.32;40.04,116.4;40.06,116.42;40.02,116.43;40.09,116.51;
#17:
>0:39.91,116.49;39.95,116.43;39.98,116.4;40.01,116.39;
#18:
>0:40.1,116.27;40.07,116.23;
#19:
>0:40.08,116.4;40.06,116.47;40.03,116.55;
#20:
>0:39.96,116.3;39.99,116.33;
#21:
>0:39.99,116.48;39.94,116.4;40.01,116.39;40.04,116.54;
#22:
>0:39.92,116.21;39.93,116.3;39.97,116.31;40.01,116.32;40.09,116.33;40.08,116.43;
#23:
>0:39.91,116.49;39.92,116.46;
#24:
>0:39.96,116.19;40.0,116.22;40.01,116.23;40.07,116.29;
#25:
>0:39.96,116.21;39.97,116.2;40.03,116.23;40.05,116.25;
#26:
>0:39.97,116.18;40.03,116.22;
#27:
>0:39.95,116.18;40.02,116.33;40.01,116.35;
#28:
>0:40.03,116.44;39.97,116.49;
#29:
>0:39.94,116.35;39.9,116.38;39.93,116.45;
#30:
>0:39.99,116.5;40.03,116.46;40.06,116.38;40.1,116.31;40.1,116.25;
#31:
>0:40.03,116.35;39.94,116.35;39.91,116.41;39.92,116.48;
