#0:
>0:35.33,50.85;38.56,66.58;39.37,86.51;41.96,25.01;41.71,71.54;46.04,-13.09;
#1:
>0:46.27,101.41;45.58,85.72;41.99,38.05;41.5,14.02;
#2:
>0:47.43,96.47;44.71,73.08;43.35,40.87;40.93,43.46;37.25,38.64;
#3:
>0:44.43,-10.15;47.2,7.29;
#4:
>0:39.45,113.92;41.2,93.38;
#5:
>0:40.56,132.26;39.86,118.4;
#6:
>0:41.01,96.48;39.78,105.01;
#7:
>0:39.72,-69.1;42.26,-7.9;44.73,10.2;47.94,24.63;
#8:
>0:39.39,100.62;39.87,132.77;
#9:
>0:46.46,-45.13;45.23,-82.03;43.22,-90.68;40.9,-107.53;38.27,-109.94;
#10:
>0:36.76,-48.71;37.9,-76.04;40.47,-44.67;42.05,-14.75;43.91,75.41;
#11:
>0:42.36,-70.5;40.03,-23.84;37.96,13.16;35.26,80.91;36.33,117.34;
#12:
>0:45.83,106.36;47.52,72.83;44.62,30.08;47.85,3.75;47.96,-59.68;45.14,-95.01;
#13:
>0:42.71,-62.17;40.11,-45.35;37.37,33.39;
#14:
>0:36.93,-122.12;37.88,-51.92;41.13,-60.02;42.17,27.34;
#15:
>0:46.79,42.75;46.34,67.86;44.19,32.28;43.34,24.17;40.13,53.8;35.47,110.5;
#16:
>0:38.46,-8.64;35.71,-38.03;
#17:
>0:35.46,-47.16;37.63,-16.32;41.15,26.92;42.09,54.23;45.89,114.05;
#18:
>0:40.11,128.53;41.49,121.98;
#19:
>0:47.47,123.29;45.74,126.14;
#20:
>0:39.78,106.69;40.05,123.18;
#21:
>0:46.71,-11.37;46.55,-44.54;43.35,-65.17;
#22:
>0:39.43,129.08;40.2,135.59;
#23:
>0:36.53,-29.42;36.38,13.94;37.74,87.85;43.42,87.81;
#24:
>0:42.23,-109.0;41.44,-44.25;37.42,-63.01;36.35,-64.08;
#25:
>0:46.14,108.24;44.78,54.4;43.46,78.2;41.48,55.76;
#26:
>0:41.32,135.35;40.27,102.32;
#27:
>0:42.93,18.64;40.42,-23.72;39.27,-31.75;
#28:
>0:35.03,69.57;38.54,51.08;40.79,126.07;
#29:
>0:45.8,35.22;42.64,-6.96;40.75,-0.42;
#30:
>0:41.08,109.08;41.53,107.24;
#31:
>0:37.38,101.24;38.14,67.0;38.02,21.94;38.67,-34.41;37.26,-56.66;37.51,-109.66;
#32:
>0:37.67,122.05;37.8,89.82;37.89,8.19;37.65,-32.06;38.71,-50.69;37.88,-110.97;
#33:
>0:40.14,107.05;40.51,109.05;
#34:
>0:44.94,16.91;47.02,-35.75;
#35:
>0:41.69,76.5;44.44,13.43;47.96,3.52;
#36:
>0:40.39,95.71;39.85,103.39;
#37:
>0:39.6,112.68;40.83,96.49;
#38:
>0:47.54,-92.72;47.08,-66.93;46.01,-13.51;47.77,35.38;
#39:
>0:39.66,120.22;41.24,105.23;
#40:
>0:35.24,10.48;37.24,81.38;38.18,135.13;
#41:
>0:39.44,115.97;40.6,124.49;
#42:
>0:47.99,-0.46;45.22,45.41;45.65,57.49;45.7,131.52;
#43:
>0:40.96,111.38;40.56,104.87;
#44:
>0:41.9,-58.18;42.01,-21.87;
#45:
>0:46.32,-81.81;44.83,-88.65;42.19,-108.78;41.0,-91.64;38.71,-94.21;36.0,-93.65;
#46:
>0:39.04,-99.84;37.7,-49.17;39.84,-56.72;44.67,-80.87;
#47:
>0:40.18,129.6;40.38,129.43;
#48:
>0:37.07,115.37;39.01,90.4;41.02,61.64;40.62,12.33;42.83,-61.03;
#49:
>0:38.23,108.34;38.78,71.2;38.05,22.77;38.48,-25.09;37.18,-46.21;37.86,-97.18;
#50:
>0:44.68,8.5;46.43,-15.63;
#51:
>0:40.32,72.26;38.93,24.03;36.06,-1.26;35.63,-69.66;
#52:
>0:36.55,79.58;37.57,83.23;41.31,21.83;42.34,-31.51;45.14,-81.7;
#53:
>0:45.3,15.4;42.88,-10.35;40.82,-60.3;38.47,-80.25;35.49,-92.59;
#54:
>0:35.66,50.78;39.17,86.46;40.09,106.92;42.92,52.63;45.89,76.69;
#55:
>0:39.54,120.73;41.28,116.04;
#56:
>0:41.32,116.87;40.88,53.57;45.72,7.75;
#57:
>0:43.27,-10.6;41.7,-48.29;43.52,-93.11;
#58:
>0:48.02,-55.43;45.2,1.77;42.28,-34.33;41.82,46.24;38.0,118.44;
#59:
>0:46.68,7.1;47.79,89.63;45.56,16.66;41.07,21.61;
#60:
>0:40.27,101.15;39.68,98.69;
#61:
>0:39.17,67.38;39.86,95.88;41.98,69.95;45.38,-12.77;
#62:
>0:35.27,69.79;38.28,76.77;40.84,104.41;42.63,61.12;44.55,43.43;46.97,134.36;
#63:
>0:40.27,101.14;39.67,121.08;
#64:
>0:45.51,38.24;46.14,-27.64;
#65:
>0:41.2,-66.37;40.25,-71.16;
#66:
>0:41.85,-95.81;42.19,-115.03;
#67:
>0:45.09,-92.21;43.86,-43.76;41.04,-75.92;
#68:
>0:41.11,118.12;41.41,130.78;
#69:
>0:38.81,-110.06;37.38,-73.43;35.75,-12.5;35.63,23.34;38.58,73.94;42.0,98.98;
#70:
>0:35.34,-81.46;37.59,-115.5;38.64,-55.31;40.91,-58.3;45.77,-52.85;
#71:
>0:37.79,-17.8;35.22,-59.27;
#72:
>0:43.78,-40.23;45.46,-34.42;44.76,20.41;44.47,59.67;45.32,110.58;
#73:
>0:42.28,114.29;39.39,60.73;42.25,14.42;39.59,-9.85;43.11,-61.14;
#74:
>0:41.31,125.67;41.25,117.52;
#75:
>0:41.45,100.38;39.44,105.95;
#76:
>0:40.33,40.43;42.61,28.78;
#77:
>0:43.65,128.32;43.58,55.25;
#78:
>0:45.49,13.04;42.76,-33.66;41.21,-56.7;37.48,-80.31;36.43,-119.89;
#79:
>0:41.33,104.96;40.28,114.99;
#80:
>0:38.47,-58.85;39.91,-102.99;43.61,-120.53;
#81:
>0:43.29,129.28;40.34,75.61;40.08,7.01;45.13,-24.38;
#82:
>0:41.97,-67.75;40.04,0.53;41.68,-15.97;44.61,80.3;
#83:
>0:45.69,14.81;42.81,-15.19;41.49,-67.7;
#84:
>0:43.68,79.97;45.9,11.39;47.5,-24.11;
#85:
>0:43.34,115.75;40.47,75.47;41.38,36.08;40.32,-23.96;41.86,-59.79;
#86:
>0:39.7,103.12;41.03,119.51;
#87:
>0:40.31,134.81;39.91,77.52;35.68,63.21;
#88:
>0:40.36,111.13;41.12,135.69;
#89:
>0:39.93,-99.43;42.21,-109.68;38.57,-16.94;
#90:
>0:41.36,131.38;40.04,120.01;
#91:
>0:38.82,7.99;35.49,92.05;
#92:
>0:35.36,-108.0;38.78,-92.19;35.4,-24.4;
#93:
>0:40.9,102.8;39.61,122.17;
#94:
>0:39.36,95.48;39.79,118.06;
#95:
>0:35.57,26.79;37.5,61.35;39.24,96.56;
