#0:
>0:38.13,-22.32;36.88,38.8;35.54,76.86;39.01,132.85;
#1:
>0:36.98,2.09;37.78,41.06;39.51,92.22;42.15,117.82;
#2:
>0:44.48,34.58;42.01,-20.63;40.41,-21.93;
#3:
>0:40.09,-15.07;43.15,-41.02;40.59,-114.08;
#4:
>0:44.67,-77.14;42.26,-119.76;41.11,-83.09;39.11,-107.67;35.36,-81.98;
#5:
>0:38.5,-102.19;41.36,-118.2;43.63,-44.95;
#6:
>0:41.35,117.14;41.65,132.77;
#7:
>0:47.92,-2.88;47.86,26.51;
#8:
>0:42.32,-118.12;44.12,-78.02;44.76,-14.4;
#9:
>0:38.16,86.13;40.37,27.79;
#10:
>0:44.0,-47.93;46.64,-57.67;
#11:
>0:36.21,74.4;38.16,101.82;
#12:
>0:44.62,-120.68;44.49,-40.33;
#13:
>0:41.73,118.41;39.42,56.74;41.89,24.11;
#14:
>0:40.06,145.83;39.97,148.6;
#15:
>0:40.88,-34.73;39.37,12.1;41.8,91.97;47.14,132.23;
#16:
>0:42.37,-110.16;42.97,-62.68;40.65,-78.61;38.83,-15.41;40.34,13.97;42.75,132.77;
#17:
>0:35.52,74.97;37.55,66.32;38.42,127.19;41.83,113.75;
#18:
>0:43.53,-3.6;42.41,-5.88;
#19:
>0:42.94,6.88;42.91,-35.68;40.24,-17.29;36.38,38.45;
#20:
>0:39.37,28.4;39.76,-12.62;41.69,-58.81;41.51,-90.16;
#21:
>0:40.23,-71.44;37.59,-60.06;
#22:
>0:43.11,25.36;41.74,64.04;41.84,137.92;
#23:
>0:44.99,95.47;46.29,82.4;44.52,8.4;41.89,-22.1;39.45,-48.82;
#24:
>0:41.11,126.73;41.98,114.35;
#25:
>0:47.7,-32.49;45.5,43.24;41.57,87.43;40.05,78.74;37.46,90.73;36.24,74.1;
#26:
>0:44.42,123.37;42.4,85.18;40.24,23.4;38.95,-18.74;
#27:
>0:38.12,-83.39;39.06,-76.73;35.72,-53.67;38.11,-34.25;39.81,21.65;44.25,107.4;
#28:
>0:36.66,-23.81;35.15,12.97;37.48,-9.03;43.05,-40.93;
#29:
>0:43.93,-83.33;43.48,-61.82;41.4,-73.22;38.25,5.93;40.31,25.09;40.71,143.72;
#30:
>0:41.3,-35.72;38.04,-39.49;36.69,-111.58;
#31:
>0:46.0,52.97;44.93,31.49;41.86,-9.93;40.35,-1.32;38.27,43.76;35.63,23.47;
#32:
>0:37.42,-83.83;40.74,-104.07;40.69,-60.3;43.81,-97.4;
#33:
>0:46.63,119.16;44.13,51.61;41.63,59.48;39.93,149.65;
#34:
>0:47.54,84.11;44.88,26.46;47.88,-13.48;
#35:
>0:43.5,80.55;40.78,39.74;38.97,-27.44;35.72,-77.08;36.48,-79.63;
#36:
>0:44.61,-9.34;47.01,-25.06;
#37:
>0:46.33,4.09;44.18,-0.81;42.88,-29.6;
#38:
>0:47.61,95.39;45.63,103.96;
#39:
>0:39.15,102.02;35.9,50.02;36.44,31.47;37.2,-28.37;41.25,-16.34;44.61,-98.99;
#40:
>0:43.42,-108.19;44.76,-45.12;
#41:
>0:41.12,132.13;41.83,62.2;44.85,12.93;46.43,-26.93;
#42:
>0:43.96,-120.4;42.87,-62.51;41.33,-52.16;38.17,-75.57;
#43:
>0:47.91,116.42;45.88,84.87;41.97,92.38;40.98,145.93;
#44:
>0:47.26,83.77;44.99,8.15;43.21,-9.48;40.9,-74.54;
#45:
>0:38.76,-69.94;41.19,-90.99;42.34,-112.13;45.6,-108.27;47.05,-92.39;
#46:
>0:41.69,89.75;40.81,15.68;40.16,-35.69;
#47:
>0:36.92,84.18;39.34,90.78;38.37,135.48;41.89,131.14;43.46,86.61;46.31,131.28;
#48:
>0:39.53,22.28;42.33,-3.55;45.77,-63.89;47.49,-62.44;
#49:
>0:42.14,5.27;39.38,28.05;38.68,25.7;
#50:
>0:37.94,74.93;35.46,34.22;
#51:
>0:44.45,-41.78;44.36,-87.19;43.38,-38.98;41.08,-50.42;35.76,-2.03;
#52:
>0:46.71,129.42;44.05,71.98;44.91,9.29;43.49,-16.84;41.11,-21.01;45.66,-84.39;
#53:
>0:43.36,56.89;41.47,50.1;37.78,87.52;36.31,111.36;
#54:
>0:39.04,28.87;40.8,87.61;43.51,120.77;
#55:
>0:36.87,-120.87;38.87,-71.56;38.86,-27.64;36.83,42.63;36.97,60.13;38.27,120.68;
#56:
>0:41.6,10.62;40.2,-20.06;38.0,-75.05;36.15,-82.95;
#57:
>0:40.53,130.33;41.18,147.04;
#58:
>0:36.53,50.99;38.78,118.2;
#59:
>0:39.25,-116.61;38.9,-45.54;
#60:
>0:46.05,21.9;45.61,29.91;42.66,-25.16;39.49,-39.71;
#61:
>0:42.03,147.55;37.34,126.28;36.23,114.6;
#62:
>0:40.14,-66.88;37.36,-48.1;
#63:
>0:45.91,-27.81;47.92,37.78;
#64:
>0:41.63,13.94;40.29,51.45;
#65:
>0:42.33,30.17;45.49,-6.92;44.33,-52.32;
#66:
>0:37.07,-105.77;38.13,-73.36;38.86,-13.37;35.44,4.54;35.21,14.07;37.62,102.24;
#67:
>0:42.52,114.79;41.01,63.4;38.8,48.72;39.27,-36.28;38.01,-43.48;
#68:
>0:38.03,47.72;40.53,-28.08;42.9,-39.31;45.23,-56.13;47.58,-58.53;
#69:
>0:39.67,-119.38;39.35,-117.23;35.15,-40.6;
#70:
>0:41.79,-113.57;44.9,-68.68;46.37,-30.94;45.14,44.22;44.27,69.36;47.04,132.32;
#71:
>0:37.86,-42.33;39.01,-27.75;36.99,-14.75;36.43,12.11;36.83,121.12;
#72:
>0:37.11,21.14;37.77,6.04;39.79,6.61;39.89,-120.22;
#73:
>0:46.68,99.28;44.24,59.4;41.84,10.69;40.94,-20.87;39.23,-40.6;36.75,-120.37;
#74:
>0:39.88,-30.52;39.71,-60.1;38.99,-97.72;
#75:
>0:42.42,-23.84;40.38,-7.56;
#76:
>0:46.03,47.01;44.26,26.37;43.31,-18.94;40.65,-49.56;
#77:
>0:44.28,28.82;43.61,-5.3;40.59,-1.43;
#78:
>0:42.5,8.67;42.34,65.77;37.77,53.32;
#79:
>0:38.13,-113.6;36.67,-45.05;37.91,-8.34;41.3,33.33;41.41,76.97;44.78,106.46;
#80:
>0:46.67,1.78;45.39,7.95;45.77,68.16;40.41,51.35;
#81:
>0:38.35,71.95;36.37,47.2;
#82:
>0:42.39,-13.82;40.16,5.95;41.08,73.84;
#83:
>0:44.61,-58.83;42.85,-33.61;39.59,-29.47;38.51,-9.25;35.71,60.86;
#84:
>0:41.57,-84.9;41.38,-79.07;37.55,-20.65;36.97,-21.55;
#85:
>0:35.16,104.98;35.97,64.89;38.73,22.73;
#86:
>0:41.77,-39.95;45.49,-93.27;47.08,-122.29;
#87:
>0:38.16,-4.71;41.04,-8.76;42.88,-118.97;
#88:
>0:41.93,-84.85;45.27,-74.79;
#89:
>0:45.55,-109.4;42.55,-74.5;40.79,-72.69;37.59,-73.03;
#90:
>0:45.96,78.64;46.95,108.81;
#91:
>0:36.2,79.6;35.32,26.5;36.51,-27.57;36.93,-50.35;37.03,-91.68;
#92:
>0:35.97,-106.24;37.71,-68.81;39.96,-77.99;42.81,-67.43;45.27,-53.74;
#93:
>0:36.57,-41.05;38.81,3.88;39.75,32.44;41.86,-14.03;
#94:
>0:37.93,-17.6;38.31,9.52;
#95:
>0:36.03,50.32;37.71,80.17;39.78,28.82;42.6,63.31;45.07,112.62;46.94,35.28;
