#0:
>0:47.08,9.82;45.27,24.94;42.6,-0.58;
#1:
>0:38.33,110.82;35.83,49.77;
#2:
>0:40.22,113.47;41.9,128.36;
#3:
>0:45.17,-84.17;43.45,-51.37;40.13,-105.57;38.51,-79.22;36.72,-58.85;
#4:
>0:43.38,24.79;45.08,92.28;41.64,123.9;
#5:
>0:36.42,-96.1;35.97,-62.22;36.59,0.41;
#6:
>0:41.61,115.98;41.27,74.78;41.64,38.74;43.5,-22.5;38.53,-64.8;
#7:
>0:36.79,-1.15;39.13,-29.99;35.13,-94.3;
#8:
>0:42.24,117.81;44.08,56.14;44.96,43.35;41.67,4.88;
#9:
>0:41.03,51.31;42.74,89.47;45.69,70.09;46.35,45.8;
#10:
>0:35.19,128.69;38.95,68.56;40.93,46.69;43.44,-3.93;45.28,-38.56;47.59,-106.0;
#11:
>0:36.23,157.46;39.29,95.16;38.49,60.81;41.91,136.83;45.56,85.27;
#12:
>0:41.04,134.92;37.78,73.84;35.46,6.93;37.02,0.71;35.88,-59.74;
#13:
>0:43.04,6.28;40.07,34.28;38.49,69.11;38.03,127.22;
#14:
>0:43.86,-77.1;41.65,-12.78;39.51,14.75;38.83,63.2;35.31,125.8;
#15:
>0:41.93,136.45;38.46,94.46;
#16:
>0:44.57,-84.34;42.69,-57.72;40.49,-15.48;37.9,-18.28;
#17:
>0:41.55,101.56;44.35,54.88;45.83,9.07;47.39,20.22;46.81,-8.3;48.98,-120.22;
#18:
>0:43.01,2.52;40.85,25.7;38.91,69.77;38.35,110.92;
#19:
>0:41.02,138.06;42.39,124.45;
#20:
>0:47.02,-121.74;49.01,-100.13;
#21:
>0:47.82,121.33;47.67,70.93;44.21,24.27;47.67,11.1;45.18,-75.37;
#22:
>0:35.96,163.12;38.0,51.58;41.16,33.06;42.39,18.24;40.72,-77.66;
#23:
>0:46.72,19.38;45.45,1.06;42.93,31.61;40.67,43.61;
#24:
>0:47.22,65.01;45.52,41.45;42.99,77.77;
#25:
>0:35.15,-38.07;38.47,-5.76;38.92,34.12;
#26:
>0:37.36,82.94;40.53,54.46;
#27:
>0:47.29,-47.41;44.08,-65.28;44.38,6.73;
#28:
>0:36.49,127.38;39.3,114.61;38.51,76.66;40.58,61.37;45.89,-2.34;
#29:
>0:37.6,114.15;41.94,146.09;42.69,96.76;45.3,9.34;
#30:
>0:43.93,35.2;46.92,32.8;47.07,-39.43;
#31:
>0:38.38,1.76;41.15,-44.18;43.61,-78.92;
#32:
>0:47.59,56.88;45.74,32.82;45.54,-17.69;40.55,-55.72;
#33:
>0:40.57,148.91;41.74,111.1;
#34:
>0:39.33,121.06;37.68,82.36;42.01,28.13;
#35:
>0:47.04,-95.69;44.44,-68.14;43.09,-67.34;44.78,-19.33;42.54,26.77;41.6,136.98;
#36:
>0:35.82,57.39;36.88,82.25;
#37:
>0:37.87,123.82;37.75,66.1;39.95,60.48;42.58,25.67;41.56,-20.56;42.78,-102.66;
#38:
>0:47.22,-107.67;48.2,-110.53;
#39:
>0:39.42,11.04;41.9,14.21;45.87,-21.01;47.61,-56.32;
#40:
>0:43.52,105.7;44.01,76.87;45.45,45.21;45.24,4.47;
#41:
>0:47.85,87.67;46.34,22.7;47.9,-23.64;43.05,-38.73;
#42:
>0:42.26,40.82;39.9,59.39;37.62,63.81;36.79,55.94;
#43:
>0:40.33,69.14;37.31,17.24;35.02,-35.7;
#44:
>0:42.48,103.92;40.03,84.26;42.07,34.21;41.81,-24.43;37.7,-48.89;
#45:
>0:40.86,149.12;40.92,134.83;
#46:
>0:44.62,-51.7;42.91,-111.08;39.88,-74.48;38.75,-47.08;
#47:
>0:38.06,-1.96;41.22,6.57;
#48:
>0:42.41,120.12;40.45,139.7;
#49:
>0:36.46,68.76;36.8,13.26;35.13,-0.43;
#50:
>0:37.34,-18.73;41.5,-26.66;
#51:
>0:42.51,-42.62;43.52,-85.03;
#52:
>0:47.94,-101.03;45.01,-41.01;43.39,-70.51;45.2,-13.83;43.14,54.07;
#53:
>0:43.52,133.07;40.54,86.65;38.54,24.21;36.87,-27.52;36.06,-64.64;
#54:
>0:36.08,-55.6;37.53,-82.45;38.24,-61.91;40.86,-117.71;45.6,-75.99;
#55:
>0:47.17,128.01;44.49,65.86;42.61,13.17;42.73,-23.19;40.71,-9.46;35.73,-49.45;
#56:
>0:37.25,26.27;39.65,-31.7;43.65,-3.93;
#57:
>0:47.28,78.03;44.72,74.9;44.6,128.98;42.13,117.39;39.29,122.77;
#58:
>0:42.82,16.12;44.19,-11.45;42.91,-17.65;38.01,-102.84;
#59:
>0:46.84,-50.71;44.96,-105.88;
#60:
>0:44.04,-102.22;43.48,-67.65;40.59,-109.98;38.73,-54.42;36.13,-63.26;
#61:
>0:44.01,-29.02;43.37,18.09;41.33,55.79;39.07,100.06;35.17,159.18;
#62:
>0:44.59,109.64;42.22,70.44;40.21,25.5;38.53,-1.52;36.86,-49.44;
#63:
>0:35.5,-100.52;35.2,-80.51;
#64:
>0:36.41,51.75;38.35,16.18;40.87,34.93;41.85,37.57;44.82,61.58;47.2,46.52;
#65:
>0:42.2,-83.3;39.9,-40.65;
#66:
>0:43.1,1.31;43.27,33.49;
#67:
>0:44.27,-114.72;43.33,-64.97;41.36,-1.42;37.44,-18.85;
#68:
>0:43.97,116.75;46.82,101.9;46.29,54.43;46.4,16.07;46.58,-33.71;47.85,-119.13;
#69:
>0:45.64,-117.47;41.83,-52.76;42.21,-22.92;41.89,29.07;
#70:
>0:47.4,-61.77;44.71,-24.08;42.19,42.95;42.82,76.64;37.72,16.31;
#71:
>0:41.58,131.35;40.04,77.12;42.47,27.14;41.93,3.2;39.79,-70.89;40.2,-114.33;
#72:
>0:47.73,115.79;44.49,121.09;43.27,106.54;40.3,124.2;39.14,116.36;37.1,139.34;
#73:
>0:40.9,144.0;40.58,125.18;
#74:
>0:35.37,159.65;39.16,113.3;39.01,57.49;40.55,83.43;44.05,62.54;
#75:
>0:45.47,-115.11;41.65,-71.29;40.35,-12.53;37.21,-20.74;
#76:
>0:43.64,102.52;43.62,68.33;42.57,19.38;43.55,5.63;43.01,-46.15;
#77:
>0:41.08,-21.84;43.19,-19.36;44.0,-35.18;47.95,-69.86;
#78:
>0:36.57,-19.34;38.13,-62.7;40.38,-69.97;43.67,-110.25;44.98,-51.73;46.0,15.67;
#79:
>0:43.43,60.99;43.83,77.2;47.19,130.16;
#80:
>0:37.63,-32.58;36.13,-61.06;
#81:
>0:47.82,-86.21;48.4,-91.92;
#82:
>0:45.32,-22.44;41.58,-9.95;41.51,-49.82;39.15,-71.55;
#83:
>0:39.49,-118.67;43.5,-40.93;44.91,-117.62;47.27,-77.31;
#84:
>0:35.95,150.65;38.02,60.47;39.8,51.65;42.02,8.47;42.04,-7.4;43.34,-105.01;
#85:
>0:48.65,-91.35;46.97,-77.78;43.91,-56.86;46.58,-30.3;48.0,92.5;
#86:
>0:40.38,135.04;40.33,127.25;
#87:
>0:36.87,-62.44;38.65,-23.87;40.73,25.31;41.87,10.62;44.21,102.11;
#88:
>0:40.9,-31.04;41.71,-33.16;44.88,-28.31;46.36,-40.87;
#89:
>0:42.55,131.24;39.81,91.31;
#90:
>0:39.41,-76.95;41.53,-84.52;
#91:
>0:45.56,20.09;44.6,55.02;
#92:
>0:38.86,69.2;35.82,44.88;
#93:
>0:40.56,117.16;38.17,65.93;35.25,21.37;35.02,-24.56;
#94:
>0:37.65,2.73;41.02,-19.99;
#95:
>0:40.15,37.66;39.24,-16.81;35.31,-57.72;35.2,-86.26;
