#0:
>0:35.05,-94.99;37.23,-66.29;41.11,-75.31;43.59,-46.39;45.23,-49.85;47.05,-37.05;
#1:
>0:38.88,101.38;40.2,144.24;43.61,127.58;43.85,105.19;47.17,55.48;
#2:
>0:40.78,39.19;38.73,-28.91;
#3:
>0:39.72,21.94;38.95,-12.39;
#4:
>0:39.35,120.41;39.55,141.4;38.51,54.45;37.13,-5.26;
#5:
>0:41.1,43.66;42.18,34.34;45.61,11.19;47.81,82.58;
#6:
>0:47.78,27.27;45.71,-10.8;41.65,-21.95;41.13,-11.27;
#7:
>0:36.71,43.22;36.44,-12.91;37.22,-39.86;42.58,-62.64;
#8:
>0:35.26,-4.69;37.37,7.68;40.92,50.94;41.68,121.95;45.28,104.07;46.84,96.72;
#9:
>0:39.99,120.75;43.14,124.25;
#10:
>0:46.09,-107.53;44.77,-89.06;45.52,-78.96;41.58,-112.96;39.04,-73.0;
#11:
>0:36.53,44.66;37.4,-16.55;39.66,7.11;42.03,-56.34;
#12:
>0:47.06,-97.47;47.29,-112.57;
#13:
>0:47.21,-115.49;47.63,-86.07;
#14:
>0:45.1,51.17;42.11,80.68;41.64,100.39;39.96,129.54;36.24,78.91;
#15:
>0:37.28,18.93;41.3,48.54;40.89,-35.04;41.56,-36.77;46.35,-15.87;
#16:
>0:40.83,143.77;40.47,116.72;
#17:
>0:35.49,4.67;37.62,3.61;41.0,-17.71;42.46,-1.0;
#18:
>0:44.45,-25.14;43.69,-41.53;40.72,-15.22;37.39,-100.97;
#19:
>0:41.59,66.69;41.17,40.11;39.28,-34.29;37.51,-75.06;
#20:
>0:42.19,12.37;45.26,21.75;45.98,49.52;
#21:
>0:41.13,118.56;39.93,130.04;
#22:
>0:47.88,84.94;45.77,8.42;43.67,-2.14;41.03,-67.14;38.38,-39.0;35.23,-44.32;
#23:
>0:39.81,146.44;41.02,152.67;
#24:
>0:36.31,-92.2;37.46,-89.49;40.61,-110.22;43.05,-103.81;45.76,-97.22;
#25:
>0:40.4,-50.47;39.21,-78.02;
#26:
>0:43.09,57.87;41.82,103.56;38.1,134.57;
#27:
>0:41.29,148.01;41.45,119.12;
#28:
>0:44.87,55.98;42.81,91.31;42.57,100.21;37.23,66.36;
#29:
>0:41.13,-15.22;39.38,25.71;36.54,6.19;
#30:
>0:44.46,-72.7;45.92,-8.13;44.33,30.49;45.0,78.35;
#31:
>0:35.08,-65.26;38.23,-23.99;39.91,26.92;43.37,85.04;45.33,116.68;
#32:
>0:44.42,12.47;43.44,-22.81;40.2,-37.09;37.39,-45.73;36.04,-68.05;
#33:
>0:36.38,103.17;38.3,108.03;39.92,79.28;39.75,134.37;44.02,102.49;
#34:
>0:44.49,47.01;42.22,21.11;39.87,41.38;
#35:
>0:42.56,-84.11;42.71,-55.98;
#36:
>0:43.6,-6.28;43.64,43.0;43.19,55.03;
#37:
>0:46.97,-57.93;46.67,-10.5;45.38,-41.94;39.37,-50.47;
#38:
>0:39.71,136.86;40.53,129.05;
#39:
>0:46.21,-111.52;47.95,-113.59;
#40:
>0:40.13,135.6;39.83,127.54;
#41:
>0:47.36,-61.99;47.98,-25.99;44.78,-47.73;43.45,-84.38;39.8,-53.13;35.96,-26.81;
#42:
>0:39.53,141.01;40.04,157.28;
#43:
>0:41.44,116.2;39.65,145.61;
#44:
>0:46.35,-82.48;47.29,-111.32;
#45:
>0:41.76,-17.86;40.84,-12.4;
#46:
>0:37.17,14.21;39.25,-31.15;36.26,-38.7;
#47:
>0:39.89,-20.32;41.61,30.67;
#48:
>0:41.86,40.24;40.53,23.63;38.61,34.03;
#49:
>0:46.2,57.2;46.34,76.47;
#50:
>0:43.29,-60.34;39.45,-33.91;38.45,-0.53;39.74,23.83;42.56,131.97;
#51:
>0:45.62,-77.46;43.09,1.7;40.73,47.41;39.09,71.15;36.65,73.12;
#52:
>0:46.51,49.3;45.71,-32.83;43.45,-34.95;41.4,-24.71;
#53:
>0:44.92,-44.15;43.13,-91.16;40.7,-41.86;38.77,-97.66;
#54:
>0:34.99,26.01;35.23,4.29;
#55:
>0:40.22,118.41;39.53,139.07;
#56:
>0:42.14,-75.7;40.22,-24.78;39.48,43.09;35.31,20.49;
#57:
>0:45.84,-6.64;42.24,47.4;39.44,72.41;40.91,127.11;35.86,84.54;
#58:
>0:48.04,64.72;45.57,44.03;42.71,36.84;40.69,38.21;39.34,49.11;
#59:
>0:38.24,-8.22;40.65,-77.33;
#60:
>0:46.12,38.88;46.12,-4.26;47.9,-46.38;
#61:
>0:44.84,15.79;41.86,40.01;40.41,29.68;
#62:
>0:46.54,-100.37;46.11,-98.11;
#63:
>0:44.39,80.99;41.68,35.4;39.44,-12.7;40.8,-60.99;40.78,-95.09;
#64:
>0:41.87,-63.57;40.49,-25.13;38.38,29.92;
#65:
>0:44.14,20.03;43.63,-9.18;40.56,-65.44;40.91,-105.59;
#66:
>0:35.75,-115.73;38.49,-40.74;37.88,-9.09;39.49,17.5;42.67,77.56;44.59,99.07;
#67:
>0:39.36,25.01;38.49,-27.81;
#68:
>0:39.75,82.73;42.52,17.07;42.48,2.04;43.71,-60.55;
#69:
>0:46.45,32.62;45.22,-18.85;42.04,-35.92;41.48,-1.4;
#70:
>0:39.65,34.74;37.99,-17.69;35.64,5.29;39.19,-103.97;
#71:
>0:45.18,-61.36;41.8,-81.06;40.44,-47.97;37.77,-76.31;36.72,-42.86;
#72:
>0:38.73,-21.49;39.64,31.79;42.91,75.81;40.54,141.85;
#73:
>0:47.21,-95.78;45.92,-94.77;
#74:
>0:37.58,99.86;39.77,118.87;41.62,120.67;44.36,134.67;46.14,69.22;
#75:
>0:40.5,124.66;39.57,136.21;
#76:
>0:39.29,-6.74;39.54,-73.59;
#77:
>0:44.61,-95.16;41.56,-60.93;40.42,0.23;38.36,33.46;39.1,85.82;
#78:
>0:45.87,-116.96;43.72,-50.6;39.8,-6.52;38.41,41.88;35.6,75.01;
#79:
>0:38.95,63.7;38.96,40.09;38.7,-33.0;
#80:
>0:47.45,-33.83;44.62,-67.78;42.79,-83.67;43.1,-55.25;40.86,-21.63;35.95,-94.04;
#81:
>0:35.26,-98.65;38.14,-58.77;41.36,-14.85;43.54,30.01;43.79,83.46;
#82:
>0:42.18,8.73;45.22,74.27;46.77,129.54;
#83:
>0:47.91,-102.12;47.69,-105.98;
#84:
>0:39.62,129.33;40.49,131.87;
#85:
>0:41.26,138.77;39.64,150.98;
#86:
>0:39.01,-65.82;39.47,-56.47;43.35,-72.07;45.17,-41.45;46.15,26.5;
#87:
>0:45.7,-117.0;43.46,-47.6;43.14,-16.21;
#88:
>0:37.7,56.71;37.67,123.04;
#89:
>0:43.22,-66.95;39.49,3.1;39.45,9.69;36.01,37.74;
#90:
>0:38.14,-100.87;40.36,-46.03;43.34,-0.62;45.85,39.42;47.15,77.93;
#91:
>0:41.2,156.35;40.33,148.59;
#92:
>0:47.53,2.49;45.46,-78.63;43.25,-112.75;40.16,-61.09;37.91,-103.13;
#93:
>0:38.32,115.44;40.84,123.75;35.07,31.8;
#94:
>0:44.3,-110.16;44.72,-60.56;46.96,-28.95;47.52,26.08;46.96,62.03;
#95:
>0:41.97,18.94;44.62,-9.83;42.13,-67.85;43.52,-102.37;
