#0:
>0:40.61,155.97;41.22,130.0;
#1:
>0:40.42,-60.56;38.98,-41.29;40.58,-25.75;41.12,82.0;
#2:
>0:39.49,-32.2;41.05,-64.42;38.57,-82.83;
#3:
>0:41.58,-0.76;39.49,-15.24;42.73,-93.0;
#4:
>0:39.85,126.44;39.98,127.15;
#5:
>0:37.68,95.06;37.2,77.37;39.91,26.17;40.07,-5.08;38.96,-43.65;
#6:
>0:44.72,35.48;43.13,47.78;39.51,92.66;40.23,138.83;35.95,124.61;
#7:
>0:41.52,125.14;39.48,68.02;41.7,40.22;39.67,-31.13;38.28,-39.23;
#8:
>0:35.51,131.84;37.81,79.68;40.29,40.36;43.51,-8.66;44.82,-55.75;46.25,-87.79;
#9:
>0:42.89,-66.46;45.58,-25.15;
#10:
>0:47.06,-98.31;46.43,-111.41;
#11:
>0:47.14,-115.15;47.34,-81.03;
#12:
>0:41.12,-49.32;37.81,-78.15;34.99,-68.66;
#13:
>0:40.6,85.67;41.96,20.27;43.48,4.33;
#14:
>0:46.2,-64.14;44.65,-103.03;
#15:
>0:40.0,-4.88;37.51,-15.35;
#16:
>0:47.41,52.05;47.13,46.91;47.68,-18.15;
#17:
>0:39.81,146.67;39.48,120.49;
#18:
>0:46.93,123.44;45.7,127.43;41.98,54.54;40.61,126.62;
#19:
>0:45.55,-82.94;43.21,-81.49;39.71,-108.96;38.73,-117.55;35.85,-103.99;
#20:
>0:44.9,-67.35;45.78,-7.47;44.68,33.31;39.85,80.96;
#21:
>0:38.1,-38.72;40.45,-115.63;41.97,-96.16;
#22:
>0:37.09,-50.11;39.18,-20.51;40.07,40.22;43.47,62.53;
#23:
>0:46.54,-39.84;45.42,-116.53;
#24:
>0:39.7,133.73;40.49,117.96;
#25:
>0:35.54,-28.04;38.3,-67.12;
#26:
>0:37.63,92.13;39.37,11.74;42.03,23.2;45.04,25.51;
#27:
>0:40.39,142.6;39.51,126.04;
#28:
>0:40.56,-9.73;43.46,43.84;40.94,46.59;36.94,100.05;
#29:
>0:38.85,9.54;40.55,-35.79;
#30:
>0:46.77,-98.61;47.75,-85.24;
#31:
>0:45.43,7.17;42.99,45.76;41.35,-22.46;40.01,27.16;35.3,129.39;
#32:
>0:41.16,124.68;41.38,143.82;
#33:
>0:38.66,104.79;39.1,82.4;39.68,45.25;41.52,-27.26;38.61,-52.27;
#34:
>0:40.79,152.09;39.9,152.12;
#35:
>0:40.32,125.51;40.37,134.5;
#36:
>0:38.24,42.12;41.31,8.06;42.45,42.23;44.42,40.95;
#37:
>0:38.47,-91.75;41.37,-91.35;42.89,-92.6;44.23,-112.66;
#38:
>0:38.84,129.99;36.39,74.3;36.41,26.9;36.56,-7.96;
#39:
>0:43.24,-95.6;44.52,-99.51;47.03,-90.42;
#40:
>0:38.16,37.21;36.97,-20.07;35.59,-61.8;35.8,-83.01;
#41:
>0:40.38,1.65;42.73,-70.58;38.75,-121.23;
#42:
>0:45.46,-37.08;42.44,-18.22;40.43,-30.49;37.69,71.4;
#43:
>0:44.94,-59.31;42.87,-17.18;
#44:
>0:39.48,-82.46;39.88,-70.92;37.72,-44.13;39.45,-6.03;39.48,71.24;
#45:
>0:42.64,-71.79;39.43,-26.02;38.01,16.23;35.11,84.52;
#46:
>0:38.56,-90.41;39.98,-108.72;43.36,-120.53;45.75,-83.41;
#47:
>0:41.65,-26.1;44.69,-40.9;
#48:
>0:37.23,118.45;39.61,67.45;43.7,7.8;44.4,-5.59;44.38,-61.42;45.81,-113.05;
#49:
>0:43.57,-94.05;44.86,-93.22;47.73,-81.91;
#50:
>0:41.04,148.64;41.24,152.5;
#51:
>0:39.82,150.46;40.38,51.68;43.65,41.83;39.55,-34.6;38.53,-58.38;
#52:
>0:35.51,-72.76;38.72,-92.34;40.16,-98.38;43.3,-113.24;43.77,-100.93;48.06,-90.59;
#53:
>0:40.03,-96.86;39.11,-102.06;35.72,-53.94;37.58,24.11;
#54:
>0:40.59,-111.76;37.36,-98.79;37.1,-39.33;39.0,19.8;
#55:
>0:35.07,-9.46;38.41,48.37;37.75,86.46;
#56:
>0:35.74,-63.75;39.11,-15.72;40.25,41.24;42.39,49.23;44.12,10.7;
#57:
>0:37.95,49.19;40.18,-15.4;
#58:
>0:40.03,125.7;40.36,125.1;
#59:
>0:39.88,142.3;40.73,141.96;
#60:
>0:39.71,149.75;41.38,154.05;
#61:
>0:44.28,-109.19;44.46,-59.87;47.51,-25.82;
#62:
>0:35.84,-12.78;38.67,-62.11;
#63:
>0:41.27,-44.47;43.39,-3.27;44.77,-26.19;
#64:
>0:48.03,105.46;46.47,75.36;44.89,45.8;44.29,-4.71;
#65:
>0:47.83,3.45;45.86,-60.25;41.74,-115.48;40.3,-99.93;38.83,-106.6;37.03,-107.98;
#66:
>0:36.96,124.35;37.31,87.98;39.53,12.34;43.27,-7.25;44.12,-19.72;
#67:
>0:46.87,66.75;43.89,89.45;
#68:
>0:40.51,33.86;41.66,76.48;44.83,110.97;
#69:
>0:39.62,-82.14;39.31,-88.24;35.07,-86.56;
#70:
>0:40.96,-53.16;37.44,-49.49;39.02,32.58;
#71:
>0:40.42,114.68;41.28,125.38;
#72:
>0:46.49,-8.73;45.47,4.26;42.6,-9.99;40.95,-17.78;38.23,48.36;
#73:
>0:39.58,33.33;41.91,84.07;44.28,107.63;
#74:
>0:41.32,-99.82;42.04,-63.12;43.73,0.94;
#75:
>0:41.1,-37.73;38.48,-50.92;41.21,1.62;40.77,50.67;
#76:
>0:43.49,-98.86;45.87,-39.07;44.28,-22.5;
#77:
>0:36.99,26.5;37.73,-28.97;40.42,-56.37;41.42,-100.02;
#78:
>0:39.01,125.69;38.66,80.77;40.37,9.57;39.62,-12.08;37.93,-61.9;
#79:
>0:41.92,125.94;41.19,115.79;37.42,38.9;
#80:
>0:35.48,-118.68;38.51,-59.58;40.32,-19.33;42.16,20.47;44.43,75.97;45.25,111.85;
#81:
>0:43.83,55.53;44.39,39.23;43.68,48.07;40.67,-63.3;
#82:
>0:43.19,0.03;40.2,-8.22;40.59,49.12;39.13,118.84;
#83:
>0:36.42,-31.88;35.39,14.79;35.42,74.17;
#84:
>0:40.4,117.71;41.34,123.83;
#85:
>0:35.3,-78.98;38.65,-15.05;40.41,49.63;43.5,79.36;44.03,132.72;
#86:
>0:35.94,4.81;36.72,42.6;36.01,66.79;
#87:
>0:40.39,155.92;39.39,114.77;
#88:
>0:46.78,69.01;43.74,18.1;41.93,45.18;39.74,-31.6;38.79,-53.04;
#89:
>0:39.99,149.94;40.31,89.92;42.34,16.09;41.04,-19.77;41.46,-75.81;
#90:
>0:38.7,115.51;41.27,150.64;42.41,106.89;45.27,114.61;46.57,92.9;
#91:
>0:37.27,-51.28;41.49,-114.46;41.6,-96.94;45.74,-88.58;
#92:
>0:40.87,142.63;40.84,123.24;
#93:
>0:38.21,-101.45;35.9,-68.85;38.33,-0.57;39.97,-19.85;40.61,20.65;35.18,121.83;
#94:
>0:38.86,-78.63;36.7,3.16;36.99,17.42;36.88,76.55;36.38,124.09;
#95:
>0:40.3,132.81;39.73,142.12;
