#0:
>0:36.99,-12.07;36.82,-78.42;36.96,-105.17;
#1:
>0:42.35,105.29;45.7,114.44;46.21,65.15;47.59,-21.49;
#2:
>0:39.71,119.82;43.55,126.25;41.37,80.26;38.44,18.69;35.87,-62.54;
#3:
>0:45.22,-96.06;43.27,-73.54;41.01,-49.97;38.52,-69.49;
#4:
>0:41.96,-80.66;41.01,-52.87;38.71,-9.59;36.46,33.86;35.4,53.25;35.4,121.29;
#5:
>0:44.6,-54.14;43.05,-1.95;40.47,4.05;
#6:
>0:37.78,-59.99;36.39,-64.27;37.3,-7.56;41.82,78.11;
#7:
>0:40.51,155.89;40.62,134.6;
#8:
>0:45.23,115.27;41.9,55.54;39.79,91.0;
#9:
>0:37.18,-3.08;35.44,13.41;35.6,78.4;35.32,93.02;
#10:
>0:44.9,-27.28;41.7,16.81;
#11:
>0:39.87,-117.35;42.28,-75.54;41.53,-50.14;38.93,-5.75;42.8,89.59;
#12:
>0:39.43,155.17;41.26,149.34;
#13:
>0:47.63,92.43;43.95,38.83;45.28,-21.17;43.17,-75.51;41.05,-65.35;35.35,-3.5;
#14:
>0:42.57,24.47;40.67,-21.36;38.56,-11.17;37.01,-119.02;
#15:
>0:45.01,71.92;43.66,59.2;
#16:
>0:46.43,-99.05;45.33,-86.3;43.34,-113.22;
#17:
>0:41.17,128.81;39.94,150.3;
#18:
>0:41.43,-30.26;38.25,47.72;36.48,56.26;
#19:
>0:40.11,137.09;40.7,155.38;
#20:
>0:41.2,63.65;38.48,50.57;38.71,-22.3;
#21:
>0:35.25,-47.5;37.95,-36.28;41.38,26.55;42.4,50.38;43.75,118.48;
#22:
>0:47.91,-111.29;44.5,-80.33;45.97,-36.8;44.1,-2.91;41.87,46.72;41.51,129.14;
#23:
>0:41.42,-83.4;43.12,-56.33;39.75,-46.04;38.81,-10.54;39.66,36.71;38.28,94.54;
#24:
>0:39.66,6.95;41.51,47.77;
#25:
>0:45.71,20.3;47.23,22.7;43.94,-50.02;
#26:
>0:45.34,76.88;44.48,120.48;40.58,30.43;
#27:
>0:44.59,31.7;44.18,-36.16;
#28:
>0:41.25,121.65;40.79,155.6;
#29:
>0:39.58,-72.58;37.96,-110.25;35.53,-97.75;
#30:
>0:46.05,-12.11;47.8,-53.2;44.89,-34.53;43.18,7.03;38.89,134.52;
#31:
>0:36.96,-119.29;36.46,-47.62;37.77,0.25;40.21,24.64;43.4,56.39;44.93,116.2;
#32:
>0:41.12,149.13;40.15,152.81;
#33:
>0:36.8,-15.55;35.27,-61.52;41.38,25.12;
#34:
>0:39.37,49.88;41.65,48.81;43.39,-30.6;
#35:
>0:46.11,2.23;46.99,-66.67;44.32,-11.93;41.29,63.25;
#36:
>0:38.15,-10.88;39.97,13.47;38.02,71.71;41.9,96.7;
#37:
>0:42.87,-18.88;39.98,45.21;39.99,81.85;39.71,121.74;
#38:
>0:45.04,121.99;47.37,61.35;44.44,46.37;46.97,27.41;46.82,-48.02;
#39:
>0:35.75,50.36;36.42,49.37;
#40:
>0:39.73,125.57;40.08,139.17;
#41:
>0:37.98,43.98;40.24,30.16;42.51,32.02;43.76,24.99;47.84,-19.65;
#42:
>0:35.28,-47.84;35.29,-16.48;37.09,40.43;
#43:
>0:40.95,-95.2;41.69,-41.4;44.69,1.16;42.35,12.53;
#44:
>0:44.82,-104.29;43.5,-40.96;40.47,-70.4;38.33,-20.52;35.87,-43.83;
#45:
>0:43.78,91.28;46.29,82.66;45.09,30.29;45.0,-68.99;
#46:
>0:38.73,-38.81;36.07,-41.47;38.4,-33.87;41.92,50.66;
#47:
>0:40.7,-118.34;41.55,-40.62;44.81,1.66;41.89,34.56;
#48:
>0:35.93,-16.69;37.46,40.1;
#49:
>0:39.06,115.66;36.39,72.32;36.67,21.75;
#50:
>0:39.27,-116.35;36.97,-68.12;38.81,-12.43;41.14,38.68;43.3,51.3;45.03,102.28;
#51:
>0:45.9,-83.84;41.75,-64.79;41.41,-31.97;39.06,9.5;35.15,66.18;
#52:
>0:45.29,-26.06;43.14,-17.96;40.88,-52.66;39.08,-51.64;
#53:
>0:39.61,-73.92;38.86,-58.06;
#54:
>0:47.35,-107.32;46.22,-96.77;
#55:
>0:39.67,138.9;39.92,129.85;
#56:
>0:46.24,-109.06;43.84,-121.01;42.35,-120.4;
#57:
>0:41.53,59.59;40.33,151.91;45.19,98.45;
#58:
>0:38.6,-35.16;35.81,36.86;35.06,69.13;36.53,130.17;
#59:
>0:37.91,-13.49;40.98,-70.48;43.17,-97.35;45.05,-90.54;
#60:
>0:43.28,51.85;40.67,32.32;39.03,0.68;39.91,-58.14;
#61:
>0:37.28,52.78;37.93,82.76;
#62:
>0:36.52,-119.55;37.72,-63.52;41.31,-11.51;43.15,38.73;44.18,64.39;47.95,93.47;
#63:
>0:41.65,46.39;40.51,76.23;37.24,106.97;35.9,37.75;
#64:
>0:37.67,58.1;40.47,7.63;36.57,-6.94;
#65:
>0:41.92,35.03;44.46,16.38;39.52,-74.01;
#66:
>0:45.27,-72.82;46.14,5.75;46.3,17.89;47.69,51.19;47.49,107.0;
#67:
>0:47.65,-67.1;45.58,-13.69;43.38,-83.1;
#68:
>0:39.67,-68.71;38.38,-119.41;35.7,-109.94;
#69:
>0:35.9,-26.63;38.71,48.57;
#70:
>0:36.19,-100.38;36.83,-76.36;38.01,-27.61;40.31,19.67;43.43,12.77;46.44,34.29;
#71:
>0:42.15,-118.33;43.51,-61.88;
#72:
>0:47.49,134.75;45.14,76.0;44.38,13.91;42.11,-2.34;44.15,3.16;43.17,-110.66;
#73:
>0:40.74,152.63;39.56,133.45;
#74:
>0:43.89,62.85;43.65,16.84;39.42,1.53;38.76,-1.1;36.36,-112.69;
#75:
>0:43.84,57.9;46.48,133.87;
#76:
>0:41.58,14.56;44.91,-6.16;42.17,-42.41;
#77:
>0:45.43,-25.0;43.48,-21.64;40.81,42.33;40.75,120.97;
#78:
>0:42.13,-120.18;40.1,-40.89;39.07,2.03;36.2,8.81;36.45,88.88;36.64,135.16;
#79:
>0:44.89,-12.79;43.12,-71.49;40.54,-64.93;38.05,-53.51;
#80:
>0:47.46,-39.88;44.88,-14.43;
#81:
>0:40.61,143.48;41.34,151.65;
#82:
>0:41.2,-29.82;37.33,29.51;35.31,79.49;
#83:
>0:35.97,-117.73;35.18,-103.79;
#84:
>0:46.55,-100.6;45.39,-38.53;43.25,-33.21;39.36,-59.84;38.79,-120.13;35.66,-15.03;
#85:
>0:40.99,68.67;42.37,105.27;
#86:
>0:47.05,14.88;45.04,-20.76;41.69,-31.42;41.06,88.48;
#87:
>0:42.81,19.31;41.04,86.8;39.27,28.84;35.8,-46.46;
#88:
>0:35.46,-3.14;36.72,-73.2;35.43,-112.27;
#89:
>0:40.06,148.57;39.69,123.72;
#90:
>0:47.28,-91.09;47.21,-82.55;
#91:
>0:40.58,124.41;39.67,130.34;
#92:
>0:42.54,36.63;39.62,44.91;
#93:
>0:44.48,-50.17;43.28,-24.51;43.32,-66.86;37.18,-17.34;
#94:
>0:40.39,132.6;40.97,154.94;
#95:
>0:37.78,-15.39;40.74,11.05;39.49,54.51;
