#0:
>0:41.18,113.53;40.0,113.16;40.95,116.11;
#1:
>0:40.24,117.43;40.88,117.41;41.7,118.88;
#2:
>0:40.53,117.52;40.54,116.69;
#3:
>0:39.39,118.46;40.18,117.12;41.24,116.37;41.52,114.61;42.09,113.59;43.24,112.81;
#4:
>0:42.1,117.04;42.36,116.58;42.57,115.36;42.98,113.81;42.13,112.5;
#5:
>0:41.59,113.51;41.31,113.78;
#6:
>0:40.93,119.46;41.94,118.13;42.54,116.86;43.09,115.38;42.96,113.38;
#7:
>0:39.73,112.13;40.33,111.79;41.07,111.84;
#8:
>0:40.54,116.61;39.55,117.61;40.42,116.5;
#9:
>0:40.7,116.7;41.49,117.47;42.66,119.56;43.23,119.35;
#10:
>0:40.72,119.09;40.37,118.17;41.11,115.98;
#11:
>0:40.25,116.79;39.32,116.36;
#12:
>0:41.34,119.24;40.06,118.1;40.05,116.42;40.01,115.3;
#13:
>0:41.63,111.76;40.64,112.15;
#14:
>0:40.22,117.2;40.56,117.06;
#15:
>0:41.34,114.74;42.34,115.68;
#16:
>0:39.57,118.81;40.3,117.89;40.83,115.81;41.82,115.41;42.2,113.88;
#17:
>0:40.39,117.64;39.77,116.83;
#18:
>0:40.0,116.43;39.67,116.91;40.37,116.28;
#19:
>0:40.15,113.34;40.96,114.15;40.63,114.77;41.59,117.38;
#20:
>0:43.12,119.13;42.3,118.37;42.02,119.33;
#21:
>0:39.85,117.42;40.07,117.27;41.26,114.69;
#22:
>0:42.32,118.15;41.46,117.11;41.49,116.16;40.31,117.87;
#23:
>0:42.97,114.0;42.26,114.75;41.96,115.72;41.24,116.57;40.4,119.35;
#24:
>0:41.94,117.63;41.85,116.47;40.77,114.6;41.55,113.19;
#25:
>0:41.46,117.12;41.93,115.82;42.56,116.15;41.44,113.1;
#26:
>0:40.71,113.09;40.44,115.38;40.64,115.7;40.41,117.34;41.77,119.41;
#27:
>0:41.66,116.81;41.06,116.2;40.45,117.39;39.25,116.72;
#28:
>0:42.48,116.3;41.88,114.58;41.8,116.07;39.96,117.66;
#29:
>0:42.7,116.41;41.48,114.68;41.6,116.71;41.16,116.9;39.32,116.91;
#30:
>0:40.48,117.42;40.4,116.97;
#31:
>0:40.28,116.94;40.09,116.8;
#32:
>0:41.69,113.84;41.33,115.42;41.5,114.68;41.26,117.57;
#33:
>0:43.29,113.15;43.41,115.3;42.83,116.43;
#34:
>0:41.39,113.11;41.06,113.99;40.4,114.23;39.53,117.57;
#35:
>0:41.01,114.99;40.93,116.34;41.19,117.0;
