#0:
>0:42.76,112.39;42.41,113.87;41.9,113.75;41.03,114.22;39.96,114.58;39.65,113.03;
#1:
>0:40.03,116.01;40.96,115.64;
#2:
>0:40.1,117.21;40.42,119.12;40.64,118.33;42.62,119.55;
#3:
>0:40.39,116.34;40.81,115.79;41.55,116.02;42.24,116.42;
#4:
>0:42.18,113.42;42.91,114.88;42.15,116.47;42.48,117.82;43.1,118.67;
#5:
>0:40.22,116.12;39.65,116.47;40.57,115.73;
#6:
>0:40.91,113.9;40.55,115.33;
#7:
>0:40.7,112.24;41.54,113.12;42.62,115.34;
#8:
>0:39.86,113.52;40.05,114.86;41.14,114.89;41.17,115.66;42.02,116.0;42.87,113.79;
#9:
>0:40.08,116.35;40.22,116.19;
#10:
>0:41.1,116.93;41.74,115.89;42.67,115.91;42.91,115.93;
#11:
>0:41.9,117.98;42.22,115.56;41.71,115.07;40.94,114.22;41.14,111.71;
#12:
>0:40.52,111.63;41.31,111.99;40.37,113.81;39.62,115.82;
#13:
>0:40.24,114.24;40.15,113.88;
#14:
>0:42.11,112.2;42.73,112.81;42.58,113.22;41.38,115.23;40.81,118.17;
#15:
>0:41.08,115.05;40.55,114.82;
#16:
>0:42.92,115.28;42.89,116.71;
#17:
>0:40.28,116.47;40.82,116.62;41.64,116.05;41.49,118.04;43.38,115.53;
#18:
>0:42.75,115.79;42.31,116.25;41.69,114.36;40.76,113.91;40.46,114.17;39.25,113.61;
#19:
>0:43.22,111.7;42.14,113.84;43.07,114.22;42.22,116.51;42.06,117.32;43.26,119.2;
#20:
>0:40.26,114.96;40.51,113.94;
#21:
>0:40.36,116.28;40.43,116.13;
#22:
>0:42.6,116.3;43.22,117.27;
#23:
>0:39.97,119.41;41.3,118.01;41.39,117.5;
#24:
>0:42.78,114.38;42.18,115.72;41.68,115.26;40.68,115.89;40.49,118.83;
#25:
>0:40.75,113.09;40.44,113.33;41.05,115.46;41.28,116.43;39.94,119.37;
#26:
>0:40.73,114.4;40.12,116.19;40.17,118.21;
#27:
>0:41.73,111.74;42.2,112.94;
#28:
>0:40.0,116.63;41.06,116.5;41.87,116.19;42.01,114.7;42.43,113.12;43.4,112.51;
#29:
>0:42.92,112.79;42.37,113.05;41.8,114.76;40.99,115.82;40.31,117.67;40.24,119.52;
#30:
>0:41.96,115.14;41.13,114.11;41.32,111.76;39.48,112.35;
#31:
>0:40.24,116.86;40.24,116.1;
#32:
>0:42.25,119.55;41.38,117.12;41.31,116.88;40.68,115.72;39.71,117.22;
#33:
>0:42.64,114.91;41.76,116.22;40.87,113.75;
#34:
>0:41.46,117.32;41.08,116.25;40.35,115.12;39.77,115.68;
#35:
>0:40.17,116.78;40.01,115.95;
