#0:
>0:43.03,119.41;43.4,119.2;
#1:
>0:40.36,116.03;40.14,116.9;
#2:
>0:42.85,118.55;42.51,119.49;
#3:
>0:39.69,115.77;39.94,115.8;
#4:
>0:39.29,115.61;40.47,116.09;39.76,119.37;
#5:
>0:40.68,112.28;40.01,112.55;39.43,111.88;
#6:
>0:40.18,119.22;39.76,118.5;
#7:
>0:40.04,112.41;40.58,113.34;39.61,115.08;
#8:
>0:40.15,113.26;41.23,112.19;41.88,112.73;
#9:
>0:40.67,118.94;41.48,117.27;42.11,116.9;42.26,115.74;42.14,115.33;42.05,111.66;
#10:
>0:41.47,117.69;41.02,119.1;40.58,118.61;
#11:
>0:40.13,117.26;41.26,118.41;41.43,116.98;42.08,116.46;
#12:
>0:42.11,112.16;41.66,112.89;41.14,115.03;40.27,114.92;
#13:
>0:40.79,111.78;40.38,112.81;40.26,113.43;40.16,115.21;41.4,118.09;
#14:
>0:40.07,117.7;39.69,118.05;
#15:
>0:40.51,117.0;40.38,117.29;
#16:
>0:40.57,113.54;40.34,112.85;
#17:
>0:41.93,117.32;41.83,118.7;
#18:
>0:42.78,113.5;42.61,114.73;41.34,115.76;41.89,117.67;41.96,118.79;
#19:
>0:41.56,119.0;42.63,118.01;42.26,115.9;
#20:
>0:42.9,114.76;42.11,115.27;42.15,116.0;41.22,115.67;
#21:
>0:40.1,118.65;41.17,117.45;41.65,115.73;41.54,114.52;40.8,113.61;41.86,111.63;
#22:
>0:40.64,112.62;40.68,113.93;41.97,114.56;
#23:
>0:42.19,111.53;43.32,113.59;43.25,115.04;
#24:
>0:42.94,116.09;42.39,115.45;42.68,113.65;
#25:
>0:39.99,114.94;39.81,114.11;
#26:
>0:40.55,112.81;40.97,111.69;
#27:
>0:39.9,119.17;39.64,117.6;39.38,116.41;39.91,114.64;
#28:
>0:43.03,115.39;42.31,115.42;42.24,116.58;41.32,115.59;
#29:
>0:43.26,111.62;42.65,113.64;41.46,114.51;42.24,114.39;41.54,117.31;
#30:
>0:42.9,118.59;42.35,117.45;42.59,116.27;42.32,114.72;42.27,112.9;
#31:
>0:41.82,119.1;41.83,119.52;
#32:
>0:42.56,113.45;43.13,111.66;
#33:
>0:40.18,111.94;41.1,113.69;41.52,113.59;41.41,116.13;
#34:
>0:40.55,112.93;40.3,113.36;
#35:
>0:42.38,119.05;42.59,117.46;43.0,115.95;42.93,115.02;42.01,113.3;
