#0:
>0:44.05,123.6;43.76,121.99;
#1:
>0:46.63,48.68;40.71,24.61;36.67,-24.5;32.49,25.77;26.31,-7.17;19.65,17.25;
#2:
>0:34.39,-98.18;37.7,-51.25;29.49,-62.42;34.37,2.93;
#3:
>0:29.28,-115.67;36.23,-61.66;29.41,-81.15;32.32,-12.5;40.64,60.45;
#4:
>0:23.17,37.65;26.28,7.41;30.57,31.37;38.11,2.1;42.58,67.69;46.36,44.95;
#5:
>0:32.87,-92.31;37.67,-58.01;39.68,-58.58;
#6:
>0:23.72,12.89;31.29,22.25;37.1,74.19;
#7:
>0:32.99,100.6;37.75,52.35;41.06,8.47;47.13,-16.76;45.47,-59.01;
#8:
>0:28.95,-111.48;36.32,-70.95;28.42,-50.05;21.71,1.75;
#9:
>0:37.64,12.04;33.99,69.1;
#10:
>0:42.78,132.83;39.63,132.03;
#11:
>0:20.09,97.9;24.67,73.35;29.92,20.47;37.78,29.41;42.62,69.93;47.29,-26.97;
#12:
>0:29.47,81.84;31.05,58.74;27.52,16.31;28.14,-40.46;22.09,-10.53;30.7,-102.08;
#13:
>0:31.7,44.86;36.26,33.58;41.34,-37.12;42.36,-65.74;40.21,-120.49;
#14:
>0:35.49,-84.98;41.99,-67.03;
#15:
>0:35.88,-12.66;29.37,18.0;
#16:
>0:25.97,74.53;24.78,23.11;
#17:
>0:41.96,138.29;43.73,116.83;
#18:
>0:25.51,-19.09;29.17,-43.86;35.17,-118.81;
#19:
>0:44.94,73.99;39.64,132.76;34.91,130.71;
#20:
>0:19.32,54.5;26.97,14.26;28.77,3.24;37.11,-24.47;41.15,43.78;
#21:
>0:41.05,128.48;41.55,137.92;
#22:
>0:22.7,20.54;23.81,30.43;
#23:
>0:47.01,78.52;42.63,18.68;36.24,-18.86;29.39,-67.49;
#24:
>0:26.61,24.67;30.81,4.48;35.7,25.98;37.82,52.87;47.33,89.81;
#25:
>0:31.21,67.5;24.84,22.56;
#26:
>0:43.26,122.23;38.05,67.73;31.35,21.13;24.23,-39.9;
#27:
>0:28.89,58.72;36.73,129.34;
#28:
>0:30.13,-102.47;34.13,-78.11;38.37,-24.56;44.97,-23.84;
#29:
>0:43.22,63.75;42.24,4.12;37.1,-31.6;31.53,-20.05;23.84,45.28;
#30:
>0:42.52,136.67;42.89,143.33;
#31:
>0:39.74,-107.98;44.96,-54.39;44.79,-27.98;46.63,20.68;43.79,44.65;
#32:
>0:37.02,20.13;38.89,-38.65;46.2,-52.33;44.97,-107.08;
#33:
>0:40.33,111.53;40.08,130.22;
#34:
>0:25.79,-73.18;32.51,-94.09;37.07,-90.27;
#35:
>0:26.68,-70.36;28.9,-46.57;33.75,-49.93;39.68,-81.95;
#36:
>0:20.05,64.54;25.81,38.41;30.44,34.64;28.9,-76.05;
#37:
>0:45.67,47.65;40.7,132.21;33.23,110.37;
#38:
>0:26.34,103.0;28.77,49.95;34.19,15.25;42.24,-38.79;46.15,-49.56;
#39:
>0:25.08,44.37;31.61,22.72;38.03,-7.9;42.74,-50.33;39.64,-95.96;
#40:
>0:44.43,-88.19;39.91,-67.58;34.28,-34.85;31.99,-10.13;25.65,17.23;27.91,96.05;
#41:
>0:28.93,99.77;28.3,75.72;21.51,58.84;
#42:
>0:18.9,53.04;27.01,13.62;30.96,-5.26;37.84,-61.43;42.99,-99.97;
#43:
>0:40.52,124.65;43.37,116.8;
#44:
>0:45.83,-98.32;43.02,-52.31;36.57,-17.43;31.2,-24.93;26.63,33.89;27.34,88.49;
#45:
>0:40.1,-55.72;35.05,-4.93;28.81,-18.34;26.09,12.04;31.9,95.82;
#46:
>0:38.98,-54.08;45.74,-26.83;46.75,34.17;
#47:
>0:21.81,-93.96;26.69,-112.56;
#48:
>0:42.22,-75.84;37.75,-66.07;
#49:
>0:43.14,-47.1;42.18,-38.04;34.39,34.15;33.1,69.4;26.41,46.96;
#50:
>0:34.87,135.8;30.38,51.89;25.69,9.26;27.19,-10.84;24.05,-50.04;28.0,-95.24;
#51:
>0:39.34,130.72;43.22,133.48;
#52:
>0:36.52,113.69;30.66,38.96;25.35,47.07;
#53:
>0:47.42,-68.32;45.93,-16.96;47.38,31.71;44.21,60.06;
#54:
>0:27.88,21.96;28.21,-26.92;37.37,-44.47;39.64,-119.31;
#55:
>0:28.19,97.51;29.75,60.34;38.14,36.04;33.71,-21.41;33.24,-61.04;37.86,-115.56;
#56:
>0:43.36,-36.56;41.67,38.25;34.41,-24.02;36.19,-74.19;27.74,-57.64;
#57:
>0:33.82,21.32;41.61,57.69;44.09,46.13;
#58:
>0:40.95,67.72;37.97,5.62;37.99,-15.35;31.67,-50.23;23.13,-92.11;
#59:
>0:29.24,57.97;25.72,9.41;
#60:
>0:40.81,42.3;38.05,43.76;41.87,-3.84;
#61:
>0:19.87,41.27;25.56,8.08;
#62:
>0:44.94,-102.27;47.67,-56.91;41.95,-51.14;37.33,-66.21;28.53,-58.4;22.99,-47.23;
#63:
>0:42.98,114.44;40.54,150.53;
#64:
>0:20.37,-86.16;25.31,-66.24;28.8,-37.8;34.32,16.36;
#65:
>0:30.35,107.33;31.54,72.2;18.29,45.17;
#66:
>0:22.42,-13.73;26.47,-72.6;30.04,-11.56;34.33,25.71;39.44,71.76;
#67:
>0:25.87,-76.53;31.26,-30.3;35.28,23.61;40.09,20.13;
#68:
>0:34.98,-101.81;40.27,-76.38;
#69:
>0:47.27,80.55;41.26,76.14;36.14,18.65;36.16,-40.67;31.92,-68.23;23.18,-116.72;
#70:
>0:26.82,-69.88;32.13,-81.38;35.84,-70.33;40.68,-52.32;
#71:
>0:35.12,-29.58;31.73,-22.74;
#72:
>0:40.21,147.46;39.68,122.8;
#73:
>0:34.7,-120.36;34.24,-63.33;36.62,-7.21;34.16,13.66;33.94,42.38;36.61,136.32;
#74:
>0:42.16,124.9;40.4,112.58;
#75:
>0:39.42,114.8;42.05,127.39;
#76:
>0:35.43,9.49;29.72,46.73;29.65,92.17;
#77:
>0:39.44,-18.69;41.22,-76.54;
#78:
>0:44.12,-117.46;41.87,-43.7;36.84,-4.42;28.53,-13.8;25.68,22.83;27.13,84.09;
#79:
>0:34.39,71.93;34.56,75.79;
#80:
>0:42.48,-34.87;36.92,12.08;35.38,-20.9;25.99,-36.8;
#81:
>0:41.51,128.54;41.99,112.35;
#82:
>0:29.0,-6.38;33.06,21.83;19.54,-23.07;
#83:
>0:24.93,97.37;23.0,75.79;22.26,17.19;21.66,-38.8;19.56,-77.09;
#84:
>0:24.35,-26.13;31.21,29.83;37.76,-5.18;
#85:
>0:29.56,5.14;34.3,61.53;
#86:
>0:24.87,-23.08;31.71,38.0;35.21,-32.58;
#87:
>0:42.09,-50.73;35.91,-74.45;31.55,-79.36;26.97,-31.99;19.53,0.93;
#88:
>0:43.38,125.65;43.32,136.31;
#89:
>0:43.68,146.02;37.76,69.1;30.3,5.09;23.24,-37.14;
#90:
>0:32.79,-15.65;37.87,-64.85;41.65,-76.35;44.15,-52.31;
#91:
>0:45.57,58.37;41.02,8.95;33.83,-3.94;32.2,-65.44;
#92:
>0:31.13,91.82;37.02,53.94;39.72,7.63;46.33,-33.11;47.63,-48.23;
#93:
>0:28.88,7.58;31.97,-7.06;
#94:
>0:34.08,22.41;34.68,-9.68;32.58,-3.72;21.4,71.26;
#95:
>0:26.06,-48.38;31.27,-9.58;35.01,36.72;41.76,56.92;46.61,-29.61;
#96:
>0:40.55,-5.67;38.34,-51.98;
#97:
>0:43.36,-64.44;40.27,-103.54;34.63,-115.49;
#98:
>0:31.08,113.81;29.46,114.73;
#99:
>0:28.69,-97.51;36.34,-55.84;29.02,-70.59;24.78,36.46;
#100:
>0:43.65,128.79;40.6,118.51;
#101:
>0:40.98,65.22;34.39,-0.79;32.48,-28.89;23.44,-65.04;24.82,-93.58;
#102:
>0:29.51,87.17;25.12,113.91;21.9,57.17;18.72,-41.05;
#103:
>0:27.63,-32.54;28.43,13.36;36.6,-63.52;
#104:
>0:41.2,136.15;43.83,132.15;
#105:
>0:34.13,-7.94;29.01,-22.92;
#106:
>0:37.46,64.31;36.26,50.89;
#107:
>0:41.31,-20.87;39.63,-78.51;
#108:
>0:40.41,119.46;39.42,150.15;
#109:
>0:26.67,-17.77;30.11,-54.69;
#110:
>0:44.92,-67.07;40.75,-52.97;41.21,-12.83;33.4,77.97;
#111:
>0:37.38,-39.58;42.28,-62.82;46.35,-54.24;
#112:
>0:40.3,113.57;42.71,124.35;
#113:
>0:37.86,-1.01;33.46,79.18;36.32,111.64;
#114:
>0:43.92,-83.28;47.89,-48.4;40.11,-75.75;33.55,-62.82;29.85,-68.77;18.43,17.59;
#115:
>0:43.12,113.62;40.96,130.63;
#116:
>0:44.44,-78.16;41.52,-52.09;40.74,-39.0;36.08,3.71;44.15,114.85;
#117:
>0:41.71,120.96;42.08,124.6;
#118:
>0:42.94,-43.33;37.23,-102.93;33.01,-91.25;
#119:
>0:22.92,106.08;21.57,50.9;20.59,5.72;
#120:
>0:19.96,-117.17;20.58,-75.82;
#121:
>0:39.39,132.52;42.6,138.55;
#122:
>0:41.7,71.32;36.32,12.52;35.17,-31.71;30.48,-61.3;18.96,-101.02;
#123:
>0:45.9,62.15;40.11,5.96;33.88,-25.46;31.92,32.74;23.41,-23.09;20.1,49.5;
#124:
>0:47.75,-64.46;39.83,-59.26;39.04,-33.74;37.96,38.83;46.2,119.17;
#125:
>0:39.64,116.69;42.97,146.13;
#126:
>0:24.43,34.57;30.19,-30.64;34.78,-42.39;41.94,-105.62;44.75,-106.33;
#127:
>0:27.24,114.83;32.51,70.71;37.9,3.95;42.31,-5.56;40.69,-57.5;40.56,-115.3;
#128:
>0:37.54,56.13;35.84,50.98;
#129:
>0:26.68,-91.22;31.42,-53.31;37.96,-15.16;37.19,13.57;35.19,57.55;37.16,115.95;
#130:
>0:22.77,49.48;26.52,70.49;
#131:
>0:44.86,71.05;39.62,33.06;42.32,-26.76;39.99,-46.44;41.21,-118.09;
#132:
>0:41.67,-20.3;38.64,-76.88;33.48,-52.0;32.26,-81.72;18.26,-89.23;
#133:
>0:38.1,-15.07;28.92,-25.42;25.47,70.39;
#134:
>0:41.56,118.31;39.45,136.73;
#135:
>0:41.51,64.59;34.79,23.64;35.85,-27.37;26.03,-62.75;
#136:
>0:22.35,85.76;25.82,47.8;30.19,2.53;37.97,-2.08;36.63,-81.18;35.4,-107.6;
#137:
>0:21.56,-105.23;26.31,-91.63;
#138:
>0:23.52,58.88;33.13,5.83;
#139:
>0:42.48,124.25;41.81,150.86;
#140:
>0:41.01,112.64;42.91,121.13;
#141:
>0:19.88,-62.25;26.14,-5.33;29.26,16.48;35.69,27.15;41.23,125.8;
#142:
>0:44.67,-54.31;41.81,-80.7;
#143:
>0:24.5,74.7;31.39,110.99;32.68,43.5;42.56,141.38;
#144:
>0:26.35,-65.71;31.21,-24.71;36.68,27.31;34.18,76.6;39.8,120.64;
#145:
>0:38.04,-66.42;29.09,-71.04;23.33,25.93;
#146:
>0:43.39,133.79;43.21,116.44;
#147:
>0:31.94,-46.68;33.44,-89.38;40.84,-96.45;45.09,-120.71;
#148:
>0:19.31,10.36;25.26,31.04;29.16,24.39;35.27,22.58;38.68,76.75;46.06,58.27;
#149:
>0:47.06,2.0;43.54,-18.94;47.05,-66.34;47.59,-110.54;
#150:
>0:21.62,-116.05;24.88,-48.61;32.51,-10.9;35.6,1.58;38.5,46.7;47.52,-29.82;
#151:
>0:39.64,51.96;34.06,37.18;35.45,-28.86;28.68,-64.23;20.95,-105.15;
#152:
>0:31.81,-109.29;35.4,-69.78;32.91,-79.21;29.48,-23.76;42.1,56.73;
#153:
>0:24.47,-26.46;30.32,19.03;36.42,23.12;42.88,144.34;
#154:
>0:19.46,-112.67;27.68,-120.97;
#155:
>0:31.74,74.12;36.26,104.42;
#156:
>0:24.65,-86.87;30.48,-65.22;32.35,-4.1;36.37,20.55;43.64,36.65;
#157:
>0:41.16,-74.1;35.03,-18.49;32.66,-40.24;23.79,26.96;30.1,83.11;
#158:
>0:42.9,138.3;41.85,115.29;
#159:
>0:40.31,117.22;41.42,114.01;
#160:
>0:37.15,-55.98;28.96,-41.91;24.52,-22.37;20.39,72.8;
#161:
>0:40.98,117.81;40.77,131.48;
#162:
>0:23.35,104.19;31.09,48.52;36.05,8.73;40.0,-18.81;46.76,-54.58;
#163:
>0:27.41,-60.85;32.85,-48.5;37.13,-65.1;41.52,-79.17;45.9,-68.6;
#164:
>0:22.55,-103.87;27.4,-90.32;
#165:
>0:21.22,41.95;19.17,17.48;25.22,-1.03;35.37,-35.18;
#166:
>0:34.87,-39.75;36.09,-72.29;25.84,-40.52;
#167:
>0:18.65,-49.08;21.79,-30.57;
#168:
>0:42.2,135.16;42.04,141.73;
#169:
>0:31.65,49.74;34.31,22.65;35.22,-10.3;35.49,-67.3;35.05,-112.66;
#170:
>0:25.9,-48.01;31.32,-42.79;33.91,-54.73;42.5,-81.5;
#171:
>0:22.14,108.16;21.75,58.64;23.52,5.72;30.06,27.72;40.39,70.85;
#172:
>0:40.49,113.08;40.07,118.77;
#173:
>0:42.51,131.67;41.67,151.76;
#174:
>0:43.79,140.66;40.25,141.53;
#175:
>0:28.97,13.77;37.84,8.15;38.31,57.24;
#176:
>0:20.63,-96.95;22.94,-68.9;26.21,-23.46;22.67,3.23;
#177:
>0:42.22,19.23;35.25,-13.22;32.65,21.35;26.27,-10.06;19.55,31.53;
#178:
>0:41.13,112.09;39.14,147.76;
#179:
>0:23.59,-69.79;22.29,-60.38;
#180:
>0:43.81,-43.22;42.81,-5.78;33.84,5.09;31.81,54.83;
#181:
>0:36.21,-17.51;35.79,-20.23;
#182:
>0:37.27,-60.79;30.05,-75.97;25.96,-77.67;20.43,-107.38;
#183:
>0:21.71,-97.19;27.93,-104.92;
#184:
>0:43.56,65.93;41.59,-0.67;35.36,-40.68;31.41,-22.6;24.3,50.38;
#185:
>0:22.26,41.19;27.89,4.36;31.75,-34.98;37.77,-75.21;41.57,-93.81;
#186:
>0:33.91,48.19;31.92,97.83;24.42,108.03;
#187:
>0:38.0,-11.07;39.2,4.58;48.06,56.4;
#188:
>0:29.17,73.55;27.45,17.32;30.35,-32.72;
#189:
>0:27.29,-106.91;28.94,-112.76;34.32,-118.28;41.33,-120.48;
#190:
>0:40.65,-77.82;34.45,-98.33;30.74,-106.65;
#191:
>0:43.61,146.01;43.39,151.34;
#192:
>0:22.1,-92.19;19.31,-51.68;
#193:
>0:42.88,141.45;40.89,116.89;
#194:
>0:23.24,71.72;25.01,0.63;34.6,18.15;
#195:
>0:21.93,113.07;22.58,54.59;27.63,33.47;32.91,9.3;26.03,-16.11;31.99,-97.32;
#196:
>0:45.83,-82.11;41.67,-64.27;36.25,-68.49;29.7,-30.3;
#197:
>0:18.51,83.09;27.13,72.42;31.05,37.19;35.01,19.1;39.44,74.9;47.14,-10.8;
#198:
>0:25.43,-119.98;27.59,-66.8;27.43,-40.46;
#199:
>0:36.73,67.72;41.45,19.82;43.15,-28.77;43.82,-81.51;
#200:
>0:26.36,-29.44;31.85,33.2;35.24,-40.58;
#201:
>0:36.36,-91.0;29.94,-64.76;27.09,-10.53;21.96,-1.09;27.21,30.84;31.64,105.8;
#202:
>0:43.44,118.82;39.59,142.18;
#203:
>0:34.51,-60.59;32.38,-68.12;25.99,-11.14;19.0,25.91;
#204:
>0:47.29,55.06;38.51,16.65;33.47,-28.97;37.21,-73.04;36.04,-95.43;
#205:
>0:45.28,-113.87;43.91,-54.48;42.04,-42.3;37.88,-72.58;30.78,-74.0;19.49,9.58;
#206:
>0:20.44,116.85;23.98,69.25;25.54,10.01;25.39,-14.28;27.37,-72.08;27.76,-108.69;
#207:
>0:40.04,126.82;43.77,146.37;
#208:
>0:31.37,-86.96;23.91,-49.19;22.98,-93.51;
#209:
>0:40.67,-8.39;35.33,-54.22;
#210:
>0:40.88,147.19;43.71,134.27;
#211:
>0:44.47,-78.67;45.07,-14.93;36.85,-20.82;
#212:
>0:20.81,-110.27;19.98,-69.5;23.91,-32.76;19.66,15.29;
#213:
>0:26.97,114.44;31.54,58.94;34.63,30.25;43.07,4.23;
#214:
>0:40.16,114.91;43.51,128.89;
