#0:
>0:36.58,-110.46;31.7,-46.96;42.04,-3.81;
#1:
>0:34.18,-115.32;32.31,-81.74;26.34,-94.13;
#2:
>0:35.16,46.71;28.42,-1.04;31.14,-38.48;
#3:
>0:27.4,114.24;18.52,54.97;
#4:
>0:44.82,72.45;39.16,17.04;35.65,-2.58;33.07,-60.76;24.95,-83.53;
#5:
>0:41.63,133.39;39.76,107.46;
#6:
>0:38.68,31.74;40.7,53.82;36.12,104.46;
#7:
>0:38.81,124.76;42.69,117.6;
#8:
>0:38.76,11.49;37.91,7.86;32.72,4.68;
#9:
>0:27.16,-75.59;32.68,-42.11;33.68,-63.71;
#10:
>0:40.93,28.8;40.87,12.25;
#11:
>0:42.76,122.28;41.41,55.44;38.45,17.61;46.76,-34.46;44.75,-47.19;46.46,-89.14;
#12:
>0:18.67,-75.28;25.53,-76.06;29.58,-121.65;
#13:
>0:34.63,-75.59;33.35,-110.31;29.57,-92.1;19.18,-27.82;
#14:
>0:45.26,-84.5;46.26,-69.52;42.46,-61.27;37.68,-40.56;30.87,-18.29;22.6,72.85;
#15:
>0:39.24,137.78;42.32,103.14;
#16:
>0:45.36,67.08;47.39,38.66;
#17:
>0:34.22,-14.38;42.75,-62.5;47.45,2.27;
#18:
>0:44.75,50.57;41.97,50.36;35.13,45.27;31.51,110.5;30.15,72.21;22.39,109.21;
#19:
>0:18.76,15.89;26.9,-33.62;32.07,-79.22;36.08,-95.26;39.58,-120.51;
#20:
>0:42.7,131.99;42.82,130.87;
#21:
>0:41.74,134.9;38.24,109.34;
#22:
>0:25.5,79.4;32.48,64.76;31.08,31.09;25.35,-38.65;29.62,-47.1;25.87,-111.61;
#23:
>0:38.19,-121.32;43.3,-50.67;
#24:
>0:19.91,89.98;24.82,51.54;21.53,6.4;21.95,-30.86;24.75,-58.74;21.77,-104.47;
#25:
>0:41.78,113.42;43.06,129.22;
#26:
>0:40.1,109.66;42.03,99.41;
#27:
>0:22.2,-107.82;27.97,-59.65;31.29,-74.31;33.79,-93.08;38.89,-34.89;
#28:
>0:42.96,105.77;39.2,121.64;
#29:
>0:40.88,101.08;40.62,134.93;
#30:
>0:23.63,60.65;30.27,56.67;34.11,74.17;
#31:
>0:41.32,112.14;40.77,105.34;
#32:
>0:42.23,107.46;39.06,117.0;
#33:
>0:41.94,138.97;41.11,121.68;
#34:
>0:18.76,42.56;21.83,89.23;29.79,89.93;
#35:
>0:41.02,75.1;34.34,10.24;45.12,-22.66;
#36:
>0:46.68,78.45;41.47,44.27;41.24,30.73;46.46,-36.12;38.86,-85.85;
#37:
>0:24.49,-23.53;31.0,-49.13;34.63,-91.68;39.78,-104.15;
#38:
>0:42.25,-40.8;33.87,-46.32;36.04,-83.45;
#39:
>0:22.34,86.01;25.53,65.92;19.92,20.51;21.3,-16.88;27.19,-66.2;19.61,-104.52;
#40:
>0:42.08,105.31;38.31,136.73;
#41:
>0:42.9,77.98;35.06,41.15;
#42:
>0:41.54,99.67;40.01,137.55;
#43:
>0:42.38,122.18;39.73,120.56;
#44:
>0:39.27,135.47;38.77,109.63;
#45:
>0:19.95,-53.4;27.51,-73.28;32.45,-42.28;38.01,-72.09;38.46,-58.55;
#46:
>0:18.81,0.5;23.96,40.81;32.95,113.39;29.01,59.64;33.91,5.03;44.87,-34.01;
#47:
>0:41.39,139.11;40.48,117.62;
#48:
>0:38.63,-50.72;37.41,-2.31;28.8,-20.85;
#49:
>0:38.2,52.58;45.36,116.04;
#50:
>0:40.45,137.48;43.52,107.09;
#51:
>0:41.37,123.52;39.23,134.72;
#52:
>0:46.09,39.9;41.12,68.68;35.19,12.38;34.03,-11.47;43.53,-118.99;
#53:
>0:34.13,-31.03;31.54,-5.58;26.95,-24.04;
#54:
>0:43.43,-58.28;40.28,-120.03;42.82,-52.52;28.42,-47.38;
#55:
>0:32.78,-94.36;27.38,-54.14;29.22,-60.42;29.91,-33.36;33.84,37.8;41.02,103.33;
#56:
>0:30.83,107.11;31.81,63.39;29.33,10.91;27.77,-36.48;36.26,-53.7;
#57:
>0:38.73,122.14;38.98,113.66;
#58:
>0:41.82,138.58;42.04,122.73;
#59:
>0:44.15,68.99;41.55,44.46;
#60:
>0:24.61,-6.48;28.74,-17.61;27.76,31.12;20.81,93.33;
#61:
>0:40.9,106.96;40.37,116.78;
#62:
>0:22.5,2.99;27.48,-16.17;31.99,-39.95;34.2,-11.11;
#63:
>0:38.69,138.19;42.14,121.42;
#64:
>0:29.7,-88.73;27.58,-113.9;26.26,-22.38;
#65:
>0:25.03,21.66;31.25,-22.35;29.28,-75.6;29.85,-119.18;
#66:
>0:39.52,103.1;42.86,124.93;
#67:
>0:19.98,-43.83;23.52,-9.02;30.05,-6.41;35.71,5.03;
#68:
>0:26.43,-4.05;32.57,-70.41;33.29,-89.76;39.81,-99.52;
#69:
>0:24.45,50.27;30.94,63.86;35.88,60.27;
#70:
>0:20.28,-75.68;27.99,-44.0;32.67,-78.39;35.6,-50.92;41.4,-56.16;
#71:
>0:20.66,99.47;24.84,41.19;28.64,68.39;34.23,77.74;
#72:
>0:47.15,-96.27;46.29,-89.31;
#73:
>0:40.15,112.09;39.16,104.79;
#74:
>0:29.1,-37.07;33.11,34.88;34.61,23.62;45.38,102.39;
#75:
>0:39.79,126.79;42.59,136.68;
#76:
>0:40.52,106.31;41.22,100.55;
#77:
>0:39.31,105.52;33.42,108.29;32.26,70.32;29.57,-1.09;25.56,-75.25;
#78:
>0:41.13,53.08;41.96,9.55;46.89,-18.95;42.9,-76.98;
#79:
>0:44.85,118.97;48.05,47.38;
#80:
>0:42.09,105.41;38.33,101.07;
#81:
>0:22.34,-71.98;26.68,-13.79;31.0,-18.12;24.52,19.26;22.16,92.75;
#82:
>0:44.87,42.92;43.01,56.81;34.56,4.29;34.68,-37.33;30.41,-111.49;
#83:
>0:44.99,-94.99;46.14,-63.25;39.53,-53.83;35.09,-38.14;32.14,-21.36;20.6,44.95;
#84:
>0:44.32,-115.52;46.93,-100.63;
#85:
>0:28.66,85.49;35.97,100.71;28.43,56.19;28.79,29.14;26.46,-15.58;31.58,-118.7;
#86:
>0:42.76,103.37;39.6,128.09;
#87:
>0:24.95,67.26;26.43,7.43;
#88:
>0:41.21,108.69;39.25,103.77;
#89:
>0:38.5,130.13;38.63,116.57;
#90:
>0:29.9,64.07;31.3,37.08;34.29,-8.07;
#91:
>0:26.85,30.7;32.0,-10.56;34.44,-74.3;34.85,-105.67;
#92:
>0:41.35,112.38;39.98,112.51;
#93:
>0:41.72,123.98;38.73,119.67;
#94:
>0:35.66,-95.79;37.31,-41.73;30.05,-16.03;
#95:
>0:36.59,37.98;40.25,-28.92;44.02,41.23;
#96:
>0:43.07,105.68;42.19,136.13;
#97:
>0:42.54,136.45;38.98,108.43;
#98:
>0:34.12,116.53;30.44,118.65;28.68,33.84;
#99:
>0:35.19,-28.77;30.66,-55.02;33.12,-87.17;
#100:
>0:22.57,-37.19;24.17,-75.85;29.79,-63.46;37.87,-81.35;35.06,-40.62;44.51,-116.15;
#101:
>0:38.48,124.53;38.39,128.3;
#102:
>0:25.97,-39.0;30.71,18.57;34.31,18.94;39.44,-53.65;
#103:
>0:35.98,-40.44;31.23,-57.27;31.79,-108.74;
#104:
>0:42.56,116.07;42.41,114.61;
#105:
>0:47.44,-83.95;39.85,-121.12;
#106:
>0:34.97,-4.43;42.34,-50.37;45.43,19.54;
#107:
>0:42.76,102.91;40.64,105.47;
#108:
>0:42.2,132.28;41.15,108.37;
#109:
>0:34.15,-54.71;38.63,-26.4;46.96,-23.29;38.95,45.05;
#110:
>0:32.1,-112.55;24.61,-51.77;29.65,-70.37;30.52,-38.11;23.85,18.49;25.29,89.2;
#111:
>0:33.05,119.52;31.51,87.8;
#112:
>0:38.46,124.85;41.5,125.63;
#113:
>0:46.9,26.3;41.33,23.81;
#114:
>0:41.66,101.98;40.93,133.92;
#115:
>0:37.05,41.02;32.32,93.41;24.28,87.99;22.5,119.03;
#116:
>0:31.31,60.06;23.26,8.94;25.39,-20.01;
#117:
>0:38.51,48.35;35.6,47.44;32.01,59.82;28.17,-40.31;
#118:
>0:45.79,116.8;38.76,66.3;34.95,13.81;45.4,-34.89;
#119:
>0:41.8,125.21;41.59,107.33;
#120:
>0:40.01,117.5;42.96,122.47;
#121:
>0:21.48,18.5;22.58,-32.67;28.4,-48.11;
#122:
>0:28.63,-77.37;37.65,-63.98;39.92,-39.43;42.35,13.47;45.61,90.7;
#123:
>0:37.11,89.23;41.27,121.65;40.63,34.82;
#124:
>0:26.07,-38.61;28.91,-14.91;33.92,1.41;43.08,-71.6;
#125:
>0:18.9,-14.49;19.61,-72.6;
#126:
>0:41.48,99.43;40.18,123.38;
#127:
>0:39.25,122.79;38.77,132.5;
#128:
>0:43.11,65.44;39.85,18.05;44.98,-14.94;39.35,-57.46;
#129:
>0:40.46,124.53;43.09,102.15;
#130:
>0:18.41,109.78;24.61,55.72;19.52,19.86;21.63,-37.07;27.63,-50.39;24.43,-83.92;
#131:
>0:39.1,9.36;41.47,4.73;
#132:
>0:20.78,-70.61;26.87,-52.5;28.55,-57.66;33.78,-39.2;
#133:
>0:41.19,99.57;38.83,56.81;35.64,5.63;37.75,-18.11;37.89,-54.62;
#134:
>0:41.56,118.09;38.91,110.39;
#135:
>0:19.33,-67.56;25.8,-76.48;28.93,-67.47;35.83,-47.48;38.18,-72.81;
#136:
>0:39.96,-42.08;47.19,-37.22;44.15,25.94;
#137:
>0:42.68,103.61;39.17,116.85;
#138:
>0:18.94,-29.53;27.81,18.24;24.9,54.51;
#139:
>0:43.88,-111.06;40.41,-111.94;37.04,-115.41;
#140:
>0:39.32,134.73;42.92,123.66;
#141:
>0:38.43,23.76;34.33,17.94;31.4,23.4;
#142:
>0:44.48,10.97;40.25,-20.47;
#143:
>0:35.16,112.63;38.92,113.17;38.16,48.02;35.7,17.52;40.15,-51.86;
#144:
>0:40.24,135.17;42.99,110.74;
#145:
>0:38.85,114.75;43.06,104.47;
#146:
>0:34.45,-29.44;30.79,-18.62;25.4,77.68;
#147:
>0:29.04,-29.5;25.44,11.04;19.95,41.56;29.46,104.35;
#148:
>0:35.42,-37.67;37.76,-50.66;
#149:
>0:32.34,22.22;26.62,-36.79;19.63,-28.7;
#150:
>0:30.93,-107.91;24.45,-63.41;29.62,-56.79;29.12,-18.82;35.67,11.25;42.13,112.02;
#151:
>0:39.86,112.42;41.94,107.35;
#152:
>0:41.74,116.47;42.87,125.26;
#153:
>0:41.57,-84.22;46.57,-91.56;
#154:
>0:38.34,105.36;40.14,112.34;
#155:
>0:42.89,133.86;41.46,100.73;
#156:
>0:25.13,-86.51;29.63,-48.07;35.51,-78.33;38.72,-14.05;46.99,58.33;
#157:
>0:45.09,51.59;38.17,40.1;37.4,25.36;35.42,62.83;26.17,81.17;
#158:
>0:30.42,-16.17;23.46,-52.52;
#159:
>0:43.12,113.46;39.9,105.84;
#160:
>0:18.61,47.84;24.39,105.48;30.64,47.84;37.82,43.59;
#161:
>0:44.45,-47.02;42.26,-69.7;36.95,-32.0;30.48,-4.16;30.07,30.23;18.73,-10.02;
#162:
>0:20.27,-79.57;26.05,-23.1;32.34,19.83;38.06,8.2;37.2,42.34;43.56,40.97;
#163:
>0:19.72,-116.81;27.98,-51.29;29.07,-46.06;
#164:
>0:29.26,-86.42;27.17,-55.63;24.96,-9.97;33.69,14.28;
#165:
>0:38.31,133.47;39.84,109.71;
#166:
>0:35.71,117.67;30.4,88.02;31.11,58.51;35.34,23.05;42.48,-53.83;
#167:
>0:41.64,118.46;40.37,115.13;
#168:
>0:46.07,54.83;40.27,61.11;39.76,33.06;47.9,-56.15;
#169:
>0:20.73,96.28;23.82,71.17;20.62,29.25;20.6,-12.94;23.33,-65.93;23.52,-111.71;
#170:
>0:21.23,86.68;27.61,49.92;20.14,14.74;19.6,-15.69;26.74,-64.92;23.06,-86.48;
#171:
>0:30.42,26.94;35.02,35.97;40.25,-35.5;47.0,-6.78;
#172:
>0:22.15,-105.26;24.11,-63.8;28.82,-53.43;38.1,-58.52;38.17,-67.94;
#173:
>0:40.25,112.13;42.36,104.3;
#174:
>0:37.79,-24.48;37.44,-50.32;
#175:
>0:41.7,-36.37;37.06,-71.28;34.74,-97.22;
#176:
>0:36.49,-85.11;34.02,-68.62;45.11,-29.75;
#177:
>0:44.32,95.41;40.48,69.47;35.32,73.93;30.64,6.79;
#178:
>0:41.56,108.94;40.24,113.91;
#179:
>0:26.8,91.47;29.94,49.09;33.13,24.2;22.85,-1.63;
#180:
>0:38.91,114.93;39.5,119.99;
#181:
>0:34.93,75.99;28.26,71.97;40.6,-31.52;
#182:
>0:41.69,114.96;41.03,118.35;
#183:
>0:39.49,113.83;42.21,104.54;
#184:
>0:41.54,18.21;41.68,16.2;
#185:
>0:37.6,56.04;32.27,75.96;32.45,2.5;24.18,-4.84;23.99,-89.45;
#186:
>0:47.56,-50.76;40.57,-92.05;42.28,-70.73;32.11,-78.32;
#187:
>0:26.17,1.2;30.11,21.27;
#188:
>0:38.37,-29.59;34.12,-66.99;32.3,-101.18;24.68,-98.74;20.9,-75.12;
#189:
>0:21.12,-117.82;25.41,-45.82;20.23,-74.88;30.97,5.83;
#190:
>0:46.51,119.09;39.44,56.32;36.12,8.47;31.79,12.33;
#191:
>0:41.04,-75.53;38.64,-38.55;39.43,22.84;47.38,53.11;45.71,85.95;
#192:
>0:38.42,128.53;38.66,120.75;
#193:
>0:43.06,56.72;33.99,37.41;47.01,-41.36;
#194:
>0:47.97,10.48;48.0,42.08;
#195:
>0:48.08,46.91;41.35,101.5;39.14,75.75;33.83,68.4;25.1,96.73;
#196:
>0:39.6,129.99;38.86,126.76;
#197:
>0:45.78,38.02;38.56,51.82;35.23,60.84;28.91,47.75;
#198:
>0:38.61,104.7;40.13,138.65;
#199:
>0:41.91,106.0;38.97,117.61;
#200:
>0:40.84,117.53;39.08,103.64;
#201:
>0:24.17,-7.87;29.5,27.52;35.38,31.81;41.76,-55.75;
#202:
>0:22.58,-66.68;26.22,-45.63;28.75,-43.06;35.76,-48.89;41.05,-70.71;
#203:
>0:39.37,100.62;39.95,122.19;
#204:
>0:19.18,113.99;26.93,73.56;20.75,20.06;21.93,-13.51;26.15,-68.01;21.88,-85.68;
#205:
>0:34.34,-8.14;38.78,-78.74;45.17,8.63;
#206:
>0:42.6,117.13;39.11,108.19;
#207:
>0:23.89,-58.41;24.61,-104.99;
#208:
>0:38.63,60.52;35.22,54.71;45.06,-22.45;
#209:
>0:38.78,130.26;38.82,112.2;
#210:
>0:39.43,136.53;42.42,127.44;
#211:
>0:28.2,-32.29;29.55,-64.61;37.54,-94.09;42.01,-92.02;
#212:
>0:19.44,-9.1;26.35,-61.55;30.21,-51.75;36.4,-65.54;35.06,-15.76;44.08,-109.32;
#213:
>0:41.2,130.05;43.07,123.05;
#214:
>0:42.73,130.72;38.97,50.33;43.0,23.01;45.49,-15.63;45.82,-74.09;44.87,-112.73;
