#0:
>0:40.65,116.16;42.21,102.56;
#1:
>0:33.31,30.47;28.86,18.68;26.93,70.18;
#2:
>0:36.23,-102.47;37.26,-68.13;35.93,-23.09;35.56,35.43;37.96,46.85;
#3:
>0:40.02,101.11;42.04,110.43;
#4:
>0:41.12,111.82;38.73,107.71;
#5:
>0:41.5,109.51;38.9,138.29;
#6:
>0:44.68,17.82;40.31,23.74;37.1,-13.77;29.95,24.31;31.91,-33.01;18.56,-46.18;
#7:
>0:41.58,112.27;41.2,126.46;
#8:
>0:25.81,-121.77;22.4,-117.31;
#9:
>0:38.63,111.97;39.16,127.8;
#10:
>0:42.75,114.42;40.02,109.82;
#11:
>0:43.02,114.55;43.02,133.03;
#12:
>0:40.1,114.97;41.51,128.18;
#13:
>0:27.13,92.24;21.07,94.07;
#14:
>0:38.49,116.31;42.64,115.3;
#15:
>0:42.28,107.81;39.76,132.95;
#16:
>0:30.28,22.46;32.74,73.11;26.51,88.79;
#17:
>0:33.17,92.65;35.48,86.85;
#18:
>0:39.88,136.89;43.06,99.77;
#19:
>0:42.33,106.53;40.27,137.09;
#20:
>0:22.05,-91.4;26.52,-55.35;29.12,-91.24;35.1,-69.93;40.46,-94.52;
#21:
>0:43.59,78.18;38.75,113.02;33.65,117.68;28.95,108.03;24.07,87.58;21.91,72.95;
#22:
>0:18.59,-115.26;21.9,-66.24;24.18,-16.16;29.89,37.36;22.18,41.04;
#23:
>0:20.43,-26.49;27.58,-22.9;
#24:
>0:22.73,-74.8;24.87,-19.41;28.76,22.61;30.06,39.07;33.55,33.03;46.86,-2.05;
#25:
>0:22.58,65.78;26.31,112.61;28.62,63.5;29.0,117.92;35.3,43.22;43.85,98.6;
#26:
>0:27.07,61.8;25.13,23.3;32.18,-25.03;35.72,-76.87;
#27:
>0:46.81,-105.28;41.94,-78.75;36.3,-30.86;30.51,-5.89;26.7,-55.97;
#28:
>0:40.04,129.46;41.92,104.2;
#29:
>0:18.53,-76.41;20.59,-38.87;27.39,-16.26;32.93,60.42;
#30:
>0:35.98,115.8;37.74,100.48;
#31:
>0:42.46,114.55;41.41,109.15;
#32:
>0:41.89,121.91;40.66,135.57;
#33:
>0:21.19,58.3;26.28,8.11;31.65,-6.5;30.67,-44.1;41.41,-98.58;
#34:
>0:39.78,138.97;40.67,135.56;
#35:
>0:25.28,-6.25;29.06,37.7;29.83,50.12;41.56,56.1;
#36:
>0:20.31,-85.76;26.82,-42.63;32.52,-44.4;34.34,-26.6;31.68,2.56;36.15,88.13;
#37:
>0:36.59,107.21;42.55,41.76;
#38:
>0:39.41,137.28;39.92,124.55;
#39:
>0:40.72,115.63;40.24,121.69;
#40:
>0:38.58,122.8;39.66,127.12;
#41:
>0:28.14,-72.8;24.97,-51.93;
#42:
>0:30.81,113.93;23.5,105.31;20.28,49.77;
#43:
>0:42.41,102.26;39.8,51.47;42.41,23.09;42.68,-20.38;43.01,-44.26;
#44:
>0:31.17,-88.05;24.57,-83.62;
#45:
>0:39.07,117.96;39.83,134.93;
#46:
>0:40.41,124.15;40.5,108.44;
#47:
>0:34.7,-60.82;34.2,-109.08;47.42,-26.87;
#48:
>0:31.83,53.31;32.39,118.93;42.11,6.67;
#49:
>0:36.59,14.5;30.89,-12.12;
#50:
>0:41.88,107.58;41.91,103.54;
#51:
>0:39.49,135.95;40.29,100.03;
#52:
>0:37.57,-104.62;39.1,-74.21;41.76,-19.56;38.3,25.91;
#53:
>0:36.27,-103.57;37.38,-43.82;36.19,-26.26;35.13,30.96;36.52,48.53;
#54:
>0:25.59,-95.17;21.44,-84.27;
#55:
>0:35.82,34.75;32.61,-19.32;25.37,-47.82;
#56:
>0:40.42,-119.55;36.93,-104.97;40.88,-81.86;33.23,-3.09;28.62,66.56;
#57:
>0:43.89,-109.38;46.38,-92.23;
#58:
>0:40.0,133.59;42.42,113.66;
#59:
>0:40.23,109.85;41.71,123.14;
#60:
>0:42.75,-104.68;38.04,-71.04;30.47,-100.57;
#61:
>0:36.04,27.76;32.49,24.65;35.11,83.93;
#62:
>0:41.23,106.11;40.41,131.94;
#63:
>0:28.71,-55.48;36.52,-121.89;
#64:
>0:22.58,93.02;22.14,74.31;21.38,26.64;22.51,-28.98;30.72,-42.01;
#65:
>0:24.28,-78.28;28.38,-3.0;38.1,-26.67;40.37,-11.84;
#66:
>0:23.61,-82.28;31.25,-62.49;34.42,-99.67;40.63,-91.38;47.8,-2.37;
#67:
>0:41.0,-105.38;35.01,-84.78;39.31,-73.68;34.17,-21.46;32.23,58.71;
#68:
>0:36.81,-65.22;42.45,-32.06;46.48,25.99;46.95,41.03;
#69:
>0:38.29,111.66;36.85,73.84;29.76,72.3;25.71,5.71;
#70:
>0:25.46,80.51;28.74,77.04;37.36,-0.65;42.26,-28.78;43.26,-48.92;47.77,-82.39;
#71:
>0:42.49,139.18;38.49,103.33;
#72:
>0:24.15,-59.76;28.44,-19.95;30.7,-81.01;40.43,-103.07;
#73:
>0:24.47,-83.33;31.46,-58.66;
#74:
>0:33.74,116.26;29.31,92.8;26.76,97.61;
#75:
>0:41.48,18.98;35.21,-12.37;31.36,-2.09;24.97,-71.65;
#76:
>0:38.53,137.36;41.87,104.75;
#77:
>0:23.59,64.66;23.55,13.87;28.74,-27.63;
#78:
>0:41.69,-4.57;43.35,37.78;
#79:
>0:41.58,-2.04;34.22,-1.56;33.16,-22.99;25.44,-58.19;
#80:
>0:34.6,24.95;31.74,13.93;25.94,70.47;
#81:
>0:41.59,-50.67;33.84,-10.96;28.38,-7.24;25.47,-29.62;21.63,-43.28;
#82:
>0:38.17,102.75;39.35,117.83;
#83:
>0:39.43,134.4;42.47,130.27;
#84:
>0:39.89,137.26;41.85,106.82;
#85:
>0:43.09,118.9;42.62,99.62;
#86:
>0:39.93,113.4;40.94,119.32;
#87:
>0:28.2,56.44;30.54,9.62;32.64,-2.78;24.97,-27.15;20.38,-104.93;
#88:
>0:36.55,-86.0;35.07,-46.31;34.76,-33.9;37.43,15.67;37.53,58.44;
#89:
>0:33.88,113.98;30.42,109.96;29.67,74.84;37.69,15.12;47.49,-69.68;
#90:
>0:42.47,129.62;41.17,111.12;
#91:
>0:37.38,55.35;33.01,6.77;31.99,-19.48;20.58,-44.82;
#92:
>0:39.12,-9.81;34.06,-26.99;29.35,-11.51;23.81,-63.33;
#93:
>0:29.88,39.89;31.67,34.26;29.97,-2.32;23.71,-5.87;22.08,-89.02;
#94:
>0:18.99,-72.99;21.96,-68.26;
#95:
>0:19.52,30.92;25.55,78.33;29.89,69.69;29.84,108.22;33.68,50.58;47.35,61.34;
#96:
>0:42.86,116.66;42.81,122.03;
#97:
>0:24.88,-26.29;28.3,27.94;34.44,3.3;
#98:
>0:24.91,-17.8;33.06,9.55;29.31,66.66;40.08,47.85;
#99:
>0:43.53,115.05;40.86,43.38;33.31,28.3;30.02,-25.05;
#100:
>0:40.83,111.81;39.96,137.52;
#101:
>0:38.86,100.07;42.99,127.87;
#102:
>0:39.12,126.7;42.1,121.01;
#103:
>0:41.39,-37.92;35.24,-3.24;
#104:
>0:40.86,-69.71;36.21,-40.31;36.18,12.66;35.1,56.57;
#105:
>0:41.53,21.18;34.29,-12.17;28.61,-19.4;28.13,-51.31;
#106:
>0:40.88,-112.96;43.9,-68.47;44.1,-33.74;47.37,9.22;47.21,66.97;45.22,89.81;
#107:
>0:43.23,28.33;46.54,52.81;39.61,101.34;28.28,86.3;
#108:
>0:39.48,-75.27;45.19,-37.78;38.02,24.61;
#109:
>0:37.07,88.81;36.95,63.59;48.07,81.33;
#110:
>0:42.6,-82.71;39.9,-43.52;29.31,-55.57;
#111:
>0:19.18,-58.52;25.17,-41.13;
#112:
>0:44.87,-57.29;42.75,-107.2;35.2,-19.44;
#113:
>0:39.51,124.34;42.1,126.52;
#114:
>0:39.32,134.35;40.52,133.93;
#115:
>0:47.07,16.82;41.26,51.16;
#116:
>0:40.48,122.4;42.48,124.9;
#117:
>0:41.12,103.64;41.46,103.26;
#118:
>0:26.1,25.77;31.36,-41.6;32.93,-76.68;41.67,-48.7;
#119:
>0:41.55,131.5;42.11,137.44;
#120:
>0:30.26,85.75;25.56,103.32;22.27,51.24;
#121:
>0:39.77,131.46;40.93,111.13;
#122:
>0:45.88,106.37;44.74,49.67;45.21,28.05;39.84,-27.46;43.38,-11.99;46.69,-85.13;
#123:
>0:40.47,107.06;42.41,107.3;
#124:
>0:45.3,39.76;39.53,69.19;38.14,14.82;28.52,-22.57;
#125:
>0:30.97,76.32;30.24,11.9;20.95,8.54;
#126:
>0:37.85,81.69;31.66,87.68;29.18,72.04;32.79,26.3;33.14,-27.82;25.41,-86.23;
#127:
>0:39.68,110.17;41.54,129.95;
#128:
>0:39.95,-87.87;34.12,-116.05;38.77,-54.54;38.08,-30.57;28.67,73.6;
#129:
>0:42.83,124.33;42.85,122.61;
#130:
>0:22.4,108.98;23.4,83.36;29.01,57.92;37.84,4.26;41.21,-23.41;46.0,-76.87;
#131:
>0:43.64,25.65;41.66,47.24;
#132:
>0:41.05,107.32;39.21,123.91;
#133:
>0:19.88,54.49;25.57,95.8;29.42,60.85;28.25,103.24;36.39,77.31;46.89,87.92;
#134:
>0:41.27,107.61;40.85,106.34;
#135:
>0:40.93,2.83;36.84,-4.72;32.43,-37.82;28.0,-65.62;
#136:
>0:42.4,111.34;38.85,123.96;
#137:
>0:38.71,138.02;41.56,131.24;
#138:
>0:44.36,38.46;41.07,29.12;35.42,57.2;30.62,113.01;
#139:
>0:38.39,130.47;42.07,119.87;
#140:
>0:31.51,60.13;33.16,81.75;42.44,6.51;
#141:
>0:20.87,84.94;26.5,85.29;
#142:
>0:40.2,115.46;40.5,132.01;
#143:
>0:41.92,5.56;37.14,-32.83;32.64,-14.34;33.63,-113.93;
#144:
>0:39.97,113.5;38.55,126.57;
#145:
>0:35.45,-99.45;33.21,-65.65;36.97,-15.37;33.43,12.31;33.27,70.97;
#146:
>0:26.67,99.34;32.71,55.9;38.11,16.72;38.17,-20.68;
#147:
>0:18.51,20.8;28.18,78.63;26.24,16.91;29.24,68.31;40.81,40.42;
#148:
>0:38.3,137.0;42.84,136.62;
#149:
>0:42.19,100.03;38.23,124.36;
#150:
>0:41.03,122.11;38.31,103.69;
#151:
>0:43.11,112.02;41.99,116.4;
#152:
>0:40.6,138.26;40.74,137.04;
#153:
>0:27.3,-92.29;20.74,-48.11;
#154:
>0:28.66,44.72;30.38,104.55;42.98,8.22;
#155:
>0:47.49,31.88;40.26,38.3;35.0,-13.46;28.46,-68.48;
#156:
>0:38.25,106.65;43.11,121.19;
#157:
>0:35.71,84.37;30.11,111.92;28.95,43.69;35.51,12.84;43.56,-62.26;
#158:
>0:22.73,46.54;18.98,16.25;20.48,-39.59;24.81,-57.12;20.39,-112.57;
#159:
>0:24.87,-8.76;28.16,-45.72;34.31,-9.22;
#160:
>0:42.96,118.51;41.76,113.12;
#161:
>0:39.43,125.14;41.25,115.88;
#162:
>0:38.39,107.89;39.04,115.19;
#163:
>0:40.46,124.39;38.58,132.46;
#164:
>0:18.3,57.14;26.57,86.99;32.85,73.12;31.71,119.08;34.56,61.17;47.93,93.27;
#165:
>0:45.69,24.35;42.69,29.18;35.55,-21.51;29.8,33.76;28.28,-13.54;19.58,-54.58;
#166:
>0:42.73,124.17;39.64,130.25;
#167:
>0:39.99,136.4;38.81,129.1;
#168:
>0:39.87,104.94;42.84,136.98;
#169:
>0:22.48,69.13;21.98,5.56;27.5,-35.31;36.2,-52.91;
#170:
>0:36.72,-10.04;38.19,12.89;41.73,55.54;39.07,137.93;
#171:
>0:28.15,-108.04;29.02,-68.07;34.04,-23.42;40.84,2.52;45.47,42.78;
#172:
>0:46.05,53.8;42.26,72.46;34.49,4.19;29.97,-10.89;
#173:
>0:29.21,84.88;33.35,92.6;37.85,49.36;43.5,9.68;
#174:
>0:34.18,57.97;34.2,9.0;28.63,20.7;18.91,53.14;
#175:
>0:39.66,118.74;39.06,120.99;
#176:
>0:21.81,-84.71;20.77,-98.6;
#177:
>0:22.54,-121.39;19.98,-43.43;22.22,-29.3;22.84,20.18;19.1,59.35;18.45,118.79;
#178:
>0:39.8,130.3;42.8,135.93;
#179:
>0:20.21,54.55;24.08,86.91;28.65,40.74;29.2,92.95;34.44,46.44;45.72,118.53;
#180:
>0:41.69,109.59;41.71,127.16;
#181:
>0:38.57,108.76;39.39,110.67;
#182:
>0:36.49,-23.5;30.7,17.11;31.57,53.37;23.23,85.88;
#183:
>0:24.73,73.79;25.82,102.03;
#184:
>0:42.84,111.99;42.73,105.72;
#185:
>0:30.56,-33.67;33.49,20.41;42.16,19.9;
#186:
>0:38.58,-72.46;34.69,-4.41;36.07,17.24;35.69,44.02;
#187:
>0:36.53,-25.69;33.13,4.19;32.96,45.4;27.13,93.41;
#188:
>0:38.78,121.23;39.82,130.06;
#189:
>0:27.8,-3.26;30.01,-1.13;30.83,60.46;39.57,72.05;
#190:
>0:47.47,52.63;39.17,44.77;35.39,9.93;33.15,30.76;24.71,51.11;18.6,73.09;
#191:
>0:39.87,-76.17;36.89,-20.37;29.33,30.07;31.44,78.15;
#192:
>0:38.81,112.94;40.4,132.1;
#193:
>0:40.71,12.71;39.48,73.09;
#194:
>0:40.84,107.38;39.43,121.55;
#195:
>0:42.85,70.09;36.23,14.52;
#196:
>0:39.98,114.33;39.85,116.1;
#197:
>0:21.71,-57.87;24.96,-11.13;29.29,12.27;34.83,65.61;40.75,22.54;46.57,51.93;
#198:
>0:42.24,114.04;40.64,102.82;
#199:
>0:40.21,130.97;42.78,105.08;
#200:
>0:19.44,84.5;23.76,81.42;28.22,70.05;31.65,97.4;41.2,64.4;
#201:
>0:36.79,112.05;31.67,119.26;
#202:
>0:30.09,24.25;33.9,33.17;42.2,37.84;45.97,21.0;
#203:
>0:40.04,116.05;42.86,123.81;
#204:
>0:44.94,-9.1;38.5,-34.8;34.16,-12.58;32.1,-8.48;
#205:
>0:26.59,68.04;25.56,21.02;28.52,-7.76;
#206:
>0:34.11,62.02;31.87,67.97;23.25,4.68;
#207:
>0:20.13,-70.38;21.18,-72.72;
#208:
>0:38.38,113.59;39.8,126.75;
#209:
>0:29.54,-43.38;36.1,-4.6;39.93,33.89;33.98,61.13;44.16,118.38;
#210:
>0:44.45,97.8;40.76,47.29;
#211:
>0:23.39,110.86;32.32,73.18;36.23,9.91;39.82,-16.56;43.63,-4.01;47.61,-119.9;
#212:
>0:39.03,135.56;42.38,100.51;
#213:
>0:40.82,103.73;41.84,120.69;
#214:
>0:37.95,10.51;40.63,64.63;46.58,76.1;
