#0:
>0:25.18,-76.78;26.67,-36.84;29.49,-79.25;36.3,-79.87;43.89,-91.02;
#1:
>0:21.02,22.72;22.8,-37.24;
#2:
>0:23.94,82.88;30.25,42.47;29.36,8.13;
#3:
>0:40.67,121.52;41.81,136.02;
#4:
>0:19.92,-90.64;25.72,-79.75;29.16,-9.39;33.94,-16.92;40.92,15.9;46.69,91.79;
#5:
>0:41.51,-2.74;36.95,-17.15;42.6,43.77;
#6:
>0:20.35,100.86;24.0,39.68;32.96,50.26;34.37,114.55;42.72,110.67;46.66,69.38;
#7:
>0:41.38,-100.42;40.64,-59.38;42.02,-25.76;34.99,-14.61;30.78,74.3;
#8:
>0:43.52,-17.86;39.56,1.03;35.86,61.96;
#9:
>0:43.86,110.73;40.85,79.06;40.74,16.81;37.48,-36.33;
#10:
>0:25.25,0.25;25.85,67.69;33.03,76.05;42.18,119.81;
#11:
>0:47.56,44.69;38.18,4.79;37.44,26.5;30.18,73.21;25.48,28.39;20.45,114.82;
#12:
>0:29.55,85.46;32.27,104.38;
#13:
>0:44.1,111.99;42.36,130.14;
#14:
>0:41.42,139.79;43.0,107.17;
#15:
>0:40.33,9.48;35.36,-24.4;
#16:
>0:38.81,-68.93;35.54,-80.21;
#17:
>0:46.91,-117.26;38.73,-41.78;39.02,-12.41;36.58,26.71;
#18:
>0:43.86,46.85;40.46,19.4;37.91,27.69;31.81,66.91;27.75,27.74;22.8,88.58;
#19:
>0:46.59,53.53;40.24,34.69;33.37,32.03;33.1,-52.43;
#20:
>0:34.8,-111.59;29.19,-57.14;23.28,-21.69;20.1,5.95;24.45,15.89;20.67,94.47;
#21:
>0:42.88,-14.56;37.2,-34.65;30.78,-64.17;27.75,-103.42;19.23,-102.35;
#22:
>0:45.32,55.07;45.74,5.46;47.39,-22.63;47.77,-65.55;45.05,-100.57;
#23:
>0:42.42,123.7;44.55,121.3;
#24:
>0:41.47,47.21;40.8,51.42;
#25:
>0:43.71,40.91;39.17,22.4;39.67,-15.86;
#26:
>0:43.64,135.49;43.75,127.42;
#27:
>0:27.37,19.24;32.46,6.02;33.29,-38.27;34.01,-116.12;
#28:
>0:45.58,17.44;45.07,-12.66;39.05,32.11;29.76,52.3;
#29:
>0:25.02,-108.37;22.34,-72.1;20.26,-3.46;26.69,31.48;26.32,48.26;27.81,82.11;
#30:
>0:25.56,88.47;23.5,50.76;31.45,32.23;
#31:
>0:18.5,-58.26;22.53,-17.69;26.95,26.96;27.1,55.01;36.37,88.71;
#32:
>0:43.12,124.54;40.58,142.34;
#33:
>0:40.47,139.86;42.73,139.62;
#34:
>0:41.07,142.53;40.52,115.98;
#35:
>0:45.22,65.65;45.8,50.34;
#36:
>0:43.3,140.78;42.27,121.12;
#37:
>0:34.32,68.38;28.98,56.02;28.89,11.27;24.53,-69.76;
#38:
>0:41.0,108.57;44.57,131.63;
#39:
>0:30.05,42.91;37.62,23.09;
#40:
>0:41.58,137.25;41.84,113.41;
#41:
>0:41.04,136.68;41.48,144.67;
#42:
>0:32.72,81.1;34.73,77.89;39.48,30.53;38.7,-39.78;
#43:
>0:44.5,60.89;43.3,12.89;47.01,-25.89;43.66,-59.23;44.07,-92.99;
#44:
>0:23.69,-78.7;23.64,-40.29;32.01,-54.68;35.39,-52.59;44.71,-85.75;
#45:
>0:30.62,38.13;30.43,64.3;42.37,113.88;
#46:
>0:28.51,96.67;23.85,48.57;31.68,60.07;21.25,-22.18;
#47:
>0:20.41,-76.68;23.31,-51.03;25.84,-13.92;28.51,15.87;34.89,110.32;
#48:
>0:37.82,-46.45;40.41,-9.27;33.42,32.85;
#49:
>0:44.49,62.44;41.87,37.16;37.55,18.76;28.47,-67.84;
#50:
>0:24.09,-107.82;20.47,-102.29;24.01,-27.31;
#51:
>0:40.84,118.2;42.66,131.18;
#52:
>0:34.59,11.69;40.85,-3.82;
#53:
>0:25.26,-52.8;32.37,-58.33;27.54,-5.97;29.7,37.51;36.54,90.12;
#54:
>0:43.13,39.13;40.77,8.0;46.79,16.81;46.03,-37.38;41.07,-83.22;
#55:
>0:42.13,127.56;39.83,135.54;
#56:
>0:22.41,66.73;23.98,59.13;29.98,33.28;37.44,-30.49;33.7,-88.77;
#57:
>0:42.78,114.44;44.5,141.95;
#58:
>0:22.94,41.49;22.78,92.0;
#59:
>0:40.34,-67.91;39.44,-21.18;38.07,-20.06;38.52,14.27;41.48,137.37;
#60:
>0:25.06,74.1;27.47,11.58;
#61:
>0:41.85,113.11;42.72,108.49;
#62:
>0:43.27,-71.85;42.08,-59.4;
#63:
>0:44.0,-49.6;40.05,-12.98;33.51,-5.23;42.22,29.34;43.83,108.56;
#64:
>0:34.08,-111.4;31.27,-85.57;27.85,-85.07;19.05,-12.87;
#65:
>0:37.11,-45.53;41.0,-6.79;48.09,-5.91;
#66:
>0:18.31,26.75;27.86,38.03;19.34,-7.44;20.38,-85.98;
#67:
>0:43.91,60.26;40.23,21.74;45.47,30.96;44.09,-39.91;39.87,-85.78;
#68:
>0:35.26,3.37;30.49,9.58;26.42,35.44;
#69:
>0:32.42,96.68;29.33,91.11;
#70:
>0:44.64,-120.4;39.34,-78.88;40.63,-16.11;34.01,-30.25;41.67,60.52;
#71:
>0:38.63,63.33;47.56,31.01;44.75,-26.41;47.15,-66.65;47.63,-88.0;
#72:
>0:18.28,-2.21;23.26,-57.83;
#73:
>0:40.67,145.42;41.24,119.52;
#74:
>0:26.74,77.33;23.92,104.43;
#75:
>0:42.66,123.12;42.74,135.37;
#76:
>0:30.0,107.16;36.06,72.24;39.29,33.68;46.66,7.23;47.45,-58.17;
#77:
>0:20.6,-13.61;18.61,27.43;23.04,49.94;
#78:
>0:44.22,138.5;40.52,106.16;
#79:
>0:35.77,-68.55;41.57,-9.67;34.2,-37.41;42.12,22.34;44.29,116.8;
#80:
>0:29.8,-55.42;27.44,-28.69;19.98,30.88;31.53,50.38;
#81:
>0:33.83,14.97;34.72,-28.73;37.57,-53.03;
#82:
>0:20.24,44.72;24.5,38.54;30.54,25.62;33.44,-16.19;35.08,-82.17;
#83:
>0:41.97,123.55;40.12,136.11;
#84:
>0:32.27,62.41;34.91,111.08;42.08,55.85;43.77,115.06;
#85:
>0:42.06,118.77;44.25,109.32;
#86:
>0:46.99,107.13;38.94,45.73;39.85,37.31;34.68,12.95;33.08,-10.63;19.15,35.07;
#87:
>0:22.73,101.82;26.93,57.07;30.74,6.1;
#88:
>0:44.22,144.22;42.49,118.78;
#89:
>0:19.61,-21.5;26.27,32.01;30.41,63.87;
#90:
>0:40.74,120.18;40.77,141.88;
#91:
>0:46.48,65.08;38.27,23.01;35.69,5.91;30.03,62.06;25.52,18.51;22.33,106.85;
#92:
>0:41.79,142.4;42.82,134.63;
#93:
>0:42.2,114.91;40.25,111.52;
#94:
>0:44.36,88.2;44.1,141.56;35.0,94.62;31.61,108.78;27.31,93.5;
#95:
>0:40.0,143.23;41.83,112.48;
#96:
>0:40.14,137.84;41.97,125.13;
#97:
>0:20.36,23.64;25.69,33.1;24.17,62.86;31.22,41.2;42.62,44.86;
#98:
>0:27.74,33.31;32.16,5.38;35.78,-5.82;24.9,-82.46;
#99:
>0:22.65,-13.99;18.78,-50.81;24.71,-70.89;32.46,-51.74;39.01,-62.32;
#100:
>0:29.01,26.21;32.83,-38.6;25.72,-81.57;29.49,-119.9;
#101:
>0:31.92,82.92;30.3,70.36;32.67,19.23;
#102:
>0:39.87,130.04;39.82,140.24;
#103:
>0:32.29,-36.09;36.14,13.01;43.07,-0.99;
#104:
>0:23.01,-69.72;22.6,-39.9;27.29,32.45;28.08,61.43;33.93,84.65;
#105:
>0:40.81,142.8;41.94,110.37;
#106:
>0:19.64,57.03;25.22,77.0;31.85,3.61;36.87,-24.91;36.28,-86.9;
#107:
>0:37.22,-68.87;41.17,-114.41;
#108:
>0:40.16,127.89;43.8,138.22;
#109:
>0:46.25,87.07;47.11,88.73;
#110:
>0:43.8,124.0;44.36,121.63;
#111:
>0:37.85,36.38;36.0,-1.71;31.8,-81.55;19.08,-56.2;
#112:
>0:25.87,85.58;30.35,102.93;30.05,37.09;
#113:
>0:46.32,-27.56;39.21,4.29;
#114:
>0:20.34,42.33;23.85,53.1;31.11,9.76;35.32,-19.07;35.84,-109.48;
#115:
>0:40.4,-12.97;33.58,-20.88;32.07,5.56;27.86,2.68;
#116:
>0:40.39,138.0;40.21,132.78;
#117:
>0:40.6,-43.69;41.0,-16.9;33.53,-21.74;28.88,22.77;19.41,101.35;
#118:
>0:19.98,-24.89;18.91,-14.49;
#119:
>0:23.45,27.71;18.31,-28.09;20.92,-71.33;
#120:
>0:44.35,130.51;39.87,139.31;
#121:
>0:36.45,-58.86;42.82,-9.69;46.16,-27.43;
#122:
>0:40.5,122.66;42.53,129.72;
#123:
>0:38.2,42.07;43.14,91.83;
#124:
>0:42.93,113.99;44.32,120.35;
#125:
>0:31.07,-69.08;37.43,-78.59;41.46,-95.98;44.07,-60.02;
#126:
>0:40.31,137.09;42.04,138.79;
#127:
>0:34.76,21.39;30.83,18.72;34.35,-22.24;26.93,-110.05;
#128:
>0:25.45,-37.88;30.08,25.33;29.61,43.13;44.59,128.84;
#129:
>0:41.34,117.18;41.88,146.08;
#130:
>0:44.4,141.53;41.15,123.62;
#131:
>0:46.55,11.9;39.16,68.79;37.01,45.13;
#132:
>0:21.9,95.37;25.75,65.75;31.77,38.52;34.37,8.68;
#133:
>0:40.37,-20.08;34.43,-2.22;34.3,1.57;23.4,15.07;
#134:
>0:32.08,94.67;26.95,76.58;23.57,9.75;
#135:
>0:34.59,55.19;39.03,34.13;44.81,1.93;40.07,-45.31;
#136:
>0:45.7,-38.54;40.55,3.24;33.96,58.42;
#137:
>0:42.09,42.55;39.78,11.86;31.96,-1.57;
#138:
>0:35.55,116.69;37.79,99.62;
#139:
>0:44.24,125.83;42.19,124.26;
#140:
>0:43.49,117.95;43.49,60.58;43.76,-0.06;
#141:
>0:44.51,119.2;39.8,119.09;
#142:
>0:29.97,69.69;35.21,76.55;40.9,120.24;46.48,63.78;
#143:
>0:20.44,66.06;24.43,22.03;30.08,7.35;33.92,-37.33;37.2,-90.71;
#144:
>0:44.3,-70.82;41.39,-111.74;
#145:
>0:37.99,-10.12;43.02,20.06;
#146:
>0:34.87,80.66;41.4,44.34;38.68,17.04;46.55,21.26;47.3,-22.75;39.83,-84.76;
#147:
>0:44.71,-102.69;45.03,-81.55;41.25,-112.47;34.93,-119.77;24.66,-76.21;
#148:
>0:41.0,138.68;42.21,134.72;
#149:
>0:41.42,62.06;41.0,28.18;31.45,-27.88;
#150:
>0:25.03,57.79;19.93,84.47;
#151:
>0:30.46,-70.97;34.94,-87.98;35.1,-60.52;47.18,-83.94;
#152:
>0:45.97,51.36;46.87,26.92;46.34,-10.25;45.77,-42.1;44.36,-105.22;
#153:
>0:44.26,117.67;43.13,118.87;
#154:
>0:44.11,143.38;40.42,128.7;
#155:
>0:43.06,140.9;41.38,110.38;
#156:
>0:45.83,0.49;42.07,48.5;
#157:
>0:32.14,-44.65;25.39,-7.92;21.99,4.14;29.94,61.81;
#158:
>0:41.12,125.94;43.7,115.9;
#159:
>0:46.15,-93.14;43.15,-66.66;41.47,-7.66;34.89,26.14;
#160:
>0:43.89,4.31;47.77,-30.76;39.75,-6.6;34.52,-30.24;29.57,-75.85;19.69,36.51;
#161:
>0:39.71,31.42;44.2,19.6;45.44,-35.61;42.74,-115.51;
#162:
>0:44.05,118.68;43.86,136.67;34.23,102.33;30.55,117.34;25.97,105.83;
#163:
>0:26.95,15.45;33.01,38.04;38.01,-32.53;26.05,-103.92;
#164:
>0:41.31,30.48;34.22,4.88;35.65,-7.38;23.63,-110.89;
#165:
>0:42.42,132.88;41.35,138.17;
#166:
>0:23.62,-74.26;27.52,-26.27;29.68,-59.7;36.76,-75.71;45.03,-85.7;
#167:
>0:40.88,-119.26;39.99,-64.03;30.11,-84.1;
#168:
>0:43.12,25.7;46.58,12.95;46.78,-73.72;
#169:
>0:42.11,120.25;40.66,136.88;
#170:
>0:43.87,119.58;42.03,139.8;
#171:
>0:46.66,-44.09;42.14,-81.25;
#172:
>0:42.72,141.85;44.68,115.1;
#173:
>0:28.22,-97.09;35.51,-44.72;41.14,-34.32;45.7,-5.02;
#174:
>0:30.18,-1.81;27.65,-7.75;
#175:
>0:25.07,37.63;28.43,-0.08;
#176:
>0:40.88,106.76;43.69,107.51;
#177:
>0:23.03,71.11;19.59,5.88;
#178:
>0:36.94,-60.46;39.72,-24.74;36.46,-38.02;40.42,5.79;42.06,131.3;
#179:
>0:42.57,119.84;43.2,107.55;
#180:
>0:42.4,59.85;39.12,47.73;
#181:
>0:31.09,22.03;26.99,-7.24;27.2,-68.13;
#182:
>0:42.23,-28.67;38.05,-9.69;29.88,-47.21;25.67,-86.67;22.94,-113.99;
#183:
>0:41.14,109.15;41.87,111.4;
#184:
>0:40.98,120.67;44.34,126.0;
#185:
>0:20.04,-23.19;26.69,-65.77;
#186:
>0:44.17,-103.6;43.27,-113.52;
#187:
>0:32.27,-16.7;32.71,-12.37;
#188:
>0:38.28,26.31;46.65,23.14;45.91,-73.94;
#189:
>0:48.0,-52.28;38.99,-82.4;
#190:
>0:34.81,52.37;36.4,50.09;
#191:
>0:37.69,-116.54;37.21,-71.94;41.84,-22.59;34.8,-3.9;24.4,63.35;
#192:
>0:25.45,63.27;29.45,49.81;
#193:
>0:44.04,116.22;39.65,62.3;42.27,32.06;34.1,14.77;36.86,-73.44;
#194:
>0:37.69,67.98;33.26,57.35;
#195:
>0:20.38,-6.96;19.71,-63.84;26.77,-59.11;31.13,-58.52;34.46,-52.71;47.86,-90.09;
#196:
>0:20.85,76.42;18.6,35.44;
#197:
>0:41.99,119.18;41.28,122.31;
#198:
>0:29.9,-92.35;38.13,-67.66;41.47,-33.91;43.88,-21.47;
#199:
>0:25.74,115.63;32.46,58.47;25.3,12.89;22.0,-31.62;20.67,-43.85;29.56,-121.11;
#200:
>0:43.43,116.53;40.57,120.38;
#201:
>0:47.68,-60.27;42.41,-7.04;37.15,-10.73;40.87,66.5;
#202:
>0:23.81,-66.48;31.92,-88.2;35.89,-114.79;
#203:
>0:40.78,132.55;41.27,114.16;
#204:
>0:20.36,83.57;25.31,62.29;29.8,112.38;31.35,77.05;35.06,117.36;47.49,53.63;
#205:
>0:47.49,-97.82;43.41,-80.64;41.48,-22.82;35.12,-17.02;36.11,27.62;24.05,111.87;
#206:
>0:44.44,125.38;42.8,137.71;
#207:
>0:45.43,90.31;43.09,49.28;41.59,6.05;37.91,36.79;30.66,-11.15;30.92,-114.19;
#208:
>0:44.36,145.39;43.75,142.32;
#209:
>0:21.31,-25.03;23.66,37.1;29.98,7.43;37.73,-20.89;39.57,10.02;46.77,-1.48;
#210:
>0:21.37,110.09;27.89,75.72;27.49,12.33;37.74,-21.87;
#211:
>0:32.26,61.66;33.75,27.63;
#212:
>0:19.09,64.19;26.24,74.04;30.59,38.21;36.47,-25.89;33.73,-107.82;
#213:
>0:20.47,-8.71;19.85,23.46;18.53,46.05;
#214:
>0:22.38,69.48;18.53,80.56;
