#0:
>0:22.03,49.51;21.34,51.49;
#1:
>0:44.55,133.15;41.67,51.5;42.29,37.19;42.29,-27.18;42.61,-50.37;38.91,-84.04;
#2:
>0:21.96,-27.47;20.15,-66.89;20.48,-107.74;
#3:
>0:42.6,134.01;40.23,113.81;
#4:
>0:22.44,-70.17;24.94,-27.07;32.03,-68.79;34.93,-72.48;42.54,-64.37;
#5:
>0:42.9,40.38;40.87,30.83;37.86,74.27;25.19,112.37;
#6:
>0:26.5,-37.02;28.64,-81.45;31.54,-120.25;
#7:
>0:29.29,103.48;28.33,88.33;
#8:
>0:31.26,-112.32;27.91,-99.8;20.85,-66.49;22.21,-29.22;22.93,79.06;
#9:
>0:43.23,120.4;42.74,127.06;
#10:
>0:29.07,-87.15;35.1,-49.37;42.22,-14.67;
#11:
>0:25.49,-109.93;24.27,-42.63;25.16,-7.64;25.99,19.84;25.4,66.4;
#12:
>0:43.64,129.96;42.5,148.95;
#13:
>0:19.23,-43.92;26.49,-20.8;32.72,34.36;36.3,58.55;40.09,139.62;47.33,119.21;
#14:
>0:42.84,137.09;40.46,117.81;
#15:
>0:24.53,-107.23;29.22,-44.37;34.25,-27.76;39.23,14.21;44.29,54.9;
#16:
>0:29.14,-66.74;25.76,-29.57;31.99,32.41;33.0,66.49;24.92,82.72;
#17:
>0:32.09,-16.92;31.76,11.9;35.8,37.54;43.99,2.34;
#18:
>0:36.36,-35.2;37.78,7.4;45.34,-35.94;
#19:
>0:35.3,-65.52;37.69,-17.78;38.52,3.02;
#20:
>0:45.95,-66.05;38.48,-30.58;36.77,21.04;34.62,46.23;
#21:
>0:31.44,94.92;31.03,66.73;25.69,9.61;32.18,-37.96;
#22:
>0:40.34,-20.4;37.47,-52.74;30.08,-68.09;23.34,-25.52;22.57,-73.27;
#23:
>0:31.57,56.33;37.46,32.18;42.33,30.5;47.68,-57.97;
#24:
>0:40.05,137.65;43.86,151.86;
#25:
>0:22.15,19.83;21.77,-27.97;
#26:
>0:22.78,-1.01;26.96,41.76;29.61,118.19;33.67,98.44;44.1,144.36;43.47,84.03;
#27:
>0:27.48,-87.35;32.62,-43.71;37.72,-13.26;39.67,7.32;45.56,79.02;
#28:
>0:41.56,121.82;44.02,121.1;
#29:
>0:43.22,147.66;43.78,124.79;
#30:
>0:41.19,124.23;40.61,132.4;
#31:
>0:47.19,-106.55;39.15,-76.64;35.17,-21.45;33.3,-74.06;29.94,-68.33;20.34,-3.74;
#32:
>0:44.53,73.43;42.33,25.34;40.57,-36.19;42.27,-43.48;40.25,-97.98;
#33:
>0:31.58,-78.36;26.93,-47.88;
#34:
>0:36.81,-38.62;42.49,8.46;47.59,51.45;
#35:
>0:40.34,131.28;39.91,127.31;
#36:
>0:43.11,117.62;41.56,129.95;
#37:
>0:43.03,126.26;44.96,41.81;39.91,-1.02;46.58,-15.56;42.85,-26.76;49.98,-101.27;
#38:
>0:30.73,91.51;33.12,65.3;35.59,23.67;28.42,-38.8;
#39:
>0:34.1,103.1;28.41,97.87;27.83,83.5;20.27,117.06;
#40:
>0:32.49,-30.0;31.01,-54.38;
#41:
>0:38.91,4.69;45.19,-2.02;45.1,-47.76;
#42:
>0:19.73,-66.41;20.7,-114.48;23.6,-106.12;28.57,-57.88;42.24,-120.32;
#43:
>0:26.93,16.23;29.16,-19.97;37.32,-75.48;35.55,-7.13;43.78,-55.77;
#44:
>0:36.94,-54.99;36.11,-16.4;42.2,26.79;
#45:
>0:34.25,52.31;30.36,19.29;
#46:
>0:22.95,108.54;24.43,60.53;30.0,24.93;37.06,19.76;
#47:
>0:39.98,128.56;40.32,149.93;
#48:
>0:31.99,117.41;30.23,48.24;34.8,24.23;31.9,-1.48;
#49:
>0:28.03,10.59;31.58,0.37;38.07,29.71;41.54,-8.64;
#50:
>0:19.53,-69.08;22.6,-90.12;24.35,-110.59;36.99,-24.92;
#51:
>0:21.15,-63.77;24.78,-94.23;32.47,-87.87;
#52:
>0:44.95,90.3;43.77,130.33;41.75,49.25;33.53,44.14;27.45,95.16;
#53:
>0:21.82,76.84;26.15,35.14;30.01,16.3;34.04,-32.66;42.57,-10.37;49.68,-101.73;
#54:
>0:23.83,-71.28;30.33,-41.42;37.01,11.73;38.82,69.97;43.51,104.42;
#55:
>0:25.61,62.83;32.88,96.59;30.75,68.14;39.84,16.87;
#56:
>0:31.27,-100.66;24.39,-81.42;20.16,-31.65;18.61,18.19;
#57:
>0:38.25,37.49;34.03,-39.58;
#58:
>0:22.96,44.55;24.21,89.83;30.38,105.91;37.95,84.7;44.64,128.28;
#59:
>0:40.38,30.35;40.41,-22.62;41.44,-76.47;
#60:
>0:35.99,-6.61;36.18,-11.17;
#61:
>0:30.37,87.42;36.07,70.48;
#62:
>0:33.67,-52.88;36.66,-41.34;42.97,-14.89;29.64,50.5;
#63:
>0:26.27,36.5;28.31,19.83;32.33,-2.66;41.16,-95.45;
#64:
>0:43.44,135.38;41.48,126.63;
#65:
>0:25.95,103.79;29.72,74.15;35.9,17.27;40.5,-21.52;42.63,-72.04;
#66:
>0:22.42,-57.61;21.14,-39.29;25.69,9.47;28.92,-6.66;39.32,-120.72;
#67:
>0:47.49,34.91;43.83,41.56;39.6,3.5;34.08,79.09;26.55,109.96;
#68:
>0:21.95,47.12;26.07,14.38;32.9,-25.91;
#69:
>0:34.56,-24.86;34.94,-32.19;
#70:
>0:30.31,-108.59;27.12,-57.53;18.27,-60.24;20.92,-16.32;21.38,66.59;
#71:
>0:29.14,82.15;31.32,86.59;
#72:
>0:43.59,145.91;43.08,132.33;
#73:
>0:19.7,-69.6;20.29,-119.65;24.67,-101.27;33.41,-8.52;
#74:
>0:42.33,133.01;44.79,131.13;
#75:
>0:28.07,-6.22;22.32,-16.18;20.12,49.42;
#76:
>0:24.72,99.2;30.61,69.64;37.68,32.25;38.12,-10.82;
#77:
>0:24.43,-44.71;29.99,-22.22;33.3,-0.82;38.93,51.9;
#78:
>0:35.76,101.46;32.63,113.45;30.13,54.78;22.89,114.07;
#79:
>0:26.56,111.53;23.38,40.59;28.95,24.48;30.48,-14.34;26.2,-56.29;
#80:
>0:18.66,117.92;24.18,65.25;
#81:
>0:41.85,-25.03;37.54,-42.63;32.7,-33.48;25.86,-54.18;
#82:
>0:34.86,-3.52;31.38,-34.29;30.2,-68.79;19.92,-4.16;
#83:
>0:25.0,-46.72;31.16,-65.52;
#84:
>0:20.6,-67.4;24.99,-2.93;30.37,-0.19;34.3,-5.09;
#85:
>0:35.91,77.82;35.78,82.01;
#86:
>0:46.73,-118.98;49.19,-104.1;
#87:
>0:24.41,-113.35;32.57,-64.58;35.02,-31.81;40.74,23.84;46.7,19.69;43.46,118.01;
#88:
>0:33.23,-79.1;29.31,-42.28;23.68,-14.48;32.18,12.54;30.22,117.51;
#89:
>0:42.83,132.18;43.38,141.15;
#90:
>0:18.35,63.75;26.63,13.21;33.05,24.75;37.45,-51.26;
#91:
>0:33.27,-58.17;41.9,-100.47;46.16,-99.34;
#92:
>0:44.0,123.53;37.09,66.77;34.67,38.0;31.08,-29.65;
#93:
>0:30.93,111.35;27.96,98.3;18.46,39.27;
#94:
>0:22.04,94.15;25.06,111.01;32.71,98.69;36.51,107.03;
#95:
>0:43.88,78.32;47.81,94.1;
#96:
>0:34.96,0.47;28.7,3.71;26.15,111.6;
#97:
>0:36.08,-50.74;30.47,-36.36;
#98:
>0:35.41,-31.13;36.14,-61.93;32.75,-78.64;21.74,-18.28;
#99:
>0:20.15,-117.08;26.85,-68.38;32.68,-33.36;35.51,15.57;36.87,55.16;33.79,107.78;
#100:
>0:19.66,45.2;26.92,2.55;29.03,8.39;34.66,-16.0;41.39,-4.23;47.27,-92.55;
#101:
>0:41.62,122.52;41.08,143.56;
#102:
>0:25.46,106.62;25.19,63.64;32.98,12.98;29.04,-11.79;29.06,-65.0;27.58,-86.88;
#103:
>0:41.84,23.32;39.29,-7.23;32.3,33.37;
#104:
>0:21.41,-43.2;22.22,-37.5;26.9,20.6;33.34,-80.84;
#105:
>0:20.17,59.58;27.47,16.6;31.34,2.67;35.56,-74.88;
#106:
>0:42.58,4.51;42.21,-34.53;39.75,-41.82;
#107:
>0:38.45,-69.68;36.02,-11.22;40.95,-6.89;36.95,45.07;
#108:
>0:41.67,113.51;34.89,78.37;34.12,6.56;32.65,9.11;31.77,-79.61;
#109:
>0:47.17,7.44;43.08,38.7;
#110:
>0:21.49,-109.78;26.72,-111.47;31.43,-51.19;23.45,-12.34;28.43,16.85;28.49,101.25;
#111:
>0:26.33,-12.37;25.71,-21.54;
#112:
>0:28.23,-94.96;24.4,-66.56;19.6,-50.1;24.44,2.5;
#113:
>0:47.47,92.19;41.51,123.62;40.51,78.32;34.52,76.0;30.83,106.9;22.68,104.65;
#114:
>0:42.35,61.7;38.69,35.13;46.24,-14.74;
#115:
>0:47.6,98.29;46.78,42.85;39.16,36.42;47.38,-20.08;
#116:
>0:42.15,-81.2;33.44,-13.92;29.17,-65.6;
#117:
>0:29.57,102.4;38.07,54.87;
#118:
>0:30.47,-45.79;24.29,-80.56;22.94,-38.16;
#119:
>0:45.0,82.62;38.94,59.59;36.27,13.83;30.5,-39.89;30.69,-44.18;22.89,-87.16;
#120:
>0:43.76,145.14;43.54,137.43;
#121:
>0:33.1,103.74;31.26,118.71;
#122:
>0:23.65,69.48;28.72,8.56;35.95,63.87;
#123:
>0:41.63,-69.03;33.28,-28.48;32.52,15.39;26.89,74.4;
#124:
>0:23.56,-20.25;27.67,-18.16;
#125:
>0:33.16,-42.79;35.22,-34.97;36.53,0.75;
#126:
>0:33.42,84.04;31.43,62.22;23.48,4.02;24.02,-26.88;
#127:
>0:31.92,-62.28;23.97,-8.93;21.63,0.27;
#128:
>0:28.91,-104.74;28.01,-88.7;25.18,-29.77;
#129:
>0:21.72,-110.13;25.14,-81.1;
#130:
>0:34.06,75.19;35.74,24.47;30.57,11.49;31.68,-62.65;
#131:
>0:32.26,67.95;24.69,7.39;19.32,12.31;
#132:
>0:21.4,87.81;27.86,45.66;
#133:
>0:19.98,31.73;26.17,-30.49;28.62,-71.58;35.12,-33.2;41.42,10.41;
#134:
>0:36.07,-35.0;42.58,17.17;40.02,78.65;
#135:
>0:20.59,24.88;25.18,65.33;30.02,110.6;33.98,116.77;40.15,120.95;43.61,118.92;
#136:
>0:43.08,-19.12;41.2,3.64;44.53,37.05;37.43,86.32;
#137:
>0:49.93,-106.48;40.75,-44.66;34.46,-26.41;33.93,-57.8;28.42,-48.4;21.8,-38.1;
#138:
>0:37.68,-87.63;28.88,-58.67;27.28,-21.18;20.52,-36.87;26.98,18.62;18.67,101.38;
#139:
>0:32.96,-5.08;26.13,-75.01;
#140:
>0:42.61,51.11;42.98,34.2;36.72,44.65;26.7,92.95;
#141:
>0:27.47,-102.15;30.16,-74.13;36.25,-13.82;
#142:
>0:47.46,-80.56;38.34,-99.79;37.72,-103.17;29.64,-97.6;25.4,-117.6;
#143:
>0:24.77,-56.07;26.11,-112.52;
#144:
>0:33.79,-120.46;28.22,-67.57;23.85,-39.78;30.01,6.38;30.01,63.72;20.93,117.69;
#145:
>0:43.34,122.76;41.01,116.68;
#146:
>0:38.22,9.38;34.01,53.51;30.26,66.67;26.26,61.95;
#147:
>0:38.36,-6.41;35.43,32.12;31.41,17.56;
#148:
>0:26.73,-0.78;32.53,34.14;34.67,-24.29;42.33,-96.92;
#149:
>0:22.31,-31.24;23.63,-1.21;30.37,23.85;37.49,24.45;41.03,27.47;47.48,57.38;
#150:
>0:24.72,-104.08;24.36,-58.92;
#151:
>0:18.69,21.26;25.85,-11.57;32.77,-46.66;25.67,-100.45;
#152:
>0:30.45,94.54;30.8,67.25;35.48,37.63;30.35,-34.05;
#153:
>0:44.51,50.32;42.49,141.81;33.94,66.32;
#154:
>0:42.37,127.24;41.04,151.2;
#155:
>0:37.65,65.49;28.96,7.44;30.32,-12.07;26.08,-64.38;
#156:
>0:43.48,135.12;44.45,150.83;
#157:
>0:18.98,10.53;27.22,73.89;29.75,0.66;35.02,-11.53;38.49,-13.99;44.1,-31.65;
#158:
>0:40.73,132.6;42.51,121.18;
#159:
>0:41.42,147.14;43.41,123.25;
#160:
>0:29.22,-26.45;37.44,-23.3;38.99,-12.4;47.55,4.57;
#161:
>0:26.49,60.07;29.69,28.44;28.9,-30.82;32.69,-69.38;30.37,-117.75;
#162:
>0:33.51,2.81;30.02,76.2;
#163:
>0:43.56,23.02;46.26,39.55;39.45,2.02;34.25,50.02;26.21,85.68;
#164:
>0:42.38,115.82;42.0,114.64;
#165:
>0:30.3,-114.29;26.52,-68.15;21.53,-50.32;21.45,-38.27;20.51,63.65;
#166:
>0:37.46,85.15;38.52,72.59;40.0,-0.1;40.13,-12.57;41.95,-61.66;42.12,-85.44;
#167:
>0:24.02,34.4;30.19,0.47;31.19,41.62;33.47,22.86;47.06,-30.07;
#168:
>0:41.62,-95.98;36.54,-60.06;30.26,-15.38;25.47,-35.63;
#169:
>0:30.07,116.98;31.9,105.78;
#170:
>0:41.36,149.46;43.48,138.75;
#171:
>0:42.39,124.2;44.77,50.24;38.76,37.25;44.2,-13.26;41.26,-31.63;49.68,-106.4;
#172:
>0:21.3,62.35;23.76,15.54;31.56,2.33;34.04,-58.91;
#173:
>0:22.32,62.74;25.61,10.44;29.98,6.29;38.04,-81.62;
#174:
>0:21.82,-45.26;26.54,-116.79;
#175:
>0:41.47,128.24;42.05,130.91;
#176:
>0:36.57,-87.46;40.89,-58.01;
#177:
>0:43.53,-62.32;42.01,-17.11;40.01,22.54;
#178:
>0:31.93,-57.8;34.43,-5.73;40.49,-37.25;36.25,43.17;
#179:
>0:41.43,23.53;42.14,-13.58;
#180:
>0:35.33,-55.02;32.02,-50.8;
#181:
>0:31.19,-90.14;34.11,-117.1;41.16,-113.7;
#182:
>0:41.94,152.17;40.89,119.53;
#183:
>0:31.42,118.7;28.51,61.23;33.89,4.63;41.3,17.66;47.67,-63.07;
#184:
>0:36.98,2.43;30.89,2.9;23.82,96.35;
#185:
>0:22.08,-21.43;21.65,-55.3;21.23,-108.64;
#186:
>0:45.91,-81.34;40.53,-32.02;42.42,22.36;46.25,-1.3;43.31,117.42;
#187:
>0:43.74,-44.69;41.06,-1.49;41.51,2.49;44.78,9.55;40.34,133.86;
#188:
>0:43.58,129.58;43.54,148.8;
#189:
>0:26.79,-106.97;30.98,-67.22;33.53,-16.16;40.78,1.91;
#190:
>0:27.39,96.04;30.72,42.33;35.76,34.98;40.94,-20.86;
#191:
>0:43.03,-46.87;35.13,-38.46;30.38,3.92;
#192:
>0:42.76,123.41;40.12,152.11;
#193:
>0:35.22,73.44;32.81,12.8;25.58,-16.68;21.22,-69.14;
#194:
>0:23.56,-53.23;19.75,-33.99;18.54,12.59;
#195:
>0:20.51,-2.95;25.65,28.8;29.87,43.22;35.74,76.84;38.61,52.34;
#196:
>0:42.49,-88.55;37.83,-62.92;31.6,-17.13;26.04,38.4;19.23,41.84;
#197:
>0:42.8,143.75;38.92,48.06;35.93,76.87;24.4,103.36;
#198:
>0:25.14,-27.37;28.68,13.36;36.7,-38.79;
#199:
>0:26.65,-102.57;30.68,-88.73;34.18,-121.44;
#200:
>0:40.33,-104.55;38.02,-49.06;30.96,-11.35;27.28,-27.7;
#201:
>0:24.53,95.41;30.05,50.78;38.07,34.27;33.92,-15.71;
#202:
>0:31.37,93.96;28.41,51.1;36.35,7.69;32.64,-41.06;
#203:
>0:47.15,-16.2;42.55,-19.2;33.96,22.82;29.16,94.72;
#204:
>0:28.89,-109.96;28.01,-107.52;22.04,-77.7;27.32,25.03;
#205:
>0:20.72,-62.77;27.19,-103.23;33.14,-98.74;
#206:
>0:28.22,44.33;25.97,-1.05;21.66,8.07;
#207:
>0:19.04,-58.72;19.29,-107.9;25.27,-97.89;32.82,-44.15;39.78,-103.74;
#208:
>0:22.91,-8.06;27.08,23.0;28.6,23.14;31.3,62.89;37.41,9.8;46.65,14.08;
#209:
>0:33.92,-85.93;30.05,-67.02;27.48,-27.02;19.66,18.0;
#210:
>0:31.27,41.0;35.2,7.13;39.01,-20.52;
#211:
>0:30.93,-94.65;33.76,-67.29;41.19,-23.26;
#212:
>0:26.19,-66.19;31.22,-18.65;37.67,19.91;42.43,63.26;
#213:
>0:43.4,129.17;41.59,135.42;
#214:
>0:36.71,75.83;36.85,20.96;40.77,-27.24;
