#0:
>0:22.45,50.54;23.51,94.94;30.51,114.3;28.4,49.69;33.19,-0.16;44.39,80.15;
#1:
>0:34.92,69.06;31.05,12.28;23.66,-2.25;28.67,-67.31;31.05,-101.78;
#2:
>0:44.6,126.53;42.11,119.46;
#3:
>0:43.28,134.59;40.74,137.89;
#4:
>0:30.45,15.72;33.37,-12.23;36.18,11.8;47.22,119.12;
#5:
>0:33.68,61.59;32.34,11.46;31.01,-11.4;
#6:
>0:22.65,-23.9;20.0,0.63;25.43,-7.21;33.53,-14.37;
#7:
>0:41.12,0.95;38.07,1.74;31.43,24.81;26.01,-2.87;20.22,-111.0;
#8:
>0:44.58,135.71;42.94,123.31;
#9:
>0:43.17,123.3;40.13,120.77;
#10:
>0:44.44,104.12;43.81,138.28;34.34,114.05;
#11:
>0:27.94,50.67;29.91,82.86;34.75,110.29;36.49,76.42;43.42,88.08;
#12:
>0:19.67,111.0;24.59,61.19;30.74,3.75;35.19,-37.98;
#13:
>0:44.74,108.04;42.23,139.37;
#14:
>0:21.22,92.76;26.98,68.93;32.84,69.63;37.71,1.47;41.47,56.39;
#15:
>0:32.98,119.51;35.15,54.99;30.61,67.72;36.17,0.69;34.71,-34.77;34.5,-101.2;
#16:
>0:45.85,-112.67;42.18,-98.15;37.41,-81.08;32.18,-40.91;28.13,56.64;
#17:
>0:45.89,69.76;40.27,25.32;35.11,11.97;35.72,-5.98;34.47,-91.42;
#18:
>0:39.38,-60.29;40.58,-6.5;38.28,22.15;39.02,50.66;
#19:
>0:42.49,110.31;39.81,121.42;
#20:
>0:38.1,-7.56;29.11,-8.73;24.54,-3.16;
#21:
>0:40.86,126.09;41.58,120.76;
#22:
>0:18.96,21.63;26.69,-10.07;
#23:
>0:19.74,-103.65;23.84,-88.09;31.64,-82.26;37.58,-93.26;
#24:
>0:31.64,-73.59;27.77,-20.76;21.81,-28.06;24.56,44.25;
#25:
>0:39.99,144.5;42.8,132.82;
#26:
>0:29.47,-28.81;37.04,-16.16;
#27:
>0:41.03,51.0;34.62,7.81;28.8,104.7;
#28:
>0:41.22,132.92;43.26,122.08;
#29:
>0:22.94,-44.85;21.25,-16.2;22.09,1.82;19.45,72.1;
#30:
>0:47.07,-19.96;43.9,-81.57;40.95,-113.45;37.29,-63.78;26.72,-68.35;
#31:
>0:40.74,127.74;42.42,122.47;
#32:
>0:41.2,119.78;40.97,144.79;
#33:
>0:40.47,141.75;38.95,141.7;
#34:
>0:30.92,-8.94;28.74,-60.1;23.1,-75.62;
#35:
>0:46.38,-90.87;45.13,-103.5;
#36:
>0:43.01,115.74;41.67,146.34;
#37:
>0:44.69,129.76;40.71,123.18;
#38:
>0:39.99,115.44;42.98,135.99;
#39:
>0:22.69,-14.98;28.11,-22.06;19.37,-82.35;
#40:
>0:42.71,118.92;42.76,126.44;
#41:
>0:42.78,121.31;41.38,134.43;
#42:
>0:43.04,142.69;42.21,143.59;
#43:
>0:40.88,116.82;40.75,109.71;
#44:
>0:30.16,-56.3;27.99,-34.55;18.37,-32.56;26.43,67.12;
#45:
>0:26.73,-59.0;18.9,-72.11;22.91,30.09;
#46:
>0:38.65,70.35;33.58,10.52;34.69,-10.89;39.93,-2.41;43.41,-94.01;
#47:
>0:43.02,-24.41;44.81,-12.13;43.22,-96.35;
#48:
>0:43.71,139.24;35.35,117.47;33.04,113.12;24.11,117.01;19.32,4.7;
#49:
>0:24.5,-69.95;29.27,-76.25;25.53,-32.25;30.32,60.95;
#50:
>0:40.54,108.64;41.78,55.53;34.3,46.41;29.97,8.84;24.35,-20.48;20.49,-97.11;
#51:
>0:44.83,-10.9;44.7,-47.09;40.72,-113.5;36.54,-66.0;26.23,-67.72;
#52:
>0:22.99,55.92;24.9,116.99;30.91,81.29;36.89,85.8;38.02,49.16;43.83,105.67;
#53:
>0:43.31,-28.28;39.65,21.44;37.04,37.62;31.79,89.08;
#54:
>0:28.17,-39.56;33.04,-0.66;31.95,57.0;39.0,6.88;
#55:
>0:47.27,-108.09;38.36,-119.93;34.05,-44.92;31.52,-14.58;25.09,45.11;
#56:
>0:19.35,-25.27;23.54,-20.59;24.11,-103.79;
#57:
>0:43.59,-114.47;42.2,-119.53;37.76,-80.66;31.18,-27.92;27.32,38.93;
#58:
>0:27.21,-78.27;23.22,-78.05;19.09,29.67;
#59:
>0:43.62,135.69;40.65,121.88;
#60:
>0:42.67,132.7;42.84,127.33;
#61:
>0:47.47,-95.36;40.94,-112.37;37.81,-57.69;
#62:
>0:24.46,-26.25;26.6,-69.9;28.52,-83.84;37.34,-59.67;44.52,-7.15;
#63:
>0:42.83,119.38;41.51,146.07;
#64:
>0:19.24,63.11;27.62,95.82;30.38,87.76;37.08,100.59;37.56,50.68;47.31,95.62;
#65:
>0:44.75,133.07;41.39,132.79;
#66:
>0:36.19,-110.54;40.43,-81.43;39.25,-8.13;40.59,33.29;36.73,44.14;
#67:
>0:30.24,-71.41;37.97,-69.01;29.95,3.35;
#68:
>0:32.34,-99.28;33.2,-77.46;41.4,-10.69;38.6,22.09;40.73,51.64;
#69:
>0:41.47,-41.09;34.2,-72.53;28.87,-72.43;26.87,-17.86;22.05,22.43;
#70:
>0:32.72,100.47;30.77,90.07;
#71:
>0:32.86,-25.32;29.35,-57.67;36.4,-59.77;46.14,-76.27;
#72:
>0:43.49,93.77;40.26,65.05;33.75,3.34;31.42,-16.87;
#73:
>0:46.22,72.36;44.47,111.25;36.01,114.84;30.91,40.71;23.95,51.71;
#74:
>0:42.64,125.33;44.14,114.95;
#75:
>0:26.81,-85.12;28.42,-92.79;35.62,-80.46;43.11,-18.84;40.46,8.3;44.66,140.88;
#76:
>0:31.99,-109.86;29.07,-111.04;
#77:
>0:41.28,127.35;40.05,119.05;
#78:
>0:27.79,102.61;23.5,70.6;21.43,29.07;25.49,-3.28;19.34,-55.58;
#79:
>0:43.8,115.14;36.59,48.29;31.02,1.54;23.92,-1.98;22.57,10.33;
#80:
>0:26.63,109.77;24.06,51.8;19.48,-1.3;28.16,-33.46;18.31,-64.5;
#81:
>0:40.96,-20.75;36.4,-70.86;29.71,9.89;
#82:
>0:36.82,-68.53;38.77,-98.68;
#83:
>0:42.33,139.36;39.81,140.87;
#84:
>0:46.7,79.33;42.41,52.97;35.95,17.47;31.2,42.13;
#85:
>0:44.63,16.27;42.81,2.65;38.08,22.77;31.35,31.19;27.91,-28.22;22.03,-81.05;
#86:
>0:35.38,95.47;36.02,95.8;
#87:
>0:42.7,144.56;44.35,139.92;
#88:
>0:43.46,137.8;41.38,142.03;
#89:
>0:42.49,-9.57;34.35,-50.21;32.9,-99.71;
#90:
>0:20.95,-57.5;24.12,-36.69;
#91:
>0:30.94,-19.44;34.02,32.97;38.11,71.92;47.44,53.53;
#92:
>0:45.23,-116.52;40.01,-91.86;35.51,-81.84;42.0,-18.77;38.68,1.76;44.32,110.54;
#93:
>0:41.75,135.67;44.5,124.42;
#94:
>0:44.6,27.65;42.04,22.3;35.35,6.36;33.93,-34.79;30.45,-29.15;23.06,-21.75;
#95:
>0:26.13,-94.03;25.37,-52.44;30.61,-17.1;32.05,25.38;38.03,76.25;
#96:
>0:33.9,51.23;34.03,25.52;30.32,36.85;22.62,-32.23;
#97:
>0:32.47,58.28;37.91,28.31;37.25,-3.97;38.24,-21.43;44.39,-114.47;
#98:
>0:18.34,-108.33;26.97,-102.99;30.54,-48.81;
#99:
>0:23.52,-97.81;20.08,-47.34;
#100:
>0:38.86,-23.47;34.66,-76.24;32.98,-95.22;
#101:
>0:39.83,121.67;39.02,132.1;
#102:
>0:23.52,-22.75;30.88,-29.13;28.16,18.08;23.18,102.6;
#103:
>0:27.62,63.52;21.29,0.55;23.38,-28.31;27.58,-65.53;23.27,-95.28;
#104:
>0:46.03,42.73;46.51,19.19;39.16,70.44;32.97,73.03;
#105:
>0:23.07,-110.12;25.93,-92.05;26.83,-46.04;26.85,22.63;
#106:
>0:35.09,-17.89;31.14,-34.25;25.72,36.42;22.9,27.4;
#107:
>0:41.95,143.35;44.14,120.84;
#108:
>0:44.21,-23.33;38.58,14.98;38.88,40.64;
#109:
>0:42.61,136.53;41.64,126.39;
#110:
>0:28.19,91.25;27.84,95.18;
#111:
>0:48.0,-29.23;44.25,1.22;45.45,46.65;
#112:
>0:18.77,-91.21;27.17,-109.94;28.97,-70.68;
#113:
>0:41.34,125.55;43.47,115.41;
#114:
>0:33.34,-44.6;40.91,-56.86;
#115:
>0:20.19,22.48;23.83,-6.17;25.81,-54.43;
#116:
>0:19.93,-40.84;24.33,-10.97;30.58,36.04;35.3,66.03;
#117:
>0:22.99,-97.68;22.39,-56.99;22.63,-8.0;22.04,6.89;
#118:
>0:39.29,-11.22;35.9,-43.62;29.12,-37.24;32.19,8.48;19.9,-33.28;
#119:
>0:43.95,144.96;44.15,119.88;
#120:
>0:35.72,25.95;33.23,-21.53;34.66,-63.94;43.08,-83.51;
#121:
>0:23.67,31.07;32.29,61.69;38.07,110.43;
#122:
>0:43.99,124.44;42.62,126.16;
#123:
>0:41.99,112.01;43.35,126.7;
#124:
>0:28.21,-2.31;37.44,24.87;34.55,72.77;44.85,54.02;
#125:
>0:26.68,117.38;30.53,94.69;36.01,36.64;
#126:
>0:48.0,46.81;42.44,9.39;36.5,6.66;35.09,-10.35;34.8,-92.18;
#127:
>0:31.31,59.45;35.9,62.37;36.65,25.38;47.25,29.69;
#128:
>0:38.23,-40.66;42.17,37.97;41.23,50.76;37.19,90.35;
#129:
>0:34.67,51.6;30.45,20.82;23.55,-2.61;19.07,-77.06;
#130:
>0:40.47,-72.29;33.52,-32.7;28.2,8.92;24.67,7.19;18.82,9.47;
#131:
>0:31.78,-11.15;29.12,21.42;19.22,67.1;
#132:
>0:28.59,116.83;23.44,80.09;20.05,27.2;
#133:
>0:42.26,110.4;44.16,109.16;
#134:
>0:41.34,-16.45;35.2,-42.23;30.67,-55.01;23.96,-9.49;22.09,0.85;
#135:
>0:45.2,-110.92;41.87,-105.87;35.58,-77.62;39.08,36.76;
#136:
>0:47.58,-15.86;47.68,5.98;44.48,74.87;
#137:
>0:45.07,-54.54;38.75,-88.58;35.17,-121.21;
#138:
>0:43.87,14.9;44.78,70.71;
#139:
>0:43.87,124.72;42.13,145.58;
#140:
>0:30.17,115.66;34.49,43.81;39.96,4.83;44.64,-10.54;
#141:
>0:23.18,-59.74;22.17,-9.27;19.06,0.71;24.78,40.06;19.83,85.25;
#142:
>0:35.06,109.04;29.12,61.25;24.57,43.9;
#143:
>0:28.6,91.25;33.55,61.39;41.31,26.93;47.06,-31.85;
#144:
>0:39.99,131.86;44.11,106.62;
#145:
>0:47.47,-111.08;40.33,-89.45;39.69,-42.25;37.79,11.75;
#146:
>0:35.55,25.6;36.47,53.98;42.64,119.07;
#147:
>0:43.06,139.83;38.59,66.94;33.99,53.86;23.93,88.82;
#148:
>0:23.52,-41.52;32.01,18.42;36.55,-10.41;
#149:
>0:33.33,-47.35;32.58,-8.84;27.1,22.85;18.85,45.61;28.86,115.69;
#150:
>0:33.63,-11.24;35.05,-51.2;47.14,-21.83;
#151:
>0:34.43,-101.17;36.21,-43.92;29.1,-66.26;18.93,-22.29;
#152:
>0:21.05,-31.36;27.7,-19.39;28.14,-87.34;
#153:
>0:28.44,118.04;25.73,104.14;28.08,73.83;25.68,-38.52;
#154:
>0:39.79,39.42;36.58,53.61;29.96,5.43;24.55,-43.5;
#155:
>0:22.13,-41.57;26.06,-18.93;31.83,-68.78;35.17,-72.21;40.58,-84.28;
#156:
>0:41.16,135.03;39.98,120.86;
#157:
>0:20.38,46.49;25.75,69.71;21.25,6.43;27.65,-21.01;31.56,-114.97;
#158:
>0:44.94,-100.9;38.78,-116.58;34.27,-61.29;28.24,-35.05;31.55,42.34;
#159:
>0:25.51,90.39;31.88,111.19;33.9,13.79;
#160:
>0:38.1,-111.74;43.11,-76.53;47.19,-38.58;41.79,16.88;35.38,45.3;
#161:
>0:31.86,-82.23;35.48,-80.96;31.14,-24.82;28.25,30.67;27.06,60.26;
#162:
>0:46.88,48.29;40.62,122.92;36.6,49.98;29.99,92.69;23.27,76.05;
#163:
>0:42.68,-19.31;37.43,-52.15;31.02,-40.57;24.3,27.16;19.72,17.09;
#164:
>0:41.95,17.83;39.35,68.64;
#165:
>0:31.59,-114.16;35.63,-63.6;38.28,-24.2;42.19,31.08;
#166:
>0:45.79,-2.3;38.76,-35.71;45.94,-119.41;
#167:
>0:36.57,62.52;31.56,32.15;29.8,-8.66;
#168:
>0:41.17,135.92;41.78,131.59;
#169:
>0:31.52,115.52;35.15,44.43;
#170:
>0:36.77,41.14;28.57,2.75;24.98,-21.8;21.87,-69.26;
#171:
>0:44.03,124.88;41.9,146.0;
#172:
>0:43.67,-118.5;38.61,-97.29;36.35,-63.12;28.23,-33.39;26.74,-10.59;
#173:
>0:45.18,113.07;40.0,136.4;34.35,90.1;
#174:
>0:42.34,-27.31;45.02,-5.18;46.26,-92.37;
#175:
>0:24.01,-55.01;32.64,-71.0;27.08,-26.72;30.69,60.55;
#176:
>0:24.11,-74.16;32.61,-23.4;31.99,36.81;37.98,20.24;45.35,111.89;
#177:
>0:36.46,-90.03;33.43,-51.97;23.23,-72.89;
#178:
>0:39.95,111.44;40.22,142.31;
#179:
>0:42.62,-39.21;36.98,-44.24;30.91,-1.21;
#180:
>0:44.72,81.08;44.28,135.81;34.68,100.08;
#181:
>0:18.69,-14.03;24.47,-19.67;30.29,36.02;35.4,8.37;
#182:
>0:30.37,-51.81;35.03,-76.74;42.4,-16.86;41.83,56.63;
#183:
>0:36.81,-59.61;38.78,-15.18;40.16,26.49;
#184:
>0:20.96,-65.02;26.09,-114.28;24.86,-80.11;31.21,-104.32;43.02,-31.28;
#185:
>0:43.05,18.36;39.47,22.28;
#186:
>0:33.35,-15.21;29.02,-28.13;26.97,-117.32;
#187:
>0:43.89,6.07;40.3,41.88;35.09,56.63;28.24,-0.7;25.98,-18.15;19.28,-43.68;
#188:
>0:31.68,-87.67;33.97,-71.52;31.16,-7.91;23.92,6.38;
#189:
>0:41.22,114.29;42.02,115.75;
#190:
>0:19.15,8.55;27.85,-13.98;23.24,-60.84;34.5,-110.95;
#191:
>0:27.96,-89.22;31.99,-73.12;34.28,-12.43;39.56,-0.68;44.26,48.73;
#192:
>0:31.23,1.18;29.94,47.5;42.64,68.19;
#193:
>0:37.53,-33.88;37.04,-50.88;47.75,-21.63;
#194:
>0:43.17,-121.14;38.63,-88.78;36.15,-67.87;30.29,-29.81;25.9,67.28;
#195:
>0:36.55,-92.75;29.92,-57.09;
#196:
>0:41.59,144.97;40.93,127.07;
#197:
>0:40.0,115.1;40.58,143.27;
#198:
>0:26.97,-89.07;26.69,-58.89;29.98,-5.86;32.67,4.56;34.47,-1.02;43.81,117.31;
#199:
>0:37.43,-88.72;37.32,-74.44;27.63,-40.03;
#200:
>0:26.82,-119.61;19.29,-61.06;
#201:
>0:40.18,108.98;41.03,137.05;
#202:
>0:42.36,145.24;43.59,127.7;
#203:
>0:36.19,82.83;36.06,113.0;
#204:
>0:40.38,124.52;43.98,117.52;
#205:
>0:29.04,76.33;35.94,12.32;34.15,-13.44;44.91,-60.61;
#206:
>0:39.9,-75.04;33.52,-11.83;34.87,37.83;29.29,70.46;
#207:
>0:41.48,130.09;41.75,136.16;
#208:
>0:31.34,-35.19;32.76,3.16;36.5,6.36;44.53,0.85;
#209:
>0:42.71,115.73;40.84,114.15;
#210:
>0:43.71,143.13;43.32,114.12;
#211:
>0:43.58,143.82;41.87,138.78;
#212:
>0:44.64,116.99;43.1,138.41;
#213:
>0:42.72,-66.83;40.14,-119.77;30.28,-59.34;
#214:
>0:41.5,116.33;42.35,119.24;
