#0:
>0:42.57,133.59;42.61,132.54;
#1:
>0:43.3,45.64;41.66,77.31;36.57,44.06;32.19,10.46;26.38,68.54;
#2:
>0:33.67,-40.68;31.42,35.32;31.43,47.89;
#3:
>0:30.2,-20.87;28.65,-60.19;28.24,-104.87;
#4:
>0:23.73,-88.75;29.52,-47.42;34.44,-40.63;41.53,-9.1;
#5:
>0:42.45,127.72;43.67,133.72;
#6:
>0:29.16,-54.99;29.23,-34.79;23.92,7.15;24.7,76.39;
#7:
>0:40.42,-21.07;35.32,-29.52;30.31,-14.03;
#8:
>0:35.44,94.74;30.76,51.89;32.38,6.41;33.51,-29.44;
#9:
>0:23.3,-46.32;29.61,-35.75;36.48,6.57;42.93,52.43;46.94,57.03;
#10:
>0:19.1,126.1;23.63,58.38;28.41,8.63;35.76,-8.98;
#11:
>0:38.17,-75.73;37.91,-36.71;30.68,-13.08;25.89,-29.36;21.84,-118.0;
#12:
>0:22.06,12.44;21.66,59.01;31.93,114.96;
#13:
>0:32.26,4.39;24.66,21.41;32.28,-7.03;38.77,-100.74;
#14:
>0:26.17,66.3;18.65,70.96;20.18,33.78;24.75,-38.8;25.61,-92.63;
#15:
>0:48.0,77.02;40.48,22.71;35.22,-17.85;32.6,-53.7;38.64,-84.85;
#16:
>0:41.07,-96.54;34.42,-112.11;31.32,-16.31;
#17:
>0:42.17,-23.37;36.63,6.01;32.16,10.72;
#18:
>0:41.63,121.18;41.58,129.22;
#19:
>0:26.91,89.96;33.02,76.24;35.66,11.53;39.58,19.81;
#20:
>0:38.05,-70.48;37.34,-34.59;
#21:
>0:46.43,76.84;41.44,2.18;42.7,-41.51;40.7,-63.81;
#22:
>0:31.3,106.13;29.82,47.32;26.38,65.57;25.38,-2.67;
#23:
>0:36.75,27.44;41.8,-38.62;47.99,-22.03;
#24:
>0:40.67,-103.99;44.88,-75.64;
#25:
>0:19.13,68.51;27.99,3.21;32.96,36.52;33.17,12.89;39.38,26.17;47.11,29.13;
#26:
>0:39.02,78.04;35.45,14.6;33.07,-17.83;
#27:
>0:48.06,45.88;40.4,24.9;34.19,-25.91;31.37,-10.64;40.75,-105.14;
#28:
>0:28.8,4.24;37.93,-2.98;42.16,-20.49;
#29:
>0:43.5,138.08;42.86,66.77;
#30:
>0:41.43,23.37;33.56,-4.42;31.73,3.54;27.33,37.43;22.63,18.52;
#31:
>0:33.85,11.81;42.96,-10.58;45.3,-30.39;
#32:
>0:28.5,47.01;25.25,22.84;
#33:
>0:39.71,0.38;40.88,-22.91;
#34:
>0:19.68,-107.31;27.35,-77.95;29.71,-3.67;37.9,9.33;42.34,16.89;
#35:
>0:35.79,61.49;34.15,31.07;37.86,-29.33;42.39,-60.2;36.83,-117.73;
#36:
>0:39.93,25.51;40.69,12.86;
#37:
>0:30.12,102.29;34.7,75.6;41.34,13.99;35.25,-26.6;37.59,-52.76;49.6,-90.36;
#38:
>0:40.06,153.85;39.79,136.64;
#39:
>0:36.67,79.33;41.83,147.12;
#40:
>0:46.43,31.5;41.98,29.82;37.7,-5.11;32.49,-30.84;25.09,31.36;21.05,65.22;
#41:
>0:44.98,-36.89;48.02,26.19;40.23,2.13;34.61,-3.01;26.64,18.82;
#42:
>0:30.97,73.23;33.02,38.89;26.34,38.89;37.78,-70.85;
#43:
>0:43.67,103.68;47.88,41.93;44.95,17.68;
#44:
>0:29.65,103.8;31.25,45.96;28.06,6.29;
#45:
>0:21.66,23.89;21.34,52.26;
#46:
>0:44.53,130.68;44.44,128.7;
#47:
>0:19.7,-43.19;21.12,-27.63;21.23,18.09;
#48:
>0:29.04,64.46;32.05,5.58;
#49:
>0:47.43,94.71;44.88,43.49;45.46,-1.17;44.39,-24.48;43.47,-69.25;
#50:
>0:27.79,97.96;30.41,57.97;34.03,7.5;42.21,-1.59;47.5,-72.56;
#51:
>0:27.41,-40.94;32.46,21.03;36.75,38.8;38.71,13.31;44.17,30.85;
#52:
>0:32.62,47.48;35.51,28.96;41.36,23.16;
#53:
>0:34.4,34.6;33.77,15.74;
#54:
>0:34.9,-92.34;29.44,-64.78;31.16,-31.01;32.86,30.57;34.1,41.44;47.41,83.8;
#55:
>0:24.8,95.92;27.2,74.73;26.26,38.8;
#56:
>0:41.93,133.49;44.48,114.76;
#57:
>0:24.44,-64.41;29.5,-33.22;35.22,25.06;
#58:
>0:42.24,0.99;43.06,40.31;
#59:
>0:29.97,92.31;31.5,46.46;20.76,9.54;
#60:
>0:35.31,-70.8;31.49,-40.27;24.78,-81.43;
#61:
>0:27.16,-20.76;28.67,32.12;33.25,1.53;40.87,21.11;45.04,17.06;
#62:
>0:33.02,27.18;37.39,-1.1;33.4,100.53;
#63:
>0:32.95,-81.42;34.46,-79.1;28.94,-25.26;26.93,39.62;
#64:
>0:47.09,-110.98;42.98,-67.69;40.17,-24.92;36.23,-31.62;46.43,74.13;
#65:
>0:26.56,-40.1;29.78,-5.14;33.75,-71.69;
#66:
>0:47.09,75.18;38.92,17.35;35.63,-8.97;32.92,-22.53;42.75,-83.33;
#67:
>0:22.75,67.3;21.54,34.27;32.72,-38.54;
#68:
>0:20.61,68.38;19.83,25.65;28.4,-17.11;
#69:
>0:23.82,-50.53;20.64,-23.35;26.52,26.52;22.57,63.27;
#70:
>0:41.46,118.03;44.37,128.11;
#71:
>0:43.71,135.08;39.79,148.28;
#72:
>0:42.53,-104.13;36.42,-43.3;
#73:
>0:45.38,35.74;46.23,-25.84;34.73,-28.58;
#74:
>0:20.84,102.92;24.7,40.22;32.24,22.05;36.59,-11.7;
#75:
>0:41.43,-60.36;34.48,-2.34;30.76,0.62;40.66,73.77;
#76:
>0:18.69,-50.57;24.4,-80.73;26.83,-107.31;35.39,-70.02;
#77:
>0:29.77,-26.64;27.3,-8.11;24.41,-95.78;
#78:
>0:21.41,54.36;19.53,15.67;26.49,-15.99;20.66,-66.38;
#79:
>0:37.59,10.3;35.8,-30.3;32.17,-67.34;19.85,-88.36;
#80:
>0:40.55,-12.03;34.23,35.16;32.26,52.22;28.04,103.7;22.55,134.63;
#81:
>0:29.12,4.71;24.68,6.9;29.11,93.7;
#82:
>0:40.13,57.89;34.7,103.03;36.0,67.84;28.04,113.67;
#83:
>0:33.77,80.53;32.88,68.12;27.01,73.45;20.87,25.66;20.36,-80.61;
#84:
>0:19.25,-85.31;26.7,-96.3;30.95,-56.64;33.16,-15.71;25.86,66.22;
#85:
>0:44.4,118.24;43.83,51.98;43.22,8.74;47.42,-14.75;45.22,-53.59;
#86:
>0:25.91,55.41;30.25,10.56;33.66,-26.36;
#87:
>0:32.04,64.26;31.28,17.47;27.97,19.41;36.92,-70.31;
#88:
>0:39.94,140.09;42.07,119.62;
#89:
>0:28.13,-29.18;28.53,-27.73;32.15,-81.24;36.58,-59.1;45.06,-80.49;
#90:
>0:39.31,-15.96;33.72,31.44;30.18,56.47;25.32,101.89;19.81,136.7;
#91:
>0:43.43,-44.85;48.49,-82.89;38.72,-63.45;34.47,-11.66;25.97,-79.23;
#92:
>0:42.77,138.42;41.24,153.96;
#93:
>0:41.49,149.87;43.3,123.59;
#94:
>0:45.88,-24.53;46.9,15.29;38.99,8.23;33.87,-17.14;25.1,24.74;
#95:
>0:42.57,-32.09;35.26,12.01;35.4,70.37;36.71,113.59;
#96:
>0:28.31,3.72;25.29,14.48;30.24,85.27;
#97:
>0:39.09,19.39;33.38,-31.57;29.79,-39.2;25.48,-18.45;21.38,-22.88;
#98:
>0:24.84,52.74;22.16,27.11;24.47,-11.88;26.7,-53.81;28.8,-97.15;
#99:
>0:30.49,63.47;31.1,26.62;27.38,21.68;34.09,-53.4;
#100:
>0:39.31,20.73;47.02,30.0;
#101:
>0:43.48,141.78;41.81,129.16;
#102:
>0:36.82,2.53;38.09,11.23;
#103:
>0:45.41,32.77;44.88,-1.96;43.51,-45.67;
#104:
>0:46.69,41.55;38.57,7.17;42.58,-8.16;42.81,-46.38;
#105:
>0:46.8,-24.22;42.97,35.49;36.08,62.63;36.86,107.24;
#106:
>0:26.99,94.1;21.26,63.22;26.82,3.97;
#107:
>0:27.69,104.92;29.14,70.71;33.56,34.31;40.79,-39.42;44.42,-73.86;
#108:
>0:24.11,89.51;29.46,66.78;24.36,34.36;30.76,-35.72;35.05,-55.9;35.2,-114.6;
#109:
>0:23.64,87.97;21.82,64.44;26.52,10.21;
#110:
>0:22.57,-103.91;27.4,-55.81;29.97,-32.87;34.83,-32.74;38.59,-4.92;
#111:
>0:41.88,-32.74;36.81,-0.87;32.66,43.64;25.48,96.98;21.95,128.74;
#112:
>0:41.63,148.89;41.98,73.5;40.83,12.72;36.63,-32.75;32.89,-36.82;41.29,-82.53;
#113:
>0:30.78,29.72;25.08,28.64;30.48,110.43;
#114:
>0:34.23,-100.3;32.88,-64.07;30.88,-13.21;36.11,11.54;41.46,71.48;43.38,117.31;
#115:
>0:28.22,10.12;23.72,13.45;34.64,92.57;
#116:
>0:46.62,-45.74;41.42,-33.48;
#117:
>0:23.37,30.18;32.16,13.59;37.12,13.72;38.57,20.7;
#118:
>0:27.13,-54.51;27.97,-14.57;
#119:
>0:42.99,119.59;41.9,134.21;
#120:
>0:47.76,-29.99;39.07,17.5;36.36,60.57;34.32,114.86;
#121:
>0:24.0,-80.57;21.36,-18.96;25.2,9.94;21.97,46.72;
#122:
>0:23.08,106.47;20.0,52.35;
#123:
>0:41.76,-61.22;36.06,-31.76;29.15,-18.91;24.89,-24.3;18.33,-101.69;
#124:
>0:45.48,-59.71;39.54,-49.6;34.45,-9.93;37.52,61.27;
#125:
>0:23.98,30.36;31.41,40.7;36.53,73.61;
#126:
>0:42.47,142.63;40.04,54.2;42.78,18.04;37.4,-18.32;32.98,-41.19;42.28,-115.57;
#127:
>0:42.81,114.12;42.91,149.06;
#128:
>0:28.38,-113.03;30.8,-106.14;
#129:
>0:32.98,64.06;31.49,-0.67;37.68,-9.1;
#130:
>0:19.42,-118.3;27.97,-114.09;30.96,-79.57;30.15,-34.54;27.74,79.16;
#131:
>0:44.22,148.62;34.3,52.91;30.61,-0.67;23.8,-34.53;22.43,-53.25;23.12,-108.2;
#132:
>0:47.27,113.63;39.71,73.37;33.39,52.73;30.44,49.24;25.77,103.3;22.03,67.53;
#133:
>0:39.54,-119.51;44.34,-79.38;
#134:
>0:41.03,133.22;42.57,150.79;
#135:
>0:50.23,-104.57;39.18,-54.43;38.68,-117.44;30.91,-52.55;
#136:
>0:40.46,76.82;41.61,78.7;
#137:
>0:42.94,-63.7;34.64,-11.7;29.62,-6.8;26.39,-3.83;20.33,-118.26;
#138:
>0:23.97,-77.39;32.44,-36.31;34.66,25.79;
#139:
>0:43.01,28.33;38.14,-20.03;29.64,-22.16;
#140:
>0:40.77,-91.4;47.51,-58.04;39.1,-11.54;
#141:
>0:43.32,1.58;39.21,59.79;37.63,68.38;
#142:
>0:28.5,-24.79;35.8,13.42;38.55,41.38;43.58,56.57;
#143:
>0:40.29,-0.09;44.23,15.92;
#144:
>0:19.18,-108.28;24.75,-98.79;29.81,-77.83;31.87,-29.32;27.32,65.92;
#145:
>0:23.26,-17.95;19.26,-80.14;
#146:
>0:40.45,125.38;43.38,117.43;
#147:
>0:41.08,-24.36;36.65,12.02;28.23,33.75;
#148:
>0:29.93,-68.66;38.07,-68.31;38.64,-60.93;
#149:
>0:45.76,8.93;39.79,32.06;35.35,-17.69;36.18,-72.58;30.4,-8.84;22.63,75.82;
#150:
>0:43.05,-20.35;33.64,5.03;31.36,78.51;28.8,27.9;18.74,40.44;
#151:
>0:43.97,-32.67;45.96,-56.45;38.94,-86.14;
#152:
>0:42.5,-19.43;33.87,-0.13;32.69,76.31;25.3,87.93;22.51,37.45;
#153:
>0:32.65,-64.69;38.01,-76.12;30.82,-39.05;18.53,50.91;
#154:
>0:35.03,-0.38;38.27,60.25;
#155:
>0:41.42,127.86;42.85,44.54;38.54,34.03;34.19,-35.98;31.09,-37.42;42.8,-97.95;
#156:
>0:22.76,-3.57;20.02,34.73;
#157:
>0:27.16,84.04;31.72,44.86;35.35,1.23;
#158:
>0:23.55,-76.08;31.46,-38.61;37.77,11.67;40.05,9.6;47.09,7.86;
#159:
>0:28.05,41.75;22.61,33.62;23.54,-37.29;26.45,-79.72;25.57,-100.04;
#160:
>0:21.86,78.55;23.28,64.5;27.76,-12.99;
#161:
>0:36.61,68.38;33.9,19.56;36.65,-12.29;34.53,-64.6;35.59,-107.74;
#162:
>0:43.05,148.87;44.54,121.51;
#163:
>0:22.75,102.3;23.63,92.45;30.21,78.62;35.09,35.9;
#164:
>0:29.23,10.68;36.49,13.94;25.41,96.9;
#165:
>0:29.26,-12.19;30.83,-63.45;
#166:
>0:42.02,60.37;36.76,66.86;28.21,66.19;24.3,1.78;
#167:
>0:46.93,36.48;41.35,46.0;36.47,58.52;30.22,57.75;
#168:
>0:29.87,-111.61;33.21,-73.22;38.33,-10.1;45.16,15.9;
#169:
>0:28.32,-9.39;33.17,20.53;37.34,12.17;37.16,99.32;
#170:
>0:41.1,138.66;42.54,146.55;
#171:
>0:44.48,5.19;39.27,46.99;37.05,50.92;
#172:
>0:36.28,21.45;41.69,-17.29;
#173:
>0:40.14,-84.97;37.06,-109.1;
#174:
>0:26.57,-106.11;30.44,-51.23;26.21,-27.17;
#175:
>0:39.21,-74.92;33.19,-2.71;32.79,-5.44;25.8,-40.41;21.72,-35.61;
#176:
>0:35.78,-85.93;30.38,-55.45;31.84,-37.13;33.3,35.75;39.01,48.97;47.44,117.88;
#177:
>0:46.98,45.51;38.48,76.85;33.72,71.94;28.71,3.54;25.18,66.97;
#178:
>0:40.35,132.59;42.4,152.6;
#179:
>0:35.51,92.45;29.54,40.06;28.36,36.74;28.03,25.61;33.42,-55.46;
#180:
>0:27.95,-78.92;23.9,-12.98;
#181:
>0:36.33,19.86;39.17,-21.74;46.43,-61.55;47.53,-101.11;
#182:
>0:28.31,-5.68;25.46,23.62;20.36,20.51;
#183:
>0:25.22,52.56;29.05,27.98;36.18,-33.97;40.32,-20.63;
#184:
>0:29.93,-71.24;24.75,-66.26;19.77,-58.08;
#185:
>0:43.43,50.68;43.63,76.72;
#186:
>0:25.39,-43.99;29.52,-1.49;35.71,28.07;40.13,60.0;43.65,55.47;
#187:
>0:21.32,5.83;27.36,-5.04;32.8,33.92;34.28,9.27;39.33,54.43;46.38,94.14;
#188:
>0:24.51,-83.7;20.51,-60.11;22.25,-14.24;18.97,32.2;
#189:
>0:35.77,29.82;37.5,-18.09;30.29,-50.39;18.64,-92.4;
#190:
>0:28.52,47.98;28.05,52.6;21.87,5.39;25.46,-38.37;26.04,-117.63;
#191:
>0:46.77,-57.33;41.69,-2.18;
#192:
>0:44.82,18.75;41.37,73.43;34.61,73.66;
#193:
>0:37.32,-119.46;29.61,-57.71;32.26,-13.84;28.52,36.24;41.37,57.36;
#194:
>0:45.91,17.22;45.52,-8.3;34.05,-7.08;
#195:
>0:32.06,90.73;30.24,52.55;40.74,46.97;
#196:
>0:29.64,43.86;27.12,64.04;
#197:
>0:21.32,-36.99;25.85,-48.01;29.55,-107.71;37.37,-88.49;
#198:
>0:33.35,-72.37;29.97,-28.51;25.76,1.61;27.1,54.98;
#199:
>0:41.66,31.47;35.68,39.3;28.91,80.5;
#200:
>0:38.9,-31.95;36.39,-21.28;32.53,-11.12;26.46,-114.16;
#201:
>0:29.12,-21.29;30.5,-52.81;23.84,-107.12;
#202:
>0:44.28,49.51;40.25,49.2;34.91,64.7;30.76,6.88;25.78,49.79;
#203:
>0:32.79,118.6;32.14,72.46;20.31,67.56;
#204:
>0:41.74,130.85;34.93,101.0;
#205:
>0:41.4,47.85;34.41,27.52;30.59,-16.58;29.14,-49.57;32.03,-95.28;
#206:
>0:30.03,-90.74;37.92,-78.41;
#207:
>0:30.75,19.14;23.74,8.19;30.27,90.4;
#208:
>0:41.38,153.36;40.49,116.53;
#209:
>0:44.17,-39.07;44.07,-78.98;38.92,-83.91;
#210:
>0:28.98,102.92;32.95,63.56;40.32,60.01;
#211:
>0:39.98,126.15;40.32,133.22;
#212:
>0:46.62,69.98;43.05,33.24;35.81,-10.2;30.09,-14.27;41.08,-86.35;
#213:
>0:47.59,-39.73;43.46,23.89;39.44,21.95;36.12,-20.48;32.0,-4.87;20.17,-50.63;
#214:
>0:47.4,-20.43;43.36,-57.94;40.07,-101.87;
