#0:
>0:39.92,116.18;40.08,116.21;
#1:
>0:40.09,116.38;39.99,116.36;
#2:
>0:40.31,116.47;40.54,116.99;40.65,116.94;40.89,117.02;
#3:
>0:39.99,116.43;40.03,116.39;
#4:
>0:39.98,115.78;39.87,116.31;40.03,116.8;40.36,117.2;40.73,117.95;
#5:
>0:40.6,117.94;40.69,117.14;
#6:
>0:40.08,116.52;39.85,116.47;
#7:
>0:40.15,116.58;40.01,116.17;
#8:
>0:40.7,116.15;40.78,116.97;40.64,117.38;
#9:
>0:40.52,116.72;40.3,116.54;40.14,116.18;39.94,116.35;
#10:
>0:40.72,117.59;40.83,117.22;40.62,116.79;40.67,116.51;
#11:
>0:40.02,116.6;40.0,116.56;
#12:
>0:40.94,117.44;40.76,116.75;40.58,116.19;40.62,116.11;40.34,116.39;40.02,116.29;
#13:
>0:40.11,116.57;39.85,116.21;
#14:
>0:39.96,116.35;40.03,116.15;
#15:
>0:40.45,115.75;40.76,116.2;40.63,116.64;
#16:
>0:40.24,116.14;40.25,116.49;40.61,116.38;40.98,117.43;
#17:
>0:40.02,116.53;39.96,116.19;
#18:
>0:40.87,117.4;40.75,116.6;40.98,116.37;
#19:
>0:40.02,116.44;40.03,116.28;
#20:
>0:40.2,116.52;40.08,116.49;
#21:
>0:40.45,115.3;40.35,115.48;40.07,115.54;39.93,116.33;
#22:
>0:40.2,117.14;40.16,116.94;
#23:
>0:40.61,116.92;40.25,117.42;40.05,117.31;39.89,117.32;
#24:
>0:40.76,117.6;40.54,117.12;40.25,116.73;40.28,116.34;39.97,116.17;
#25:
>0:39.93,116.79;39.99,116.27;
#26:
>0:40.69,117.24;40.58,116.9;40.28,116.8;
#27:
>0:40.67,117.44;40.44,116.82;40.49,116.4;
#28:
>0:39.96,116.51;39.97,116.5;
#29:
>0:40.54,116.27;40.71,116.67;
#30:
>0:39.93,116.63;39.88,116.36;
#31:
>0:39.97,116.52;40.09,116.58;
#32:
>0:40.1,116.32;39.96,116.58;
#33:
>0:40.59,117.49;40.36,116.84;40.2,116.33;
#34:
>0:40.22,116.47;40.21,116.34;
#35:
>0:40.53,115.32;40.59,115.7;40.41,116.33;40.16,116.3;40.09,116.61;40.43,117.61;
#36:
>0:40.97,117.83;40.97,117.35;41.0,116.6;40.99,116.27;40.94,116.1;
#37:
>0:39.85,116.23;39.97,116.29;
#38:
>0:40.06,116.48;40.15,116.22;
#39:
>0:40.85,117.08;40.95,117.15;
#40:
>0:40.85,117.48;40.62,117.02;40.44,116.55;40.24,116.44;40.14,116.41;40.08,116.43;
#41:
>0:39.98,116.31;39.95,116.28;
#42:
>0:40.53,115.59;40.55,115.91;
#43:
>0:40.07,116.37;39.96,116.42;
#44:
>0:40.69,116.43;40.5,116.14;40.57,115.88;40.22,116.37;
#45:
>0:40.08,117.55;40.39,117.18;40.53,116.83;40.63,116.47;
#46:
>0:39.88,117.52;40.15,117.33;40.4,117.5;
#47:
>0:40.99,116.89;40.77,116.54;40.6,115.7;40.29,116.08;
#48:
>0:40.65,117.41;40.75,116.99;
#49:
>0:40.9,115.26;40.65,116.03;40.96,116.52;40.65,116.77;40.47,117.25;
#50:
>0:41.01,117.44;40.69,117.04;40.52,116.85;40.47,115.98;
#51:
>0:40.18,116.58;40.1,116.26;
#52:
>0:40.02,116.38;39.92,116.39;
#53:
>0:40.94,117.43;40.78,117.0;40.52,116.27;40.34,116.52;
#54:
>0:40.04,116.38;40.13,116.55;40.0,116.59;
#55:
>0:39.87,116.28;40.11,116.56;
#56:
>0:39.97,116.24;40.08,116.15;
#57:
>0:40.91,117.09;40.79,117.32;
#58:
>0:40.61,115.33;40.47,116.12;40.35,116.34;40.21,116.19;40.05,116.68;40.48,117.87;
#59:
>0:40.71,117.73;40.48,117.46;40.39,117.04;40.29,116.38;39.99,116.88;
#60:
>0:40.39,115.74;40.24,116.52;40.45,116.21;40.94,117.06;
#61:
>0:40.08,117.44;40.41,117.42;
#62:
>0:39.91,116.42;39.94,116.39;
#63:
>0:40.02,116.37;40.02,116.24;
#64:
>0:40.16,116.5;40.04,116.56;
#65:
>0:40.06,116.16;40.15,116.37;
#66:
>0:40.49,116.0;40.3,116.45;40.22,116.32;39.91,116.67;
#67:
>0:40.06,116.59;40.06,116.39;
#68:
>0:40.74,117.06;40.56,117.41;40.35,117.38;
#69:
>0:39.85,116.46;40.0,116.31;
#70:
>0:40.08,116.0;39.98,116.28;40.03,116.17;40.11,116.6;40.12,117.76;
#71:
>0:40.64,116.49;40.53,115.78;40.41,116.22;40.1,116.44;39.98,115.85;
#72:
>0:40.02,116.58;40.02,116.44;
#73:
>0:40.78,115.69;40.54,115.77;40.27,115.95;
#74:
>0:40.05,116.53;40.11,116.58;
#75:
>0:39.91,116.17;40.01,116.22;
#76:
>0:39.94,116.43;39.98,116.33;
#77:
>0:39.87,116.25;39.98,116.49;
#78:
>0:40.52,116.49;40.68,116.74;40.48,116.9;40.81,117.83;
#79:
>0:39.85,116.48;40.0,116.18;
#80:
>0:40.08,116.54;40.3,116.6;
#81:
>0:40.01,116.58;40.04,116.46;
#82:
>0:40.81,116.36;40.62,115.7;40.54,115.67;
#83:
>0:40.0,116.38;39.84,116.19;
#84:
>0:39.96,116.58;39.92,116.43;
#85:
>0:39.96,116.19;40.05,116.29;
#86:
>0:40.07,116.5;40.04,116.59;
#87:
>0:40.03,116.56;40.06,116.2;
#88:
>0:39.96,116.2;40.02,116.58;
#89:
>0:40.02,117.12;40.06,117.63;
#90:
>0:39.89,116.17;40.01,116.38;
#91:
>0:40.31,117.06;40.56,117.67;
#92:
>0:40.67,117.46;40.51,116.72;40.6,116.56;
#93:
>0:40.01,116.2;40.1,116.43;
#94:
>0:40.06,116.47;40.1,116.49;
#95:
>0:40.2,115.73;40.3,116.49;
#96:
>0:40.37,116.37;40.54,115.75;40.62,115.7;41.01,115.96;
#97:
>0:40.06,116.22;40.1,116.6;40.22,116.34;
#98:
>0:39.98,116.45;39.99,116.5;
#99:
>0:40.0,116.58;40.04,116.44;
#100:
>0:40.16,116.16;40.26,116.35;40.55,115.26;
#101:
>0:40.05,116.32;39.99,116.58;
#102:
>0:40.12,116.48;40.35,116.39;
#103:
>0:40.46,117.55;40.55,117.48;40.72,116.93;40.61,116.42;40.48,116.04;40.37,115.47;
#104:
>0:40.0,116.44;40.09,116.49;
#105:
>0:39.99,116.37;40.03,116.22;40.21,116.6;40.32,117.25;40.8,117.76;
#106:
>0:40.39,115.7;40.28,116.17;40.04,116.38;40.07,116.75;40.43,117.67;
#107:
>0:40.17,116.45;40.06,116.91;40.35,117.31;40.53,117.53;
#108:
>0:40.51,115.83;40.39,116.2;40.12,116.44;
#109:
>0:40.16,117.22;39.93,117.93;
#110:
>0:40.0,116.32;39.86,116.55;
#111:
>0:40.0,116.48;40.04,116.36;
#112:
>0:40.17,115.74;40.38,115.52;40.49,115.5;
#113:
>0:39.88,116.83;39.84,117.3;40.18,116.87;40.41,116.78;40.63,116.97;
#114:
>0:40.05,116.57;40.04,116.19;
#115:
>0:40.06,116.2;40.06,116.27;
#116:
>0:40.09,115.38;40.19,116.14;
#117:
>0:40.08,115.74;40.38,115.34;40.46,115.7;40.72,116.08;
#118:
>0:39.98,116.35;40.01,116.79;
#119:
>0:40.42,117.78;40.08,117.16;40.09,116.85;40.16,116.49;39.83,116.46;39.99,115.5;
#120:
>0:40.24,116.47;40.56,116.62;
#121:
>0:40.59,116.63;40.37,117.47;40.15,117.34;39.86,117.31;
#122:
>0:40.21,116.63;40.31,116.97;40.48,116.35;40.77,116.44;
#123:
>0:40.06,116.42;39.97,116.54;
#124:
>0:40.24,115.87;40.48,115.84;40.42,116.69;
#125:
>0:40.16,116.31;39.99,116.34;
#126:
>0:40.67,117.19;40.51,116.76;40.37,116.64;
#127:
>0:39.94,116.44;39.93,116.38;
#128:
>0:40.16,117.16;40.06,117.02;40.51,117.75;
#129:
>0:39.99,116.67;40.1,116.46;
#130:
>0:40.85,117.37;40.69,117.31;
#131:
>0:40.1,117.05;40.13,116.5;
#132:
>0:39.98,116.3;40.03,116.19;
#133:
>0:40.75,115.36;40.54,115.95;40.24,116.54;40.6,116.18;40.58,117.16;
#134:
>0:40.48,115.37;40.3,115.37;40.11,115.65;39.99,116.48;
#135:
>0:39.96,116.28;39.94,116.28;
#136:
>0:40.79,116.34;40.63,116.82;40.77,117.1;
#137:
>0:40.02,116.38;39.97,116.53;
#138:
>0:39.86,116.94;39.91,117.43;40.09,116.75;40.42,117.5;
#139:
>0:40.51,116.82;40.35,116.29;40.16,116.2;40.11,116.15;
#140:
>0:40.08,116.42;40.04,116.48;
#141:
>0:39.88,116.44;40.1,116.66;
#142:
>0:40.23,115.82;40.23,116.57;40.64,116.91;
#143:
>0:40.03,116.56;40.02,116.33;
#144:
>0:40.95,115.98;41.0,115.66;
#145:
>0:40.13,115.78;40.34,116.46;40.6,115.77;
#146:
>0:40.08,116.35;40.01,116.22;
#147:
>0:40.46,115.76;40.31,116.46;40.21,116.34;40.0,117.0;
#148:
>0:40.78,117.75;40.47,117.35;40.24,117.48;40.14,117.3;
#149:
>0:40.47,116.58;40.44,116.71;
#150:
>0:39.85,117.91;40.03,117.47;40.26,117.87;40.57,117.21;
#151:
>0:40.13,116.23;40.03,116.57;
#152:
>0:39.94,116.18;39.98,116.38;
#153:
>0:40.08,116.57;40.2,116.44;
#154:
>0:40.17,117.23;39.94,117.61;
#155:
>0:40.51,115.8;40.25,116.48;40.05,116.36;39.88,116.64;
#156:
>0:39.99,116.32;40.1,116.75;
#157:
>0:40.01,116.52;40.02,116.36;
#158:
>0:40.11,116.22;40.22,116.43;
#159:
>0:40.93,116.67;40.63,116.2;40.54,116.07;40.36,115.7;
#160:
>0:39.85,116.57;40.03,116.2;
#161:
>0:39.9,116.62;39.89,116.42;
#162:
>0:40.37,115.99;40.55,115.99;40.37,116.86;
#163:
>0:40.03,116.28;39.97,116.32;
#164:
>0:40.22,115.7;40.29,116.41;40.46,116.54;40.58,117.42;
#165:
>0:40.9,115.82;40.75,115.41;40.49,116.1;40.29,115.64;
#166:
>0:40.04,116.2;39.95,116.41;
#167:
>0:40.81,117.37;40.72,116.91;40.78,116.19;
#168:
>0:40.05,116.24;39.88,116.24;
#169:
>0:40.08,116.64;40.38,116.9;40.24,116.17;40.76,116.61;
#170:
>0:40.72,115.74;40.97,116.26;
#171:
>0:40.49,116.82;40.26,116.38;40.04,116.51;40.09,116.39;
#172:
>0:39.98,116.37;39.86,116.52;
#173:
>0:40.93,117.79;41.01,117.49;40.71,116.75;40.6,116.25;40.33,116.49;40.02,116.98;
#174:
>0:40.07,117.53;40.3,117.11;40.52,117.22;40.79,116.36;
#175:
>0:39.84,116.32;39.97,116.18;
#176:
>0:40.17,116.49;40.04,116.4;
#177:
>0:40.04,116.4;40.02,116.51;
#178:
>0:40.73,117.4;40.64,116.69;
#179:
>0:40.18,116.35;40.15,116.32;
#180:
>0:40.26,115.8;40.49,115.75;40.28,116.67;
#181:
>0:40.58,116.37;40.33,116.26;40.15,116.34;39.95,115.8;
#182:
>0:40.06,116.29;40.23,116.35;
#183:
>0:39.9,116.53;39.98,116.19;
#184:
>0:40.58,117.73;40.63,117.21;40.95,117.02;
#185:
>0:40.86,117.87;40.96,117.33;40.81,116.74;40.8,116.43;40.54,115.73;40.66,115.41;
#186:
>0:40.04,116.59;40.1,116.38;
#187:
>0:40.05,117.36;40.07,116.84;40.23,116.22;
#188:
>0:40.27,116.17;40.43,116.92;
#189:
>0:39.88,116.32;39.98,116.28;
#190:
>0:40.22,115.89;40.38,115.98;
#191:
>0:40.97,117.42;40.69,116.79;40.46,116.24;40.52,115.98;40.26,116.16;39.86,116.48;
#192:
>0:40.54,116.92;40.71,116.76;40.58,116.03;
#193:
>0:40.96,117.11;40.74,117.76;40.57,117.92;
#194:
>0:40.59,117.5;40.74,117.52;40.85,117.82;
#195:
>0:39.96,116.41;39.97,116.22;
#196:
>0:40.07,116.44;39.99,116.35;
#197:
>0:40.09,116.57;39.99,116.35;
#198:
>0:39.98,116.56;39.99,116.39;
#199:
>0:40.63,115.74;40.52,116.31;40.36,116.76;40.05,117.2;
#200:
>0:39.83,116.26;40.02,116.54;
#201:
>0:40.82,117.27;40.79,116.94;40.45,116.56;40.28,115.79;40.08,115.31;39.83,115.24;
#202:
>0:39.95,116.55;39.97,116.46;
#203:
>0:40.0,116.56;40.16,116.32;
#204:
>0:39.94,116.45;40.15,115.78;40.28,115.49;40.57,115.44;
#205:
>0:40.01,116.97;39.94,117.32;40.03,116.63;40.46,117.37;
#206:
>0:40.03,116.5;39.93,116.19;
#207:
>0:39.83,116.28;40.08,116.5;
#208:
>0:40.57,116.39;40.54,116.62;
#209:
>0:40.02,116.42;39.9,116.16;
#210:
>0:40.1,116.54;40.05,116.35;
#211:
>0:40.0,116.37;39.96,116.55;
#212:
>0:39.92,116.24;40.12,116.22;
#213:
>0:40.05,116.47;40.03,116.16;
#214:
>0:39.88,115.56;40.08,115.36;40.17,116.04;40.41,115.24;40.57,115.83;40.83,116.2;
#215:
>0:40.02,116.42;39.96,116.25;
#216:
>0:40.09,117.51;40.38,117.53;
#217:
>0:39.97,116.58;40.12,116.52;
#218:
>0:40.27,115.38;40.15,115.47;40.04,115.79;39.97,116.81;
#219:
>0:39.96,116.4;40.1,116.33;
#220:
>0:39.98,116.46;40.1,116.43;
#221:
>0:39.89,115.98;39.97,116.14;40.1,116.83;
#222:
>0:40.1,116.26;40.12,116.29;
#223:
>0:40.52,115.98;40.66,116.35;40.96,116.38;40.82,117.33;
#224:
>0:40.05,116.56;40.05,116.29;
#225:
>0:40.1,116.45;39.95,116.48;
#226:
>0:39.99,116.32;40.15,116.2;
#227:
>0:39.89,116.59;40.15,116.18;40.1,116.43;
#228:
>0:40.64,117.46;40.61,116.68;40.25,116.88;
#229:
>0:40.69,117.84;40.7,117.26;40.78,116.8;40.7,116.35;40.44,116.07;40.66,115.33;
#230:
>0:39.95,116.25;39.93,116.52;
#231:
>0:39.92,117.78;40.16,117.19;40.23,117.7;40.45,117.44;
#232:
>0:40.04,116.29;40.07,116.31;
#233:
>0:39.94,116.43;39.98,116.38;
#234:
>0:39.94,116.43;40.09,116.43;
#235:
>0:40.36,116.18;40.62,115.96;40.65,115.75;40.99,116.09;
#236:
>0:40.43,116.69;40.73,116.71;40.46,115.92;
#237:
>0:40.03,116.51;40.06,116.46;
#238:
>0:40.11,116.08;40.32,115.66;40.43,115.8;40.67,115.81;
#239:
>0:40.22,116.4;40.07,116.18;
#240:
>0:40.18,116.16;40.33,116.37;
#241:
>0:40.0,116.33;40.05,115.87;40.35,115.49;40.55,115.61;
#242:
>0:40.12,116.49;40.11,116.34;
#243:
>0:39.85,115.29;40.13,116.1;40.05,116.4;40.14,116.24;40.2,117.05;40.55,117.87;
#244:
>0:39.95,116.43;39.96,116.59;
#245:
>0:40.02,116.3;40.06,116.01;40.36,116.02;40.53,115.95;40.66,115.48;
#246:
>0:40.38,116.3;40.61,116.95;
#247:
>0:40.87,117.41;40.71,117.9;40.46,117.88;40.33,117.51;40.15,117.86;39.84,117.8;
#248:
>0:40.23,115.86;40.5,115.74;40.35,116.88;
#249:
>0:40.19,115.7;40.37,116.31;
#250:
>0:39.92,116.26;40.0,116.25;
#251:
>0:40.11,116.28;40.2,116.49;
#252:
>0:40.07,116.41;40.22,116.24;
#253:
>0:40.05,117.46;40.04,116.72;40.61,117.53;
#254:
>0:40.43,117.08;40.44,116.84;
#255:
>0:40.66,117.61;40.86,117.34;40.85,116.71;
#256:
>0:39.99,116.27;39.96,116.48;
#257:
>0:40.56,116.62;40.73,116.65;40.58,116.08;
#258:
>0:39.92,116.14;39.93,116.37;40.1,117.03;
#259:
>0:39.84,116.42;40.03,116.56;
#260:
>0:39.83,115.83;40.07,116.05;40.35,115.44;40.51,115.88;40.75,116.01;40.83,116.06;
#261:
>0:39.94,116.3;39.99,116.38;
#262:
>0:40.74,116.67;40.49,117.07;
#263:
>0:40.75,116.96;40.93,116.34;41.01,115.96;
#264:
>0:39.93,116.26;40.12,116.41;
#265:
>0:40.79,117.45;40.55,117.29;40.23,117.14;
#266:
>0:40.06,116.51;40.03,116.32;
#267:
>0:39.91,116.17;40.0,116.43;
#268:
>0:39.96,115.68;40.06,115.54;40.12,115.84;40.39,115.46;40.56,116.1;40.9,116.32;
#269:
>0:40.2,117.48;40.27,117.42;
#270:
>0:39.94,116.41;39.94,116.24;
#271:
>0:39.94,116.16;39.94,116.43;
#272:
>0:40.11,116.51;40.02,116.19;
#273:
>0:40.08,115.64;40.1,115.79;40.06,116.39;39.86,116.92;
#274:
>0:40.18,117.7;40.3,117.58;40.54,117.81;40.71,117.64;40.93,117.92;
#275:
>0:40.0,116.54;39.99,116.49;
#276:
>0:40.02,116.25;40.04,116.5;
#277:
>0:40.19,116.41;40.04,116.52;
#278:
>0:40.44,115.42;40.78,115.87;
#279:
>0:40.09,116.13;40.14,116.27;
#280:
>0:40.09,116.51;40.21,115.84;40.31,115.45;40.52,115.94;40.79,115.57;
#281:
>0:39.99,116.5;39.87,116.38;
#282:
>0:39.97,116.37;39.83,116.49;
#283:
>0:39.86,115.52;40.09,115.54;40.1,116.08;40.36,115.25;40.51,116.03;40.95,116.31;
#284:
>0:40.12,116.21;40.03,116.25;
#285:
>0:39.86,116.27;40.14,116.44;
#286:
>0:40.08,116.09;39.83,115.44;
#287:
>0:40.05,116.43;40.39,115.77;40.58,115.82;40.8,116.03;41.0,116.04;
#288:
>0:39.9,116.54;40.11,116.27;
#289:
>0:40.03,116.26;39.87,116.44;
#290:
>0:40.43,116.94;40.36,116.18;40.32,116.03;
#291:
>0:40.9,117.4;40.78,116.72;40.46,116.47;40.47,116.05;40.3,115.56;
#292:
>0:40.27,116.14;40.35,116.34;40.0,116.52;
#293:
>0:39.95,116.43;39.94,116.34;
#294:
>0:40.05,116.15;39.97,116.57;
#295:
>0:40.07,116.54;40.1,116.28;
#296:
>0:40.87,117.02;40.76,116.28;40.49,116.13;40.7,115.67;
#297:
>0:40.02,116.39;40.07,116.15;
#298:
>0:40.19,116.56;40.05,116.53;
#299:
>0:39.89,117.76;40.13,117.49;40.13,116.94;40.32,117.29;40.74,116.22;
#300:
>0:40.59,117.71;40.69,117.39;
#301:
>0:40.09,116.46;39.97,116.42;
#302:
>0:39.99,116.29;39.98,116.2;
#303:
>0:40.21,116.64;40.33,116.71;
#304:
>0:40.02,116.31;39.88,116.3;
#305:
>0:40.46,116.68;40.23,116.34;40.05,115.81;40.16,115.47;
#306:
>0:40.0,116.29;39.83,116.15;
#307:
>0:40.19,117.14;40.2,116.74;40.25,117.28;40.73,116.52;
#308:
>0:40.14,117.58;40.34,117.26;40.33,116.84;40.77,116.65;
#309:
>0:39.89,116.21;39.94,116.53;
#310:
>0:40.97,117.25;40.72,116.68;40.55,116.55;40.39,116.05;
#311:
>0:40.31,116.41;40.49,115.83;40.68,115.71;40.88,115.85;
#312:
>0:40.22,116.57;39.86,116.55;
#313:
>0:39.87,116.28;40.01,116.44;
#314:
>0:40.33,117.49;40.2,117.31;40.0,116.68;39.91,116.41;40.01,115.62;
#315:
>0:40.92,117.32;40.64,116.98;40.57,116.49;40.45,115.91;40.25,115.66;
#316:
>0:39.97,116.52;40.04,116.43;
#317:
>0:40.21,116.58;40.08,116.35;
#318:
>0:40.09,116.47;40.04,116.36;
#319:
>0:40.05,116.37;39.99,116.28;
#320:
>0:40.03,116.47;40.07,116.46;
#321:
>0:40.02,116.18;40.04,116.48;
#322:
>0:40.3,115.85;40.35,116.56;40.59,116.91;
#323:
>0:40.26,115.92;40.3,116.34;40.57,116.26;40.93,117.42;
#324:
>0:40.1,116.41;39.98,116.47;
#325:
>0:39.99,116.37;40.09,116.22;
#326:
>0:39.95,116.45;39.94,116.35;
#327:
>0:40.05,115.92;39.88,116.55;40.18,116.98;
#328:
>0:39.97,116.48;40.0,116.41;
#329:
>0:40.83,117.6;40.89,117.12;40.99,116.61;40.82,116.43;40.88,116.14;
#330:
>0:40.45,115.91;40.27,116.39;40.2,116.17;39.85,116.64;
#331:
>0:39.86,116.52;40.12,116.25;39.96,116.39;
#332:
>0:41.0,116.19;40.72,116.96;40.59,116.8;40.78,117.93;
#333:
>0:39.98,116.57;40.05,116.58;
#334:
>0:40.25,115.99;40.36,116.41;40.52,116.33;40.99,117.06;
#335:
>0:39.85,116.28;40.0,116.45;
#336:
>0:40.46,117.6;40.8,117.39;40.93,116.88;
#337:
>0:40.01,116.2;39.97,116.26;
#338:
>0:39.95,116.25;39.88,116.52;
#339:
>0:39.96,116.51;40.05,116.15;
#340:
>0:40.1,115.77;40.15,116.49;
#341:
>0:40.03,115.82;40.31,115.81;40.52,115.92;40.82,116.31;
#342:
>0:39.95,116.33;40.01,116.18;
#343:
>0:40.19,115.8;40.39,115.66;40.54,115.79;40.66,116.24;
#344:
>0:39.88,116.23;40.0,116.48;
#345:
>0:40.17,115.88;40.0,116.27;40.22,116.51;40.06,116.75;40.08,117.76;
#346:
>0:39.88,116.73;40.01,116.33;
#347:
>0:40.69,117.13;40.44,117.02;40.53,116.35;
#348:
>0:40.98,116.5;40.74,116.57;40.73,115.96;40.58,115.26;40.12,115.67;
#349:
>0:39.85,116.22;39.83,116.21;
#350:
>0:39.97,115.47;40.11,115.57;40.08,115.95;40.34,115.71;40.58,115.84;40.94,116.33;
#351:
>0:40.76,117.16;40.71,116.73;40.79,116.23;
#352:
>0:40.17,115.56;40.17,115.83;40.04,116.47;39.96,117.02;
#353:
>0:39.94,116.47;40.02,116.67;
#354:
>0:39.88,116.26;40.13,116.5;
#355:
>0:40.51,116.05;40.75,115.53;
#356:
>0:40.17,117.81;39.85,117.37;39.83,116.8;40.06,116.49;40.37,115.7;
#357:
>0:40.25,117.92;40.5,117.68;40.75,117.72;40.96,117.51;
#358:
>0:39.97,117.31;40.22,116.74;40.28,117.83;
#359:
>0:40.18,116.34;40.12,116.59;
#360:
>0:40.85,117.29;40.65,116.85;40.51,116.26;40.52,116.07;40.18,115.91;
#361:
>0:40.56,115.38;40.62,116.04;40.87,116.46;40.88,116.67;40.98,117.32;40.85,117.63;
#362:
>0:40.11,116.53;40.07,116.36;
#363:
>0:40.03,116.16;40.16,116.49;
#364:
>0:40.09,117.78;40.38,117.42;40.41,116.97;40.3,116.56;40.51,116.07;40.88,115.41;
#365:
>0:40.05,116.65;40.01,116.25;
#366:
>0:39.95,116.41;40.08,116.32;
#367:
>0:40.04,116.24;40.11,116.18;
#368:
>0:40.48,115.77;40.59,115.75;
#369:
>0:39.95,116.6;39.83,116.22;40.2,116.01;40.48,115.97;
#370:
>0:40.62,116.32;40.6,115.81;40.45,115.44;
#371:
>0:40.18,116.07;40.31,115.5;40.53,115.69;40.78,115.62;
#372:
>0:39.92,116.53;39.92,116.8;
#373:
>0:40.12,116.36;39.94,116.2;
#374:
>0:40.8,117.93;40.77,117.24;40.66,116.91;40.55,116.84;40.65,116.4;40.69,115.33;
#375:
>0:40.12,116.42;40.21,116.39;
#376:
>0:40.73,117.52;40.51,117.78;
#377:
>0:39.98,116.3;39.98,116.28;
#378:
>0:40.68,116.9;40.44,116.68;40.62,116.31;40.63,115.61;
#379:
>0:40.19,115.45;40.05,115.83;40.06,116.52;
#380:
>0:40.53,116.2;40.23,116.29;40.06,116.52;39.83,115.96;
#381:
>0:39.84,116.87;39.97,116.54;40.22,115.97;40.59,116.01;
#382:
>0:40.59,116.79;40.79,116.71;40.78,116.42;40.97,115.35;
#383:
>0:40.12,116.15;39.95,116.29;
#384:
>0:39.96,116.26;39.85,116.16;
#385:
>0:40.27,117.07;40.59,116.71;
#386:
>0:40.15,117.13;40.11,116.91;40.25,117.44;40.77,116.27;
#387:
>0:40.8,117.72;40.83,117.38;40.7,116.97;40.48,116.4;40.38,115.93;
#388:
>0:39.85,117.03;39.98,117.31;40.17,116.65;40.36,116.78;40.78,116.76;
#389:
>0:40.07,115.9;40.31,115.32;40.59,116.0;40.64,116.46;40.99,115.43;
#390:
>0:40.0,116.89;40.14,116.34;40.02,116.01;
#391:
>0:39.93,116.58;40.08,116.17;
#392:
>0:39.93,116.24;39.99,116.58;
#393:
>0:39.94,116.41;39.85,116.32;
#394:
>0:41.01,117.87;40.91,117.55;
#395:
>0:40.06,116.46;39.97,116.43;
#396:
>0:40.17,116.03;40.36,116.15;40.6,115.98;
#397:
>0:39.99,116.29;40.03,116.37;
#398:
>0:40.42,116.05;40.61,116.35;
#399:
>0:40.56,115.43;40.79,115.85;40.84,116.1;
#400:
>0:39.96,116.16;40.08,116.62;
#401:
>0:40.48,117.08;40.27,116.74;
#402:
>0:40.56,116.5;40.71,116.66;
#403:
>0:40.18,115.86;40.0,116.27;40.05,116.77;
#404:
>0:39.93,116.18;40.11,116.56;
#405:
>0:40.08,116.53;40.09,116.36;
#406:
>0:40.38,116.35;40.59,116.92;
#407:
>0:40.1,116.3;40.08,116.47;
#408:
>0:40.99,116.62;40.77,116.35;40.7,115.94;40.58,115.29;40.27,115.64;39.86,115.34;
#409:
>0:40.23,116.34;40.11,116.16;
#410:
>0:40.53,117.3;40.23,117.11;40.13,117.29;
#411:
>0:40.0,116.43;39.96,116.59;
#412:
>0:40.54,116.38;40.45,116.76;40.75,116.78;40.65,117.7;
#413:
>0:40.22,116.97;40.42,116.81;40.44,116.51;40.74,116.2;
#414:
>0:40.1,116.5;39.97,116.38;
#415:
>0:39.86,115.32;40.19,115.62;40.21,115.87;40.29,115.5;40.61,116.09;40.92,116.18;
#416:
>0:40.08,116.21;39.94,116.47;
#417:
>0:40.0,115.28;39.86,116.11;39.93,116.44;39.96,116.76;40.01,117.18;39.98,117.89;
#418:
>0:39.97,116.43;40.02,116.38;
#419:
>0:39.96,116.43;39.85,116.4;
#420:
>0:39.86,116.32;40.04,116.45;
#421:
>0:39.99,116.24;40.11,116.42;
#422:
>0:39.97,115.65;40.05,115.5;40.21,115.82;40.37,115.7;40.57,115.7;40.87,116.5;
#423:
>0:40.13,117.86;40.27,117.65;40.48,117.73;40.64,117.76;40.89,117.88;
#424:
>0:39.96,116.55;39.94,116.35;
#425:
>0:39.95,116.18;40.17,116.38;40.09,116.04;40.38,115.54;40.42,115.77;40.92,116.31;
#426:
>0:39.93,116.46;39.96,116.34;
