#0:
>0:40.09,116.37;40.13,116.43;
#1:
>0:40.16,116.74;39.9,116.37;
#2:
>0:39.96,116.67;40.03,116.18;
#3:
>0:40.24,116.04;40.42,116.13;
#4:
>0:40.04,116.44;40.14,116.67;
#5:
>0:40.2,116.38;40.35,116.66;40.56,117.48;40.77,117.5;
#6:
>0:39.97,115.9;39.97,115.69;
#7:
>0:40.78,115.64;40.63,116.04;40.78,116.47;40.64,116.88;40.7,117.44;
#8:
>0:40.78,115.39;40.63,116.02;40.86,116.4;40.52,116.83;
#9:
>0:40.49,116.47;40.56,116.27;
#10:
>0:39.95,116.57;40.11,116.54;
#11:
>0:40.11,116.3;40.19,116.77;40.1,117.4;40.34,117.69;
#12:
>0:39.89,116.46;40.16,116.52;40.08,116.39;
#13:
>0:40.28,116.57;40.26,116.95;40.18,117.46;39.97,117.56;
#14:
>0:40.1,115.4;39.95,115.47;40.15,116.2;
#15:
>0:40.55,117.27;40.75,116.61;40.51,116.54;40.79,115.92;
#16:
>0:40.24,116.97;40.31,116.26;40.61,116.0;
#17:
>0:40.06,116.7;40.07,116.36;
#18:
>0:40.74,117.76;40.51,117.33;40.36,116.73;40.23,116.41;40.09,116.6;
#19:
>0:40.78,116.97;40.9,116.15;
#20:
>0:39.92,116.74;39.94,116.6;
#21:
>0:40.84,115.43;40.63,115.79;40.84,116.42;40.68,116.49;40.27,117.17;
#22:
>0:40.09,116.55;40.13,116.55;40.08,116.69;
#23:
>0:40.15,116.19;40.09,116.54;
#24:
>0:40.1,116.39;40.05,116.23;
#25:
>0:40.5,116.43;40.37,116.24;40.1,116.76;40.1,117.63;
#26:
>0:40.08,116.44;40.07,116.74;
#27:
>0:40.82,115.57;40.58,115.53;40.28,116.15;
#28:
>0:41.0,115.46;40.75,115.82;40.8,115.44;40.51,115.56;40.24,115.96;39.84,115.33;
#29:
>0:40.74,116.11;40.71,115.42;40.56,115.49;40.28,115.84;40.01,115.71;
#30:
>0:39.99,116.64;40.2,116.34;39.91,116.3;
#31:
>0:40.97,115.88;40.97,116.53;40.7,117.03;40.55,117.5;40.22,117.23;
#32:
>0:40.37,117.44;40.58,117.55;
#33:
>0:40.04,116.46;40.11,116.3;
#34:
>0:39.97,116.63;39.97,116.31;
#35:
>0:40.41,117.37;40.61,117.75;
#36:
>0:40.36,117.46;40.53,116.73;40.19,116.41;
#37:
>0:40.58,116.42;40.57,115.88;40.85,115.79;
#38:
>0:40.13,116.28;40.04,116.44;
#39:
>0:40.1,116.53;40.1,116.17;39.93,116.46;
#40:
>0:39.93,115.24;40.05,115.92;40.31,116.09;40.41,116.19;40.66,115.73;
#41:
>0:40.08,117.14;40.33,116.71;40.39,116.17;40.33,115.79;40.58,115.33;
#42:
>0:40.08,116.35;40.19,116.5;
#43:
>0:40.66,116.09;40.9,115.6;
#44:
>0:39.94,116.71;40.01,116.32;
#45:
>0:40.0,116.49;40.03,116.7;
#46:
>0:40.07,116.31;40.02,116.41;
#47:
>0:40.6,116.76;40.25,117.15;40.21,117.93;40.01,117.74;
#48:
>0:40.08,116.48;39.87,116.72;
#49:
>0:40.64,116.09;40.53,116.34;40.37,117.01;40.13,117.45;39.88,117.85;
#50:
>0:40.69,115.84;40.51,115.34;40.42,115.47;
#51:
>0:39.86,115.94;40.09,116.3;
#52:
>0:40.03,116.52;40.1,116.24;
#53:
>0:40.54,116.32;40.25,115.85;40.53,115.48;
#54:
>0:40.8,115.99;40.45,116.21;40.26,116.64;40.09,117.44;39.91,117.72;
#55:
>0:40.47,116.5;40.5,116.19;
#56:
>0:40.86,116.55;40.72,116.55;40.52,116.98;40.58,117.5;40.14,117.06;
#57:
>0:40.77,116.97;40.71,117.43;
#58:
>0:40.06,116.69;40.12,116.36;40.08,116.48;
#59:
>0:40.45,115.39;40.65,115.8;40.86,116.18;
#60:
>0:40.56,116.25;40.67,116.66;40.85,117.33;
#61:
>0:40.84,115.39;40.77,115.98;40.72,115.53;40.5,115.39;40.34,116.09;40.02,115.71;
#62:
>0:40.74,117.74;40.58,117.57;40.78,116.89;
#63:
>0:40.64,116.42;40.87,116.69;
#64:
>0:39.83,117.79;39.92,117.18;40.15,117.27;40.36,117.03;40.26,115.86;
#65:
>0:40.15,116.53;40.18,116.59;
#66:
>0:39.95,115.83;40.18,116.24;40.32,116.84;40.43,117.47;40.75,117.56;40.93,117.78;
#67:
>0:40.11,116.55;40.07,116.53;
#68:
>0:40.57,117.28;40.34,117.31;
#69:
>0:39.9,116.71;40.16,115.79;40.1,116.67;
#70:
>0:39.92,117.88;39.9,117.45;40.04,117.24;40.33,116.36;
#71:
>0:40.36,117.52;40.44,117.44;40.29,116.76;40.29,116.54;39.83,115.95;
#72:
>0:40.06,116.42;39.9,116.39;
#73:
>0:40.14,116.19;39.98,116.33;
#74:
>0:39.98,116.64;40.09,116.67;
#75:
>0:39.86,117.56;40.11,117.33;
#76:
>0:40.13,116.31;40.09,116.33;
#77:
>0:40.48,116.93;40.24,116.16;40.06,115.94;40.09,116.7;
#78:
>0:40.18,117.6;40.4,117.84;40.57,117.06;40.78,116.7;40.46,115.99;
#79:
>0:41.0,117.65;40.9,117.85;
#80:
>0:40.8,117.86;40.5,117.41;40.25,116.61;40.43,116.59;
#81:
>0:40.22,116.39;40.35,116.85;40.54,117.24;40.67,117.93;
#82:
>0:40.04,116.59;40.2,116.35;
#83:
>0:40.45,117.61;40.57,117.41;40.72,116.9;40.79,116.37;
#84:
>0:40.29,116.91;40.37,116.57;40.66,116.19;
#85:
>0:40.13,116.24;40.08,116.44;
#86:
>0:40.62,116.67;40.67,116.89;
#87:
>0:39.91,116.66;40.17,116.19;40.02,116.69;
#88:
>0:40.99,116.19;40.63,116.21;40.53,117.12;
#89:
>0:40.45,115.55;40.81,115.44;40.85,115.52;
#90:
>0:40.08,116.42;40.02,116.75;
#91:
>0:40.03,116.17;40.07,116.45;
#92:
>0:40.11,116.43;40.12,116.33;
#93:
>0:40.79,117.18;40.99,116.97;
#94:
>0:40.76,115.78;40.57,116.57;40.3,116.86;40.14,117.05;40.23,117.52;
#95:
>0:40.01,116.56;40.11,116.44;
#96:
>0:40.88,116.41;40.79,116.42;40.45,117.37;
#97:
>0:39.9,116.7;40.07,116.64;
#98:
>0:40.38,116.94;40.38,116.44;40.68,116.23;
#99:
>0:40.15,116.67;39.99,116.74;
#100:
>0:39.84,117.31;39.95,116.73;39.98,116.68;40.06,115.96;
#101:
>0:40.66,117.38;40.52,117.31;40.77,116.77;40.59,115.93;
#102:
>0:40.37,115.82;40.34,116.26;39.88,116.64;
#103:
>0:40.62,115.82;40.37,116.24;40.1,116.78;40.19,117.23;
#104:
>0:41.0,115.92;41.0,116.53;40.65,116.88;40.32,116.32;
#105:
>0:40.9,116.79;40.95,116.29;40.79,116.78;40.43,116.39;40.38,116.56;39.93,116.56;
#106:
>0:39.97,115.42;40.22,115.96;40.03,116.23;40.27,116.67;40.1,117.07;39.86,117.95;
#107:
>0:40.63,115.57;40.45,116.13;40.41,116.48;40.18,116.89;40.19,117.22;39.98,117.76;
#108:
>0:39.92,116.9;40.13,117.06;40.4,117.48;40.43,117.38;40.81,117.43;
#109:
>0:40.27,115.63;40.59,115.83;40.8,115.7;40.65,117.01;
#110:
>0:39.94,116.54;40.15,116.4;
#111:
>0:39.94,117.38;40.15,117.06;40.25,116.63;40.39,116.59;40.57,115.65;
#112:
>0:40.32,117.9;40.28,117.06;40.73,117.54;
#113:
>0:40.22,117.94;40.0,117.89;39.95,117.39;39.96,116.72;
#114:
>0:39.95,117.84;39.99,117.13;39.89,116.63;40.16,116.66;40.17,115.82;40.17,115.61;
#115:
>0:39.94,116.52;40.06,116.67;
#116:
>0:40.15,116.31;40.11,116.15;
#117:
>0:40.66,117.85;40.48,117.49;40.76,116.87;40.67,116.49;
#118:
>0:39.98,116.33;40.13,116.2;
#119:
>0:40.65,115.88;40.5,116.53;40.36,116.42;40.11,117.25;
#120:
>0:40.65,116.33;40.49,116.77;40.28,116.57;40.18,116.43;
#121:
>0:40.26,117.55;40.3,117.23;40.56,117.41;40.66,117.05;40.49,115.76;
#122:
>0:39.93,116.68;40.04,116.4;
#123:
>0:40.5,116.03;40.8,115.34;41.01,115.65;
#124:
>0:40.13,116.52;39.96,116.64;
#125:
>0:39.89,117.04;40.15,116.98;40.26,116.79;40.61,116.64;40.68,116.66;40.82,116.88;
#126:
>0:40.13,116.55;39.94,116.5;
#127:
>0:40.03,116.64;39.88,116.47;
#128:
>0:40.11,116.49;39.98,116.4;
#129:
>0:40.71,115.92;40.5,116.47;40.35,116.93;
#130:
>0:40.19,117.86;39.84,117.55;39.99,117.2;39.98,116.49;
#131:
>0:40.07,116.4;40.07,116.72;
#132:
>0:39.85,116.7;40.06,116.68;40.41,115.95;
#133:
>0:40.91,116.41;40.66,116.31;40.45,116.17;
#134:
>0:40.98,115.33;40.69,116.09;40.74,115.29;40.54,115.26;40.42,116.04;39.93,115.43;
#135:
>0:40.08,115.55;40.33,115.85;40.6,116.33;40.74,116.49;40.47,116.77;40.76,117.74;
#136:
>0:40.58,115.88;40.66,116.45;41.01,116.8;40.95,117.42;40.93,117.72;
#137:
>0:40.73,116.24;40.42,116.92;40.26,117.43;40.07,117.79;
#138:
>0:40.15,116.31;40.21,116.59;
#139:
>0:40.57,116.24;40.8,116.71;40.97,116.86;
#140:
>0:40.39,117.11;40.29,116.88;40.15,116.19;
#141:
>0:39.98,116.58;39.94,116.72;
#142:
>0:40.6,116.01;40.67,115.5;40.92,115.53;
#143:
>0:40.25,117.72;40.25,117.17;40.6,116.87;40.93,116.52;
#144:
>0:40.05,116.25;40.04,116.49;
#145:
>0:40.93,117.29;40.66,117.91;40.5,117.91;40.25,117.8;
#146:
>0:40.22,115.92;40.24,115.7;40.26,116.55;40.68,116.12;
#147:
>0:40.15,117.32;40.33,117.83;
#148:
>0:40.77,116.66;40.6,116.43;40.44,115.81;40.39,115.36;
#149:
>0:40.83,116.29;40.81,116.93;40.58,116.66;
#150:
>0:40.43,115.27;40.24,116.11;40.32,116.24;40.13,116.87;40.08,117.21;
#151:
>0:40.04,115.45;40.3,115.93;40.61,116.32;40.63,116.29;40.54,116.76;40.73,117.77;
#152:
>0:39.87,115.42;40.22,115.27;40.25,115.34;40.53,115.28;40.71,115.6;
#153:
>0:40.06,116.71;39.94,116.34;
#154:
>0:40.5,117.11;40.77,116.88;40.52,116.2;40.74,115.95;
#155:
>0:40.09,116.64;40.06,116.16;
#156:
>0:40.01,116.33;40.03,116.74;
#157:
>0:40.05,116.73;40.19,116.17;
#158:
>0:40.11,116.59;40.1,116.45;
#159:
>0:40.38,115.78;40.43,116.31;40.77,116.95;40.92,117.11;
#160:
>0:40.06,116.34;40.09,116.38;
#161:
>0:40.08,116.44;39.95,116.72;40.02,115.6;
#162:
>0:40.63,116.1;40.51,115.47;
#163:
>0:40.99,117.01;40.89,116.23;40.81,116.85;40.33,117.04;
#164:
>0:40.83,115.89;40.99,116.53;40.71,116.51;40.4,117.16;
#165:
>0:40.87,115.54;40.81,115.93;40.74,115.4;40.52,115.39;40.41,115.97;39.97,115.28;
#166:
>0:40.15,116.39;39.95,116.67;
#167:
>0:39.89,116.38;40.15,116.5;
#168:
>0:40.03,116.69;39.99,116.38;
#169:
>0:39.92,116.69;40.07,116.4;
#170:
>0:40.56,115.76;40.76,116.41;40.67,116.66;40.63,117.33;
#171:
>0:40.9,116.38;40.64,116.68;40.5,117.3;40.23,117.04;40.1,116.43;
#172:
>0:40.8,115.69;40.81,115.77;40.79,116.31;40.63,116.87;40.67,117.15;
#173:
>0:40.12,116.43;40.06,116.67;
#174:
>0:40.16,115.33;39.95,115.75;40.08,116.05;39.84,116.97;
#175:
>0:40.14,115.35;40.36,116.04;40.61,116.41;40.74,116.92;40.99,116.68;
#176:
>0:40.83,115.89;40.72,116.25;40.59,116.78;40.25,117.18;40.22,117.7;
#177:
>0:40.12,116.38;40.11,116.6;
#178:
>0:39.94,117.84;39.89,117.38;40.16,117.1;40.39,116.29;
#179:
>0:41.01,116.48;40.82,116.6;40.53,117.3;40.37,116.89;40.07,117.25;39.87,117.04;
#180:
>0:40.23,117.4;40.2,117.32;
#181:
>0:40.0,116.34;39.92,116.45;
#182:
>0:39.98,116.46;39.97,116.59;
#183:
>0:40.11,116.3;40.02,116.71;
#184:
>0:40.52,117.03;40.32,117.35;40.1,117.86;39.94,117.72;
#185:
>0:40.07,117.6;40.31,117.09;40.29,116.84;40.24,116.35;40.49,116.42;40.59,115.54;
#186:
>0:40.07,115.5;40.28,115.92;40.5,116.31;40.75,116.63;40.77,117.22;
#187:
>0:40.04,116.47;40.34,116.68;40.6,117.33;40.75,117.85;
#188:
>0:40.59,116.16;40.78,116.18;40.43,116.63;40.5,117.81;
#189:
>0:40.62,117.23;40.79,117.51;40.95,116.85;
#190:
>0:40.73,115.89;40.76,115.49;40.44,115.31;40.32,115.81;39.97,115.95;
#191:
>0:40.73,116.72;40.84,117.48;
#192:
>0:40.58,116.19;40.57,116.12;41.0,115.89;
#193:
>0:39.96,116.34;39.97,116.7;
#194:
>0:39.92,116.43;39.98,116.41;
#195:
>0:40.89,116.87;40.67,117.03;40.61,116.11;
#196:
>0:39.98,116.59;40.01,116.6;
#197:
>0:40.02,116.55;40.12,116.41;39.88,116.3;
#198:
>0:40.41,116.98;40.42,116.32;40.19,115.74;40.1,115.26;
#199:
>0:39.88,117.91;39.94,117.46;40.15,117.27;40.32,116.86;40.26,116.2;40.11,115.25;
#200:
>0:39.93,116.41;39.92,116.41;
#201:
>0:39.95,117.73;40.13,117.47;40.3,116.88;40.3,116.16;40.81,116.33;
#202:
>0:39.99,117.31;40.09,117.8;40.35,117.93;40.43,117.51;
#203:
>0:40.06,116.44;40.16,115.77;39.99,116.53;
#204:
>0:39.96,115.99;40.1,116.19;39.93,116.61;39.98,117.18;
#205:
>0:40.93,116.1;40.63,116.23;40.55,116.86;40.35,117.36;40.2,117.56;
#206:
>0:39.99,116.43;40.01,116.3;
#207:
>0:40.83,116.74;40.63,116.7;40.57,115.7;
#208:
>0:40.0,116.36;39.99,116.62;
#209:
>0:40.32,117.7;40.3,117.28;40.48,117.17;40.97,116.2;
#210:
>0:39.96,116.68;40.1,116.4;
#211:
>0:39.98,116.31;39.99,116.69;
#212:
>0:40.71,115.79;40.58,116.44;40.6,115.91;40.26,116.45;40.0,116.62;
#213:
>0:41.01,117.88;40.71,117.61;40.97,116.69;
#214:
>0:40.13,116.47;39.98,116.56;
#215:
>0:40.0,116.45;40.0,116.36;
#216:
>0:39.99,116.37;40.19,116.25;39.99,116.39;
#217:
>0:40.6,115.25;40.63,115.51;40.99,115.62;
#218:
>0:40.65,116.79;40.95,117.23;
#219:
>0:40.65,116.74;40.59,117.29;40.48,117.6;
#220:
>0:40.75,116.35;40.51,116.79;40.39,116.33;40.06,116.0;39.89,116.89;
#221:
>0:40.26,115.35;40.05,115.83;
#222:
>0:39.97,115.43;40.2,115.72;40.37,115.76;40.23,116.46;40.71,116.58;
#223:
>0:40.09,116.44;39.9,116.48;
#224:
>0:39.97,116.32;39.9,116.64;
#225:
>0:40.3,115.98;40.35,116.24;39.92,116.04;
#226:
>0:40.82,116.14;40.79,116.94;40.61,116.84;
#227:
>0:39.98,116.7;40.07,116.62;
#228:
>0:40.95,115.81;40.64,115.9;40.8,115.4;40.61,115.55;40.33,115.72;39.93,115.3;
#229:
>0:40.89,115.38;40.79,115.91;40.92,115.78;40.86,116.38;40.59,117.14;
#230:
>0:40.21,116.39;40.23,116.65;40.56,117.12;40.63,117.56;40.97,117.8;
#231:
>0:39.9,115.48;40.09,115.25;
#232:
>0:39.95,116.7;40.02,116.63;
#233:
>0:39.99,116.72;40.19,116.33;
#234:
>0:40.1,116.67;40.06,116.59;
#235:
>0:41.01,117.53;40.83,117.11;40.75,116.73;40.48,116.37;40.29,115.98;
#236:
>0:40.04,116.17;40.12,116.51;
#237:
>0:39.95,116.3;39.94,116.38;
#238:
>0:39.9,115.53;40.05,116.12;40.22,116.41;40.58,116.75;40.78,117.15;
#239:
>0:40.96,116.26;40.81,116.73;40.48,117.15;40.33,116.81;40.04,117.3;40.0,116.84;
#240:
>0:40.37,116.09;40.53,116.32;40.81,116.65;40.98,117.41;
#241:
>0:40.05,116.24;40.12,116.32;
#242:
>0:40.41,116.88;40.41,116.21;40.73,116.13;
#243:
>0:39.94,117.38;40.03,116.61;
#244:
>0:40.72,116.6;40.93,116.27;
#245:
>0:39.87,116.45;39.99,116.35;
#246:
>0:40.31,117.95;40.37,117.11;40.51,116.86;40.82,116.54;
#247:
>0:40.53,117.16;40.34,116.67;
#248:
>0:40.79,116.68;40.98,116.15;
#249:
>0:40.49,115.75;40.75,115.39;40.87,115.63;
#250:
>0:40.15,116.49;40.07,116.47;
#251:
>0:40.68,115.89;40.51,115.61;40.34,115.43;
#252:
>0:40.02,116.68;39.92,116.69;
#253:
>0:40.49,115.59;40.42,115.9;40.28,116.16;40.14,116.85;40.17,117.22;
#254:
>0:40.85,116.63;40.7,117.36;
#255:
>0:40.09,116.6;40.11,116.4;
#256:
>0:40.44,115.56;40.66,115.93;40.93,116.58;
#257:
>0:40.28,117.05;40.26,116.7;39.94,117.06;
#258:
>0:39.93,116.74;39.92,116.67;
#259:
>0:40.17,115.24;40.33,116.12;40.46,116.33;40.81,117.0;
#260:
>0:40.18,116.34;39.89,116.44;
#261:
>0:40.2,115.31;39.98,115.61;40.09,116.14;
#262:
>0:40.23,116.12;40.26,115.77;
#263:
>0:40.02,116.93;40.11,117.44;40.37,116.87;40.59,116.43;
#264:
>0:40.82,115.62;40.77,115.84;40.75,116.39;40.63,116.85;40.63,117.27;
#265:
>0:40.01,116.71;39.96,116.4;
#266:
>0:40.89,115.39;40.82,115.55;
#267:
>0:40.62,115.42;40.56,115.38;40.39,115.35;40.04,115.47;
#268:
>0:40.26,115.34;40.32,115.81;40.39,116.5;40.21,116.96;40.18,117.4;
#269:
>0:40.36,117.75;40.17,117.81;39.91,117.18;
#270:
>0:40.42,115.6;40.57,116.02;40.7,115.89;40.93,116.5;
#271:
>0:40.17,117.34;40.1,117.31;
#272:
>0:40.78,116.66;40.57,116.28;40.39,116.55;40.33,116.62;39.89,117.22;
#273:
>0:40.3,116.48;40.42,115.73;
#274:
>0:40.02,116.59;39.91,116.53;
#275:
>0:40.04,116.54;40.11,116.33;
#276:
>0:40.7,115.41;40.47,115.42;40.36,116.04;40.1,115.79;39.93,116.46;
#277:
>0:40.02,116.66;40.19,116.25;40.02,116.44;
#278:
>0:40.01,116.64;39.92,116.71;
#279:
>0:40.61,115.45;40.27,115.78;40.37,116.49;40.11,116.81;
#280:
>0:40.18,116.54;40.21,116.56;
#281:
>0:39.9,116.75;39.96,116.46;
#282:
>0:40.4,116.98;40.35,116.33;40.67,115.8;
#283:
>0:39.98,116.4;40.05,116.53;
#284:
>0:40.21,116.44;40.12,116.5;
#285:
>0:40.51,117.47;40.31,117.24;
#286:
>0:39.93,116.33;40.09,116.69;
#287:
>0:40.11,116.41;39.94,116.31;
#288:
>0:40.0,116.44;39.97,116.69;
#289:
>0:39.87,115.24;40.04,115.76;40.23,115.77;40.27,116.24;40.68,115.72;
#290:
>0:40.06,115.98;40.26,115.7;
#291:
>0:40.14,116.5;40.0,116.34;
#292:
>0:40.89,115.65;40.64,115.85;40.98,116.41;40.72,116.49;40.39,117.42;
#293:
>0:40.83,117.37;41.01,117.65;40.67,117.82;40.52,117.19;40.06,117.32;
#294:
>0:40.17,116.19;40.13,116.45;
#295:
>0:39.97,116.56;39.91,116.49;
#296:
>0:40.1,116.64;39.97,116.72;
#297:
>0:40.14,116.38;40.38,116.74;40.6,117.28;40.77,117.67;
#298:
>0:39.95,116.63;39.99,116.62;
#299:
>0:41.01,116.08;40.98,116.27;40.62,116.68;40.53,116.45;40.37,116.54;39.95,116.6;
#300:
>0:40.27,116.05;40.15,115.33;39.86,115.8;
#301:
>0:40.61,117.86;40.7,117.32;40.95,116.86;40.93,116.49;40.84,116.03;40.82,115.31;
#302:
>0:40.48,116.58;40.71,116.4;40.64,115.35;
#303:
>0:40.72,117.9;40.42,117.48;40.41,116.76;40.55,116.46;
#304:
>0:40.72,116.05;41.0,116.57;41.01,117.04;
#305:
>0:39.86,116.42;40.05,116.28;
#306:
>0:40.02,116.32;40.06,116.47;
#307:
>0:39.91,116.46;40.08,116.44;
#308:
>0:39.98,117.4;40.12,117.0;
#309:
>0:40.19,117.26;40.29,117.81;
#310:
>0:40.05,115.39;40.27,115.82;40.51,116.5;40.71,117.0;40.68,117.43;
#311:
>0:40.02,116.72;40.18,116.19;
#312:
>0:40.98,116.08;40.92,116.24;40.68,116.87;40.55,116.29;40.37,115.73;40.01,115.51;
#313:
>0:40.07,116.39;40.19,116.51;
#314:
>0:40.32,116.1;40.52,115.26;
#315:
>0:40.02,116.41;39.92,116.67;
#316:
>0:40.04,116.7;39.97,116.53;
#317:
>0:40.63,115.31;40.5,115.48;40.4,115.87;40.11,116.06;40.08,116.51;
#318:
>0:40.41,117.49;40.21,117.49;
#319:
>0:39.94,115.75;40.04,116.3;
#320:
>0:39.91,116.64;39.98,116.63;
#321:
>0:39.86,116.11;39.88,116.13;
#322:
>0:40.11,117.2;40.26,117.75;
#323:
>0:40.26,117.32;40.53,116.96;40.73,116.57;40.76,115.93;
#324:
>0:40.64,116.08;40.47,116.5;40.3,116.89;40.08,117.07;39.87,117.62;
#325:
>0:40.2,116.46;39.98,116.64;
#326:
>0:40.0,116.48;39.9,116.59;
#327:
>0:40.06,116.68;40.22,116.47;
#328:
>0:40.06,116.54;40.14,116.51;
#329:
>0:40.1,116.4;40.1,116.55;
#330:
>0:40.27,116.6;40.49,116.4;40.66,115.7;40.98,115.25;
#331:
>0:40.0,116.53;40.19,115.83;40.02,116.33;
#332:
>0:40.01,116.61;40.07,116.43;40.08,116.32;
#333:
>0:40.39,115.98;40.49,115.91;
#334:
>0:40.31,116.57;40.4,116.08;
#335:
>0:40.17,116.49;40.04,116.69;39.91,115.44;
#336:
>0:40.67,115.54;40.53,115.53;40.27,115.79;40.09,115.54;39.84,115.86;
#337:
>0:39.96,116.56;39.98,116.55;
#338:
>0:40.42,115.9;40.16,116.04;39.83,115.73;
#339:
>0:40.95,117.51;40.7,117.74;40.57,117.44;40.23,116.94;40.2,117.49;39.91,117.77;
#340:
>0:40.75,117.33;40.97,116.69;
#341:
>0:40.55,116.38;40.81,116.25;40.59,116.96;40.56,117.57;
#342:
>0:40.04,115.53;40.39,115.99;40.61,116.58;40.82,116.9;41.01,117.03;
#343:
>0:39.94,116.66;40.21,116.48;
#344:
>0:40.06,116.4;39.91,116.37;
#345:
>0:39.98,116.75;40.14,116.23;40.08,116.66;
#346:
>0:40.2,117.54;40.29,117.82;40.55,117.17;40.79,116.65;40.45,115.84;
#347:
>0:39.92,116.68;40.01,116.71;
#348:
>0:40.54,116.61;40.25,117.33;
#349:
>0:40.84,116.09;40.84,116.59;40.74,116.65;40.42,117.05;
#350:
>0:39.91,116.51;40.13,116.59;
#351:
>0:40.03,116.53;39.98,116.66;
#352:
>0:39.89,115.9;40.08,116.26;39.93,116.67;39.92,117.35;
#353:
>0:39.98,116.36;40.07,116.66;
#354:
>0:39.98,116.37;40.07,116.37;
#355:
>0:40.06,116.2;40.06,116.3;
#356:
>0:40.12,116.52;40.15,116.66;
#357:
>0:39.88,117.86;39.83,117.38;40.13,117.17;40.38,116.15;
#358:
>0:40.01,117.7;40.1,117.48;40.34,116.83;40.49,116.35;
#359:
>0:40.49,115.47;40.4,115.78;40.27,116.39;39.93,116.9;
#360:
>0:40.61,117.47;40.31,116.81;40.21,117.44;39.85,117.89;
#361:
>0:39.97,116.34;40.14,116.69;
#362:
>0:39.85,116.42;40.02,116.52;
#363:
>0:40.77,115.29;40.55,115.97;40.27,116.23;40.41,116.63;40.08,117.33;39.91,117.61;
#364:
>0:39.97,117.04;39.89,116.89;
#365:
>0:40.34,116.26;40.08,116.25;40.02,116.69;
#366:
>0:40.95,117.19;40.99,116.98;41.01,116.51;40.94,115.83;
#367:
>0:40.65,117.1;40.88,116.69;40.91,116.49;40.66,115.85;
#368:
>0:39.98,116.58;40.01,116.32;
#369:
>0:40.05,116.29;40.09,116.52;
#370:
>0:40.07,116.35;39.95,116.35;
#371:
>0:39.92,116.48;40.07,116.61;
#372:
>0:40.95,116.9;40.76,116.84;40.46,117.29;40.4,116.78;40.39,116.5;40.07,116.45;
#373:
>0:40.75,116.03;40.55,116.39;40.23,116.43;40.15,117.09;
#374:
>0:40.76,115.73;40.6,115.62;40.28,115.3;
#375:
>0:40.41,116.56;40.26,116.91;40.13,117.09;39.97,117.62;
#376:
>0:41.01,117.06;40.65,116.74;40.53,117.21;40.24,116.66;40.1,117.08;40.0,116.77;
#377:
>0:40.18,116.59;40.34,116.76;40.51,117.29;40.72,117.76;
#378:
>0:40.18,117.41;40.16,117.92;40.46,117.68;
#379:
>0:40.58,117.53;40.52,117.11;40.28,116.99;40.24,116.2;40.56,116.01;
#380:
>0:40.06,116.73;40.07,116.72;
#381:
>0:40.43,117.64;40.61,117.11;40.73,116.82;40.47,116.59;40.64,116.07;
#382:
>0:40.12,116.43;40.04,116.38;
#383:
>0:40.93,116.76;40.72,117.03;40.43,117.34;40.42,116.62;40.37,116.4;40.02,116.43;
#384:
>0:39.86,115.8;40.2,116.36;40.41,116.9;40.43,117.25;40.72,117.88;40.93,117.76;
#385:
>0:40.03,115.24;40.34,115.97;40.5,116.43;40.73,116.74;40.73,117.22;
#386:
>0:40.39,115.54;40.12,116.0;
#387:
>0:40.13,115.28;39.83,115.47;40.08,115.77;39.93,116.83;
#388:
>0:40.47,115.58;40.33,115.92;40.23,116.16;
#389:
>0:40.11,116.64;40.03,116.73;
#390:
>0:40.86,117.95;40.95,117.55;
#391:
>0:40.96,117.52;40.81,117.45;40.51,116.84;
#392:
>0:39.89,116.3;40.0,116.7;
#393:
>0:40.69,116.75;40.67,117.04;
#394:
>0:40.43,116.41;40.72,116.14;40.79,115.69;
#395:
>0:40.07,116.32;40.18,116.5;40.01,116.49;40.01,116.56;
#396:
>0:40.4,116.47;40.26,115.9;
#397:
>0:40.28,115.28;40.56,115.44;40.26,116.06;40.23,116.17;40.31,117.04;40.05,117.93;
#398:
>0:40.62,115.9;40.52,116.45;40.34,116.83;40.22,117.24;40.36,117.62;
#399:
>0:40.62,115.3;40.54,115.37;
#400:
>0:40.61,116.39;40.27,115.72;40.6,115.43;
#401:
>0:40.44,117.49;40.36,116.87;
#402:
>0:40.1,116.6;39.93,116.69;
#403:
>0:40.49,117.92;40.44,117.46;40.66,116.99;40.65,116.52;
#404:
>0:39.84,117.32;40.13,117.24;40.38,116.88;40.4,116.49;40.61,115.42;
#405:
>0:40.05,116.2;39.83,116.67;
#406:
>0:40.53,116.27;40.36,116.06;40.44,115.4;
#407:
>0:40.89,116.33;40.72,116.85;40.6,116.28;40.27,115.83;40.15,116.25;
#408:
>0:40.13,117.43;40.4,116.97;40.29,116.22;40.47,116.57;40.97,116.37;
#409:
>0:40.34,115.66;40.48,115.82;40.77,115.97;40.88,116.59;
#410:
>0:40.13,117.05;40.03,117.79;40.36,117.51;40.81,116.9;
#411:
>0:40.05,116.63;40.08,116.49;
#412:
>0:40.04,116.41;39.99,116.55;
#413:
>0:40.76,117.62;40.45,117.58;40.46,117.47;40.23,116.91;40.26,116.5;40.23,115.39;
#414:
>0:40.59,115.67;40.31,115.9;40.28,116.4;
#415:
>0:40.05,115.36;39.97,115.36;40.03,116.03;40.03,116.67;
#416:
>0:40.04,115.46;40.28,115.86;40.58,116.56;40.79,116.93;
#417:
>0:39.95,117.19;40.21,117.04;
#418:
>0:40.29,115.77;40.48,116.07;
#419:
>0:39.97,116.31;39.96,116.57;
#420:
>0:40.41,115.51;40.62,115.87;40.71,115.89;40.89,116.22;
#421:
>0:39.91,116.39;40.05,116.36;
#422:
>0:40.81,115.52;40.98,116.02;40.92,116.16;40.83,116.79;
#423:
>0:40.04,116.18;40.05,116.37;
#424:
>0:40.16,117.18;40.08,117.72;40.54,117.72;
#425:
>0:39.97,116.57;39.96,116.56;
#426:
>0:40.01,116.52;40.12,116.35;
