#0:
>0:39.9795833333333,116.32705;39.9816333333333,116.329733333333;39.9814333333333,116.329083333333;39.9813833333333,116.328333333333;39.9805833333333,116.328433333333;39.9801833333333,116.328383333333;39.9794,116.328733333333;39.9787666666667,116.328716666667;39.9759166666667,116.329433333333;39.9765333333333,116.3298;39.97655,116.330616666667;39.9761833333333,116.330683333333;
#1:
>0:39.9769333333333,116.3298;39.9769,116.329533333333;39.9771166666667,116.330066666667;39.9768333333333,116.32895;39.9770166666667,116.329033333333;39.9778,116.329033333333;39.9776333333333,116.328966666667;39.9779333333333,116.329083333333;39.9779833333333,116.328783333333;39.9781,116.328683333333;39.9783666666667,116.328;39.9787666666667,116.328366666667;39.9790833333333,116.32825;39.9791166666667,116.3281;39.9793166666667,116.32825;39.9798833333333,116.32825;39.9799333333333,116.328083333333;39.9800833333333,116.3281;39.9801833333333,116.3278;39.9803,116.327733333333;39.9805333333333,116.327783333333;39.9807,116.32775;39.98085,116.32785;39.9808,116.328033333333;39.9808166666667,116.328233333333;39.9809,116.328583333333;39.9808833333333,116.328883333333;39.98095,116.32925;39.9809333333333,116.329466666667;39.9809666666667,116.329716666667;39.9811333333333,116.329833333333;39.9810666666667,116.33005;39.9809833333333,116.330183333333;
#2:
>0:39.9779333333333,116.328883333333;39.9786,116.3283;39.97805,116.329016666667;39.9775166666667,116.329283333333;39.9773333333333,116.329983333333;39.9771666666667,116.330366666667;
#3:
>0:39.982,116.329716666667;39.9817833333333,116.329533333333;39.9818,116.329383333333;39.9817333333333,116.329166666667;39.9816166666667,116.3288;39.98155,116.3284;39.9815,116.328183333333;39.9813,116.328233333333;39.9810833333333,116.328216666667;39.9807,116.328233333333;39.9803166666667,116.3283;39.98015,116.3284;39.9799166666667,116.32835;39.9795666666667,116.32825;39.9794333333333,116.328383333333;39.97925,116.328483333333;39.9790166666667,116.328583333333;39.9788666666667,116.328683333333;39.9787,116.328733333333;39.9784,116.328816666667;39.97815,116.328783333333;39.9779333333333,116.328866666667;39.97775,116.329016666667;39.9776833333333,116.329216666667;39.97775,116.329533333333;39.9774833333333,116.329533333333;39.9773,116.329466666667;39.97745,116.329983333333;39.9775166666667,116.330216666667;39.97735,116.3304;39.9771833333333,116.3306;39.9767833333333,116.33065;39.9765833333333,116.330633333333;
#4:
>0:39.9776,116.329833333333;39.97525,116.330383333333;39.9816666666667,116.3275;39.9763333333333,116.329883333333;39.9758166666667,116.330933333333;39.97765,116.329166666667;39.9782,116.328933333333;39.9789,116.328666666667;39.9794666666667,116.3284;39.9801833333333,116.32825;39.98105,116.3282;39.98135,116.3287;39.9815166666667,116.3297;39.9816333333333,116.3303;39.9814333333333,116.3306;
#5:
>0:39.9817333333333,116.3304;39.982,116.3303;39.982,116.33005;39.9819833333333,116.329766666667;39.98195,116.329466666667;39.9818333333333,116.329083333333;39.9817666666667,116.3288;39.9816833333333,116.328516666667;39.9816833333333,116.328316666667;39.9814166666667,116.328316666667;39.9811833333333,116.328316666667;39.9809333333333,116.3283;39.9807,116.328366666667;39.9802333333333,116.328333333333;39.9800666666667,116.328366666667;39.9798666666667,116.328483333333;39.9796166666667,116.32855;39.9794666666667,116.328616666667;39.9792833333333,116.328633333333;39.97905,116.328716666667;39.97885,116.328783333333;39.9786333333333,116.328816666667;39.9783666666667,116.328866666667;39.9780666666667,116.328933333333;39.9778833333333,116.328983333333;39.9776333333333,116.329116666667;39.9774,116.329066666667;39.97725,116.32915;39.9771166666667,116.33005;39.9771666666667,116.329816666667;39.9771666666667,116.329966666667;39.9771,116.330233333333;39.9770666666667,116.3305;39.9769666666667,116.330666666667;39.9767166666667,116.33065;39.9765833333333,116.3307;
#6:
>0:39.9754,116.328216666667;39.9767166666667,116.330216666667;39.97715,116.329583333333;39.9776,116.3291;39.97825,116.328966666667;39.9788166666667,116.32885;39.97945,116.32855;39.98065,116.328266666667;
#7:
>0:39.9815833333333,116.3297;39.98145,116.328333333333;39.9806166666667,116.328383333333;39.97975,116.328266666667;39.97865,116.3289;39.9779166666667,116.329033333333;39.9775166666667,116.32965;39.9772833333333,116.33025;39.9764166666667,116.330683333333;
