#0:
>0:40.06,116.36;40.02,116.39;
#1:
>0:39.97,116.47;39.94,116.47;39.95,116.4;
#2:
>0:39.94,116.44;39.91,116.4;39.87,116.39;39.93,116.34;
#3:
>0:39.86,116.43;39.85,116.41;39.9,116.42;39.94,116.45;39.98,116.45;40.03,116.46;
#4:
>0:40.03,116.47;39.98,116.49;39.94,116.41;
#5:
>0:39.97,116.46;39.93,116.44;
#6:
>0:40.06,116.39;40.05,116.4;40.05,116.43;
#7:
>0:40.0,116.35;40.02,116.39;39.97,116.39;39.98,116.45;
#8:
>0:39.99,116.31;40.0,116.34;40.0,116.38;39.99,116.4;39.96,116.45;39.95,116.48;
#9:
>0:39.98,116.33;40.0,116.36;40.01,116.37;40.05,116.4;
#10:
>0:39.88,116.36;39.89,116.32;
#11:
>0:40.05,116.47;40.02,116.43;39.96,116.42;39.95,116.41;39.89,116.41;39.85,116.35;
#12:
>0:40.04,116.4;40.06,116.42;
#13:
>0:39.91,116.34;39.94,116.38;39.99,116.42;40.0,116.41;40.05,116.44;
#14:
>0:40.04,116.48;40.02,116.45;39.96,116.46;
#15:
>0:39.99,116.35;40.0,116.3;
#16:
>0:39.88,116.35;39.85,116.3;39.89,116.35;39.98,116.42;
#17:
>0:39.96,116.34;39.95,116.38;
#18:
>0:40.06,116.43;40.03,116.4;39.98,116.38;
#19:
>0:39.97,116.36;39.97,116.39;39.99,116.4;40.01,116.46;
#20:
>0:39.95,116.33;39.96,116.31;39.97,116.35;39.92,116.34;39.99,116.35;39.98,116.34;
#21:
>0:40.0,116.3;40.01,116.35;40.0,116.36;39.96,116.42;40.05,116.44;
#22:
>0:40.03,116.43;39.99,116.44;
#23:
>0:39.95,116.31;39.9,116.31;
#24:
>0:40.0,116.42;39.96,116.37;39.98,116.4;39.9,116.38;
#25:
>0:39.87,116.34;39.9,116.35;39.96,116.38;39.96,116.42;39.99,116.48;
#26:
>0:40.02,116.46;39.98,116.41;39.94,116.46;
#27:
>0:40.01,116.42;40.04,116.37;40.03,116.35;
#28:
>0:40.0,116.35;40.01,116.39;39.96,116.4;40.03,116.44;
#29:
>0:40.02,116.32;39.99,116.35;39.96,116.39;39.88,116.41;39.89,116.44;39.91,116.48;
#30:
>0:40.05,116.42;40.04,116.4;
#31:
>0:39.89,116.43;39.88,116.42;39.87,116.49;
#32:
>0:39.86,116.49;39.9,116.46;39.94,116.48;
#33:
>0:39.9,116.35;39.91,116.38;39.95,116.4;39.91,116.43;
#34:
>0:39.92,116.45;39.92,116.41;39.95,116.45;40.03,116.41;
#35:
>0:39.91,116.36;39.93,116.4;39.9,116.45;
#36:
>0:39.89,116.34;39.95,116.36;39.97,116.36;40.03,116.41;
#37:
>0:39.92,116.39;39.92,116.39;
#38:
>0:40.06,116.39;40.02,116.34;40.02,116.39;39.95,116.43;
#39:
>0:39.97,116.35;39.99,116.36;
#40:
>0:39.98,116.33;39.97,116.39;
#41:
>0:39.96,116.41;39.98,116.44;39.95,116.47;
#42:
>0:39.98,116.46;39.99,116.46;39.95,116.45;40.02,116.39;
#43:
>0:39.89,116.47;39.85,116.48;
#44:
>0:40.0,116.33;39.98,116.34;39.98,116.36;39.89,116.42;
#45:
>0:40.04,116.49;40.01,116.45;39.97,116.41;39.93,116.39;39.89,116.34;39.91,116.3;
#46:
>0:39.87,116.49;39.9,116.48;39.92,116.47;
#47:
>0:40.02,116.45;39.99,116.42;39.96,116.45;
#48:
>0:39.96,116.38;39.98,116.41;40.0,116.46;40.03,116.46;
#49:
>0:39.96,116.38;39.93,116.41;39.89,116.43;
#50:
>0:39.88,116.3;39.89,116.36;39.95,116.33;39.99,116.39;
#51:
>0:39.89,116.33;39.86,116.34;39.92,116.39;
#52:
>0:39.94,116.34;39.89,116.31;39.88,116.31;
#53:
>0:40.03,116.32;40.03,116.33;39.96,116.39;
#54:
>0:40.06,116.33;40.0,116.36;40.01,116.38;39.98,116.41;39.99,116.44;39.92,116.49;
#55:
>0:39.87,116.42;39.88,116.43;
#56:
>0:40.04,116.4;40.03,116.45;39.97,116.44;39.94,116.49;
#57:
>0:40.02,116.46;39.99,116.4;39.95,116.44;
#58:
>0:39.93,116.44;39.98,116.4;40.01,116.42;40.06,116.4;
