#0:
>0:39.87,116.36;39.9,116.35;39.93,116.35;
#1:
>0:39.93,116.43;39.89,116.42;39.91,116.35;
#2:
>0:39.94,116.31;39.99,116.32;
#3:
>0:40.0,116.41;39.99,116.37;39.96,116.41;
#4:
>0:39.98,116.47;39.94,116.43;39.91,116.43;39.86,116.39;39.86,116.35;
#5:
>0:40.05,116.38;40.0,116.39;39.99,116.38;
#6:
>0:39.89,116.31;39.92,116.36;39.96,116.37;
#7:
>0:40.04,116.48;40.03,116.47;39.96,116.45;40.0,116.38;
#8:
>0:39.97,116.39;39.97,116.34;
#9:
>0:39.9,116.34;39.88,116.34;39.85,116.37;39.93,116.45;
#10:
>0:39.93,116.41;39.95,116.37;
#11:
>0:39.95,116.34;39.92,116.35;
#12:
>0:39.98,116.34;39.97,116.35;
#13:
>0:39.94,116.31;39.91,116.35;39.95,116.37;39.91,116.39;39.96,116.43;
#14:
>0:40.04,116.34;40.0,116.32;39.99,116.32;
#15:
>0:40.01,116.37;40.01,116.42;40.03,116.45;
#16:
>0:39.86,116.38;39.89,116.4;39.95,116.35;
#17:
>0:39.89,116.44;39.96,116.43;39.97,116.37;40.02,116.35;
#18:
>0:40.05,116.36;39.99,116.39;39.96,116.42;39.96,116.46;39.93,116.47;
#19:
>0:39.96,116.43;39.96,116.42;40.0,116.38;40.02,116.35;39.93,116.31;
#20:
>0:40.06,116.47;40.04,116.45;40.04,116.4;40.04,116.38;
#21:
>0:40.0,116.34;40.02,116.37;
#22:
>0:39.86,116.39;39.89,116.41;
#23:
>0:39.9,116.4;39.94,116.38;39.97,116.36;
#24:
>0:39.86,116.39;39.9,116.42;
#25:
>0:39.92,116.36;39.91,116.35;39.85,116.33;
#26:
>0:40.03,116.43;40.03,116.42;39.97,116.38;39.96,116.36;
#27:
>0:39.85,116.46;39.85,116.48;
#28:
>0:39.95,116.39;39.93,116.42;39.99,116.34;
#29:
>0:39.91,116.39;39.95,116.39;39.94,116.41;40.01,116.35;
#30:
>0:40.04,116.48;40.0,116.43;39.99,116.41;39.93,116.38;39.89,116.35;39.85,116.33;
#31:
>0:39.97,116.46;39.92,116.44;39.9,116.41;39.86,116.37;39.88,116.36;
#32:
>0:39.86,116.47;39.89,116.45;39.94,116.4;39.98,116.37;40.03,116.37;40.07,116.32;
#33:
>0:39.93,116.3;39.97,116.36;39.97,116.37;40.03,116.42;40.05,116.43;
#34:
>0:39.89,116.46;39.93,116.49;39.95,116.46;40.01,116.38;
#35:
>0:39.91,116.3;39.92,116.34;
#36:
>0:39.96,116.47;39.94,116.48;39.9,116.46;39.89,116.38;
#37:
>0:40.06,116.33;40.01,116.31;39.98,116.34;39.93,116.3;
#38:
>0:40.06,116.34;40.03,116.3;39.99,116.3;
#39:
>0:39.87,116.48;39.91,116.47;39.85,116.44;39.92,116.41;39.95,116.34;
#40:
>0:40.04,116.35;40.0,116.32;39.97,116.32;39.94,116.34;39.91,116.4;
#41:
>0:40.05,116.43;40.01,116.47;39.97,116.48;
#42:
>0:40.03,116.3;39.98,116.33;39.92,116.3;
#43:
>0:39.96,116.34;39.94,116.33;
#44:
>0:39.99,116.46;39.93,116.42;40.01,116.39;
#45:
>0:39.9,116.33;39.94,116.3;39.98,116.34;
#46:
>0:39.94,116.34;39.92,116.34;
#47:
>0:39.89,116.47;39.95,116.47;39.95,116.45;39.97,116.4;40.06,116.42;
#48:
>0:39.92,116.48;39.95,116.48;39.93,116.46;39.96,116.41;40.05,116.34;
#49:
>0:39.9,116.34;39.87,116.36;
#50:
>0:39.94,116.41;39.98,116.36;40.02,116.33;
#51:
>0:40.03,116.47;40.0,116.46;39.96,116.4;39.94,116.37;39.92,116.35;39.86,116.33;
#52:
>0:40.03,116.42;40.03,116.39;40.0,116.38;40.05,116.3;
#53:
>0:39.99,116.35;40.01,116.35;39.98,116.34;
#54:
>0:39.94,116.43;39.91,116.4;39.89,116.38;39.91,116.34;
#55:
>0:39.86,116.41;39.9,116.37;39.95,116.38;39.94,116.4;39.98,116.38;40.03,116.4;
#56:
>0:39.9,116.45;39.96,116.42;
#57:
>0:39.85,116.4;39.87,116.4;
#58:
>0:39.94,116.34;39.89,116.35;
