#0:
>0:39.86,116.41;39.92,116.44;39.94,116.46;
#1:
>0:39.98,116.42;40.01,116.37;40.06,116.34;
#2:
>0:39.95,116.35;39.94,116.39;39.99,116.38;40.01,116.41;40.01,116.48;
#3:
>0:39.88,116.43;39.92,116.39;39.93,116.36;39.96,116.43;40.01,116.43;40.07,116.42;
#4:
>0:39.92,116.41;39.9,116.39;39.95,116.39;40.03,116.32;
#5:
>0:40.01,116.37;40.09,116.41;40.04,116.44;40.07,116.46;
#6:
>0:39.95,116.44;39.9,116.42;39.88,116.41;39.89,116.38;39.91,116.32;
#7:
>0:40.05,116.38;40.03,116.34;40.0,116.32;
#8:
>0:39.91,116.44;39.93,116.49;39.96,116.48;
#9:
>0:40.09,116.42;40.05,116.44;
#10:
>0:39.85,116.43;39.91,116.46;39.93,116.43;39.97,116.44;40.01,116.49;40.04,116.44;
#11:
>0:39.96,116.32;40.0,116.31;40.03,116.31;
#12:
>0:39.93,116.45;39.93,116.41;39.91,116.39;39.88,116.34;
#13:
>0:39.85,116.37;39.92,116.38;39.93,116.34;
#14:
>0:39.86,116.32;39.92,116.38;39.93,116.39;39.96,116.41;40.03,116.45;
#15:
>0:40.02,116.45;40.0,116.47;
#16:
>0:39.88,116.45;39.91,116.48;39.94,116.48;39.97,116.46;40.0,116.49;40.06,116.48;
#17:
>0:39.88,116.45;39.89,116.44;39.92,116.42;39.93,116.39;40.03,116.45;
#18:
>0:39.92,116.38;39.94,116.38;39.96,116.41;
#19:
>0:39.85,116.38;39.91,116.4;39.92,116.37;39.97,116.37;
#20:
>0:39.86,116.45;39.91,116.46;39.94,116.46;39.97,116.44;40.02,116.46;40.06,116.44;
#21:
>0:39.87,116.3;39.87,116.34;39.91,116.31;39.96,116.34;40.0,116.37;
#22:
>0:39.95,116.3;39.95,116.33;39.98,116.39;40.01,116.42;39.93,116.45;
#23:
>0:39.87,116.44;39.87,116.42;39.92,116.39;39.92,116.36;39.88,116.33;
#24:
>0:39.96,116.31;39.91,116.31;
#25:
>0:39.98,116.41;40.0,116.45;40.03,116.44;
#26:
>0:40.0,116.36;39.99,116.36;39.93,116.42;
#27:
>0:39.93,116.36;39.9,116.32;39.99,116.32;
#28:
>0:39.88,116.43;39.88,116.42;
#29:
>0:39.88,116.46;39.87,116.42;39.89,116.39;39.85,116.34;
#30:
>0:40.01,116.35;40.02,116.37;40.03,116.4;39.98,116.44;39.89,116.49;
#31:
>0:40.02,116.31;40.0,116.37;40.02,116.38;40.0,116.4;39.97,116.44;39.91,116.47;
#32:
>0:39.98,116.3;40.0,116.38;39.93,116.36;39.98,116.4;40.05,116.45;
#33:
>0:39.88,116.45;39.89,116.42;39.94,116.36;39.98,116.4;40.02,116.45;40.06,116.43;
#34:
>0:40.02,116.39;40.05,116.39;
#35:
>0:39.87,116.45;39.91,116.42;39.91,116.38;39.94,116.39;40.0,116.3;
#36:
>0:39.95,116.38;39.97,116.35;40.01,116.42;
#37:
>0:39.95,116.38;39.9,116.38;39.85,116.33;
#38:
>0:39.88,116.36;39.92,116.37;39.93,116.42;39.98,116.43;
#39:
>0:40.06,116.43;40.03,116.44;40.0,116.43;39.98,116.45;39.94,116.45;39.88,116.45;
#40:
>0:39.95,116.49;39.94,116.45;39.95,116.4;39.89,116.39;39.88,116.35;
#41:
>0:39.95,116.37;39.98,116.42;39.92,116.43;39.88,116.46;
#42:
>0:40.06,116.42;40.05,116.43;40.0,116.46;39.99,116.47;39.95,116.44;39.85,116.43;
#43:
>0:40.04,116.45;40.02,116.45;39.99,116.41;39.94,116.4;39.9,116.38;39.87,116.33;
#44:
>0:39.96,116.43;39.93,116.44;39.89,116.45;
#45:
>0:40.03,116.48;40.02,116.45;39.97,116.42;39.93,116.44;39.85,116.47;
#46:
>0:40.02,116.41;39.96,116.38;40.01,116.37;39.99,116.3;
#47:
>0:40.07,116.37;40.04,116.39;
#48:
>0:40.06,116.38;40.04,116.34;
#49:
>0:39.9,116.42;39.9,116.37;39.94,116.37;
#50:
>0:40.03,116.31;40.03,116.36;40.04,116.38;
#51:
>0:40.05,116.43;40.0,116.41;
#52:
>0:39.91,116.3;39.92,116.38;
#53:
>0:39.92,116.48;39.99,116.46;39.95,116.45;39.95,116.41;39.94,116.37;
#54:
>0:39.9,116.37;39.86,116.39;
#55:
>0:39.93,116.33;39.96,116.33;40.0,116.33;40.01,116.38;39.97,116.43;
#56:
>0:40.01,116.37;39.97,116.39;39.95,116.4;
#57:
>0:39.96,116.42;39.95,116.38;
#58:
>0:39.95,116.44;39.91,116.42;39.94,116.39;39.91,116.38;39.92,116.32;
