#0:
>0:39.95,116.46;39.96,116.42;
#1:
>0:39.87,116.43;39.85,116.37;39.86,116.36;39.85,116.33;
#2:
>0:39.87,116.49;39.85,116.47;
#3:
>0:39.95,116.37;39.9,116.38;39.9,116.45;
#4:
>0:39.88,116.42;39.88,116.39;39.87,116.35;39.86,116.32;
#5:
>0:39.93,116.3;40.0,116.35;39.98,116.36;
#6:
>0:39.9,116.35;39.94,116.37;39.95,116.42;39.99,116.42;40.04,116.42;
#7:
>0:39.88,116.3;39.92,116.35;39.86,116.34;39.86,116.38;39.88,116.41;39.89,116.48;
#8:
>0:39.99,116.38;40.0,116.36;
#9:
>0:39.97,116.46;39.92,116.45;39.9,116.42;39.9,116.37;39.98,116.32;
#10:
>0:39.85,116.33;39.88,116.38;39.87,116.42;39.91,116.45;
#11:
>0:39.97,116.4;40.02,116.37;
#12:
>0:39.87,116.43;39.89,116.42;39.96,116.38;
#13:
>0:39.92,116.3;39.94,116.33;39.89,116.35;39.91,116.38;39.86,116.43;
#14:
>0:39.96,116.47;40.02,116.45;40.01,116.41;
#15:
>0:39.9,116.38;39.97,116.39;39.97,116.37;
#16:
>0:39.85,116.34;39.85,116.39;39.89,116.39;39.95,116.42;40.0,116.44;
#17:
>0:39.91,116.37;39.92,116.41;39.94,116.37;40.0,116.4;
#18:
>0:39.94,116.41;39.94,116.43;39.9,116.47;
#19:
>0:39.87,116.47;39.85,116.46;
#20:
>0:39.98,116.38;39.94,116.42;39.9,116.44;39.85,116.47;
#21:
>0:40.02,116.31;40.0,116.34;39.98,116.37;39.94,116.42;
#22:
>0:39.89,116.37;39.95,116.42;39.97,116.46;39.97,116.41;40.04,116.42;
#23:
>0:39.91,116.46;39.9,116.4;39.91,116.39;39.9,116.34;
#24:
>0:39.99,116.45;39.98,116.4;39.97,116.38;
#25:
>0:39.99,116.45;39.93,116.45;39.91,116.4;39.86,116.37;
#26:
>0:39.95,116.41;39.92,116.43;39.87,116.37;
#27:
>0:39.89,116.49;39.96,116.47;39.97,116.49;40.0,116.49;40.04,116.47;
#28:
>0:39.96,116.3;39.88,116.32;
#29:
>0:39.91,116.43;39.9,116.4;39.97,116.37;
#30:
>0:40.04,116.44;40.07,116.41;40.01,116.4;39.98,116.43;39.94,116.45;39.87,116.37;
#31:
>0:39.95,116.36;40.01,116.36;39.97,116.31;40.04,116.35;
#32:
>0:39.88,116.47;39.87,116.47;
#33:
>0:39.96,116.41;39.95,116.45;
#34:
>0:39.89,116.47;39.88,116.49;
#35:
>0:39.96,116.3;39.92,116.36;39.95,116.38;39.92,116.39;39.85,116.45;
#36:
>0:39.88,116.41;39.85,116.44;39.88,116.46;
#37:
>0:39.92,116.4;39.92,116.44;39.97,116.48;
#38:
>0:40.01,116.43;39.96,116.37;39.99,116.36;39.92,116.3;
#39:
>0:40.04,116.45;40.02,116.43;39.98,116.39;39.95,116.35;39.89,116.3;
#40:
>0:40.04,116.32;40.01,116.35;40.01,116.39;
#41:
>0:40.03,116.37;39.97,116.4;39.96,116.46;39.93,116.49;
#42:
>0:39.9,116.32;39.94,116.33;39.97,116.37;
#43:
>0:39.93,116.42;39.94,116.37;39.96,116.36;40.03,116.32;
#44:
>0:40.0,116.37;39.98,116.36;
#45:
>0:40.04,116.37;40.03,116.36;39.97,116.37;39.92,116.4;
#46:
>0:39.86,116.37;39.89,116.38;39.93,116.35;39.97,116.32;40.01,116.3;40.04,116.31;
#47:
>0:40.0,116.38;39.99,116.39;40.0,116.41;40.05,116.45;
#48:
>0:39.88,116.35;39.89,116.32;39.92,116.34;39.98,116.37;
#49:
>0:39.93,116.48;39.96,116.45;40.03,116.41;40.0,116.37;
#50:
>0:40.0,116.35;39.99,116.39;40.05,116.42;
#51:
>0:39.93,116.35;39.95,116.33;39.99,116.32;39.95,116.31;39.96,116.33;40.01,116.35;
#52:
>0:39.99,116.4;39.97,116.37;39.97,116.37;39.87,116.36;
#53:
>0:40.05,116.48;40.02,116.45;39.96,116.42;39.92,116.39;39.89,116.34;39.85,116.3;
#54:
>0:40.03,116.34;40.01,116.31;40.0,116.37;39.96,116.37;39.94,116.35;39.86,116.31;
#55:
>0:39.92,116.49;39.95,116.49;39.99,116.47;40.01,116.49;40.04,116.49;
#56:
>0:39.96,116.37;39.98,116.37;39.96,116.43;
#57:
>0:40.01,116.44;39.98,116.48;39.96,116.47;39.91,116.48;39.86,116.46;
#58:
>0:39.88,116.33;39.87,116.37;39.88,116.4;39.92,116.44;
