#0:
>0:42.78,88.05;42.69,94.77;42.56,97.82;41.44,94.01;
#1:
>0:42.76,96.54;42.15,102.6;42.25,111.17;41.99,116.51;
#2:
>0:40.17,116.47;40.16,116.11;
#3:
>0:40.36,120.06;40.2,120.49;
#4:
>0:41.15,104.4;41.78,97.73;41.64,102.41;43.08,100.31;
#5:
>0:43.02,104.81;42.08,97.13;
#6:
>0:42.08,91.56;42.47,94.96;
#7:
>0:40.29,98.29;40.07,102.35;40.85,111.24;40.68,113.5;
#8:
>0:41.17,115.72;41.22,111.43;41.48,103.1;40.79,97.25;41.33,91.76;40.97,87.44;
#9:
>0:41.5,117.12;41.73,112.22;41.74,103.97;42.81,101.29;
#10:
>0:42.23,102.04;42.08,100.55;41.94,92.53;40.75,96.07;
#11:
>0:41.29,90.47;41.12,93.02;41.41,101.23;41.41,104.99;
#12:
>0:40.12,118.85;39.91,118.86;
#13:
>0:43.05,106.29;42.84,97.98;42.41,97.11;41.61,91.37;41.49,98.36;40.09,101.55;
#14:
>0:40.14,118.53;40.59,110.03;41.1,106.66;40.67,98.85;40.48,96.21;
#15:
>0:41.96,104.56;42.11,108.77;42.72,113.86;
#16:
>0:40.93,95.84;40.59,91.39;
#17:
>0:40.3,101.58;40.24,105.6;40.83,111.72;41.15,102.83;42.39,95.56;
#18:
>0:42.82,103.15;42.5,99.59;42.12,94.73;
#19:
>0:41.98,98.51;40.97,102.43;40.87,104.99;
#20:
>0:40.9,117.16;41.11,108.83;41.87,102.42;
#21:
>0:41.21,102.21;41.84,111.6;
#22:
>0:40.75,102.12;41.31,100.81;41.53,102.89;42.25,112.32;42.79,97.75;
#23:
>0:42.85,101.56;42.1,101.92;41.99,112.31;
#24:
>0:40.41,107.89;40.87,105.29;41.21,100.98;41.7,91.31;42.5,87.99;42.9,88.84;
#25:
>0:41.09,111.49;41.78,102.07;42.34,112.04;42.89,109.51;
#26:
>0:41.23,95.42;41.61,100.62;42.47,106.72;
#27:
>0:40.38,118.86;40.17,119.24;
#28:
>0:43.04,98.76;42.94,103.49;
#29:
>0:41.78,104.23;42.1,107.76;42.0,115.65;
#30:
>0:40.41,91.46;40.78,96.79;41.18,106.01;41.97,111.26;
#31:
>0:41.79,98.92;41.74,103.21;
#32:
>0:40.3,112.07;40.79,102.31;41.01,98.45;41.56,94.93;42.13,89.86;42.69,90.53;
#33:
>0:41.85,93.18;42.54,101.84;42.69,91.9;
#34:
>0:40.38,111.63;40.6,108.96;40.76,97.0;
#35:
>0:41.27,110.53;41.54,104.24;42.36,101.71;
#36:
>0:42.31,96.19;41.65,95.09;41.3,101.82;40.69,107.02;
#37:
>0:42.4,115.61;41.83,107.47;41.1,106.01;40.48,99.48;
#38:
>0:43.03,89.08;42.34,94.45;41.78,96.27;41.27,97.43;40.83,109.87;
#39:
>0:41.09,107.05;40.86,102.58;
#40:
>0:40.98,91.48;40.87,100.23;40.35,96.68;
#41:
>0:43.09,104.23;42.89,97.23;42.98,94.44;42.5,89.48;
#42:
>0:39.9,94.68;40.73,96.87;41.43,105.53;41.78,108.97;
#43:
>0:41.03,108.66;41.63,105.08;42.11,111.77;42.91,111.86;
#44:
>0:40.09,94.21;39.93,99.64;40.24,102.32;40.43,108.16;
#45:
>0:41.98,92.06;41.87,86.58;
#46:
>0:42.87,114.38;42.1,116.31;41.72,113.88;41.6,110.78;41.1,115.73;39.98,119.29;
#47:
>0:41.64,112.07;41.65,106.73;42.14,101.4;41.48,91.86;
#48:
>0:41.33,91.14;41.88,97.68;42.11,104.83;42.77,109.24;
#49:
>0:41.33,96.4;41.95,94.21;42.19,93.31;
#50:
>0:41.08,99.48;40.89,98.76;39.98,104.49;40.64,115.58;
#51:
>0:42.44,114.83;41.71,112.42;41.17,105.12;40.96,99.74;
#52:
>0:42.61,94.94;42.78,99.52;42.06,93.1;41.82,92.55;41.02,97.5;40.16,100.76;
#53:
>0:39.92,117.84;40.22,115.79;
#54:
>0:40.5,104.02;40.97,101.02;41.72,104.12;42.54,107.16;43.08,98.54;
#55:
>0:41.83,98.66;41.3,104.81;40.55,102.02;40.39,119.22;
#56:
>0:40.62,114.64;40.56,117.03;
#57:
>0:40.7,109.32;40.44,106.16;40.63,98.25;
#58:
>0:40.4,116.93;40.87,110.27;41.46,106.1;41.85,96.98;42.08,95.88;42.05,89.44;
#59:
>0:40.01,101.96;40.91,99.95;
#60:
>0:40.31,87.86;40.69,92.84;41.2,99.1;41.88,104.64;41.71,109.79;
#61:
>0:42.1,96.77;41.89,105.13;41.26,112.5;40.49,109.76;40.08,115.29;
#62:
>0:41.1,104.19;41.83,100.43;42.06,92.49;42.8,86.33;
#63:
>0:42.26,88.84;42.23,91.53;42.34,99.08;
