#0:
>0:40.23,116.92;40.13,116.53;
#1:
>0:43.0,109.36;42.74,113.13;
#2:
>0:41.89,94.18;41.03,89.69;40.66,88.62;
#3:
>0:39.91,115.44;40.21,119.83;
#4:
>0:39.96,108.97;40.27,107.02;40.56,110.63;40.99,114.96;42.2,106.35;
#5:
>0:42.5,92.72;41.92,98.51;42.19,98.81;41.89,110.02;
#6:
>0:42.67,104.01;42.07,100.31;
#7:
>0:40.02,118.42;39.93,116.08;
#8:
>0:40.65,114.46;41.35,115.77;41.69,110.92;42.58,106.1;42.61,107.97;
#9:
>0:40.39,117.73;39.99,117.48;
#10:
>0:40.12,116.73;40.22,115.44;
#11:
>0:39.89,116.45;40.26,115.88;
#12:
>0:40.42,116.13;40.3,118.23;
#13:
>0:43.03,99.92;42.95,105.25;42.6,110.37;
#14:
>0:39.93,110.37;39.98,105.79;40.88,111.05;41.49,113.79;42.37,105.36;
#15:
>0:42.72,94.38;42.43,99.76;41.64,101.86;41.03,111.39;40.78,110.94;40.33,111.84;
#16:
>0:40.08,89.06;40.79,91.3;41.35,100.0;41.86,103.88;42.07,107.65;43.09,115.97;
#17:
>0:40.53,111.21;40.99,107.7;41.47,100.09;
#18:
>0:40.57,106.71;40.97,110.06;
#19:
>0:40.13,119.64;40.49,118.3;
#20:
>0:40.27,115.78;40.42,115.65;
#21:
>0:40.78,88.93;40.79,95.73;41.94,91.3;
#22:
>0:40.04,115.73;40.3,116.26;
#23:
>0:40.66,86.29;39.99,86.73;
#24:
>0:40.37,116.17;40.35,115.55;
#25:
>0:42.35,96.95;41.81,97.03;41.05,86.95;
#26:
>0:41.84,93.26;42.25,101.68;42.07,105.44;
#27:
>0:41.26,97.61;41.7,96.25;41.67,100.5;43.07,98.94;
#28:
>0:40.25,90.69;40.53,94.57;41.08,101.3;41.83,105.68;42.56,108.26;42.79,113.95;
#29:
>0:42.88,93.8;42.05,96.59;42.43,104.38;
#30:
>0:40.26,97.53;40.67,106.18;41.44,108.54;41.6,112.14;
#31:
>0:40.04,115.38;39.93,116.26;
#32:
>0:42.55,87.14;41.91,93.58;41.03,97.92;40.65,102.44;40.05,109.67;
#33:
>0:40.3,112.09;40.28,106.61;40.44,106.96;40.99,101.85;42.42,95.38;
#34:
>0:41.92,112.81;40.98,115.27;41.58,110.92;42.28,105.97;41.68,92.77;
#35:
>0:40.56,112.9;40.89,112.08;41.01,111.75;41.45,98.27;
#36:
>0:40.01,100.08;40.92,103.48;40.75,109.1;
#37:
>0:42.31,109.32;42.02,110.15;41.04,105.54;
#38:
>0:41.07,93.57;40.58,96.1;39.97,93.7;
#39:
>0:41.48,109.57;40.45,102.6;40.5,99.52;
#40:
>0:40.3,115.72;40.34,120.49;
#41:
>0:40.51,87.07;40.03,87.29;
#42:
>0:42.25,116.7;42.96,108.58;
#43:
>0:40.26,100.0;40.56,104.13;41.16,112.48;41.64,108.62;
#44:
>0:41.21,98.17;41.52,91.28;41.57,99.43;42.81,88.5;
#45:
>0:40.35,117.49;40.24,118.17;
#46:
>0:42.17,108.56;41.6,109.52;42.12,102.51;41.77,100.79;43.01,89.16;
#47:
>0:42.16,90.76;42.18,95.89;
#48:
>0:42.92,95.45;42.79,100.55;42.22,100.04;41.85,107.68;
#49:
>0:40.92,96.99;41.15,92.46;41.54,92.22;42.16,92.41;
#50:
>0:40.95,98.51;40.36,105.88;40.05,110.05;
#51:
>0:42.96,88.13;43.0,92.76;42.26,100.07;42.93,96.61;42.99,111.04;
#52:
>0:40.66,99.1;41.34,103.83;41.56,112.27;42.08,108.36;
#53:
>0:40.37,115.87;40.31,117.19;
#54:
>0:41.19,97.98;40.76,105.62;
#55:
>0:42.05,110.75;42.0,111.69;42.47,105.31;41.96,101.13;42.78,88.95;
#56:
>0:41.72,110.55;41.62,102.82;40.45,99.79;
#57:
>0:41.07,110.16;40.76,107.06;40.26,100.38;40.11,93.48;
#58:
>0:40.69,104.02;40.85,107.82;
#59:
>0:43.02,99.05;42.27,102.36;41.52,109.29;41.39,108.99;40.57,111.76;40.05,111.5;
#60:
>0:42.01,94.28;41.05,100.13;41.21,103.79;
#61:
>0:42.64,91.56;42.42,100.32;42.01,101.95;41.83,109.5;
#62:
>0:42.87,91.4;42.36,96.75;41.78,104.81;41.94,107.48;
#63:
>0:40.28,116.84;40.22,119.9;
