#0:
>0:42.29,117.38;43.1,110.65;43.04,106.84;41.85,96.83;
#1:
>0:40.92,119.13;41.28,109.36;41.72,108.12;42.48,106.28;42.41,98.75;42.91,90.75;
#2:
>0:40.18,118.75;40.76,109.64;41.45,102.96;42.0,101.74;42.51,92.62;42.81,94.34;
#3:
>0:40.8,116.65;40.44,109.27;41.11,105.18;40.78,101.46;41.45,94.02;41.08,90.17;
#4:
>0:42.34,102.53;41.71,107.98;41.72,105.4;41.04,103.32;40.12,91.55;
#5:
>0:42.85,110.32;42.58,117.71;
#6:
>0:42.93,104.5;42.4,100.55;41.86,98.12;41.06,105.9;
#7:
>0:40.86,96.67;41.15,100.0;42.04,106.99;42.55,116.45;
#8:
>0:41.82,112.77;42.51,116.58;
#9:
>0:41.63,97.12;42.14,96.44;41.28,89.01;
#10:
>0:41.2,111.2;40.7,104.02;
#11:
>0:42.47,115.51;41.93,109.12;41.33,102.12;
#12:
>0:39.98,119.28;40.25,120.52;
#13:
>0:42.34,103.4;41.52,110.8;41.25,117.26;41.06,120.48;
#14:
>0:40.39,98.83;40.82,98.7;
#15:
>0:40.0,120.52;40.37,118.14;
#16:
>0:40.19,118.76;40.18,119.64;
#17:
>0:40.14,101.06;40.32,104.5;40.42,110.29;
#18:
>0:42.06,104.94;41.74,99.58;41.47,95.06;40.92,88.4;40.17,87.83;
#19:
>0:40.7,89.07;40.62,95.91;41.05,100.85;41.44,105.54;
#20:
>0:40.71,89.19;41.33,91.26;41.31,97.66;41.6,99.64;42.55,104.35;41.36,117.64;
#21:
>0:41.44,98.75;40.76,103.86;40.38,103.74;
#22:
>0:41.63,89.44;42.49,93.2;42.02,97.69;
#23:
>0:41.74,106.11;42.52,105.12;42.45,101.56;42.63,88.58;
#24:
>0:42.17,113.64;42.66,111.81;42.86,106.65;41.8,98.03;
#25:
>0:40.86,90.15;41.09,93.81;41.3,99.64;41.83,106.68;41.42,104.55;41.02,117.71;
#26:
>0:40.47,109.52;41.28,102.76;40.54,100.58;39.99,91.66;
#27:
>0:42.8,109.99;42.11,106.44;
#28:
>0:42.46,89.5;42.43,91.14;41.52,93.1;40.73,106.03;
#29:
>0:39.93,91.68;40.59,96.43;40.95,101.53;41.07,99.14;42.1,94.35;
#30:
>0:42.01,97.65;41.14,92.94;40.89,94.91;
#31:
>0:40.11,118.57;40.34,115.5;
#32:
>0:39.96,117.47;40.3,117.02;
#33:
>0:42.7,107.82;42.92,105.62;42.34,101.41;42.16,96.03;41.59,88.63;
#34:
>0:42.89,115.72;42.66,112.32;42.82,105.8;43.09,101.83;42.95,91.79;
#35:
>0:41.17,88.73;41.23,95.92;41.18,101.36;41.04,106.92;
#36:
>0:42.36,115.5;42.85,111.75;42.59,102.82;42.2,100.4;41.81,94.43;
#37:
>0:42.03,105.85;41.44,104.49;40.65,100.98;40.27,95.2;
#38:
>0:42.95,90.2;42.27,90.36;41.6,86.76;41.15,89.71;40.93,89.44;40.02,90.64;
#39:
>0:40.98,91.24;41.76,91.88;42.13,96.0;42.88,92.23;
#40:
>0:43.05,117.42;43.11,110.85;42.8,103.33;42.26,96.99;42.5,94.12;42.08,90.41;
#41:
>0:40.51,119.8;40.15,118.16;
#42:
>0:40.12,90.12;40.78,93.69;41.34,97.04;41.63,100.35;42.35,111.99;
#43:
>0:41.12,112.05;41.13,103.5;41.44,100.05;
#44:
>0:43.04,114.4;42.98,108.57;42.01,105.37;
#45:
>0:40.64,99.82;41.43,100.19;40.9,105.98;41.16,113.03;
#46:
>0:39.89,117.55;40.03,116.68;
#47:
>0:42.1,99.22;41.67,99.94;41.69,102.74;40.74,101.28;
#48:
>0:40.58,89.09;41.31,89.96;41.66,86.43;
#49:
>0:41.19,88.05;40.57,91.76;40.96,99.58;41.05,97.7;40.84,110.56;
#50:
>0:42.07,103.46;41.54,106.99;41.09,105.34;40.87,102.92;40.31,106.93;
#51:
>0:40.93,118.19;40.39,119.91;40.18,111.07;40.4,97.05;
#52:
>0:41.13,90.46;41.09,93.76;41.05,100.31;41.14,105.22;
#53:
>0:43.05,112.21;42.34,105.16;41.96,100.92;41.35,91.6;40.78,86.29;40.19,89.19;
#54:
>0:41.68,91.82;41.1,100.87;42.4,106.74;
#55:
>0:39.97,118.01;39.96,119.25;
#56:
>0:41.47,92.87;40.49,88.04;40.36,86.95;
#57:
>0:41.19,94.29;40.96,86.84;
#58:
>0:42.35,105.62;41.96,112.24;41.02,103.76;
#59:
>0:41.01,88.46;41.61,91.78;42.55,101.0;
#60:
>0:41.31,113.56;40.76,111.18;41.09,107.0;41.84,98.98;41.66,95.72;
#61:
>0:42.87,96.44;42.38,96.73;41.79,103.67;41.2,111.66;40.93,116.97;40.24,118.81;
#62:
>0:43.0,102.96;42.45,106.78;41.65,105.27;41.22,102.92;40.77,105.17;40.42,104.18;
#63:
>0:42.78,94.43;42.28,96.57;41.74,106.58;41.03,108.12;40.67,116.53;40.08,116.61;
