#0:
>0:40.06,90.51;40.61,94.15;40.84,99.89;41.16,103.76;
#1:
>0:40.68,96.31;40.75,99.62;41.35,99.68;41.0,104.33;42.18,115.09;
#2:
>0:42.14,94.05;42.48,96.93;41.97,103.41;42.3,110.71;
#3:
>0:41.98,116.65;41.24,115.91;40.8,113.6;39.97,119.77;
#4:
>0:41.87,99.32;41.15,95.14;40.51,87.94;
#5:
>0:40.77,104.71;41.44,105.65;41.32,99.89;41.57,97.27;43.1,105.89;
#6:
>0:39.96,118.85;40.9,109.7;40.98,117.87;41.91,110.66;
#7:
>0:42.64,99.95;42.27,95.45;42.41,96.67;41.89,94.7;40.69,93.95;
#8:
>0:40.22,120.02;40.08,116.32;
#9:
>0:42.84,96.34;42.39,100.63;41.77,104.47;41.94,112.45;41.08,115.25;40.05,107.23;
#10:
>0:40.5,102.59;41.38,96.62;41.4,95.99;41.81,85.84;42.89,86.44;
#11:
>0:40.39,94.6;39.96,90.87;40.63,95.57;40.98,92.87;42.04,90.25;42.89,88.92;
#12:
>0:41.44,92.14;41.76,88.57;
#13:
>0:41.7,97.88;41.59,103.13;42.74,96.41;
#14:
>0:42.1,92.45;41.66,88.07;41.39,89.75;40.81,88.22;
#15:
>0:39.98,91.67;40.63,101.28;41.41,101.83;41.14,94.04;41.59,88.01;42.7,92.21;
#16:
>0:39.9,119.81;40.95,107.69;40.79,101.97;40.73,96.78;
#17:
>0:40.19,89.51;40.63,95.58;40.39,91.53;40.5,97.04;41.45,111.13;
#18:
>0:40.32,117.13;40.31,116.48;
#19:
>0:40.23,119.89;40.15,118.54;
#20:
>0:42.84,88.45;42.13,91.45;41.65,99.76;41.18,104.36;40.72,101.68;40.33,111.83;
#21:
>0:40.82,116.31;41.41,112.57;41.93,102.31;
#22:
>0:41.92,115.49;41.03,108.01;40.83,103.78;40.3,101.55;
#23:
>0:43.11,104.88;42.08,107.33;41.78,112.47;40.98,116.99;40.68,107.31;40.4,102.29;
#24:
>0:42.35,101.73;41.65,103.22;41.78,111.08;
#25:
>0:40.75,102.18;41.09,102.35;40.67,100.71;40.3,87.91;
#26:
>0:42.92,87.39;42.2,92.58;42.43,99.84;41.74,103.05;42.05,105.23;42.23,115.64;
#27:
>0:42.22,100.67;41.56,103.51;41.85,108.97;
#28:
>0:40.13,95.0;40.55,97.06;41.42,98.39;
#29:
>0:40.33,92.38;40.64,100.26;41.18,98.03;
#30:
>0:42.87,113.86;42.62,111.53;42.68,106.45;42.97,99.08;
#31:
>0:40.36,107.42;40.1,102.65;40.23,99.92;40.06,93.19;
#32:
>0:41.42,105.7;41.77,100.86;
#33:
>0:42.83,109.08;42.15,107.61;
#34:
>0:41.06,114.93;40.54,110.15;41.17,106.44;40.88,98.63;41.5,99.64;40.56,86.22;
#35:
>0:40.65,90.79;41.25,91.13;40.58,92.86;41.34,105.88;
#36:
>0:41.25,115.78;41.61,115.46;
#37:
>0:40.94,86.41;40.45,92.16;39.95,96.04;41.37,103.59;
#38:
>0:40.68,92.34;40.56,97.45;40.5,103.11;
#39:
>0:41.92,110.31;41.12,104.34;40.48,96.65;39.92,96.55;
#40:
>0:40.68,105.96;41.25,106.56;41.37,98.94;41.93,86.72;
#41:
>0:40.08,115.36;40.55,110.39;41.32,104.03;41.36,98.66;
#42:
>0:42.8,106.67;42.33,98.52;41.57,104.92;41.75,111.48;41.28,112.9;40.23,111.74;
#43:
>0:41.19,89.65;40.85,87.91;
#44:
>0:41.7,93.38;41.14,89.39;40.76,95.38;39.94,92.94;
#45:
>0:40.68,99.22;41.48,106.24;41.42,108.65;40.73,116.1;
#46:
>0:40.56,99.66;41.27,104.96;41.7,110.32;40.94,114.42;
#47:
>0:42.82,91.24;42.53,89.41;41.7,90.21;41.2,95.26;40.89,98.02;
#48:
>0:40.58,110.04;41.28,105.54;40.63,99.87;40.91,95.05;
#49:
>0:41.44,110.17;42.03,112.2;42.33,103.76;
#50:
>0:40.64,96.42;40.11,96.82;40.42,102.9;40.16,109.24;40.03,119.33;
#51:
>0:39.91,90.28;40.55,95.35;41.2,91.95;41.22,98.06;41.08,109.27;
#52:
>0:39.97,111.72;40.64,106.66;41.04,100.34;41.15,95.72;41.96,89.17;43.06,89.15;
#53:
>0:40.23,120.52;40.0,115.8;
#54:
>0:39.9,102.01;40.64,107.92;41.05,106.0;41.75,108.12;42.4,114.65;42.61,115.64;
#55:
>0:41.49,104.87;42.0,101.59;
#56:
>0:40.49,115.24;40.51,109.36;40.82,102.89;
#57:
>0:41.91,113.27;41.03,108.48;40.9,109.44;40.86,101.12;
#58:
>0:41.62,108.48;41.35,108.02;40.49,100.52;
#59:
>0:42.74,95.7;42.42,90.37;41.87,86.99;41.4,90.96;
#60:
>0:40.53,111.28;40.99,104.91;41.6,99.0;42.19,97.56;42.75,99.13;
#61:
>0:41.58,113.71;41.23,116.79;40.78,109.09;40.61,101.61;
#62:
>0:41.03,92.9;41.0,101.68;41.65,97.76;42.57,108.98;
#63:
>0:41.8,113.76;41.04,111.68;40.8,105.3;40.2,98.76;
