#0:
>0:40.92,98.95;41.17,105.31;41.98,108.16;42.3,116.69;
#1:
>0:41.27,108.59;40.64,105.14;39.95,96.56;
#2:
>0:40.22,119.72;40.04,107.26;
#3:
>0:42.9,116.73;42.46,109.71;41.7,106.92;41.84,100.48;40.95,94.13;
#4:
>0:40.18,120.41;39.97,109.25;
#5:
>0:42.29,113.16;43.11,115.82;
#6:
>0:40.15,102.71;40.73,102.26;40.98,102.5;41.57,105.79;
#7:
>0:40.17,119.29;40.44,107.9;41.28,106.54;41.01,98.16;41.53,96.54;42.78,100.17;
#8:
>0:41.25,110.96;41.81,103.84;42.27,98.86;42.99,92.94;
#9:
>0:41.35,110.35;40.98,114.17;42.24,108.89;
#10:
>0:40.17,99.74;40.74,94.47;41.01,94.82;
#11:
>0:41.74,108.77;41.2,105.04;41.06,100.48;39.98,110.18;
#12:
>0:41.83,96.43;41.04,86.24;41.28,91.51;40.19,97.87;
#13:
>0:43.11,108.94;42.83,114.78;
#14:
>0:42.55,101.99;41.81,106.52;41.67,108.22;40.54,102.25;
#15:
>0:42.3,100.44;41.7,97.72;41.16,102.73;40.66,108.69;40.1,121.1;
#16:
>0:42.24,91.04;40.98,90.03;40.57,90.88;
#17:
>0:40.48,112.71;41.33,108.93;41.79,107.64;42.24,106.88;42.37,95.59;
#18:
>0:41.13,94.6;41.14,96.81;41.62,97.78;42.76,110.27;
#19:
>0:41.13,94.28;40.88,95.22;
#20:
>0:41.97,88.06;41.84,95.56;41.57,98.49;
#21:
>0:41.62,109.17;42.31,104.91;42.31,100.37;42.6,91.23;
#22:
>0:40.84,90.07;41.4,92.35;41.66,99.04;42.09,104.03;41.89,107.28;
#23:
>0:40.84,88.87;40.77,92.48;41.34,95.44;42.37,100.81;
#24:
>0:41.45,117.81;40.91,109.35;40.42,107.83;40.57,102.9;40.87,91.49;
#25:
>0:41.99,101.51;42.01,101.71;
#26:
>0:40.58,94.34;41.18,99.6;41.61,106.25;42.18,112.39;
#27:
>0:41.27,95.29;41.3,101.82;40.97,103.54;
#28:
>0:40.36,96.7;40.43,104.66;41.47,96.88;41.63,91.81;
#29:
>0:40.74,101.26;40.98,103.41;41.44,96.98;42.43,103.62;
#30:
>0:40.19,119.12;40.85,113.62;41.33,110.94;41.56,117.77;
#31:
>0:42.92,115.75;43.05,111.54;42.93,103.69;42.28,103.32;42.46,98.46;42.93,86.85;
#32:
>0:41.87,110.99;42.43,112.37;41.97,104.59;41.86,92.02;
#33:
>0:42.07,94.38;41.57,99.18;41.25,104.61;40.7,108.94;40.89,121.19;
#34:
>0:40.6,107.86;41.33,106.7;41.86,99.68;42.15,96.06;
#35:
>0:42.51,110.37;42.73,101.88;
#36:
>0:41.07,114.32;41.42,111.02;41.97,112.38;42.12,106.85;42.32,101.75;42.95,89.87;
#37:
>0:42.72,101.27;42.41,104.81;41.73,102.72;41.64,108.88;40.62,104.97;
#38:
>0:41.12,108.33;41.03,117.04;
#39:
>0:42.56,110.19;41.78,105.31;41.34,101.13;41.91,96.51;41.4,88.18;
#40:
>0:41.89,86.54;42.25,93.75;42.22,100.83;42.27,105.02;42.32,109.5;
#41:
>0:41.81,110.36;41.54,104.62;41.72,99.4;41.7,91.49;41.96,89.19;
#42:
>0:41.97,101.9;41.4,98.43;41.76,96.6;41.3,87.24;
#43:
>0:42.09,112.78;41.54,111.09;41.48,107.71;41.4,115.68;40.01,109.58;
#44:
>0:40.34,99.98;40.66,102.26;41.31,99.32;41.59,97.35;42.3,106.41;43.11,106.14;
#45:
>0:41.31,107.85;41.57,106.85;41.83,98.13;41.62,92.45;41.78,85.96;
#46:
>0:42.43,108.17;41.63,105.65;41.37,98.97;41.81,101.43;41.09,88.92;
#47:
>0:40.0,94.97;40.54,91.74;39.92,99.47;40.44,112.57;
#48:
>0:40.92,112.48;40.13,118.52;
#49:
>0:41.0,117.81;40.67,111.66;40.37,103.43;39.9,99.2;39.95,95.69;
#50:
>0:41.18,106.32;40.84,110.94;40.67,115.31;
#51:
>0:41.1,101.36;41.93,105.97;41.88,111.67;
#52:
>0:41.07,107.62;41.92,103.69;
#53:
>0:42.92,109.7;42.65,105.12;42.46,104.41;41.9,102.34;40.49,106.88;
#54:
>0:40.85,106.06;40.73,108.12;40.15,118.65;
#55:
>0:40.38,92.24;40.86,96.8;41.21,101.96;41.63,109.53;42.17,108.53;
#56:
>0:40.52,115.69;41.41,115.63;
#57:
>0:41.18,107.49;40.44,104.48;41.5,100.81;41.82,91.95;
#58:
>0:43.01,116.07;42.28,110.46;41.95,102.4;41.65,99.35;
#59:
>0:41.0,102.73;41.6,106.39;
#60:
>0:41.06,106.55;41.5,97.79;41.64,100.04;42.38,87.84;
#61:
>0:41.07,117.38;41.89,117.28;42.48,111.91;41.58,105.76;41.77,100.19;41.31,86.65;
#62:
>0:40.37,101.02;40.88,92.65;41.07,94.17;41.79,101.4;
#63:
>0:40.13,106.67;40.76,106.42;41.47,101.46;41.79,99.52;42.16,101.94;42.89,103.94;
