#0:
>0:41.22,116.27;37.14,116.48;36.72,114.1;34.79,112.01;31.77,116.64;
#1:
>0:40.32,116.0;41.21,116.83;
#2:
>0:31.29,112.87;32.42,113.52;31.56,115.94;34.08,115.9;35.04,113.41;40.16,112.73;
#3:
>0:39.9,117.43;39.98,117.27;
#4:
>0:35.65,110.87;36.82,111.79;37.95,114.89;37.15,116.51;
#5:
>0:32.17,112.27;29.56,110.57;30.71,109.44;33.96,107.28;
#6:
>0:30.84,116.74;32.99,113.45;32.95,111.73;31.31,111.1;32.64,109.5;32.55,107.25;
#7:
>0:40.35,116.93;41.35,117.23;
#8:
>0:33.17,108.34;34.37,108.5;
#9:
>0:32.79,108.82;31.02,110.91;32.26,110.04;32.56,114.23;
#10:
>0:41.23,116.91;40.5,117.49;
#11:
>0:40.29,116.81;40.13,116.39;
#12:
>0:31.82,109.98;32.42,109.78;
#13:
>0:39.58,117.19;41.1,117.26;
#14:
>0:32.02,112.25;34.1,114.18;35.81,115.57;
#15:
>0:40.88,117.1;40.05,117.44;
#16:
>0:35.64,108.52;36.58,110.51;33.79,111.6;32.73,112.99;31.41,115.76;
#17:
>0:35.94,115.79;34.44,116.74;34.39,114.26;35.53,112.86;34.29,111.41;35.73,107.6;
#18:
>0:34.2,116.1;35.64,114.07;37.95,112.84;37.01,110.63;37.65,108.53;36.82,108.09;
#19:
>0:40.23,110.99;37.62,108.6;35.88,107.49;33.15,106.79;32.61,108.04;
#20:
>0:38.04,111.88;36.35,113.54;34.62,113.35;33.23,109.99;29.97,112.44;
#21:
>0:34.52,115.14;36.58,115.12;37.02,116.8;
#22:
>0:35.1,112.09;37.08,112.24;39.57,112.61;
#23:
>0:37.8,115.25;35.92,113.46;37.57,113.33;
#24:
>0:32.83,116.81;32.28,115.05;
#25:
>0:34.52,106.56;33.46,109.36;36.07,111.03;39.16,112.34;
#26:
>0:36.81,107.36;39.84,109.1;37.07,110.34;36.4,113.07;34.45,114.84;31.9,116.0;
#27:
>0:35.22,112.76;34.33,113.08;33.77,111.5;30.44,107.92;
#28:
>0:41.17,116.78;40.51,116.64;
#29:
>0:40.81,116.85;40.87,116.93;
#30:
>0:40.85,116.61;41.31,117.62;
#31:
>0:31.57,114.26;34.91,113.12;34.37,111.06;37.56,108.85;
#32:
>0:40.82,116.74;40.8,116.54;
#33:
>0:37.32,112.09;37.29,110.69;37.46,108.55;
#34:
>0:35.91,106.83;34.56,107.95;33.97,109.04;36.54,111.11;37.87,113.26;37.64,115.37;
#35:
>0:31.47,110.61;33.58,111.93;33.16,111.15;37.15,108.36;
#36:
>0:35.75,114.76;37.96,112.9;37.48,111.34;38.5,109.7;38.27,106.53;
#37:
>0:35.1,106.86;36.58,109.56;
#38:
>0:39.81,117.01;40.34,116.13;
#39:
>0:40.52,116.35;40.04,116.66;
#40:
>0:36.24,110.38;36.73,108.22;39.11,111.54;
#41:
>0:31.07,114.51;31.34,116.37;33.73,115.87;35.39,116.45;
#42:
>0:39.95,116.87;40.19,116.45;
#43:
>0:34.82,115.39;34.79,113.66;
#44:
>0:33.6,109.06;34.44,111.03;29.52,112.26;
#45:
>0:33.28,114.72;33.32,114.86;
#46:
>0:37.57,107.78;35.27,109.71;35.64,111.15;32.21,108.3;
#47:
>0:31.71,112.03;33.51,110.25;35.29,110.92;
#48:
>0:38.04,108.98;35.6,106.75;34.75,107.0;33.47,108.23;30.01,106.81;
#49:
>0:41.35,116.63;39.58,116.71;
#50:
>0:40.02,117.24;40.38,116.29;
#51:
>0:35.05,113.77;33.76,112.46;
#52:
>0:35.25,116.77;33.75,115.15;36.68,114.48;33.62,112.94;34.05,110.16;36.03,106.86;
#53:
>0:37.85,115.78;40.75,116.17;37.42,113.34;
#54:
>0:36.47,107.2;33.74,107.91;34.35,109.18;35.73,110.41;38.54,112.64;36.88,115.77;
#55:
>0:34.72,109.38;35.78,111.41;38.12,111.8;39.7,112.89;40.75,117.24;
#56:
>0:34.83,109.18;33.26,110.82;35.7,110.11;38.22,113.1;40.36,116.77;
#57:
>0:39.03,117.65;40.36,117.69;
#58:
>0:40.49,116.52;38.14,114.83;38.41,112.51;
#59:
>0:37.88,108.47;39.32,110.42;
#60:
>0:36.78,111.43;37.94,112.11;37.66,114.49;
#61:
>0:33.68,116.83;34.65,115.02;
#62:
>0:34.24,109.89;34.14,108.34;
#63:
>0:32.1,116.27;33.16,116.76;34.36,113.91;36.4,112.28;39.51,112.42;
#64:
>0:40.3,116.09;40.03,117.68;
#65:
>0:37.26,116.1;37.13,113.47;37.74,113.33;37.82,111.07;37.57,109.18;38.37,106.81;
#66:
>0:33.62,113.18;32.68,112.56;
#67:
>0:33.26,106.53;33.98,108.8;34.98,109.99;39.81,112.49;
#68:
>0:37.89,111.13;35.4,112.78;34.55,114.15;32.44,116.11;
#69:
>0:32.71,109.45;33.34,106.78;
#70:
>0:40.9,116.2;39.96,117.02;
#71:
>0:32.27,112.08;29.82,110.32;33.76,108.95;
#72:
>0:33.51,116.34;36.01,114.54;33.14,111.77;
#73:
>0:41.12,116.24;41.26,117.44;
#74:
>0:40.79,116.76;41.05,116.04;
#75:
>0:33.34,106.78;34.49,109.61;35.69,110.22;37.49,111.72;39.88,114.05;
#76:
>0:30.31,111.43;31.33,109.5;31.98,111.05;34.14,112.26;35.63,111.53;39.71,113.61;
#77:
>0:29.72,111.41;31.59,110.67;33.53,111.68;36.36,110.31;37.13,114.31;
#78:
>0:39.6,115.99;40.01,116.55;
#79:
>0:32.84,113.21;33.59,109.99;35.53,108.4;38.13,107.17;39.8,107.16;
#80:
>0:34.65,113.69;33.77,112.56;33.44,111.54;
#81:
>0:41.19,117.02;39.63,116.11;
#82:
>0:40.97,116.94;39.7,116.57;
#83:
>0:30.44,108.99;31.98,108.61;
#84:
>0:35.06,115.58;33.8,115.13;32.07,114.69;
#85:
>0:33.78,114.77;34.36,114.67;
#86:
>0:39.91,116.23;41.18,116.65;
#87:
>0:32.91,112.13;30.39,114.84;
#88:
>0:39.85,109.65;36.95,110.58;
#89:
>0:31.79,114.47;34.05,112.77;33.35,113.43;36.17,113.13;39.85,108.97;
#90:
>0:32.9,109.9;33.54,109.86;36.39,109.69;
#91:
>0:40.65,116.42;40.03,116.49;
#92:
>0:34.09,112.51;34.08,111.34;35.42,109.39;39.88,110.87;
#93:
>0:41.26,117.58;41.31,117.02;
#94:
>0:33.55,115.77;34.49,114.33;35.35,113.08;34.35,111.05;
#95:
>0:31.51,115.84;34.71,116.3;33.66,114.53;35.86,111.83;40.27,112.87;
#96:
>0:35.14,111.71;37.26,110.87;39.0,108.29;40.21,107.65;
#97:
>0:39.88,116.29;39.63,116.1;
