#0:
>0:36.66,114.41;37.8,112.95;40.16,117.54;
#1:
>0:41.12,117.7;40.56,116.68;
#2:
>0:30.99,108.4;32.81,111.11;33.71,111.25;36.8,109.89;35.24,110.09;39.14,111.06;
#3:
>0:34.77,115.46;36.2,114.55;38.18,112.14;41.32,116.08;
#4:
>0:40.65,117.48;39.73,117.26;
#5:
>0:35.41,114.49;38.61,112.81;38.95,110.63;39.66,108.39;39.96,106.8;
#6:
>0:37.72,110.16;36.24,111.59;33.89,110.87;32.51,110.59;
#7:
>0:36.97,110.57;36.87,112.81;39.98,113.82;
#8:
>0:38.77,108.44;38.59,111.07;35.69,110.79;
#9:
>0:40.04,117.04;39.96,117.52;
#10:
>0:35.77,111.55;35.57,108.22;39.91,106.51;
#11:
>0:32.12,108.61;34.14,109.95;34.02,112.19;31.79,112.5;30.69,116.17;
#12:
>0:34.53,110.21;31.58,109.56;30.28,107.07;
#13:
>0:37.81,109.67;35.24,109.59;
#14:
>0:39.91,113.42;37.7,112.03;36.68,110.57;34.61,110.79;31.53,111.35;
#15:
>0:31.19,110.31;31.94,109.03;33.43,109.23;36.8,109.97;37.83,107.51;
#16:
>0:30.4,107.39;31.48,108.25;34.31,110.26;31.37,112.77;33.04,113.66;35.05,115.54;
#17:
>0:37.43,110.34;35.2,110.75;
#18:
>0:30.42,114.21;31.38,112.69;33.99,112.31;
#19:
>0:40.92,117.01;38.61,114.67;35.23,112.39;33.78,110.55;32.2,108.45;31.16,107.06;
#20:
>0:31.28,112.36;32.73,111.96;34.78,112.12;35.98,112.45;
#21:
>0:41.31,117.7;41.08,117.52;
#22:
>0:40.18,116.45;41.19,117.29;
#23:
>0:40.45,117.37;40.79,116.98;
#24:
>0:37.7,110.09;38.2,112.91;40.25,113.97;
#25:
>0:39.53,116.18;40.29,117.65;
#26:
>0:39.86,116.39;40.94,116.48;
#27:
>0:35.72,115.06;34.78,112.91;32.95,111.34;34.67,110.0;29.92,107.34;
#28:
>0:40.19,116.04;40.72,116.79;
#29:
>0:30.78,108.34;32.43,108.59;
#30:
>0:30.47,116.74;31.15,114.28;31.3,111.76;30.39,111.5;29.71,109.62;30.12,107.15;
#31:
>0:30.32,114.75;31.14,112.93;29.84,111.58;
#32:
>0:38.08,113.81;36.28,112.19;37.89,110.08;37.09,109.56;
#33:
>0:40.72,117.46;41.23,116.06;
#34:
>0:39.56,116.31;40.64,116.47;
#35:
>0:34.9,114.53;33.59,112.17;
#36:
>0:40.53,116.81;40.71,117.59;
#37:
>0:32.47,108.88;34.54,110.94;34.77,112.84;32.06,112.63;30.34,116.76;
#38:
>0:31.59,113.73;30.59,115.93;
#39:
>0:40.93,116.41;41.01,117.06;
#40:
>0:40.62,117.34;41.13,116.64;
#41:
>0:37.0,110.78;36.29,109.76;33.37,111.28;32.2,108.6;30.33,109.68;
#42:
>0:36.24,114.94;37.39,112.15;38.94,110.53;39.42,109.85;39.41,108.14;
#43:
>0:31.79,115.2;29.51,115.1;31.22,112.05;29.74,110.77;
#44:
>0:31.1,113.25;32.37,113.07;33.26,112.98;
#45:
>0:39.78,114.16;37.9,115.43;
#46:
>0:40.61,116.65;40.49,116.71;
#47:
>0:39.61,117.39;40.41,117.6;
#48:
>0:40.93,117.57;41.27,116.14;
#49:
>0:30.96,106.99;32.62,108.4;33.63,110.1;32.51,112.32;32.67,114.39;36.77,116.28;
#50:
>0:33.58,112.38;31.77,112.06;34.66,116.65;
#51:
>0:40.3,116.13;40.78,116.89;
#52:
>0:36.27,106.88;33.24,109.06;
#53:
>0:39.92,116.3;39.78,116.36;
#54:
>0:41.03,116.58;38.63,115.23;36.5,115.3;33.68,115.23;
#55:
>0:35.51,109.23;36.74,111.14;
#56:
>0:37.41,108.39;39.93,111.59;38.15,110.03;39.65,114.4;
#57:
>0:32.86,114.66;34.29,116.57;
#58:
>0:33.22,111.66;35.56,108.72;36.19,107.54;
#59:
>0:40.67,117.21;40.18,117.08;
#60:
>0:40.12,116.98;41.18,116.36;
#61:
>0:39.69,117.47;40.17,116.75;
#62:
>0:32.99,112.41;33.14,114.13;33.77,114.37;36.12,114.95;38.85,113.06;
#63:
>0:29.72,109.91;32.17,110.45;31.48,112.44;32.37,114.8;36.55,116.77;
#64:
>0:34.48,111.71;32.5,113.03;34.85,116.21;
#65:
>0:40.81,116.96;40.85,117.39;
#66:
>0:31.49,107.25;34.96,109.55;35.26,111.65;37.22,110.15;39.67,108.76;
#67:
>0:31.4,107.29;31.0,107.46;33.65,110.55;
#68:
>0:31.73,116.11;33.93,114.79;30.49,112.14;
#69:
>0:40.64,117.19;40.82,117.51;
#70:
>0:40.47,113.45;37.24,116.77;37.01,113.73;36.69,111.89;33.63,110.23;30.39,111.28;
#71:
>0:32.93,108.19;33.97,108.39;35.75,111.13;34.59,112.42;36.62,113.12;41.02,117.31;
#72:
>0:30.98,108.11;32.68,109.48;
#73:
>0:29.5,107.69;32.08,109.06;33.24,109.44;35.6,109.4;
#74:
>0:40.84,117.54;40.56,116.03;
#75:
>0:40.52,115.99;40.66,116.61;
#76:
>0:37.52,112.44;37.77,113.12;
#77:
>0:40.23,108.05;39.87,109.26;
#78:
>0:41.23,117.59;39.63,117.06;
#79:
>0:35.92,106.95;34.04,109.26;35.06,110.91;34.35,112.07;36.07,113.31;40.53,117.36;
#80:
>0:32.61,115.09;31.09,116.25;
#81:
>0:32.29,111.59;33.4,110.19;29.68,115.03;
#82:
>0:36.69,114.44;38.02,112.82;36.94,110.6;
#83:
>0:34.48,110.52;33.11,108.55;30.9,106.67;
#84:
>0:31.02,106.76;31.88,109.17;34.69,110.97;35.33,108.51;35.89,110.69;38.94,110.31;
#85:
>0:29.59,108.12;32.69,108.87;33.78,110.6;34.81,112.53;37.41,113.86;
#86:
>0:39.75,115.11;37.8,115.47;38.28,114.05;35.17,113.28;34.0,110.97;30.62,111.62;
#87:
>0:29.55,116.37;31.75,114.28;33.43,111.83;36.49,110.92;36.39,109.48;39.66,110.17;
#88:
>0:37.33,112.27;35.38,111.41;34.51,108.44;31.58,106.69;
#89:
>0:35.23,115.83;34.34,113.59;
#90:
>0:31.28,107.02;33.07,107.41;34.26,108.1;
#91:
>0:30.79,107.94;32.95,109.15;33.73,110.67;35.92,108.29;35.2,110.43;38.96,110.03;
#92:
>0:40.5,117.4;41.18,116.14;
#93:
>0:40.15,117.0;39.68,116.14;
#94:
>0:41.3,116.69;40.72,116.92;
#95:
>0:34.01,115.13;35.12,115.46;
#96:
>0:31.16,116.77;30.2,114.73;31.18,113.16;30.14,110.78;29.64,109.12;30.38,106.8;
#97:
>0:32.77,107.81;30.27,107.56;31.67,108.66;31.93,111.96;
