#0:
>0:32.21,106.91;34.41,108.33;34.26,111.14;
#1:
>0:31.61,107.17;34.97,109.02;35.98,110.99;38.15,112.89;37.01,114.95;34.18,116.08;
#2:
>0:31.69,109.91;34.51,108.69;35.12,112.49;
#3:
>0:30.65,109.69;32.34,107.62;34.76,107.04;
#4:
>0:38.66,115.99;39.97,116.53;
#5:
>0:38.98,116.24;40.22,116.43;
#6:
>0:38.94,115.61;39.77,115.24;
#7:
>0:31.99,107.47;33.56,109.34;
#8:
>0:39.63,116.54;38.77,116.66;
#9:
>0:31.31,115.91;31.9,116.81;34.88,116.68;
#10:
>0:30.95,113.1;31.44,110.19;34.5,108.86;35.02,110.86;36.91,114.25;
#11:
>0:32.03,110.86;33.82,113.2;
#12:
>0:38.9,116.0;39.41,115.81;
#13:
>0:39.62,115.64;39.82,116.65;
#14:
>0:39.35,115.42;39.05,116.25;
#15:
>0:39.72,116.25;39.72,116.73;
#16:
>0:36.6,112.82;33.27,109.96;35.47,108.67;39.78,106.74;
#17:
>0:31.62,110.72;33.11,112.73;34.57,110.99;38.34,109.02;
#18:
>0:33.76,112.05;32.82,112.0;36.72,108.89;
#19:
>0:30.19,109.49;30.56,109.99;30.68,112.09;29.6,113.84;30.77,115.54;
#20:
>0:39.97,115.85;38.99,116.31;
#21:
>0:40.47,110.54;39.17,112.31;
#22:
>0:37.95,106.62;36.84,108.39;34.98,111.33;35.18,113.06;36.87,111.69;38.6,116.51;
#23:
>0:40.02,116.22;39.63,116.79;
#24:
>0:39.74,116.28;39.89,116.0;
#25:
>0:40.01,107.02;38.57,107.06;38.58,109.84;36.55,110.94;32.36,108.27;
#26:
>0:39.13,115.94;40.13,116.55;
#27:
>0:40.33,115.5;37.25,114.22;35.67,113.59;34.03,113.0;32.37,110.9;29.7,111.53;
#28:
>0:36.24,108.94;37.92,110.9;38.32,111.69;34.94,114.46;
#29:
>0:36.7,114.2;38.32,116.32;
#30:
>0:30.38,107.63;30.57,106.52;
#31:
>0:39.27,110.9;39.51,113.2;
#32:
>0:33.71,113.82;34.44,116.47;
#33:
>0:32.48,107.27;34.21,108.92;33.12,111.54;32.28,112.7;34.33,114.5;33.6,116.64;
#34:
>0:30.28,115.18;30.96,113.58;
#35:
>0:33.6,115.47;34.83,113.97;
#36:
>0:40.36,115.16;40.41,115.12;
#37:
>0:39.34,115.29;37.89,114.52;35.39,113.87;34.96,114.43;33.85,112.16;30.15,109.61;
#38:
>0:30.32,112.04;32.63,114.78;33.29,115.38;
#39:
>0:29.68,112.97;32.63,113.66;34.94,115.59;
#40:
>0:39.04,116.15;40.25,115.87;
#41:
>0:39.45,115.27;39.92,115.57;
#42:
>0:33.87,114.33;33.95,115.51;
#43:
>0:34.26,112.97;33.45,111.53;
#44:
>0:29.95,111.9;32.28,110.16;31.75,113.14;33.44,111.16;36.69,108.87;40.32,112.03;
#45:
>0:39.58,116.07;39.52,115.32;
#46:
>0:38.9,115.97;39.22,115.44;
#47:
>0:31.64,111.94;32.81,113.46;
#48:
>0:39.53,116.54;39.57,115.76;
#49:
>0:40.19,107.86;37.07,108.88;36.56,108.52;
#50:
>0:40.15,115.23;40.33,116.27;
#51:
>0:30.57,108.98;31.46,107.47;33.9,107.25;
#52:
>0:39.05,115.53;40.35,115.25;
#53:
>0:39.48,115.65;38.31,113.47;36.23,114.31;33.25,112.92;32.04,111.64;30.21,110.22;
#54:
>0:37.65,114.22;36.39,115.07;
#55:
>0:36.09,112.2;34.59,110.43;32.11,112.48;
#56:
>0:34.83,107.75;33.62,109.66;36.45,110.79;37.41,113.39;39.77,114.94;39.83,116.0;
#57:
>0:40.23,108.57;37.0,109.43;36.3,108.98;34.29,108.81;
#58:
>0:40.23,115.25;39.06,116.44;
#59:
>0:38.32,112.62;39.6,114.85;35.03,116.7;
#60:
>0:31.09,110.06;32.76,112.3;34.15,110.49;35.2,113.32;
#61:
>0:38.31,107.55;39.22,109.58;39.97,110.03;
#62:
>0:34.61,113.52;31.76,111.83;31.36,110.43;
#63:
>0:39.3,116.46;39.61,115.28;
#64:
>0:39.81,106.94;37.1,106.85;38.54,108.43;34.62,110.35;
#65:
>0:29.96,116.83;31.52,114.78;34.54,112.05;33.9,110.53;
#66:
>0:39.48,116.16;39.24,115.75;
#67:
>0:34.91,112.75;35.85,114.37;
#68:
>0:30.14,108.6;31.11,107.32;
#69:
>0:40.46,111.2;37.41,111.56;37.33,112.32;33.86,114.5;
#70:
>0:37.74,116.55;39.22,114.38;
#71:
>0:39.46,116.35;40.18,116.82;
#72:
>0:39.16,115.54;39.63,115.26;
#73:
>0:34.3,108.71;32.31,110.67;29.84,112.14;29.69,114.64;30.72,115.21;
#74:
>0:40.13,108.04;37.55,106.73;37.54,109.43;36.4,110.23;31.38,108.85;
#75:
>0:40.42,115.83;40.37,116.37;
#76:
>0:30.91,109.53;32.78,107.63;34.84,108.14;
#77:
>0:33.35,113.46;32.17,111.79;
#78:
>0:34.64,116.08;34.16,113.51;
#79:
>0:39.66,109.51;37.89,107.38;
#80:
>0:36.36,110.42;37.4,112.31;39.06,113.61;40.01,115.52;
#81:
>0:36.88,114.27;35.12,113.92;
#82:
>0:31.74,108.39;32.85,110.56;31.79,113.16;32.9,113.73;32.23,116.48;
#83:
>0:31.79,112.85;33.18,110.98;35.71,111.55;36.24,112.47;39.67,112.83;
#84:
>0:29.49,113.23;31.79,114.58;34.19,116.79;
#85:
>0:32.33,107.82;33.46,109.46;36.72,110.86;35.65,112.3;37.3,114.92;34.15,116.05;
#86:
>0:40.23,116.47;38.96,115.19;
#87:
>0:33.64,107.66;32.3,108.77;
#88:
>0:39.39,109.22;37.43,108.78;36.3,110.68;37.62,112.73;36.77,116.57;
#89:
>0:36.75,112.07;36.57,110.82;39.55,111.43;
#90:
>0:36.68,107.68;36.61,109.71;35.91,110.71;
#91:
>0:34.9,109.19;32.4,106.7;30.29,106.94;
#92:
>0:39.89,115.79;36.97,113.82;36.74,114.61;33.29,112.57;
#93:
>0:30.38,112.44;32.39,110.22;34.5,108.83;36.74,110.48;37.0,113.32;40.45,112.01;
#94:
>0:38.79,116.57;39.32,116.24;
#95:
>0:36.13,110.31;34.59,110.15;32.73,112.38;
#96:
>0:39.14,113.81;37.78,114.37;36.72,111.97;34.63,110.16;32.76,109.87;30.59,107.9;
#97:
>0:35.01,113.28;38.4,112.0;38.57,109.01;
