#0:
>0:30.11,107.76;30.4,109.16;30.57,111.4;30.11,112.42;30.41,113.45;30.26,116.17;
#1:
>0:39.69,115.2;40.24,115.65;
#2:
>0:38.32,108.19;35.24,108.44;33.59,107.02;
#3:
>0:34.55,112.77;35.26,111.28;
#4:
>0:39.47,116.01;39.11,116.82;
#5:
>0:40.22,115.82;39.14,115.57;
#6:
>0:35.34,115.7;35.92,113.58;36.07,112.85;34.13,112.13;35.51,111.45;38.44,107.05;
#7:
>0:37.47,114.44;36.1,115.42;33.9,116.4;31.35,116.65;
#8:
>0:35.88,116.6;35.34,113.47;38.44,114.26;39.17,110.89;
#9:
>0:32.39,116.83;33.76,115.02;36.2,113.01;38.3,111.08;39.98,109.19;
#10:
>0:38.74,115.38;39.36,116.25;
#11:
>0:39.96,116.83;39.5,115.23;
#12:
>0:31.07,106.59;31.95,109.0;34.87,111.35;
#13:
>0:38.91,115.84;39.76,115.68;
#14:
>0:39.41,115.19;39.71,116.59;
#15:
>0:31.15,108.3;30.89,107.26;
#16:
>0:33.86,116.18;32.83,113.39;
#17:
>0:34.89,109.53;32.84,111.45;29.53,112.89;30.21,113.47;
#18:
>0:39.1,116.11;39.03,116.62;
#19:
>0:36.06,115.59;35.63,113.97;34.82,112.24;
#20:
>0:32.27,107.28;34.23,108.22;35.07,110.82;35.2,111.8;
#21:
>0:32.62,112.75;32.84,110.05;36.46,111.16;
#22:
>0:37.1,112.84;36.01,110.05;34.67,110.93;
#23:
>0:30.23,112.46;32.9,111.96;34.4,108.68;
#24:
>0:40.08,115.12;39.0,115.31;
#25:
>0:40.09,115.71;38.84,116.25;
#26:
>0:40.45,115.96;39.58,116.79;
#27:
>0:37.61,116.78;40.45,114.76;39.49,113.21;39.76,110.5;39.88,108.95;
#28:
>0:31.32,110.7;33.74,112.73;35.27,113.11;35.62,115.31;
#29:
>0:38.94,116.53;39.94,115.68;
#30:
>0:39.16,116.71;40.35,115.53;
#31:
>0:40.08,115.47;38.78,115.73;
#32:
>0:40.33,115.99;39.79,115.32;
#33:
>0:40.37,106.94;37.91,108.23;35.63,110.47;34.06,112.22;35.16,112.09;31.71,115.76;
#34:
>0:37.74,110.13;35.46,110.55;34.73,111.2;31.63,109.51;29.69,110.69;
#35:
>0:40.48,115.42;39.74,115.77;
#36:
>0:38.2,106.53;36.27,109.02;33.22,107.25;
#37:
>0:32.38,115.18;33.23,114.28;
#38:
>0:31.74,106.86;34.69,108.71;
#39:
>0:30.11,113.77;29.68,114.7;
#40:
>0:33.08,108.36;33.44,110.63;34.07,112.31;34.9,114.86;34.69,116.56;
#41:
>0:39.85,115.96;38.86,115.65;
#42:
>0:30.6,111.18;31.52,108.75;31.92,110.42;34.13,109.4;35.31,110.34;38.87,110.77;
#43:
>0:39.4,115.92;39.69,115.93;
#44:
>0:35.55,114.01;34.72,112.2;32.34,112.09;32.62,110.06;32.4,107.0;
#45:
>0:30.99,107.38;32.19,109.91;34.37,111.51;35.6,111.44;37.72,110.01;
#46:
>0:39.07,107.78;39.55,107.87;
#47:
>0:39.69,116.14;40.41,116.3;
#48:
>0:31.51,110.63;34.01,108.67;33.54,106.79;
#49:
>0:31.72,113.46;34.21,113.29;32.36,112.54;33.25,108.87;
#50:
>0:39.06,109.78;39.49,110.21;40.12,112.28;39.07,114.16;39.31,116.76;
#51:
>0:35.08,109.61;36.19,110.86;
#52:
>0:36.3,112.94;33.35,114.83;35.01,115.44;
#53:
>0:39.74,116.05;39.01,116.62;
#54:
>0:38.08,110.96;36.68,111.3;
#55:
>0:35.01,107.53;33.58,108.7;36.29,110.57;35.21,111.84;
#56:
>0:32.23,112.91;34.72,110.56;35.85,108.47;37.93,108.64;
#57:
>0:39.95,115.9;40.19,116.5;
#58:
>0:32.24,110.38;33.0,112.55;33.67,111.21;35.53,110.57;39.57,113.78;
#59:
>0:30.82,113.92;32.87,114.01;34.46,112.98;34.69,111.3;37.33,112.9;
#60:
>0:34.96,116.29;31.96,113.79;31.42,112.75;34.54,110.47;30.95,108.32;
#61:
>0:30.88,115.02;31.92,113.46;34.18,113.35;33.96,110.94;37.43,112.84;
#62:
>0:39.72,115.53;38.76,116.41;
#63:
>0:32.24,114.04;33.67,112.05;32.66,112.33;34.12,109.94;
#64:
>0:30.13,111.77;32.84,113.05;34.14,108.23;
#65:
>0:37.97,113.82;39.5,112.91;39.69,110.72;39.02,109.87;
#66:
>0:38.77,116.01;38.85,115.55;
#67:
>0:40.01,115.98;40.18,115.77;
#68:
>0:39.32,115.81;40.19,115.59;
#69:
>0:29.92,107.61;31.86,109.75;34.02,109.53;35.83,109.21;37.34,108.93;
#70:
>0:33.11,112.26;31.82,112.68;
#71:
>0:40.0,115.64;39.96,116.03;
#72:
>0:39.44,115.3;39.4,115.96;
#73:
>0:38.99,116.25;39.41,115.41;
#74:
>0:33.76,116.79;31.58,113.46;
#75:
>0:38.65,106.9;37.17,109.59;35.25,110.05;33.52,113.11;31.72,112.85;
#76:
>0:38.87,115.83;38.82,115.51;
#77:
>0:37.14,111.61;35.9,111.3;34.35,111.37;32.89,108.68;30.91,111.34;
#78:
>0:39.64,115.6;39.63,116.23;
#79:
>0:34.6,109.0;31.77,109.19;30.82,111.15;
#80:
>0:32.64,106.8;34.4,109.33;35.15,111.62;35.58,112.06;
#81:
>0:39.41,116.3;38.87,116.19;
#82:
>0:35.94,110.25;34.89,112.15;
#83:
>0:39.51,115.53;40.46,116.8;
#84:
>0:36.95,115.89;39.82,113.98;39.63,113.05;39.52,111.17;39.03,109.15;
#85:
>0:39.01,116.42;40.08,116.67;
#86:
>0:40.34,110.54;38.05,108.87;37.49,108.14;
#87:
>0:39.31,116.49;40.04,116.22;
#88:
>0:35.85,115.97;34.27,114.31;
#89:
>0:37.62,115.54;39.46,114.67;37.62,114.79;38.76,111.02;
#90:
>0:33.67,116.52;32.62,113.53;
#91:
>0:33.72,106.67;31.79,108.4;32.37,111.13;32.72,111.92;31.38,113.64;31.68,116.37;
#92:
>0:39.5,115.96;40.17,116.6;
#93:
>0:39.09,107.45;40.31,107.1;
#94:
>0:39.6,116.4;39.8,115.66;
#95:
>0:30.35,107.21;31.36,109.56;33.79,110.14;36.05,110.22;37.13,111.53;
#96:
>0:39.63,116.35;40.03,116.01;
#97:
>0:36.87,115.99;40.3,116.29;
