#0:
>0:30.5,108.3;32.4,111.36;34.46,112.9;35.44,114.49;35.45,115.87;39.92,116.5;
#1:
>0:39.68,117.46;40.91,116.16;
#2:
>0:34.93,114.99;36.15,112.95;33.73,112.26;31.68,109.76;
#3:
>0:40.37,117.19;40.76,116.25;
#4:
>0:32.11,116.61;34.33,113.5;35.86,112.82;33.3,110.14;34.4,108.65;
#5:
>0:35.71,112.13;33.93,110.14;34.38,109.15;
#6:
>0:38.04,114.05;35.93,111.95;
#7:
>0:29.49,112.41;29.83,111.21;32.39,109.57;35.98,107.94;
#8:
>0:39.02,107.11;39.02,109.35;39.73,110.68;38.28,112.81;39.62,113.43;40.47,117.44;
#9:
>0:30.84,113.13;31.24,110.66;32.96,109.86;33.33,107.65;35.98,108.76;40.25,112.89;
#10:
>0:40.58,116.47;40.91,116.53;
#11:
>0:31.83,115.54;33.86,115.85;33.8,114.49;36.79,114.33;40.18,111.9;
#12:
>0:31.49,111.46;30.63,109.46;
#13:
>0:31.27,114.47;32.95,113.74;33.39,115.65;33.18,115.11;36.15,114.96;39.98,113.36;
#14:
>0:40.22,116.44;40.34,116.63;
#15:
>0:41.23,117.17;41.3,116.13;
#16:
>0:36.13,111.97;37.41,113.45;39.8,117.37;
#17:
>0:36.36,113.85;34.36,116.41;
#18:
>0:38.58,108.8;39.91,110.9;38.58,112.13;38.84,114.29;40.27,117.26;
#19:
>0:40.61,117.54;40.12,115.99;
#20:
>0:35.69,115.1;38.24,113.34;37.92,111.04;38.54,109.0;38.3,106.49;
#21:
>0:29.59,112.48;30.73,111.61;32.74,109.76;36.62,107.18;
#22:
>0:29.96,109.41;32.56,109.14;33.7,107.84;35.16,110.28;
#23:
>0:36.92,114.9;39.23,113.01;40.12,110.33;
#24:
>0:33.21,110.67;36.76,110.89;36.74,114.45;
#25:
>0:35.39,111.71;36.8,114.75;33.6,115.19;
#26:
>0:34.63,106.97;34.01,109.54;
#27:
>0:32.22,111.73;31.51,114.57;
#28:
>0:32.35,116.57;34.68,114.71;36.54,113.08;35.53,111.37;39.78,109.15;
#29:
>0:32.2,112.89;31.86,114.37;
#30:
>0:32.79,107.51;34.67,109.73;33.52,110.73;
#31:
>0:41.37,116.62;40.64,116.37;
#32:
>0:34.24,109.52;35.97,110.84;
#33:
>0:31.68,114.67;33.46,113.33;35.87,111.48;37.39,110.83;
#34:
>0:32.44,111.73;30.39,112.82;
#35:
>0:30.29,116.03;32.89,114.72;33.19,111.85;32.76,111.59;31.79,108.48;36.24,107.37;
#36:
>0:40.24,116.68;39.57,116.23;
#37:
>0:35.59,109.11;34.61,110.36;34.63,111.85;
#38:
>0:31.88,115.3;34.68,114.56;36.36,112.71;34.16,111.43;34.41,109.74;
#39:
>0:32.11,116.56;31.44,114.77;32.23,113.33;33.17,110.46;32.37,108.61;32.94,107.11;
#40:
>0:41.08,117.15;40.14,116.75;
#41:
>0:39.68,117.59;40.41,114.91;35.96,113.27;
#42:
>0:38.75,112.24;37.25,114.29;35.49,115.44;
#43:
>0:30.58,107.29;32.98,107.06;34.21,109.7;35.06,110.22;37.52,112.79;39.33,110.79;
#44:
>0:32.32,107.3;29.87,107.48;32.0,109.58;34.91,111.89;
#45:
>0:31.93,116.84;34.23,115.63;33.94,114.38;36.34,114.61;40.01,112.86;
#46:
>0:33.14,111.78;33.43,110.88;35.07,109.2;38.01,106.69;40.23,106.59;
#47:
>0:41.24,116.14;41.23,117.58;
#48:
>0:36.02,114.45;36.85,114.53;
#49:
>0:40.71,116.67;41.02,116.05;
#50:
>0:29.6,114.91;31.98,112.0;31.72,110.52;32.92,109.82;
#51:
>0:41.24,117.65;41.03,117.4;
#52:
>0:40.83,117.15;41.35,116.67;
#53:
>0:41.3,117.66;39.93,116.43;
#54:
>0:40.17,117.03;39.04,114.54;35.04,112.81;
#55:
>0:31.72,111.46;33.97,112.16;32.47,114.4;
#56:
>0:31.66,107.56;34.12,109.11;34.14,110.49;37.7,110.07;
#57:
>0:39.87,116.59;41.21,116.13;
#58:
>0:33.32,109.69;33.23,110.92;36.78,111.41;35.87,113.97;
#59:
>0:40.08,117.27;40.02,116.39;
#60:
>0:36.71,112.78;36.22,110.84;38.69,112.14;
#61:
>0:32.04,110.74;32.0,111.61;
#62:
>0:30.58,113.89;32.18,112.47;32.92,110.86;
#63:
>0:32.74,106.94;33.45,107.05;
#64:
>0:35.12,106.57;34.93,108.11;
#65:
>0:39.47,111.91;37.61,110.73;
#66:
>0:39.61,117.53;40.31,116.2;
#67:
>0:34.4,114.76;35.88,111.67;33.35,111.36;38.55,108.82;
#68:
>0:37.25,110.13;35.75,109.46;35.4,110.84;33.24,112.77;29.73,114.81;
#69:
>0:34.75,108.25;35.34,111.36;37.88,112.28;39.95,114.98;41.12,116.74;
#70:
>0:32.83,115.58;34.8,114.01;35.8,112.95;33.76,110.16;34.68,109.07;
#71:
>0:40.64,117.57;41.14,116.59;
#72:
>0:40.58,117.16;41.14,117.29;
#73:
>0:37.81,109.79;35.76,109.89;35.69,111.47;32.75,112.2;
#74:
>0:30.3,114.99;32.83,116.44;
#75:
>0:40.11,107.65;37.44,106.81;37.97,108.8;33.63,106.62;
#76:
>0:39.11,112.25;39.8,112.07;
#77:
>0:39.75,113.05;38.21,113.37;35.92,112.23;
#78:
>0:34.85,115.13;34.43,116.04;
#79:
>0:37.64,114.39;40.97,116.55;
#80:
>0:40.9,116.05;39.94,117.48;
#81:
>0:30.34,108.67;32.25,109.44;34.81,106.72;35.92,109.51;38.47,110.4;39.54,109.99;
#82:
>0:31.44,111.65;33.96,112.64;36.07,110.73;
#83:
>0:30.39,107.22;32.66,108.97;31.57,110.2;33.39,112.22;32.46,111.78;33.52,115.27;
#84:
>0:40.45,116.78;39.6,116.77;
#85:
>0:36.72,112.37;36.28,113.74;34.47,116.82;
#86:
>0:40.07,117.0;40.74,116.68;
#87:
>0:38.05,114.03;36.46,113.21;33.83,112.15;32.29,113.73;
#88:
>0:34.04,109.67;32.49,108.74;30.49,108.3;
#89:
>0:34.23,114.85;32.64,115.63;30.92,116.5;
#90:
>0:31.92,107.25;34.53,109.69;31.92,111.6;34.15,112.4;32.12,113.93;
#91:
>0:34.24,108.17;32.31,107.9;
#92:
>0:33.36,111.05;35.59,110.45;36.08,114.94;
#93:
>0:40.81,117.33;41.16,117.46;
#94:
>0:35.89,115.21;37.41,116.68;
#95:
>0:39.95,116.07;41.16,116.42;
#96:
>0:40.39,116.98;40.75,116.38;
#97:
>0:33.41,113.17;31.7,113.05;
