#0:
>0:40.39,107.4;38.91,107.34;
#1:
>0:31.53,112.6;33.31,112.67;
#2:
>0:39.59,106.95;38.44,107.68;35.63,106.5;
#3:
>0:36.92,107.45;38.84,106.79;40.09,109.2;39.29,111.24;40.07,112.96;38.56,115.15;
#4:
>0:32.52,114.29;33.98,112.06;36.34,109.98;35.31,108.96;
#5:
>0:35.28,115.86;35.93,114.2;33.02,115.2;
#6:
>0:40.99,116.76;39.81,116.93;
#7:
>0:40.61,116.76;40.82,117.55;
#8:
>0:31.21,110.38;31.81,112.24;33.01,114.35;
#9:
>0:32.02,112.03;33.24,110.38;35.78,110.95;
#10:
>0:40.55,115.98;40.64,117.17;
#11:
>0:32.11,114.67;30.15,116.82;
#12:
>0:39.76,108.31;38.21,110.89;35.46,111.55;33.78,110.86;32.04,111.32;30.68,111.22;
#13:
>0:36.92,116.13;38.97,114.48;37.42,114.22;35.93,112.31;34.66,111.12;31.72,107.09;
#14:
>0:32.58,109.14;31.28,108.99;
#15:
>0:37.99,116.22;36.41,114.96;35.31,112.08;32.65,115.04;
#16:
>0:35.48,108.17;33.44,107.37;
#17:
>0:37.75,107.53;38.76,106.78;37.21,109.87;38.11,111.56;34.19,114.38;
#18:
>0:40.14,116.25;39.93,117.51;
#19:
>0:33.51,106.86;35.77,106.54;35.22,109.9;39.65,106.51;
#20:
>0:32.34,108.6;29.53,109.53;
#21:
>0:39.31,109.77;37.43,106.63;35.73,108.12;33.46,107.33;
#22:
>0:35.79,109.27;35.53,110.09;
#23:
>0:39.58,113.31;38.57,114.95;38.1,112.16;34.54,112.65;
#24:
>0:32.11,113.77;30.39,115.49;
#25:
>0:32.26,115.02;33.52,115.27;
#26:
>0:41.2,116.92;40.71,116.54;
#27:
>0:38.61,109.66;37.88,110.74;35.8,113.14;33.36,110.87;29.73,109.04;
#28:
>0:36.64,110.4;35.33,109.1;
#29:
>0:39.95,117.61;40.17,116.63;
#30:
>0:37.8,108.49;39.06,110.99;
#31:
>0:30.35,115.82;32.81,114.88;
#32:
>0:40.59,116.42;39.58,116.31;
#33:
>0:39.27,112.31;37.12,114.7;35.26,114.38;33.84,112.49;31.98,112.51;
#34:
>0:40.31,117.66;40.13,117.38;
#35:
>0:36.14,110.3;33.67,112.1;34.14,111.08;30.33,112.6;
#36:
>0:31.72,110.17;33.41,110.23;34.46,113.34;37.01,112.81;
#37:
>0:39.2,114.0;38.6,111.77;35.82,111.37;33.67,111.24;33.06,111.47;30.68,111.23;
#38:
>0:40.75,116.95;37.42,115.9;38.93,114.95;38.53,111.76;36.88,111.02;39.92,106.6;
#39:
>0:34.23,107.02;35.9,108.36;37.16,111.54;39.26,111.69;
#40:
>0:30.77,110.77;31.5,108.37;
#41:
>0:30.59,109.42;32.11,110.74;34.19,112.51;36.8,114.57;37.46,112.91;39.26,112.18;
#42:
>0:39.76,114.35;37.07,113.7;35.81,114.93;34.55,112.94;32.51,109.39;
#43:
>0:35.44,116.3;35.19,114.45;36.86,113.7;38.08,111.88;38.78,109.37;
#44:
>0:36.46,110.91;37.67,108.83;
#45:
>0:36.74,109.13;33.37,108.36;
#46:
>0:40.13,116.04;40.58,117.62;
#47:
>0:32.01,114.72;33.07,113.91;
#48:
>0:40.37,117.24;40.2,117.3;
#49:
>0:40.28,116.31;40.31,117.14;
#50:
>0:40.88,116.08;39.97,116.19;
#51:
>0:37.05,111.96;35.61,110.3;33.53,109.79;32.6,107.98;
#52:
>0:40.99,116.16;40.95,116.41;
#53:
>0:30.53,111.45;32.3,109.91;
#54:
>0:39.76,106.85;39.19,107.1;
#55:
>0:36.56,110.9;37.39,109.79;
#56:
>0:37.82,112.85;35.31,111.6;34.1,108.84;32.01,108.0;
#57:
>0:34.08,110.62;35.87,108.83;
#58:
>0:32.93,115.24;30.39,115.53;30.72,113.33;
#59:
>0:39.51,113.73;37.18,111.8;38.15,111.56;37.99,109.43;38.37,106.8;
#60:
>0:40.0,116.67;39.83,117.22;
#61:
>0:38.17,107.78;36.11,107.4;34.6,107.03;
#62:
>0:31.19,110.27;31.81,110.16;
#63:
>0:39.77,117.38;40.49,117.23;
#64:
>0:40.03,116.44;41.31,117.34;
#65:
>0:32.43,112.54;33.8,110.91;35.06,109.92;38.13,109.8;
#66:
>0:38.32,107.57;36.04,108.7;33.85,109.99;31.67,112.84;30.87,114.55;
#67:
>0:33.01,107.52;30.5,108.75;33.42,111.29;
#68:
>0:32.13,113.23;33.45,112.17;33.71,108.5;
#69:
>0:36.13,113.71;35.26,113.19;31.83,114.96;
#70:
>0:31.24,109.33;32.7,110.41;33.51,111.55;33.74,113.16;38.16,112.06;
#71:
>0:34.51,106.52;34.52,109.2;33.5,110.47;33.87,113.31;34.88,114.21;
#72:
>0:29.87,107.05;32.39,107.01;34.67,106.97;
#73:
>0:39.91,114.42;38.19,113.29;36.03,110.34;35.52,108.75;35.7,107.71;
#74:
>0:40.41,109.65;38.0,108.26;35.21,108.77;33.28,109.01;
#75:
>0:39.75,117.1;40.44,117.7;
#76:
>0:31.01,111.41;32.27,112.1;33.81,111.75;
#77:
>0:36.95,116.59;40.27,114.24;36.82,114.51;35.51,112.42;34.71,111.48;31.63,106.75;
#78:
>0:39.85,107.59;39.41,108.33;40.2,110.66;37.74,111.36;36.73,112.75;31.93,116.19;
#79:
>0:36.95,109.28;37.24,111.02;35.25,113.36;34.6,114.49;29.64,116.79;
#80:
>0:34.43,115.74;32.1,113.8;29.94,113.2;31.21,110.53;
#81:
>0:41.1,117.21;40.04,117.21;
#82:
>0:39.72,109.66;38.98,110.54;38.24,110.56;35.66,112.2;34.88,111.16;31.02,108.9;
#83:
>0:38.12,113.16;36.7,110.82;34.29,110.65;31.86,110.98;30.47,110.43;
#84:
>0:35.21,109.11;33.6,109.58;
#85:
>0:39.54,108.85;36.9,110.05;35.77,111.05;33.61,110.96;32.43,111.04;30.77,110.09;
#86:
>0:40.06,117.28;40.54,116.61;
#87:
>0:31.3,112.09;29.71,111.35;31.15,108.52;
#88:
>0:34.93,115.97;32.63,113.85;29.72,112.13;31.0,111.25;30.88,108.77;
#89:
>0:32.37,111.67;34.83,113.07;
#90:
>0:37.06,109.34;37.48,110.26;33.22,111.0;
#91:
>0:40.49,117.45;40.7,116.52;
#92:
>0:39.95,109.6;37.55,109.64;35.54,108.6;34.47,108.65;
#93:
>0:41.28,116.54;41.29,117.66;
#94:
>0:37.36,111.99;35.15,111.63;34.28,109.54;32.96,106.97;
#95:
>0:31.03,107.31;29.98,109.03;
#96:
>0:33.12,108.5;34.02,110.7;36.54,111.73;36.78,113.67;35.41,116.84;
#97:
>0:31.09,116.8;29.98,114.5;32.6,113.37;33.08,110.7;
