#0:
>0:38.53,112.98;36.27,112.79;36.28,110.07;32.34,108.66;
#1:
>0:39.76,107.26;37.48,109.45;35.08,111.02;36.15,112.13;33.31,114.15;29.59,112.94;
#2:
>0:41.3,116.2;40.58,116.34;
#3:
>0:32.55,115.09;29.55,113.28;32.18,111.9;32.49,111.18;33.07,107.16;
#4:
>0:32.62,116.75;29.72,114.35;
#5:
>0:39.82,117.62;39.8,117.55;
#6:
>0:31.86,106.92;30.79,108.59;29.92,111.13;30.85,113.13;
#7:
>0:37.32,106.76;37.16,109.06;
#8:
>0:37.28,108.24;36.63,111.13;36.61,111.94;32.25,111.78;
#9:
>0:33.73,114.69;36.16,114.05;35.96,113.15;36.03,110.95;32.76,107.19;
#10:
>0:39.57,117.65;40.32,117.04;
#11:
>0:31.01,112.39;29.79,113.78;32.68,116.59;34.31,114.59;38.49,113.42;
#12:
>0:30.06,107.65;32.37,109.12;34.52,109.89;33.49,113.13;
#13:
>0:41.03,117.04;39.68,117.03;
#14:
>0:32.88,112.72;34.15,114.02;35.77,113.09;
#15:
>0:40.12,112.54;37.24,113.17;35.38,115.05;33.63,113.8;32.3,116.7;30.73,115.15;
#16:
>0:35.44,106.81;33.8,109.73;31.59,106.9;29.61,107.55;
#17:
>0:39.85,111.5;37.67,108.24;36.71,109.18;
#18:
>0:30.77,116.51;30.34,114.19;31.92,113.45;30.47,111.27;
#19:
>0:35.42,111.19;34.84,110.33;
#20:
>0:39.78,116.13;40.22,117.28;
#21:
>0:35.75,116.36;37.13,114.09;
#22:
>0:29.93,116.63;32.36,115.01;33.12,115.63;34.9,113.84;35.48,116.67;41.02,117.39;
#23:
>0:40.14,117.34;40.53,116.7;
#24:
>0:32.33,113.1;32.79,110.95;31.44,108.37;
#25:
>0:38.98,114.83;38.64,115.24;36.14,115.51;33.3,113.78;32.82,110.2;
#26:
>0:31.05,108.1;32.57,109.39;33.16,109.11;33.06,112.31;
#27:
>0:40.08,116.66;39.94,116.26;
#28:
>0:39.86,117.24;39.73,116.94;
#29:
>0:29.57,114.04;32.64,112.76;31.55,110.56;33.79,111.51;29.5,106.67;
#30:
>0:33.77,115.32;36.38,114.87;38.39,113.05;38.8,111.91;38.88,110.18;39.45,107.12;
#31:
>0:33.85,115.52;31.86,113.46;30.84,111.87;32.36,112.24;34.34,110.17;30.33,107.79;
#32:
>0:32.3,108.75;34.37,110.54;32.75,110.47;31.71,112.65;35.16,115.77;
#33:
>0:38.71,114.86;40.04,113.12;
#34:
>0:32.11,114.48;31.39,116.68;35.86,113.66;
#35:
>0:40.11,117.21;39.79,116.79;
#36:
>0:41.23,116.77;39.58,116.59;
#37:
>0:40.6,117.09;39.69,117.21;
#38:
>0:40.44,117.1;40.43,117.55;
#39:
>0:31.27,114.28;31.66,111.75;31.85,111.49;34.8,108.21;36.26,109.9;38.74,106.57;
#40:
>0:37.91,114.69;38.59,113.27;
#41:
>0:30.66,114.47;32.87,111.81;33.93,110.99;32.21,108.95;36.77,107.18;
#42:
>0:34.82,107.45;34.51,108.41;30.88,107.99;
#43:
>0:40.14,116.4;40.46,116.89;
#44:
>0:38.64,111.8;37.25,111.17;36.56,109.54;35.59,106.73;
#45:
>0:30.36,115.3;32.17,114.58;34.16,114.1;32.56,112.56;30.68,109.58;
#46:
>0:36.9,112.62;39.7,110.82;35.53,109.45;
#47:
>0:29.96,116.53;32.31,113.48;34.36,114.88;35.4,113.73;37.0,112.19;39.67,116.81;
#48:
>0:39.28,109.79;37.48,110.4;36.05,113.09;34.95,114.11;31.44,114.98;29.57,110.84;
#49:
>0:38.29,106.91;38.68,107.3;
#50:
>0:31.59,115.48;34.53,113.45;36.38,114.07;35.19,112.18;36.04,111.32;31.95,107.11;
#51:
>0:34.82,115.94;35.81,113.71;37.18,113.42;
#52:
>0:30.58,112.28;30.08,111.07;31.75,109.2;36.43,107.13;
#53:
>0:39.98,106.91;37.82,108.37;35.63,108.26;33.62,112.89;
#54:
>0:38.52,109.57;35.4,110.43;36.71,113.12;33.69,113.96;30.09,112.94;
#55:
>0:40.36,116.63;39.87,116.28;
#56:
>0:39.9,116.34;41.08,116.67;
#57:
>0:35.74,110.33;35.82,112.33;
#58:
>0:40.0,116.39;40.61,117.54;
#59:
>0:30.92,111.32;33.11,108.6;34.45,108.36;35.45,112.04;
#60:
>0:29.89,109.41;30.2,111.46;34.81,108.28;
#61:
>0:38.91,108.78;38.15,109.95;36.78,112.79;35.38,115.0;32.6,113.66;
#62:
>0:39.39,107.99;38.21,109.37;35.38,111.6;35.11,113.33;33.62,114.63;30.08,115.79;
#63:
>0:40.22,109.26;38.21,111.49;35.67,111.9;35.71,114.81;33.68,113.45;30.03,115.4;
#64:
>0:34.9,114.15;32.99,113.53;
#65:
>0:38.48,113.63;35.22,113.94;
#66:
>0:36.34,109.57;37.43,111.54;
#67:
>0:40.09,117.1;40.81,116.63;
#68:
>0:34.94,112.82;36.03,111.07;35.75,108.85;
#69:
>0:29.73,110.54;31.68,110.81;
#70:
>0:30.87,108.97;31.33,111.26;34.68,108.83;35.95,110.3;36.9,112.43;40.08,116.87;
#71:
>0:37.68,108.69;36.14,109.94;37.17,111.36;35.93,113.75;
#72:
>0:37.3,116.12;35.93,113.81;
#73:
>0:39.57,116.96;40.64,116.13;
#74:
>0:36.99,116.79;35.36,114.94;
#75:
>0:33.89,111.38;36.12,109.35;37.4,107.6;38.87,109.42;
#76:
>0:34.34,108.93;33.57,108.94;
#77:
>0:39.15,117.45;40.22,116.69;
#78:
>0:33.98,114.36;31.4,113.09;30.78,112.92;
#79:
>0:40.85,117.68;40.88,117.62;
#80:
>0:32.77,109.54;34.11,107.5;34.83,108.53;37.03,107.69;
#81:
>0:31.59,113.06;34.01,112.67;
#82:
>0:38.95,111.59;39.77,112.35;37.15,112.75;36.71,113.66;34.36,116.17;30.9,113.62;
#83:
>0:38.97,110.92;39.32,113.05;37.97,112.52;35.82,113.59;33.22,115.34;31.31,112.82;
#84:
>0:38.53,110.13;37.53,108.81;
#85:
>0:29.7,114.79;31.41,115.37;34.05,113.81;36.31,113.93;37.4,113.25;
#86:
>0:34.61,114.94;35.37,112.99;
#87:
>0:39.8,117.04;41.21,117.18;
#88:
>0:29.68,107.03;32.9,109.37;33.32,108.03;36.06,107.22;38.01,107.05;38.9,108.98;
#89:
>0:36.52,107.72;33.72,107.14;36.34,108.93;37.6,110.41;35.08,112.09;35.87,115.72;
#90:
>0:34.09,113.77;36.23,112.87;
#91:
>0:35.89,108.43;37.83,110.09;
#92:
>0:40.35,116.83;40.49,116.54;
#93:
>0:39.64,116.18;40.16,116.2;
#94:
>0:39.98,117.5;41.17,116.93;
#95:
>0:38.1,108.28;36.65,109.34;
#96:
>0:34.09,112.49;32.85,113.51;
#97:
>0:33.09,107.33;33.93,108.15;34.0,109.76;37.25,109.71;
