#0:
>0:40.07,116.49;40.83,115.94;41.3,116.21;41.98,116.72;
#1:
>0:39.22,116.16;39.39,116.56;40.68,116.66;
#2:
>0:40.46,116.4;40.35,116.44;
#3:
>0:42.23,115.8;42.59,115.9;42.45,116.29;42.08,116.47;
#4:
>0:39.62,116.82;40.24,116.48;40.94,116.19;41.99,116.7;
#5:
>0:39.56,116.6;40.15,116.37;40.25,115.92;41.17,115.73;
#6:
>0:42.49,115.63;42.0,115.9;41.6,115.81;41.09,115.82;40.45,115.82;39.21,115.31;
#7:
>0:39.66,116.46;39.92,116.41;41.39,116.14;
#8:
>0:42.54,116.66;42.06,116.64;42.05,116.15;40.74,115.79;
#9:
>0:39.87,116.53;39.91,116.57;
#10:
>0:42.63,116.55;41.64,116.62;41.68,116.05;
#11:
>0:41.43,116.69;42.12,116.21;41.46,115.87;40.41,115.61;40.57,115.31;
#12:
>0:40.04,116.33;40.52,116.37;
#13:
>0:39.27,115.64;40.22,115.28;40.59,115.24;41.22,115.27;
#14:
>0:39.95,115.44;40.61,115.47;41.19,115.7;41.61,115.56;
#15:
>0:41.64,116.96;42.39,116.67;41.65,116.5;40.96,116.33;42.13,116.1;41.3,115.34;
#16:
>0:39.02,116.14;39.05,116.68;40.0,116.75;40.51,116.65;41.9,116.74;
#17:
>0:41.87,116.27;41.71,115.95;
#18:
>0:39.38,116.31;40.19,115.97;40.27,115.55;41.17,115.39;41.7,115.63;42.2,115.52;
#19:
>0:40.79,116.23;41.33,116.22;
#20:
>0:42.28,116.83;42.05,116.69;41.62,116.15;41.14,116.05;40.22,115.58;
#21:
>0:39.96,115.57;40.85,115.46;
#22:
>0:40.7,116.96;41.2,116.96;
#23:
>0:41.27,115.72;40.26,115.94;40.12,116.33;
#24:
>0:42.14,115.68;42.0,115.3;41.49,115.44;40.4,115.54;
#25:
>0:41.08,115.44;40.82,115.63;41.39,115.92;40.85,115.85;39.82,116.46;
#26:
>0:41.54,115.28;41.14,115.26;40.4,115.28;
#27:
>0:40.55,116.57;40.57,116.24;41.68,116.63;
#28:
>0:41.49,115.49;40.31,115.65;39.98,116.1;39.55,116.21;
#29:
>0:41.44,116.66;41.95,116.26;41.85,116.04;42.08,115.55;41.95,115.4;
#30:
>0:42.74,116.11;42.73,116.23;41.51,116.38;42.0,116.89;
#31:
>0:41.92,115.55;41.06,115.87;40.43,116.04;
#32:
>0:39.35,115.38;39.81,115.41;40.24,115.8;40.44,116.06;41.45,116.35;42.07,116.74;
#33:
>0:40.54,116.43;40.08,116.39;
#34:
>0:41.11,116.35;41.67,116.08;41.75,115.63;41.36,115.45;
#35:
>0:41.41,115.55;41.74,116.07;42.54,115.55;
#36:
>0:41.87,115.79;41.04,115.85;40.58,116.25;40.06,116.58;39.06,116.14;
#37:
>0:39.6,115.49;40.02,115.5;40.81,115.27;41.37,115.44;42.08,115.77;42.25,115.4;
#38:
>0:40.98,115.74;40.24,116.06;39.64,115.83;
#39:
>0:40.02,116.53;40.31,116.37;
#40:
>0:39.46,115.54;40.22,115.91;40.44,116.4;40.86,116.41;
#41:
>0:39.43,116.44;40.17,116.63;40.77,116.21;41.19,116.28;41.74,115.89;42.32,115.79;
#42:
>0:41.61,116.13;41.18,115.89;
#43:
>0:41.63,116.97;42.08,116.66;41.62,116.14;41.62,115.94;41.65,115.62;41.21,115.42;
#44:
>0:42.77,116.36;42.71,116.6;41.93,116.57;41.03,116.33;40.07,116.69;
#45:
>0:41.13,116.2;41.67,116.05;40.68,115.75;
#46:
>0:41.63,115.6;40.89,115.95;40.97,116.28;
#47:
>0:40.44,116.5;40.54,116.35;
#48:
>0:39.04,116.43;39.57,116.87;
#49:
>0:39.59,115.86;40.37,116.5;
#50:
>0:40.04,116.56;40.38,116.43;
#51:
>0:42.21,116.12;42.53,116.0;42.69,115.56;42.67,115.34;
#52:
>0:41.34,116.44;40.49,116.88;
#53:
>0:40.51,116.32;40.15,116.44;
#54:
>0:40.18,116.37;40.01,116.49;
#55:
>0:41.48,115.66;41.52,116.07;42.58,115.78;
#56:
>0:41.59,116.78;40.91,116.51;40.67,116.16;39.77,116.01;
#57:
>0:40.2,116.39;40.45,116.09;41.37,116.18;42.1,115.64;
#58:
>0:39.1,116.47;40.31,116.26;40.81,116.0;41.0,115.75;
#59:
>0:41.63,116.45;41.2,116.45;40.36,116.91;39.89,116.47;39.06,116.32;
#60:
>0:40.13,116.92;40.78,116.66;40.94,116.2;42.06,116.74;
#61:
>0:39.47,116.37;39.27,116.68;39.91,116.9;40.57,116.5;41.45,116.48;42.44,116.62;
#62:
>0:40.25,116.27;40.43,116.08;
#63:
>0:42.29,115.97;41.56,116.02;41.66,115.58;41.41,115.76;40.02,115.37;
#64:
>0:40.29,115.78;41.17,115.84;40.48,116.22;
#65:
>0:40.19,115.62;39.22,115.6;40.0,116.46;
#66:
>0:41.46,115.82;41.85,116.04;42.56,116.25;41.47,116.44;
#67:
>0:40.02,115.93;40.27,116.4;40.45,116.65;
#68:
>0:39.66,116.65;40.14,116.31;
#69:
>0:41.59,116.65;41.95,116.35;41.67,116.06;41.85,115.73;42.7,115.45;
#70:
>0:40.7,116.59;41.31,116.39;41.69,115.83;41.18,115.62;
#71:
>0:41.8,115.74;40.89,115.99;40.34,116.19;40.07,116.61;39.51,116.88;
#72:
>0:39.05,116.79;39.79,116.67;40.72,116.15;40.95,116.35;41.78,116.07;42.67,115.73;
#73:
>0:40.14,116.46;40.05,116.5;
#74:
>0:40.13,116.33;40.69,115.82;41.5,115.82;41.92,115.4;
#75:
>0:40.02,115.5;39.17,115.64;
#76:
>0:40.27,116.67;40.14,116.63;40.19,116.5;40.5,115.9;39.92,115.33;
#77:
>0:39.73,115.96;40.84,115.61;
#78:
>0:39.5,116.0;40.03,115.72;40.6,116.04;40.94,116.39;41.85,116.87;
#79:
>0:42.3,116.14;41.76,116.35;
#80:
>0:40.07,116.28;40.24,116.47;
#81:
>0:39.57,115.62;39.64,116.11;40.52,116.35;40.39,116.21;40.27,116.86;
#82:
>0:40.32,116.42;40.11,116.21;
#83:
>0:40.08,115.84;40.27,116.44;40.51,116.58;
#84:
>0:42.4,115.53;42.56,115.6;42.16,116.01;42.45,116.26;42.66,116.41;42.36,116.86;
#85:
>0:40.01,116.08;40.36,116.44;40.31,115.94;42.09,116.69;
#86:
>0:41.03,116.19;40.49,116.67;40.16,116.53;39.32,116.26;
#87:
>0:42.47,116.79;41.64,116.46;41.94,116.2;41.54,116.04;41.8,115.55;41.65,115.28;
#88:
>0:40.12,116.85;40.42,116.53;41.36,116.28;41.87,116.04;41.09,115.58;
#89:
>0:40.04,116.46;40.15,116.53;
#90:
>0:41.15,116.86;40.44,116.62;40.19,116.45;39.11,116.06;
#91:
>0:39.78,115.51;40.44,115.51;40.68,115.55;41.86,115.83;
#92:
>0:41.63,115.49;41.12,115.68;40.4,116.09;
#93:
>0:40.07,116.41;40.53,116.35;
#94:
>0:40.6,115.5;39.87,115.41;39.61,115.69;40.19,116.54;
#95:
>0:40.47,116.29;40.55,116.33;
#96:
>0:40.31,116.54;40.76,115.99;41.07,115.91;41.94,115.25;
#97:
>0:41.07,116.42;41.95,116.39;41.66,115.87;41.24,115.98;41.33,115.51;
#98:
>0:40.21,116.59;39.88,116.47;
#99:
>0:39.27,115.29;39.98,115.36;39.86,115.7;39.64,116.1;40.38,116.49;39.71,116.91;
#100:
>0:39.83,115.88;39.73,115.88;
#101:
>0:41.94,116.04;41.78,116.02;
#102:
>0:40.7,115.73;40.99,116.1;40.4,115.84;39.65,116.5;
#103:
>0:39.85,116.39;40.29,116.47;
#104:
>0:40.96,116.89;41.46,116.42;41.01,116.25;
#105:
>0:40.37,116.48;40.17,116.53;
#106:
>0:42.15,115.76;42.3,115.9;42.64,116.34;
#107:
>0:40.03,115.48;39.67,115.62;39.86,115.82;39.92,116.37;39.25,116.45;
#108:
>0:40.97,116.97;40.34,116.52;40.06,116.48;39.03,115.88;
#109:
>0:39.92,115.53;39.88,115.71;38.97,115.87;
#110:
>0:42.67,115.46;42.02,115.72;41.45,115.73;
#111:
>0:40.09,115.85;40.51,115.56;
#112:
>0:40.29,115.73;41.35,115.88;40.61,116.38;
#113:
>0:39.28,115.97;39.27,115.84;
#114:
>0:40.09,116.62;40.37,116.34;40.37,116.05;41.64,115.86;
#115:
>0:38.98,115.28;39.67,115.42;39.67,115.74;40.29,116.08;41.36,116.22;42.0,116.71;
#116:
>0:39.13,115.36;39.77,115.42;40.0,115.6;40.24,115.97;39.94,116.48;
#117:
>0:41.93,116.57;42.03,116.27;42.04,115.83;41.55,115.6;41.9,115.31;
#118:
>0:41.27,115.86;40.6,115.88;40.17,116.63;
#119:
>0:40.48,115.94;40.35,116.31;40.99,116.12;42.51,116.13;
#120:
>0:41.11,116.02;40.89,115.77;
#121:
>0:39.74,116.07;40.08,116.32;40.31,116.59;
#122:
>0:41.61,116.53;42.11,116.4;42.03,116.06;41.68,115.63;42.37,115.48;
#123:
>0:42.76,116.98;42.3,116.56;42.59,116.2;42.16,115.85;
#124:
>0:41.61,116.96;41.07,116.64;40.7,116.77;40.41,116.44;
#125:
>0:42.71,116.35;42.12,116.58;
#126:
>0:41.06,116.55;40.76,116.94;40.4,116.39;
#127:
>0:41.03,115.52;41.7,115.8;
#128:
>0:42.28,116.43;42.11,116.39;40.98,115.94;40.36,115.66;39.88,115.62;
#129:
>0:39.66,116.8;40.82,116.46;40.71,116.18;41.85,116.54;
#130:
>0:41.13,115.54;41.56,115.89;
#131:
>0:40.59,116.46;40.75,116.14;41.34,116.26;41.85,116.05;42.06,115.33;
#132:
>0:41.24,116.34;40.87,116.66;39.97,116.47;39.28,116.17;
#133:
>0:41.98,115.25;41.05,115.69;40.65,115.93;40.26,116.47;39.21,116.63;
#134:
>0:40.37,116.36;39.62,116.58;39.39,116.65;
#135:
>0:39.33,116.21;40.07,116.45;40.59,116.02;41.21,116.18;41.66,116.0;42.77,116.43;
#136:
>0:41.73,116.17;40.92,116.41;
#137:
>0:40.26,116.41;39.55,116.47;
#138:
>0:39.34,115.7;40.2,115.41;40.7,115.37;40.99,115.38;41.78,115.31;
#139:
>0:42.57,115.78;42.31,116.08;
#140:
>0:42.72,116.19;41.51,116.49;
#141:
>0:42.3,115.65;42.55,115.92;42.54,116.32;42.03,116.4;40.5,116.84;
#142:
>0:41.09,116.12;40.44,115.98;40.14,115.62;
#143:
>0:40.95,115.98;40.73,115.83;
#144:
>0:40.37,116.4;39.96,116.33;
#145:
>0:41.38,116.41;40.48,116.97;40.17,116.54;
#146:
>0:41.4,115.59;41.1,115.38;42.42,115.67;
#147:
>0:41.66,115.78;41.12,115.99;40.28,115.85;39.83,116.55;39.32,116.57;
#148:
>0:39.33,115.73;40.1,116.05;40.36,116.54;40.24,116.53;
#149:
>0:39.43,116.44;40.21,116.45;
#150:
>0:38.99,116.68;39.18,116.28;
#151:
>0:42.08,116.59;40.87,116.29;40.6,116.3;39.74,116.49;39.07,116.38;
#152:
>0:40.09,116.36;40.32,116.48;
#153:
>0:39.85,115.44;39.88,115.75;40.7,115.39;41.18,115.69;42.48,116.27;
#154:
>0:41.69,116.58;41.87,116.35;41.74,116.06;40.89,115.88;41.63,115.52;
#155:
>0:40.88,116.45;42.08,116.29;41.99,116.07;41.95,115.56;42.06,115.52;
#156:
>0:41.46,115.59;40.96,115.29;42.45,115.72;
