#0:
>0:40.03,116.17;40.66,115.89;41.14,115.64;41.84,115.58;
#1:
>0:41.52,116.94;41.02,116.78;42.45,116.34;
#2:
>0:40.16,116.45;39.91,116.54;40.41,116.41;
#3:
>0:42.11,115.34;41.64,115.55;40.75,115.66;
#4:
>0:40.24,115.96;41.17,116.22;42.01,116.14;
#5:
>0:41.64,115.35;41.76,115.76;41.49,115.91;40.99,116.34;42.76,116.43;
#6:
>0:42.52,115.66;42.5,116.0;42.74,116.36;42.57,116.66;42.38,116.72;
#7:
>0:40.21,116.18;40.49,116.54;
#8:
>0:39.64,116.36;40.16,116.42;
#9:
>0:41.82,116.89;41.18,116.82;40.46,116.64;40.45,116.82;39.44,116.43;
#10:
>0:42.26,116.21;42.27,115.94;42.59,115.66;
#11:
>0:39.76,115.3;39.95,115.79;39.61,116.0;40.54,116.28;39.79,116.58;39.94,116.8;
#12:
>0:41.09,115.45;41.94,115.79;40.27,115.91;
#13:
>0:41.74,116.34;42.49,116.68;41.26,116.92;
#14:
>0:40.05,116.4;40.31,116.4;
#15:
>0:41.32,116.63;42.05,116.32;41.65,116.04;41.26,115.89;40.62,115.38;
#16:
>0:39.92,116.63;39.65,116.11;40.47,116.01;
#17:
>0:41.76,115.97;41.5,115.58;40.32,116.01;
#18:
>0:39.43,116.01;39.66,115.73;40.51,115.39;40.35,115.78;41.92,115.64;
#19:
>0:41.73,115.94;41.24,115.59;40.62,115.91;40.16,116.41;
#20:
>0:42.28,116.65;42.45,116.98;42.07,116.59;41.05,116.12;40.37,116.51;
#21:
>0:39.81,116.53;40.5,116.4;
#22:
>0:42.42,116.15;41.77,116.41;41.0,116.51;40.34,116.66;40.71,116.91;39.0,116.67;
#23:
>0:41.05,116.76;41.89,116.54;42.32,116.69;
#24:
>0:40.55,116.41;40.59,115.95;41.38,115.58;41.09,115.84;41.43,116.27;41.03,116.53;42.11,116.93;42.33,116.95;
#25:
>0:40.85,115.94;39.67,115.96;39.83,116.39;39.04,116.98;
#26:
>0:40.18,116.34;40.54,116.44;
#27:
>0:41.68,115.46;41.12,115.43;41.1,115.56;41.31,116.01;41.22,116.67;
#28:
>0:40.12,116.23;40.19,116.33;
#29:
>0:40.35,116.15;40.52,116.69;40.91,116.88;42.25,116.56;
#30:
>0:41.79,115.48;41.81,115.72;40.91,115.97;40.92,116.31;42.41,116.57;
#31:
>0:42.44,116.97;41.81,116.54;41.18,116.43;41.42,116.12;40.84,115.89;39.36,115.55;
#32:
>0:41.83,116.18;41.33,116.48;41.05,116.83;
#33:
>0:38.97,116.38;40.24,116.01;40.24,115.96;41.0,116.07;
#34:
>0:39.83,116.71;40.55,116.44;40.36,116.8;41.49,116.97;42.62,116.16;
#35:
>0:40.05,116.4;40.44,116.2;
#36:
>0:40.26,115.53;40.74,115.7;
#37:
>0:40.09,116.51;39.25,116.28;
#38:
>0:40.0,116.36;40.05,116.34;
#39:
>0:39.97,116.52;39.96,116.54;
#40:
>0:42.08,116.95;41.04,116.69;
#41:
>0:39.68,116.3;39.97,116.45;
#42:
>0:41.39,116.17;41.14,116.6;40.65,116.88;
#43:
>0:39.31,116.3;40.18,115.93;
#44:
>0:40.96,115.88;41.47,116.33;
#45:
>0:39.97,115.25;40.82,115.53;40.9,115.93;41.58,116.14;
#46:
>0:41.07,116.7;40.39,116.58;39.9,116.81;
#47:
>0:39.63,116.91;40.78,116.66;41.1,116.21;41.9,116.06;41.89,115.54;
#48:
>0:40.55,116.44;39.93,116.52;
#49:
>0:41.88,116.1;40.87,115.86;40.54,115.83;40.11,116.49;
#50:
>0:40.7,115.6;39.78,115.25;
#51:
>0:40.3,116.29;39.62,116.6;
#52:
>0:40.54,115.56;41.06,115.35;41.95,115.26;42.76,115.51;
#53:
>0:39.51,115.75;39.19,115.85;40.76,116.16;
#54:
>0:40.62,116.51;41.3,116.18;
#55:
>0:41.35,116.08;40.24,116.34;40.28,116.44;39.67,116.75;
#56:
>0:39.98,116.4;40.31,116.31;
#57:
>0:39.4,116.11;39.33,116.01;39.55,115.81;
#58:
>0:40.56,115.78;39.71,115.25;
#59:
>0:40.09,116.33;40.51,116.27;
#60:
>0:39.97,116.51;39.97,116.32;
#61:
>0:40.04,116.96;40.66,116.49;41.39,116.33;41.61,115.87;41.7,115.8;
#62:
>0:40.15,116.52;39.92,116.62;
#63:
>0:39.96,116.28;39.98,116.56;40.46,116.88;40.94,116.98;41.85,116.83;42.72,116.95;
#64:
>0:39.41,115.31;40.17,115.53;40.48,115.99;41.41,116.34;41.94,116.11;
#65:
>0:41.61,115.82;41.48,115.88;41.89,116.18;
#66:
>0:40.52,116.28;40.5,116.38;
#67:
>0:40.44,116.46;39.95,115.9;40.34,116.09;41.45,115.77;41.22,115.87;40.96,116.13;41.52,116.28;42.68,116.85;
#68:
>0:40.0,116.64;40.07,116.48;39.85,116.56;40.26,116.43;39.96,116.47;39.44,116.85;39.86,116.58;40.21,116.39;39.93,116.43;39.79,116.43;
#69:
>0:40.17,116.63;39.24,116.3;39.31,115.89;39.72,115.57;40.05,115.49;
#70:
>0:41.72,115.78;41.04,116.04;40.31,115.79;39.83,115.84;
#71:
>0:41.73,115.53;41.1,115.38;41.9,115.73;41.48,116.14;
#72:
>0:40.02,116.4;39.95,116.45;
#73:
>0:39.33,116.85;39.75,116.46;39.28,116.3;39.35,116.08;40.05,115.72;39.53,115.32;
#74:
>0:41.07,115.97;40.51,115.72;39.78,115.68;
#75:
>0:39.51,116.66;40.2,116.33;
#76:
>0:42.16,116.16;41.79,115.97;41.47,115.72;40.88,116.06;40.1,115.96;
#77:
>0:41.74,115.64;41.08,115.9;41.67,116.21;
#78:
>0:39.84,115.52;40.81,115.65;40.9,116.06;41.07,116.22;42.19,116.45;
#79:
>0:39.26,116.43;40.16,116.45;40.02,116.44;40.52,116.42;40.92,116.81;42.47,116.6;
#80:
>0:40.68,116.4;39.62,116.55;39.27,116.17;
#81:
>0:40.41,116.53;39.64,115.88;39.9,116.65;
#82:
>0:39.89,116.65;40.53,116.26;
#83:
>0:40.23,116.48;40.07,116.35;
#84:
>0:40.51,116.17;40.0,116.48;
#85:
>0:40.38,116.53;39.82,116.45;40.4,116.28;40.69,116.07;41.13,115.4;
#86:
>0:39.59,115.24;39.54,115.7;39.92,115.54;40.64,115.41;41.56,116.09;
#87:
>0:40.12,116.54;39.8,116.61;
#88:
>0:40.15,116.35;39.73,116.57;40.44,116.58;40.96,116.81;40.8,116.65;41.4,116.75;41.96,116.87;42.47,116.86;
#89:
>0:41.44,115.5;41.93,115.62;41.98,115.84;
#90:
>0:41.08,115.43;41.78,115.48;40.95,116.03;
#91:
>0:39.56,116.47;40.15,116.15;39.61,115.97;40.45,116.1;41.76,116.11;
#92:
>0:40.69,115.79;40.41,115.39;
#93:
>0:40.03,116.41;40.52,116.45;
#94:
>0:39.65,116.49;40.74,116.42;40.75,116.79;42.08,116.73;
#95:
>0:39.14,115.83;40.28,116.4;39.84,116.48;41.37,116.5;
#96:
>0:40.35,116.4;40.2,116.42;
#97:
>0:42.66,115.37;42.28,115.54;41.74,116.03;41.4,115.84;41.28,116.38;41.81,116.86;
#98:
>0:41.67,116.85;41.22,116.87;
#99:
>0:40.18,115.36;39.98,115.77;40.16,115.86;40.14,116.36;40.21,116.63;39.66,116.96;
#100:
>0:40.22,116.97;39.44,116.71;39.93,116.5;39.97,116.29;41.35,115.7;
#101:
>0:39.55,116.33;39.19,116.05;39.14,115.63;
#102:
>0:42.23,115.75;42.64,115.85;42.38,116.28;42.6,116.62;42.55,116.92;
#103:
>0:40.17,116.37;40.1,116.53;
#104:
>0:40.24,115.95;41.19,116.24;41.56,116.38;
#105:
>0:41.5,116.45;41.03,116.25;40.55,116.08;39.2,115.82;
#106:
>0:42.69,115.41;42.39,115.26;
#107:
>0:40.54,116.48;40.09,116.56;40.23,116.32;
#108:
>0:39.72,116.65;40.34,116.27;
#109:
>0:40.16,116.49;40.29,116.41;
#110:
>0:39.58,116.6;39.93,116.3;39.78,116.45;40.8,116.58;40.9,116.93;42.72,116.63;
#111:
>0:42.52,116.88;41.67,116.46;41.03,116.63;41.0,116.19;41.44,115.7;
#112:
>0:41.12,116.91;41.73,116.47;42.53,116.66;
#113:
>0:42.21,115.82;41.78,115.9;41.34,115.98;
#114:
>0:39.76,116.27;40.35,116.44;
#115:
>0:40.18,116.32;40.43,116.27;
#116:
>0:39.75,115.8;39.65,116.06;
#117:
>0:42.41,115.44;42.52,115.49;
#118:
>0:39.07,116.56;40.55,116.44;40.14,116.55;40.64,116.84;40.95,116.83;42.76,116.94;
#119:
>0:39.41,116.91;39.9,116.47;40.77,116.23;40.9,116.35;40.61,115.55;
#120:
>0:41.11,115.41;40.92,115.57;41.43,115.89;40.66,116.03;40.47,116.43;39.43,116.84;
#121:
>0:39.93,116.36;40.52,116.27;
#122:
>0:39.0,116.26;40.55,116.51;40.23,116.49;40.52,116.75;41.43,116.78;42.4,116.68;
#123:
>0:40.54,116.36;40.29,116.55;
#124:
>0:41.92,115.53;41.36,115.29;41.23,115.74;42.73,116.15;
#125:
>0:39.58,116.21;39.65,116.0;40.39,115.74;
#126:
>0:39.68,116.55;40.42,116.46;40.87,116.9;41.58,116.92;
#127:
>0:40.3,115.74;41.05,115.41;
#128:
>0:42.77,115.92;42.56,116.36;42.62,116.42;
#129:
>0:41.41,115.65;41.57,115.97;
#130:
>0:39.93,116.67;40.21,116.37;
#131:
>0:41.12,116.75;40.73,116.66;40.3,116.39;
#132:
>0:40.51,116.32;39.84,116.46;
#133:
>0:40.45,116.54;40.08,116.41;40.02,116.37;
#134:
>0:39.67,115.78;40.29,116.01;40.44,116.27;39.95,116.53;41.07,116.82;
#135:
>0:42.76,116.36;42.12,115.85;41.35,115.72;40.63,116.01;39.8,116.05;
#136:
>0:40.41,116.49;40.21,116.42;
#137:
>0:40.03,116.51;40.06,115.96;
#138:
>0:40.18,116.55;39.93,116.54;
#139:
>0:41.35,115.44;41.63,115.7;
#140:
>0:39.69,116.35;40.1,116.49;
#141:
>0:40.34,116.43;40.09,116.45;
#142:
>0:41.51,115.66;41.25,115.85;41.73,116.18;
#143:
>0:40.18,116.31;39.62,116.54;40.34,116.5;
#144:
>0:42.31,115.55;42.04,116.05;41.1,116.08;
#145:
>0:40.64,116.44;39.92,116.48;40.22,116.42;40.3,116.0;41.19,115.47;
#146:
>0:39.01,116.48;40.01,116.52;40.05,116.67;40.37,116.37;41.09,116.16;42.44,116.52;
#147:
>0:41.58,115.68;41.03,115.86;41.77,116.33;
#148:
>0:40.12,115.27;40.23,115.71;39.74,115.82;40.09,116.38;40.19,116.65;39.87,116.87;
#149:
>0:39.12,115.6;40.01,116.03;40.62,116.4;41.24,116.57;
#150:
>0:40.08,115.39;40.57,115.74;41.44,115.52;41.71,115.58;
#151:
>0:39.57,116.87;40.18,116.69;40.4,116.53;41.44,116.4;
#152:
>0:39.29,116.82;39.08,116.6;39.21,116.14;39.08,116.05;39.67,115.8;39.11,115.44;
#153:
>0:40.28,116.46;40.45,116.44;
#154:
>0:41.0,116.63;41.9,116.47;42.61,116.52;
#155:
>0:40.16,116.54;40.62,116.07;39.99,116.54;
#156:
>0:38.98,116.17;39.57,115.84;40.2,115.8;39.18,115.41;
