#0:
>0:40.35,116.76;41.29,116.48;
#1:
>0:42.71,115.61;42.12,115.95;41.8,116.29;
#2:
>0:42.58,116.66;42.04,116.32;40.93,115.97;40.85,115.55;39.95,115.98;39.23,115.84;
#3:
>0:41.46,115.46;40.32,115.52;41.02,116.05;
#4:
>0:40.02,116.28;40.14,116.4;
#5:
>0:41.31,115.63;41.78,115.94;41.65,116.34;
#6:
>0:39.69,116.36;39.63,116.36;
#7:
>0:40.18,116.85;40.47,116.69;41.34,116.53;41.87,116.21;41.13,116.0;41.84,115.29;
#8:
>0:39.76,116.31;39.73,116.12;
#9:
>0:42.65,116.35;41.85,116.69;41.4,116.83;40.78,116.89;40.07,116.54;39.11,116.98;
#10:
>0:39.97,115.49;39.29,115.71;39.79,115.81;39.64,116.03;40.21,116.45;
#11:
>0:41.44,116.49;41.66,116.32;42.35,115.96;42.1,115.6;41.83,115.25;
#12:
>0:41.85,116.4;41.3,116.51;
#13:
>0:39.77,116.26;39.74,116.16;
#14:
>0:41.39,116.38;41.57,116.61;42.25,116.65;
#15:
>0:39.88,116.21;40.04,116.32;
#16:
>0:40.14,116.15;39.8,116.32;
#17:
>0:40.22,116.4;39.06,116.35;
#18:
>0:39.75,116.34;39.68,116.22;
#19:
>0:41.48,115.75;40.57,115.27;40.02,115.31;
#20:
>0:39.77,116.22;40.1,116.53;39.64,116.22;
#21:
>0:40.08,116.26;39.97,116.28;
#22:
>0:40.07,116.18;40.14,116.36;
#23:
>0:39.76,116.18;40.07,115.84;
#24:
>0:40.14,116.14;40.0,116.34;
#25:
>0:39.75,116.23;39.89,116.44;39.73,116.4;
#26:
>0:39.72,116.26;39.96,116.64;
#27:
>0:39.95,116.2;40.31,116.07;40.97,115.96;41.51,115.82;
#28:
>0:39.94,116.17;40.14,116.15;
#29:
>0:39.85,116.35;39.74,116.12;
#30:
>0:39.94,116.32;39.86,116.25;
#31:
>0:42.5,115.42;41.58,115.8;41.18,115.85;40.65,116.23;39.88,116.44;
#32:
>0:39.89,116.3;39.82,116.68;40.09,116.34;
#33:
>0:41.2,115.28;41.1,115.54;41.78,116.01;
#34:
>0:39.83,116.28;40.0,116.15;
#35:
>0:39.72,116.17;39.87,116.16;
#36:
>0:39.89,116.39;39.7,116.52;40.01,116.21;40.13,116.34;
#37:
>0:42.41,115.55;42.55,115.48;
#38:
>0:39.92,116.0;39.51,116.07;39.4,116.56;
#39:
>0:41.8,116.09;42.14,115.65;
#40:
>0:39.89,116.41;39.37,116.43;40.1,116.5;
#41:
>0:39.84,116.39;39.99,116.37;
#42:
>0:41.61,115.42;42.64,115.82;
#43:
>0:39.79,115.51;39.39,115.65;39.39,115.86;39.01,116.22;39.47,116.58;40.3,116.79;
#44:
>0:42.01,115.35;42.19,115.69;42.55,116.04;41.88,115.83;40.91,116.25;41.5,116.92;
#45:
>0:40.08,116.34;39.7,116.33;
#46:
>0:39.78,116.56;40.08,116.46;
#47:
>0:40.09,116.39;39.91,116.26;
#48:
>0:41.09,116.34;42.13,116.41;42.75,116.67;
#49:
>0:39.96,115.94;40.33,116.08;
#50:
>0:40.07,116.15;39.87,116.63;39.62,116.33;
#51:
>0:40.23,116.11;39.8,116.51;40.15,116.2;
#52:
>0:39.96,116.61;39.62,116.33;
#53:
>0:39.41,116.38;39.23,116.09;39.01,115.58;39.43,115.47;
#54:
>0:40.14,116.08;39.33,115.85;39.57,115.44;
#55:
>0:39.89,116.2;39.87,116.56;39.86,116.15;
#56:
>0:39.67,116.24;40.1,116.49;
#57:
>0:40.14,116.13;39.69,116.31;
#58:
>0:39.89,116.23;39.66,116.61;
#59:
>0:40.09,116.45;40.41,116.3;40.98,116.92;
#60:
>0:39.85,116.32;39.65,116.27;
#61:
>0:39.83,116.21;40.03,116.58;
#62:
>0:39.45,116.74;39.47,116.56;40.21,116.15;39.76,116.04;39.09,116.0;40.52,115.45;
#63:
>0:40.98,115.71;41.78,115.97;41.54,116.27;
#64:
>0:41.26,115.36;40.47,115.74;41.22,115.96;42.08,116.02;41.89,116.65;
#65:
>0:39.97,116.35;39.82,116.23;
#66:
>0:39.79,115.94;39.07,116.02;39.33,116.22;39.68,116.72;
#67:
>0:42.28,116.27;42.36,116.59;42.09,116.98;40.75,116.98;
#68:
>0:39.78,115.62;40.24,115.45;40.78,115.73;41.95,115.41;
#69:
>0:41.06,115.3;40.61,115.37;40.83,115.55;41.62,116.4;
#70:
>0:39.87,116.33;39.85,116.6;39.79,116.39;
#71:
>0:41.03,116.66;41.67,116.66;
#72:
>0:39.88,116.85;40.62,116.44;39.74,116.41;40.71,116.02;
#73:
>0:39.55,116.29;39.49,115.89;39.47,115.71;39.21,115.44;
#74:
>0:39.93,115.35;40.58,115.41;
#75:
>0:39.26,116.02;39.49,115.77;39.75,115.65;41.42,115.69;
#76:
>0:41.86,116.58;41.57,116.81;40.86,116.94;
#77:
>0:40.51,115.34;40.28,115.73;39.11,116.08;
#78:
>0:40.62,115.86;40.0,115.85;40.97,116.59;
#79:
>0:39.73,116.35;39.69,116.3;
#80:
>0:41.69,116.9;41.66,116.45;
#81:
>0:40.12,115.32;39.21,115.57;39.71,115.57;40.08,115.92;40.72,116.4;40.32,116.84;
#82:
>0:39.95,116.31;40.09,116.3;
#83:
>0:40.79,116.29;41.25,115.98;
#84:
>0:39.45,116.62;39.99,116.15;39.29,116.08;
#85:
>0:40.06,116.28;39.65,116.25;
#86:
>0:40.43,115.99;40.81,116.33;41.01,116.62;
#87:
>0:39.81,116.07;40.4,116.02;
#88:
>0:40.0,116.23;39.86,116.12;
#89:
>0:39.18,115.71;39.76,115.73;40.03,116.11;39.65,116.49;
#90:
>0:39.74,116.21;40.18,116.6;39.99,116.27;40.05,116.4;
#91:
>0:40.75,115.94;39.66,116.04;41.49,116.49;
#92:
>0:39.38,116.98;39.19,116.64;39.87,116.24;39.64,115.9;39.3,116.03;39.84,115.43;
#93:
>0:39.72,116.2;39.65,116.39;
#94:
>0:40.04,116.52;39.91,116.21;
#95:
>0:40.38,115.91;41.13,116.21;41.61,116.63;42.4,116.64;
#96:
>0:39.96,116.63;40.19,116.16;
#97:
>0:40.12,116.21;39.23,116.54;
#98:
>0:41.47,116.19;41.66,116.56;42.42,116.64;
#99:
>0:41.24,116.56;40.58,116.77;
#100:
>0:40.2,115.93;39.75,116.29;
#101:
>0:41.23,116.01;40.71,115.67;39.98,115.71;
#102:
>0:39.76,116.17;40.18,116.39;
#103:
>0:39.35,116.0;39.4,116.13;40.01,116.44;39.28,116.8;
#104:
>0:40.42,116.1;41.35,115.86;41.9,115.86;42.22,116.41;
#105:
>0:40.2,116.24;40.0,116.23;
#106:
>0:39.1,116.86;38.98,116.63;39.71,116.33;40.48,115.92;41.41,115.82;42.54,115.6;
#107:
>0:39.77,116.24;39.7,116.61;39.7,116.36;
#108:
>0:39.81,115.98;40.67,116.27;40.29,116.65;41.45,116.97;
#109:
>0:39.9,116.12;40.16,116.31;
#110:
>0:40.12,116.4;39.75,116.18;
#111:
>0:39.9,116.19;39.76,116.27;
#112:
>0:40.13,116.31;40.14,116.15;
#113:
>0:39.86,116.32;39.68,116.15;
#114:
>0:39.91,115.71;40.13,115.86;40.62,116.19;
#115:
>0:40.9,115.78;40.54,115.38;40.04,115.99;
#116:
>0:40.21,115.36;39.59,115.55;39.4,115.84;39.1,116.35;39.21,116.64;40.56,116.79;
#117:
>0:39.71,116.18;39.83,116.03;39.97,116.18;
#118:
>0:39.18,116.08;39.71,115.6;40.33,115.36;41.41,115.7;
#119:
>0:39.47,116.93;39.36,116.47;40.04,116.18;39.37,116.35;39.34,115.92;40.55,115.51;
#120:
>0:39.41,116.94;39.49,116.6;40.24,116.3;39.79,115.98;39.16,115.97;40.37,115.35;
#121:
>0:39.81,116.32;39.79,116.23;
#122:
>0:41.32,115.44;40.51,115.41;40.67,115.78;42.03,116.13;
#123:
>0:42.35,115.25;41.72,115.57;41.28,115.83;40.78,116.32;40.69,116.45;
#124:
>0:41.14,115.73;41.61,116.01;41.75,116.27;
#125:
>0:39.83,116.38;40.19,116.13;
#126:
>0:40.05,116.38;39.83,116.17;
#127:
>0:39.73,115.26;40.67,115.41;
#128:
>0:39.66,116.21;39.98,116.32;
#129:
>0:41.34,115.85;40.27,115.72;39.91,115.73;
#130:
>0:41.85,116.34;41.16,116.61;
#131:
>0:40.05,116.39;40.13,116.22;
#132:
>0:42.2,116.22;41.61,115.95;41.26,116.62;
#133:
>0:39.98,116.28;39.83,116.0;39.76,116.3;
#134:
>0:39.37,116.65;39.77,116.37;39.2,116.03;
#135:
>0:39.77,116.69;39.81,116.28;40.43,115.95;
#136:
>0:40.1,116.33;40.1,116.39;
#137:
>0:39.81,116.21;39.66,116.59;
#138:
>0:40.23,116.43;40.12,116.63;
#139:
>0:40.13,116.55;39.98,116.68;
#140:
>0:40.24,116.2;39.76,116.13;
#141:
>0:39.75,116.35;40.1,116.52;
#142:
>0:41.29,115.63;42.01,116.09;42.07,116.21;
#143:
>0:42.06,115.3;42.66,115.71;
#144:
>0:42.75,116.95;41.89,116.64;41.17,116.22;
#145:
>0:39.6,116.27;39.63,116.69;
#146:
>0:40.34,115.81;40.13,115.32;
#147:
>0:40.35,116.76;41.01,116.68;
#148:
>0:40.74,116.13;39.82,116.33;39.35,116.34;
#149:
>0:41.72,115.38;42.32,115.69;42.16,115.92;41.55,116.08;42.09,116.68;
#150:
>0:40.19,116.36;40.21,116.13;
#151:
>0:39.93,116.36;40.23,116.29;
#152:
>0:42.05,116.04;41.93,116.36;
#153:
>0:40.74,116.4;41.1,115.99;40.54,115.77;41.81,115.36;
#154:
>0:42.28,116.17;41.92,116.65;41.22,116.55;
#155:
>0:40.2,116.29;39.94,116.21;
#156:
>0:41.28,115.74;40.81,115.33;39.81,115.29;
