#0:
>0:40.1,115.28;40.64,115.76;41.31,115.64;42.04,115.82;42.41,116.59;
#1:
>0:39.62,115.28;40.15,115.56;
#2:
>0:42.75,115.47;42.63,115.34;
#3:
>0:42.66,116.44;42.25,116.15;42.42,115.97;42.28,115.57;
#4:
>0:39.85,116.7;39.87,116.62;40.42,116.27;40.65,115.99;39.0,115.62;
#5:
>0:41.97,116.23;42.48,116.28;42.61,116.96;
#6:
>0:42.11,116.27;42.26,116.17;
#7:
>0:40.63,116.08;40.49,116.15;
#8:
>0:41.3,115.27;41.35,115.29;
#9:
>0:42.28,116.33;42.45,116.14;
#10:
>0:40.22,116.41;39.94,116.28;
#11:
>0:41.23,115.51;41.94,115.79;41.43,115.95;40.79,116.31;39.39,116.59;
#12:
>0:42.61,116.05;42.32,116.39;40.98,115.79;
#13:
>0:42.59,116.45;41.72,116.49;41.08,116.8;40.71,116.87;40.15,116.42;
#14:
>0:39.91,116.47;40.43,116.34;
#15:
>0:39.14,116.66;40.25,116.44;40.54,116.03;39.5,115.73;
#16:
>0:39.22,115.84;40.04,115.84;
#17:
>0:40.35,116.47;39.96,116.32;
#18:
>0:42.44,116.65;42.01,116.17;42.1,116.01;
#19:
>0:40.09,115.9;40.04,116.36;
#20:
>0:40.59,116.7;40.52,116.73;
#21:
>0:40.26,116.36;41.21,115.99;41.91,115.61;42.67,115.32;
#22:
>0:40.21,116.39;40.8,115.94;40.02,116.59;
#23:
>0:41.5,116.14;41.28,116.64;39.94,116.86;
#24:
>0:42.16,115.7;41.63,115.57;42.32,115.85;42.45,116.47;
#25:
>0:40.48,115.31;40.81,115.61;
#26:
>0:39.68,116.76;40.42,116.44;
#27:
>0:41.52,116.17;42.56,116.35;
#28:
>0:39.46,116.9;39.78,116.97;40.03,116.48;40.66,116.84;41.38,116.64;42.51,116.05;
#29:
>0:42.58,116.12;42.03,115.87;40.92,115.69;40.67,115.75;40.13,115.49;39.13,115.69;
#30:
>0:40.1,116.22;40.37,116.35;
#31:
>0:40.11,116.51;39.68,116.63;
#32:
>0:40.06,116.54;40.1,116.4;
#33:
>0:42.61,116.58;42.62,116.34;42.16,116.0;
#34:
>0:42.54,116.26;42.05,116.03;40.88,115.8;40.83,115.53;
#35:
>0:42.19,116.77;41.91,116.88;41.96,116.64;40.87,116.69;40.34,116.79;39.01,116.89;
#36:
>0:40.24,116.49;39.92,116.31;
#37:
>0:39.83,116.51;39.88,116.42;
#38:
>0:39.72,115.94;40.43,115.58;40.92,115.39;41.7,115.36;42.6,115.42;
#39:
>0:40.1,116.47;40.07,116.67;
#40:
>0:40.03,116.43;40.44,116.39;
#41:
>0:39.06,115.79;39.84,115.91;40.87,116.25;41.0,116.01;41.95,116.15;
#42:
>0:40.66,116.9;40.92,116.42;41.61,116.19;42.52,115.89;42.25,115.57;42.17,115.41;
#43:
>0:41.61,116.87;41.92,116.88;
#44:
>0:40.43,116.46;39.86,116.43;
#45:
>0:41.95,115.57;41.34,115.88;40.51,116.27;39.66,116.67;39.05,116.61;
#46:
>0:39.01,115.62;40.05,115.96;
#47:
>0:42.75,116.6;42.67,116.86;
#48:
>0:42.22,116.32;41.6,116.06;41.32,115.63;40.37,115.79;39.6,115.41;39.36,115.57;
#49:
>0:39.81,116.1;40.39,116.05;
#50:
>0:41.41,116.01;41.29,115.79;39.61,115.63;
#51:
>0:41.18,115.26;42.05,115.65;42.62,115.6;
#52:
>0:40.35,116.79;40.28,116.81;
#53:
>0:42.57,116.21;41.96,116.07;41.25,115.72;40.25,116.21;
#54:
>0:41.59,116.84;41.44,116.6;40.24,116.19;
#55:
>0:42.54,116.9;42.04,116.77;40.96,116.42;40.86,116.3;40.03,115.91;40.41,115.27;
#56:
>0:40.46,116.38;40.31,116.09;
#57:
>0:41.35,116.01;40.51,116.34;40.91,116.27;42.64,116.82;
#58:
>0:41.02,115.54;40.76,116.06;40.74,116.16;41.78,116.55;
#59:
>0:40.37,116.29;40.26,116.44;
#60:
>0:39.38,116.02;40.16,115.87;
#61:
>0:39.24,116.87;40.22,116.52;40.3,116.3;41.24,116.09;41.86,115.7;
#62:
>0:42.71,116.51;42.58,116.38;42.66,115.96;
#63:
>0:40.56,115.26;40.56,115.56;41.12,115.85;42.74,116.23;
#64:
>0:40.24,116.19;40.87,116.0;
#65:
>0:39.71,115.6;39.14,115.72;
#66:
>0:41.43,115.31;41.99,115.7;41.42,115.95;40.94,116.33;
#67:
>0:40.97,116.3;41.95,116.5;40.32,116.94;
#68:
>0:40.07,115.74;40.34,116.02;40.44,116.12;
#69:
>0:40.28,116.37;40.4,116.33;
#70:
>0:40.94,115.93;40.68,116.15;40.94,116.41;40.44,116.92;
#71:
>0:40.43,116.38;40.02,116.35;
#72:
>0:40.36,116.61;39.83,116.36;39.77,115.83;
#73:
>0:39.45,115.47;39.94,115.79;40.74,115.41;41.34,115.53;41.83,115.95;42.4,116.58;
#74:
>0:41.03,116.56;40.41,116.21;40.81,115.87;39.03,115.81;
#75:
>0:39.39,115.98;40.08,115.82;40.82,115.3;41.37,115.4;
#76:
>0:40.54,115.9;39.99,115.8;41.2,115.25;
#77:
>0:39.92,116.37;40.16,116.35;
#78:
>0:40.2,116.59;40.46,116.51;40.63,116.96;
#79:
>0:40.55,116.21;41.14,116.1;41.69,115.78;42.62,115.51;
#80:
>0:42.56,116.83;41.97,116.98;41.18,116.64;40.75,116.14;39.79,116.01;39.36,115.27;
#81:
>0:40.17,116.28;40.6,115.94;40.29,116.15;41.3,115.97;42.53,115.66;
#82:
>0:39.69,116.98;40.35,116.47;
#83:
>0:40.21,116.48;40.31,116.57;
#84:
>0:40.43,116.25;40.39,116.23;
#85:
>0:40.45,115.38;40.61,115.57;41.38,116.03;40.32,116.38;39.93,116.55;
#86:
>0:40.84,115.35;40.67,115.69;41.36,115.8;40.78,115.94;40.53,116.49;
#87:
>0:39.86,116.56;40.0,116.38;
#88:
>0:42.14,116.86;41.85,116.83;41.32,116.4;40.84,116.8;40.12,116.36;
#89:
>0:42.61,116.73;41.74,116.87;41.74,116.47;41.46,116.82;40.66,116.79;39.47,116.32;
#90:
>0:41.8,115.49;42.42,115.31;
#91:
>0:39.12,115.33;39.98,115.65;39.1,115.72;39.41,116.02;39.0,116.51;
#92:
>0:40.08,116.38;39.97,116.54;
#93:
>0:40.33,116.56;40.74,116.69;40.5,116.92;
#94:
>0:40.04,116.53;40.08,116.46;40.31,116.05;39.17,115.65;
#95:
>0:40.74,115.49;40.43,115.67;39.16,115.58;
#96:
>0:39.95,116.23;39.85,116.28;
#97:
>0:39.96,116.54;39.91,116.48;
#98:
>0:40.33,116.37;40.42,116.5;
#99:
>0:40.4,116.63;40.48,116.37;40.87,115.83;
#100:
>0:39.4,115.52;39.7,115.54;39.24,115.69;39.25,116.0;39.03,116.64;
#101:
>0:39.79,115.55;40.25,116.01;40.68,116.3;
#102:
>0:41.33,115.81;42.07,115.83;42.56,116.33;
#103:
>0:40.41,116.56;40.37,116.38;
#104:
>0:42.38,115.39;42.49,115.6;42.08,115.74;41.23,116.02;40.57,116.68;
#105:
>0:40.4,116.58;40.05,116.37;
#106:
>0:40.41,116.36;40.41,116.42;
#107:
>0:39.95,115.51;40.63,115.6;41.17,115.67;42.11,116.06;42.62,116.68;
#108:
>0:40.53,115.78;41.14,116.03;41.06,116.14;41.02,116.63;39.68,116.88;
#109:
>0:41.24,115.77;40.46,115.86;41.03,116.18;40.89,116.51;40.31,116.97;
#110:
>0:40.16,116.53;40.29,116.25;
#111:
>0:42.33,116.82;41.88,116.91;41.03,116.56;40.53,116.76;39.83,116.42;
#112:
>0:42.31,116.47;42.24,116.25;42.35,116.0;
#113:
>0:42.61,115.84;42.05,115.97;41.97,116.59;
#114:
>0:41.38,116.7;40.27,116.82;40.63,116.15;
#115:
>0:41.46,116.5;40.53,116.19;40.26,116.38;39.95,115.72;
#116:
>0:41.83,116.47;42.39,116.34;41.63,116.1;40.74,115.67;
#117:
>0:42.22,115.3;42.66,115.59;41.89,115.54;41.35,115.99;40.54,116.66;
#118:
>0:40.27,116.15;40.4,116.38;
#119:
>0:40.22,116.85;39.92,116.48;40.16,116.4;40.49,115.95;39.06,115.63;
#120:
>0:40.09,116.47;40.4,116.41;
#121:
>0:42.33,116.93;42.01,116.77;41.71,116.54;40.45,116.9;
#122:
>0:39.37,115.98;39.85,116.49;40.28,116.05;41.15,116.61;
#123:
>0:39.83,116.55;40.44,116.33;40.25,116.04;39.33,115.76;
#124:
>0:39.71,116.51;39.96,116.63;
#125:
>0:40.15,115.37;40.05,115.67;
#126:
>0:39.98,115.77;40.67,115.47;41.04,115.89;
#127:
>0:41.54,116.57;40.93,116.78;40.91,116.56;40.01,115.91;
#128:
>0:39.44,116.06;40.27,116.46;40.85,115.87;41.24,116.18;
#129:
>0:39.6,115.44;39.9,115.76;40.64,115.26;41.41,115.59;42.12,115.83;42.75,116.67;
#130:
>0:40.2,115.64;40.82,115.45;41.33,115.39;
#131:
>0:39.48,116.01;40.12,115.7;40.62,115.52;
#132:
>0:42.7,116.6;42.44,116.16;42.37,115.93;
#133:
>0:41.21,116.31;40.88,116.42;40.07,116.71;
#134:
>0:40.66,115.36;41.09,115.71;
#135:
>0:40.42,116.58;40.38,116.32;39.43,116.33;
#136:
>0:40.79,115.59;40.38,115.86;
#137:
>0:42.26,115.87;42.65,116.22;41.13,115.57;
#138:
>0:41.53,116.5;42.16,116.23;41.64,116.11;40.43,115.57;
#139:
>0:41.09,115.65;40.49,115.94;40.97,116.25;41.89,116.6;40.74,116.94;
#140:
>0:40.97,116.03;41.13,116.23;
#141:
>0:40.73,115.88;41.05,116.23;40.93,116.65;42.47,115.86;
#142:
>0:39.31,115.28;40.03,115.69;39.24,115.8;39.18,116.05;39.4,116.45;
#143:
>0:40.12,115.31;39.77,115.75;
#144:
>0:40.26,116.6;39.98,116.56;
#145:
>0:41.13,116.79;41.28,116.63;
#146:
>0:39.92,116.43;39.96,116.34;
#147:
>0:41.64,115.89;40.91,115.86;41.08,116.17;42.19,116.96;
#148:
>0:40.52,115.49;41.35,115.5;42.13,115.59;42.68,116.31;
#149:
>0:40.32,116.5;39.99,115.91;
#150:
>0:41.95,116.44;41.33,116.19;40.75,115.87;39.89,116.0;40.87,115.25;
#151:
>0:40.23,116.22;40.29,116.36;
#152:
>0:40.94,115.32;41.72,115.65;41.25,115.94;41.06,116.36;
#153:
>0:39.36,115.4;39.69,115.74;40.77,115.25;40.87,115.55;
#154:
>0:40.34,115.34;39.96,115.43;
#155:
>0:40.41,115.33;40.65,115.66;41.12,115.93;41.54,115.84;42.65,116.44;
#156:
>0:40.45,116.41;40.69,116.02;40.0,116.21;
