#0:
>0:40.0,116.87;39.09,116.94;39.08,116.47;40.04,116.5;40.48,116.02;41.44,115.34;
#1:
>0:40.97,115.65;41.32,115.84;41.28,116.37;41.29,116.62;41.27,116.7;
#2:
>0:40.0,115.75;40.65,116.02;41.23,115.67;
#3:
>0:40.58,115.67;41.03,115.88;41.13,116.26;40.94,116.45;
#4:
>0:40.77,116.2;41.29,115.84;41.38,115.76;
#5:
>0:41.56,116.87;41.46,116.55;40.73,116.19;40.18,115.99;39.41,116.54;
#6:
>0:41.01,115.67;40.55,115.57;
#7:
>0:41.7,116.12;41.07,116.09;40.34,115.58;39.64,115.91;39.31,115.94;
#8:
>0:39.94,116.26;39.85,115.89;
#9:
>0:40.4,116.4;39.94,116.32;
#10:
>0:40.97,116.06;40.72,115.55;41.64,115.47;
#11:
>0:40.3,115.53;40.47,115.79;41.43,115.62;42.56,115.46;
#12:
>0:40.19,116.35;40.26,116.21;41.09,116.15;41.41,116.65;42.19,115.96;
#13:
>0:42.16,115.46;41.68,115.57;41.64,115.99;40.49,115.59;
#14:
>0:39.24,116.54;40.39,116.5;40.44,116.03;40.47,115.69;40.49,115.25;
#15:
>0:42.47,116.27;41.7,115.88;41.05,115.7;40.77,115.68;39.99,115.57;
#16:
>0:39.96,116.41;39.76,116.63;
#17:
>0:40.13,116.36;40.35,116.24;
#18:
>0:41.85,116.43;41.4,116.33;40.58,116.26;
#19:
>0:40.3,115.87;41.42,116.23;42.11,116.63;41.56,116.97;
#20:
>0:39.77,115.87;40.75,116.35;41.06,116.67;42.03,116.47;42.76,116.62;
#21:
>0:40.74,116.0;39.69,116.07;39.53,115.89;
#22:
>0:40.25,116.26;40.09,116.61;39.18,116.77;
#23:
>0:41.1,116.09;41.7,116.31;
#24:
>0:41.74,116.82;41.64,116.46;42.02,116.14;42.0,116.06;41.7,115.57;
#25:
>0:39.15,116.25;39.02,116.33;
#26:
>0:41.4,116.7;40.37,116.56;40.24,116.36;39.86,115.95;40.02,115.71;
#27:
>0:42.31,115.74;41.93,116.05;42.36,116.26;
#28:
>0:39.44,116.86;40.21,116.94;39.16,116.45;40.44,116.22;39.28,115.67;
#29:
>0:42.22,116.51;42.48,116.24;40.94,116.08;
#30:
>0:39.17,116.46;40.27,116.51;40.87,115.9;40.63,115.69;
#31:
>0:39.46,115.84;39.82,115.85;39.72,116.47;
#32:
>0:42.01,115.37;41.05,115.25;40.45,115.53;39.71,115.93;39.56,116.69;
#33:
>0:39.02,116.3;40.17,116.53;39.63,116.43;40.83,116.7;41.12,116.92;42.2,116.61;
#34:
>0:39.38,116.48;39.73,116.43;39.94,116.41;39.18,115.94;40.2,115.48;
#35:
>0:41.17,116.09;40.64,115.74;41.75,115.34;
#36:
>0:39.51,116.9;39.43,116.56;39.95,116.54;40.22,116.47;40.36,116.04;41.35,115.5;
#37:
>0:40.3,115.38;40.99,115.76;42.11,115.64;42.3,116.22;
#38:
>0:41.32,115.86;40.29,115.71;39.85,115.64;
#39:
>0:42.7,116.37;42.13,116.56;41.16,116.78;
#40:
>0:40.24,116.85;39.04,116.45;40.05,116.41;40.74,115.94;40.97,115.59;
#41:
>0:39.88,116.27;39.85,116.49;
#42:
>0:39.98,116.41;39.97,116.52;
#43:
>0:41.87,116.49;41.19,116.37;40.86,116.3;
#44:
>0:40.17,116.33;40.17,116.32;
#45:
>0:39.25,115.72;40.15,115.95;40.43,115.96;41.46,115.97;41.74,115.92;
#46:
>0:41.01,115.43;40.69,115.79;
#47:
>0:42.29,116.28;41.52,116.62;41.05,116.91;
#48:
>0:42.65,116.49;41.97,116.13;41.39,115.89;40.68,115.63;39.95,115.42;39.29,115.34;
#49:
>0:40.79,115.96;41.46,116.3;41.96,116.66;42.04,116.85;
#50:
>0:41.49,115.6;40.88,115.97;40.9,116.18;41.29,116.49;41.23,116.86;
#51:
>0:40.07,116.78;40.36,116.72;41.4,116.82;41.8,116.49;
#52:
>0:39.09,116.55;40.06,116.34;39.48,116.09;39.01,115.79;40.71,115.37;
#53:
>0:40.03,116.42;40.07,116.51;
#54:
>0:40.03,116.44;39.9,116.39;
#55:
>0:41.73,116.83;40.9,116.46;40.99,116.29;40.37,116.26;39.02,116.4;
#56:
>0:42.11,116.22;41.21,116.14;
#57:
>0:40.97,116.23;41.32,116.59;41.48,116.71;
#58:
>0:39.96,116.29;40.01,116.57;
#59:
>0:41.88,116.34;40.97,115.9;40.87,115.55;39.71,115.94;39.43,116.41;
#60:
>0:41.1,115.76;40.25,115.95;40.49,116.39;
#61:
>0:42.49,115.29;41.71,115.39;41.45,115.5;
#62:
>0:40.56,116.37;39.87,116.55;
#63:
>0:40.79,115.25;40.31,115.6;39.63,116.08;40.38,116.34;39.8,116.46;39.32,116.74;
#64:
>0:42.45,116.49;41.86,116.31;41.09,115.88;40.32,115.56;39.96,115.34;38.99,115.47;
#65:
>0:42.31,116.0;41.62,116.38;41.45,115.96;40.83,115.57;40.28,116.41;
#66:
>0:42.58,116.93;42.34,116.76;
#67:
>0:42.49,116.62;42.77,116.17;41.97,116.3;40.25,115.62;
#68:
>0:40.49,116.65;40.17,116.6;39.38,116.47;
#69:
>0:40.76,115.4;40.48,115.65;41.69,115.58;
#70:
>0:39.57,116.89;39.17,116.53;40.65,116.72;
#71:
>0:41.14,115.81;40.35,115.37;40.0,115.32;39.04,115.25;
#72:
>0:39.93,116.39;40.37,116.59;
#73:
>0:40.0,116.45;40.25,116.07;40.65,115.8;42.0,115.79;
#74:
>0:42.76,116.48;41.61,116.31;41.22,116.68;
#75:
>0:41.45,115.71;41.23,115.25;40.01,115.84;
#76:
>0:40.34,116.2;40.09,116.44;
#77:
>0:41.27,115.91;41.9,116.14;42.23,116.35;
#78:
>0:40.3,116.33;39.9,116.57;
#79:
>0:40.03,115.54;40.43,115.6;
#80:
>0:39.91,116.65;40.02,116.41;
#81:
>0:41.28,115.55;40.65,116.05;40.07,116.57;39.78,116.66;39.44,116.88;
#82:
>0:41.48,116.46;41.21,116.18;
#83:
>0:39.91,116.45;39.51,116.59;39.93,116.37;40.79,115.89;41.16,115.85;41.32,116.17;41.14,116.58;42.59,116.75;
#84:
>0:39.59,115.28;39.6,115.7;39.68,115.9;40.26,116.35;
#85:
>0:42.71,116.09;41.84,116.17;41.47,116.29;40.51,116.5;40.4,116.58;39.09,115.78;
#86:
>0:42.7,115.64;41.58,115.87;42.14,116.28;
#87:
>0:41.51,116.06;41.17,116.13;40.34,116.14;40.32,116.39;
#88:
>0:39.78,116.76;40.45,116.68;41.1,116.27;41.87,116.04;42.15,115.77;
#89:
>0:41.18,115.91;42.09,115.78;42.23,115.27;
#90:
>0:42.25,115.65;41.96,115.91;42.2,116.36;
#91:
>0:42.61,116.46;42.65,116.16;42.04,116.1;40.59,115.62;
#92:
>0:41.86,116.66;41.47,116.12;40.96,115.98;40.96,115.7;
#93:
>0:39.54,116.87;39.83,116.93;40.31,116.92;41.17,116.75;41.91,116.81;42.15,116.29;
#94:
>0:40.9,115.35;42.1,115.78;42.12,115.95;41.86,116.26;42.08,116.47;41.74,116.9;
#95:
>0:41.61,116.82;41.19,116.56;40.46,116.3;39.94,115.97;39.03,115.8;
#96:
>0:40.28,116.38;39.97,116.55;40.35,116.46;40.08,116.41;
#97:
>0:40.41,115.8;40.9,115.31;41.18,115.58;42.49,115.67;
#98:
>0:39.95,116.36;40.12,116.38;
#99:
>0:42.1,115.4;42.72,115.62;
#100:
>0:41.68,115.38;42.37,115.25;
#101:
>0:41.38,115.73;40.33,115.25;
#102:
>0:39.98,116.81;39.36,116.66;40.8,116.13;
#103:
>0:40.32,116.49;39.87,116.38;
#104:
>0:40.05,116.37;39.84,116.48;
#105:
>0:39.47,116.13;39.05,116.68;39.43,116.88;
#106:
>0:42.28,116.48;42.06,116.33;41.47,116.03;40.44,115.64;40.31,115.36;
#107:
>0:40.62,115.26;40.76,115.7;40.91,115.76;42.6,115.98;
#108:
>0:41.59,116.94;42.36,116.69;42.65,116.27;41.46,115.96;
#109:
>0:39.96,116.36;40.26,115.87;40.13,115.9;40.06,116.61;
#110:
>0:42.25,115.48;41.85,115.58;41.52,116.08;41.41,116.29;40.74,116.69;
#111:
>0:39.97,116.23;40.03,116.55;
#112:
>0:42.52,116.33;42.09,116.42;40.87,116.72;
#113:
>0:40.91,115.72;41.5,115.48;40.08,116.09;
#114:
>0:41.96,115.25;41.02,115.56;40.58,115.9;
#115:
>0:40.38,116.44;41.49,116.33;40.14,115.88;
#116:
>0:41.16,116.64;40.89,116.33;40.68,116.27;39.38,116.13;
#117:
>0:42.43,116.04;42.14,115.73;
#118:
>0:41.88,115.26;41.06,115.34;40.28,115.49;39.94,116.09;
#119:
>0:39.89,116.39;39.87,116.35;
#120:
>0:40.09,115.36;40.38,115.76;41.14,116.1;41.85,116.3;41.65,116.5;42.12,116.75;
#121:
>0:41.52,116.97;41.34,116.64;40.94,116.22;40.41,116.38;39.4,116.24;
#122:
>0:42.12,115.31;42.43,115.58;41.71,115.89;41.04,116.18;41.35,116.6;42.21,116.88;
#123:
>0:41.35,115.6;41.54,116.11;
#124:
>0:39.08,116.79;39.69,116.95;39.08,116.62;39.85,116.35;39.58,115.77;
#125:
>0:42.39,116.76;42.03,116.48;41.06,116.33;40.31,115.87;40.19,115.74;39.25,115.33;
#126:
>0:42.49,116.08;42.38,116.17;41.51,116.04;41.26,116.06;40.34,115.62;39.1,116.19;
#127:
>0:40.82,115.27;40.25,115.66;40.0,115.9;40.09,116.39;39.7,116.46;39.54,116.74;
#128:
>0:40.41,116.97;41.4,116.94;41.33,116.41;42.24,116.09;
#129:
>0:39.97,116.5;39.94,116.21;
#130:
>0:39.23,116.42;40.02,116.44;40.19,116.41;39.51,115.97;40.14,115.31;
#131:
>0:39.62,116.8;38.99,116.78;
#132:
>0:39.17,116.98;40.0,116.73;40.82,116.93;40.87,116.87;41.03,116.49;42.26,115.99;
#133:
>0:40.55,116.9;40.82,116.41;40.19,116.46;40.71,115.9;40.78,115.76;40.41,115.46;
#134:
>0:40.59,115.63;40.1,116.0;39.02,115.91;
#135:
>0:40.91,115.76;41.93,115.93;
#136:
>0:38.99,116.8;39.18,116.58;39.91,116.51;41.05,116.81;
#137:
>0:40.02,116.36;39.9,116.47;
#138:
>0:42.56,116.07;41.75,116.16;41.45,116.12;40.52,116.11;
#139:
>0:42.33,115.7;42.16,116.01;41.51,116.31;40.71,116.56;
#140:
>0:40.34,115.34;40.22,115.8;
#141:
>0:40.44,116.96;40.35,116.67;39.9,116.45;39.55,116.03;39.12,115.76;40.87,115.47;
#142:
>0:41.08,115.63;40.29,115.74;
#143:
>0:40.69,116.94;41.11,116.43;40.73,116.15;41.06,115.99;40.62,115.64;40.32,115.48;
#144:
>0:42.66,116.07;42.64,116.12;41.85,116.03;41.1,115.91;40.56,115.78;39.38,116.12;
#145:
>0:42.09,116.73;41.83,116.56;41.6,116.18;41.72,116.0;41.74,115.81;
#146:
>0:39.87,116.31;39.87,116.1;39.45,116.25;39.74,116.45;
#147:
>0:41.7,116.82;41.94,116.66;41.51,116.35;41.66,116.08;41.6,115.67;
#148:
>0:41.51,116.48;42.16,116.46;
#149:
>0:39.65,116.97;38.98,116.71;39.31,116.5;40.16,116.49;39.49,116.05;39.61,115.41;
#150:
>0:39.28,115.89;39.71,115.94;
#151:
>0:42.17,116.85;41.69,116.6;41.36,116.14;40.47,116.46;40.19,116.37;39.16,115.56;
#152:
>0:39.59,115.26;39.72,115.79;40.44,115.83;41.15,115.85;41.28,116.6;
#153:
>0:40.3,116.48;40.21,116.44;
#154:
>0:39.82,116.31;40.01,116.52;
#155:
>0:39.18,115.72;39.83,115.5;40.67,115.54;
#156:
>0:40.72,115.4;41.16,115.78;41.81,115.75;41.77,116.19;
