#0:
>0:42.49,115.81;41.6,116.07;41.64,116.28;
#1:
>0:39.79,116.43;40.02,116.56;39.68,115.85;39.07,115.89;39.12,115.37;
#2:
>0:40.04,116.9;40.11,116.52;39.91,116.39;39.68,115.95;39.57,115.82;39.3,115.25;
#3:
>0:39.45,116.11;39.31,115.6;40.83,115.85;
#4:
>0:41.4,116.48;41.68,116.47;41.11,116.14;40.06,115.8;
#5:
>0:39.08,116.38;40.05,116.57;40.59,115.95;41.35,116.19;41.83,116.59;42.35,116.79;
#6:
>0:42.22,115.86;41.58,115.86;42.52,116.3;42.71,116.86;
#7:
>0:40.9,115.34;40.58,115.75;39.88,115.88;39.35,116.21;39.19,116.63;
#8:
>0:42.76,116.28;42.04,116.44;42.44,116.76;
#9:
>0:41.05,116.56;41.4,116.34;40.26,115.88;41.22,115.56;
#10:
>0:39.33,116.16;40.51,116.31;40.44,116.1;41.09,116.1;
#11:
>0:41.82,116.58;41.44,116.18;40.78,115.89;39.79,116.04;39.05,115.61;
#12:
>0:39.7,115.87;40.81,116.05;
#13:
>0:42.18,116.89;41.72,116.66;
#14:
>0:39.32,116.45;39.05,116.28;40.84,115.93;
#15:
>0:42.03,115.88;41.3,116.3;40.78,116.09;40.02,116.55;
#16:
>0:41.31,116.44;41.77,116.51;42.4,116.71;
#17:
>0:39.33,116.62;39.39,116.53;
#18:
>0:41.16,116.05;41.08,116.38;40.42,116.54;
#19:
>0:42.46,116.66;41.73,116.14;41.64,115.91;41.96,115.58;
#20:
>0:41.06,115.3;40.85,115.79;40.79,116.09;
#21:
>0:41.57,115.41;40.95,115.71;40.79,115.91;40.07,116.03;40.23,116.54;39.53,116.76;
#22:
>0:41.26,115.57;40.99,116.0;42.39,116.32;
#23:
>0:39.02,116.21;40.05,116.03;40.3,116.09;41.34,116.1;
#24:
>0:40.36,116.44;41.06,116.2;41.76,116.36;
#25:
>0:39.33,115.3;39.37,115.6;39.73,115.93;40.35,116.37;41.85,116.38;
#26:
>0:41.49,115.36;40.72,115.7;40.87,116.04;
#27:
>0:39.06,115.78;39.85,115.96;40.69,115.56;41.4,115.61;41.61,115.38;
#28:
>0:40.17,115.53;40.49,115.89;40.33,116.32;40.1,116.49;39.26,116.77;
#29:
>0:41.87,116.65;41.27,116.27;40.65,116.11;40.81,115.77;41.02,115.38;
#30:
>0:42.38,116.03;41.55,116.27;41.53,116.49;40.55,116.8;
#31:
>0:40.74,116.86;41.44,116.57;41.19,116.28;41.79,116.0;
#32:
>0:42.34,115.58;42.02,116.07;41.94,116.39;
#33:
>0:39.51,116.04;39.58,115.55;39.81,115.85;40.89,115.9;
#34:
>0:42.06,116.78;41.04,116.45;41.39,116.28;41.75,115.94;
#35:
>0:39.51,115.31;40.12,115.56;39.82,115.95;
#36:
>0:41.8,116.72;40.93,116.94;40.5,116.56;40.15,116.57;39.32,115.55;
#37:
>0:39.96,116.41;40.32,116.25;
#38:
>0:40.34,116.63;40.41,116.6;
#39:
>0:40.24,116.33;40.0,116.53;
#40:
>0:41.63,116.0;40.99,115.71;40.49,115.68;
#41:
>0:40.07,116.45;40.29,116.45;
#42:
>0:41.76,116.07;41.13,116.08;40.4,116.02;
#43:
>0:40.37,116.34;39.83,116.52;
#44:
>0:42.32,116.09;41.62,116.31;40.96,116.63;40.68,116.55;40.17,116.55;
#45:
>0:40.27,116.83;39.8,116.61;
#46:
>0:39.06,116.1;40.15,116.56;39.89,115.94;41.05,115.88;
#47:
>0:39.09,116.54;39.9,116.75;40.51,116.97;41.31,116.84;
#48:
>0:40.33,116.3;40.02,116.61;39.42,116.66;
#49:
>0:39.86,116.45;40.11,116.35;
#50:
>0:42.43,115.98;41.97,115.94;42.73,116.47;
#51:
>0:42.26,116.86;41.91,116.59;41.34,116.19;40.25,116.05;40.44,115.62;41.1,115.3;
#52:
>0:40.54,115.44;39.67,115.54;40.72,115.91;41.5,116.17;41.95,116.54;
#53:
>0:40.3,116.36;39.83,116.66;
#54:
>0:41.04,115.78;40.24,115.82;
#55:
>0:40.52,115.91;41.19,115.56;
#56:
>0:39.93,116.55;39.99,116.32;
#57:
>0:41.88,115.48;41.24,115.32;40.63,115.73;40.0,115.39;
#58:
>0:40.76,116.85;40.15,116.87;
#59:
>0:42.2,116.46;41.8,116.78;41.24,116.43;40.25,115.96;
#60:
>0:42.11,115.9;40.89,115.63;40.58,115.94;39.74,115.92;39.46,115.53;
#61:
>0:40.1,116.95;39.68,116.62;41.35,116.52;
#62:
>0:40.77,115.83;40.85,115.63;41.02,115.64;42.64,116.2;
#63:
>0:39.95,116.68;40.54,116.36;41.4,116.06;
#64:
>0:41.62,116.1;41.33,115.61;41.21,115.35;40.09,115.73;
#65:
>0:41.77,115.93;41.17,116.23;40.35,115.99;40.12,116.58;
#66:
>0:39.15,115.69;40.2,115.27;40.57,115.47;
#67:
>0:40.84,115.37;40.53,115.79;40.52,115.94;
#68:
>0:41.16,116.25;40.82,116.04;40.38,116.36;39.47,116.78;
#69:
>0:40.89,115.83;40.46,116.38;39.95,116.45;39.39,116.41;
#70:
>0:39.51,116.97;39.63,116.57;40.59,116.26;41.3,115.95;
#71:
>0:40.97,115.93;40.35,116.36;39.89,116.45;39.22,116.44;
#72:
>0:42.42,115.32;41.72,115.76;41.2,115.98;41.07,116.39;40.78,116.02;39.47,115.98;
#73:
>0:41.83,115.26;40.97,115.78;40.79,116.03;40.15,116.38;39.02,116.18;
#74:
>0:39.75,115.43;40.11,115.7;40.44,115.65;41.75,116.0;
#75:
>0:40.78,115.71;41.29,115.71;42.11,115.88;42.76,116.21;42.58,116.82;
#76:
>0:41.28,115.97;40.56,116.21;39.96,116.5;39.27,116.64;
#77:
>0:39.54,115.74;39.51,115.89;38.99,116.23;
#78:
>0:41.2,116.48;40.65,116.31;40.11,116.39;38.98,116.4;
#79:
>0:39.9,116.55;40.43,116.41;
#80:
>0:39.32,116.29;39.64,115.97;40.44,115.71;40.8,115.42;
#81:
>0:39.91,116.59;40.4,116.45;39.77,116.65;40.45,116.37;39.19,115.89;39.71,115.94;39.49,116.07;39.65,115.88;39.48,115.84;40.36,116.55;39.77,116.57;40.09,116.48;
#82:
>0:40.42,116.39;40.26,116.16;
#83:
>0:41.14,115.82;40.9,115.97;40.91,116.24;
#84:
>0:39.4,116.97;39.8,116.7;39.81,116.42;39.0,115.94;
#85:
>0:42.44,115.37;42.14,115.77;41.25,115.94;
#86:
>0:40.26,115.25;39.66,115.28;40.79,115.99;
#87:
>0:42.72,116.09;42.06,115.92;42.42,116.36;42.21,116.86;
#88:
>0:40.44,115.55;40.14,115.59;40.58,115.89;40.14,116.31;39.24,116.75;
#89:
>0:42.75,116.03;41.71,115.97;42.25,116.17;42.5,116.82;
#90:
>0:39.85,116.55;40.16,116.47;
#91:
>0:41.45,116.55;40.41,116.46;40.12,116.48;39.5,115.96;
#92:
>0:40.95,115.96;41.9,115.72;
#93:
>0:40.03,116.09;40.43,115.68;40.98,115.7;41.62,115.46;
#94:
>0:39.45,115.65;39.87,116.03;40.28,115.94;41.09,115.72;
#95:
>0:42.47,115.99;41.79,116.36;41.36,116.68;40.62,116.56;39.9,116.45;
#96:
>0:39.19,116.06;40.07,116.01;40.48,115.94;41.2,116.51;
#97:
>0:40.39,116.95;40.92,116.63;41.62,116.15;41.72,115.9;41.66,115.61;
#98:
>0:39.54,116.97;39.89,116.78;40.12,116.53;40.68,116.07;
#99:
>0:40.42,116.4;39.94,116.45;
#100:
>0:40.11,115.65;39.8,115.88;
#101:
>0:41.96,115.81;41.33,115.55;40.8,115.66;
#102:
>0:42.51,116.97;41.75,116.62;41.06,116.12;40.62,116.1;40.16,116.04;39.18,115.63;
#103:
>0:39.63,116.81;40.0,116.56;40.25,116.29;40.36,115.98;40.81,115.81;40.03,115.52;
#104:
>0:41.71,116.94;41.08,116.62;41.21,116.11;41.56,116.07;
#105:
>0:39.07,115.39;39.14,115.68;39.84,116.04;40.4,116.57;39.98,116.64;39.87,116.89;
#106:
>0:42.13,116.89;41.03,116.51;41.38,116.26;41.52,115.87;
#107:
>0:42.4,116.0;41.52,116.06;41.4,115.85;41.42,116.24;39.98,116.05;
#108:
>0:39.85,116.65;40.44,116.43;40.5,115.93;40.37,115.74;40.66,115.41;
#109:
>0:40.01,115.34;40.13,115.77;40.46,115.35;41.18,115.29;42.49,115.6;
#110:
>0:39.98,116.44;40.51,116.26;40.94,116.03;41.3,115.67;42.43,116.17;
#111:
>0:42.13,116.12;41.55,116.6;40.88,116.39;40.33,115.96;39.0,116.06;
#112:
>0:39.21,116.34;39.68,116.06;
#113:
>0:40.59,115.31;41.13,115.69;42.13,115.85;42.66,116.13;41.77,116.54;
#114:
>0:39.12,115.43;39.09,115.69;39.68,115.96;41.49,115.85;
#115:
>0:39.76,115.98;40.37,116.25;
#116:
>0:41.47,116.58;41.87,116.53;42.46,116.77;
#117:
>0:39.62,115.87;39.21,115.91;
#118:
>0:39.97,116.32;40.07,116.58;
#119:
>0:40.82,115.53;40.72,116.08;
#120:
>0:39.9,116.63;40.0,116.53;41.27,116.18;
#121:
>0:41.09,116.84;41.76,116.67;42.18,116.29;42.67,115.89;
#122:
>0:41.87,116.88;41.37,116.62;41.18,116.34;41.95,115.94;
#123:
>0:40.89,115.53;41.28,116.0;42.28,116.19;
#124:
>0:39.82,116.44;39.85,116.78;41.2,116.41;
#125:
>0:39.99,115.27;39.68,115.64;40.33,115.39;41.33,115.31;42.5,115.25;
#126:
>0:40.41,116.55;39.97,116.53;40.73,116.87;42.12,116.45;
#127:
>0:41.38,116.29;41.13,116.45;40.33,116.47;
#128:
>0:40.09,116.5;39.79,116.26;
#129:
>0:41.89,116.6;41.08,116.23;40.52,115.82;39.87,115.97;39.08,115.79;
#130:
>0:42.63,115.61;42.1,115.28;41.29,115.32;40.74,115.73;40.04,115.56;39.47,115.24;
#131:
>0:39.15,115.47;39.27,115.72;39.86,116.06;41.46,115.9;
#132:
>0:41.44,115.48;42.11,115.4;42.59,115.26;
#133:
>0:39.64,115.48;40.34,115.6;41.32,115.68;41.08,115.46;42.76,115.49;
#134:
>0:42.31,116.33;41.77,116.09;41.83,115.56;41.75,115.49;
#135:
>0:40.18,115.57;40.56,116.0;41.42,116.22;42.04,116.42;41.86,116.83;
#136:
>0:40.78,116.87;41.43,116.58;41.81,116.24;42.4,116.38;
#137:
>0:40.93,115.94;41.07,116.38;41.57,116.58;
#138:
>0:41.42,115.51;40.74,115.68;40.65,116.03;
#139:
>0:40.2,115.85;40.34,116.42;
#140:
>0:40.31,116.37;39.92,116.46;
#141:
>0:39.09,115.8;39.69,115.97;40.47,115.98;
#142:
>0:41.69,116.57;41.06,116.35;40.78,116.06;39.8,115.53;
#143:
>0:42.59,115.73;41.77,115.91;41.3,116.21;40.5,116.48;
#144:
>0:41.49,116.94;42.11,116.62;42.44,116.23;42.52,115.83;42.49,115.78;42.4,115.48;
#145:
>0:40.54,116.65;41.48,116.69;41.77,116.71;
#146:
>0:40.34,115.3;41.25,115.33;41.64,115.63;
#147:
>0:38.99,116.51;40.1,116.84;40.87,116.81;41.11,116.62;41.62,116.77;
#148:
>0:42.5,116.09;41.97,116.29;42.1,116.6;40.45,116.71;
#149:
>0:41.03,116.51;41.95,116.61;41.36,116.29;41.33,115.9;40.9,115.44;
#150:
>0:42.19,115.81;42.03,116.06;42.42,116.37;40.99,116.4;
#151:
>0:42.17,116.77;41.79,116.53;40.93,116.38;40.41,116.08;39.83,115.72;41.45,115.35;
#152:
>0:40.03,116.38;40.13,116.5;
#153:
>0:41.22,115.25;42.02,115.48;41.49,115.55;40.53,115.89;41.12,116.41;
#154:
>0:41.48,116.35;41.45,116.46;42.64,116.51;
#155:
>0:40.89,115.54;40.77,115.98;40.84,116.31;39.4,115.87;
#156:
>0:42.45,115.83;42.02,115.95;42.44,116.16;42.68,116.75;
