#0:
>0:40.47,116.49;39.78,116.52;
#1:
>0:39.97,116.44;40.22,116.38;
#2:
>0:39.76,116.69;40.45,116.52;
#3:
>0:41.0,115.38;41.61,115.8;42.26,115.78;40.98,116.33;
#4:
>0:41.92,116.02;42.7,115.59;41.28,115.45;
#5:
>0:40.28,116.26;39.75,115.96;40.31,116.46;
#6:
>0:39.8,115.35;39.39,115.64;39.21,115.95;40.35,116.14;
#7:
>0:40.22,116.62;39.96,116.44;
#8:
>0:40.06,115.61;40.24,115.9;41.31,116.1;41.84,116.18;41.35,116.95;
#9:
>0:41.45,115.54;40.69,115.87;40.21,115.84;
#10:
>0:41.56,116.31;41.34,116.59;40.36,116.85;
#11:
>0:40.3,115.5;39.76,115.68;39.04,116.09;40.17,115.93;40.19,116.53;39.22,116.81;
#12:
>0:39.26,115.81;39.37,115.27;
#13:
>0:42.47,116.36;41.68,115.96;41.13,115.86;
#14:
>0:41.86,116.12;41.28,116.49;41.46,116.76;
#15:
>0:40.43,116.5;39.91,116.69;
#16:
>0:39.93,116.45;40.03,116.33;
#17:
>0:42.34,115.65;42.02,116.06;41.23,116.38;41.05,116.47;
#18:
>0:40.19,116.5;40.48,116.68;40.95,116.66;41.96,116.58;42.34,116.54;
#19:
>0:41.95,116.96;40.97,116.61;41.42,116.12;39.74,115.96;
#20:
>0:41.02,116.78;41.84,116.55;42.14,116.36;42.1,116.04;
#21:
>0:40.2,116.32;40.05,115.89;39.66,115.54;
#22:
>0:40.74,115.66;41.46,115.65;41.09,115.4;42.69,115.9;
#23:
>0:40.59,116.57;40.0,116.71;
#24:
>0:40.23,116.49;40.46,116.43;
#25:
>0:42.41,116.32;41.91,115.96;41.81,115.81;
#26:
>0:40.45,116.26;40.21,116.46;
#27:
>0:42.3,115.5;42.31,115.6;
#28:
>0:39.58,116.21;39.96,116.38;39.32,116.85;
#29:
>0:41.17,116.46;41.35,116.71;
#30:
>0:40.55,116.38;39.99,115.83;40.4,116.47;
#31:
>0:42.25,116.81;42.01,116.54;40.94,116.28;40.61,115.98;40.07,115.62;
#32:
>0:42.35,116.71;42.06,116.93;41.08,116.66;
#33:
>0:40.17,115.74;40.84,115.29;41.01,115.29;42.07,115.38;
#34:
>0:40.9,115.88;40.7,116.29;39.92,116.42;
#35:
>0:39.63,116.37;40.0,116.41;
#36:
>0:41.57,116.07;42.54,115.57;41.51,115.25;
#37:
>0:41.87,116.73;41.13,116.52;41.04,116.14;40.6,116.34;39.96,116.04;41.4,115.52;
#38:
>0:40.6,115.99;41.34,116.35;41.8,116.29;
#39:
>0:39.98,116.12;40.06,116.33;
#40:
>0:39.93,115.55;40.37,116.07;41.17,116.37;41.89,116.44;42.39,116.84;
#41:
>0:41.47,116.85;40.25,116.85;40.23,116.43;39.96,116.51;40.44,115.54;
#42:
>0:42.64,116.76;42.05,116.46;41.26,116.16;41.04,115.86;
#43:
>0:42.05,115.47;41.9,115.55;41.71,116.04;
#44:
>0:40.29,116.12;40.53,116.31;
#45:
>0:40.54,116.64;40.4,116.29;41.08,115.84;
#46:
>0:42.67,115.27;41.78,115.78;42.14,116.01;41.99,116.38;
#47:
>0:39.07,115.34;39.67,115.35;40.61,115.51;40.71,115.69;41.63,115.89;
#48:
>0:41.19,116.4;40.42,116.48;41.4,116.77;
#49:
>0:40.14,116.94;40.69,116.81;39.62,116.44;39.93,116.42;40.64,115.63;
#50:
>0:40.12,116.29;40.13,116.28;
#51:
>0:40.4,116.5;40.33,116.28;
#52:
>0:40.47,116.34;40.04,116.45;
#53:
>0:41.45,116.3;41.55,115.89;42.67,115.74;41.74,115.3;
#54:
>0:41.96,116.93;41.5,116.64;40.87,116.19;41.49,116.02;41.35,115.56;
#55:
>0:41.5,116.72;42.1,116.42;41.79,116.38;42.66,115.83;41.55,115.94;42.73,115.48;
#56:
>0:42.09,116.27;41.22,116.57;40.47,116.63;
#57:
>0:42.51,116.48;41.89,116.59;41.04,116.27;
#58:
>0:39.64,116.91;39.19,116.85;
#59:
>0:42.19,115.48;41.71,115.29;41.97,115.55;42.17,116.14;
#60:
>0:41.89,115.66;42.64,115.86;41.95,116.39;41.49,116.59;41.65,116.69;
#61:
>0:42.03,116.4;42.11,116.08;
#62:
>0:40.49,115.4;39.93,115.65;39.9,116.09;
#63:
>0:39.04,115.43;39.94,115.81;40.37,116.07;
#64:
>0:40.53,116.35;40.1,115.98;40.45,116.49;
#65:
>0:40.04,116.04;40.7,115.72;41.0,115.68;41.69,115.68;42.5,115.72;
#66:
>0:42.01,115.97;42.59,115.65;42.05,115.38;
#67:
>0:39.5,116.79;39.9,116.56;40.53,116.35;40.25,115.92;41.56,116.02;
#68:
>0:40.0,115.38;40.8,115.77;41.3,115.95;41.7,116.36;41.07,116.69;42.05,116.85;
#69:
>0:39.88,116.98;40.75,116.76;40.87,116.91;41.74,116.95;42.65,116.72;
#70:
>0:39.41,116.23;39.93,115.94;39.05,115.58;39.39,115.31;
#71:
>0:39.65,116.45;40.65,116.73;40.97,116.86;
#72:
>0:41.67,116.41;42.1,116.85;
#73:
>0:40.3,115.88;40.66,115.74;41.97,116.32;
#74:
>0:42.15,115.42;41.93,115.64;41.31,115.82;
#75:
>0:40.31,115.94;40.71,115.64;
#76:
>0:40.12,116.58;39.94,116.83;
#77:
>0:40.39,116.48;40.49,116.33;
#78:
>0:41.88,115.85;41.66,115.9;
#79:
>0:40.19,116.29;40.05,116.46;
#80:
>0:42.77,115.74;42.02,115.96;41.17,116.39;40.9,116.56;
#81:
>0:41.41,115.49;40.63,115.31;40.21,115.45;
#82:
>0:39.94,116.27;40.29,116.37;
#83:
>0:40.26,116.36;39.8,116.63;
#84:
>0:40.31,116.31;40.46,116.29;
#85:
>0:40.17,116.31;40.33,116.26;
#86:
>0:42.13,116.18;41.12,116.65;40.97,116.39;40.5,116.35;39.53,115.73;
#87:
>0:40.75,115.39;40.42,115.66;41.13,115.64;41.82,116.07;41.19,116.31;42.75,116.82;
#88:
>0:40.53,116.47;40.3,116.39;
#89:
>0:39.57,116.5;40.38,116.54;
#90:
>0:39.79,116.5;39.03,116.31;
#91:
>0:42.73,115.38;42.6,115.74;
#92:
>0:41.57,116.86;42.48,116.76;
#93:
>0:41.48,116.33;41.87,115.84;42.24,115.64;
#94:
>0:40.21,116.14;40.38,116.4;
#95:
>0:38.98,115.54;39.31,115.89;40.11,116.36;41.29,116.26;
#96:
>0:40.55,116.3;40.18,116.3;
#97:
>0:40.24,115.92;40.85,115.68;41.6,115.94;
#98:
>0:42.57,116.03;41.94,115.67;42.01,115.24;40.55,115.79;
#99:
>0:42.55,115.52;42.03,115.63;41.01,115.83;
#100:
>0:41.58,116.59;41.16,116.51;40.51,116.55;
#101:
>0:40.77,115.76;39.7,115.55;
#102:
>0:41.59,116.15;41.34,116.46;40.64,116.79;
#103:
>0:40.45,116.41;40.24,116.51;
#104:
>0:39.99,115.79;40.35,115.93;41.2,115.99;41.99,116.13;41.02,116.89;
#105:
>0:40.4,116.35;40.21,116.47;
#106:
>0:40.28,116.33;39.7,116.45;
#107:
>0:40.3,116.41;40.55,116.49;
#108:
>0:41.69,116.84;41.76,116.49;41.71,116.19;42.01,116.11;
#109:
>0:42.11,115.74;42.47,115.92;41.94,116.34;41.4,116.43;41.92,116.74;
#110:
>0:40.01,116.39;39.93,115.89;40.25,116.36;
#111:
>0:39.95,116.4;40.28,116.48;
#112:
>0:42.37,115.71;41.57,116.07;40.94,116.28;40.4,116.63;40.8,116.25;39.46,116.57;
#113:
>0:39.17,115.83;40.04,116.05;40.02,116.55;
#114:
>0:40.06,116.42;39.98,116.28;
#115:
>0:41.03,116.42;41.31,116.74;40.03,116.6;
#116:
>0:41.07,115.25;41.99,115.55;42.16,115.56;
#117:
>0:40.53,116.45;40.18,116.3;40.88,116.01;
#118:
>0:39.03,115.59;40.13,115.38;40.61,115.48;40.96,115.26;41.75,115.35;
#119:
>0:39.92,115.89;40.32,116.42;40.82,115.93;41.61,116.21;
#120:
>0:41.81,115.42;41.06,115.69;41.95,115.96;41.4,116.26;40.86,116.34;39.36,116.93;
#121:
>0:40.34,116.52;39.69,116.43;39.95,116.43;
#122:
>0:40.1,116.49;40.01,116.47;
#123:
>0:40.45,116.52;40.0,116.35;40.42,115.88;41.13,115.76;42.47,115.39;
#124:
>0:42.45,115.88;41.91,116.04;41.12,116.25;40.62,116.18;40.04,115.89;39.4,116.33;
#125:
>0:40.44,116.38;40.21,116.27;
#126:
>0:40.64,115.55;41.1,115.93;41.76,116.15;41.19,116.67;41.22,116.95;
#127:
>0:40.47,116.52;40.0,115.86;40.54,115.63;41.25,115.74;42.19,115.74;
#128:
>0:40.42,116.29;40.3,116.43;
#129:
>0:39.08,116.79;39.15,116.65;39.18,116.25;39.93,116.41;39.08,115.54;
#130:
>0:39.53,115.48;39.33,115.63;39.4,116.04;40.12,116.36;39.8,116.55;41.45,116.96;
#131:
>0:40.31,116.31;40.22,116.34;
#132:
>0:39.46,116.12;40.18,116.5;39.08,116.93;
#133:
>0:40.68,115.99;39.68,115.65;39.47,115.7;
#134:
>0:39.09,115.95;39.54,115.67;39.51,115.44;
#135:
>0:40.13,116.54;40.51,115.83;41.11,116.09;
#136:
>0:41.77,115.39;42.19,115.35;
#137:
>0:42.3,116.57;41.76,116.27;41.21,116.03;40.67,115.75;40.11,115.29;
#138:
>0:40.63,116.66;40.13,116.49;40.79,115.89;40.95,115.7;42.4,115.39;
#139:
>0:40.28,116.39;40.0,116.27;
#140:
>0:40.78,115.29;39.78,115.6;40.21,115.97;
#141:
>0:39.52,116.85;40.07,116.9;40.57,116.37;
#142:
>0:40.51,116.31;39.92,116.65;
#143:
>0:42.31,115.28;41.51,115.63;41.92,116.05;40.72,116.2;
#144:
>0:41.57,116.76;42.4,116.97;
#145:
>0:39.95,116.37;40.21,116.45;
#146:
>0:40.58,115.54;40.96,115.56;41.74,115.93;41.41,116.34;42.22,116.73;
#147:
>0:39.97,116.79;40.53,116.83;41.2,116.71;41.6,116.82;42.23,116.87;
#148:
>0:39.82,116.53;40.08,116.52;40.41,116.26;
#149:
>0:41.15,116.48;41.32,116.13;40.24,116.73;
#150:
>0:42.13,116.82;42.09,116.89;
#151:
>0:40.48,116.51;39.06,116.09;40.08,116.46;
#152:
>0:42.24,116.62;41.56,116.2;41.24,115.95;40.8,115.59;41.19,115.38;
#153:
>0:39.8,116.55;40.76,116.21;40.19,116.56;
#154:
>0:41.36,116.34;40.83,115.92;39.66,115.59;39.6,115.42;
#155:
>0:42.11,116.36;41.17,116.61;41.06,116.71;
#156:
>0:41.71,115.55;41.29,115.33;
