#0:
>0:40.0,116.38;39.97,116.37;39.96,116.36;39.93,116.34;39.91,116.34;39.91,116.31;
#1:
>0:39.95,116.36;39.95,116.35;
#2:
>0:39.89,116.32;39.92,116.33;39.95,116.33;39.98,116.35;40.02,116.37;
#3:
>0:39.94,116.38;39.96,116.39;39.97,116.39;
#4:
>0:39.95,116.33;39.92,116.35;39.92,116.35;
#5:
>0:39.92,116.37;39.95,116.37;39.96,116.35;39.99,116.35;39.98,116.32;
#6:
>0:39.92,116.36;39.96,116.34;39.99,116.32;40.0,116.33;
#7:
>0:39.98,116.34;39.99,116.34;
#8:
>0:39.99,116.34;40.01,116.35;39.97,116.35;39.93,116.36;
#9:
>0:39.96,116.33;39.99,116.34;39.92,116.36;
#10:
>0:39.99,116.34;39.99,116.34;39.92,116.32;
#11:
>0:39.96,116.32;39.95,116.33;39.94,116.34;
#12:
>0:39.96,116.33;39.99,116.31;
#13:
>0:39.92,116.31;39.93,116.34;39.91,116.34;39.9,116.37;39.9,116.38;39.93,116.38;
#14:
>0:40.0,116.38;39.97,116.39;39.95,116.39;
#15:
>0:39.9,116.35;39.94,116.36;39.94,116.37;
#16:
>0:40.01,116.33;40.02,116.33;
#17:
>0:40.04,116.35;40.03,116.33;40.04,116.31;
#18:
>0:40.01,116.32;40.02,116.33;
#19:
>0:39.91,116.33;39.92,116.35;39.96,116.35;39.98,116.37;
#20:
>0:40.02,116.31;40.0,116.33;39.98,116.34;
#21:
>0:40.04,116.4;40.01,116.4;39.97,116.38;39.96,116.36;
#22:
>0:40.01,116.35;40.02,116.33;
