#0:
>0:39.98,116.34;39.98,116.34;
#1:
>0:40.0,116.33;39.99,116.35;39.99,116.36;39.96,116.37;39.93,116.38;
#2:
>0:39.91,116.33;39.9,116.34;39.89,116.36;39.91,116.37;
#3:
>0:39.98,116.35;39.95,116.36;39.93,116.36;39.91,116.39;
#4:
>0:39.95,116.38;39.99,116.37;40.01,116.38;40.04,116.36;40.0,116.33;
#5:
>0:39.98,116.35;40.02,116.35;
#6:
>0:40.04,116.35;40.0,116.33;40.01,116.34;39.95,116.34;
#7:
>0:39.97,116.39;40.01,116.38;40.04,116.37;
#8:
>0:40.0,116.31;39.98,116.31;39.96,116.32;39.93,116.31;
#9:
>0:39.95,116.39;39.97,116.38;39.96,116.36;39.94,116.35;39.96,116.33;
#10:
>0:39.95,116.38;39.97,116.38;40.02,116.37;
#11:
>0:39.9,116.38;39.93,116.38;39.94,116.38;39.99,116.38;40.0,116.38;40.03,116.37;
#12:
>0:40.0,116.32;40.0,116.33;
#13:
>0:39.93,116.36;39.93,116.37;39.98,116.36;
#14:
>0:39.97,116.31;39.98,116.32;39.96,116.33;39.98,116.36;
#15:
>0:39.97,116.38;40.0,116.39;40.03,116.37;
#16:
>0:39.91,116.35;39.92,116.36;39.92,116.37;39.97,116.38;40.0,116.4;
#17:
>0:39.98,116.31;39.96,116.33;
#18:
>0:39.94,116.39;39.94,116.37;39.91,116.37;
#19:
>0:39.92,116.38;39.94,116.37;39.98,116.35;39.99,116.33;
#20:
>0:39.98,116.34;39.97,116.37;39.94,116.38;
#21:
>0:39.96,116.35;39.97,116.34;40.01,116.35;
#22:
>0:40.0,116.35;40.01,116.36;40.04,116.37;40.04,116.39;
