#0:
>0:39.9,116.37;39.85,116.35;
#1:
>0:39.85,116.34;39.82,116.38;
#2:
>0:39.99,116.47;40.0,116.46;40.02,116.43;39.97,116.4;39.91,116.35;39.89,116.31;
#3:
>0:40.02,116.46;39.99,116.43;39.97,116.46;39.87,116.41;
#4:
>0:39.87,116.39;39.92,116.41;39.99,116.47;
#5:
>0:39.87,116.34;39.9,116.36;39.98,116.37;
#6:
>0:40.03,116.45;40.05,116.48;39.95,116.48;39.93,116.41;
#7:
>0:40.01,116.46;39.93,116.4;39.96,116.37;
#8:
>0:40.01,116.46;40.0,116.41;40.05,116.46;40.04,116.47;40.01,116.45;40.01,116.41;40.08,116.41;40.06,116.36;40.0,116.34;
#9:
>0:39.9,116.34;39.88,116.32;
#10:
>0:39.82,116.39;39.88,116.35;
#11:
>0:39.94,116.5;39.91,116.46;39.9,116.44;39.93,116.41;40.0,116.35;
#12:
>0:40.02,116.41;39.94,116.38;40.02,116.36;39.86,116.37;
#13:
>0:39.85,116.36;39.87,116.35;
#14:
>0:39.98,116.32;40.01,116.36;40.07,116.35;
#15:
>0:39.84,116.37;39.88,116.32;39.99,116.38;
#16:
>0:40.0,116.38;40.03,116.41;39.98,116.48;
#17:
>0:39.95,116.49;39.89,116.44;39.91,116.42;
#18:
>0:39.98,116.39;39.96,116.38;39.88,116.33;
#19:
>0:39.98,116.37;39.98,116.31;39.89,116.34;
#20:
>0:40.02,116.36;40.05,116.34;40.02,116.37;40.08,116.43;40.05,116.46;
#21:
>0:40.07,116.35;40.0,116.4;40.02,116.41;39.98,116.45;39.92,116.45;39.81,116.43;
