#0:
>0:39.81,116.34;39.88,116.35;39.82,116.36;39.82,116.38;39.91,116.46;
#1:
>0:40.0,116.46;40.01,116.45;39.92,116.4;39.92,116.34;39.91,116.32;
#2:
>0:40.03,116.48;40.02,116.43;
#3:
>0:39.88,116.46;39.85,116.42;39.87,116.44;39.91,116.49;40.03,116.48;
#4:
>0:39.9,116.48;39.84,116.45;39.81,116.42;
#5:
>0:39.88,116.39;39.82,116.38;
#6:
>0:39.95,116.46;39.99,116.46;
#7:
>0:40.03,116.35;40.0,116.39;39.97,116.42;39.91,116.42;39.91,116.48;
#8:
>0:40.04,116.49;39.98,116.5;39.94,116.46;40.01,116.44;39.98,116.35;
#9:
>0:39.83,116.4;39.86,116.36;39.84,116.32;
#10:
>0:39.99,116.4;39.92,116.42;39.85,116.44;39.81,116.41;
#11:
>0:39.98,116.39;40.01,116.4;
#12:
>0:40.07,116.39;40.0,116.41;39.96,116.38;39.93,116.4;39.85,116.31;
#13:
>0:39.89,116.49;39.84,116.45;39.88,116.43;
#14:
>0:39.95,116.45;40.02,116.41;39.96,116.39;39.99,116.37;
#15:
>0:39.92,116.42;39.88,116.44;39.83,116.43;
#16:
>0:40.05,116.49;39.94,116.48;39.93,116.49;40.0,116.41;39.9,116.39;39.83,116.32;
#17:
>0:39.92,116.47;39.87,116.41;39.88,116.4;
#18:
>0:40.01,116.47;40.0,116.44;
#19:
>0:40.06,116.47;39.99,116.45;39.97,116.44;39.93,116.41;39.85,116.43;39.81,116.37;
#20:
>0:39.82,116.41;39.89,116.4;39.89,116.35;
#21:
>0:40.06,116.38;39.99,116.38;39.96,116.45;
