#0:
>0:39.94,116.34;39.97,116.37;39.9,116.39;39.89,116.43;39.99,116.45;
#1:
>0:39.89,116.33;39.95,116.37;
#2:
>0:39.98,116.34;40.05,116.36;40.05,116.4;
#3:
>0:39.88,116.32;39.9,116.37;39.98,116.38;40.0,116.39;40.03,116.38;
#4:
>0:40.01,116.47;40.04,116.45;39.97,116.45;39.97,116.41;39.93,116.42;39.95,116.39;40.0,116.35;40.04,116.35;40.0,116.35;39.94,116.32;
#5:
>0:40.06,116.44;40.07,116.42;40.05,116.38;
#6:
>0:40.02,116.48;40.04,116.47;39.99,116.43;39.9,116.39;
#7:
>0:40.01,116.48;40.04,116.45;39.94,116.46;40.04,116.38;
#8:
>0:39.96,116.46;39.91,116.43;39.86,116.39;39.81,116.38;
#9:
>0:40.05,116.36;40.0,116.35;39.96,116.34;39.94,116.35;39.85,116.38;
#10:
>0:39.81,116.46;39.87,116.49;
#11:
>0:39.94,116.48;39.95,116.44;39.97,116.42;39.99,116.42;39.89,116.35;
#12:
>0:39.99,116.44;39.99,116.41;40.02,116.4;39.94,116.37;
#13:
>0:39.89,116.48;39.9,116.46;39.97,116.44;
#14:
>0:40.0,116.37;40.0,116.39;40.01,116.43;40.03,116.45;40.06,116.47;
#15:
>0:39.95,116.32;40.02,116.35;39.99,116.35;39.99,116.4;40.04,116.46;
#16:
>0:39.96,116.39;40.01,116.4;40.03,116.4;
#17:
>0:39.8,116.41;39.84,116.39;39.89,116.35;39.94,116.33;40.0,116.33;40.06,116.34;
#18:
>0:39.81,116.38;39.88,116.38;39.93,116.39;39.97,116.38;
#19:
>0:39.94,116.32;39.99,116.33;39.91,116.4;
#20:
>0:39.88,116.33;39.87,116.37;39.92,116.35;39.91,116.38;39.91,116.45;
#21:
>0:39.81,116.45;39.85,116.43;39.89,116.44;39.9,116.42;39.99,116.35;
