#0:
>0:39.93,116.46;39.87,116.49;
#1:
>0:39.99,116.34;40.01,116.35;39.94,116.31;39.92,116.32;39.81,116.34;
#2:
>0:39.94,116.38;40.0,116.4;
#3:
>0:39.83,116.37;39.82,116.36;
#4:
>0:39.87,116.35;39.85,116.38;
#5:
>0:39.92,116.44;39.92,116.44;
#6:
>0:39.84,116.37;39.85,116.36;39.91,116.37;39.98,116.37;
#7:
>0:39.86,116.41;39.87,116.47;39.84,116.47;
#8:
>0:39.98,116.36;40.04,116.39;40.11,116.35;40.06,116.37;40.0,116.41;40.05,116.42;40.01,116.47;
#9:
>0:39.96,116.35;39.95,116.38;40.0,116.42;40.05,116.44;39.96,116.49;
#10:
>0:39.99,116.36;39.98,116.38;39.92,116.41;39.93,116.45;39.83,116.47;
#11:
>0:39.92,116.44;39.89,116.5;
#12:
>0:40.02,116.36;39.94,116.32;39.93,116.31;39.93,116.34;39.84,116.35;
#13:
>0:40.06,116.43;40.04,116.44;40.04,116.5;39.95,116.49;39.9,116.44;39.81,116.39;
#14:
>0:39.89,116.41;39.9,116.41;39.94,116.44;40.0,116.44;40.06,116.46;
#15:
>0:40.03,116.44;40.0,116.4;40.05,116.4;40.01,116.4;39.97,116.31;
#16:
>0:39.9,116.49;39.95,116.45;40.02,116.46;40.03,116.4;
#17:
>0:39.9,116.41;39.91,116.4;40.01,116.34;
#18:
>0:39.96,116.37;39.93,116.39;39.87,116.43;39.83,116.44;
#19:
>0:39.98,116.4;39.96,116.39;
#20:
>0:39.96,116.37;39.91,116.34;39.87,116.38;
#21:
>0:40.02,116.44;39.99,116.41;40.03,116.39;40.09,116.38;39.99,116.33;
