#0:
>0:39.95,116.34;39.91,116.35;39.87,116.39;39.82,116.4;39.82,116.45;
#1:
>0:39.82,116.31;39.85,116.34;39.91,116.4;39.95,116.43;
#2:
>0:40.01,116.48;39.97,116.44;39.89,116.44;39.88,116.49;39.84,116.45;
#3:
>0:39.85,116.33;39.82,116.36;39.88,116.39;39.8,116.42;39.93,116.46;
#4:
>0:39.82,116.39;39.87,116.42;39.91,116.44;
#5:
>0:39.93,116.43;39.96,116.43;
#6:
>0:40.05,116.39;40.07,116.42;
#7:
>0:39.8,116.46;39.88,116.42;39.87,116.37;39.92,116.35;
#8:
>0:39.82,116.38;39.87,116.42;39.89,116.44;
#9:
>0:39.97,116.32;39.98,116.37;39.94,116.38;39.89,116.41;39.94,116.45;39.9,116.47;
#10:
>0:39.93,116.45;39.96,116.43;39.99,116.38;
#11:
>0:40.0,116.37;39.95,116.36;39.97,116.38;39.92,116.38;39.8,116.32;
#12:
>0:39.82,116.35;39.87,116.39;39.86,116.42;
#13:
>0:39.94,116.47;40.0,116.44;39.97,116.42;
#14:
>0:40.05,116.43;39.98,116.42;39.95,116.4;
#15:
>0:39.96,116.47;39.99,116.46;39.96,116.4;39.95,116.4;39.89,116.38;39.93,116.32;
#16:
>0:39.97,116.36;39.97,116.4;40.02,116.42;
#17:
>0:39.96,116.33;39.89,116.37;39.97,116.4;39.89,116.41;
#18:
>0:39.81,116.41;39.87,116.38;39.92,116.37;39.92,116.31;
#19:
>0:39.86,116.41;39.88,116.39;39.87,116.36;
#20:
>0:39.99,116.41;39.98,116.44;39.9,116.48;
#21:
>0:40.05,116.48;39.98,116.46;39.97,116.44;39.92,116.46;
