#0:
>0:40.0,116.36;39.95,116.36;40.01,116.39;40.04,116.41;39.98,116.46;
#1:
>0:39.86,116.37;39.91,116.39;39.95,116.42;40.02,116.48;
#2:
>0:39.86,116.38;39.91,116.37;39.93,116.33;
#3:
>0:39.89,116.47;39.89,116.49;39.95,116.49;
#4:
>0:39.82,116.41;39.86,116.41;39.89,116.43;39.96,116.39;40.01,116.4;
#5:
>0:39.82,116.34;39.86,116.33;39.92,116.34;39.96,116.32;39.96,116.35;40.03,116.36;
#6:
>0:39.94,116.37;39.92,116.38;39.96,116.42;39.97,116.46;
#7:
>0:40.0,116.4;39.9,116.42;39.87,116.45;39.82,116.46;
#8:
>0:39.96,116.47;39.93,116.46;39.93,116.42;39.9,116.38;
#9:
>0:39.98,116.4;40.01,116.36;40.07,116.4;
#10:
>0:40.05,116.37;40.05,116.39;40.02,116.4;40.05,116.41;39.99,116.5;
#11:
>0:39.93,116.31;39.93,116.35;39.89,116.39;39.95,116.41;39.92,116.48;39.94,116.47;
#12:
>0:39.81,116.33;39.89,116.33;39.93,116.37;40.0,116.4;40.01,116.41;40.05,116.45;
#13:
>0:39.86,116.36;39.9,116.39;39.89,116.35;39.99,116.39;40.06,116.34;
#14:
>0:40.06,116.39;40.02,116.38;39.98,116.38;39.92,116.43;39.85,116.43;39.83,116.36;
#15:
>0:39.96,116.47;39.98,116.48;40.0,116.41;
#16:
>0:40.01,116.34;39.96,116.35;39.89,116.39;39.91,116.43;
#17:
>0:40.03,116.39;40.06,116.43;
#18:
>0:40.04,116.33;39.99,116.37;39.98,116.39;39.95,116.39;39.85,116.43;
#19:
>0:40.05,116.43;40.03,116.38;40.02,116.4;39.93,116.4;
#20:
>0:39.87,116.46;39.93,116.47;40.0,116.46;39.96,116.47;40.03,116.48;
#21:
>0:39.96,116.47;39.89,116.48;39.86,116.45;39.85,116.4;
