#0:
>0:39.93,116.38;39.85,116.41;
#1:
>0:40.01,116.43;39.96,116.42;
#2:
>0:39.81,116.46;39.88,116.46;39.89,116.42;39.89,116.46;39.95,116.49;40.03,116.42;
#3:
>0:39.88,116.42;39.81,116.45;39.88,116.49;
#4:
>0:39.85,116.38;39.82,116.41;
#5:
>0:39.94,116.36;40.0,116.37;39.89,116.42;
#6:
>0:39.81,116.47;39.84,116.45;39.89,116.46;39.89,116.44;40.0,116.45;
#7:
>0:39.82,116.4;39.86,116.41;39.9,116.4;39.96,116.43;
#8:
>0:39.94,116.46;40.0,116.41;40.04,116.4;
#9:
>0:39.98,116.36;40.02,116.38;40.04,116.43;40.07,116.45;40.05,116.49;
#10:
>0:40.02,116.46;39.97,116.49;
#11:
>0:40.0,116.47;40.0,116.45;40.01,116.43;40.04,116.41;39.99,116.37;
#12:
>0:39.94,116.47;39.93,116.45;39.86,116.45;39.85,116.4;
#13:
>0:39.98,116.36;39.97,116.33;39.93,116.32;39.98,116.37;39.96,116.32;39.95,116.31;
#14:
>0:39.85,116.36;39.82,116.4;
#15:
>0:39.99,116.37;40.03,116.33;
#16:
>0:39.94,116.34;39.95,116.32;39.97,116.32;
#17:
>0:40.04,116.42;40.01,116.38;39.99,116.35;39.97,116.32;39.87,116.32;
#18:
>0:39.97,116.38;39.94,116.39;
#19:
>0:39.97,116.37;39.95,116.32;
#20:
>0:39.89,116.35;39.95,116.39;39.99,116.43;40.03,116.44;40.04,116.49;
#21:
>0:39.97,116.46;40.01,116.42;40.06,116.39;
