#0:
>0:39.92,116.37;39.98,116.34;
#1:
>0:39.88,116.47;39.89,116.49;39.98,116.5;
#2:
>0:39.86,116.35;39.93,116.39;39.94,116.41;40.02,116.46;40.02,116.48;
#3:
>0:39.92,116.31;39.96,116.31;40.03,116.41;
#4:
>0:40.03,116.35;40.03,116.39;39.98,116.42;
#5:
>0:39.94,116.31;39.92,116.35;39.97,116.39;39.91,116.37;39.96,116.39;39.94,116.42;39.91,116.39;39.84,116.37;39.89,116.34;39.98,116.32;40.01,116.35;39.96,116.39;40.01,116.41;39.96,116.4;39.95,116.43;39.91,116.4;39.86,116.35;39.83,116.35;39.86,116.37;39.89,116.36;39.97,116.39;39.94,116.32;
#6:
>0:39.93,116.45;39.93,116.46;39.88,116.45;
#7:
>0:40.03,116.37;40.01,116.41;
#8:
>0:40.0,116.33;39.97,116.32;40.01,116.4;
#9:
>0:39.85,116.35;39.92,116.38;39.96,116.42;40.01,116.46;40.0,116.49;
#10:
>0:39.99,116.34;40.04,116.33;
#11:
>0:40.03,116.31;40.02,116.31;39.96,116.33;39.9,116.37;39.91,116.33;39.81,116.33;
#12:
>0:40.02,116.39;40.03,116.39;40.02,116.34;
#13:
>0:39.99,116.43;40.0,116.44;
#14:
>0:39.99,116.41;40.02,116.4;39.96,116.43;39.9,116.42;39.84,116.48;
#15:
>0:39.88,116.44;39.92,116.42;39.93,116.39;39.97,116.41;40.04,116.37;
#16:
>0:40.02,116.32;39.98,116.37;
#17:
>0:39.87,116.4;39.89,116.37;39.88,116.32;
#18:
>0:39.87,116.35;39.91,116.39;39.95,116.4;40.0,116.42;
#19:
>0:40.01,116.4;39.97,116.41;39.91,116.46;39.91,116.47;
#20:
>0:39.98,116.46;40.0,116.43;40.05,116.41;
#21:
>0:39.92,116.4;39.92,116.41;39.86,116.45;
