#0:
>0:39.88,116.45;39.86,116.42;39.86,116.39;39.87,116.36;
#1:
>0:39.98,116.34;39.94,116.38;39.92,116.39;39.89,116.43;39.8,116.49;
#2:
>0:40.03,116.44;40.05,116.42;40.01,116.4;39.97,116.4;39.86,116.4;
#3:
>0:40.07,116.39;40.01,116.42;40.0,116.44;39.96,116.48;
#4:
>0:40.05,116.32;40.03,116.36;40.03,116.4;40.04,116.43;
#5:
>0:40.02,116.48;40.07,116.47;39.98,116.46;40.03,116.43;40.01,116.38;39.98,116.39;39.99,116.38;39.98,116.4;40.0,116.37;39.98,116.37;39.99,116.39;40.01,116.37;39.96,116.32;
#6:
>0:39.96,116.47;39.96,116.46;
#7:
>0:39.96,116.32;39.98,116.35;39.95,116.31;39.98,116.37;40.01,116.4;40.01,116.42;39.99,116.48;
#8:
>0:39.84,116.4;39.88,116.41;39.92,116.4;39.97,116.39;40.02,116.36;
#9:
>0:39.81,116.32;39.88,116.36;39.88,116.37;
#10:
>0:39.88,116.46;39.88,116.45;
#11:
>0:40.01,116.36;39.99,116.38;40.0,116.43;40.0,116.44;40.04,116.47;
#12:
>0:39.88,116.34;39.93,116.32;39.86,116.36;39.88,116.43;
#13:
>0:39.95,116.31;39.95,116.37;
#14:
>0:39.96,116.33;40.02,116.36;40.0,116.34;39.98,116.37;39.94,116.35;39.96,116.32;39.96,116.33;
#15:
>0:39.85,116.49;39.81,116.45;39.89,116.43;
#16:
>0:39.97,116.4;39.94,116.39;
#17:
>0:40.0,116.48;39.98,116.48;39.92,116.46;
#18:
>0:39.96,116.34;40.02,116.35;40.04,116.38;40.05,116.42;40.07,116.46;
#19:
>0:39.83,116.31;39.85,116.35;39.81,116.38;39.82,116.41;
#20:
>0:39.8,116.36;39.88,116.39;39.92,116.41;39.82,116.45;
#21:
>0:39.99,116.41;39.93,116.38;
