#0:
>0:40.51,116.12;40.35,116.1;40.24,116.1;40.27,116.16;40.15,116.16;39.89,116.37;
#1:
>0:40.47,116.19;40.33,116.22;40.23,116.33;40.11,116.42;
#2:
>0:40.05,116.12;40.1,116.02;40.22,116.14;40.33,116.1;40.51,116.0;
#3:
>0:40.19,116.45;40.09,116.43;40.05,116.31;40.04,116.11;39.91,116.08;40.07,115.97;
#4:
>0:40.16,116.16;40.21,116.24;40.31,116.29;
#5:
>0:40.01,116.18;40.18,116.29;40.26,116.34;
#6:
>0:40.23,116.46;40.25,116.33;40.15,116.26;40.23,116.13;
#7:
>0:40.32,116.43;40.32,116.38;40.4,116.24;
#8:
>0:40.04,116.37;40.04,116.4;
#9:
>0:40.11,116.15;40.12,116.07;40.37,116.08;
#10:
>0:40.44,116.19;40.32,116.1;40.49,115.98;
#11:
>0:40.03,116.31;40.03,116.39;
#12:
>0:39.92,116.36;40.07,116.34;40.12,116.4;40.23,116.42;40.33,116.31;40.43,116.37;
#13:
>0:40.01,115.94;40.12,116.08;40.25,116.15;40.29,116.26;
#14:
>0:40.02,115.96;40.1,116.08;40.13,116.15;40.09,116.25;40.26,116.22;40.17,116.47;
#15:
>0:40.17,116.32;40.11,116.24;40.12,116.14;40.11,116.08;
#16:
>0:40.28,116.06;40.19,116.04;39.98,116.03;
#17:
>0:40.21,116.47;40.31,116.41;
#18:
>0:40.45,116.38;40.39,116.27;40.35,116.16;40.33,116.02;40.37,115.99;
#19:
>0:40.43,116.24;40.45,116.34;
#20:
>0:39.97,116.05;39.96,116.14;39.96,116.29;40.02,116.32;40.23,116.43;
#21:
>0:40.15,115.95;40.25,116.06;40.3,116.11;40.05,116.37;
#22:
>0:40.06,116.49;40.18,116.35;40.3,116.46;40.38,116.45;
#23:
>0:40.18,116.29;40.11,116.3;39.93,116.3;
#24:
>0:40.36,116.14;40.25,116.1;40.23,116.17;40.11,116.3;
#25:
>0:40.27,116.06;40.2,116.02;
#26:
>0:40.31,116.11;40.23,116.06;40.11,115.93;
#27:
>0:39.96,116.32;40.13,116.32;40.12,116.14;40.17,116.05;40.29,116.02;
#28:
>0:40.3,116.4;40.28,116.38;40.18,116.21;40.07,116.36;40.07,116.13;39.92,115.97;
#29:
>0:40.3,116.08;40.39,116.06;40.35,116.11;40.1,116.4;
#30:
>0:40.08,115.97;40.02,115.96;
#31:
>0:40.35,116.07;40.25,116.14;40.13,116.18;40.19,116.39;
#32:
>0:39.88,116.21;39.88,116.19;40.09,116.25;
#33:
>0:40.27,116.03;40.11,116.09;40.04,116.16;
#34:
>0:40.3,116.37;40.33,116.29;40.35,116.11;40.32,116.04;40.33,115.95;
#35:
>0:40.45,116.43;40.4,116.33;40.2,116.39;40.13,116.21;40.04,116.11;
