#0:
>0:39.97,116.41;40.03,116.36;40.17,116.25;40.17,116.17;40.38,116.18;
#1:
>0:40.37,116.46;40.4,116.36;40.26,116.22;
#2:
>0:40.08,116.31;40.13,116.33;40.3,116.26;40.33,116.19;40.14,115.94;
#3:
>0:40.41,116.4;40.42,116.39;40.48,116.29;40.52,116.17;
#4:
>0:40.49,116.06;40.32,116.18;40.25,116.25;40.12,116.35;40.02,116.49;
#5:
>0:40.27,116.18;40.4,116.25;40.41,116.38;40.36,116.41;
#6:
>0:39.96,116.14;39.97,116.29;40.0,116.25;40.21,116.29;
#7:
>0:40.15,116.28;40.3,116.13;
#8:
>0:40.14,116.15;40.15,116.34;40.18,116.37;
#9:
>0:40.48,115.95;40.39,116.02;40.31,116.12;
#10:
>0:39.88,116.19;39.87,116.24;40.21,116.25;
#11:
>0:39.88,116.2;39.99,116.27;
#12:
>0:40.08,116.46;39.97,116.4;40.03,116.31;
#13:
>0:40.07,116.19;40.1,116.07;
#14:
>0:40.09,116.02;39.99,116.01;39.93,116.16;
#15:
>0:40.32,116.24;40.39,116.38;40.48,116.47;
#16:
>0:40.47,116.3;40.37,116.23;40.28,116.25;40.28,116.13;40.41,115.97;
#17:
>0:40.51,116.03;40.39,116.13;
#18:
>0:40.2,116.19;40.33,116.28;40.27,116.29;40.27,116.46;
#19:
>0:39.97,115.98;40.04,115.97;40.12,115.96;40.3,115.97;40.36,116.01;40.5,115.92;
#20:
>0:40.45,116.37;40.33,116.47;40.21,116.42;
#21:
>0:40.42,116.11;40.5,116.24;40.23,116.21;
#22:
>0:40.47,116.05;40.37,116.16;40.41,116.23;40.41,116.31;40.36,116.42;
#23:
>0:40.44,116.11;40.34,116.19;
#24:
>0:40.45,116.29;40.38,116.2;40.29,116.07;40.15,115.95;40.1,116.05;39.96,115.96;
#25:
>0:39.88,116.4;40.01,116.4;40.1,116.27;40.25,116.17;40.4,116.07;40.45,115.96;
#26:
>0:40.22,116.22;40.33,116.12;40.3,116.05;40.05,115.97;
#27:
>0:39.9,115.99;39.88,116.05;39.93,116.16;39.91,116.23;
#28:
>0:40.38,116.08;40.23,116.17;40.2,116.27;40.15,116.35;40.1,116.46;
#29:
>0:40.45,116.03;40.38,116.15;40.41,116.28;40.33,116.3;40.41,116.44;
#30:
>0:40.43,116.08;40.4,116.12;
#31:
>0:39.88,116.3;39.99,116.33;39.88,116.28;39.9,116.13;40.0,115.98;
#32:
>0:40.48,116.23;40.32,116.18;40.29,116.1;40.23,115.96;
#33:
>0:40.48,116.23;40.39,116.26;40.28,116.28;
#34:
>0:40.47,116.14;40.33,116.21;40.25,116.31;
#35:
>0:39.89,116.15;39.96,116.3;40.16,116.21;
