#0:
>0:40.01,116.33;39.97,116.32;
#1:
>0:39.93,116.43;39.95,116.39;
#2:
>0:40.03,116.42;40.01,116.42;
#3:
>0:40.09,116.29;40.06,116.3;40.08,116.29;40.05,116.29;40.07,116.31;40.04,116.3;40.09,116.31;40.06,116.33;40.03,116.36;40.01,116.35;40.02,116.33;40.02,116.31;40.04,116.33;40.03,116.36;40.0,116.36;40.02,116.34;40.05,116.3;40.03,116.3;40.07,116.29;
#4:
>0:39.95,116.34;39.97,116.32;
#5:
>0:40.01,116.33;39.97,116.32;
#6:
>0:39.97,116.3;39.99,116.31;39.99,116.32;40.02,116.37;
#7:
>0:40.04,116.34;40.02,116.36;40.01,116.37;
#8:
>0:40.04,116.41;40.05,116.38;40.02,116.38;39.99,116.42;39.95,116.37;
#9:
>0:40.01,116.34;40.0,116.38;40.02,116.4;40.03,116.42;
#10:
>0:40.01,116.39;39.98,116.36;39.97,116.33;
#11:
>0:39.95,116.44;39.95,116.41;
#12:
>0:40.04,116.29;40.03,116.31;
#13:
>0:39.98,116.32;40.0,116.32;
#14:
>0:40.06,116.41;40.03,116.39;40.02,116.34;40.03,116.32;39.96,116.3;
#15:
>0:39.96,116.44;39.96,116.4;
#16:
>0:39.97,116.34;40.0,116.33;
#17:
>0:39.99,116.32;39.96,116.32;
#18:
>0:39.98,116.33;40.01,116.34;39.96,116.34;39.98,116.32;
#19:
>0:40.08,116.29;40.06,116.34;40.04,116.35;39.99,116.37;40.03,116.32;40.03,116.3;40.0,116.34;39.97,116.33;39.99,116.34;39.98,116.33;39.99,116.32;39.96,116.34;40.01,116.33;39.98,116.34;39.99,116.33;39.96,116.32;39.96,116.31;40.01,116.31;39.99,116.32;40.0,116.33;
#20:
>0:39.97,116.32;39.99,116.33;40.01,116.32;
#21:
>0:40.02,116.32;39.99,116.36;39.96,116.37;39.98,116.4;
#22:
>0:40.04,116.36;40.02,116.38;40.01,116.41;39.97,116.39;39.95,116.39;
#23:
>0:40.07,116.29;40.06,116.33;40.03,116.31;40.01,116.33;39.96,116.33;39.95,116.33;
#24:
>0:39.97,116.33;40.0,116.33;
#25:
>0:40.04,116.35;40.02,116.39;40.01,116.37;
#26:
>0:39.97,116.41;39.98,116.38;39.97,116.35;
#27:
>0:40.01,116.44;40.03,116.41;40.06,116.37;
#28:
>0:40.08,116.31;40.07,116.32;40.05,116.34;40.01,116.35;40.08,116.4;
#29:
>0:39.97,116.4;39.99,116.44;40.03,116.42;40.05,116.43;40.07,116.43;
#30:
>0:39.97,116.39;39.99,116.34;40.01,116.38;40.06,116.42;
#31:
>0:39.97,116.32;39.99,116.32;39.98,116.3;40.0,116.33;
#32:
>0:40.01,116.37;40.01,116.35;40.05,116.36;40.08,116.3;
#33:
>0:40.0,116.39;39.97,116.38;39.99,116.36;40.03,116.34;40.0,116.31;
#34:
>0:39.96,116.33;39.99,116.33;40.03,116.35;40.05,116.36;
#35:
>0:39.99,116.32;40.02,116.36;40.01,116.38;
#36:
>0:39.99,116.4;39.98,116.37;40.01,116.36;40.03,116.32;40.08,116.3;
#37:
>0:40.07,116.35;40.06,116.35;40.01,116.36;
#38:
>0:39.94,116.42;39.96,116.39;39.98,116.39;39.99,116.36;40.06,116.33;
#39:
>0:40.09,116.36;40.06,116.34;40.01,116.31;
#40:
>0:39.98,116.34;39.97,116.32;
#41:
>0:39.97,116.32;39.99,116.32;
#42:
>0:40.0,116.33;39.98,116.33;
#43:
>0:40.02,116.34;39.99,116.38;
#44:
>0:40.06,116.37;40.07,116.4;40.08,116.42;
#45:
>0:39.94,116.37;39.97,116.36;39.98,116.37;40.0,116.34;40.06,116.29;
#46:
>0:40.01,116.32;40.02,116.36;40.04,116.36;40.07,116.36;
#47:
>0:39.99,116.41;39.96,116.37;39.94,116.34;39.98,116.32;
#48:
>0:40.03,116.36;39.99,116.36;40.01,116.37;39.94,116.42;
#49:
>0:39.94,116.34;39.97,116.34;39.99,116.37;39.93,116.42;
#50:
>0:39.98,116.34;40.0,116.32;39.98,116.31;40.01,116.33;
#51:
>0:40.05,116.39;40.03,116.38;39.99,116.34;39.97,116.36;
#52:
>0:40.06,116.39;40.09,116.37;40.08,116.35;
#53:
>0:39.96,116.33;39.99,116.32;39.96,116.33;40.01,116.32;40.0,116.34;
#54:
>0:40.02,116.32;39.99,116.34;39.97,116.3;39.95,116.31;
#55:
>0:39.96,116.32;40.01,116.34;
#56:
>0:39.99,116.33;39.96,116.33;
#57:
>0:39.95,116.4;39.96,116.44;40.01,116.43;
#58:
>0:40.08,116.41;40.06,116.39;40.03,116.38;40.02,116.33;
#59:
>0:39.98,116.33;39.99,116.33;
#60:
>0:39.97,116.31;39.96,116.33;39.98,116.36;40.01,116.37;40.01,116.41;39.98,116.43;
#61:
>0:39.97,116.33;40.0,116.32;40.0,116.32;
#62:
>0:40.0,116.37;39.97,116.36;39.98,116.33;
#63:
>0:40.01,116.39;39.98,116.35;39.97,116.33;
#64:
>0:39.99,116.34;39.96,116.37;39.93,116.37;
#65:
>0:39.97,116.34;39.98,116.35;40.01,116.34;
#66:
>0:39.99,116.32;39.98,116.32;
#67:
>0:39.94,116.41;39.98,116.38;40.0,116.34;40.01,116.33;39.97,116.31;
#68:
>0:39.97,116.33;39.99,116.34;39.98,116.3;40.01,116.32;
#69:
>0:39.98,116.33;39.99,116.33;39.96,116.29;40.0,116.31;39.96,116.32;
#70:
>0:39.96,116.35;39.98,116.38;39.95,116.39;40.0,116.43;
#71:
>0:40.02,116.33;40.03,116.31;39.99,116.32;39.94,116.3;
#72:
>0:39.94,116.34;39.97,116.36;39.98,116.37;40.04,116.41;40.01,116.42;
#73:
>0:39.96,116.37;40.01,116.36;40.0,116.39;40.06,116.43;
#74:
>0:39.98,116.33;39.99,116.33;40.02,116.32;39.98,116.33;
#75:
>0:40.09,116.31;40.06,116.33;40.03,116.3;40.04,116.33;40.02,116.31;40.0,116.33;39.97,116.34;40.0,116.32;39.96,116.33;39.99,116.33;39.98,116.33;39.99,116.34;39.96,116.33;40.01,116.33;40.03,116.32;40.02,116.3;40.04,116.31;40.09,116.3;40.06,116.31;
#76:
>0:39.96,116.37;39.99,116.36;40.02,116.39;
#77:
>0:40.04,116.4;40.02,116.38;40.01,116.35;40.03,116.34;39.98,116.29;
#78:
>0:40.03,116.43;40.05,116.43;40.07,116.42;
#79:
>0:40.01,116.41;39.96,116.39;39.94,116.35;39.98,116.33;
#80:
>0:39.95,116.3;39.96,116.33;39.96,116.34;
#81:
>0:40.08,116.38;40.08,116.34;40.05,116.36;40.09,116.31;
#82:
>0:40.06,116.41;40.08,116.37;40.06,116.35;
#83:
>0:39.98,116.33;39.97,116.34;40.0,116.37;39.94,116.41;
#84:
>0:40.0,116.32;39.98,116.31;39.99,116.33;
#85:
>0:39.94,116.37;39.94,116.36;39.96,116.37;40.03,116.41;
#86:
>0:39.98,116.31;39.98,116.34;39.95,116.32;39.96,116.35;40.0,116.37;39.98,116.43;
#87:
>0:39.99,116.41;40.02,116.42;40.04,116.44;
#88:
>0:40.08,116.32;40.05,116.32;
#89:
>0:39.97,116.33;39.99,116.34;39.97,116.33;39.99,116.33;40.0,116.32;
#90:
>0:39.97,116.33;39.99,116.34;
#91:
>0:40.09,116.3;40.09,116.32;40.06,116.33;40.03,116.34;40.08,116.41;
#92:
>0:40.01,116.36;40.02,116.32;40.02,116.29;40.06,116.31;
#93:
>0:40.01,116.4;40.04,116.43;
#94:
>0:39.98,116.32;40.01,116.32;39.98,116.34;
#95:
>0:39.94,116.3;39.94,116.33;39.98,116.35;39.97,116.39;39.95,116.41;39.99,116.43;
#96:
>0:40.0,116.38;39.98,116.34;39.98,116.34;
#97:
>0:40.0,116.33;39.97,116.33;
#98:
>0:40.07,116.33;40.05,116.32;40.03,116.36;39.99,116.4;
#99:
>0:39.94,116.4;39.96,116.39;39.96,116.36;
#100:
>0:40.02,116.41;40.01,116.4;39.96,116.39;39.95,116.36;39.94,116.31;
#101:
>0:39.94,116.31;39.97,116.34;39.99,116.36;40.01,116.38;40.06,116.41;40.07,116.43;
#102:
>0:39.95,116.38;39.98,116.34;39.99,116.37;40.04,116.33;
#103:
>0:40.07,116.32;40.07,116.34;
#104:
>0:39.97,116.34;39.97,116.34;40.01,116.39;39.93,116.39;
#105:
>0:39.94,116.39;39.98,116.37;40.01,116.36;39.99,116.32;
#106:
>0:39.97,116.33;40.0,116.32;
#107:
>0:40.01,116.34;39.99,116.37;39.95,116.41;
#108:
>0:39.95,116.32;39.98,116.32;39.96,116.36;40.0,116.37;40.04,116.38;
#109:
>0:40.04,116.43;40.05,116.44;40.09,116.43;
#110:
>0:40.0,116.41;39.96,116.39;40.0,116.34;40.02,116.32;40.01,116.3;
#111:
>0:40.01,116.33;39.98,116.32;
