#0:
>0:40.09,116.41;40.05,116.4;40.02,116.37;40.01,116.37;39.98,116.33;
#1:
>0:39.94,116.39;39.96,116.39;39.98,116.37;40.03,116.36;40.06,116.32;40.08,116.38;
#2:
>0:40.06,116.31;40.03,116.33;
#3:
>0:39.99,116.41;40.0,116.42;
#4:
>0:40.06,116.43;40.08,116.39;40.07,116.37;40.07,116.35;
#5:
>0:40.02,116.36;40.02,116.35;
#6:
>0:40.03,116.39;40.04,116.38;40.06,116.36;
#7:
>0:40.04,116.37;40.07,116.38;
#8:
>0:39.98,116.33;39.95,116.29;39.99,116.35;39.95,116.31;40.0,116.32;
#9:
>0:40.02,116.34;40.04,116.35;
#10:
>0:39.98,116.33;39.99,116.32;40.02,116.29;40.01,116.33;
#11:
>0:39.94,116.3;40.0,116.34;39.97,116.35;
#12:
>0:39.99,116.32;39.99,116.34;39.94,116.3;39.98,116.34;39.94,116.31;39.99,116.33;
#13:
>0:40.08,116.44;40.08,116.39;40.01,116.39;
#14:
>0:39.99,116.33;39.99,116.32;39.98,116.34;39.99,116.38;39.95,116.38;40.0,116.43;
#15:
>0:39.97,116.37;39.98,116.36;40.01,116.34;
#16:
>0:39.93,116.43;39.97,116.39;39.99,116.38;40.02,116.38;40.05,116.37;40.07,116.37;
#17:
>0:39.97,116.38;39.98,116.39;40.0,116.42;40.04,116.43;
#18:
>0:39.95,116.39;39.97,116.41;39.99,116.41;
#19:
>0:40.0,116.42;40.04,116.43;40.07,116.4;
#20:
>0:40.05,116.4;40.01,116.38;40.03,116.35;40.02,116.33;
#21:
>0:40.0,116.42;39.97,116.43;39.94,116.38;
#22:
>0:39.99,116.39;40.01,116.43;
#23:
>0:40.01,116.41;39.96,116.37;39.95,116.34;39.93,116.32;
#24:
>0:40.01,116.3;40.01,116.33;40.01,116.35;39.98,116.38;39.99,116.41;
#25:
>0:39.94,116.34;39.94,116.35;39.96,116.39;40.02,116.39;
#26:
>0:40.0,116.37;39.99,116.36;39.98,116.33;40.03,116.31;
#27:
>0:39.99,116.41;39.96,116.39;39.94,116.35;39.93,116.33;
#28:
>0:39.94,116.31;39.98,116.34;40.0,116.32;40.01,116.3;
#29:
>0:39.96,116.39;39.93,116.38;39.99,116.36;
#30:
>0:40.05,116.39;40.02,116.37;39.99,116.37;40.0,116.33;39.95,116.38;
#31:
>0:39.99,116.41;40.01,116.39;40.0,116.35;40.0,116.35;39.98,116.32;
#32:
>0:40.08,116.33;40.08,116.34;
#33:
>0:39.97,116.39;39.93,116.39;39.94,116.36;39.96,116.33;
#34:
>0:39.99,116.34;40.0,116.34;
#35:
>0:39.97,116.4;39.99,116.41;
#36:
>0:39.97,116.38;40.01,116.41;
#37:
>0:40.08,116.41;40.06,116.39;40.06,116.41;39.99,116.37;
#38:
>0:40.1,116.32;40.04,116.34;
#39:
>0:40.08,116.39;40.05,116.42;40.03,116.38;40.0,116.37;39.97,116.32;
#40:
>0:39.99,116.33;39.98,116.35;
#41:
>0:39.94,116.43;39.96,116.39;40.0,116.41;
#42:
>0:39.99,116.34;39.99,116.35;39.95,116.31;
#43:
>0:40.02,116.36;40.02,116.35;
#44:
>0:40.08,116.35;40.07,116.37;
#45:
>0:39.99,116.35;39.99,116.37;39.99,116.38;
#46:
>0:39.93,116.3;39.99,116.34;39.99,116.37;40.03,116.37;
#47:
>0:39.99,116.33;39.99,116.37;40.02,116.35;40.04,116.37;40.05,116.42;
#48:
>0:40.05,116.31;40.02,116.32;40.03,116.35;40.03,116.38;
#49:
>0:40.03,116.42;40.02,116.39;40.03,116.38;40.01,116.36;40.03,116.34;
#50:
>0:39.95,116.39;39.96,116.39;40.01,116.38;
#51:
>0:39.96,116.41;39.96,116.41;
#52:
>0:40.05,116.36;40.02,116.35;
#53:
>0:40.07,116.4;40.06,116.43;40.01,116.43;40.0,116.43;
#54:
>0:40.05,116.36;40.02,116.36;
#55:
>0:39.99,116.42;40.02,116.43;40.07,116.4;
#56:
>0:40.01,116.34;40.01,116.33;40.04,116.33;
#57:
>0:39.97,116.38;40.01,116.35;39.99,116.33;
#58:
>0:39.96,116.42;39.97,116.41;39.94,116.37;40.0,116.36;
#59:
>0:40.02,116.3;40.0,116.33;39.99,116.38;39.99,116.39;39.99,116.41;
#60:
>0:40.06,116.4;40.03,116.42;
#61:
>0:40.03,116.31;40.0,116.34;39.99,116.37;39.99,116.39;40.0,116.41;
#62:
>0:40.01,116.33;40.04,116.35;
#63:
>0:39.96,116.37;39.99,116.36;40.03,116.34;
#64:
>0:39.94,116.42;39.93,116.39;
#65:
>0:40.09,116.37;40.06,116.36;40.04,116.32;40.0,116.34;
#66:
>0:39.97,116.38;40.0,116.39;39.97,116.36;39.95,116.3;
#67:
>0:40.03,116.29;40.0,116.32;40.04,116.35;
#68:
>0:40.0,116.42;39.97,116.44;39.96,116.42;
#69:
>0:40.07,116.29;40.06,116.32;40.09,116.35;40.07,116.39;40.07,116.41;40.02,116.43;
#70:
>0:39.94,116.41;39.97,116.37;40.01,116.35;40.04,116.36;40.05,116.32;40.08,116.34;
#71:
>0:40.0,116.4;39.99,116.39;40.03,116.41;40.08,116.41;
#72:
>0:40.0,116.38;40.03,116.35;40.06,116.35;40.09,116.35;
#73:
>0:39.96,116.38;40.0,116.37;40.03,116.33;
#74:
>0:40.04,116.42;40.02,116.42;39.99,116.39;39.97,116.37;
#75:
>0:39.94,116.4;39.98,116.41;40.0,116.43;40.03,116.4;40.06,116.43;
#76:
>0:40.06,116.37;40.07,116.39;40.02,116.39;40.0,116.35;
#77:
>0:39.99,116.35;39.99,116.33;40.01,116.32;40.04,116.39;
#78:
>0:40.09,116.37;40.05,116.35;40.06,116.33;40.01,116.34;
#79:
>0:39.97,116.39;39.95,116.37;39.96,116.35;39.95,116.34;
#80:
>0:40.0,116.44;40.01,116.4;40.0,116.38;39.96,116.34;
#81:
>0:40.0,116.33;39.98,116.38;
#82:
>0:39.97,116.43;40.0,116.41;40.01,116.38;40.05,116.35;40.08,116.34;
#83:
>0:40.09,116.43;40.06,116.41;40.06,116.42;40.03,116.38;39.99,116.36;39.94,116.31;
#84:
>0:40.07,116.34;40.06,116.36;40.02,116.36;40.01,116.35;39.96,116.37;
#85:
>0:40.04,116.44;40.03,116.41;40.0,116.41;
#86:
>0:39.99,116.43;40.02,116.41;40.03,116.38;40.03,116.36;
#87:
>0:40.02,116.39;40.02,116.35;40.02,116.33;
#88:
>0:40.01,116.29;40.0,116.32;40.01,116.36;40.0,116.37;40.0,116.41;
#89:
>0:39.95,116.29;39.99,116.35;40.0,116.37;39.98,116.38;
#90:
>0:40.07,116.41;40.03,116.42;
#91:
>0:40.02,116.36;40.01,116.37;
#92:
>0:40.08,116.36;40.06,116.32;40.02,116.33;40.0,116.3;
#93:
>0:40.0,116.43;40.02,116.44;40.01,116.37;
#94:
>0:39.94,116.36;39.98,116.37;39.98,116.41;
#95:
>0:40.07,116.32;40.05,116.35;40.02,116.38;39.99,116.39;39.97,116.37;39.95,116.41;
#96:
>0:39.99,116.39;39.98,116.37;39.95,116.35;39.94,116.33;
#97:
>0:40.0,116.34;39.99,116.36;40.01,116.36;40.05,116.33;40.06,116.35;40.04,116.34;40.04,116.36;40.09,116.31;
#98:
>0:39.94,116.43;39.98,116.41;39.99,116.41;
#99:
>0:40.09,116.4;40.05,116.38;40.02,116.38;
#100:
>0:40.04,116.42;40.08,116.4;40.04,116.42;39.98,116.36;
#101:
>0:40.03,116.38;40.01,116.36;40.03,116.33;
#102:
>0:40.05,116.44;40.07,116.4;40.08,116.39;40.09,116.35;
#103:
>0:39.99,116.34;39.99,116.36;39.94,116.38;39.96,116.41;40.02,116.43;
#104:
>0:39.99,116.29;40.02,116.32;40.06,116.33;40.11,116.34;
#105:
>0:39.95,116.37;39.97,116.39;39.99,116.36;39.94,116.3;
#106:
>0:39.97,116.42;40.0,116.4;40.03,116.38;40.03,116.35;
#107:
>0:39.94,116.38;39.98,116.39;39.99,116.35;39.95,116.3;
#108:
>0:39.93,116.42;39.96,116.41;40.0,116.37;40.03,116.36;40.03,116.34;
#109:
>0:39.98,116.42;39.99,116.4;40.02,116.38;40.06,116.36;
#110:
>0:39.95,116.42;39.98,116.41;40.01,116.4;39.98,116.36;
#111:
>0:39.99,116.41;39.99,116.39;
