#0:
>0:40.02,116.42;39.98,116.37;39.96,116.35;
#1:
>0:40.01,116.34;39.96,116.34;
#2:
>0:40.0,116.33;39.98,116.35;
#3:
>0:40.08,116.34;40.05,116.34;
#4:
>0:40.08,116.41;40.06,116.37;40.04,116.36;40.02,116.34;
#5:
>0:39.94,116.44;39.96,116.41;39.96,116.37;39.99,116.36;
#6:
>0:39.96,116.32;40.0,116.33;
#7:
>0:39.99,116.31;39.97,116.32;39.99,116.34;40.03,116.36;40.04,116.37;40.08,116.43;
#8:
>0:39.98,116.44;39.98,116.4;40.0,116.39;40.04,116.36;
#9:
>0:40.02,116.42;40.05,116.41;40.03,116.39;
#10:
>0:39.98,116.39;39.98,116.38;39.98,116.34;40.0,116.33;40.04,116.29;
#11:
>0:39.98,116.41;40.0,116.39;40.02,116.44;40.06,116.4;40.07,116.41;
#12:
>0:39.95,116.39;39.98,116.41;39.97,116.37;39.98,116.36;39.99,116.31;
#13:
>0:40.04,116.31;40.04,116.32;40.09,116.36;40.08,116.39;
#14:
>0:40.03,116.44;40.04,116.41;40.09,116.39;40.07,116.34;40.06,116.33;40.01,116.31;
#15:
>0:39.96,116.39;39.97,116.39;40.01,116.41;40.03,116.43;40.08,116.39;
#16:
>0:40.0,116.33;39.96,116.34;
#17:
>0:39.95,116.31;39.97,116.34;40.0,116.34;40.03,116.37;
#18:
>0:39.96,116.4;39.94,116.42;
#19:
>0:39.99,116.32;39.97,116.33;
#20:
>0:40.02,116.39;40.05,116.41;40.04,116.43;
#21:
>0:39.95,116.43;39.98,116.39;40.0,116.37;40.03,116.34;40.02,116.32;40.05,116.3;
#22:
>0:39.94,116.42;39.96,116.44;40.0,116.39;40.03,116.44;
#23:
>0:40.08,116.4;40.04,116.39;40.02,116.41;40.01,116.38;40.0,116.35;39.93,116.39;
#24:
>0:39.99,116.43;39.97,116.4;40.0,116.39;40.05,116.34;
#25:
>0:39.97,116.4;39.95,116.43;
#26:
>0:40.09,116.39;40.04,116.4;40.09,116.37;40.06,116.32;
#27:
>0:40.07,116.4;40.05,116.41;40.07,116.39;40.04,116.32;
#28:
>0:39.95,116.29;39.96,116.33;39.95,116.36;
#29:
>0:40.04,116.33;40.03,116.3;
#30:
>0:40.09,116.34;40.09,116.32;
#31:
>0:40.09,116.33;40.09,116.3;40.04,116.32;40.03,116.35;39.96,116.37;
#32:
>0:39.94,116.34;39.95,116.34;39.96,116.34;40.0,116.33;
#33:
>0:39.99,116.33;39.98,116.34;39.99,116.33;40.01,116.31;40.06,116.3;40.09,116.31;40.08,116.29;
#34:
>0:39.96,116.34;40.0,116.34;
#35:
>0:40.06,116.3;40.06,116.33;39.98,116.34;
#36:
>0:40.08,116.37;40.05,116.38;40.05,116.4;40.0,116.4;
#37:
>0:39.99,116.37;40.02,116.35;40.0,116.32;39.97,116.3;
#38:
>0:39.97,116.32;40.0,116.32;
#39:
>0:40.04,116.41;40.03,116.42;
#40:
>0:39.95,116.42;39.96,116.41;39.99,116.4;40.03,116.4;40.06,116.41;
#41:
>0:39.99,116.39;40.03,116.36;40.06,116.37;
#42:
>0:40.0,116.38;40.02,116.36;39.99,116.32;
#43:
>0:40.03,116.34;39.99,116.38;39.99,116.39;40.0,116.43;
#44:
>0:39.95,116.42;39.97,116.4;39.99,116.35;
#45:
>0:40.06,116.38;40.02,116.39;40.0,116.4;39.96,116.37;39.94,116.38;
#46:
>0:40.03,116.44;39.99,116.42;
#47:
>0:40.09,116.42;40.05,116.42;40.02,116.41;40.01,116.37;40.03,116.36;39.98,116.29;
#48:
>0:39.98,116.33;40.0,116.34;40.04,116.35;40.04,116.38;40.09,116.38;
#49:
>0:40.03,116.37;39.99,116.39;39.98,116.38;
#50:
>0:39.97,116.33;39.99,116.34;
#51:
>0:40.08,116.4;40.04,116.38;40.03,116.36;40.02,116.32;
#52:
>0:39.94,116.44;39.97,116.41;39.96,116.37;39.98,116.36;39.99,116.33;40.04,116.29;
#53:
>0:40.01,116.42;39.99,116.4;39.99,116.38;40.02,116.36;40.04,116.33;40.02,116.29;
#54:
>0:39.98,116.29;39.97,116.32;40.01,116.33;40.06,116.37;
#55:
>0:39.98,116.34;40.01,116.32;
#56:
>0:39.93,116.34;39.97,116.34;40.01,116.38;
#57:
>0:40.0,116.35;40.01,116.33;40.04,116.31;
#58:
>0:40.05,116.42;40.04,116.41;39.99,116.39;
#59:
>0:40.07,116.31;40.06,116.3;
#60:
>0:39.99,116.29;39.98,116.32;40.0,116.34;40.03,116.33;40.01,116.3;40.08,116.31;
#61:
>0:40.02,116.36;40.03,116.32;40.04,116.31;
#62:
>0:40.0,116.41;39.98,116.39;39.96,116.35;40.01,116.32;
#63:
>0:39.98,116.31;40.0,116.32;40.02,116.34;40.06,116.37;40.08,116.42;
#64:
>0:40.0,116.36;40.02,116.32;
#65:
>0:40.0,116.4;39.96,116.37;39.96,116.35;39.99,116.34;
#66:
>0:39.96,116.33;40.01,116.33;
#67:
>0:40.02,116.37;40.06,116.41;40.01,116.42;
#68:
>0:40.05,116.37;40.02,116.36;
#69:
>0:39.98,116.33;40.0,116.33;39.96,116.32;
#70:
>0:39.95,116.37;39.96,116.34;39.99,116.32;39.99,116.3;
#71:
>0:39.94,116.44;39.98,116.41;39.97,116.37;40.01,116.36;
#72:
>0:39.99,116.34;39.96,116.33;
#73:
>0:40.0,116.36;40.02,116.37;40.06,116.39;40.08,116.41;
#74:
>0:39.98,116.4;40.0,116.39;
#75:
>0:40.01,116.38;40.02,116.35;40.06,116.36;
#76:
>0:39.97,116.41;39.98,116.37;39.95,116.35;
#77:
>0:40.08,116.33;40.05,116.34;40.03,116.38;40.0,116.41;39.98,116.38;39.95,116.37;
#78:
>0:40.01,116.42;40.04,116.41;40.07,116.39;
#79:
>0:40.04,116.32;40.01,116.34;40.0,116.39;40.01,116.4;39.99,116.44;
#80:
>0:39.97,116.42;39.99,116.4;40.03,116.41;39.99,116.37;40.01,116.34;
#81:
>0:40.07,116.43;40.05,116.4;40.08,116.37;40.06,116.34;
#82:
>0:39.99,116.33;39.97,116.32;
#83:
>0:40.03,116.37;40.0,116.41;39.98,116.38;
#84:
>0:40.07,116.31;40.05,116.33;40.07,116.34;
#85:
>0:40.07,116.41;40.06,116.4;40.08,116.37;40.05,116.34;
#86:
>0:39.99,116.33;39.98,116.33;
#87:
>0:39.96,116.34;40.01,116.33;39.97,116.33;40.0,116.34;39.94,116.3;
#88:
>0:40.0,116.43;39.96,116.43;39.99,116.4;39.99,116.37;
#89:
>0:40.04,116.44;40.05,116.41;40.08,116.39;40.09,116.36;40.06,116.36;40.05,116.3;
#90:
>0:40.02,116.34;40.05,116.37;
#91:
>0:40.0,116.39;40.01,116.35;40.06,116.35;
#92:
>0:39.97,116.33;40.0,116.32;
#93:
>0:40.01,116.44;39.99,116.41;39.96,116.41;39.94,116.41;
#94:
>0:40.07,116.39;40.04,116.4;40.02,116.41;39.99,116.41;
#95:
>0:39.98,116.32;39.99,116.34;40.0,116.38;
#96:
>0:40.02,116.43;39.99,116.4;39.98,116.39;39.93,116.35;
#97:
>0:40.04,116.43;40.02,116.39;
#98:
>0:40.02,116.39;40.02,116.38;
#99:
>0:40.05,116.42;40.05,116.39;40.07,116.37;40.07,116.36;40.04,116.35;40.05,116.31;
#100:
>0:40.01,116.32;39.96,116.32;
#101:
>0:40.06,116.33;40.05,116.34;
#102:
>0:39.98,116.33;39.97,116.32;
#103:
>0:39.96,116.4;39.97,116.43;40.0,116.4;40.03,116.44;40.05,116.41;40.08,116.34;
#104:
>0:40.0,116.33;40.03,116.33;40.04,116.31;40.09,116.3;
#105:
>0:40.0,116.34;39.96,116.37;40.0,116.41;
#106:
>0:40.02,116.37;40.0,116.41;39.97,116.39;39.94,116.43;
#107:
>0:40.01,116.42;40.03,116.41;
#108:
>0:39.99,116.33;39.97,116.34;
#109:
>0:40.02,116.39;40.04,116.37;
#110:
>0:40.02,116.43;40.03,116.4;
#111:
>0:40.05,116.32;40.03,116.34;
