#0:
>0:39.96,116.33;40.01,116.33;
#1:
>0:39.98,116.39;39.96,116.37;39.95,116.36;39.96,116.32;40.03,116.31;
#2:
>0:39.98,116.32;40.01,116.32;
#3:
>0:39.96,116.33;40.0,116.33;
#4:
>0:39.99,116.41;40.0,116.42;40.05,116.42;
#5:
>0:40.01,116.31;40.01,116.33;
#6:
>0:39.99,116.34;39.97,116.33;
#7:
>0:40.04,116.41;40.01,116.38;40.05,116.35;40.07,116.34;40.04,116.31;
#8:
>0:39.98,116.32;39.99,116.34;
#9:
>0:39.97,116.33;40.01,116.34;
#10:
>0:39.96,116.33;39.97,116.3;
#11:
>0:40.07,116.29;40.08,116.33;40.09,116.31;40.08,116.32;40.08,116.3;40.05,116.31;40.07,116.3;40.07,116.34;40.04,116.34;40.04,116.34;39.99,116.34;39.96,116.32;39.99,116.34;39.97,116.32;40.0,116.34;39.97,116.33;40.0,116.32;39.98,116.32;39.96,116.31;39.99,116.31;39.97,116.34;40.0,116.34;39.97,116.32;40.01,116.32;39.97,116.32;40.0,116.34;39.97,116.33;39.99,116.32;39.98,116.33;
#12:
>0:40.01,116.4;40.06,116.38;40.05,116.35;40.06,116.34;
#13:
>0:39.95,116.41;39.94,116.42;39.99,116.39;
#14:
>0:39.96,116.34;39.98,116.31;39.98,116.33;
#15:
>0:40.01,116.3;40.01,116.32;
#16:
>0:39.98,116.34;39.96,116.33;40.01,116.33;39.96,116.32;40.0,116.33;39.97,116.32;40.01,116.32;39.96,116.33;39.99,116.33;39.98,116.34;40.0,116.37;40.02,116.4;40.04,116.39;40.02,116.36;40.04,116.37;40.03,116.34;40.06,116.33;39.99,116.32;
#17:
>0:40.01,116.33;39.98,116.34;
#18:
>0:39.99,116.41;39.96,116.38;39.96,116.36;
#19:
>0:40.07,116.42;40.04,116.41;40.02,116.39;39.99,116.34;
#20:
>0:40.0,116.4;39.96,116.43;39.93,116.42;
#21:
>0:40.08,116.31;40.06,116.3;40.08,116.31;40.09,116.32;40.04,116.36;40.03,116.36;40.0,116.32;39.97,116.34;40.0,116.32;39.97,116.33;40.0,116.34;39.97,116.34;40.0,116.33;39.98,116.34;39.99,116.32;40.02,116.32;40.04,116.36;40.03,116.34;40.04,116.39;40.02,116.35;40.05,116.38;40.0,116.33;
#22:
>0:40.01,116.34;40.06,116.35;
#23:
>0:39.96,116.33;39.96,116.3;
#24:
>0:39.96,116.32;40.0,116.33;39.96,116.33;40.01,116.33;39.96,116.33;39.99,116.33;39.98,116.32;39.97,116.33;
#25:
>0:39.95,116.34;39.97,116.34;39.99,116.34;40.03,116.34;40.05,116.29;40.07,116.33;
#26:
>0:39.98,116.33;40.0,116.33;
#27:
>0:39.98,116.42;39.94,116.43;
#28:
>0:40.02,116.33;40.04,116.3;
#29:
>0:40.01,116.43;40.01,116.4;39.97,116.37;39.98,116.36;
#30:
>0:40.07,116.3;40.06,116.34;40.05,116.3;40.09,116.29;40.07,116.32;40.06,116.35;39.99,116.33;
#31:
>0:40.03,116.4;40.05,116.39;40.03,116.36;39.96,116.32;
#32:
>0:40.06,116.44;40.04,116.41;40.01,116.41;39.96,116.41;
#33:
>0:40.03,116.42;40.02,116.39;40.06,116.37;40.03,116.36;40.03,116.33;
#34:
>0:39.97,116.39;39.95,116.4;39.94,116.39;39.97,116.32;
#35:
>0:39.96,116.32;39.97,116.31;39.97,116.32;
#36:
>0:40.03,116.42;40.05,116.42;40.04,116.4;40.06,116.36;
#37:
>0:40.0,116.34;39.97,116.34;
#38:
>0:39.98,116.33;39.98,116.34;
#39:
>0:40.0,116.3;40.02,116.31;40.05,116.3;40.07,116.32;
#40:
>0:40.01,116.32;39.96,116.33;
#41:
>0:39.98,116.32;39.99,116.32;
#42:
>0:39.97,116.31;39.99,116.33;40.02,116.34;40.01,116.39;
#43:
>0:40.08,116.38;40.04,116.35;40.03,116.34;40.0,116.32;39.96,116.33;
#44:
>0:40.06,116.42;40.02,116.41;39.99,116.38;39.96,116.36;
#45:
>0:40.04,116.31;40.08,116.32;40.08,116.34;40.07,116.37;40.09,116.4;40.08,116.42;
#46:
>0:40.01,116.4;40.05,116.39;40.04,116.35;39.98,116.33;
#47:
>0:40.08,116.37;40.05,116.36;40.03,116.35;39.99,116.34;39.96,116.33;
#48:
>0:39.99,116.34;40.01,116.3;40.03,116.34;40.01,116.34;39.98,116.33;40.0,116.33;39.99,116.34;
#49:
>0:39.99,116.33;39.98,116.32;
#50:
>0:39.97,116.37;39.95,116.36;39.94,116.32;39.94,116.3;
#51:
>0:40.0,116.34;40.02,116.36;
#52:
>0:40.01,116.36;40.03,116.38;
#53:
>0:39.97,116.33;40.0,116.32;
#54:
>0:40.07,116.3;40.07,116.32;40.06,116.35;40.09,116.35;40.05,116.33;40.07,116.31;40.09,116.32;40.05,116.36;40.07,116.34;40.06,116.34;40.05,116.29;40.08,116.3;40.09,116.34;40.08,116.29;40.07,116.32;40.07,116.31;40.07,116.34;40.08,116.3;40.08,116.33;40.08,116.31;40.08,116.32;40.06,116.35;40.06,116.36;40.06,116.35;40.08,116.36;40.06,116.34;40.02,116.34;40.01,116.32;40.0,116.34;
#55:
>0:39.98,116.43;39.98,116.4;39.94,116.4;39.94,116.35;
#56:
>0:39.98,116.34;39.99,116.34;
#57:
>0:39.98,116.33;40.0,116.35;
#58:
>0:39.98,116.32;39.99,116.33;39.96,116.34;40.0,116.32;39.97,116.34;39.97,116.32;
#59:
>0:40.0,116.34;40.01,116.37;40.02,116.39;40.08,116.4;
#60:
>0:40.01,116.43;40.0,116.4;39.96,116.38;39.96,116.36;
#61:
>0:39.99,116.34;39.98,116.34;
#62:
>0:40.03,116.35;40.0,116.33;
#63:
>0:40.0,116.32;40.03,116.33;40.06,116.3;40.07,116.33;
#64:
>0:39.96,116.43;39.94,116.42;
#65:
>0:39.97,116.34;40.0,116.32;
#66:
>0:40.06,116.38;40.05,116.35;40.05,116.33;
#67:
>0:39.99,116.38;39.97,116.36;39.96,116.33;39.97,116.31;
#68:
>0:40.02,116.41;40.06,116.4;
#69:
>0:40.0,116.38;40.0,116.38;
#70:
>0:40.0,116.33;39.97,116.32;39.96,116.34;
#71:
>0:39.97,116.44;39.99,116.4;39.99,116.38;39.99,116.35;40.0,116.32;40.01,116.31;
#72:
>0:39.97,116.32;40.01,116.33;
#73:
>0:40.0,116.38;39.98,116.35;39.97,116.33;39.96,116.31;
#74:
>0:39.97,116.33;39.94,116.29;39.94,116.29;39.94,116.29;39.93,116.31;39.95,116.31;39.95,116.31;39.94,116.31;39.95,116.3;
#75:
>0:39.98,116.33;40.0,116.32;
#76:
>0:40.09,116.29;40.04,116.32;40.04,116.31;40.07,116.31;40.04,116.32;40.08,116.3;40.07,116.33;40.07,116.31;40.08,116.33;40.05,116.36;40.01,116.35;40.06,116.37;40.0,116.32;
#77:
>0:40.04,116.4;40.01,116.37;40.02,116.35;40.04,116.32;
#78:
>0:39.95,116.34;39.98,116.33;39.99,116.36;
#79:
>0:39.97,116.37;39.94,116.35;39.95,116.32;39.94,116.31;
#80:
>0:39.95,116.35;39.95,116.37;39.96,116.41;40.01,116.4;40.02,116.39;40.06,116.35;
#81:
>0:40.09,116.32;40.06,116.34;40.02,116.36;40.01,116.33;39.97,116.3;
#82:
>0:40.09,116.39;40.07,116.39;40.05,116.34;40.07,116.33;
#83:
>0:39.97,116.33;39.94,116.31;39.96,116.31;39.93,116.29;39.94,116.31;39.93,116.31;39.95,116.3;39.93,116.3;39.94,116.3;
#84:
>0:39.99,116.35;39.99,116.39;40.02,116.4;40.09,116.43;
#85:
>0:40.07,116.4;40.06,116.37;40.05,116.34;40.01,116.34;
#86:
>0:39.96,116.32;39.97,116.36;
#87:
>0:40.01,116.35;40.04,116.35;
#88:
>0:40.0,116.35;40.0,116.39;40.02,116.41;40.08,116.42;
#89:
>0:39.99,116.38;40.03,116.41;39.96,116.43;
#90:
>0:39.99,116.33;40.02,116.33;40.06,116.36;40.07,116.32;
#91:
>0:40.0,116.3;40.03,116.3;40.04,116.35;
#92:
>0:39.98,116.37;40.0,116.35;40.03,116.33;
#93:
>0:40.02,116.36;40.06,116.37;40.03,116.39;40.02,116.44;
#94:
>0:39.97,116.32;40.01,116.32;
#95:
>0:39.95,116.44;39.96,116.41;39.99,116.38;40.03,116.35;40.03,116.34;
#96:
>0:39.98,116.41;39.99,116.4;40.03,116.39;40.05,116.41;40.09,116.44;
#97:
>0:40.07,116.31;40.04,116.3;40.03,116.33;40.0,116.38;
#98:
>0:39.99,116.32;39.98,116.33;39.97,116.34;
#99:
>0:39.97,116.39;39.99,116.35;40.0,116.38;40.02,116.4;40.08,116.39;
#100:
>0:39.97,116.31;40.0,116.33;40.02,116.33;40.05,116.36;40.07,116.38;
#101:
>0:39.99,116.33;39.98,116.33;
#102:
>0:39.96,116.33;39.99,116.32;
#103:
>0:39.93,116.3;39.98,116.31;
#104:
>0:39.97,116.33;40.0,116.33;
#105:
>0:39.93,116.41;39.96,116.43;
#106:
>0:40.02,116.37;40.05,116.35;40.0,116.32;
#107:
>0:39.96,116.32;40.0,116.33;
#108:
>0:40.06,116.41;40.05,116.39;40.02,116.39;40.0,116.42;
#109:
>0:39.97,116.33;40.0,116.34;
#110:
>0:40.01,116.32;40.02,116.32;40.05,116.3;40.07,116.31;
#111:
>0:39.95,116.34;39.98,116.33;40.0,116.32;40.03,116.34;40.05,116.31;40.07,116.34;
