#0:
>0:39.98,116.32;39.98,116.31;39.98,116.31;
#1:
>0:39.98,116.32;39.98,116.31;39.98,116.31;
#2:
>0:39.98,116.33;39.98,116.33;39.98,116.32;39.98,116.33;39.98,116.32;39.98,116.32;39.97,116.31;39.97,116.32;
#3:
>0:39.98,116.32;39.98,116.32;39.97,116.32;
#4:
>0:39.97,116.3;39.97,116.31;39.97,116.31;39.98,116.3;
#5:
>0:39.98,116.33;39.98,116.33;
#6:
>0:39.98,116.33;39.97,116.32;39.98,116.31;
#7:
>0:39.98,116.3;39.98,116.31;
#8:
>0:39.98,116.32;39.98,116.32;39.98,116.31;
#9:
>0:39.98,116.32;39.98,116.33;39.98,116.33;39.98,116.33;39.97,116.33;
#10:
>0:39.98,116.3;39.98,116.31;39.97,116.31;39.97,116.32;39.98,116.33;39.98,116.33;
#11:
>0:39.97,116.3;39.97,116.31;
#12:
>0:39.97,116.32;39.97,116.32;39.97,116.32;39.97,116.33;
#13:
>0:39.98,116.31;39.98,116.31;39.98,116.31;
#14:
>0:39.98,116.31;39.98,116.32;39.98,116.32;39.98,116.32;39.97,116.31;39.97,116.32;
#15:
>0:39.97,116.33;39.97,116.32;39.97,116.33;
#16:
>0:39.98,116.31;39.98,116.31;39.98,116.31;
#17:
>0:39.98,116.32;39.98,116.32;39.98,116.31;39.97,116.32;
#18:
>0:39.97,116.33;39.97,116.33;39.97,116.32;39.97,116.32;39.97,116.31;
#19:
>0:39.97,116.31;39.98,116.32;39.98,116.31;39.98,116.32;39.98,116.32;
#20:
>0:39.98,116.3;39.98,116.31;39.98,116.31;39.98,116.32;
#21:
>0:39.98,116.33;39.98,116.33;39.98,116.32;
#22:
>0:39.97,116.3;39.98,116.31;39.98,116.31;39.98,116.32;39.98,116.33;39.98,116.33;
#23:
>0:39.99,116.3;39.98,116.31;39.98,116.3;39.98,116.31;39.97,116.31;
#24:
>0:39.98,116.33;39.98,116.33;39.97,116.32;39.98,116.31;
#25:
>0:39.98,116.31;39.98,116.31;
#26:
>0:39.98,116.33;39.98,116.33;39.98,116.33;39.97,116.32;39.98,116.31;
#27:
>0:39.98,116.31;39.98,116.32;
#28:
>0:39.98,116.33;39.98,116.32;39.98,116.32;
#29:
>0:39.98,116.33;39.98,116.33;39.98,116.32;39.98,116.32;39.97,116.31;
#30:
>0:39.99,116.31;39.98,116.31;39.98,116.32;39.98,116.32;39.98,116.32;39.97,116.32;
#31:
>0:39.97,116.31;39.98,116.31;39.98,116.31;39.98,116.33;
#32:
>0:39.97,116.3;39.97,116.31;39.98,116.31;39.98,116.32;39.98,116.33;39.98,116.33;
#33:
>0:39.97,116.31;39.97,116.32;39.98,116.33;39.98,116.33;39.98,116.33;39.98,116.33;
#34:
>0:39.98,116.31;39.97,116.31;39.97,116.3;
#35:
>0:39.98,116.33;39.98,116.33;39.98,116.32;39.98,116.31;
#36:
>0:39.98,116.32;39.98,116.32;39.97,116.32;39.97,116.31;39.97,116.31;
#37:
>0:39.97,116.3;39.97,116.31;39.98,116.32;39.98,116.3;39.98,116.31;
