#0:
>0:36.9,109.75;37.97,110.57;36.59,113.95;37.66,114.42;38.72,119.2;
#1:
>0:32.23,105.98;32.22,109.75;31.04,109.88;34.62,115.36;
#2:
>0:36.89,112.53;36.2,114.2;37.77,114.24;40.13,120.16;
#3:
>0:30.76,109.03;33.19,106.67;
#4:
>0:34.26,111.37;37.04,114.95;38.55,114.33;39.08,120.74;
#5:
>0:39.59,116.34;40.06,116.41;
#6:
>0:30.82,118.46;32.57,114.09;34.92,111.88;35.29,107.25;35.85,106.89;
#7:
>0:31.55,113.52;33.2,116.08;33.11,119.1;
#8:
>0:32.24,115.98;33.68,115.16;35.45,111.21;34.11,109.12;36.73,106.34;
#9:
>0:35.34,121.35;34.32,116.59;35.86,114.54;39.9,110.7;
#10:
>0:38.46,108.06;35.69,110.6;34.93,106.62;
#11:
>0:35.77,119.8;37.4,121.31;37.05,113.2;
#12:
>0:33.93,113.85;34.16,117.35;36.92,115.61;39.32,112.32;
#13:
>0:31.01,112.38;32.67,110.92;
#14:
>0:39.37,113.14;39.11,111.08;
#15:
>0:37.55,110.81;39.63,107.4;
