#0:
>0:37.92,113.62;36.6,114.57;37.42,111.74;36.7,104.57;
#1:
>0:34.68,111.93;34.63,114.76;36.27,118.16;
#2:
>0:41.4,117.14;39.84,112.83;37.43,110.17;38.72,107.02;38.95,104.38;
#3:
>0:38.45,106.52;39.98,107.25;37.4,112.33;38.41,115.38;36.73,118.29;32.73,118.92;
#4:
>0:34.51,119.93;36.9,117.87;34.43,113.02;
#5:
>0:33.96,111.09;35.18,115.63;35.64,115.07;39.1,111.89;
#6:
>0:39.65,114.03;37.31,116.66;35.71,119.35;
#7:
>0:32.81,108.2;32.95,107.25;
#8:
>0:39.06,112.94;38.04,118.12;36.11,118.24;34.66,120.01;33.75,118.55;32.11,110.25;
#9:
>0:40.14,111.07;39.01,112.81;38.81,118.04;36.78,117.6;36.2,118.56;31.7,122.5;
#10:
>0:38.75,108.78;37.76,110.95;36.98,113.01;
#11:
>0:35.32,106.6;35.72,108.72;37.82,111.49;
#12:
>0:39.93,107.26;37.22,111.31;36.8,113.22;
#13:
>0:32.37,106.33;33.64,108.11;33.94,109.91;36.97,113.41;
#14:
>0:37.42,109.91;38.59,108.82;38.79,104.79;
#15:
>0:36.88,104.26;34.38,109.93;34.33,112.53;33.66,114.83;35.52,119.37;32.7,120.28;
