#0:
>0:34.95,119.23;35.41,113.52;36.62,115.23;38.35,111.13;39.81,105.0;
#1:
>0:31.55,109.72;32.68,112.18;33.69,115.2;
#2:
>0:35.2,107.17;35.58,108.21;37.51,111.28;38.07,114.64;
#3:
>0:34.76,113.78;37.08,112.51;36.73,108.6;39.47,109.54;
#4:
>0:37.28,107.1;37.42,112.39;37.13,116.05;33.03,118.41;
#5:
>0:38.31,117.04;37.63,118.21;33.63,114.15;
#6:
>0:38.04,111.95;37.65,107.41;
#7:
>0:33.86,117.08;33.29,119.07;
#8:
>0:37.85,113.03;38.09,115.08;38.57,111.06;40.12,105.27;
#9:
>0:38.56,119.08;37.36,114.28;34.47,111.91;
#10:
>0:34.3,107.14;36.27,106.65;38.09,104.76;39.5,110.11;
#11:
>0:33.24,117.04;34.7,114.74;
#12:
>0:31.35,110.92;33.1,108.48;34.33,110.6;34.2,107.43;37.24,110.05;
#13:
>0:38.22,110.78;39.45,113.14;
#14:
>0:35.33,115.61;33.4,111.4;34.43,111.45;35.93,104.11;
#15:
>0:37.13,114.58;35.09,110.73;35.71,108.6;40.22,104.06;
