#0:
>0:39.5,118.79;38.9,117.93;
#1:
>0:40.45,116.6;39.5,116.54;
#2:
>0:39.57,117.5;40.46,118.27;
#3:
>0:40.47,119.45;40.31,118.68;37.36,119.48;
#4:
>0:37.13,119.01;37.5,118.68;36.88,117.48;36.1,117.25;34.95,116.18;
#5:
>0:37.58,117.01;36.5,117.76;37.77,118.25;35.06,119.18;
#6:
>0:36.74,119.48;36.98,118.41;37.75,117.67;36.08,117.35;34.25,116.43;
#7:
>0:37.51,119.93;37.4,119.42;
#8:
>0:38.7,117.37;40.71,117.01;
#9:
>0:37.85,118.86;36.87,118.45;36.87,117.74;34.78,116.93;
#10:
>0:40.82,116.9;40.53,117.51;
#11:
>0:38.49,116.47;36.83,116.36;35.4,116.17;
#12:
>0:37.69,119.87;37.55,118.99;37.38,118.24;36.62,117.54;35.48,116.73;33.75,116.48;
#13:
>0:34.57,116.88;35.84,117.77;33.79,117.77;36.27,118.3;32.9,120.29;
#14:
>0:33.97,118.6;35.73,118.73;37.0,117.59;37.89,118.33;39.78,118.44;
#15:
>0:33.86,118.07;32.45,118.21;
#16:
>0:37.01,120.18;36.6,119.08;
#17:
>0:37.8,118.92;37.87,118.78;36.49,118.51;33.99,118.27;
#18:
>0:39.44,118.82;38.37,117.82;36.68,117.03;35.85,116.67;34.83,116.4;
#19:
>0:37.22,116.4;37.87,116.89;40.95,117.23;
#20:
>0:33.87,117.05;32.78,117.61;33.25,118.29;
#21:
>0:36.66,118.53;38.96,119.15;39.63,119.61;
#22:
>0:39.15,116.19;39.68,116.21;
#23:
>0:39.65,117.61;38.23,117.47;37.43,118.15;35.49,119.05;33.77,118.21;
#24:
>0:36.83,119.4;37.34,118.11;36.85,117.88;38.73,117.3;39.89,116.28;
#25:
>0:34.81,119.53;35.33,118.25;36.72,117.8;38.29,116.77;40.34,116.47;
#26:
>0:37.88,120.16;39.0,119.07;37.14,119.49;36.34,118.71;38.56,117.24;
#27:
>0:33.44,116.15;33.8,117.27;35.32,117.76;35.13,118.81;34.35,118.84;34.16,119.64;
#28:
>0:36.52,118.01;35.39,116.79;34.28,118.31;
#29:
>0:39.52,117.41;40.54,116.94;38.83,117.74;35.82,118.02;
#30:
>0:33.59,117.93;34.78,118.04;33.86,118.2;36.39,118.55;38.74,120.09;
#31:
>0:33.22,116.42;34.08,116.91;36.0,117.5;35.71,118.44;33.89,119.1;33.76,120.13;
#32:
>0:33.09,117.37;33.1,118.01;32.89,118.35;
#33:
>0:35.82,120.19;34.48,119.17;33.56,119.0;
#34:
>0:35.75,117.97;34.36,117.54;34.8,119.16;
#35:
>0:38.32,117.28;40.04,118.01;39.85,118.79;
#36:
>0:39.42,120.01;38.77,119.63;38.61,119.1;37.17,119.06;35.9,118.22;33.68,120.3;
#37:
>0:39.9,117.52;38.51,118.42;37.37,118.69;36.28,117.11;
#38:
>0:36.6,116.83;35.61,116.82;
#39:
>0:39.08,119.81;38.67,118.82;37.37,119.31;36.89,118.18;38.12,116.89;
#40:
>0:37.89,117.25;39.63,117.87;
#41:
>0:37.54,119.2;36.97,118.57;
#42:
>0:33.93,119.17;33.42,118.13;34.76,118.0;
#43:
>0:33.11,118.72;33.67,117.77;34.15,117.54;35.22,117.3;38.94,116.79;
#44:
>0:38.92,117.91;36.73,116.76;37.32,116.48;
#45:
>0:34.24,119.81;32.44,118.97;33.0,118.17;34.74,117.41;
#46:
>0:39.92,116.42;40.24,116.61;
#47:
>0:33.09,120.59;34.47,120.22;36.13,119.59;37.42,119.24;
#48:
>0:36.94,119.41;36.93,118.31;
#49:
>0:32.9,118.56;34.39,118.25;35.47,117.68;36.88,116.7;37.4,117.63;39.28,116.15;
#50:
>0:36.7,117.99;35.23,117.02;34.98,117.75;32.37,119.52;
#51:
>0:34.63,118.29;35.92,118.25;37.06,118.44;36.71,117.62;39.75,117.86;
#52:
>0:34.83,117.71;36.12,117.37;37.62,116.16;
#53:
>0:37.67,118.77;35.14,117.61;34.72,117.42;36.74,115.97;
#54:
>0:32.75,116.76;34.01,116.89;35.5,117.62;36.81,117.1;38.06,117.12;
#55:
>0:38.3,119.42;39.98,118.49;38.5,117.54;
#56:
>0:38.96,119.89;37.02,120.19;35.09,119.17;37.02,117.93;
#57:
>0:34.5,117.67;33.7,118.15;
#58:
>0:34.3,119.16;34.32,118.42;35.49,118.45;38.0,119.82;
#59:
>0:34.81,118.61;36.13,117.39;37.1,117.15;37.69,116.16;40.19,117.18;
#60:
>0:34.83,117.18;35.44,117.51;35.06,118.53;
#61:
>0:36.6,117.81;36.12,118.55;33.73,119.12;
#62:
>0:38.74,116.13;37.72,116.65;35.71,116.62;34.19,116.28;32.86,116.04;
#63:
>0:33.12,119.11;33.2,120.25;
#64:
>0:36.4,118.92;36.81,118.42;37.66,117.89;33.99,117.11;
#65:
>0:37.43,119.57;35.95,119.15;34.42,119.22;32.55,119.31;
#66:
>0:33.57,115.99;34.14,116.84;35.21,118.09;35.8,118.17;33.81,119.36;33.97,119.7;
#67:
>0:37.77,118.64;39.42,119.38;
