#0:
>0:35.44,119.57;36.95,118.85;
#1:
>0:35.14,119.5;35.57,118.35;36.62,117.66;
#2:
>0:38.23,116.62;37.17,116.99;37.15,117.48;36.21,117.32;32.91,117.45;
#3:
>0:38.12,118.69;37.23,118.27;36.0,118.35;35.0,118.7;33.05,118.52;
#4:
>0:33.26,120.04;33.27,119.73;
#5:
>0:35.33,117.08;34.49,117.93;
#6:
>0:34.12,118.66;36.22,118.89;37.21,119.6;38.19,119.74;40.31,120.18;
#7:
>0:35.27,117.07;37.32,117.81;33.85,118.16;
#8:
>0:39.13,119.67;38.28,119.86;36.65,120.15;35.2,119.73;
#9:
>0:38.41,116.91;37.5,116.82;36.15,116.77;
#10:
>0:38.1,116.98;37.65,116.82;35.17,117.33;
#11:
>0:37.91,119.13;37.23,118.62;36.72,118.83;34.66,119.12;
#12:
>0:39.02,118.25;37.03,118.26;35.76,118.61;33.99,118.59;33.02,118.15;
#13:
>0:39.77,116.62;39.92,116.53;
#14:
>0:39.83,116.59;39.29,116.05;
#15:
>0:38.28,118.98;36.83,118.66;35.26,117.59;35.8,116.69;
#16:
>0:34.65,118.82;35.94,118.87;36.41,120.21;38.45,119.78;39.82,119.61;
#17:
>0:32.43,117.15;33.03,116.4;34.34,116.71;35.54,116.73;38.65,118.36;
#18:
>0:39.59,116.09;39.45,116.48;
#19:
>0:39.03,116.34;37.46,116.94;37.22,116.32;35.81,116.84;33.0,117.53;
#20:
>0:35.42,116.8;34.14,117.87;
#21:
>0:39.96,116.26;39.54,116.16;
#22:
>0:33.74,117.32;35.59,117.3;37.28,116.18;38.87,117.7;
#23:
>0:34.65,119.07;36.38,118.18;37.57,118.18;37.94,119.01;
#24:
>0:34.7,116.95;33.07,117.72;33.28,118.35;
#25:
>0:36.22,116.74;36.89,117.66;36.34,118.19;32.91,119.03;
#26:
>0:39.92,116.19;39.74,116.64;
#27:
>0:40.32,116.43;39.31,116.07;
#28:
>0:40.24,118.85;39.39,119.91;
#29:
>0:39.09,119.68;38.73,119.53;36.51,118.66;35.89,118.16;34.42,117.32;
#30:
>0:35.58,116.58;36.9,116.12;36.28,116.78;33.79,117.77;34.53,118.62;33.1,120.19;
#31:
>0:35.36,116.79;36.83,117.86;38.56,118.52;38.15,119.08;
#32:
>0:40.29,116.54;39.16,116.55;
#33:
>0:33.85,116.13;34.33,117.17;
#34:
>0:37.26,117.92;38.91,117.96;
#35:
>0:40.01,118.79;40.14,119.36;37.94,118.85;36.6,118.81;35.68,118.8;33.15,119.37;
#36:
>0:40.15,117.87;38.17,117.29;37.26,117.56;36.19,118.49;
#37:
>0:33.02,119.99;33.58,119.66;
#38:
>0:40.08,116.24;39.24,116.18;
#39:
>0:39.48,116.18;40.46,116.12;
#40:
>0:33.3,120.05;32.41,120.1;
#41:
>0:32.4,118.78;34.2,117.55;35.31,118.07;36.87,117.12;
#42:
>0:40.1,116.23;40.15,116.51;
#43:
>0:33.09,116.02;34.43,116.95;36.18,116.93;36.59,117.53;36.79,118.35;34.5,119.58;
#44:
>0:39.61,118.68;39.16,119.26;37.41,118.14;
#45:
>0:34.0,119.05;35.42,118.67;37.53,118.41;38.94,119.2;
#46:
>0:32.42,118.67;34.13,119.48;36.01,118.39;35.18,117.82;37.85,118.79;
#47:
>0:34.08,119.61;35.08,119.11;35.34,118.46;36.89,117.69;
#48:
>0:34.38,120.12;36.02,119.12;35.35,118.16;37.74,117.48;
#49:
>0:37.42,120.07;37.73,119.13;37.89,118.98;37.1,118.27;35.66,116.9;
#50:
>0:38.55,117.0;37.37,116.35;35.26,117.81;
#51:
>0:39.72,116.55;39.74,115.95;
#52:
>0:33.91,117.99;36.38,116.77;36.6,116.31;38.03,117.56;
#53:
>0:40.12,116.53;40.21,116.19;
#54:
>0:35.47,116.69;36.46,116.68;
#55:
>0:37.92,118.72;37.56,117.94;36.02,117.39;
#56:
>0:39.79,119.87;38.98,119.07;38.18,118.19;
#57:
>0:34.35,117.81;35.82,118.03;36.98,117.61;38.23,118.33;39.79,120.02;
#58:
>0:32.4,116.38;33.75,117.11;36.29,117.06;35.14,117.5;37.66,117.77;40.21,119.12;
#59:
>0:35.74,116.92;35.93,117.88;
#60:
>0:34.64,117.93;34.28,116.86;
#61:
>0:34.79,116.51;34.86,116.83;34.26,117.81;34.22,118.12;34.79,119.22;
#62:
>0:39.78,119.25;40.41,120.02;
#63:
>0:40.03,119.31;39.52,119.75;
#64:
>0:32.39,116.82;33.06,116.42;34.99,117.31;35.83,117.0;37.39,118.02;40.37,119.14;
#65:
>0:37.11,116.04;35.82,117.17;35.95,117.59;37.19,117.68;35.54,119.08;
#66:
>0:37.68,116.33;37.76,116.39;
#67:
>0:32.44,118.32;33.91,118.45;34.75,117.59;36.37,118.04;38.75,118.49;
