#0:
>0:39.7,118.87;38.47,118.81;36.62,117.79;35.97,117.6;
#1:
>0:36.35,119.63;34.66,120.14;32.85,119.5;
#2:
>0:34.5,116.22;35.8,117.17;37.5,117.51;37.87,118.72;39.45,118.9;
#3:
>0:39.28,119.3;38.27,118.19;38.13,117.82;38.62,117.08;
#4:
>0:40.02,120.11;39.17,120.0;
#5:
>0:39.7,116.87;38.23,117.39;
#6:
>0:39.14,118.4;38.65,117.85;37.31,116.95;35.48,116.48;
#7:
>0:40.43,117.41;39.02,118.29;37.22,119.1;35.23,119.52;
#8:
>0:40.93,116.81;40.29,116.38;
#9:
>0:37.7,119.74;35.59,119.4;35.48,118.72;35.61,117.65;35.94,117.01;
#10:
>0:38.02,119.52;36.55,118.88;35.61,118.95;34.64,118.25;
#11:
>0:33.46,119.48;34.54,118.68;36.33,117.57;36.55,116.78;38.91,116.01;40.11,117.35;
#12:
>0:39.26,118.28;37.97,117.45;37.35,117.01;35.45,116.43;
#13:
>0:36.54,119.14;36.18,119.23;34.84,119.4;32.98,118.93;
#14:
>0:39.24,119.9;38.18,119.57;38.72,119.33;36.91,118.43;37.1,117.09;
#15:
>0:39.09,116.43;36.52,116.38;35.58,116.45;33.9,117.13;
#16:
>0:40.11,118.48;39.79,118.25;
#17:
>0:36.4,118.35;37.67,117.47;36.9,117.07;40.41,116.49;
#18:
>0:33.64,119.81;33.13,120.02;
#19:
>0:32.82,117.03;34.22,118.02;36.15,118.35;36.0,118.93;35.86,119.6;
#20:
>0:39.37,118.01;38.53,118.54;37.3,118.99;35.85,119.59;34.19,120.03;
#21:
>0:34.25,120.25;33.82,119.17;36.11,118.36;37.67,118.78;36.95,117.52;39.07,116.47;
#22:
>0:36.19,116.44;37.18,117.03;38.85,116.58;39.33,116.85;
#23:
>0:38.5,118.16;37.73,117.4;35.11,118.54;34.66,118.42;
#24:
>0:36.98,118.47;36.95,117.48;35.83,117.71;32.66,117.29;
#25:
>0:38.62,118.76;37.22,119.52;35.27,119.49;
#26:
>0:39.37,118.9;38.56,119.24;36.78,118.89;36.33,119.5;34.19,119.38;32.79,119.39;
#27:
>0:40.98,116.77;40.19,116.78;38.58,117.53;38.36,118.2;40.45,119.04;
#28:
>0:33.81,118.35;35.1,118.09;37.52,116.72;38.88,118.06;39.38,117.91;
#29:
>0:36.63,116.86;37.83,116.38;40.41,116.1;
#30:
>0:35.97,119.88;36.93,118.97;38.1,118.85;
#31:
>0:33.84,119.26;36.27,118.81;37.03,119.22;
#32:
>0:35.25,116.78;37.15,116.26;38.43,116.03;
#33:
>0:33.5,117.08;33.81,117.23;33.72,117.58;34.75,118.31;32.62,120.2;
#34:
>0:37.33,118.41;39.0,117.52;39.46,116.72;
#35:
>0:38.85,119.8;37.49,119.03;35.83,119.25;34.74,118.18;
#36:
>0:38.99,117.21;37.51,117.47;35.38,117.73;34.77,117.75;33.6,119.25;
#37:
>0:34.15,117.53;32.97,117.55;
#38:
>0:32.49,119.91;34.6,119.72;35.32,119.6;
#39:
>0:35.38,117.04;37.47,116.66;
#40:
>0:37.21,118.82;38.12,117.5;39.98,116.8;
#41:
>0:37.1,119.67;35.07,119.15;33.72,118.35;33.28,118.03;34.7,117.61;32.49,116.56;
#42:
>0:34.19,119.95;34.23,119.31;34.26,118.45;34.9,118.02;
#43:
>0:38.37,119.27;37.75,118.45;36.93,117.42;35.1,116.83;
#44:
>0:36.06,119.27;34.43,118.24;33.73,117.97;34.02,117.18;
#45:
>0:37.34,119.35;35.1,118.5;34.56,118.05;34.0,116.75;34.04,116.25;
#46:
>0:40.32,118.45;38.2,117.43;
#47:
>0:32.68,117.14;34.08,117.62;36.14,118.18;36.5,118.84;38.37,120.17;39.34,118.76;
#48:
>0:34.12,118.52;36.01,119.28;36.95,119.9;
#49:
>0:32.87,117.96;34.08,117.67;34.49,118.26;32.71,119.79;
#50:
>0:36.8,119.32;36.16,119.09;33.88,119.44;33.25,120.21;
#51:
>0:35.37,118.44;35.29,117.87;
#52:
>0:40.88,116.78;41.06,117.02;
#53:
>0:34.07,119.17;35.25,118.67;37.32,118.35;
#54:
>0:35.92,118.49;37.41,118.82;
#55:
>0:34.32,118.14;33.78,118.89;
#56:
>0:33.68,119.47;34.78,118.18;36.35,117.47;36.43,116.7;38.85,116.1;40.05,116.78;
#57:
>0:37.34,118.8;36.34,119.15;34.34,119.78;
#58:
>0:39.47,119.18;38.12,118.28;36.97,117.94;36.39,117.59;33.81,116.2;
#59:
>0:33.34,120.02;34.76,119.81;
#60:
>0:37.75,117.0;35.78,117.44;37.27,118.35;36.3,119.52;
#61:
>0:40.29,119.41;37.93,120.08;36.71,120.22;35.32,120.1;34.52,119.79;
#62:
>0:39.73,118.03;37.97,118.73;36.76,117.38;35.55,116.86;
#63:
>0:33.01,117.75;34.87,118.0;34.74,118.25;32.68,120.24;
#64:
>0:35.11,117.36;36.91,116.23;38.22,118.04;
#65:
>0:32.51,118.99;34.56,118.33;35.84,117.71;36.62,117.31;37.98,117.88;41.15,116.5;
#66:
>0:37.76,119.13;35.15,118.22;34.36,117.85;
#67:
>0:35.52,117.94;33.86,118.29;32.91,118.39;
