#0:
>0:38.11,117.93;39.43,116.92;
#1:
>0:33.3,116.93;34.52,116.99;35.37,116.7;36.55,117.27;38.5,117.18;39.77,117.31;
#2:
>0:39.44,118.64;39.01,117.9;37.48,117.65;36.3,117.89;34.52,116.3;
#3:
>0:40.39,116.38;40.54,116.36;
#4:
>0:37.08,117.51;35.87,117.76;37.66,119.13;
#5:
>0:40.0,116.76;40.36,116.09;
#6:
>0:33.17,117.99;33.42,118.53;
#7:
>0:41.08,116.91;40.23,116.41;
#8:
>0:36.15,117.63;36.01,117.42;
#9:
>0:33.0,116.37;34.07,116.77;33.87,117.47;33.97,118.66;35.7,119.04;36.06,120.12;
#10:
>0:32.38,118.55;33.6,119.12;34.82,120.09;
#11:
>0:32.82,116.39;33.94,116.16;35.15,116.37;37.27,116.81;38.13,117.62;40.69,116.35;
#12:
>0:37.06,118.74;38.05,118.23;
#13:
>0:36.06,118.23;34.06,117.82;34.85,117.29;34.91,116.33;
#14:
>0:38.77,120.11;36.41,118.93;35.13,118.16;36.35,117.4;37.05,116.9;36.22,116.18;
#15:
>0:37.99,117.87;37.72,117.43;35.25,118.1;34.96,117.96;
#16:
>0:35.63,117.65;36.64,118.22;
#17:
>0:34.59,117.7;36.24,116.84;34.13,116.32;
#18:
>0:32.86,116.89;34.63,117.25;35.36,117.26;37.65,117.26;38.26,116.8;40.38,116.82;
#19:
>0:39.46,117.31;38.41,117.84;36.96,117.88;35.74,118.0;34.23,117.81;33.49,117.96;
#20:
>0:35.5,116.34;37.75,116.84;36.82,117.48;37.04,118.79;
#21:
>0:39.28,118.63;38.83,118.95;37.26,117.39;
#22:
>0:33.9,119.14;36.07,118.74;36.94,117.66;36.38,117.61;36.57,116.05;
#23:
>0:33.17,117.16;34.12,116.99;36.06,117.27;
#24:
>0:40.86,116.43;40.34,116.15;
#25:
>0:40.27,120.2;39.44,119.11;36.66,118.28;
#26:
>0:37.0,118.23;36.93,117.74;36.83,116.98;
#27:
>0:40.86,116.59;40.04,117.02;38.13,117.54;39.28,118.63;38.57,118.94;40.06,120.1;
#28:
>0:34.81,118.23;35.87,119.04;36.87,118.88;38.03,118.86;
#29:
>0:39.81,117.0;40.16,116.95;
#30:
>0:35.78,116.19;35.08,117.12;
#31:
>0:33.99,117.3;34.68,117.2;
#32:
>0:34.99,118.73;35.77,118.75;
#33:
>0:34.63,116.82;32.48,117.95;34.43,117.93;34.14,118.37;34.68,119.68;
#34:
>0:40.45,116.93;38.9,117.23;37.11,117.99;35.8,118.69;33.76,118.67;32.87,120.39;
#35:
>0:32.56,116.75;33.1,116.23;36.37,117.23;
#36:
>0:35.77,116.77;33.97,117.1;34.0,117.68;34.75,118.58;36.44,119.93;
#37:
>0:38.92,117.26;38.15,118.0;39.39,118.59;
#38:
>0:40.22,116.0;41.1,116.84;
#39:
>0:34.86,117.71;33.91,117.14;33.95,116.32;
#40:
>0:37.28,117.82;38.98,118.72;39.15,119.43;
#41:
>0:33.2,120.12;32.93,120.34;
#42:
>0:38.34,117.19;36.72,117.55;35.56,118.54;33.81,119.52;
#43:
>0:41.04,116.28;40.25,116.56;
#44:
>0:32.46,118.6;34.06,118.23;
#45:
>0:36.01,117.17;37.56,117.0;
#46:
>0:37.72,118.68;38.5,118.44;39.13,117.13;
#47:
>0:36.75,120.12;35.38,119.09;34.55,118.46;32.58,117.87;
#48:
>0:40.34,116.38;39.93,116.95;
#49:
>0:40.89,116.59;41.05,116.3;
#50:
>0:33.28,116.31;34.93,116.41;35.11,116.52;36.45,116.51;39.01,116.56;
#51:
>0:41.05,116.57;41.05,116.76;
#52:
>0:38.84,116.46;36.87,116.84;38.53,117.61;39.83,118.45;37.95,118.99;37.77,119.72;
#53:
>0:39.82,116.73;40.14,116.4;
#54:
>0:32.37,119.91;34.3,119.3;35.04,119.85;35.25,119.18;37.03,118.63;40.47,118.55;
#55:
>0:32.78,118.01;34.23,117.49;33.97,118.66;35.23,119.35;37.66,118.58;40.22,118.58;
#56:
>0:39.98,116.66;40.16,116.85;
#57:
>0:33.49,118.52;33.66,117.73;
#58:
>0:37.22,118.4;37.87,118.19;
#59:
>0:34.36,119.86;35.78,119.06;
#60:
>0:35.61,119.24;36.18,118.45;34.19,117.64;33.49,117.08;
#61:
>0:40.7,116.62;41.03,116.77;
#62:
>0:37.81,118.91;36.94,118.65;37.67,117.8;33.97,117.3;
#63:
>0:39.38,117.06;38.88,117.69;36.84,117.89;35.66,117.91;33.8,118.02;32.71,117.5;
#64:
>0:40.95,116.83;40.32,116.0;
#65:
>0:32.96,118.48;32.67,117.68;
#66:
>0:40.57,116.43;39.99,115.98;
#67:
>0:39.65,118.96;39.13,118.29;
