#0:
>0:35.99,117.84;34.33,118.64;33.24,118.58;
#1:
>0:38.79,117.01;39.01,116.27;35.42,117.92;
#2:
>0:39.53,118.27;39.29,117.41;37.0,117.2;
#3:
>0:33.25,120.09;32.65,119.0;34.43,118.81;
#4:
>0:39.98,116.42;39.7,116.65;
#5:
>0:35.89,119.18;35.69,118.71;34.69,118.7;34.07,117.43;35.69,116.45;
#6:
>0:38.55,116.51;36.45,117.06;36.24,117.48;33.84,117.87;32.39,118.12;34.02,119.62;
#7:
>0:39.99,117.12;38.97,118.04;37.26,118.57;36.04,119.47;34.62,120.13;32.33,119.86;
#8:
>0:39.92,116.37;39.14,116.55;
#9:
>0:35.93,120.07;36.89,119.46;38.45,118.2;40.34,118.06;40.21,116.76;
#10:
>0:32.62,118.82;34.08,119.87;
#11:
>0:39.63,116.62;39.82,116.4;
#12:
>0:39.27,119.77;38.8,118.9;37.34,118.43;37.35,117.7;
#13:
>0:36.06,118.03;36.83,118.27;
#14:
>0:39.68,116.55;39.19,115.98;
#15:
>0:39.16,117.44;39.36,118.7;38.28,119.46;
#16:
>0:39.51,116.88;38.22,117.58;37.22,118.08;
#17:
>0:32.69,119.84;34.64,119.15;35.2,118.64;36.42,117.41;38.12,116.87;
#18:
>0:38.57,119.24;38.56,119.64;
#19:
>0:40.31,116.6;39.87,116.2;
#20:
>0:35.27,119.38;36.06,118.25;34.99,118.26;36.0,116.94;
#21:
>0:34.55,118.86;36.04,120.0;37.52,119.13;38.37,119.59;
#22:
>0:32.94,116.17;34.96,117.22;35.7,117.69;35.45,116.96;38.67,116.62;
#23:
>0:39.16,116.55;39.54,116.4;
#24:
>0:39.38,118.63;38.22,118.2;37.06,118.08;36.2,117.47;33.89,117.58;33.17,119.09;
#25:
>0:35.95,118.94;36.92,118.34;39.06,117.9;
#26:
>0:32.95,119.98;32.42,119.3;32.45,118.49;32.36,118.1;35.03,117.67;37.71,116.6;
#27:
>0:40.04,116.12;39.36,116.35;
#28:
>0:33.36,117.32;34.44,117.5;36.03,116.84;37.37,117.27;38.34,116.88;39.25,118.28;
#29:
>0:37.88,117.21;37.13,116.17;
#30:
>0:32.44,116.23;34.69,116.7;35.48,117.42;37.59,117.76;38.14,116.21;
#31:
>0:36.75,118.72;35.94,119.35;34.08,119.72;33.22,119.65;
#32:
>0:39.46,117.77;37.91,116.88;37.2,116.25;
#33:
>0:37.21,120.07;35.62,119.08;34.47,118.64;32.76,117.68;
#34:
>0:40.13,116.29;39.16,116.46;
#35:
>0:32.64,120.23;32.82,120.08;
#36:
>0:38.9,118.84;37.77,118.24;37.32,117.98;38.28,117.19;38.01,116.66;
#37:
>0:32.75,116.83;34.12,117.91;
#38:
>0:39.31,116.25;40.35,116.31;
#39:
>0:39.51,116.15;39.31,115.95;
#40:
>0:40.27,116.3;40.29,116.64;
#41:
>0:36.68,118.91;35.26,118.66;34.6,118.19;36.07,116.72;
#42:
>0:39.49,117.2;38.43,117.63;36.68,118.21;35.29,118.23;
#43:
>0:38.03,118.89;36.77,118.29;37.32,117.8;
#44:
>0:39.57,117.29;38.07,117.58;36.97,118.4;36.14,118.51;
#45:
>0:39.77,115.94;39.44,115.98;
#46:
>0:35.83,119.33;36.7,118.12;37.99,117.43;
#47:
>0:37.33,116.62;36.2,117.05;33.86,117.03;
#48:
>0:33.31,119.63;33.1,118.91;33.02,118.77;34.35,118.63;33.94,117.6;36.96,116.21;
#49:
>0:37.79,116.85;38.89,116.62;35.59,117.79;
#50:
>0:39.67,116.28;40.18,116.58;
#51:
>0:39.76,116.19;39.03,116.67;37.18,118.02;35.31,118.39;34.77,119.49;33.56,119.97;
#52:
>0:32.54,117.45;34.48,117.14;35.71,116.72;36.47,117.36;38.65,116.74;40.42,116.88;
#53:
>0:39.74,116.53;40.21,116.29;
#54:
>0:38.54,119.11;36.65,118.1;36.17,117.62;37.6,117.38;
#55:
>0:38.53,117.27;37.57,117.98;36.2,118.23;34.5,119.07;34.83,119.58;
#56:
>0:39.81,119.84;38.41,120.03;
#57:
>0:37.67,119.49;38.4,119.96;
#58:
>0:40.08,116.09;39.2,116.28;
#59:
>0:40.37,118.63;40.08,117.4;37.0,116.69;
#60:
>0:39.52,120.12;37.82,119.4;36.48,118.61;35.27,117.65;35.39,117.09;32.88,117.67;
#61:
>0:38.99,116.6;40.06,117.35;40.04,117.44;39.14,118.35;40.14,119.32;39.18,120.07;
#62:
>0:40.09,116.24;39.26,116.0;
#63:
>0:39.01,116.01;40.43,117.09;
#64:
>0:32.71,117.73;34.2,117.67;35.85,118.0;
#65:
>0:34.72,116.47;33.37,117.29;
#66:
>0:39.22,116.86;38.09,117.77;37.39,117.92;35.1,117.65;34.13,118.16;
#67:
>0:39.75,116.08;40.43,117.27;40.35,117.8;39.78,118.2;39.17,119.13;40.43,119.61;
