#0:
>0:34.05,118.76;35.21,118.3;
#1:
>0:36.15,119.63;35.42,119.14;34.75,118.6;
#2:
>0:33.07,116.5;34.57,117.19;
#3:
>0:38.28,118.42;37.32,119.22;36.66,118.27;34.8,119.12;
#4:
>0:37.38,118.71;35.58,118.78;34.8,117.85;32.93,116.96;
#5:
>0:34.2,117.44;35.24,117.16;37.02,117.58;36.58,116.86;40.96,116.39;
#6:
>0:35.47,117.72;35.83,117.17;35.1,116.32;
#7:
>0:34.45,116.11;36.32,117.24;33.99,117.68;33.92,118.45;33.63,118.97;35.04,119.57;
#8:
>0:33.62,117.86;34.0,117.25;35.76,117.2;
#9:
>0:39.48,120.14;39.52,119.25;38.42,118.33;36.58,117.65;36.47,117.24;
#10:
>0:37.93,117.53;36.47,117.15;35.63,116.32;34.74,115.94;
#11:
>0:38.98,117.42;38.56,118.27;
#12:
>0:39.08,119.57;38.82,119.08;
#13:
>0:39.18,117.53;38.02,116.9;36.75,116.55;36.38,116.27;
#14:
>0:39.27,118.69;38.38,117.66;
#15:
>0:33.08,119.0;34.61,118.36;35.25,117.83;35.5,117.13;
#16:
>0:37.04,118.48;36.27,117.67;
#17:
>0:40.26,120.11;38.86,119.8;37.28,118.93;36.6,117.47;
#18:
>0:38.37,119.74;37.57,119.38;37.92,118.79;36.42,117.45;39.53,117.31;
#19:
>0:34.4,116.64;35.65,117.11;34.09,117.9;34.23,118.78;32.78,118.97;33.97,119.92;
#20:
>0:40.92,116.11;40.86,116.72;
#21:
>0:39.97,116.57;40.91,116.24;
#22:
>0:39.04,118.53;37.2,118.98;35.24,118.22;
#23:
>0:33.67,119.68;34.29,119.03;36.15,119.22;
#24:
>0:35.25,119.09;33.85,119.15;34.4,118.6;34.84,117.77;32.55,116.11;
#25:
>0:36.35,116.82;33.77,117.46;34.05,118.47;
#26:
>0:37.29,118.56;38.27,118.93;39.57,117.71;
#27:
>0:36.7,120.08;39.1,119.07;40.15,119.17;38.49,118.16;40.22,118.07;40.36,116.66;
#28:
>0:33.67,118.99;32.35,118.72;
#29:
>0:33.4,116.81;33.79,117.44;35.44,118.01;35.29,118.83;
#30:
>0:35.47,116.25;37.02,116.4;34.38,117.95;
#31:
>0:38.61,119.56;37.7,119.34;38.13,118.44;37.4,117.56;39.64,117.01;
#32:
>0:33.14,116.87;34.18,117.73;
#33:
>0:34.22,116.57;33.56,117.2;
#34:
>0:32.95,120.19;32.76,120.06;
#35:
>0:39.56,119.23;38.19,118.65;37.53,118.52;
#36:
>0:40.13,120.12;39.45,118.99;38.41,118.64;37.21,117.91;36.84,116.97;35.97,116.34;
#37:
>0:36.52,117.67;37.2,118.36;36.73,119.14;
#38:
>0:40.62,117.02;40.36,116.94;
#39:
>0:38.85,120.14;36.72,119.38;38.82,118.18;37.71,117.65;40.05,117.14;
#40:
>0:32.56,119.61;34.3,119.34;32.94,119.04;34.16,117.85;
#41:
>0:37.07,118.87;36.8,118.14;35.91,118.17;34.78,116.85;
#42:
>0:33.36,119.25;33.48,118.21;
#43:
>0:36.72,116.19;35.55,117.19;35.77,117.81;37.3,118.34;35.9,119.25;36.0,120.14;
#44:
>0:34.07,116.87;34.46,116.98;
#45:
>0:33.9,117.36;33.41,116.84;33.22,118.71;
#46:
>0:38.9,117.02;37.07,116.15;35.37,116.93;33.93,117.53;33.51,116.67;
#47:
>0:36.14,116.48;36.16,117.27;32.84,117.1;
#48:
>0:33.21,120.02;34.51,118.98;33.29,118.87;34.14,117.86;
#49:
>0:34.29,117.38;35.2,118.78;36.98,119.4;38.45,118.14;39.58,118.82;
#50:
>0:37.1,120.06;36.07,120.1;34.81,119.9;32.4,119.92;
#51:
>0:38.99,118.0;39.3,118.35;
#52:
>0:36.96,116.07;36.65,117.3;38.96,118.05;
#53:
>0:33.92,116.03;36.25,117.03;35.55,117.49;37.33,118.61;37.88,118.94;39.01,119.57;
#54:
>0:39.1,118.61;36.66,117.74;37.34,117.35;36.72,116.08;
#55:
>0:37.92,117.83;38.86,118.38;
#56:
>0:33.65,119.68;34.31,118.91;32.83,119.25;34.75,117.65;
#57:
>0:37.14,116.41;37.04,116.69;38.69,117.72;
#58:
>0:34.56,116.26;36.34,117.28;36.76,117.43;38.9,117.55;39.95,116.64;
#59:
>0:34.76,119.64;32.98,118.95;33.43,118.57;34.0,117.93;34.2,116.69;34.54,116.27;
#60:
>0:40.74,116.51;40.9,116.63;
#61:
>0:39.13,116.25;39.17,116.95;40.3,117.77;37.93,117.93;38.63,118.82;
#62:
>0:35.78,116.04;35.34,116.67;33.71,117.92;35.6,117.38;36.48,118.28;36.44,120.15;
#63:
>0:33.11,120.12;32.47,120.09;
#64:
>0:32.46,119.66;34.97,119.43;34.87,118.38;
#65:
>0:39.32,116.55;40.13,116.31;
#66:
>0:37.3,118.76;35.74,118.52;34.22,117.98;32.45,117.93;
#67:
>0:38.39,119.77;36.51,118.96;38.65,118.69;36.5,117.53;40.2,117.31;
