#0:
>0:35.06,119.72;36.9,118.93;38.85,118.48;
#1:
>0:39.93,118.34;38.22,117.75;
#2:
>0:35.4,118.35;35.8,117.46;32.62,117.64;
#3:
>0:38.85,119.14;37.51,118.23;36.11,118.02;34.92,117.22;34.5,115.98;
#4:
>0:33.49,119.07;34.24,118.49;35.9,119.14;37.74,118.98;
#5:
>0:32.55,117.75;34.96,118.35;35.39,119.27;
#6:
>0:38.75,118.09;36.6,118.54;35.4,118.8;
#7:
>0:36.53,117.78;38.59,117.92;
#8:
>0:35.28,117.84;34.36,117.74;33.97,118.46;34.63,119.68;
#9:
>0:40.88,116.28;41.02,117.36;38.44,116.87;36.72,117.14;35.05,117.83;33.35,116.72;
#10:
>0:39.44,119.45;38.83,118.16;36.45,117.85;36.67,116.79;36.11,117.48;33.65,116.31;
#11:
>0:39.27,119.71;39.89,119.28;40.11,118.77;39.4,117.99;
#12:
>0:33.76,116.55;35.21,116.68;36.69,117.45;38.66,118.79;37.91,119.03;39.87,119.61;
#13:
>0:39.59,119.54;39.02,119.66;38.44,118.68;
#14:
>0:39.61,116.26;39.97,116.49;
#15:
>0:36.57,116.09;36.24,116.47;
#16:
>0:36.23,117.81;37.58,118.59;
#17:
>0:32.88,116.45;34.51,116.88;33.01,117.92;34.33,118.31;35.64,119.26;32.69,120.22;
#18:
>0:35.62,116.06;36.92,116.86;37.55,117.8;39.65,118.48;
#19:
>0:35.17,118.92;35.57,119.55;
#20:
>0:39.97,117.06;39.52,116.84;
#21:
>0:40.58,116.52;37.97,116.19;37.34,116.49;35.83,116.53;33.73,116.54;33.59,117.03;
#22:
>0:34.12,116.11;35.56,116.71;37.67,117.9;38.36,118.17;39.73,119.04;
#23:
>0:32.88,118.06;35.02,117.57;35.32,117.85;
#24:
>0:36.09,118.82;36.51,120.19;38.6,119.53;
#25:
>0:35.48,118.36;36.09,117.59;32.64,117.66;
#26:
>0:37.13,118.92;35.22,119.09;34.81,118.71;35.91,117.41;33.48,116.33;
#27:
>0:40.76,116.39;39.97,116.59;
#28:
>0:36.53,116.64;39.23,116.85;39.03,117.71;
#29:
>0:32.62,117.48;34.16,116.88;36.11,117.17;37.06,117.04;
#30:
>0:34.38,119.94;36.27,119.32;34.39,118.36;35.19,118.01;34.2,117.17;34.56,116.59;
#31:
>0:40.28,117.63;37.79,117.79;39.34,117.2;37.19,116.32;35.77,116.1;33.65,116.25;
#32:
>0:40.01,116.41;37.87,116.34;37.56,117.73;
#33:
>0:33.84,117.17;35.18,117.62;36.4,118.1;38.52,119.12;
#34:
>0:35.88,119.62;37.23,119.28;
#35:
>0:37.82,118.38;38.78,118.96;37.73,119.73;35.31,118.87;33.62,117.95;
#36:
>0:33.43,117.03;34.47,118.05;36.16,118.39;36.48,118.73;38.06,117.41;40.16,118.49;
#37:
>0:38.11,120.25;39.7,119.22;39.53,118.67;39.61,117.39;
#38:
>0:36.21,117.58;36.75,116.9;39.27,117.16;40.26,117.55;
#39:
>0:36.01,116.24;37.63,116.77;36.95,116.0;40.24,116.93;
#40:
>0:39.74,117.45;39.48,117.01;37.38,117.18;36.36,116.72;
#41:
>0:33.58,118.91;32.94,118.51;33.8,118.44;34.57,117.09;
#42:
>0:33.74,118.19;36.0,117.61;34.77,117.08;37.49,116.51;
#43:
>0:38.08,119.95;39.16,118.91;40.34,118.46;39.18,117.71;40.34,116.78;40.53,116.68;
#44:
>0:34.81,119.17;32.78,119.05;
#45:
>0:40.58,117.19;40.15,117.32;
#46:
>0:39.41,119.98;38.18,120.1;37.3,119.38;35.5,118.15;34.34,117.09;
#47:
>0:32.64,118.76;34.7,118.61;35.12,117.63;35.55,118.16;39.08,117.78;
#48:
>0:38.89,119.84;39.72,118.96;40.03,118.68;39.84,117.39;
#49:
>0:36.7,117.13;35.58,118.07;35.67,118.77;
#50:
>0:32.96,119.25;34.27,119.15;35.71,119.35;36.51,119.49;
#51:
>0:36.97,116.8;36.08,117.51;34.6,117.47;33.17,116.46;
#52:
>0:39.86,116.57;40.41,116.43;
#53:
>0:33.58,117.14;33.85,117.47;35.99,118.61;37.37,118.24;37.84,117.94;40.25,118.37;
#54:
>0:39.77,118.94;40.27,119.44;
#55:
>0:40.48,116.81;39.71,116.44;
#56:
>0:35.86,116.0;37.3,117.05;36.43,117.85;36.92,118.58;
#57:
>0:36.57,117.98;37.3,116.99;38.78,116.29;
#58:
>0:35.77,117.74;35.03,117.78;33.72,118.69;34.14,120.13;
#59:
>0:39.27,117.29;36.88,118.09;36.49,116.86;36.04,117.65;32.45,117.21;
#60:
>0:38.82,118.19;37.45,118.65;
#61:
>0:37.34,116.78;35.47,117.83;34.98,117.52;36.12,119.2;
#62:
>0:39.18,119.02;38.19,118.67;
#63:
>0:34.63,119.91;36.4,119.06;34.42,118.21;36.29,117.72;33.69,117.01;36.79,116.28;
#64:
>0:32.34,117.9;34.02,117.68;36.27,117.86;
#65:
>0:40.31,116.41;40.94,116.34;
#66:
>0:40.06,116.54;40.51,117.24;39.99,117.69;38.34,117.62;38.59,118.69;37.23,119.56;
#67:
>0:32.89,116.27;35.04,117.02;35.39,117.27;
