#0:
>0:39.91,116.41;39.91,116.38;
#1:
>0:39.98,116.35;39.97,116.32;39.99,116.32;39.98,116.31;
#2:
>0:39.95,116.42;39.94,116.42;39.92,116.39;39.91,116.32;
#3:
>0:39.99,116.32;39.98,116.33;39.95,116.36;39.94,116.38;39.93,116.41;39.92,116.42;
#4:
>0:39.99,116.34;39.98,116.36;39.97,116.38;39.98,116.35;
#5:
>0:39.99,116.32;39.97,116.36;39.96,116.37;39.94,116.37;
#6:
>0:39.92,116.38;39.93,116.36;
#7:
>0:39.97,116.42;39.96,116.39;39.97,116.39;39.97,116.37;39.99,116.31;
#8:
>0:39.98,116.41;39.99,116.41;
#9:
>0:39.91,116.42;39.91,116.4;
#10:
>0:39.97,116.3;39.97,116.33;
#11:
>0:39.97,116.35;39.96,116.32;39.94,116.32;39.93,116.34;39.91,116.34;
#12:
>0:39.91,116.4;39.93,116.44;39.94,116.44;39.95,116.44;39.97,116.43;39.99,116.42;
#13:
>0:39.92,116.4;39.95,116.39;39.95,116.39;39.96,116.37;39.99,116.37;
#14:
>0:39.95,116.32;39.92,116.3;39.92,116.31;
#15:
>0:39.98,116.31;39.97,116.3;39.99,116.36;
#16:
>0:39.97,116.36;39.96,116.36;39.94,116.36;39.93,116.36;39.91,116.37;
#17:
>0:39.97,116.38;39.96,116.4;
#18:
>0:39.99,116.36;39.98,116.35;39.98,116.39;39.94,116.43;
#19:
>0:39.94,116.3;39.94,116.33;39.98,116.33;
#20:
>0:39.91,116.44;39.93,116.42;39.95,116.44;39.95,116.44;39.97,116.44;39.99,116.44;
#21:
>0:39.93,116.45;39.94,116.42;39.96,116.42;
#22:
>0:39.92,116.44;39.94,116.42;39.95,116.4;
#23:
>0:39.95,116.39;39.95,116.37;
#24:
>0:39.98,116.33;39.97,116.37;39.95,116.38;39.94,116.39;
#25:
>0:39.96,116.3;39.95,116.34;39.94,116.37;39.92,116.36;39.93,116.38;39.95,116.44;
#26:
>0:39.95,116.33;39.98,116.34;39.98,116.31;
#27:
>0:39.92,116.37;39.91,116.35;
#28:
>0:39.92,116.36;39.92,116.33;
#29:
>0:39.95,116.3;39.94,116.34;
#30:
>0:39.93,116.32;39.94,116.33;39.95,116.37;39.96,116.39;
#31:
>0:39.92,116.31;39.93,116.34;39.93,116.36;39.93,116.39;39.94,116.4;
#32:
>0:39.97,116.38;39.96,116.42;39.94,116.44;39.93,116.44;
#33:
>0:39.92,116.39;39.93,116.39;39.94,116.41;39.94,116.39;39.97,116.39;
#34:
>0:39.96,116.31;39.94,116.34;39.94,116.35;39.93,116.35;39.93,116.39;39.95,116.43;
#35:
>0:39.93,116.34;39.94,116.33;39.94,116.37;39.97,116.4;
#36:
>0:39.97,116.37;39.95,116.36;39.95,116.37;39.93,116.35;39.92,116.37;
#37:
>0:39.93,116.4;39.94,116.41;39.93,116.35;
