#0:
>0:39.94,116.38;39.93,116.4;
#1:
>0:39.99,116.32;39.98,116.34;39.97,116.35;39.97,116.4;
#2:
>0:39.91,116.37;39.93,116.38;39.94,116.4;39.97,116.45;39.97,116.45;39.99,116.44;
#3:
>0:39.94,116.33;39.93,116.33;
#4:
>0:39.98,116.34;39.98,116.35;39.98,116.36;
#5:
>0:39.99,116.41;39.99,116.38;39.98,116.35;39.98,116.34;
#6:
>0:39.98,116.33;39.99,116.35;
#7:
>0:39.98,116.36;39.99,116.35;
#8:
>0:39.98,116.45;39.97,116.41;39.96,116.38;
#9:
>0:39.95,116.43;39.96,116.42;39.98,116.41;
#10:
>0:39.93,116.4;39.94,116.38;39.93,116.35;39.91,116.33;39.93,116.3;
#11:
>0:39.93,116.35;39.91,116.36;39.92,116.42;
#12:
>0:39.96,116.37;39.94,116.37;39.94,116.41;39.91,116.43;
#13:
>0:39.98,116.41;39.98,116.39;39.97,116.42;39.96,116.38;39.94,116.4;39.92,116.33;
#14:
>0:39.97,116.46;39.94,116.41;39.94,116.38;
#15:
>0:39.95,116.4;39.93,116.39;
#16:
>0:39.98,116.34;39.97,116.38;39.99,116.38;39.98,116.43;39.97,116.43;
#17:
>0:39.99,116.44;39.98,116.4;39.95,116.39;39.96,116.36;39.97,116.37;39.98,116.34;
#18:
>0:39.94,116.35;39.93,116.31;39.91,116.33;
#19:
>0:39.97,116.46;39.97,116.43;39.98,116.39;39.98,116.36;
#20:
>0:39.94,116.34;39.96,116.33;39.99,116.31;
#21:
>0:39.98,116.31;39.97,116.34;39.94,116.37;
#22:
>0:39.93,116.39;39.94,116.36;39.96,116.38;39.95,116.35;39.98,116.35;
#23:
>0:39.97,116.42;39.95,116.46;
#24:
>0:39.98,116.42;39.98,116.38;39.99,116.36;
#25:
>0:39.93,116.36;39.92,116.36;39.91,116.38;39.92,116.44;
#26:
>0:39.95,116.33;39.92,116.36;39.92,116.37;39.91,116.43;
#27:
>0:39.92,116.43;39.91,116.42;39.92,116.39;39.93,116.37;39.92,116.33;39.92,116.31;
#28:
>0:39.98,116.35;39.96,116.36;39.94,116.4;
#29:
>0:39.94,116.36;39.94,116.39;
#30:
>0:39.98,116.39;39.98,116.44;39.96,116.45;39.94,116.45;39.93,116.42;
#31:
>0:39.98,116.36;39.98,116.39;39.96,116.39;
#32:
>0:39.94,116.32;39.93,116.37;39.94,116.39;
#33:
>0:39.94,116.36;39.94,116.38;
#34:
>0:39.98,116.43;39.98,116.4;39.98,116.39;39.99,116.37;39.99,116.34;39.98,116.3;
#35:
>0:39.94,116.42;39.95,116.39;39.93,116.37;
#36:
>0:39.91,116.39;39.93,116.41;39.95,116.41;39.96,116.42;39.98,116.41;
#37:
>0:39.93,116.44;39.92,116.41;
