#0:
>0:39.91,116.36;39.92,116.37;39.91,116.42;39.91,116.43;
#1:
>0:39.97,116.38;39.96,116.41;
#2:
>0:39.95,116.38;39.96,116.36;39.98,116.36;39.98,116.36;
#3:
>0:39.99,116.31;39.97,116.31;39.96,116.3;39.94,116.31;39.93,116.3;39.91,116.31;
#4:
>0:39.97,116.31;39.99,116.31;39.99,116.31;
#5:
>0:39.97,116.33;39.98,116.31;39.98,116.3;39.99,116.31;
#6:
>0:39.93,116.38;39.94,116.38;39.95,116.41;
#7:
>0:39.96,116.39;39.96,116.42;39.99,116.35;
#8:
>0:39.99,116.38;39.98,116.37;39.96,116.35;
#9:
>0:39.99,116.38;39.97,116.41;39.98,116.43;
#10:
>0:39.98,116.4;39.99,116.44;39.96,116.45;39.96,116.41;39.94,116.42;39.91,116.43;
#11:
>0:39.94,116.45;39.96,116.4;39.96,116.42;39.97,116.38;39.98,116.33;
#12:
>0:39.92,116.32;39.93,116.34;39.94,116.37;39.96,116.36;39.95,116.39;39.99,116.36;
#13:
>0:39.99,116.43;39.97,116.44;39.96,116.42;39.94,116.37;
#14:
>0:39.98,116.31;39.98,116.32;
#15:
>0:39.95,116.37;39.95,116.35;39.95,116.42;
#16:
>0:39.93,116.38;39.95,116.39;39.95,116.42;39.98,116.43;
#17:
>0:39.93,116.35;39.92,116.38;39.91,116.41;
#18:
>0:39.94,116.42;39.96,116.38;39.96,116.39;39.99,116.33;
#19:
>0:39.98,116.34;39.97,116.36;39.95,116.38;39.99,116.41;
#20:
>0:39.95,116.45;39.96,116.43;39.96,116.44;39.97,116.44;39.96,116.4;39.98,116.41;39.97,116.38;39.98,116.33;
#21:
>0:39.96,116.3;39.97,116.32;
#22:
>0:39.93,116.32;39.93,116.33;39.95,116.36;39.95,116.35;39.94,116.41;
#23:
>0:39.97,116.3;39.95,116.33;39.97,116.31;39.97,116.34;
#24:
>0:39.94,116.36;39.95,116.39;
#25:
>0:39.92,116.35;39.92,116.37;39.92,116.33;39.95,116.31;39.96,116.35;39.98,116.32;
#26:
>0:39.93,116.39;39.95,116.36;
#27:
>0:39.98,116.34;39.97,116.36;39.95,116.38;39.95,116.41;39.95,116.44;
#28:
>0:39.96,116.43;39.94,116.41;39.93,116.4;
#29:
>0:39.91,116.38;39.93,116.4;39.95,116.42;39.96,116.45;
#30:
>0:39.99,116.37;39.98,116.36;39.97,116.34;39.95,116.32;
#31:
>0:39.95,116.33;39.95,116.36;
#32:
>0:39.99,116.31;39.97,116.32;39.96,116.33;39.94,116.36;39.95,116.38;39.91,116.44;
#33:
>0:39.92,116.39;39.93,116.42;39.94,116.42;39.96,116.43;
#34:
>0:39.97,116.44;39.98,116.42;39.99,116.4;
#35:
>0:39.97,116.35;39.96,116.33;
#36:
>0:39.96,116.4;39.96,116.44;39.95,116.42;39.93,116.37;
#37:
>0:39.98,116.3;39.97,116.31;39.97,116.34;39.97,116.35;39.95,116.39;39.98,116.45;
