#0:
>0:40.45,116.02;40.39,116.11;40.31,116.22;40.26,116.29;39.92,116.36;
#1:
>0:39.91,116.39;39.93,116.37;
#2:
>0:40.29,116.13;40.26,116.12;40.13,116.16;
#3:
>0:40.25,116.4;40.12,116.31;40.12,116.3;39.88,116.21;39.75,116.12;
#4:
>0:40.37,116.35;40.28,116.24;40.06,116.18;40.14,116.23;39.82,116.08;
#5:
>0:40.11,116.06;40.21,116.2;40.3,116.18;
#6:
>0:39.83,116.44;39.99,116.44;40.05,116.39;40.04,116.19;
#7:
>0:40.08,116.11;40.03,116.21;40.14,116.25;39.97,116.29;39.92,116.43;
#8:
>0:40.45,116.16;40.32,116.28;40.52,116.37;
#9:
>0:39.9,116.25;40.01,116.2;40.25,116.06;40.36,116.0;
#10:
>0:40.31,116.24;40.26,116.16;40.09,116.11;39.93,116.14;
#11:
>0:40.5,116.21;40.41,116.23;40.17,116.33;40.18,116.43;40.06,116.43;39.83,116.42;
#12:
>0:40.09,116.36;40.22,116.43;40.33,116.41;
#13:
>0:40.47,116.22;40.41,116.13;40.15,115.99;40.15,116.08;39.94,116.1;
#14:
>0:40.25,116.21;40.13,116.15;39.92,116.23;
#15:
>0:40.24,116.18;40.18,116.29;40.2,116.37;40.15,116.46;
#16:
>0:40.0,116.39;40.0,116.31;
#17:
>0:40.08,116.42;40.17,116.39;40.41,116.27;40.31,116.15;
#18:
>0:39.92,116.24;39.92,116.22;
#19:
>0:40.4,116.44;40.2,116.32;40.06,116.36;40.06,116.3;39.97,116.2;39.95,116.04;
#20:
>0:40.21,116.05;40.39,116.08;
#21:
>0:40.41,116.29;40.2,116.3;
#22:
>0:40.15,116.23;40.19,116.35;
#23:
>0:40.38,116.12;40.24,116.15;
#24:
>0:40.4,116.08;40.37,116.15;40.3,116.23;40.46,116.28;40.4,116.41;
#25:
>0:39.93,116.46;40.11,116.34;40.22,116.36;40.3,116.16;
#26:
>0:40.45,116.35;40.33,116.25;40.2,116.22;40.21,116.11;
#27:
>0:40.13,116.42;39.97,116.39;39.86,116.3;
#28:
>0:40.45,115.99;40.29,116.09;40.27,116.13;40.05,116.04;39.9,115.98;
#29:
>0:40.11,116.09;40.05,116.15;40.27,116.3;
#30:
>0:39.98,116.3;39.78,116.18;39.99,116.13;40.14,115.98;
#31:
>0:39.9,116.41;40.07,116.38;40.11,116.46;40.26,116.33;40.45,116.25;
#32:
>0:40.45,116.46;40.44,116.35;40.26,116.41;
#33:
>0:39.89,116.08;39.96,116.15;39.75,116.29;
#34:
>0:39.9,116.26;40.09,116.19;40.21,116.11;40.34,116.02;
#35:
>0:40.44,116.27;40.29,116.21;40.16,116.07;
#36:
>0:40.51,116.13;40.41,116.18;40.24,116.26;40.23,116.38;39.99,116.43;
#37:
>0:40.38,116.07;40.29,116.18;
#38:
>0:40.04,116.36;40.25,116.26;40.3,116.19;40.55,116.12;40.44,116.0;
#39:
>0:39.97,116.23;39.94,116.24;
#40:
>0:39.79,116.16;39.97,116.23;39.83,116.31;
#41:
>0:39.87,116.18;39.9,116.26;40.05,116.36;
#42:
>0:40.55,116.42;40.47,116.32;40.4,116.29;40.2,116.16;39.99,116.26;
#43:
>0:39.89,116.09;40.05,116.22;40.12,116.24;39.81,116.33;
#44:
>0:40.16,116.19;40.02,116.21;39.97,116.35;
#45:
>0:40.48,116.39;40.34,116.24;40.18,116.16;40.1,116.14;39.95,116.04;39.75,116.01;
#46:
>0:40.35,116.15;40.42,116.25;
#47:
>0:40.0,116.02;40.01,116.09;40.27,116.1;40.38,116.04;40.54,116.14;
