#0:
>0:40.31,116.28;40.54,116.24;
#1:
>0:40.27,116.23;40.08,116.31;39.95,116.29;
#2:
>0:40.43,116.2;40.34,116.31;40.26,116.26;40.07,116.36;39.94,116.36;39.78,116.37;
#3:
>0:40.26,116.28;40.2,116.34;
#4:
>0:40.23,116.0;40.37,116.05;
#5:
>0:40.37,116.35;40.15,116.44;
#6:
>0:39.86,116.16;39.89,116.2;40.11,116.28;40.22,116.36;40.37,116.42;40.48,116.42;
#7:
>0:40.03,116.37;39.82,116.37;
#8:
>0:40.26,116.43;40.13,116.43;40.07,116.41;
#9:
>0:40.0,116.34;40.14,116.34;40.18,116.32;40.38,116.38;40.46,116.34;
#10:
>0:40.47,116.37;40.35,116.39;40.34,116.47;40.25,116.35;40.04,116.25;39.82,116.22;
#11:
>0:39.83,116.05;39.98,116.19;40.09,116.17;40.17,116.25;40.32,116.35;40.47,116.45;
#12:
>0:40.25,116.08;40.05,116.21;40.02,116.26;
#13:
>0:40.13,116.17;39.89,116.18;39.83,116.19;
#14:
>0:39.82,116.14;39.91,116.21;40.0,116.19;40.25,116.17;
#15:
>0:40.18,116.24;40.1,116.21;
#16:
>0:40.34,116.4;40.24,116.31;40.26,116.24;
#17:
>0:39.93,116.3;40.05,116.39;
#18:
>0:39.85,116.17;39.95,116.18;40.03,116.17;40.19,116.17;40.33,116.16;
#19:
>0:40.2,116.37;40.35,116.32;
#20:
>0:39.75,116.17;39.76,116.26;
#21:
>0:40.54,116.14;40.37,116.24;40.17,116.24;40.13,116.38;40.07,116.38;39.74,116.37;
#22:
>0:40.12,116.14;39.93,116.15;39.95,116.01;
#23:
>0:40.14,116.19;40.27,116.06;40.66,116.07;
#24:
>0:40.43,116.07;40.66,116.08;
#25:
>0:39.74,116.2;39.89,115.98;40.1,116.09;40.23,115.99;40.39,116.05;40.59,116.03;
#26:
>0:40.37,116.36;40.26,116.34;40.03,116.24;39.94,116.12;
#27:
>0:39.78,116.34;39.87,116.43;39.99,116.34;40.08,116.46;40.22,116.34;40.51,116.24;
#28:
>0:40.55,115.98;40.38,116.13;40.35,116.01;40.24,116.13;40.05,116.14;39.86,116.13;
#29:
>0:40.0,116.25;40.0,116.38;40.04,116.47;40.28,116.3;
#30:
>0:40.06,116.33;40.17,116.24;
#31:
>0:39.86,116.27;39.95,116.14;40.05,116.18;40.26,116.14;40.31,116.17;
#32:
>0:39.99,116.29;39.92,116.38;40.03,116.44;40.34,116.25;
#33:
>0:40.14,116.32;40.05,116.36;39.76,116.28;
#34:
>0:39.89,116.04;40.03,116.08;40.14,116.05;
#35:
>0:40.24,116.16;40.27,116.1;40.46,116.16;
#36:
>0:40.05,116.31;39.98,116.36;39.73,116.26;
#37:
>0:40.2,116.24;40.35,116.18;
#38:
>0:40.23,116.24;40.17,116.35;40.0,116.2;
#39:
>0:40.23,116.36;40.13,116.29;39.92,116.34;
#40:
>0:40.23,116.45;40.08,116.32;39.99,116.42;39.74,116.17;
#41:
>0:39.87,116.16;40.11,116.11;40.14,115.99;
#42:
>0:40.46,116.24;40.43,116.17;40.46,116.09;
#43:
>0:40.22,116.19;40.07,116.25;40.0,116.34;
#44:
>0:39.87,115.99;40.11,116.13;40.18,116.19;40.2,116.09;40.49,116.2;
#45:
>0:40.39,116.12;40.52,116.17;
#46:
>0:39.8,116.17;40.0,116.35;40.03,116.36;40.14,116.41;40.29,116.46;
#47:
>0:39.81,116.46;39.77,116.39;40.0,116.34;40.17,116.34;
