#0:
>0:39.97,116.06;39.82,116.13;40.04,116.23;
#1:
>0:40.46,116.39;40.32,116.29;40.17,116.15;40.36,116.09;40.31,115.97;
#2:
>0:39.78,116.15;39.99,116.3;40.11,116.37;
#3:
>0:40.12,116.05;40.2,116.06;40.38,116.08;
#4:
>0:40.25,116.45;40.23,116.32;40.34,116.3;40.19,116.15;40.52,116.11;
#5:
>0:39.77,116.14;39.89,116.07;40.04,116.09;
#6:
>0:40.23,116.26;40.06,116.29;40.11,116.13;
#7:
>0:40.27,116.02;40.2,116.07;40.34,116.11;40.14,116.3;
#8:
>0:40.06,116.03;40.24,116.08;40.39,116.18;
#9:
>0:40.53,116.14;40.34,116.14;40.32,116.29;
#10:
>0:39.88,116.25;39.87,116.24;
#11:
>0:39.86,116.04;39.95,116.06;39.76,116.09;39.92,116.25;
#12:
>0:40.35,115.99;40.26,116.06;40.02,116.22;
#13:
>0:39.95,116.35;39.96,116.29;
#14:
>0:39.91,115.97;40.07,116.09;40.0,116.15;40.13,116.25;40.27,116.36;40.15,116.42;
#15:
>0:39.97,116.12;39.82,116.21;39.77,116.25;
#16:
>0:40.04,116.21;40.27,116.13;40.39,116.14;
#17:
>0:39.81,116.19;39.93,116.08;40.13,116.13;
#18:
>0:39.9,116.28;39.93,116.35;
#19:
>0:40.21,116.18;40.1,116.25;
#20:
>0:39.81,116.09;39.94,116.13;39.78,116.16;39.94,116.28;40.1,116.41;
#21:
>0:40.38,116.4;40.24,116.39;
#22:
>0:40.23,116.37;40.05,116.39;40.12,116.3;40.04,116.19;40.11,115.98;
#23:
>0:40.06,116.44;40.12,116.38;39.89,116.23;
#24:
>0:40.11,116.34;39.89,116.44;
#25:
>0:40.11,116.42;40.21,116.34;40.03,116.24;
#26:
>0:39.98,116.35;39.94,116.38;
#27:
>0:40.09,116.17;39.96,116.27;39.9,116.32;39.81,116.48;
#28:
>0:40.1,116.14;40.18,116.26;
#29:
>0:39.92,116.34;40.02,116.33;40.26,116.27;
#30:
>0:39.94,116.15;40.12,116.27;39.88,116.3;39.82,116.43;
#31:
>0:39.93,116.13;40.04,116.19;40.03,116.25;
#32:
>0:40.38,116.31;40.45,116.38;
#33:
>0:40.02,116.06;40.19,116.17;40.33,116.29;40.47,116.34;
#34:
>0:40.44,116.05;40.38,116.1;40.37,116.17;40.19,116.27;39.91,116.37;
#35:
>0:40.32,116.08;40.28,116.15;40.03,116.2;39.94,116.03;
#36:
>0:39.97,116.4;40.04,116.4;40.05,116.33;40.33,116.15;
#37:
>0:40.23,116.16;40.29,116.3;40.53,116.39;
#38:
>0:40.31,116.32;40.29,116.3;40.15,116.36;39.95,116.35;
#39:
>0:39.87,116.28;39.93,116.26;
#40:
>0:40.07,116.05;40.22,116.13;
#41:
>0:40.04,116.08;39.88,115.98;
#42:
>0:40.05,116.09;40.27,116.22;40.3,116.31;40.5,116.38;
#43:
>0:39.96,116.06;39.78,116.01;
#44:
>0:39.99,116.39;39.96,116.25;
#45:
>0:39.93,116.29;39.78,116.3;
#46:
>0:40.54,116.29;40.36,116.27;40.41,116.08;
#47:
>0:40.01,116.09;39.97,116.15;39.76,116.11;
