#0:
>0:40.43,115.99;40.4,115.99;
#1:
>0:40.52,116.2;40.4,116.27;40.33,116.37;40.29,116.4;
#2:
>0:39.82,116.06;39.8,116.18;39.88,116.25;39.8,116.33;40.03,116.41;
#3:
>0:40.46,116.17;40.41,116.06;40.23,116.01;40.04,115.97;
#4:
>0:40.2,116.1;40.1,116.15;
#5:
>0:40.36,116.28;40.55,116.33;
#6:
>0:40.01,116.25;40.07,116.16;
#7:
>0:39.78,116.37;39.98,116.47;40.14,116.37;40.17,116.35;
#8:
>0:39.94,116.23;40.0,116.28;
#9:
>0:39.95,116.37;39.99,116.26;
#10:
>0:39.81,116.0;39.91,116.13;40.13,116.18;40.23,116.3;39.91,116.38;
#11:
>0:40.06,116.02;39.92,116.07;40.14,116.14;40.1,116.27;
#12:
>0:40.02,116.13;40.0,116.18;
#13:
>0:40.12,116.18;40.13,116.14;
#14:
>0:40.2,116.0;40.2,116.12;40.16,116.15;40.12,116.29;39.95,116.37;40.13,116.41;
#15:
>0:39.82,116.19;39.86,116.12;39.95,116.18;40.16,116.05;
#16:
>0:40.21,115.99;40.37,116.01;40.24,116.08;40.19,116.16;39.88,116.32;
#17:
>0:40.36,116.12;40.49,116.19;
#18:
>0:40.18,116.29;40.01,116.17;40.0,116.09;
#19:
>0:40.31,116.38;40.19,116.25;40.1,116.17;39.97,116.18;39.75,116.22;
#20:
>0:40.0,116.14;39.92,116.09;40.16,116.27;
#21:
>0:39.83,116.44;39.8,116.37;39.8,116.24;39.81,116.17;39.76,116.12;
#22:
>0:40.24,115.99;40.36,116.08;40.4,116.14;40.34,116.3;
#23:
>0:40.47,116.2;40.38,116.24;40.2,116.22;40.1,116.25;39.99,116.38;39.85,116.32;
#24:
>0:40.24,115.99;40.12,116.05;
#25:
>0:39.89,116.37;39.76,116.3;39.86,116.19;39.78,116.06;39.86,116.0;
#26:
>0:40.23,116.02;40.28,116.09;40.14,116.2;39.84,116.07;
#27:
>0:40.43,116.01;40.51,116.12;40.51,116.18;
#28:
>0:40.17,115.97;40.18,116.09;39.95,116.07;
#29:
>0:40.02,116.18;40.2,116.27;40.27,116.35;40.53,116.44;
#30:
>0:40.01,116.0;40.2,116.08;40.39,116.19;
#31:
>0:40.2,116.15;40.36,116.2;40.5,116.09;
#32:
>0:40.22,116.25;40.3,116.21;40.37,116.11;
#33:
>0:39.8,116.3;39.91,116.32;40.01,116.43;40.14,116.41;40.34,116.47;
#34:
>0:39.91,116.09;40.14,116.16;40.16,116.28;40.3,116.38;40.44,116.33;
#35:
>0:40.47,116.3;40.36,116.22;
#36:
>0:40.51,116.01;40.53,116.1;40.37,115.99;40.17,116.06;39.89,116.07;
#37:
>0:40.33,116.06;40.34,115.98;
#38:
>0:39.9,116.44;40.05,116.39;40.24,116.42;40.21,116.33;40.53,116.29;
#39:
>0:40.3,116.29;40.48,116.29;
#40:
>0:39.76,116.36;39.89,116.36;
#41:
>0:40.5,116.19;40.41,116.3;40.17,116.32;40.08,116.44;
#42:
>0:40.28,116.18;40.22,116.08;40.04,116.16;40.0,116.2;39.73,116.11;
#43:
>0:39.91,116.29;40.0,116.29;
#44:
>0:40.3,116.21;40.16,116.19;40.05,116.18;39.94,116.22;
#45:
>0:39.92,116.13;39.92,116.19;39.94,116.27;
#46:
>0:39.73,116.39;39.92,116.43;40.13,116.35;40.17,116.38;
#47:
>0:40.07,115.98;40.17,116.1;40.27,116.18;40.46,116.13;
