#0:
>0:40.05,116.41;39.96,116.35;40.05,116.47;40.04,116.38;
#1:
>0:40.01,116.62;40.0,116.36;39.9,116.42;
#2:
>0:39.92,116.29;39.91,116.28;39.99,116.15;40.07,116.05;40.24,116.26;
#3:
>0:40.05,116.52;40.03,116.38;39.89,116.69;
#4:
>0:40.11,116.49;40.03,116.74;39.92,116.68;
#5:
>0:40.07,116.62;40.02,116.7;39.96,116.55;39.78,116.55;
#6:
>0:40.0,116.3;40.01,116.43;40.08,116.43;39.99,116.32;
#7:
>0:40.04,116.51;40.01,116.41;39.94,116.35;
#8:
>0:39.81,115.85;39.81,116.07;39.85,116.23;
#9:
>0:40.08,116.3;39.96,116.39;40.04,116.37;40.0,116.56;39.99,116.44;
#10:
>0:40.15,116.09;40.11,116.13;39.98,116.12;39.97,115.97;
#11:
>0:39.85,116.11;39.87,116.13;39.96,116.32;39.89,116.49;40.07,116.74;
#12:
>0:39.77,116.24;39.82,116.01;39.94,116.05;40.06,116.16;40.1,115.98;40.16,116.28;
#13:
>0:40.17,116.13;40.11,116.25;40.02,116.31;39.98,116.36;40.01,116.64;
#14:
>0:40.16,116.63;40.11,116.74;40.02,116.66;39.96,116.44;39.88,116.71;
#15:
>0:40.14,116.64;40.07,116.54;40.04,116.6;
#16:
>0:40.1,116.28;40.02,116.29;40.02,116.33;39.88,116.74;
#17:
>0:40.1,116.22;39.99,116.07;39.97,115.96;39.84,116.05;
#18:
>0:40.28,116.34;40.09,116.18;
#19:
>0:40.03,116.43;39.95,116.25;39.81,116.01;39.81,115.84;
#20:
>0:40.2,115.96;40.16,115.99;40.06,116.15;40.08,116.42;40.14,116.41;40.13,116.72;
#21:
>0:39.85,116.04;39.82,116.16;39.98,116.32;39.96,116.58;40.14,116.66;
#22:
>0:39.92,116.24;39.83,116.1;
#23:
>0:40.02,116.49;40.0,116.65;39.83,116.65;
#24:
>0:39.73,116.0;39.77,115.95;39.82,116.06;39.99,116.22;
#25:
>0:40.02,116.41;40.03,116.41;
#26:
>0:40.09,116.05;40.05,116.21;39.98,116.48;
#27:
>0:39.93,116.5;39.82,116.53;39.78,116.43;
#28:
>0:39.79,115.87;39.82,115.84;39.95,115.86;40.04,115.95;
#29:
>0:40.15,116.71;40.11,116.48;
#30:
>0:40.11,116.73;40.05,116.44;39.98,116.38;39.89,116.4;39.75,115.98;
#31:
>0:40.04,116.41;40.01,116.18;40.09,116.09;40.2,116.26;
#32:
>0:40.03,115.87;39.89,116.09;39.89,116.03;39.74,116.14;39.77,116.29;39.76,116.6;
#33:
>0:39.76,116.63;39.79,116.44;39.88,116.39;39.75,116.21;39.73,116.0;39.84,115.85;
#34:
>0:40.11,116.58;40.02,116.32;39.93,116.24;39.84,115.99;
#35:
>0:40.03,116.39;40.01,116.16;40.13,116.04;40.17,116.3;
#36:
>0:40.03,116.24;40.06,116.29;39.95,116.52;
#37:
>0:40.1,116.09;40.21,116.07;40.12,116.17;40.15,116.5;
#38:
>0:39.92,116.09;39.96,116.16;40.0,116.27;40.19,116.0;
#39:
>0:39.77,116.04;39.82,115.84;39.9,116.06;40.04,116.38;
#40:
>0:39.96,116.61;39.86,116.61;
#41:
>0:40.16,116.57;40.18,116.72;
#42:
>0:39.79,116.09;39.87,116.09;39.81,116.21;39.74,116.41;39.96,116.74;
#43:
>0:39.84,116.45;39.88,116.36;39.96,116.59;40.02,116.49;40.21,116.39;
#44:
>0:39.87,116.12;39.86,116.24;39.97,116.46;40.09,116.4;
#45:
>0:39.87,116.12;39.96,116.22;
#46:
>0:39.74,116.16;39.74,116.1;
#47:
>0:40.07,116.66;39.98,116.6;39.95,116.47;39.9,116.6;39.78,116.68;
#48:
>0:39.87,116.12;39.86,115.84;
#49:
>0:40.03,116.45;39.97,116.41;39.84,116.43;39.81,116.24;
#50:
>0:40.18,116.48;40.14,116.43;40.03,116.43;39.98,116.43;39.87,116.39;39.8,116.43;
#51:
>0:39.77,116.48;39.82,116.59;
#52:
>0:39.75,115.85;39.87,116.12;39.92,116.07;40.0,116.22;39.98,116.39;40.2,116.4;
#53:
>0:40.12,116.05;40.12,116.14;
#54:
>0:39.85,116.64;39.92,116.47;40.03,116.37;40.02,116.25;40.18,116.12;
#55:
>0:40.08,116.22;40.1,116.34;40.04,116.44;
#56:
>0:40.15,116.63;40.13,116.73;39.99,116.71;39.9,116.56;39.83,116.68;
#57:
>0:40.06,116.04;40.19,116.1;40.11,116.24;40.14,116.46;
#58:
>0:39.95,115.85;39.93,116.04;39.93,116.14;40.04,116.43;39.95,116.57;39.86,116.74;
#59:
>0:39.78,116.18;39.89,116.39;39.89,116.57;40.01,116.74;
#60:
>0:40.02,116.16;40.1,116.05;40.19,116.33;
#61:
>0:40.06,116.44;40.06,116.56;40.02,116.32;
#62:
>0:39.98,116.73;40.11,116.49;40.15,116.44;
#63:
>0:39.86,115.87;39.95,116.12;39.81,116.28;
#64:
>0:39.92,116.28;40.01,116.25;40.05,116.36;
#65:
>0:39.94,116.28;39.94,116.29;39.74,116.2;
#66:
>0:39.85,116.01;39.93,115.9;
#67:
>0:39.93,116.51;40.04,116.32;
#68:
>0:40.03,116.27;39.99,116.35;40.18,116.58;
#69:
>0:40.08,116.11;40.0,115.95;39.96,115.85;39.93,116.12;39.76,116.2;
#70:
>0:39.99,116.22;40.12,116.15;
#71:
>0:39.83,116.14;40.0,116.36;39.9,116.47;40.05,116.65;40.2,116.71;
#72:
>0:40.08,116.54;40.0,116.42;39.83,116.67;
#73:
>0:40.08,116.38;39.99,116.26;39.96,115.99;
#74:
>0:39.75,116.0;39.87,116.25;39.98,116.38;39.92,116.44;
#75:
>0:40.22,116.31;40.16,116.01;
#76:
>0:39.89,116.16;39.74,116.42;
#77:
>0:39.75,116.38;39.79,116.25;
#78:
>0:40.11,116.58;40.04,116.48;39.98,116.64;39.93,116.36;
#79:
>0:39.94,116.53;39.98,116.36;40.01,116.41;40.15,116.41;
#80:
>0:40.05,115.86;39.9,115.92;39.97,116.07;40.01,116.22;40.03,116.49;
#81:
>0:40.15,116.35;40.16,116.09;40.11,116.14;39.99,116.02;39.81,116.02;
#82:
>0:40.11,116.33;40.2,116.55;
#83:
>0:40.14,116.51;39.98,116.33;39.9,116.18;39.85,116.12;
#84:
>0:40.03,116.62;39.94,116.44;39.9,116.36;
#85:
>0:39.83,116.06;39.81,116.18;39.76,116.3;39.89,116.44;39.84,116.59;
#86:
>0:39.73,116.01;39.81,116.28;40.01,116.41;39.92,116.49;39.89,116.74;
#87:
>0:39.99,115.99;40.0,116.24;40.05,116.42;40.0,116.37;39.94,116.72;
#88:
>0:40.21,116.38;40.06,116.28;40.21,116.0;40.01,115.88;
#89:
>0:39.8,115.96;39.82,116.12;
#90:
>0:39.95,116.7;40.04,116.58;
#91:
>0:40.19,116.63;40.06,116.63;40.06,116.29;
#92:
>0:39.86,116.51;39.98,116.35;39.98,116.25;40.09,116.23;
#93:
>0:39.74,116.61;39.75,116.46;39.89,116.33;39.8,116.28;39.75,116.06;39.78,115.93;
#94:
>0:40.14,116.59;40.19,116.54;
#95:
>0:39.94,116.13;40.0,116.27;
#96:
>0:40.16,116.65;40.17,116.49;40.19,116.29;
#97:
>0:39.98,115.95;40.1,115.93;40.08,116.23;
#98:
>0:39.93,116.13;39.86,116.33;
#99:
>0:40.05,115.92;40.16,115.86;40.18,115.95;
#100:
>0:39.9,116.64;39.84,116.72;
#101:
>0:39.77,116.03;39.89,115.92;39.9,116.11;40.05,116.33;
#102:
>0:40.02,116.45;39.87,116.4;
#103:
>0:40.16,116.53;40.19,116.66;
#104:
>0:39.91,116.18;40.0,116.42;39.89,116.54;
#105:
>0:39.96,116.21;39.98,116.45;40.04,116.44;40.2,116.35;
#106:
>0:40.02,116.22;39.97,116.15;39.87,116.33;
#107:
>0:39.74,116.09;39.85,115.95;39.96,116.07;40.02,116.27;40.0,116.34;40.14,116.39;
#108:
>0:39.95,116.25;39.84,116.09;
#109:
>0:39.83,116.36;39.78,116.21;39.77,116.02;39.88,115.83;
#110:
>0:40.06,116.09;39.98,116.21;40.03,116.35;39.89,116.47;
#111:
>0:39.9,116.22;39.87,116.34;
#112:
>0:40.1,116.68;40.2,116.5;40.12,116.36;40.05,116.14;
#113:
>0:39.77,116.01;39.87,115.85;39.96,116.04;40.0,116.18;40.08,116.43;40.18,116.46;
#114:
>0:39.81,116.46;39.84,116.42;39.88,116.13;39.98,116.28;
