#0:
>0:40.01,116.66;39.9,116.65;
#1:
>0:39.81,116.73;39.86,116.57;40.0,116.4;40.01,116.28;40.13,116.08;40.17,116.1;
#2:
>0:40.08,116.1;40.16,116.25;
#3:
>0:40.2,116.02;40.16,116.17;40.11,116.3;39.94,116.37;
#4:
>0:40.03,116.21;40.09,116.41;
#5:
>0:39.92,116.74;39.82,116.56;
#6:
>0:39.95,116.36;39.93,116.41;
#7:
>0:39.99,116.56;40.0,116.34;40.02,116.18;
#8:
>0:39.99,116.42;40.02,116.43;40.04,116.14;40.0,115.84;
#9:
>0:40.18,116.09;40.13,115.91;40.02,116.08;39.94,115.96;
#10:
>0:40.0,116.56;40.08,116.54;
#11:
>0:40.0,116.15;40.11,116.31;
#12:
>0:40.0,116.5;39.99,116.22;40.04,116.31;
#13:
>0:40.05,116.3;39.98,116.35;
#14:
>0:40.19,116.62;40.17,116.68;
#15:
>0:40.08,115.93;40.02,116.12;40.17,116.19;39.94,116.43;
#16:
>0:39.79,116.37;39.82,116.28;39.8,116.0;39.82,115.83;
#17:
>0:39.74,116.19;39.76,116.01;39.91,116.09;
#18:
>0:39.84,116.13;39.9,115.99;40.0,116.12;40.09,116.0;40.16,115.98;
#19:
>0:39.89,115.87;39.84,115.98;39.88,116.17;39.97,116.2;39.85,116.53;
#20:
>0:39.79,116.54;39.86,116.3;39.96,116.38;40.01,116.39;40.02,116.56;40.17,116.32;
#21:
>0:40.07,116.31;40.05,116.22;
#22:
>0:39.85,115.87;39.82,116.04;39.89,116.22;39.84,116.43;
#23:
>0:40.02,116.48;40.09,116.36;40.17,116.33;40.14,116.33;40.01,115.96;
#24:
>0:39.74,116.13;39.89,116.24;39.82,116.52;
#25:
>0:39.89,116.21;39.97,116.18;
#26:
>0:39.96,116.29;40.04,116.43;
#27:
>0:39.8,116.34;39.89,116.45;39.83,116.71;39.93,116.57;40.09,116.73;
#28:
>0:39.92,115.83;39.99,115.91;
#29:
>0:40.18,116.54;40.08,116.43;40.12,116.46;39.93,116.17;
#30:
>0:39.77,116.17;39.78,116.0;
#31:
>0:40.14,116.18;40.1,116.29;40.01,116.24;
#32:
>0:40.01,116.01;40.13,115.99;40.15,116.0;
#33:
>0:39.8,115.86;39.82,116.06;39.94,115.91;39.92,116.02;40.06,116.3;
#34:
>0:39.77,115.9;39.78,116.06;39.76,116.25;39.85,116.39;39.74,116.57;39.75,116.69;
#35:
>0:40.16,115.85;40.09,116.1;39.99,116.12;40.17,116.28;39.96,116.57;
#36:
>0:39.89,115.88;39.8,116.1;39.74,116.16;
#37:
>0:39.93,116.74;39.89,116.55;
#38:
>0:40.09,116.11;39.99,116.09;40.0,115.97;39.84,115.93;
#39:
>0:40.04,116.61;39.96,116.54;39.87,116.44;39.75,116.14;
#40:
>0:39.89,116.61;39.95,116.52;
#41:
>0:39.79,115.95;39.87,116.03;39.9,116.27;39.9,116.37;
#42:
>0:40.03,116.14;40.04,116.11;39.9,116.08;39.8,115.91;
#43:
>0:39.79,115.95;39.85,116.0;39.86,116.2;39.86,116.37;
#44:
>0:39.87,115.9;39.76,116.12;39.77,116.22;39.84,116.42;
#45:
>0:40.19,115.95;40.13,116.05;40.12,115.83;39.97,116.0;
#46:
>0:40.19,116.18;40.07,116.35;40.1,116.58;40.03,116.36;39.91,116.25;39.77,116.52;
#47:
>0:39.81,116.72;39.8,116.5;39.78,116.32;39.74,116.19;
#48:
>0:40.2,115.92;40.13,116.12;40.01,116.25;39.9,116.33;
#49:
>0:39.75,115.92;39.87,116.06;39.84,116.21;39.87,116.33;
#50:
>0:39.83,116.1;39.88,116.24;
#51:
>0:40.16,115.9;40.16,116.02;
#52:
>0:40.05,115.84;39.97,116.08;39.84,116.22;39.77,116.22;
#53:
>0:40.16,116.64;40.16,116.6;
#54:
>0:40.08,115.82;40.15,116.01;40.17,116.21;40.11,116.38;40.04,116.49;
#55:
>0:39.88,116.28;39.93,116.13;40.0,115.89;
#56:
>0:40.18,116.04;40.18,116.17;40.06,116.43;40.01,116.41;
#57:
>0:40.19,116.07;40.15,115.92;40.06,116.1;39.98,115.96;39.93,115.83;39.79,116.01;
#58:
>0:39.94,116.65;40.04,116.47;39.94,116.44;40.0,116.42;40.05,116.28;40.03,115.96;
#59:
>0:40.03,116.39;40.01,116.29;
#60:
>0:39.9,115.86;39.94,116.09;40.01,116.03;40.1,116.22;40.06,116.41;39.94,116.72;
#61:
>0:40.01,116.32;40.05,116.43;
#62:
>0:39.78,115.96;39.87,116.0;39.92,116.17;40.02,116.43;
#63:
>0:40.1,116.0;40.05,116.24;39.96,116.48;40.03,116.59;
#64:
>0:39.98,116.53;39.95,116.32;39.85,116.31;39.79,116.41;
#65:
>0:39.97,116.15;40.0,116.36;39.98,116.44;39.92,116.63;
#66:
>0:39.89,116.74;39.9,116.45;39.91,116.32;
#67:
>0:40.15,116.59;40.11,116.49;40.0,116.49;
#68:
>0:39.77,116.61;39.81,116.64;39.85,116.38;
#69:
>0:39.95,115.91;39.96,116.0;40.12,116.28;
#70:
>0:40.12,116.03;40.02,116.09;40.13,116.18;40.09,116.51;
#71:
>0:40.15,116.23;40.18,116.37;40.09,116.35;39.91,116.13;
#72:
>0:40.15,116.22;40.08,116.3;39.98,116.47;39.93,116.62;39.89,116.65;39.79,116.61;
#73:
>0:39.99,116.29;39.95,116.31;
#74:
>0:39.96,116.67;39.84,116.72;39.76,116.65;
#75:
>0:39.81,116.58;39.96,116.37;40.03,116.38;39.99,116.09;
#76:
>0:40.21,116.15;40.11,116.22;39.99,116.23;39.93,116.2;39.82,116.27;39.74,116.16;
#77:
>0:39.98,116.39;40.0,116.33;
#78:
>0:39.79,116.27;39.79,116.01;39.92,116.1;
#79:
>0:40.19,115.98;40.21,116.21;40.06,116.29;39.96,116.3;
#80:
>0:39.77,116.4;39.84,116.17;39.77,116.0;39.83,115.82;
#81:
>0:39.78,116.17;39.88,116.35;39.91,116.44;
#82:
>0:39.79,115.95;39.87,116.02;39.88,116.17;
#83:
>0:40.02,116.4;39.92,116.21;39.83,115.99;39.76,115.93;
#84:
>0:40.15,116.62;40.09,116.53;40.08,116.38;39.9,116.17;
#85:
>0:40.19,115.87;40.08,116.05;39.99,115.89;39.97,116.0;39.85,115.85;39.73,115.89;
#86:
>0:39.73,115.86;39.89,115.87;39.95,115.85;39.98,115.94;40.07,115.91;
#87:
>0:40.05,116.47;39.93,116.29;40.05,116.44;39.99,116.21;40.01,115.92;
#88:
>0:40.03,116.52;39.99,116.36;40.05,116.29;39.99,116.28;40.06,115.89;
#89:
>0:40.1,116.42;40.04,116.5;39.96,116.7;39.83,116.69;39.75,116.6;
#90:
>0:39.77,115.88;39.88,115.91;39.97,115.9;39.98,115.87;40.07,115.94;40.19,115.93;
#91:
>0:40.14,116.23;40.1,116.39;40.05,116.48;39.9,116.61;39.82,116.6;39.79,116.64;
#92:
>0:40.01,116.41;40.01,116.42;
#93:
>0:39.77,116.11;39.86,116.1;39.94,115.86;39.9,116.11;40.04,116.04;40.16,116.33;
#94:
>0:39.94,116.43;39.99,116.38;
#95:
>0:40.03,116.37;40.02,116.21;40.03,116.03;40.08,115.97;40.02,115.99;39.98,115.97;39.99,116.02;39.92,116.08;40.04,116.07;40.05,115.96;40.05,116.01;40.09,116.04;40.12,116.07;
#96:
>0:40.03,116.04;40.1,116.28;40.07,116.37;40.06,116.57;40.1,116.62;
#97:
>0:40.04,116.55;39.93,116.29;39.84,116.16;39.75,116.06;
#98:
>0:39.8,116.64;39.81,116.7;39.89,116.49;40.02,116.46;40.06,116.34;40.15,116.49;
#99:
>0:39.85,116.4;39.95,116.18;39.95,116.03;39.91,115.88;
#100:
>0:40.12,116.51;40.22,116.36;40.18,116.23;40.19,116.0;
#101:
>0:40.02,115.83;39.91,115.84;39.89,115.91;
#102:
>0:40.19,115.93;40.06,116.05;40.06,115.83;39.92,116.05;
#103:
>0:40.0,116.11;39.94,116.17;39.86,116.18;39.74,116.24;
#104:
>0:39.98,116.42;40.02,116.47;
#105:
>0:39.78,115.96;39.89,116.12;39.9,116.17;39.94,116.48;40.04,116.53;40.08,116.7;
#106:
>0:39.88,116.15;39.96,116.21;39.8,116.56;
#107:
>0:39.86,116.16;39.97,116.03;40.02,115.95;
#108:
>0:39.87,116.61;39.82,116.59;
#109:
>0:39.75,116.18;39.76,116.06;39.95,116.0;
#110:
>0:39.95,116.28;40.0,116.57;40.09,116.54;
#111:
>0:39.79,116.17;39.79,115.98;
#112:
>0:39.86,116.01;39.96,116.28;39.96,116.42;
#113:
>0:39.75,116.03;39.89,116.03;39.91,116.11;40.04,115.96;
#114:
>0:40.16,116.42;40.16,116.27;39.98,116.22;39.97,116.2;39.87,116.2;39.76,116.21;
