#0:
>0:39.78,116.46;39.77,116.59;39.85,116.52;39.94,116.38;40.01,116.32;40.22,116.34;
#1:
>0:39.75,116.06;39.87,116.06;39.81,116.26;39.8,116.43;39.81,116.7;
#2:
>0:39.85,116.32;39.93,116.31;40.01,116.1;
#3:
>0:39.9,116.33;40.05,116.49;
#4:
>0:40.22,116.15;40.07,116.09;40.02,116.16;39.9,116.04;39.88,115.92;39.8,116.21;
#5:
>0:39.82,116.22;39.91,116.43;40.03,116.56;40.07,116.62;40.2,116.63;
#6:
>0:39.99,116.41;39.95,116.34;
#7:
>0:39.92,116.11;39.85,116.24;39.78,116.34;
#8:
>0:40.11,115.9;40.03,116.02;39.98,116.26;
#9:
>0:40.15,116.54;40.18,116.34;40.13,116.37;40.07,116.21;40.08,115.95;
#10:
>0:39.76,115.88;39.76,116.08;39.85,116.23;39.95,116.24;40.13,116.01;
#11:
>0:39.94,116.37;40.02,116.3;39.94,116.15;39.93,116.32;40.04,116.41;39.99,116.41;
#12:
>0:40.01,116.34;39.9,116.31;
#13:
>0:39.76,116.65;39.76,116.49;39.81,116.42;39.75,116.26;
#14:
>0:40.05,116.32;39.95,116.4;40.01,116.34;
#15:
>0:39.85,116.22;39.82,116.42;39.74,116.3;39.77,116.6;
#16:
>0:39.98,116.32;39.97,116.37;39.98,116.3;40.04,116.31;
#17:
>0:39.84,116.07;39.88,116.27;39.96,116.37;40.02,116.39;40.19,116.32;
#18:
>0:40.04,116.31;40.03,116.14;40.02,116.32;
#19:
>0:40.03,116.34;39.96,116.28;40.05,116.34;
#20:
>0:40.19,116.7;40.07,116.7;
#21:
>0:40.04,116.32;39.97,116.43;40.01,116.34;
#22:
>0:40.09,115.86;40.09,116.08;
#23:
>0:40.0,116.35;39.9,116.37;39.99,116.39;39.93,116.4;39.99,116.36;40.04,116.31;
#24:
>0:39.75,116.53;39.76,116.64;39.93,116.31;
#25:
>0:40.12,116.18;40.06,116.36;40.02,116.37;39.82,116.37;
#26:
>0:40.05,116.43;40.0,116.31;
#27:
>0:39.96,116.33;39.86,116.23;39.73,116.1;
#28:
>0:39.85,116.1;39.93,116.27;39.98,116.43;40.13,116.5;
#29:
>0:39.74,116.47;39.8,116.63;39.87,116.44;39.95,116.41;39.97,116.34;40.16,116.3;
#30:
>0:40.03,116.59;39.93,116.67;
#31:
>0:40.15,115.95;40.2,116.0;40.21,116.21;
#32:
>0:39.94,116.29;40.06,116.37;
#33:
>0:39.99,116.39;39.99,116.24;40.0,116.43;
#34:
>0:39.87,116.48;39.9,116.35;39.84,116.39;39.92,116.17;39.92,115.89;
#35:
>0:40.01,116.52;40.03,116.6;
#36:
>0:39.98,115.95;40.02,116.08;40.09,116.02;40.05,116.41;
#37:
>0:39.9,116.32;40.0,116.31;
#38:
>0:40.07,116.63;40.14,116.47;40.15,116.34;40.17,116.25;40.1,116.24;39.95,115.92;
#39:
>0:40.13,116.65;40.11,116.52;40.05,116.56;39.88,116.66;
#40:
>0:40.05,116.46;39.92,116.32;39.91,116.15;40.1,116.11;
#41:
>0:40.12,116.6;40.12,116.57;40.11,116.34;40.08,116.23;40.0,116.01;40.17,115.85;
#42:
>0:39.94,116.41;39.98,116.43;40.12,116.37;40.14,116.03;
#43:
>0:40.05,116.38;40.01,116.38;
#44:
>0:39.98,116.31;39.97,116.32;40.0,116.36;40.05,116.39;
#45:
>0:40.0,115.89;40.06,116.04;40.16,116.03;
#46:
>0:39.81,116.73;39.84,116.7;
#47:
>0:40.04,115.88;40.05,116.01;40.13,116.08;40.05,116.39;
#48:
>0:39.86,115.88;39.8,116.11;
#49:
>0:39.9,116.35;39.91,116.42;
#50:
>0:40.03,116.33;39.99,116.53;40.05,116.41;
#51:
>0:40.03,116.37;39.91,116.36;40.03,116.28;39.94,116.33;40.02,116.33;40.01,116.31;
#52:
>0:40.2,116.65;40.21,116.5;40.08,116.55;40.12,116.41;39.99,116.09;
#53:
>0:39.9,115.99;39.81,116.17;
#54:
>0:40.03,116.41;40.01,116.43;
#55:
>0:40.19,116.09;40.08,116.03;40.05,116.14;40.04,116.39;39.88,116.4;
#56:
>0:40.21,115.9;40.08,115.92;39.99,116.16;
#57:
>0:39.85,116.52;39.95,116.34;40.03,116.38;40.08,116.43;40.2,116.06;
#58:
>0:40.03,116.32;40.03,116.31;
#59:
>0:40.01,116.31;39.93,116.33;
#60:
>0:39.88,115.84;39.94,115.97;40.05,116.23;39.99,116.4;40.18,116.35;
#61:
>0:39.77,115.98;39.82,116.0;39.82,116.24;39.74,116.29;39.75,116.74;
#62:
>0:40.01,116.33;39.96,116.27;39.98,116.39;
#63:
>0:40.01,116.32;39.9,116.44;
#64:
>0:39.98,116.33;39.9,116.4;
#65:
>0:39.91,116.39;40.02,116.18;40.1,116.32;
#66:
>0:39.87,116.42;39.95,116.54;40.03,116.71;40.06,116.63;
#67:
>0:40.1,116.48;40.2,116.3;40.18,116.16;40.06,116.25;40.13,115.82;
#68:
>0:39.88,116.14;39.85,116.33;39.76,116.53;
#69:
>0:40.13,116.71;40.14,116.53;
#70:
>0:39.78,115.93;39.85,116.06;39.86,116.22;39.91,116.15;40.06,116.02;
#71:
>0:39.86,116.4;39.91,116.47;40.03,116.73;40.1,116.71;
#72:
>0:40.04,116.37;40.06,116.19;40.16,116.01;40.04,116.18;
#73:
>0:39.87,116.37;39.91,116.23;39.97,116.3;39.98,116.36;40.19,116.55;
#74:
>0:40.0,116.38;39.97,116.33;40.01,116.28;
#75:
>0:39.83,116.2;39.85,116.33;39.9,116.19;40.06,115.94;
#76:
>0:39.89,116.01;39.94,116.17;40.05,116.3;40.09,116.56;
#77:
>0:40.04,116.36;39.92,116.34;
#78:
>0:40.17,115.85;40.21,116.12;40.16,116.23;
#79:
>0:40.17,115.96;40.07,115.9;40.03,115.85;
#80:
>0:40.04,116.47;40.13,116.54;40.18,116.59;
#81:
>0:40.03,116.41;39.91,116.19;40.02,116.33;
#82:
>0:40.05,116.12;39.96,116.25;39.87,116.16;39.78,116.34;39.82,116.61;
#83:
>0:39.9,116.37;39.83,116.4;39.88,116.07;
#84:
>0:39.83,116.13;39.89,116.4;39.74,116.46;
#85:
>0:39.9,116.6;39.85,116.5;39.78,116.37;39.83,116.29;39.92,116.21;40.02,115.82;
#86:
>0:39.83,116.07;39.93,116.25;39.97,116.32;40.11,116.58;
#87:
>0:39.99,116.32;39.91,116.41;40.05,116.35;40.05,116.43;
#88:
>0:39.99,116.6;40.13,116.55;40.13,116.38;40.05,116.36;40.21,116.11;
#89:
>0:40.01,116.29;39.99,116.35;
#90:
>0:40.22,116.11;40.13,115.98;40.05,116.13;39.89,116.05;39.85,115.97;
#91:
>0:40.17,116.32;40.12,116.47;40.1,116.34;39.95,116.24;
#92:
>0:40.0,116.32;40.05,116.45;40.0,116.34;
#93:
>0:39.78,115.99;39.84,116.16;39.89,116.35;39.74,116.4;39.8,116.72;
#94:
>0:40.02,116.08;40.09,116.11;
#95:
>0:39.98,116.36;39.94,116.37;40.0,116.39;
#96:
>0:39.8,115.86;39.85,116.12;39.93,116.23;40.04,116.29;40.07,116.46;40.2,116.72;
#97:
>0:39.86,116.21;39.96,116.16;39.92,115.82;
#98:
>0:39.97,116.33;39.9,116.37;
#99:
>0:39.76,115.87;39.88,116.09;39.91,116.18;39.98,116.41;40.13,116.48;40.2,116.72;
#100:
>0:39.82,116.28;39.94,116.41;40.01,116.37;40.08,116.41;40.17,116.26;
#101:
>0:40.03,116.38;39.92,116.31;40.04,116.36;39.92,116.42;40.02,116.38;40.01,116.3;
#102:
>0:40.0,116.46;40.1,116.51;40.15,116.48;
#103:
>0:39.83,115.88;39.79,115.95;39.86,116.11;39.84,116.34;
#104:
>0:40.12,116.23;40.22,116.41;
#105:
>0:40.12,116.61;40.11,116.57;40.02,116.56;39.87,116.65;
#106:
>0:40.1,116.49;40.06,116.4;
#107:
>0:40.11,116.3;40.01,116.57;39.91,116.48;
#108:
>0:40.15,115.93;40.13,115.95;40.12,115.99;40.01,116.24;39.96,116.22;39.76,116.21;
#109:
>0:39.99,116.33;39.95,116.37;40.03,116.44;
#110:
>0:39.95,116.47;39.81,116.49;39.82,116.33;40.0,116.1;
#111:
>0:40.11,116.73;39.98,116.69;
#112:
>0:40.13,116.7;40.06,116.49;40.08,116.35;39.99,116.42;39.98,116.26;39.86,115.86;
#113:
>0:39.78,116.06;39.81,116.18;39.84,116.32;39.94,116.14;40.06,115.94;
#114:
>0:39.79,116.69;39.8,116.47;39.97,116.45;
