#0:
>0:40.03,116.25;39.93,116.4;39.94,116.44;39.74,116.42;
#1:
>0:40.05,116.33;40.01,116.39;
#2:
>0:39.77,116.53;39.84,116.36;39.95,116.55;39.97,116.36;40.06,116.54;
#3:
>0:40.11,116.28;40.09,116.39;
#4:
>0:39.9,116.18;39.95,116.4;
#5:
>0:39.8,116.36;39.78,116.41;
#6:
>0:39.77,116.61;39.79,116.58;39.85,116.41;39.96,116.58;40.07,116.64;
#7:
>0:39.98,116.32;39.97,116.21;39.98,116.39;
#8:
>0:40.08,115.84;40.15,116.11;40.15,116.18;40.15,116.29;40.15,116.5;40.19,116.71;
#9:
>0:39.82,116.25;39.94,116.14;39.96,116.35;40.12,116.49;
#10:
>0:40.01,116.36;39.99,116.51;39.85,116.69;
#11:
>0:39.85,116.53;39.77,116.35;39.87,116.22;39.97,116.2;39.93,115.85;
#12:
>0:40.15,116.54;40.08,116.39;40.03,116.42;39.97,116.17;39.81,115.9;
#13:
>0:39.92,116.01;40.06,115.98;
#14:
>0:39.9,115.93;40.01,115.99;40.08,116.22;40.18,116.43;40.18,116.47;
#15:
>0:40.11,116.64;40.01,116.46;39.89,116.42;
#16:
>0:40.14,115.89;40.11,116.07;39.98,116.18;39.97,116.25;39.89,116.34;39.83,116.73;
#17:
>0:39.85,116.58;39.82,116.54;
#18:
>0:39.87,115.93;39.94,116.12;39.96,116.27;40.02,116.2;40.21,116.32;
#19:
>0:40.16,116.6;40.14,116.72;
#20:
>0:40.03,116.0;40.05,115.91;
#21:
>0:40.05,115.92;39.92,116.06;39.82,116.02;
#22:
>0:39.85,116.4;39.92,116.39;40.02,116.44;
#23:
>0:39.94,116.34;40.0,116.47;40.12,116.56;40.15,116.56;
#24:
>0:39.87,115.83;39.79,116.01;39.83,116.08;39.73,116.41;
#25:
>0:40.08,116.49;39.99,116.7;39.94,116.6;39.86,116.44;
#26:
>0:39.9,116.64;39.99,116.52;40.12,116.39;40.2,116.16;40.22,115.99;
#27:
>0:40.06,116.61;40.02,116.47;40.08,116.36;40.16,116.26;
#28:
>0:39.95,115.99;39.84,116.13;
#29:
>0:40.12,116.16;39.98,116.24;39.95,116.24;39.87,116.19;
#30:
>0:39.87,116.42;39.96,116.34;40.03,116.29;40.1,116.17;
#31:
>0:40.13,116.23;40.19,116.41;
#32:
>0:40.14,116.74;40.05,116.56;40.02,116.28;39.93,116.28;39.75,116.09;
#33:
>0:39.93,116.42;40.0,116.32;39.98,116.36;
#34:
>0:40.04,116.19;39.95,116.39;39.86,116.49;
#35:
>0:39.99,116.73;39.96,116.52;39.88,116.34;39.76,116.15;
#36:
>0:39.74,116.06;39.87,116.18;39.93,116.27;39.83,116.41;39.84,116.63;
#37:
>0:39.85,116.5;39.78,116.56;
#38:
>0:40.2,116.1;40.13,116.25;39.99,116.38;39.93,116.31;39.86,116.73;
#39:
>0:40.07,116.64;40.03,116.71;39.92,116.6;39.82,116.63;39.79,116.73;
#40:
>0:39.74,116.24;39.86,116.35;39.91,116.32;39.93,116.56;40.13,116.7;
#41:
>0:40.02,116.39;40.01,116.23;40.03,116.41;
#42:
>0:40.06,116.17;40.14,116.42;
#43:
>0:39.99,116.15;40.03,116.33;39.85,116.3;
#44:
>0:39.9,116.4;39.92,116.37;
#45:
>0:40.1,116.68;40.04,116.49;40.17,116.31;
#46:
>0:40.2,116.2;40.08,116.28;39.99,116.39;39.95,116.31;39.96,116.51;39.8,116.74;
#47:
>0:40.01,116.62;40.06,116.59;40.01,116.56;40.0,116.34;39.9,116.09;
#48:
>0:39.95,116.57;39.85,116.38;39.78,116.27;39.76,116.1;39.8,115.87;
#49:
>0:39.88,116.2;39.96,116.23;39.96,116.4;40.09,116.51;
#50:
>0:40.03,116.41;39.94,116.35;
#51:
>0:40.04,116.29;39.91,116.36;
#52:
>0:40.09,116.13;39.98,116.09;
#53:
>0:40.05,116.61;39.9,116.44;39.87,116.33;39.79,116.18;
#54:
>0:40.12,116.72;40.0,116.46;40.15,116.3;
#55:
>0:39.96,116.43;40.01,116.32;40.08,116.33;
#56:
>0:40.04,116.43;40.0,116.39;
#57:
>0:40.11,116.61;40.02,116.69;39.94,116.64;39.88,116.63;39.74,116.66;
#58:
>0:39.82,116.03;39.97,116.22;
#59:
>0:40.21,116.19;40.07,116.31;40.02,116.34;39.96,116.17;39.85,116.0;39.76,116.18;
#60:
>0:40.08,116.61;40.02,116.52;39.95,116.67;
#61:
>0:40.22,116.73;40.12,116.68;
#62:
>0:40.14,116.61;40.06,116.53;40.04,116.36;39.97,116.2;39.8,116.1;
#63:
>0:40.12,116.71;40.02,116.49;39.97,116.36;
#64:
>0:39.91,116.35;39.92,116.29;
#65:
>0:39.93,116.72;40.01,116.52;40.13,116.36;
#66:
>0:40.03,115.85;39.92,115.88;39.88,116.19;
#67:
>0:40.03,116.42;39.94,116.43;40.02,116.34;40.12,116.43;40.14,116.41;40.08,116.41;40.14,116.18;
#68:
>0:39.86,116.19;39.96,116.26;39.96,116.56;
#69:
>0:40.05,116.29;39.97,116.43;39.91,116.44;
#70:
>0:39.91,116.26;39.87,116.37;40.0,116.3;
#71:
>0:39.78,116.27;39.84,116.04;39.92,115.84;39.93,116.11;40.07,115.87;
#72:
>0:40.04,116.28;40.1,116.25;40.07,115.86;
#73:
>0:39.91,116.33;40.03,116.32;39.93,116.21;39.95,116.41;40.05,116.32;39.92,116.37;39.94,116.4;
#74:
>0:39.95,116.28;40.02,116.42;39.98,116.0;
#75:
>0:39.96,116.35;39.93,116.4;
#76:
>0:39.86,115.9;39.94,116.08;40.0,116.27;40.05,116.42;40.21,116.3;
#77:
>0:39.81,116.0;39.92,116.23;39.93,116.36;39.82,116.58;
#78:
>0:40.02,116.01;40.03,115.89;
#79:
>0:39.86,116.21;39.78,116.03;
#80:
>0:40.05,116.32;39.91,116.25;40.04,116.42;
#81:
>0:39.84,116.45;39.78,116.37;
#82:
>0:39.9,116.09;40.0,116.14;40.09,115.87;
#83:
>0:40.01,116.63;39.92,116.71;39.84,116.46;39.75,116.39;39.82,115.98;
#84:
>0:40.04,115.9;39.94,115.92;39.87,116.2;
#85:
>0:39.81,116.31;39.9,116.55;39.91,116.35;40.13,116.56;
#86:
>0:39.74,116.7;39.83,116.58;39.84,116.41;40.04,116.64;
#87:
>0:39.75,116.07;39.8,116.27;39.78,116.31;39.73,116.55;39.81,116.72;
#88:
>0:39.95,116.7;39.85,116.73;39.77,116.6;
#89:
>0:39.88,116.13;39.84,116.41;39.94,116.46;39.94,116.72;
#90:
>0:40.1,116.66;40.01,116.46;39.97,116.43;40.03,116.34;39.93,116.2;39.96,115.89;
#91:
>0:40.04,116.54;39.91,116.7;
#92:
>0:40.17,116.22;40.12,116.33;40.06,116.01;
#93:
>0:40.1,115.83;40.11,115.98;
#94:
>0:39.93,116.37;40.0,116.28;40.05,116.39;
#95:
>0:39.98,116.29;39.92,116.41;40.02,116.32;39.9,116.18;40.04,116.24;39.94,116.19;39.95,116.39;39.91,116.46;39.89,116.4;39.97,116.33;
#96:
>0:40.17,116.28;40.13,116.04;40.04,115.85;39.94,115.83;39.87,115.84;39.81,115.94;
#97:
>0:39.87,116.16;39.93,116.21;39.97,116.58;
#98:
>0:40.09,116.62;40.0,116.53;40.07,116.3;40.15,116.18;
#99:
>0:39.76,115.94;39.79,116.03;39.87,116.11;40.05,115.82;
#100:
>0:39.79,116.31;39.83,116.15;39.94,116.53;
#101:
>0:40.03,116.32;39.91,116.39;
#102:
>0:40.03,116.32;39.95,116.35;39.92,116.43;
#103:
>0:39.81,116.33;39.83,116.26;39.77,116.07;
#104:
>0:39.98,116.16;40.02,116.38;40.17,116.32;
#105:
>0:40.01,116.53;39.93,116.68;
#106:
>0:39.89,116.65;39.73,116.68;39.74,116.55;39.8,116.42;39.89,116.22;39.89,115.86;
#107:
>0:40.0,116.65;39.9,116.71;39.85,116.52;39.78,116.4;39.88,116.09;
#108:
>0:39.95,116.34;39.94,116.41;
#109:
>0:40.16,116.2;40.13,116.26;40.01,116.32;39.91,116.45;39.84,116.73;39.74,116.31;
#110:
>0:39.93,116.71;39.99,116.51;40.05,116.28;40.19,116.32;
#111:
>0:40.06,116.07;40.02,116.19;40.04,116.37;39.86,116.43;
#112:
>0:40.14,116.47;40.09,116.6;39.98,116.74;39.97,116.67;39.85,116.59;39.8,116.3;
#113:
>0:40.05,116.32;39.91,116.32;40.04,116.41;39.99,116.39;
#114:
>0:39.85,116.28;39.97,116.22;39.99,115.85;
