#0:
>0:39.96,116.4;40.04,116.33;40.12,116.28;
#1:
>0:40.08,116.64;40.12,116.48;40.12,116.36;40.15,116.36;40.19,116.07;
#2:
>0:39.98,116.39;40.03,116.51;40.05,116.31;
#3:
>0:39.89,116.29;39.91,116.37;
#4:
>0:39.99,116.33;39.97,116.31;39.97,116.26;40.01,116.24;40.02,116.41;40.0,116.15;40.15,116.13;
#5:
>0:39.74,116.56;39.83,116.32;39.83,116.19;39.82,116.12;
#6:
>0:39.98,115.96;40.02,115.99;40.08,116.19;39.98,116.19;40.06,116.35;40.14,116.66;
#7:
>0:40.12,116.38;40.04,116.23;39.97,115.99;39.87,115.91;
#8:
>0:39.95,116.4;40.02,116.36;39.91,116.42;39.92,116.29;
#9:
>0:39.98,116.32;39.91,116.36;
#10:
>0:40.0,116.31;39.9,116.3;
#11:
>0:39.95,116.0;40.03,116.28;
#12:
>0:39.91,116.36;40.01,116.36;
#13:
>0:39.85,115.95;39.93,115.9;
#14:
>0:39.94,116.45;40.01,116.34;
#15:
>0:40.12,116.31;40.03,116.48;39.9,116.55;39.86,116.74;39.8,116.55;
#16:
>0:39.98,116.16;39.9,116.12;40.1,115.91;
#17:
>0:39.91,116.28;40.02,116.37;39.93,116.31;39.89,116.28;39.92,116.3;
#18:
>0:39.96,116.43;39.99,116.36;
#19:
>0:40.0,116.38;40.09,116.21;
#20:
>0:39.98,116.33;39.99,116.51;40.0,116.41;
#21:
>0:40.14,116.17;40.21,116.05;40.14,116.13;39.9,116.16;
#22:
>0:40.05,116.38;39.98,116.3;
#23:
>0:40.15,116.57;40.18,116.32;40.09,116.24;40.0,116.23;39.89,116.22;
#24:
>0:40.01,116.39;39.98,116.25;40.03,116.29;
#25:
>0:40.17,116.45;40.13,116.63;40.01,116.59;39.99,116.35;39.89,116.34;39.76,116.33;
#26:
>0:40.2,116.56;40.14,116.33;40.11,116.25;39.97,116.24;
#27:
>0:39.95,116.55;40.03,116.3;40.05,116.26;
#28:
>0:39.79,115.99;39.83,115.84;
#29:
>0:39.74,116.21;39.77,116.37;39.78,116.48;
#30:
>0:39.98,116.35;40.08,116.21;40.02,116.36;
#31:
>0:40.13,116.34;39.99,116.5;39.96,116.46;39.82,116.61;
#32:
>0:40.13,115.85;40.09,116.01;40.03,115.88;39.96,116.12;39.81,116.19;
#33:
>0:40.13,116.02;40.09,115.92;39.97,115.88;
#34:
>0:39.98,116.37;39.91,116.32;39.94,116.33;
#35:
>0:39.86,116.16;39.92,116.25;40.0,116.26;40.08,116.15;40.18,115.85;
#36:
>0:39.93,116.32;39.95,116.25;39.91,116.04;40.13,115.85;
#37:
>0:40.04,116.42;40.04,116.55;39.98,116.38;
#38:
>0:40.02,116.38;40.0,116.54;40.0,116.31;
#39:
>0:39.98,116.43;39.99,116.34;
#40:
>0:40.04,116.39;40.04,116.47;40.05,116.29;
#41:
>0:40.0,116.33;40.0,116.38;
#42:
>0:40.03,116.41;39.97,116.42;
#43:
>0:39.76,116.47;39.86,116.34;39.85,116.26;39.83,115.99;
#44:
>0:40.08,116.29;40.13,116.49;40.09,116.62;
#45:
>0:39.98,116.36;40.09,116.22;40.12,116.24;
#46:
>0:39.99,116.35;39.91,116.31;40.04,116.32;40.05,116.37;
#47:
>0:39.88,115.82;39.96,115.98;39.95,116.26;40.0,116.21;40.18,116.46;
#48:
>0:39.85,115.87;39.88,116.09;39.73,116.03;39.78,116.14;39.8,116.4;39.8,116.67;
#49:
>0:40.06,116.39;39.98,116.42;
#50:
>0:39.78,116.2;39.89,115.98;39.97,115.94;40.03,115.9;
#51:
>0:40.16,116.48;40.2,116.43;40.07,116.25;40.0,116.41;39.94,116.42;39.73,116.42;
#52:
>0:40.11,116.1;39.98,116.18;40.12,116.31;39.93,116.46;
#53:
>0:39.89,116.55;39.87,116.51;
#54:
>0:39.8,116.38;39.77,116.18;39.78,116.11;
#55:
>0:40.02,116.43;40.05,116.4;
#56:
>0:39.82,116.55;39.92,116.58;39.99,116.3;40.05,116.06;
#57:
>0:39.92,116.08;39.9,116.24;40.1,116.28;
#58:
>0:39.91,116.4;39.98,116.32;40.0,116.58;39.97,116.45;39.91,116.34;
#59:
>0:40.18,115.98;40.13,116.23;40.02,116.02;40.0,116.19;39.87,116.26;
#60:
>0:40.03,116.3;39.92,116.33;40.06,116.28;40.07,116.23;40.15,116.32;40.12,116.0;
#61:
>0:39.8,116.52;39.88,116.55;39.94,116.62;39.96,116.55;40.07,116.24;
#62:
>0:40.02,115.94;40.13,116.12;40.05,116.15;40.08,116.36;40.2,116.56;40.19,116.6;
#63:
>0:40.06,116.6;39.98,116.55;39.92,116.42;
#64:
>0:39.92,116.01;39.87,116.23;39.81,116.1;
#65:
>0:39.83,116.26;39.87,116.31;39.99,116.29;
#66:
>0:40.01,116.34;40.03,116.14;40.07,116.0;
#67:
>0:39.99,116.3;39.89,116.42;39.91,116.38;
#68:
>0:39.9,116.39;39.93,116.35;
#69:
>0:40.02,116.38;39.92,116.38;39.98,116.42;39.92,116.33;39.9,116.32;
#70:
>0:40.01,116.22;39.95,116.04;40.06,115.97;
#71:
>0:39.81,116.48;39.85,116.35;39.81,116.21;
#72:
>0:40.02,116.32;40.03,116.4;
#73:
>0:40.0,116.41;39.92,116.42;40.04,116.24;
#74:
>0:39.98,116.43;39.9,116.43;
#75:
>0:39.99,116.37;40.03,116.29;
#76:
>0:40.05,116.34;40.03,116.26;40.2,116.43;
#77:
>0:39.74,116.28;39.88,116.1;39.91,115.98;
#78:
>0:39.92,116.42;40.01,116.41;40.13,116.25;40.14,115.97;
#79:
>0:39.79,116.49;39.87,116.59;39.96,116.57;40.04,116.35;40.1,116.23;
#80:
>0:40.03,116.33;39.99,116.3;
#81:
>0:39.95,116.45;39.98,116.42;40.03,116.21;39.92,115.99;40.11,115.87;
#82:
>0:39.98,116.18;40.07,116.23;40.11,115.83;
#83:
>0:40.19,116.51;40.18,116.3;40.06,116.15;39.97,116.13;
#84:
>0:39.77,116.14;39.85,116.3;39.97,116.32;40.04,116.38;40.04,116.24;40.19,116.58;
#85:
>0:39.81,115.84;39.87,115.99;39.91,116.13;40.03,116.28;40.03,116.52;40.02,116.62;
#86:
>0:39.94,116.34;39.93,116.41;
#87:
>0:39.92,116.24;40.0,116.27;40.09,116.43;
#88:
>0:40.07,116.34;40.04,116.5;40.0,116.32;39.85,116.64;
#89:
>0:40.12,116.7;39.98,116.55;39.96,116.32;
#90:
>0:40.01,116.29;40.03,116.42;
#91:
>0:40.12,116.29;39.98,116.46;40.0,116.33;39.96,116.37;39.74,116.58;
#92:
>0:39.98,116.32;39.97,116.31;
#93:
>0:39.95,116.3;40.0,116.34;
#94:
>0:39.95,116.05;40.05,115.89;40.07,116.01;40.17,115.86;
#95:
>0:40.02,116.29;39.92,116.34;
#96:
>0:39.97,115.97;40.01,116.02;40.05,116.18;40.08,116.37;40.13,116.57;
#97:
>0:39.99,116.31;39.9,116.29;
#98:
>0:39.78,115.84;39.82,116.11;39.9,116.28;40.05,116.36;
#99:
>0:40.01,116.38;39.92,116.35;
#100:
>0:40.16,116.19;40.2,116.0;40.08,116.13;39.9,116.08;
#101:
>0:40.22,116.69;40.08,116.61;
#102:
>0:40.2,116.31;40.06,116.26;40.14,116.36;40.02,116.49;39.92,116.46;39.78,116.69;
#103:
>0:39.89,116.41;40.0,116.38;40.09,116.22;40.22,115.84;
#104:
>0:39.99,116.74;40.05,116.48;39.98,116.32;40.02,116.14;39.99,116.01;
#105:
>0:39.97,116.0;39.97,116.04;
#106:
>0:39.96,116.09;40.03,116.21;40.1,116.33;40.17,116.55;40.19,116.66;
#107:
>0:39.88,116.21;39.97,116.25;39.99,116.2;40.06,116.12;
#108:
>0:39.96,116.43;39.98,116.36;40.1,116.19;40.19,115.87;
#109:
>0:40.04,116.41;40.01,116.52;40.04,116.41;
#110:
>0:40.06,116.13;40.01,116.18;
#111:
>0:39.97,116.39;39.89,116.14;39.78,116.24;39.82,115.84;
#112:
>0:40.0,116.24;39.98,116.15;
#113:
>0:39.89,115.86;39.93,115.89;39.99,115.87;
#114:
>0:39.98,116.3;40.05,116.52;40.02,116.31;
