#0:
>0:39.96,116.32;39.96,116.37;39.97,116.4;39.98,116.41;39.97,116.43;
#1:
>0:39.95,116.42;39.9,116.42;39.9,116.39;39.91,116.37;39.88,116.32;
#2:
>0:39.96,116.43;39.97,116.41;39.95,116.44;39.92,116.41;39.86,116.43;
#3:
>0:39.9,116.32;39.95,116.32;39.96,116.36;40.0,116.4;39.99,116.4;40.0,116.43;
#4:
>0:39.98,116.38;39.98,116.41;39.94,116.4;39.95,116.42;39.92,116.46;39.85,116.45;
#5:
>0:39.89,116.3;39.92,116.3;39.88,116.33;39.91,116.36;39.88,116.38;39.87,116.44;
#6:
>0:39.98,116.32;39.99,116.36;39.97,116.38;39.95,116.34;39.92,116.36;39.86,116.32;
#7:
>0:39.97,116.29;39.95,116.32;39.9,116.37;39.9,116.38;
#8:
>0:40.0,116.43;39.99,116.46;
#9:
>0:39.94,116.41;39.92,116.4;39.9,116.4;39.89,116.37;39.88,116.32;
