#0:
>0:39.99,116.41;39.97,116.4;39.94,116.35;39.92,116.37;39.92,116.3;
#1:
>0:39.98,116.46;39.99,116.42;40.0,116.4;39.96,116.42;39.94,116.41;39.95,116.38;39.91,116.37;39.88,116.33;39.92,116.35;39.96,116.35;
#2:
>0:39.88,116.44;39.91,116.42;39.92,116.39;39.91,116.36;
#3:
>0:40.02,116.3;39.97,116.31;39.98,116.32;39.96,116.37;40.0,116.41;
#4:
>0:39.98,116.4;39.97,116.35;39.94,116.33;
#5:
>0:39.93,116.4;39.92,116.41;39.96,116.38;
#6:
>0:39.93,116.45;39.92,116.43;39.92,116.39;39.95,116.38;39.92,116.37;39.91,116.33;39.96,116.33;
#7:
>0:39.88,116.34;39.9,116.3;39.91,116.31;39.95,116.31;39.99,116.35;
#8:
>0:39.93,116.44;39.9,116.42;39.89,116.38;39.85,116.36;
#9:
>0:39.86,116.32;39.89,116.34;39.89,116.36;39.93,116.39;39.98,116.39;
