#0:
>0:40.33,117.23;40.18,117.12;40.22,116.84;40.23,116.78;
#1:
>0:40.57,116.79;40.46,116.83;40.37,116.65;40.26,116.59;40.11,116.34;
#2:
>0:40.51,116.69;40.39,116.87;40.25,116.81;40.1,117.28;
#3:
>0:40.07,116.44;40.25,116.38;40.31,116.39;40.53,116.43;40.63,116.75;
#4:
>0:40.27,117.0;40.16,117.25;39.97,117.19;
#5:
>0:40.03,116.89;40.15,116.81;40.39,117.09;
#6:
>0:40.01,116.48;40.12,116.46;40.25,116.41;40.33,116.42;40.5,116.41;40.65,116.6;40.58,116.64;40.6,116.91;40.58,116.7;40.49,116.8;40.66,116.77;40.61,116.9;40.59,117.27;
#7:
>0:40.45,116.94;40.37,116.71;40.26,116.83;40.15,116.96;
#8:
>0:40.25,116.78;40.32,116.5;40.53,116.41;40.66,116.34;
