#0:
>0:40.12,116.78;40.2,116.82;40.35,117.0;40.51,117.26;
#1:
>0:40.03,117.18;40.23,117.05;40.45,116.9;40.44,116.85;40.58,116.68;40.57,116.47;
#2:
>0:39.93,116.51;40.09,116.72;40.27,116.95;40.21,116.71;40.48,117.0;40.57,117.09;
#3:
>0:40.11,116.77;40.15,116.85;
#4:
>0:40.63,117.19;40.54,117.06;40.52,116.84;
#5:
>0:40.39,116.65;40.16,116.93;40.05,116.97;
#6:
>0:40.3,116.57;40.31,116.64;40.49,116.71;40.63,116.73;
#7:
>0:40.57,116.31;40.44,116.63;40.51,116.7;
#8:
>0:39.95,117.22;40.15,117.0;40.15,116.85;40.41,116.79;40.52,116.69;
