#0:
>0:39.95,116.67;39.91,116.8;
#1:
>0:39.98,116.2;40.05,116.19;40.15,116.21;
#2:
>0:40.34,116.5;40.36,116.49;
#3:
>0:40.03,116.64;39.94,116.6;40.02,116.47;
#4:
>0:40.26,116.75;40.12,116.73;40.0,116.85;39.98,116.73;
#5:
>0:40.29,116.44;40.28,116.56;
#6:
>0:39.99,116.24;39.85,116.34;39.89,116.41;39.88,116.56;39.82,116.71;
#7:
>0:40.35,116.26;40.25,116.36;40.13,116.31;40.03,116.35;39.92,116.33;39.87,116.22;
#8:
>0:39.84,116.46;39.9,116.37;39.98,116.25;40.18,116.17;
#9:
>0:39.84,116.47;39.97,116.35;39.92,116.18;40.15,116.2;
#10:
>0:40.01,116.55;40.11,116.51;
#11:
>0:40.29,116.46;40.28,116.43;
#12:
>0:39.91,116.8;40.05,116.84;40.0,116.67;40.05,116.44;
#13:
>0:40.08,116.19;39.99,116.35;39.81,116.47;39.91,116.58;40.15,116.72;
#14:
>0:39.83,116.5;39.95,116.58;40.02,116.7;40.06,116.58;40.17,116.55;40.34,116.49;
#15:
>0:39.81,116.62;39.92,116.65;
#16:
>0:40.3,116.34;40.21,116.34;
#17:
>0:39.94,116.39;39.92,116.49;
#18:
>0:39.95,116.36;39.94,116.17;
#19:
>0:40.02,116.66;40.0,116.61;
#20:
>0:39.99,116.68;39.93,116.81;
#21:
>0:39.84,116.54;39.91,116.59;39.94,116.72;40.1,116.59;
#22:
>0:40.02,116.64;40.09,116.72;40.27,116.61;40.34,116.51;40.22,116.23;
#23:
>0:40.07,116.71;40.08,116.54;40.11,116.7;40.29,116.65;
#24:
>0:40.19,116.49;40.17,116.54;40.04,116.68;39.97,116.6;39.87,116.85;
