#0:
>0:39.97,116.55;39.88,116.71;39.88,116.81;
#1:
>0:39.82,116.49;39.91,116.51;39.84,116.73;39.9,116.81;
#2:
>0:40.17,116.19;40.05,116.35;40.05,116.47;
#3:
>0:39.91,116.71;40.06,116.71;40.12,116.8;40.15,116.68;40.34,116.59;
#4:
>0:40.11,116.66;40.02,116.72;39.98,116.74;39.82,116.66;
#5:
>0:39.92,116.53;39.98,116.71;40.07,116.78;40.1,116.65;40.3,116.66;
#6:
>0:39.8,116.62;39.86,116.64;39.92,116.73;40.01,116.8;40.13,116.67;40.3,116.55;
#7:
>0:40.09,116.31;40.01,116.44;39.98,116.55;39.87,116.66;
#8:
>0:40.01,116.23;40.08,116.37;40.15,116.48;40.18,116.6;40.15,116.65;
#9:
>0:40.17,116.33;40.23,116.31;40.36,116.34;
#10:
>0:39.91,116.34;40.01,116.19;
#11:
>0:40.17,116.17;40.04,116.32;39.94,116.29;39.82,116.39;
#12:
>0:40.21,116.69;40.29,116.72;
#13:
>0:39.95,116.3;39.92,116.39;
#14:
>0:40.32,116.34;40.23,116.49;40.11,116.57;40.05,116.56;39.98,116.56;39.89,116.54;
#15:
>0:40.3,116.22;40.2,116.32;40.24,116.41;40.2,116.52;
#16:
>0:40.11,116.2;40.24,116.33;40.23,116.5;40.2,116.59;40.27,116.64;40.22,116.81;
#17:
>0:40.2,116.49;40.18,116.54;40.24,116.64;40.18,116.85;
#18:
>0:40.3,116.7;40.29,116.8;40.27,116.79;40.11,116.8;39.93,116.81;
#19:
>0:39.91,116.28;40.06,116.38;40.14,116.4;40.25,116.62;40.08,116.64;
#20:
>0:40.0,116.77;40.1,116.63;40.25,116.72;40.36,116.78;
#21:
>0:40.08,116.33;39.9,116.29;
#22:
>0:40.2,116.72;40.28,116.72;
#23:
>0:39.86,116.21;39.95,116.2;40.03,116.39;40.15,116.45;40.18,116.34;
#24:
>0:40.18,116.35;40.22,116.49;40.15,116.49;40.22,116.71;
