#0:
>0:40.16,116.48;40.15,116.57;40.15,116.67;
#1:
>0:40.23,116.69;40.15,116.72;40.2,116.51;
#2:
>0:40.03,116.56;39.93,116.47;40.03,116.37;
#3:
>0:40.08,116.5;40.0,116.35;40.09,116.35;40.34,116.22;
#4:
>0:40.16,116.26;40.06,116.3;40.01,116.33;39.95,116.51;39.98,116.67;
#5:
>0:40.12,116.71;40.06,116.54;40.0,116.67;39.81,116.65;
#6:
>0:40.31,116.8;40.27,116.69;40.21,116.57;40.16,116.44;40.05,116.46;40.21,116.19;
#7:
>0:40.15,116.7;40.08,116.82;39.97,116.67;39.85,116.68;
#8:
>0:40.16,116.54;40.24,116.54;40.31,116.4;40.29,116.22;
#9:
>0:40.27,116.22;40.31,116.2;40.25,116.38;40.28,116.62;
#10:
>0:40.21,116.24;40.36,116.26;40.32,116.44;
#11:
>0:40.19,116.39;40.13,116.47;40.08,116.57;
#12:
>0:39.98,116.59;40.06,116.74;40.15,116.7;40.16,116.75;40.29,116.67;
#13:
>0:40.29,116.17;40.24,116.37;40.16,116.49;40.02,116.57;39.99,116.58;39.82,116.76;
#14:
>0:40.24,116.29;40.32,116.46;40.32,116.6;40.29,116.63;40.13,116.79;
#15:
>0:40.02,116.62;39.98,116.4;
#16:
>0:39.81,116.65;39.82,116.83;39.93,116.64;40.03,116.72;40.21,116.57;
#17:
>0:39.97,116.43;39.96,116.36;39.95,116.22;
#18:
>0:39.91,116.19;40.02,116.35;39.91,116.41;40.07,116.58;40.04,116.68;
#19:
>0:40.33,116.79;40.2,116.72;40.36,116.61;40.18,116.47;40.17,116.36;
#20:
>0:40.25,116.19;40.36,116.19;40.33,116.44;
#21:
>0:39.94,116.52;39.9,116.67;
#22:
>0:40.12,116.19;40.0,116.38;40.0,116.3;39.96,116.42;39.93,116.67;
#23:
>0:40.32,116.63;40.3,116.62;40.19,116.47;40.11,116.55;39.95,116.48;
#24:
>0:40.15,116.3;40.11,116.24;
