#0:
>0:40.16,116.66;40.07,116.69;
#1:
>0:40.09,116.62;40.24,116.66;40.23,116.73;40.27,116.68;
#2:
>0:40.06,116.36;40.02,116.26;40.12,116.22;40.26,116.23;40.33,116.17;
#3:
>0:40.07,116.59;40.0,116.73;39.99,116.78;
#4:
>0:40.1,116.22;40.25,116.23;40.33,116.25;
#5:
>0:39.96,116.4;39.81,116.45;
#6:
>0:40.13,116.55;40.04,116.71;39.92,116.65;
#7:
>0:40.16,116.37;40.03,116.19;40.0,116.38;39.86,116.61;
#8:
>0:40.11,116.27;40.01,116.28;40.13,116.47;40.17,116.52;40.24,116.68;
#9:
>0:40.0,116.31;40.03,116.34;39.86,116.44;39.82,116.68;
#10:
>0:40.29,116.56;40.23,116.54;40.24,116.8;
#11:
>0:39.87,116.65;39.92,116.74;39.96,116.49;
#12:
>0:40.29,116.41;40.24,116.34;40.11,116.18;40.01,116.33;40.03,116.36;39.84,116.63;
#13:
>0:40.12,116.75;40.26,116.67;40.32,116.73;
#14:
>0:40.26,116.35;40.09,116.43;
#15:
>0:40.23,116.83;40.26,116.69;40.25,116.56;40.27,116.47;40.22,116.32;40.27,116.21;
#16:
>0:40.32,116.83;40.2,116.71;40.11,116.6;40.08,116.64;39.97,116.54;
#17:
>0:40.12,116.57;40.23,116.43;40.31,116.32;
#18:
>0:39.94,116.4;39.91,116.42;
#19:
>0:39.83,116.41;39.81,116.56;40.04,116.44;
#20:
>0:39.97,116.7;40.09,116.55;40.1,116.42;40.18,116.39;40.35,116.4;
#21:
>0:40.07,116.25;40.06,116.33;
#22:
>0:39.95,116.74;39.85,116.85;
#23:
>0:39.91,116.75;40.08,116.64;40.14,116.53;40.25,116.51;40.2,116.33;40.26,116.23;
#24:
>0:39.89,116.41;39.9,116.43;
