#0:
>0:40.17,116.5;40.04,116.33;39.9,116.23;
#1:
>0:40.27,116.42;40.16,116.37;40.12,116.2;
#2:
>0:40.02,116.64;39.95,116.6;39.88,116.54;39.97,116.41;
#3:
>0:40.0,116.55;39.96,116.44;39.89,116.6;
#4:
>0:39.99,116.34;40.04,116.39;
#5:
>0:40.11,116.81;40.13,116.75;
#6:
>0:40.24,116.69;40.16,116.64;40.17,116.58;40.13,116.41;39.99,116.24;
#7:
>0:40.17,116.64;40.15,116.58;40.1,116.45;40.32,116.38;
#8:
>0:40.15,116.26;39.99,116.26;40.01,116.35;39.86,116.46;39.83,116.65;
#9:
>0:40.31,116.46;40.25,116.42;40.13,116.47;40.01,116.37;40.04,116.32;39.83,116.18;
#10:
>0:40.13,116.63;40.18,116.7;
#11:
>0:39.89,116.46;39.96,116.56;40.07,116.64;39.88,116.85;
#12:
>0:40.09,116.49;40.17,116.36;40.15,116.27;
#13:
>0:40.12,116.25;40.07,116.23;40.01,116.38;39.87,116.48;39.92,116.61;39.85,116.75;
#14:
>0:39.86,116.3;39.93,116.41;39.99,116.5;
#15:
>0:40.36,116.63;40.32,116.64;40.11,116.56;
#16:
>0:40.2,116.26;40.13,116.35;40.27,116.48;40.16,116.59;40.07,116.67;39.81,116.8;
#17:
>0:40.04,116.38;40.04,116.32;40.02,116.49;39.86,116.7;
#18:
>0:40.13,116.65;40.06,116.7;39.92,116.42;
#19:
>0:39.88,116.8;39.84,116.7;39.87,116.54;39.94,116.43;39.97,116.33;39.88,116.26;
#20:
>0:39.96,116.85;40.07,116.81;
#21:
>0:40.17,116.83;40.07,116.79;40.03,116.73;39.92,116.4;
#22:
>0:40.34,116.68;40.23,116.47;40.17,116.42;40.03,116.39;39.97,116.29;39.85,116.24;
#23:
>0:40.23,116.72;40.22,116.84;
#24:
>0:40.09,116.41;40.04,116.42;
