#0:
>0:40.06,116.36;39.93,116.42;40.02,116.37;
#1:
>0:40.06,116.58;40.06,116.45;40.01,116.32;
#2:
>0:40.25,116.29;40.09,116.31;40.1,116.49;39.97,116.21;
#3:
>0:40.08,116.31;40.05,116.4;40.17,116.37;40.36,116.22;
#4:
>0:40.29,116.42;40.23,116.56;
#5:
>0:40.09,116.78;40.27,116.75;40.16,116.66;40.15,116.61;40.1,116.39;
#6:
>0:39.85,116.66;39.94,116.62;39.9,116.42;40.09,116.36;
#7:
>0:39.89,116.83;39.9,116.67;40.05,116.59;40.1,116.49;
#8:
>0:40.04,116.29;39.99,116.36;39.83,116.62;
#9:
>0:40.27,116.45;40.1,116.42;40.1,116.57;40.01,116.71;39.89,116.77;
#10:
>0:39.94,116.51;39.95,116.42;40.0,116.39;40.11,116.27;40.37,116.22;
#11:
>0:40.12,116.31;40.0,116.35;
#12:
>0:40.28,116.21;40.31,116.32;40.18,116.41;40.34,116.67;
#13:
>0:40.32,116.6;40.16,116.48;40.04,116.37;40.02,116.29;39.83,116.38;
#14:
>0:40.36,116.23;40.26,116.27;40.24,116.46;
#15:
>0:40.18,116.4;40.34,116.68;40.01,116.29;
#16:
>0:40.17,116.59;40.22,116.49;40.21,116.31;40.26,116.19;
#17:
>0:40.05,116.76;40.17,116.75;40.13,116.69;40.1,116.53;40.31,116.31;
#18:
>0:40.09,116.25;40.01,116.26;39.96,116.31;40.0,116.44;40.13,116.6;40.1,116.77;
#19:
>0:40.23,116.71;40.13,116.56;40.03,116.6;39.99,116.67;
#20:
>0:40.02,116.25;40.0,116.38;40.05,116.48;
#21:
>0:39.89,116.65;39.91,116.44;
#22:
>0:39.86,116.19;39.89,116.34;39.94,116.43;39.98,116.54;39.99,116.64;39.96,116.82;
#23:
>0:40.31,116.75;40.24,116.75;40.18,116.73;40.32,116.55;40.15,116.43;40.06,116.25;
#24:
>0:39.88,116.77;39.94,116.69;40.01,116.72;
