#0:
>0:40.08,116.33;40.06,116.48;40.06,116.31;
#1:
>0:40.31,116.84;40.31,116.74;40.32,116.77;40.12,116.8;39.95,116.69;
#2:
>0:40.3,116.78;40.35,116.7;40.27,116.65;40.3,116.6;40.23,116.3;
#3:
>0:40.16,116.2;40.27,116.32;40.32,116.4;40.31,116.63;
#4:
>0:39.94,116.55;39.98,116.47;
#5:
>0:40.33,116.68;40.12,116.77;40.06,116.73;
#6:
>0:39.9,116.62;39.91,116.68;
#7:
>0:40.01,116.65;39.93,116.79;39.89,116.84;
#8:
>0:40.34,116.67;40.26,116.65;40.15,116.59;40.18,116.64;39.94,116.66;
#9:
>0:40.0,116.38;39.96,116.21;
#10:
>0:39.87,116.57;39.94,116.65;40.02,116.67;40.17,116.65;40.29,116.71;
#11:
>0:40.03,116.32;40.07,116.42;40.02,116.59;
#12:
>0:40.24,116.21;40.12,116.29;40.06,116.5;39.95,116.62;39.81,116.65;39.87,116.77;
#13:
>0:39.89,116.22;39.9,116.25;39.99,116.28;40.15,116.27;40.21,116.31;40.3,116.2;
#14:
>0:40.12,116.23;40.22,116.36;40.15,116.42;40.19,116.62;
#15:
>0:40.02,116.19;40.04,116.17;
#16:
>0:40.08,116.42;40.17,116.42;40.23,116.58;40.31,116.18;
#17:
>0:40.17,116.65;40.27,116.85;
#18:
>0:40.2,116.48;40.25,116.4;40.16,116.32;39.99,116.41;
#19:
>0:40.28,116.58;40.2,116.59;40.18,116.41;40.07,116.52;39.85,116.54;
#20:
>0:40.35,116.79;40.34,116.85;
#21:
>0:39.98,116.39;40.08,116.36;40.04,116.41;40.19,116.64;40.32,116.68;
#22:
>0:40.3,116.23;40.26,116.21;40.11,116.3;39.99,116.18;40.04,116.37;39.84,116.44;
#23:
>0:40.11,116.81;40.16,116.67;40.25,116.65;40.21,116.6;
#24:
>0:39.89,116.82;39.92,116.78;40.02,116.6;
