#0:
>0:33.77,111.35;36.86,113.16;40.96,112.74;
#1:
>0:27.72,103.34;28.21,107.81;32.65,109.72;30.73,112.97;33.95,113.41;40.74,110.54;
#2:
>0:31.32,107.33;35.95,110.27;37.28,113.71;
#3:
>0:40.19,101.15;36.82,102.1;33.48,105.02;33.36,107.51;33.19,112.09;
#4:
>0:29.07,100.24;29.01,104.26;32.57,106.34;32.85,108.95;
#5:
>0:36.43,106.74;34.83,110.03;41.1,108.98;
#6:
>0:29.76,105.8;32.69,103.19;
#7:
>0:26.21,105.03;26.74,105.83;
#8:
>0:36.32,104.42;40.36,100.7;
#9:
>0:27.58,111.73;29.94,114.02;33.28,113.76;34.15,111.68;37.68,107.71;
#10:
>0:40.63,110.73;36.36,109.58;35.55,106.04;31.85,108.62;32.94,113.28;25.91,113.3;
#11:
>0:36.6,109.19;37.71,110.06;40.5,110.85;
#12:
>0:33.72,101.0;37.63,102.53;39.63,106.21;
#13:
>0:35.64,111.84;31.38,112.17;30.3,108.69;
#14:
>0:41.39,112.2;39.28,110.5;35.1,109.88;
#15:
>0:41.34,109.87;36.93,112.59;35.16,111.02;35.16,106.8;30.21,110.97;
#16:
>0:31.22,99.88;27.87,101.91;
#17:
>0:30.38,115.27;32.43,113.3;34.44,112.92;34.98,107.45;
#18:
>0:36.84,113.4;36.06,109.94;32.81,107.85;30.16,104.18;25.16,106.83;
#19:
>0:37.23,106.78;37.91,108.81;36.4,106.22;31.74,105.96;26.89,102.76;
#20:
>0:37.71,101.51;35.3,100.13;32.39,101.37;
#21:
>0:39.95,109.75;36.66,108.39;35.92,107.48;31.98,108.89;28.1,113.51;25.31,114.57;
#22:
>0:28.72,100.53;29.32,102.45;30.92,106.08;35.95,105.86;36.88,105.96;
#23:
>0:33.25,107.64;29.15,102.46;35.6,99.64;
#24:
>0:32.79,102.33;35.09,105.25;38.19,107.74;41.34,109.01;
#25:
>0:31.57,105.74;35.69,110.24;
#26:
>0:33.4,106.21;37.22,108.01;
#27:
>0:30.65,110.27;30.61,112.69;
#28:
>0:37.79,105.77;38.57,104.37;38.22,103.29;
#29:
>0:40.98,112.82;40.71,114.9;38.61,111.65;33.32,105.79;
#30:
>0:35.1,115.63;34.67,112.77;34.15,111.04;38.96,108.05;
#31:
>0:27.03,111.87;25.47,109.02;26.23,107.08;
#32:
>0:30.13,104.15;31.67,105.89;30.79,111.03;30.64,113.46;33.26,115.87;
#33:
>0:30.97,104.42;33.59,101.2;
#34:
>0:39.02,102.02;35.97,102.45;37.11,107.35;32.56,110.73;35.62,112.75;
#35:
>0:35.45,112.57;30.95,108.5;28.21,107.18;25.82,107.29;
#36:
>0:40.19,103.68;39.07,100.42;
#37:
>0:36.94,112.88;34.78,111.14;32.45,106.55;30.01,103.41;26.92,100.52;
#38:
>0:35.11,103.52;36.8,103.12;41.58,100.85;
#39:
>0:32.0,111.75;31.96,109.54;30.28,108.98;27.61,103.06;
#40:
>0:29.73,116.52;28.4,111.68;
#41:
>0:25.63,107.46;29.22,102.79;
#42:
>0:40.84,104.97;40.38,104.69;
#43:
>0:29.36,110.28;30.73,110.31;32.46,113.83;33.78,111.11;39.57,110.99;
