#0:
>0:29.01,109.75;31.34,108.66;33.99,106.16;37.93,108.06;
#1:
>0:25.29,115.7;29.24,114.51;31.71,115.25;34.45,114.16;36.85,114.74;
#2:
>0:35.8,111.89;35.98,110.73;36.84,109.64;39.7,106.16;36.69,99.69;
#3:
>0:37.64,110.89;37.44,111.21;
#4:
>0:33.61,102.08;31.43,104.47;33.52,106.85;33.05,110.28;29.63,108.84;25.02,116.64;
#5:
>0:32.0,101.67;31.24,99.98;
#6:
>0:30.73,110.87;29.69,109.16;26.02,114.55;
#7:
>0:27.13,109.87;29.09,107.51;31.95,106.51;33.53,100.28;
#8:
>0:37.06,102.28;35.25,102.25;32.27,100.8;28.39,101.97;
#9:
>0:37.76,111.43;34.68,108.97;31.0,105.33;34.74,107.82;28.86,102.31;
#10:
>0:32.78,100.8;34.62,102.49;33.88,106.45;31.16,110.21;27.94,112.16;
#11:
>0:37.67,108.03;35.89,107.9;33.37,101.07;
#12:
>0:38.76,109.22;35.99,111.74;31.49,105.6;
#13:
>0:36.33,102.11;37.33,100.1;
#14:
>0:31.15,101.1;32.33,104.71;25.23,101.19;
#15:
>0:32.23,108.52;35.36,107.47;33.4,110.39;41.04,108.62;
#16:
>0:34.23,107.95;33.27,102.91;33.64,100.09;
#17:
>0:31.99,116.42;29.47,111.95;29.04,110.43;28.79,107.84;
#18:
>0:36.4,112.81;39.24,115.12;
#19:
>0:34.23,102.35;31.4,102.59;33.77,107.68;31.49,109.6;29.23,108.38;27.23,115.24;
#20:
>0:31.58,106.77;31.19,107.42;
#21:
>0:26.24,103.7;27.8,107.42;31.08,107.96;34.83,103.82;38.76,105.71;
#22:
>0:37.04,111.16;40.04,108.68;37.39,106.57;34.02,107.99;36.09,101.05;
#23:
>0:27.4,111.0;30.4,107.67;32.69,108.65;35.62,107.43;33.53,109.47;39.22,106.86;
#24:
>0:26.43,110.27;29.07,107.35;31.41,110.16;34.99,107.91;36.04,108.25;40.61,107.67;
#25:
>0:41.34,109.5;38.43,107.4;40.1,104.19;
#26:
>0:25.75,115.64;29.45,115.42;25.17,109.34;
#27:
>0:40.54,100.4;37.15,102.78;34.91,102.8;
#28:
>0:40.67,106.29;37.64,110.81;35.0,109.98;
#29:
>0:28.69,116.32;33.27,112.39;35.1,109.86;
#30:
>0:26.14,112.88;30.53,109.67;29.41,107.33;28.93,103.56;
#31:
>0:38.12,111.33;33.53,109.98;32.48,108.07;27.91,108.81;26.9,111.34;
#32:
>0:41.3,115.95;40.92,115.09;
#33:
>0:31.33,103.6;33.92,101.34;
#34:
>0:31.94,108.22;34.37,109.31;
#35:
>0:34.22,105.26;34.85,103.01;
#36:
>0:33.62,103.86;31.58,107.82;28.82,107.35;
#37:
>0:39.69,100.02;37.01,102.61;35.42,105.12;34.15,100.02;31.28,103.18;25.28,104.2;
#38:
>0:35.32,112.12;33.98,109.95;37.22,106.81;40.22,104.81;
#39:
>0:39.14,114.55;39.04,115.1;
#40:
>0:35.19,106.16;33.33,104.41;35.69,102.06;
#41:
>0:39.0,116.31;38.82,113.63;35.98,110.99;31.78,106.96;29.14,107.53;
#42:
>0:32.18,103.08;33.51,102.34;
#43:
>0:36.73,100.67;38.87,101.56;
