#0:
>0:34.91,112.15;36.35,111.71;39.06,110.24;
#1:
>0:39.71,116.54;39.35,117.55;
#2:
>0:27.39,103.75;26.88,107.97;30.4,105.81;31.94,103.19;34.94,101.0;40.13,99.87;
#3:
>0:40.85,103.23;36.45,107.64;35.0,104.29;35.3,108.08;29.72,106.51;
#4:
>0:29.55,106.23;33.04,109.38;28.94,108.52;28.28,116.22;
#5:
>0:33.6,114.69;37.8,112.43;37.97,108.74;37.08,105.54;37.71,104.52;
#6:
>0:28.61,101.11;28.29,104.19;25.26,103.52;28.73,109.09;
#7:
>0:40.87,107.6;39.7,103.48;33.93,100.9;
#8:
>0:35.86,109.19;33.27,108.11;30.82,104.28;
#9:
>0:28.73,114.98;28.9,112.22;32.1,113.68;28.63,110.87;28.69,104.37;
#10:
>0:37.91,116.01;33.42,112.45;33.11,108.45;
#11:
>0:27.82,105.55;32.79,108.79;28.49,110.86;29.62,115.43;
#12:
>0:39.06,111.96;36.89,115.84;35.38,113.58;31.78,109.34;30.16,107.85;
#13:
>0:25.13,99.94;30.38,102.65;32.86,107.98;35.03,109.49;37.62,110.69;
#14:
>0:41.57,101.7;38.31,99.93;36.49,108.03;
#15:
>0:40.81,116.71;39.33,117.99;
#16:
>0:27.36,102.53;28.16,100.52;29.62,102.65;33.18,101.52;37.81,100.4;
#17:
>0:36.2,101.84;34.76,105.14;31.2,108.12;32.87,110.93;29.87,110.34;31.44,115.72;
#18:
>0:29.6,103.68;33.27,107.76;35.48,110.21;
#19:
>0:33.3,113.5;36.68,109.93;35.45,111.98;40.05,108.69;
#20:
>0:27.98,112.48;31.56,111.61;
#21:
>0:33.9,113.21;37.18,111.74;36.81,111.01;40.01,104.71;
#22:
>0:36.32,105.13;39.42,104.36;40.74,107.0;41.65,108.82;39.19,115.96;
#23:
>0:27.54,102.55;28.03,106.33;32.99,106.07;34.01,106.85;38.47,105.63;
#24:
>0:28.92,114.79;32.71,115.25;36.01,116.46;38.61,108.61;
#25:
>0:35.04,106.23;36.82,103.5;41.24,108.56;
#26:
>0:30.65,114.84;29.59,116.52;
#27:
>0:37.84,110.65;35.81,108.78;30.88,109.09;30.18,111.09;
#28:
>0:27.8,105.78;32.28,110.39;29.91,110.78;26.3,114.23;
#29:
>0:30.74,111.05;34.37,112.48;
#30:
>0:30.98,101.84;28.58,103.13;26.95,104.31;26.0,110.79;
#31:
>0:34.73,99.73;32.03,103.71;30.93,108.02;32.69,108.82;
#32:
>0:41.57,115.56;37.6,113.17;37.99,109.04;37.32,107.02;35.32,103.52;
#33:
>0:37.49,115.39;34.22,111.17;31.67,109.84;27.96,111.86;
#34:
>0:34.64,109.39;36.21,106.04;
#35:
>0:41.37,115.42;36.62,111.16;
#36:
>0:28.35,104.9;25.85,107.88;
#37:
>0:30.24,102.87;31.04,106.48;33.6,105.45;37.93,104.7;41.56,108.96;
#38:
>0:25.14,111.39;29.34,110.83;
#39:
>0:26.67,101.93;28.39,101.98;32.71,100.48;
#40:
>0:39.69,116.47;38.88,115.5;
#41:
>0:29.88,108.51;26.6,113.56;
#42:
>0:31.54,115.03;34.29,115.19;37.38,111.31;35.29,109.23;41.55,103.86;
#43:
>0:35.26,100.13;31.01,102.26;29.12,100.2;
