#0:
>0:35.09,102.58;33.3,105.65;32.68,109.24;32.59,112.22;
#1:
>0:37.37,99.59;35.66,102.1;32.78,102.76;29.88,108.7;
#2:
>0:36.07,110.08;37.11,113.26;41.11,112.9;
#3:
>0:26.75,113.95;29.41,115.88;32.61,115.52;34.15,110.27;
#4:
>0:37.72,116.71;35.62,113.31;31.55,116.08;
#5:
>0:38.89,108.67;36.28,107.18;37.86,102.9;36.41,103.07;
#6:
>0:31.22,112.11;33.71,108.92;31.51,106.96;30.14,107.16;30.93,102.35;
#7:
>0:29.67,102.38;32.18,104.76;37.43,106.0;36.29,110.35;41.6,111.16;39.56,117.4;
#8:
>0:27.93,109.12;32.0,107.08;33.53,109.26;
#9:
>0:36.93,103.48;36.49,103.82;38.6,105.32;33.9,109.63;38.22,113.25;31.81,116.32;
#10:
>0:30.21,115.94;28.42,112.37;31.39,110.36;33.86,113.21;40.18,118.85;
#11:
>0:30.2,112.41;32.46,110.81;31.33,106.49;28.54,108.0;26.78,101.27;
#12:
>0:38.77,116.61;35.6,113.27;38.8,110.66;36.32,106.87;35.64,102.67;
#13:
>0:33.72,100.96;38.46,102.19;34.04,102.67;35.38,110.2;
#14:
>0:38.72,103.21;35.37,104.16;
#15:
>0:34.79,103.9;32.93,100.99;30.23,101.02;
#16:
>0:31.6,101.42;34.68,102.09;32.24,103.57;35.68,105.86;38.79,111.05;
#17:
>0:33.77,114.06;33.71,111.81;34.86,109.9;36.07,107.23;
#18:
>0:27.45,100.92;29.46,104.05;32.74,107.52;
#19:
>0:27.23,111.45;28.83,109.23;32.19,107.41;33.53,103.01;
#20:
>0:28.12,108.9;30.59,107.73;35.1,103.22;
#21:
>0:35.11,114.74;30.96,116.32;30.74,112.1;33.4,110.55;31.54,106.88;26.97,99.73;
#22:
>0:36.13,106.2;39.34,110.49;40.54,111.34;42.85,117.14;
#23:
>0:40.45,112.68;36.3,111.9;36.58,108.51;39.29,107.32;38.97,102.18;
#24:
>0:31.83,116.63;32.01,112.79;33.82,109.45;33.3,107.35;29.16,106.55;30.54,102.28;
#25:
>0:26.45,99.87;28.37,101.56;32.55,104.01;34.26,108.33;36.74,113.51;
#26:
>0:34.04,110.18;37.04,111.03;39.57,111.69;
#27:
>0:38.11,115.31;35.95,111.49;32.01,110.53;29.67,116.56;
#28:
>0:41.21,116.88;38.61,112.94;33.67,112.1;31.65,108.34;29.85,107.69;
#29:
>0:29.31,106.01;31.89,106.17;
#30:
>0:33.68,116.49;32.55,113.31;29.51,110.35;
#31:
>0:26.72,104.88;27.82,105.97;31.26,108.64;35.96,111.37;37.18,115.41;
#32:
>0:37.01,113.35;35.02,108.19;36.14,108.02;
#33:
>0:29.41,104.36;29.5,106.23;28.32,110.24;
#34:
>0:26.36,100.79;27.61,101.37;
#35:
>0:38.23,103.58;37.0,102.13;
#36:
>0:42.2,117.62;43.17,116.7;
#37:
>0:29.87,116.62;31.15,115.94;31.74,113.01;35.89,109.35;28.98,103.91;
#38:
>0:33.5,100.9;31.9,103.06;29.86,107.95;27.42,107.59;
#39:
>0:35.39,115.72;37.22,115.56;34.42,112.77;37.79,109.58;37.36,105.3;
#40:
>0:31.51,108.1;27.83,107.7;27.15,102.27;
#41:
>0:41.15,108.54;39.68,111.05;37.19,111.19;31.08,109.31;
#42:
>0:30.21,116.69;33.32,112.66;35.62,108.91;32.39,105.48;29.18,103.5;
#43:
>0:38.59,101.89;35.62,101.13;31.96,104.73;28.18,108.95;
