#0:
>0:27.46,106.69;25.34,108.52;30.48,111.59;31.73,116.06;34.42,114.0;40.37,112.98;
#1:
>0:34.95,102.69;34.06,99.85;28.85,101.9;
#2:
>0:35.65,109.11;34.88,105.67;30.85,105.53;32.84,100.74;
#3:
>0:38.67,111.76;35.11,114.68;31.81,115.28;
#4:
>0:33.31,101.31;35.84,103.24;35.14,105.47;36.13,109.77;
#5:
>0:31.17,116.65;31.47,111.64;
#6:
>0:33.48,106.35;35.57,106.81;
#7:
>0:32.78,111.88;35.04,108.92;
#8:
>0:26.27,104.68;28.2,104.26;30.56,103.79;33.78,104.59;37.39,110.78;
#9:
>0:32.97,102.07;29.09,104.68;33.19,104.65;29.18,107.53;32.53,109.24;29.16,116.19;
#10:
>0:30.05,103.55;28.15,101.75;34.35,102.5;
#11:
>0:33.44,103.31;30.59,103.21;30.16,101.63;
#12:
>0:32.61,100.8;34.32,102.69;32.55,103.83;29.93,106.64;30.82,110.06;29.34,116.46;
#13:
>0:27.97,103.77;28.74,100.96;35.46,104.09;
#14:
>0:38.45,104.26;37.54,102.2;34.74,104.93;30.02,106.37;
#15:
>0:34.38,109.75;37.97,107.19;38.58,104.92;
#16:
>0:41.55,113.19;36.88,109.92;41.48,110.87;37.86,107.65;35.05,100.74;
#17:
>0:26.97,101.63;25.86,105.05;29.88,104.4;25.08,107.24;30.81,113.82;
#18:
>0:37.53,107.82;35.94,104.01;31.93,104.55;28.74,105.82;27.11,101.65;
#19:
>0:31.83,103.44;34.72,104.76;35.64,107.32;40.57,111.13;
#20:
>0:32.07,106.12;29.47,109.32;
#21:
>0:31.47,113.02;29.86,109.39;25.27,114.1;
#22:
>0:36.8,102.68;37.6,100.33;34.01,103.05;28.38,105.58;
#23:
>0:26.66,105.08;28.81,103.98;
#24:
>0:41.11,105.9;37.54,103.86;34.12,100.96;33.01,104.06;28.19,102.83;
#25:
>0:38.5,105.09;36.24,106.66;41.11,106.51;36.89,111.63;
#26:
>0:38.77,105.81;41.47,105.73;
#27:
>0:28.61,102.85;32.27,102.96;34.67,107.01;
#28:
>0:40.68,112.51;40.53,117.78;37.18,116.56;31.87,109.2;
#29:
>0:30.8,110.47;28.6,105.44;31.99,102.81;30.66,100.95;
#30:
>0:36.72,102.5;36.57,102.29;35.24,104.99;29.36,105.51;
#31:
>0:40.05,113.23;38.27,108.98;33.6,109.14;32.28,108.79;28.68,110.51;25.32,110.14;
#32:
>0:30.43,112.05;28.63,110.68;30.63,106.44;33.17,103.19;28.52,100.75;
#33:
>0:32.63,104.6;29.74,106.12;32.6,109.5;34.55,112.08;
#34:
>0:37.2,99.74;36.88,101.25;
#35:
>0:42.09,116.75;41.65,116.18;
#36:
>0:30.28,116.41;31.92,114.4;31.41,111.5;29.05,110.63;30.95,102.79;
#37:
>0:27.65,100.23;27.04,104.33;30.05,106.91;36.09,107.43;
#38:
>0:32.99,106.78;32.43,104.61;35.21,100.43;40.55,100.86;
#39:
>0:29.02,112.22;27.0,108.49;
#40:
>0:26.94,100.28;26.4,104.66;28.08,103.47;25.92,107.54;26.93,111.8;
#41:
>0:33.14,105.93;31.89,109.94;
#42:
>0:41.01,99.85;38.72,105.01;34.74,107.02;35.94,110.82;29.9,113.34;
#43:
>0:36.37,106.05;41.53,107.84;
