#0:
>0:41.33,116.09;40.7,118.0;
#1:
>0:34.59,114.41;36.11,116.56;
#2:
>0:32.45,109.21;28.66,113.3;34.94,116.4;
#3:
>0:25.37,115.91;29.74,115.3;28.64,111.73;34.17,105.87;
#4:
>0:25.94,116.01;29.98,115.34;30.18,111.47;34.31,107.23;
#5:
>0:26.51,115.13;28.56,115.25;28.7,112.15;35.14,114.58;
#6:
>0:38.16,105.84;40.61,103.21;35.47,99.92;
#7:
>0:36.05,100.07;36.67,104.02;34.57,106.72;35.5,110.66;29.95,112.06;
#8:
>0:30.25,111.55;31.68,110.19;32.37,106.02;25.56,104.62;
#9:
>0:37.75,105.02;36.8,101.96;
#10:
>0:38.8,115.52;34.34,111.55;38.33,108.33;39.22,108.88;38.12,103.32;
#11:
>0:38.04,113.02;36.39,109.11;31.5,107.95;
#12:
>0:41.57,100.66;39.76,103.81;41.22,108.12;
#13:
>0:41.15,101.11;38.91,104.75;41.24,108.04;
#14:
>0:41.05,109.38;36.21,108.52;34.79,105.64;31.43,107.08;29.33,102.27;
#15:
>0:35.52,111.32;37.08,109.6;39.88,108.27;37.84,107.59;39.35,99.86;
#16:
>0:39.36,100.7;37.97,103.0;34.56,105.35;36.06,109.81;31.74,109.85;27.32,112.45;
#17:
>0:40.96,107.01;40.04,110.17;36.13,110.89;33.8,111.5;33.08,112.8;25.0,108.59;
#18:
>0:38.0,99.77;37.66,101.45;
#19:
>0:26.73,103.49;28.74,107.36;32.24,109.17;32.27,112.24;37.95,116.05;
#20:
>0:39.93,105.71;41.25,110.59;36.49,111.44;33.53,109.33;32.64,106.15;25.13,103.19;
#21:
>0:39.68,100.81;36.58,104.12;40.47,107.16;39.52,109.65;37.35,108.65;30.71,116.16;
#22:
>0:32.39,112.73;32.75,109.13;
#23:
>0:33.04,102.24;35.14,100.44;38.27,106.79;
#24:
>0:36.65,111.27;33.84,109.7;32.76,107.41;29.33,103.3;26.85,104.82;
#25:
>0:38.16,115.1;36.52,111.73;
#26:
>0:38.9,99.63;37.7,103.6;37.96,100.0;34.89,105.11;31.9,99.84;27.01,100.91;
#27:
>0:36.47,104.84;35.43,107.8;34.35,110.26;
#28:
>0:39.9,100.48;38.59,104.0;35.93,107.93;36.02,108.51;31.75,108.7;32.56,115.58;
#29:
>0:30.87,108.31;30.61,108.3;
#30:
>0:34.91,99.68;38.05,104.24;33.39,107.38;31.43,107.97;32.56,110.83;30.72,115.37;
#31:
>0:36.98,109.36;40.63,113.64;38.92,115.89;
#32:
>0:40.56,100.36;37.96,104.1;34.0,108.01;33.55,110.3;31.74,110.99;26.4,112.54;
#33:
>0:40.5,111.86;37.43,112.4;
#34:
>0:36.83,101.06;38.09,100.7;
#35:
>0:27.22,115.18;28.86,116.73;29.84,111.64;36.09,115.4;
#36:
>0:34.16,115.86;31.46,113.73;32.21,109.46;26.3,111.5;
#37:
>0:39.15,108.85;36.41,110.32;36.76,113.9;
#38:
>0:32.57,111.64;32.63,109.14;34.72,107.02;39.45,105.17;
#39:
>0:26.54,115.79;27.94,113.08;
#40:
>0:36.31,100.23;35.97,105.09;31.9,106.13;30.23,106.02;25.8,108.47;28.8,116.28;
#41:
>0:35.83,112.37;33.21,112.13;31.11,109.22;31.8,102.65;
#42:
>0:37.48,116.62;34.98,111.61;35.82,110.0;
#43:
>0:37.6,106.63;36.93,105.41;
