#0:
>0:41.52,116.54;39.63,115.38;
#1:
>0:37.65,102.75;39.4,107.64;38.39,110.15;40.73,111.52;37.66,114.9;
#2:
>0:37.77,101.46;38.47,100.24;
#3:
>0:40.98,115.47;36.65,116.55;34.96,115.43;31.3,112.89;27.89,108.83;25.86,104.13;
#4:
>0:36.11,107.82;40.68,104.94;37.28,101.5;
#5:
>0:35.26,105.73;34.33,109.64;38.46,113.47;
#6:
>0:27.01,107.45;25.18,108.42;26.01,111.31;
#7:
>0:27.46,116.33;27.85,111.5;30.95,109.29;31.44,107.56;31.24,103.94;
#8:
>0:30.31,114.74;30.94,112.06;36.0,110.47;31.71,107.13;30.73,102.98;31.29,101.34;
#9:
>0:40.41,105.91;36.93,109.04;34.24,110.69;35.35,113.14;30.44,116.2;
#10:
>0:28.15,101.36;32.5,100.78;35.47,103.2;36.66,102.34;39.44,106.71;
#11:
>0:25.28,104.22;28.73,100.73;
#12:
>0:33.98,102.35;38.56,103.09;
#13:
>0:37.03,108.24;41.15,108.87;37.66,107.43;41.6,102.0;
#14:
>0:39.79,114.8;39.99,116.51;
#15:
>0:27.31,111.36;26.89,108.46;29.18,111.68;31.63,110.39;37.43,104.29;
#16:
>0:35.99,102.03;31.9,104.02;28.45,102.7;26.37,107.58;26.9,110.99;28.69,114.09;
#17:
>0:34.34,103.51;37.69,104.97;
#18:
>0:31.69,101.53;34.21,105.15;36.29,107.11;
#19:
>0:25.03,101.16;25.83,103.5;
#20:
>0:27.35,116.66;28.72,113.02;31.38,110.9;35.09,107.48;37.31,106.97;
#21:
>0:41.05,109.74;36.76,106.55;33.78,110.11;30.91,106.46;28.82,104.37;
#22:
>0:29.88,104.2;26.2,108.0;27.53,109.38;27.94,110.97;27.5,113.96;
#23:
>0:38.15,101.97;37.07,102.47;35.81,104.74;30.58,102.47;26.49,105.81;
#24:
>0:32.48,114.73;28.75,114.13;
#25:
>0:25.74,106.63;29.87,104.44;33.23,100.91;34.28,102.76;36.46,106.68;40.57,111.77;
#26:
>0:31.47,114.69;30.09,114.85;27.42,114.48;
#27:
>0:28.25,115.78;30.44,113.84;
#28:
>0:40.53,115.69;40.88,114.94;
#29:
>0:37.5,105.27;39.71,107.37;
#30:
>0:30.4,105.81;31.41,108.67;30.49,110.98;27.37,116.31;
#31:
>0:27.07,103.0;30.51,105.59;30.84,108.65;34.81,108.31;
#32:
>0:25.98,109.22;29.28,108.56;28.78,112.06;30.96,109.12;38.02,104.26;
#33:
>0:41.32,116.25;40.0,114.12;
#34:
>0:37.14,110.44;40.02,113.07;38.74,114.21;
#35:
>0:33.67,105.18;35.79,104.44;
#36:
>0:40.89,116.08;37.07,114.34;33.98,116.19;31.44,113.21;30.48,116.4;
#37:
>0:29.39,103.23;25.21,103.05;25.72,110.25;
#38:
>0:40.05,108.63;37.24,108.08;34.38,110.38;32.59,109.14;30.44,113.58;
#39:
>0:32.51,112.04;29.17,109.31;26.58,110.65;27.3,107.15;31.1,100.12;
#40:
>0:40.42,113.93;39.32,116.74;
#41:
>0:41.19,114.17;40.24,116.13;
#42:
>0:37.23,103.07;37.89,106.79;36.29,109.84;36.89,112.86;
#43:
>0:31.39,103.87;33.51,103.2;34.14,108.97;
