#0:
>0:34.99,116.34;35.63,115.89;38.11,115.92;39.74,115.98;
#1:
>0:40.31,116.62;40.83,116.41;
#2:
>0:31.81,114.49;30.89,114.35;
#3:
>0:40.51,116.54;41.35,116.31;
#4:
>0:40.08,116.28;40.86,116.51;
#5:
>0:40.36,116.66;40.3,116.34;
#6:
>0:41.17,116.47;39.91,116.4;
#7:
>0:35.95,116.23;38.07,116.46;41.31,116.51;
#8:
>0:40.21,116.66;40.47,116.32;
#9:
>0:39.25,114.75;38.63,115.03;36.32,115.03;35.21,115.26;32.68,115.41;31.73,114.82;
#10:
>0:41.01,116.47;37.46,116.05;36.54,115.5;
#11:
>0:32.0,115.71;31.13,115.16;32.34,114.74;34.35,115.04;37.51,114.5;
#12:
>0:40.79,116.32;40.23,116.31;
#13:
>0:40.09,115.35;39.46,114.99;
#14:
>0:38.43,114.59;35.56,114.88;34.17,115.34;32.72,115.71;
#15:
>0:32.35,115.77;33.97,115.97;35.53,116.16;
#16:
>0:39.71,114.72;37.51,114.75;
#17:
>0:40.6,116.64;41.03,116.57;
#18:
>0:39.82,115.08;37.75,115.01;35.52,114.64;36.27,114.79;34.25,115.12;31.56,115.5;
#19:
>0:37.71,114.74;39.86,114.43;
#20:
>0:38.49,115.85;36.66,115.23;35.17,114.9;32.38,114.59;30.63,114.45;
#21:
>0:40.45,116.39;39.23,116.1;
#22:
>0:38.48,115.0;35.55,114.34;36.75,114.8;32.53,115.49;
#23:
>0:34.11,116.36;33.37,116.03;31.13,115.78;31.01,115.38;33.23,114.98;
#24:
>0:30.6,114.96;33.52,114.75;33.09,115.22;32.07,115.53;31.02,116.36;
#25:
>0:38.64,114.81;40.21,115.27;37.26,115.5;40.31,115.54;36.12,116.33;
#26:
>0:35.39,115.21;36.26,115.88;35.05,115.88;31.75,116.66;
#27:
>0:31.45,115.29;32.77,115.61;34.94,116.02;35.68,116.4;38.2,116.29;40.8,116.5;
#28:
>0:40.25,116.09;39.95,116.43;38.26,116.53;40.41,116.34;
#29:
>0:40.24,116.32;40.44,116.62;
#30:
>0:32.06,114.49;32.82,114.53;33.13,114.9;34.05,115.07;38.22,114.56;
#31:
>0:38.76,115.45;37.83,114.73;36.13,115.03;35.05,114.79;32.43,114.98;
#32:
>0:35.53,116.25;38.37,116.66;40.21,116.48;
#33:
>0:37.5,116.35;36.59,115.96;34.02,115.55;35.37,115.1;34.35,114.8;33.91,114.55;
#34:
>0:30.7,115.68;33.21,115.27;32.97,114.99;33.47,114.6;
#35:
>0:35.67,114.31;36.96,114.72;34.62,114.87;33.89,115.84;
#36:
>0:36.76,116.01;34.02,115.69;33.79,115.18;
#37:
>0:37.72,114.32;37.0,114.8;35.82,115.29;
#38:
>0:34.75,114.58;36.07,114.43;
#39:
>0:39.72,115.23;39.62,115.06;
#40:
>0:37.77,114.43;35.53,114.74;35.6,115.21;
#41:
>0:36.18,115.42;33.92,114.89;32.28,114.72;
#42:
>0:37.22,114.82;35.58,114.74;34.56,114.84;32.79,114.84;
#43:
>0:38.87,114.36;38.65,114.84;35.58,115.39;34.93,115.67;32.15,115.94;31.45,116.11;
#44:
>0:33.66,116.05;35.35,116.45;36.8,116.31;
#45:
>0:38.24,116.2;36.05,115.5;34.02,115.41;32.45,114.91;32.07,114.54;
#46:
>0:35.15,114.55;36.42,114.6;37.9,115.0;40.12,115.15;38.14,115.67;38.41,116.58;
#47:
>0:38.08,116.25;37.89,115.51;35.9,115.6;35.7,114.88;
#48:
>0:39.65,114.44;37.32,114.76;39.62,115.19;37.06,115.52;
#49:
>0:35.03,115.21;36.41,114.93;38.63,115.32;39.27,114.75;
#50:
>0:38.35,114.67;35.57,115.01;35.17,115.13;32.22,115.78;
#51:
>0:34.99,114.9;36.26,115.39;38.56,115.76;39.77,116.1;
#52:
>0:34.24,116.31;34.62,116.12;32.35,115.52;
#53:
>0:41.03,116.61;41.43,116.66;
#54:
>0:36.95,114.72;35.16,115.23;
#55:
>0:34.27,114.97;32.88,114.97;
#56:
>0:41.13,116.54;39.82,116.65;
#57:
>0:30.85,114.34;33.75,114.95;33.87,115.44;36.71,115.57;37.48,115.74;39.4,115.49;
#58:
>0:37.7,115.71;38.11,115.34;36.57,115.09;36.06,114.59;
#59:
>0:41.11,116.52;40.24,116.38;
#60:
>0:40.66,116.49;40.36,116.66;
#61:
>0:31.04,115.35;32.53,115.74;35.22,116.11;35.58,116.33;37.88,116.44;41.27,116.31;
#62:
>0:36.37,115.94;33.9,115.51;33.71,115.16;
#63:
>0:35.72,114.89;38.54,115.3;39.86,115.36;39.9,116.26;
#64:
>0:38.14,116.24;38.36,115.8;36.68,115.59;34.09,115.69;30.63,115.68;
#65:
>0:34.21,114.53;35.45,114.38;37.96,114.73;38.77,115.33;37.79,115.7;39.86,116.6;
#66:
>0:38.64,115.32;35.85,115.7;34.84,116.07;34.19,116.39;
#67:
>0:40.31,116.45;40.24,116.4;
#68:
>0:39.25,114.89;38.24,114.75;
#69:
>0:37.97,116.47;36.48,116.11;34.74,116.1;
#70:
>0:40.4,116.36;40.1,116.44;
#71:
>0:39.55,115.59;39.39,115.45;39.5,114.78;37.39,114.38;
#72:
>0:31.96,114.49;33.7,114.66;
#73:
>0:40.05,116.54;41.01,116.52;
#74:
>0:34.16,115.2;36.67,115.75;
#75:
>0:40.09,116.3;40.3,116.53;
#76:
>0:40.06,116.47;41.09,116.62;
#77:
>0:39.5,116.02;40.76,116.52;36.47,116.41;
#78:
>0:39.14,115.35;39.03,115.87;38.79,115.92;
#79:
>0:32.08,114.59;33.63,114.68;
#80:
>0:41.46,116.53;40.15,116.62;
#81:
>0:32.96,116.05;34.18,116.2;36.35,115.68;38.0,115.42;40.07,114.88;
#82:
>0:39.85,116.55;41.04,116.57;
#83:
>0:34.87,115.24;35.78,115.6;
#84:
>0:36.6,116.2;34.62,116.09;33.71,115.75;32.52,114.72;
#85:
>0:40.14,116.3;41.29,116.58;
#86:
>0:36.0,114.5;36.7,115.07;34.58,115.13;31.71,115.55;
#87:
>0:31.72,114.69;33.43,114.91;34.99,114.85;36.51,115.28;
#88:
>0:35.47,116.4;34.46,116.07;33.6,115.6;30.84,115.48;33.52,115.05;
#89:
>0:37.93,115.88;37.04,115.27;34.7,114.97;33.42,114.47;31.56,114.4;
#90:
>0:39.56,114.8;37.8,114.91;35.83,114.91;34.52,115.1;33.64,115.17;30.62,114.89;
#91:
>0:32.02,115.5;31.03,115.19;32.73,114.95;
#92:
>0:37.52,114.88;36.71,115.02;35.16,115.07;33.44,114.74;
#93:
>0:41.24,116.45;41.12,116.41;
#94:
>0:40.8,116.34;37.63,116.25;36.7,116.27;34.46,116.26;
#95:
>0:37.75,114.75;38.35,115.11;35.91,115.05;32.46,115.41;
#96:
>0:30.59,116.07;31.33,116.01;
#97:
>0:40.34,116.51;39.84,116.4;
#98:
>0:32.37,115.55;33.95,116.11;36.18,116.02;
#99:
>0:33.13,115.1;31.44,114.76;31.55,114.52;
#100:
>0:38.09,114.8;39.3,115.15;38.08,115.85;38.74,116.12;36.2,116.39;
#101:
>0:39.87,116.44;40.95,116.36;
#102:
>0:38.5,114.58;36.67,114.98;35.48,115.12;36.54,115.83;35.97,116.19;
#103:
>0:39.0,115.53;37.82,115.59;37.15,114.77;
#104:
>0:30.98,116.27;32.4,116.07;33.93,115.52;
#105:
>0:31.71,116.62;31.1,116.23;33.17,116.11;31.23,115.27;
#106:
>0:37.78,114.8;36.83,114.93;35.02,114.71;33.78,114.81;
#107:
>0:41.14,116.34;39.9,116.65;
#108:
>0:40.03,114.55;38.3,114.56;35.85,114.44;34.77,114.59;
#109:
>0:32.85,114.45;31.91,114.4;33.64,114.86;31.17,115.73;
#110:
>0:33.5,114.66;33.44,114.89;33.95,114.89;35.49,115.59;
#111:
>0:35.85,116.45;34.51,116.02;34.87,115.52;32.39,115.32;31.36,114.88;
#112:
>0:35.12,116.53;35.59,116.06;35.78,115.84;
#113:
>0:32.66,115.03;34.08,114.72;36.89,114.52;38.33,115.08;40.16,115.38;
#114:
>0:36.98,115.95;38.37,116.35;40.64,116.43;
#115:
>0:39.04,114.54;38.5,115.05;
#116:
>0:37.56,114.83;36.9,114.85;33.89,114.83;33.51,115.32;
#117:
>0:40.82,116.33;41.26,116.55;
#118:
>0:40.32,116.3;41.39,116.65;
#119:
>0:40.52,116.35;41.08,116.49;
#120:
>0:39.76,114.79;37.51,115.02;37.96,115.86;
#121:
>0:37.36,115.82;37.6,115.12;40.27,115.03;
#122:
>0:41.11,116.62;40.34,116.33;
#123:
>0:39.72,115.07;40.28,114.33;
#124:
>0:34.49,115.17;36.56,115.64;
#125:
>0:39.31,115.23;38.57,115.67;36.2,115.79;
#126:
>0:41.32,116.32;41.22,116.56;
#127:
>0:40.31,116.3;40.34,116.47;
#128:
>0:30.89,114.93;32.83,115.31;34.69,115.6;36.46,116.23;
#129:
>0:41.45,116.45;40.16,116.44;
#130:
>0:33.56,115.83;35.02,115.9;
#131:
>0:38.55,115.57;36.23,115.21;35.08,115.78;
#132:
>0:36.31,114.45;36.13,114.69;
#133:
>0:35.54,116.64;34.19,115.99;33.73,115.86;32.88,115.26;32.09,114.72;
#134:
>0:40.51,116.48;41.08,116.58;
#135:
>0:33.65,115.13;34.15,115.61;36.99,115.95;38.1,116.22;39.37,116.01;
#136:
>0:34.92,114.89;33.42,114.71;
#137:
>0:35.97,116.22;34.06,115.7;33.67,115.14;33.26,114.92;33.79,114.32;
#138:
>0:39.63,115.82;37.97,116.17;36.77,116.44;
#139:
>0:38.13,116.62;38.35,115.99;36.4,115.74;
#140:
>0:41.05,116.34;41.1,116.39;
#141:
>0:39.99,115.66;38.0,115.48;37.7,114.71;
#142:
>0:36.49,115.99;34.32,115.87;35.34,115.26;
#143:
>0:38.95,115.01;38.49,114.93;37.84,115.51;
#144:
>0:38.78,114.56;38.67,115.07;36.3,115.12;34.23,115.75;35.3,115.98;
#145:
>0:35.0,116.4;33.88,116.12;32.01,115.68;
#146:
>0:39.93,116.47;39.94,116.49;
#147:
>0:33.93,116.2;36.67,115.83;38.09,115.77;
#148:
>0:40.07,116.59;41.45,116.44;
#149:
>0:38.41,115.51;38.46,115.12;
#150:
>0:35.56,116.38;34.97,115.9;32.3,115.73;32.63,115.19;31.33,115.02;
#151:
>0:35.15,115.69;33.61,116.15;
#152:
>0:37.67,116.39;36.73,115.95;35.1,116.15;33.46,116.18;30.65,115.1;
#153:
>0:39.37,114.98;37.75,115.01;35.62,114.71;
#154:
>0:40.25,114.67;37.38,114.98;
#155:
>0:31.62,116.51;30.78,116.25;33.49,116.03;32.03,115.6;34.4,114.88;
#156:
>0:31.5,114.86;33.76,115.31;34.24,115.58;35.89,115.78;37.11,115.66;
#157:
>0:39.52,115.39;38.06,115.55;36.09,115.67;
#158:
>0:34.44,116.57;35.61,116.02;35.73,115.57;
#159:
>0:34.45,115.74;32.89,116.16;33.91,116.35;
#160:
>0:33.92,115.35;32.74,115.75;
#161:
>0:39.88,114.54;39.64,114.81;38.53,115.09;37.26,115.54;
#162:
>0:38.25,116.06;38.55,116.01;
#163:
>0:40.54,116.55;41.33,116.5;
#164:
>0:39.06,114.37;38.65,115.06;
#165:
>0:33.05,115.03;35.17,114.83;36.9,115.51;
#166:
>0:40.97,116.47;40.22,116.4;
#167:
>0:36.17,115.43;36.33,115.6;34.15,115.74;30.6,115.66;
#168:
>0:33.06,116.55;34.49,116.31;37.04,116.25;38.23,116.27;
#169:
>0:32.78,114.42;33.65,114.98;34.46,114.98;36.09,115.63;
#170:
>0:34.27,114.65;37.04,114.6;38.64,114.73;39.1,115.31;37.97,115.61;37.23,116.6;
#171:
>0:35.58,114.72;38.04,115.46;39.93,115.38;38.93,116.13;
#172:
>0:33.11,115.59;34.93,116.23;36.77,116.64;38.45,116.52;41.12,116.29;
#173:
>0:31.37,116.44;30.72,116.21;33.07,115.81;36.01,115.58;
#174:
>0:36.15,116.56;38.31,116.52;
#175:
>0:36.0,115.44;36.38,115.72;34.95,115.74;31.37,116.58;
#176:
>0:34.16,116.49;32.8,116.16;32.38,115.59;32.88,115.4;32.54,114.73;33.2,114.59;
#177:
>0:39.21,114.54;38.18,114.98;36.85,115.25;34.05,115.64;35.28,116.08;
#178:
>0:39.91,116.5;41.34,116.46;
#179:
>0:31.38,115.75;30.92,115.22;31.37,114.95;31.4,114.56;
#180:
>0:39.85,115.06;38.01,115.41;39.04,115.11;38.11,115.7;40.58,116.62;
#181:
>0:30.74,115.01;32.36,115.1;33.63,115.5;34.16,115.92;33.0,116.65;
#182:
>0:34.73,114.55;36.49,114.42;36.91,114.75;34.05,115.8;
#183:
>0:39.87,116.48;39.99,116.42;
#184:
>0:39.82,116.35;40.51,116.63;
#185:
>0:35.88,116.46;34.0,116.56;32.87,116.64;31.72,116.32;
#186:
>0:32.07,115.57;32.13,115.27;35.34,115.08;
#187:
>0:38.14,115.68;36.29,115.19;34.91,114.77;34.55,114.66;
#188:
>0:40.64,116.33;39.99,116.55;
#189:
>0:40.64,116.31;40.13,116.34;
#190:
>0:32.74,114.98;32.75,115.38;35.72,114.65;
#191:
>0:32.81,114.52;35.31,114.83;36.75,115.23;38.54,115.69;38.26,116.21;
#192:
>0:37.69,114.51;36.44,114.47;35.56,115.06;33.31,115.24;
#193:
>0:41.35,116.47;40.06,116.58;
#194:
>0:40.78,116.58;41.09,116.33;
#195:
>0:36.81,116.25;34.08,115.55;35.54,115.81;38.58,114.86;
#196:
>0:40.31,116.29;40.85,116.39;
#197:
>0:40.09,116.37;40.82,116.37;
#198:
>0:37.69,115.59;38.5,115.21;
#199:
>0:40.6,116.57;40.38,116.85;
#200:
>0:40.34,116.47;37.3,116.16;35.74,116.25;
#201:
>0:33.5,115.37;33.98,115.45;
#202:
>0:40.51,116.58;41.38,116.59;
#203:
>0:36.42,115.42;38.1,114.71;
#204:
>0:36.62,115.46;36.96,114.76;
#205:
>0:40.17,116.48;41.43,116.39;
#206:
>0:36.25,115.3;37.94,114.84;
#207:
>0:40.35,116.51;41.38,116.43;
#208:
>0:38.86,114.6;39.53,114.99;38.42,115.04;33.95,115.0;
#209:
>0:31.55,114.42;32.18,114.9;34.07,115.37;35.86,115.83;37.22,116.26;39.08,116.02;
#210:
>0:31.37,116.33;32.9,116.5;35.18,116.44;
#211:
>0:34.63,115.1;36.31,115.76;
