#0:
>0:31.11,115.1;33.4,115.1;34.98,115.44;
#1:
>0:40.44,116.37;40.51,116.42;
#2:
>0:31.1,115.11;32.24,114.84;35.39,114.44;36.94,114.5;37.16,114.54;
#3:
>0:37.16,115.61;39.57,115.49;
#4:
>0:40.96,116.39;39.99,115.6;39.94,115.32;
#5:
>0:40.92,116.03;37.31,115.7;36.85,115.64;34.46,115.35;32.96,115.07;
#6:
>0:35.18,115.3;36.32,115.65;38.69,115.76;40.66,115.99;
#7:
>0:41.03,116.4;41.13,116.3;
#8:
>0:35.21,116.04;35.69,116.1;38.33,116.51;
#9:
>0:38.02,114.7;36.63,114.94;33.84,115.35;32.61,115.7;31.34,115.55;30.78,116.3;
#10:
>0:39.87,116.28;40.19,116.45;
#11:
>0:34.7,114.77;35.91,115.44;38.5,115.61;39.38,115.76;
#12:
>0:34.96,115.71;36.65,116.04;36.31,116.28;
#13:
>0:41.32,116.53;40.88,116.39;
#14:
>0:32.92,115.32;34.68,115.44;
#15:
>0:40.77,116.26;38.48,115.94;
#16:
>0:39.97,116.29;37.21,116.43;36.31,115.79;
#17:
>0:36.26,116.59;37.33,116.62;37.34,116.19;36.8,115.19;
#18:
>0:33.9,114.48;35.97,114.58;
#19:
>0:38.19,114.62;35.55,115.03;35.08,115.44;33.57,115.58;31.17,115.78;31.85,116.41;
#20:
>0:40.82,116.44;37.16,116.19;36.19,115.81;33.89,115.63;33.45,116.2;30.95,116.12;
#21:
>0:31.08,114.84;33.64,114.79;34.87,115.24;36.17,115.79;37.15,115.51;40.08,114.75;
#22:
>0:40.45,116.65;41.14,116.34;
#23:
>0:31.36,115.64;33.51,115.2;34.13,115.34;36.16,115.63;38.68,115.66;38.87,115.53;
#24:
>0:34.94,115.23;32.55,114.74;
#25:
>0:39.84,116.33;40.58,116.38;
#26:
>0:32.71,116.63;34.24,116.17;36.07,115.52;37.44,115.55;39.92,115.3;40.2,114.43;
#27:
>0:39.89,116.57;40.57,116.54;
#28:
>0:31.21,114.32;30.54,115.01;33.5,115.06;33.82,115.15;36.41,115.82;41.35,116.67;
#29:
>0:40.67,116.33;40.21,116.5;
#30:
>0:31.19,116.63;32.19,116.54;34.52,116.54;36.55,116.26;37.65,116.64;
#31:
>0:38.79,114.95;39.22,115.36;39.78,115.61;
#32:
>0:35.59,116.17;34.74,115.66;32.91,115.45;
#33:
>0:32.88,114.31;31.72,114.95;32.69,114.91;34.96,115.18;35.39,115.53;33.97,116.63;
#34:
>0:31.84,115.73;31.83,115.25;
#35:
>0:41.21,116.4;40.35,116.53;
#36:
>0:31.0,116.07;32.23,115.99;31.73,115.67;31.08,114.78;
#37:
>0:40.31,116.22;38.35,116.37;37.24,116.06;34.39,115.57;
#38:
>0:32.97,116.11;33.5,115.78;
#39:
>0:38.8,114.98;37.8,115.14;37.64,115.84;38.0,116.11;37.72,116.46;
#40:
>0:33.75,115.93;30.68,115.8;33.64,115.41;30.76,115.0;35.37,114.35;
#41:
>0:38.5,114.77;35.56,115.42;37.19,115.56;34.5,116.17;
#42:
>0:31.16,115.74;33.4,115.48;33.47,114.75;33.12,114.34;
#43:
>0:40.29,116.59;40.35,116.32;
#44:
>0:40.22,116.42;39.91,116.51;
#45:
>0:40.01,116.33;40.73,116.6;
#46:
>0:32.82,114.45;31.95,114.4;
#47:
>0:35.61,114.59;37.07,114.72;34.63,115.43;
#48:
>0:40.35,116.31;38.04,116.44;35.96,116.39;35.84,116.19;34.38,116.4;31.32,115.72;
#49:
>0:36.62,116.11;35.37,115.75;32.2,115.23;32.0,115.06;31.87,114.34;
#50:
>0:33.92,114.4;36.42,114.58;36.79,114.83;36.57,115.55;
#51:
>0:32.62,114.77;34.6,115.49;35.47,115.54;37.4,115.75;39.68,115.52;
#52:
>0:30.84,115.96;31.72,116.29;32.79,116.29;36.83,115.73;
#53:
>0:41.3,116.46;40.16,116.45;
#54:
>0:38.0,114.62;36.18,114.54;34.76,115.06;34.18,115.12;36.4,115.58;40.27,116.6;
#55:
>0:37.56,115.65;39.81,115.41;37.53,114.76;39.72,114.58;
#56:
>0:40.09,114.48;37.85,114.77;36.66,115.33;35.12,115.67;33.47,116.25;30.63,116.51;
#57:
>0:34.76,114.92;34.76,115.13;34.07,115.67;36.98,116.04;36.74,116.52;
#58:
>0:41.37,116.66;40.21,116.31;
#59:
>0:33.54,115.07;32.08,114.81;
#60:
>0:39.78,116.24;40.36,116.42;
#61:
>0:39.91,116.57;41.25,116.54;
#62:
>0:40.96,116.42;41.1,116.36;
#63:
>0:39.53,115.17;38.7,114.82;35.5,114.59;
#64:
>0:40.69,116.29;40.15,116.52;
#65:
>0:35.57,115.45;36.6,115.07;
#66:
>0:32.35,115.11;32.44,114.75;34.74,114.31;
#67:
>0:36.81,114.59;34.65,115.02;32.34,115.29;31.39,114.5;
#68:
>0:41.42,116.49;39.91,116.41;
#69:
>0:38.6,114.43;37.53,115.01;39.37,115.24;40.04,115.77;36.58,116.14;
#70:
>0:30.74,116.26;32.77,115.5;31.29,115.79;31.26,114.88;
#71:
>0:34.48,116.54;33.54,116.16;31.79,115.88;
#72:
>0:34.85,114.38;36.51,114.63;35.63,115.07;35.88,115.15;40.22,116.2;
#73:
>0:31.32,115.14;33.38,115.55;33.61,115.94;32.66,116.66;
#74:
>0:37.23,116.54;35.45,116.57;34.83,115.82;
#75:
>0:37.88,115.81;39.63,115.39;37.29,114.71;38.85,114.68;
#76:
>0:36.95,115.2;38.5,115.5;38.62,116.12;40.73,116.32;
#77:
>0:40.05,116.59;41.04,116.32;
#78:
>0:36.03,116.5;34.35,116.12;32.8,115.74;30.83,115.45;
#79:
>0:38.21,116.08;37.19,116.37;
#80:
>0:32.29,114.5;32.7,114.73;35.36,115.18;37.58,115.77;
#81:
>0:30.58,116.43;32.62,116.61;34.09,116.01;36.22,115.51;38.26,116.16;38.92,115.48;
#82:
>0:31.62,116.48;32.35,116.55;33.74,116.18;31.13,115.74;32.0,114.99;
#83:
>0:39.56,114.55;38.22,114.93;38.38,115.44;
#84:
>0:34.1,114.84;35.09,115.36;37.52,115.64;
#85:
>0:40.53,116.38;39.83,116.57;
#86:
>0:33.32,114.87;34.62,115.35;36.82,115.58;34.06,115.63;34.64,116.51;
#87:
>0:31.06,115.8;30.51,115.4;
#88:
>0:34.32,116.56;35.53,116.48;
#89:
>0:34.33,115.96;33.62,116.61;31.62,116.3;
#90:
>0:39.54,115.62;37.51,115.5;40.01,115.42;38.46,114.49;
#91:
>0:41.27,116.29;41.06,116.49;
#92:
>0:38.87,114.33;40.28,114.72;37.9,115.35;38.67,115.82;36.71,116.09;
#93:
>0:36.85,115.76;34.16,116.13;
#94:
>0:31.62,115.84;33.45,115.43;34.33,115.09;
#95:
>0:39.89,115.5;39.66,115.27;
#96:
>0:36.12,114.49;34.01,115.09;32.9,115.16;31.21,114.62;
#97:
>0:37.54,114.96;37.02,114.43;
#98:
>0:33.37,116.37;34.7,116.07;36.27,115.53;38.58,115.64;39.95,115.18;40.33,114.6;
#99:
>0:34.03,115.71;32.92,116.09;32.79,116.32;
#100:
>0:31.02,115.75;31.59,115.12;
#101:
>0:36.56,115.54;35.23,115.33;33.55,115.44;32.78,114.33;
#102:
>0:34.07,116.49;36.35,116.37;
#103:
>0:40.85,116.28;41.08,116.32;
#104:
>0:37.05,116.19;35.06,116.39;33.45,116.24;31.52,115.14;
#105:
>0:33.0,115.68;31.03,115.61;
#106:
>0:38.42,114.73;40.29,114.93;35.91,115.68;
#107:
>0:40.26,116.43;40.67,116.41;
#108:
>0:40.84,116.25;39.73,115.88;39.48,115.12;
#109:
>0:35.36,115.72;35.83,116.21;35.52,116.41;40.99,116.53;
#110:
>0:32.64,115.68;33.12,116.15;32.57,116.41;
#111:
>0:33.86,116.14;32.71,115.69;31.58,115.98;
#112:
>0:34.49,115.9;32.9,115.51;31.45,115.92;
#113:
>0:36.72,115.27;37.22,115.79;39.75,114.87;
#114:
>0:35.35,115.66;33.38,115.99;32.06,115.65;
#115:
>0:33.21,115.01;31.69,114.64;
#116:
>0:37.05,116.24;34.73,116.61;33.41,116.19;31.83,115.31;
#117:
>0:33.97,115.63;35.12,115.98;
#118:
>0:33.87,114.34;34.98,114.71;
#119:
>0:39.75,114.62;37.72,114.72;36.15,115.31;34.06,115.69;32.92,116.06;30.83,116.16;
#120:
>0:35.91,116.58;34.71,116.11;35.11,115.76;
#121:
>0:40.07,116.57;41.37,116.44;
#122:
>0:34.22,115.34;33.51,114.78;
#123:
>0:40.26,116.56;40.7,116.41;
#124:
>0:41.18,116.28;37.51,115.51;38.12,115.28;
#125:
>0:33.88,115.94;36.8,115.74;37.42,115.73;38.38,114.7;
#126:
>0:31.94,116.36;32.71,116.28;35.09,116.07;36.05,115.77;38.12,115.91;38.96,115.12;
#127:
>0:34.8,115.34;36.72,114.82;38.51,114.48;
#128:
>0:32.73,114.89;34.2,115.33;36.14,115.77;38.23,116.1;
#129:
>0:40.53,116.33;41.29,116.5;
#130:
>0:33.58,116.18;34.58,115.8;36.97,115.3;37.71,115.88;39.71,114.92;
#131:
>0:40.04,114.54;37.25,114.34;36.7,114.5;34.22,114.46;33.74,114.54;
#132:
>0:37.59,116.37;35.79,115.97;34.6,115.72;34.09,115.34;34.85,114.94;
#133:
>0:36.99,114.4;35.34,114.39;
#134:
>0:31.16,114.37;31.98,114.76;33.28,114.93;34.16,115.27;35.53,115.61;41.11,115.96;
#135:
>0:35.51,115.33;36.9,115.53;
#136:
>0:40.02,116.34;37.69,116.21;37.97,115.53;40.35,115.43;38.2,115.06;34.32,114.59;
#137:
>0:36.22,116.47;35.43,116.01;33.52,115.58;31.12,115.85;32.77,115.13;33.46,114.38;
#138:
>0:33.21,115.21;33.56,114.8;35.36,114.54;
#139:
>0:32.85,115.51;32.06,115.71;
#140:
>0:40.9,116.3;40.04,116.29;
#141:
>0:37.88,115.7;38.87,115.38;38.08,114.84;39.19,114.34;
#142:
>0:31.55,115.44;31.54,115.71;
#143:
>0:39.59,114.57;37.83,114.4;37.01,114.66;34.34,114.54;33.46,114.34;
#144:
>0:39.83,116.29;41.12,116.46;
#145:
>0:31.73,114.82;31.15,115.32;32.64,115.27;36.01,115.77;
#146:
>0:37.09,115.03;39.81,115.45;
#147:
>0:31.68,116.44;32.7,115.98;30.91,115.5;32.94,115.1;32.92,114.81;34.77,114.6;
#148:
>0:32.65,114.94;35.12,115.23;35.44,115.79;38.06,116.02;40.35,115.12;
#149:
>0:40.42,116.32;40.53,116.33;
#150:
>0:40.16,116.19;37.96,116.55;37.96,116.22;36.66,115.82;35.08,115.3;30.91,115.0;
#151:
>0:34.14,116.4;32.9,116.13;30.6,115.73;33.16,115.2;33.0,114.78;34.76,114.62;
#152:
>0:33.5,115.17;31.79,115.24;
#153:
>0:32.54,116.11;31.15,115.83;32.8,115.29;33.31,114.76;34.66,114.43;
#154:
>0:40.34,116.55;37.27,116.16;37.12,115.72;40.35,115.47;37.35,115.0;35.17,114.57;
#155:
>0:36.87,116.27;37.94,116.5;
#156:
>0:31.08,116.59;32.57,116.35;34.67,116.24;35.77,115.53;37.46,116.2;
#157:
>0:41.05,116.4;40.17,116.52;
#158:
>0:40.33,116.51;40.65,116.65;
#159:
>0:35.69,116.06;38.49,115.62;39.16,115.22;37.83,114.7;39.34,114.64;
#160:
>0:37.05,114.76;34.95,114.93;32.46,115.43;
#161:
>0:36.13,114.94;34.25,115.39;35.2,115.74;36.12,116.22;35.71,116.61;
#162:
>0:35.1,116.41;33.25,116.22;32.0,115.58;
#163:
>0:31.89,115.14;30.82,115.56;
#164:
>0:40.83,116.64;40.21,116.41;
#165:
>0:34.62,114.69;35.97,114.52;37.64,115.43;
#166:
>0:38.27,114.82;35.55,115.28;
#167:
>0:40.76,116.28;40.37,116.58;
#168:
>0:40.3,116.55;40.45,116.33;
#169:
>0:35.89,116.5;38.22,116.52;37.62,116.05;36.28,115.27;
#170:
>0:34.57,115.3;36.82,115.7;37.63,116.07;40.16,116.21;
#171:
>0:37.38,114.53;36.64,114.36;34.12,114.7;33.39,114.57;
#172:
>0:40.09,116.67;37.79,116.22;38.55,115.82;39.9,115.11;37.21,114.89;34.1,114.53;
#173:
>0:30.72,114.38;31.73,114.74;33.36,114.8;34.6,115.43;36.97,115.56;40.05,116.65;
#174:
>0:40.31,116.33;40.83,116.34;
#175:
>0:39.96,114.59;37.29,114.56;36.53,114.36;34.38,114.62;33.03,114.45;
#176:
>0:39.98,116.29;40.36,116.7;
#177:
>0:34.4,116.34;32.62,116.25;32.89,115.61;31.29,115.55;32.71,115.03;
#178:
>0:31.89,115.02;33.08,115.44;
#179:
>0:33.15,116.58;34.67,116.18;36.98,115.56;38.36,115.65;39.36,115.33;40.21,114.66;
#180:
>0:36.97,115.93;36.92,116.05;
#181:
>0:35.61,114.37;34.07,114.81;32.27,115.34;30.96,114.5;
#182:
>0:38.01,116.26;37.64,115.79;36.14,116.16;32.18,116.14;
#183:
>0:37.34,116.56;35.61,116.12;34.23,116.59;32.62,115.94;31.35,115.15;
#184:
>0:39.65,114.92;39.91,115.29;39.01,115.85;
#185:
>0:40.28,114.67;37.85,114.76;35.67,115.11;33.89,115.55;33.37,116.04;31.89,115.95;
#186:
>0:39.28,115.21;38.05,115.08;36.34,114.69;34.74,115.0;32.93,115.48;
#187:
>0:30.96,114.87;32.49,115.05;34.3,114.59;36.09,114.56;37.84,115.48;
#188:
>0:39.56,116.14;37.28,116.44;38.46,116.24;35.0,115.68;
#189:
>0:40.47,116.53;40.61,116.3;
#190:
>0:37.99,114.87;37.02,114.92;
#191:
>0:35.49,115.32;38.45,115.55;39.63,116.24;
#192:
>0:32.04,115.98;32.35,115.68;31.23,115.73;30.62,115.07;
#193:
>0:38.37,115.84;37.76,115.38;37.31,114.95;37.11,114.58;
#194:
>0:39.2,114.98;38.14,115.29;38.66,114.92;35.9,114.49;32.16,115.38;
#195:
>0:41.11,116.41;40.26,116.41;
#196:
>0:33.87,115.5;33.34,116.0;32.56,116.31;
#197:
>0:32.23,114.97;31.48,114.79;
#198:
>0:32.97,116.43;34.41,115.95;35.75,115.56;38.51,115.74;40.13,115.48;39.05,114.33;
#199:
>0:33.9,116.11;32.69,115.57;30.93,115.96;
#200:
>0:36.53,115.65;33.85,116.26;
#201:
>0:31.63,116.6;33.32,116.56;34.94,116.11;36.1,115.71;38.0,115.62;39.87,115.77;
#202:
>0:32.63,115.02;34.73,114.5;36.12,114.66;37.54,115.4;
#203:
>0:32.94,116.58;34.17,116.61;33.0,115.91;31.68,115.39;
#204:
>0:37.63,116.63;41.17,115.93;39.04,115.7;
#205:
>0:34.25,115.1;34.71,115.76;36.23,116.24;38.23,116.66;
#206:
>0:31.95,115.21;33.72,114.97;35.22,114.65;36.54,114.68;38.48,114.7;
#207:
>0:39.55,116.16;37.15,115.73;36.78,115.77;34.04,115.15;32.59,114.9;
#208:
>0:34.75,114.85;32.68,115.24;31.18,115.78;30.97,116.25;31.04,116.53;
#209:
>0:32.26,114.64;32.84,114.98;
#210:
>0:31.74,114.35;30.7,114.86;32.86,115.06;34.21,115.32;34.52,115.78;37.75,116.67;
#211:
>0:31.63,116.5;33.25,116.02;34.0,115.79;35.99,115.31;
