#0:
>0:40.06,116.44;40.24,116.38;
#1:
>0:40.76,116.45;39.69,116.4;
#2:
>0:30.76,115.35;33.7,115.76;34.79,115.85;36.29,115.94;37.25,116.2;
#3:
>0:39.77,116.61;39.99,116.42;
#4:
>0:35.77,114.99;37.41,115.36;
#5:
>0:32.18,115.44;32.62,115.84;31.83,115.63;30.58,116.52;
#6:
>0:34.72,116.24;32.25,116.52;
#7:
>0:36.31,115.64;35.05,115.47;
#8:
>0:37.45,116.09;37.92,115.79;38.51,115.43;
#9:
>0:40.5,116.56;41.0,116.3;
#10:
>0:35.12,116.36;36.42,116.05;37.03,115.55;37.07,115.13;33.91,115.28;35.39,114.64;
#11:
>0:40.83,116.56;40.21,116.49;
#12:
>0:38.72,115.42;36.04,115.49;33.82,115.55;32.67,115.83;30.68,115.19;
#13:
>0:40.14,114.56;38.81,114.75;40.17,115.13;39.55,115.6;
#14:
>0:39.69,115.8;38.55,115.61;35.9,115.22;34.16,115.7;32.21,115.67;31.46,116.03;
#15:
>0:31.31,115.85;32.89,116.01;
#16:
>0:40.56,116.35;40.56,116.44;
#17:
>0:37.26,116.07;36.57,116.42;33.85,116.51;
#18:
>0:39.97,116.61;40.41,116.63;
#19:
>0:31.43,115.51;33.27,115.88;33.87,115.23;35.8,115.26;37.24,115.7;40.57,116.65;
#20:
>0:41.02,116.51;40.06,116.57;
#21:
>0:35.62,116.44;34.18,115.95;
#22:
>0:40.78,116.44;40.13,116.62;
#23:
>0:34.08,115.47;33.65,115.22;32.06,115.43;
#24:
>0:39.25,114.74;38.16,115.32;36.92,115.29;34.93,115.58;32.72,115.87;32.13,115.29;
#25:
>0:40.19,114.64;39.39,115.06;39.95,115.38;39.99,115.77;
#26:
>0:33.3,114.96;34.58,115.44;35.42,115.51;37.49,115.76;
#27:
>0:30.62,115.51;32.63,115.7;35.04,115.6;36.95,115.57;35.69,115.34;40.07,114.88;
#28:
>0:36.42,115.54;36.62,115.36;33.25,115.4;
#29:
>0:36.84,115.41;37.98,114.96;39.13,115.54;
#30:
>0:35.66,116.44;37.08,116.17;36.52,115.71;36.98,115.33;34.72,115.17;33.88,114.66;
#31:
>0:40.37,116.59;40.19,116.5;
#32:
>0:36.57,115.94;37.43,116.61;
#33:
>0:32.1,114.74;33.3,114.81;35.19,115.06;
#34:
>0:33.79,115.36;35.3,115.52;34.29,116.2;
#35:
>0:34.78,114.98;32.37,115.24;32.2,115.59;31.46,115.63;32.37,116.63;
#36:
>0:33.61,115.77;34.87,115.49;30.57,115.1;
#37:
>0:40.29,114.44;37.41,114.84;37.64,115.47;39.47,115.84;38.39,115.61;36.64,116.46;
#38:
>0:39.81,116.23;37.71,115.79;
#39:
>0:40.18,116.47;39.59,116.39;
#40:
>0:40.61,116.53;39.62,116.42;
#41:
>0:32.27,115.94;31.99,115.54;
#42:
>0:40.46,116.43;40.04,116.52;
#43:
>0:41.05,116.63;39.8,116.56;
#44:
>0:41.16,116.46;40.31,116.38;
#45:
>0:38.84,114.32;37.47,114.96;38.31,115.45;34.94,115.37;
#46:
>0:37.89,116.57;40.09,116.02;39.32,115.66;39.51,115.39;
#47:
>0:35.87,114.82;35.2,115.1;32.16,114.32;
#48:
>0:40.2,116.64;40.37,116.5;
#49:
>0:39.75,116.44;40.73,116.35;
#50:
>0:35.05,114.97;34.6,115.38;30.75,114.84;
#51:
>0:39.64,116.55;40.4,116.43;
#52:
>0:31.23,114.55;31.17,114.9;31.35,115.15;33.15,115.6;30.81,115.74;30.54,116.55;
#53:
>0:38.39,116.25;38.59,115.87;36.78,115.4;32.43,116.23;
#54:
>0:33.09,114.78;34.34,114.36;36.22,114.6;38.26,114.52;
#55:
>0:38.67,116.51;37.28,116.26;37.41,115.5;
#56:
>0:33.15,116.54;32.86,115.93;32.15,115.85;32.31,115.17;
#57:
>0:37.57,115.56;36.08,115.45;34.97,115.33;34.99,114.59;
#58:
>0:36.0,114.84;34.29,114.34;
#59:
>0:36.8,116.17;36.43,115.76;35.92,115.18;38.16,115.06;37.69,114.64;
#60:
>0:30.92,116.43;33.57,115.91;34.43,115.73;35.67,115.77;36.53,115.26;39.49,114.8;
#61:
>0:36.82,115.34;38.1,115.64;40.26,115.94;40.58,116.62;
#62:
>0:39.39,116.27;37.35,115.75;
#63:
>0:35.33,115.46;35.48,115.06;35.62,114.61;
#64:
>0:31.76,116.23;32.34,116.61;34.8,116.32;36.83,116.65;38.19,116.33;41.13,116.51;
#65:
>0:34.01,116.0;34.82,115.84;32.79,115.52;33.96,115.06;
#66:
>0:40.91,116.33;40.73,116.34;
#67:
>0:36.9,115.37;37.32,114.99;38.43,114.57;
#68:
>0:34.07,115.91;33.61,115.95;35.26,115.54;30.66,114.9;
#69:
>0:38.13,115.16;35.89,115.72;
#70:
>0:36.14,114.35;34.18,115.03;35.7,115.04;34.9,115.6;
#71:
>0:39.93,116.47;41.14,116.63;
#72:
>0:37.24,115.65;36.91,115.22;33.94,115.82;32.97,115.46;31.26,115.52;
#73:
>0:36.62,116.44;34.37,116.17;32.99,115.6;32.53,115.24;
#74:
>0:40.3,114.49;40.04,114.73;40.14,115.45;
#75:
>0:31.5,114.73;33.45,114.75;34.9,114.96;
#76:
>0:35.31,116.63;35.44,116.25;36.75,115.78;35.58,115.18;33.98,114.85;
#77:
>0:34.85,116.18;33.69,115.67;
#78:
>0:40.54,116.66;39.96,116.43;
#79:
>0:38.75,114.94;38.01,115.1;36.83,115.33;35.41,115.65;34.18,116.35;
#80:
>0:40.81,116.56;41.14,116.38;
#81:
>0:40.26,116.53;40.49,116.6;
#82:
>0:37.0,114.7;37.31,114.56;
#83:
>0:40.03,114.45;38.19,114.38;36.24,114.66;34.22,114.32;33.43,114.33;
#84:
>0:39.95,116.42;40.23,116.67;
#85:
>0:39.54,115.55;39.94,115.38;38.68,114.81;38.74,114.7;
#86:
>0:40.59,116.61;40.62,116.64;
#87:
>0:40.13,116.42;40.03,116.58;
#88:
>0:39.9,116.45;39.89,116.39;
#89:
>0:41.03,116.66;40.51,116.62;
#90:
>0:31.65,116.1;31.24,116.46;
#91:
>0:40.07,116.37;40.35,116.55;
#92:
>0:39.17,116.07;37.79,115.62;36.5,115.28;34.82,115.74;33.13,116.28;30.84,115.51;
#93:
>0:38.8,115.21;38.35,114.86;38.55,114.33;
#94:
>0:35.09,114.84;32.97,115.22;33.46,115.88;32.03,115.87;32.47,116.38;
#95:
>0:37.37,114.8;39.73,114.45;
#96:
>0:39.16,114.33;37.31,115.03;37.58,115.39;34.03,115.43;
#97:
>0:37.91,115.9;37.27,115.6;34.23,115.51;
#98:
>0:39.75,116.29;40.73,116.35;
#99:
>0:39.95,116.29;40.47,116.45;
#100:
>0:40.46,116.36;40.32,116.51;
#101:
>0:37.69,115.71;35.77,116.23;
#102:
>0:31.34,116.12;32.18,116.25;34.85,116.11;
#103:
>0:35.77,114.82;38.13,115.16;
#104:
>0:32.01,115.92;32.61,116.66;35.26,116.38;35.74,116.63;38.44,116.3;40.32,116.45;
#105:
>0:40.53,116.34;39.55,116.31;
#106:
>0:31.07,116.23;33.6,116.57;33.57,116.06;35.67,116.48;
#107:
>0:30.78,116.01;32.19,115.59;35.4,115.22;34.95,114.91;34.41,114.61;
#108:
>0:39.48,114.52;38.3,114.87;38.25,115.35;35.23,115.38;
#109:
>0:36.1,114.87;38.29,115.17;
#110:
>0:35.31,114.97;33.6,114.38;31.84,114.36;
#111:
>0:39.63,116.31;39.81,116.34;
#112:
>0:37.16,116.46;39.8,115.98;40.01,115.8;
#113:
>0:40.2,116.3;40.62,116.49;
#114:
>0:35.92,116.08;35.8,115.62;35.49,115.12;37.7,114.97;38.6,114.68;
#115:
>0:36.92,116.12;38.27,115.6;
#116:
>0:31.56,115.18;31.23,115.67;32.34,115.52;34.44,115.7;37.23,116.17;
#117:
>0:39.61,116.58;40.78,116.61;
#118:
>0:41.04,116.49;37.21,115.95;35.73,115.74;34.35,115.17;32.89,115.11;31.79,115.14;
#119:
>0:37.92,114.65;36.92,114.72;34.12,115.47;33.32,114.81;30.99,115.03;
#120:
>0:31.76,115.81;33.79,115.56;35.03,115.48;36.67,115.44;38.41,114.92;39.51,114.87;
#121:
>0:40.91,116.56;40.7,116.31;
#122:
>0:39.76,116.67;39.54,116.28;
#123:
>0:32.09,114.81;32.26,115.22;33.62,115.53;33.87,115.12;36.3,115.18;39.18,115.79;
#124:
>0:39.9,116.66;40.0,116.33;
#125:
>0:33.33,115.68;34.97,115.47;34.54,114.87;34.94,114.52;
#126:
>0:40.54,116.56;39.94,116.56;
#127:
>0:34.42,114.71;35.76,115.08;37.54,114.47;38.96,114.71;
#128:
>0:40.73,116.47;41.03,116.28;
#129:
>0:35.12,114.85;35.59,115.19;38.04,115.18;
#130:
>0:38.36,114.4;35.88,114.63;34.61,114.6;
#131:
>0:34.29,116.43;35.76,116.01;37.28,115.87;37.62,115.41;
#132:
>0:33.49,116.54;33.35,116.1;35.24,115.85;
#133:
>0:32.97,115.09;31.37,114.71;32.23,115.51;
#134:
>0:40.85,116.29;40.41,116.36;
#135:
>0:40.3,115.31;38.56,115.77;
#136:
>0:35.74,114.68;37.63,114.89;37.73,115.34;38.56,115.8;
#137:
>0:36.5,115.52;35.89,115.48;34.06,115.24;35.42,114.53;
#138:
>0:35.52,116.49;36.44,116.11;36.34,115.63;35.73,115.25;35.0,114.82;
#139:
>0:33.69,116.31;32.57,115.92;35.09,115.7;38.09,116.12;
#140:
>0:39.59,116.52;40.51,116.62;
#141:
>0:30.71,114.86;32.49,115.29;32.62,115.78;
#142:
>0:40.84,116.45;40.24,116.47;
#143:
>0:40.0,116.4;40.86,116.32;
#144:
>0:40.7,116.54;39.86,116.36;
#145:
>0:40.12,116.54;39.61,116.57;
#146:
>0:38.47,114.45;39.84,114.88;39.6,115.48;38.93,115.63;
#147:
>0:37.14,115.58;37.03,115.19;34.38,115.81;32.21,115.12;30.79,115.81;
#148:
>0:39.86,116.02;40.19,116.07;
#149:
>0:34.28,115.08;33.57,114.56;
#150:
>0:36.79,116.31;34.05,116.55;33.33,116.46;
#151:
>0:40.81,116.46;38.18,115.89;37.64,115.74;37.0,115.33;33.91,114.92;
#152:
>0:38.63,114.52;38.54,114.79;37.27,115.26;35.62,115.12;33.1,116.07;
#153:
>0:40.6,116.38;40.2,116.5;
#154:
>0:40.36,116.54;40.16,116.47;
#155:
>0:39.78,116.85;41.12,116.44;
#156:
>0:33.33,115.49;34.38,115.57;36.15,115.83;37.08,114.89;
#157:
>0:40.45,116.51;41.11,116.49;
#158:
>0:36.27,115.49;36.51,115.23;35.24,114.72;
#159:
>0:37.81,116.61;39.95,116.14;38.91,115.52;
#160:
>0:32.64,115.53;34.45,115.33;35.32,114.8;34.11,114.38;
#161:
>0:36.94,114.91;34.21,115.27;33.77,115.4;31.07,115.47;
#162:
>0:40.62,116.4;40.81,116.66;
#163:
>0:32.52,116.37;31.16,116.61;
#164:
>0:39.62,116.62;41.06,116.49;
#165:
>0:36.57,115.79;36.15,115.46;34.2,115.21;32.58,114.6;
#166:
>0:40.36,116.44;40.36,116.66;
#167:
>0:39.63,116.61;39.87,116.65;
#168:
>0:35.87,115.88;36.8,115.27;34.16,115.42;33.41,114.36;
#169:
>0:36.71,114.49;35.33,115.01;34.13,115.25;
#170:
>0:40.32,116.4;39.74,116.62;
#171:
>0:39.87,116.59;40.1,116.38;
#172:
>0:33.78,115.24;31.63,115.65;
#173:
>0:39.9,116.34;37.69,116.08;37.58,115.74;
#174:
>0:33.25,115.16;32.94,115.74;34.65,115.65;38.32,116.36;
#175:
>0:40.7,116.63;39.94,116.41;
#176:
>0:39.98,116.6;39.85,116.46;
#177:
>0:31.13,115.94;31.57,116.33;
#178:
>0:40.83,116.62;39.74,116.39;
#179:
>0:40.95,116.53;40.43,116.37;
#180:
>0:38.16,116.21;36.23,116.53;34.9,116.35;
#181:
>0:31.12,114.71;32.32,115.34;33.47,115.5;
#182:
>0:33.67,115.31;33.4,115.71;32.12,115.67;32.08,116.57;
#183:
>0:39.61,116.38;41.02,116.53;
#184:
>0:34.78,114.39;36.66,114.48;
#185:
>0:34.39,115.8;33.16,116.18;
#186:
>0:34.4,114.92;34.94,115.22;36.15,115.14;39.75,115.06;
#187:
>0:39.66,116.55;40.06,116.41;
#188:
>0:40.29,116.53;39.85,116.32;
#189:
>0:38.33,114.51;38.71,115.06;37.13,115.25;35.75,115.45;33.38,115.91;
#190:
>0:38.49,115.97;37.97,115.78;35.54,115.18;36.44,115.0;38.83,114.67;
#191:
>0:31.94,116.63;33.62,116.08;34.75,115.73;32.99,115.55;33.8,114.95;
#192:
>0:38.87,116.12;37.44,115.68;36.47,115.8;
#193:
>0:38.75,115.07;37.28,115.24;36.94,115.86;33.86,115.99;33.44,115.53;31.54,115.9;
#194:
>0:39.96,116.37;39.58,116.51;
#195:
>0:37.34,116.63;39.23,116.05;38.9,115.75;
#196:
>0:37.87,116.59;39.76,116.21;40.28,115.59;39.32,115.26;
#197:
>0:35.4,116.63;33.13,116.02;32.95,115.72;30.73,115.46;
#198:
>0:40.31,116.46;40.33,116.6;
#199:
>0:37.72,114.76;38.59,115.31;36.1,115.38;35.36,115.86;36.81,116.55;
#200:
>0:37.22,116.04;38.51,115.82;38.04,115.47;
#201:
>0:39.51,116.04;37.39,115.65;36.91,115.14;33.95,115.16;32.96,115.96;
#202:
>0:39.82,116.44;40.32,116.53;
#203:
>0:39.92,116.6;40.09,116.3;
#204:
>0:33.65,115.72;33.61,115.65;
#205:
>0:31.75,114.67;32.55,115.09;34.96,115.45;35.71,115.38;36.52,116.12;
#206:
>0:38.23,116.66;36.32,116.64;
#207:
>0:33.49,115.37;33.12,115.51;31.0,115.87;30.62,116.44;
#208:
>0:40.16,116.41;39.86,116.55;
#209:
>0:35.39,116.02;32.81,115.62;32.28,115.21;
#210:
>0:34.61,115.99;35.35,115.62;37.36,116.47;
#211:
>0:40.9,116.36;38.27,116.66;35.72,116.33;34.61,116.63;
