#0:
>0:40.0,116.32;39.98,116.33;40.0,116.34;40.0,116.35;40.0,116.38;
#1:
>0:40.02,116.4;40.03,116.38;40.03,116.37;40.02,116.35;40.02,116.34;
#2:
>0:39.98,116.33;40.0,116.34;40.0,116.35;40.0,116.36;39.99,116.38;
#3:
>0:40.04,116.36;40.04,116.36;40.04,116.38;40.05,116.4;
#4:
>0:40.04,116.37;40.03,116.37;40.02,116.35;
#5:
>0:40.03,116.38;40.01,116.37;39.99,116.36;39.99,116.34;39.99,116.32;
#6:
>0:40.0,116.34;40.0,116.35;40.01,116.37;
#7:
>0:40.0,116.32;40.0,116.34;39.99,116.36;39.98,116.37;39.98,116.39;39.99,116.4;
#8:
>0:40.01,116.36;40.02,116.37;39.99,116.38;
#9:
>0:40.01,116.32;40.0,116.34;
#10:
>0:40.04,116.36;40.04,116.39;
#11:
>0:39.99,116.33;40.01,116.33;40.02,116.32;
#12:
>0:40.0,116.37;39.98,116.36;
#13:
>0:40.0,116.32;39.98,116.33;40.0,116.35;
#14:
>0:40.03,116.37;40.03,116.37;
#15:
>0:40.02,116.4;40.03,116.39;
#16:
>0:39.99,116.38;39.98,116.38;39.98,116.4;
#17:
>0:40.0,116.33;39.99,116.33;
#18:
>0:40.02,116.4;40.04,116.39;40.05,116.39;
#19:
>0:40.03,116.37;40.03,116.39;40.01,116.37;39.99,116.37;
#20:
>0:39.99,116.34;40.01,116.36;40.02,116.36;40.03,116.39;
#21:
>0:40.04,116.34;40.04,116.36;40.04,116.37;40.05,116.38;
#22:
>0:39.99,116.37;40.01,116.36;40.02,116.37;
#23:
>0:39.99,116.34;39.99,116.34;
#24:
>0:40.03,116.34;40.0,116.35;40.01,116.38;40.01,116.39;39.99,116.41;
#25:
>0:40.05,116.4;40.03,116.4;40.02,116.4;40.02,116.39;40.01,116.37;40.01,116.39;39.99,116.38;39.98,116.36;39.98,116.36;39.98,116.32;
#26:
>0:40.05,116.34;40.05,116.36;40.03,116.38;40.02,116.37;40.0,116.38;
#27:
>0:39.98,116.38;39.98,116.37;
#28:
>0:40.01,116.33;39.99,116.34;
#29:
>0:40.04,116.33;40.05,116.35;40.05,116.36;40.04,116.38;40.02,116.38;40.03,116.4;
#30:
>0:39.98,116.38;39.98,116.37;39.98,116.35;39.99,116.33;
#31:
>0:39.98,116.34;40.0,116.35;40.01,116.33;40.03,116.35;40.02,116.32;40.05,116.35;
