#0:
>0:39.93,116.31;39.95,116.32;39.95,116.33;39.98,116.35;
#1:
>0:40.0,116.25;39.99,116.22;39.97,116.21;39.96,116.2;
#2:
>0:39.98,116.19;39.98,116.21;39.98,116.26;
#3:
>0:40.0,116.2;39.99,116.22;39.98,116.25;39.96,116.24;39.94,116.3;
#4:
>0:39.93,116.21;39.92,116.23;
#5:
>0:39.99,116.26;40.0,116.25;
#6:
>0:39.95,116.21;39.95,116.22;39.96,116.24;39.96,116.27;39.97,116.27;39.98,116.26;39.98,116.27;39.98,116.3;39.97,116.35;39.98,116.3;39.98,116.28;39.99,116.32;
#7:
>0:39.99,116.23;40.01,116.26;
#8:
>0:39.99,116.31;39.98,116.28;39.98,116.25;39.95,116.24;39.93,116.23;
#9:
>0:39.92,116.24;39.94,116.26;39.97,116.21;39.98,116.2;
#10:
>0:39.96,116.25;39.98,116.24;40.0,116.24;40.0,116.2;
#11:
>0:39.96,116.23;39.96,116.23;39.97,116.25;40.0,116.27;40.0,116.32;
#12:
>0:39.97,116.19;39.96,116.19;
#13:
>0:39.92,116.21;39.92,116.22;
#14:
>0:39.99,116.26;39.97,116.26;39.95,116.26;
#15:
>0:39.97,116.26;39.96,116.25;
#16:
>0:39.94,116.26;39.96,116.29;39.96,116.33;
#17:
>0:39.95,116.2;39.94,116.23;39.94,116.25;39.96,116.22;39.96,116.25;39.94,116.25;39.94,116.28;39.94,116.31;39.94,116.34;39.97,116.32;39.98,116.35;
#18:
>0:39.96,116.29;39.96,116.29;
#19:
>0:39.95,116.19;39.94,116.22;
#20:
>0:39.92,116.3;39.94,116.27;39.94,116.24;39.97,116.22;39.98,116.24;40.01,116.26;
#21:
>0:40.0,116.32;39.99,116.29;39.97,116.28;39.98,116.3;39.94,116.29;
#22:
>0:39.93,116.19;39.93,116.23;39.94,116.21;39.96,116.25;40.0,116.28;
