#0:
>0:39.99,116.3;39.98,116.29;39.96,116.31;39.96,116.33;
#1:
>0:39.97,116.22;39.99,116.2;
#2:
>0:39.92,116.26;39.95,116.22;39.98,116.21;39.98,116.2;
#3:
>0:40.0,116.19;39.97,116.18;39.97,116.21;39.96,116.22;39.94,116.22;
#4:
>0:39.96,116.21;39.97,116.19;39.99,116.21;40.01,116.19;
#5:
>0:39.97,116.32;39.98,116.29;40.0,116.24;39.99,116.22;
#6:
>0:39.96,116.27;39.95,116.33;39.95,116.33;
#7:
>0:39.93,116.28;39.95,116.28;
#8:
>0:39.98,116.2;39.96,116.22;39.96,116.27;39.94,116.27;39.95,116.3;39.96,116.33;
#9:
>0:39.96,116.25;39.96,116.27;39.95,116.28;39.96,116.31;39.94,116.33;
#10:
>0:39.97,116.31;39.94,116.26;39.93,116.28;39.94,116.22;
#11:
>0:40.01,116.25;39.99,116.22;39.99,116.24;39.99,116.28;39.97,116.27;39.93,116.22;
#12:
>0:40.03,116.3;39.99,116.24;39.98,116.21;39.98,116.22;
#13:
>0:39.95,116.33;39.93,116.29;39.94,116.28;39.96,116.26;
#14:
>0:39.92,116.29;39.94,116.28;39.98,116.27;39.99,116.28;40.0,116.24;40.01,116.25;
#15:
>0:39.99,116.29;39.97,116.29;39.98,116.32;
#16:
>0:40.0,116.23;40.0,116.23;40.0,116.21;39.96,116.2;
#17:
>0:39.95,116.2;39.96,116.22;39.95,116.23;39.95,116.27;
#18:
>0:39.96,116.22;39.96,116.22;39.93,116.24;
#19:
>0:40.01,116.32;40.0,116.3;39.97,116.29;39.99,116.29;40.01,116.23;
#20:
>0:39.98,116.22;39.97,116.22;39.97,116.23;39.94,116.24;
#21:
>0:39.95,116.34;39.97,116.31;39.98,116.29;40.01,116.29;
#22:
>0:40.01,116.29;39.99,116.23;40.01,116.23;39.99,116.21;
