#0:
>0:30.01,103.64;32.85,107.16;35.92,112.91;34.27,115.96;
#1:
>0:40.0,106.69;37.94,111.75;36.89,112.11;
#2:
>0:40.17,117.63;40.6,117.49;
#3:
>0:40.35,119.19;41.81,118.38;
#4:
>0:30.73,110.37;32.83,110.32;36.37,112.47;37.15,108.12;
#5:
>0:31.72,102.98;30.04,103.79;34.35,107.11;35.27,112.0;39.95,110.47;
#6:
>0:40.64,116.78;40.78,117.42;
#7:
>0:40.48,118.59;41.5,119.28;
#8:
>0:28.15,106.02;30.63,104.13;33.85,112.08;
#9:
>0:39.98,118.41;41.5,119.09;
#10:
>0:41.28,117.95;39.62,119.1;
#11:
>0:36.11,119.14;32.28,115.09;29.91,116.04;
#12:
>0:41.48,117.73;40.42,117.56;
#13:
>0:40.9,118.15;40.86,117.47;
#14:
>0:39.91,118.76;40.23,113.8;40.87,116.52;
#15:
>0:37.71,107.14;40.11,111.35;39.13,114.14;40.59,117.35;
#16:
>0:41.3,117.56;40.95,116.33;
#17:
>0:41.7,118.41;40.55,116.57;
#18:
>0:27.32,117.82;28.25,115.75;27.74,113.06;28.42,107.71;26.88,103.42;
#19:
>0:30.93,108.15;32.1,111.48;35.04,110.14;37.26,111.5;
#20:
>0:34.8,116.23;37.16,110.98;41.15,113.74;
#21:
>0:30.15,103.91;33.54,105.48;
#22:
>0:39.45,111.49;38.18,114.21;35.91,108.84;
#23:
>0:41.31,117.98;41.47,117.08;
#24:
>0:33.6,102.6;32.2,102.53;
#25:
>0:39.95,101.31;39.09,104.44;36.05,108.71;37.49,109.54;38.63,115.0;
#26:
>0:27.56,115.99;31.63,112.44;34.4,107.51;
#27:
>0:40.38,118.92;40.94,117.86;
#28:
>0:28.55,104.53;31.58,107.62;27.37,111.3;
#29:
>0:31.8,115.07;27.31,111.61;
#30:
>0:39.48,116.51;39.66,116.83;
#31:
>0:27.15,116.53;29.65,113.5;31.99,111.89;35.19,110.4;35.02,103.48;
#32:
>0:29.67,115.49;29.59,117.61;
#33:
>0:41.57,119.21;41.87,119.09;
#34:
>0:35.58,116.73;32.87,114.63;29.47,115.18;
#35:
>0:40.91,119.48;40.63,117.96;
#36:
>0:39.7,116.44;38.27,115.02;41.66,117.2;
#37:
>0:40.74,100.53;40.62,105.73;
#38:
>0:40.22,118.54;41.6,116.53;
#39:
>0:33.12,103.54;31.61,109.4;27.01,110.62;
#40:
>0:41.2,116.95;40.88,117.36;
#41:
>0:40.1,117.86;41.08,116.92;
#42:
>0:32.16,100.7;34.11,106.03;35.47,109.02;34.35,112.2;29.68,113.53;30.72,118.93;
#43:
>0:40.0,118.56;39.51,118.4;
#44:
>0:41.94,116.8;40.35,117.79;
#45:
>0:40.96,118.58;39.86,118.04;
#46:
>0:33.89,103.59;34.15,109.26;36.32,106.64;41.7,104.12;
#47:
>0:41.03,119.08;37.0,115.56;35.87,115.8;32.94,114.82;31.4,114.79;28.6,113.37;
#48:
>0:41.06,119.44;41.27,116.8;
#49:
>0:41.81,117.14;40.91,116.1;41.67,118.97;
#50:
>0:31.22,118.34;30.81,114.31;33.79,118.48;39.14,118.85;
#51:
>0:41.02,100.25;37.02,105.88;36.67,108.01;38.11,108.61;37.69,113.79;
#52:
>0:30.95,110.51;27.89,115.14;
#53:
>0:40.97,117.44;40.5,118.79;
#54:
>0:35.17,101.85;37.64,101.3;40.77,103.58;38.49,111.55;
#55:
>0:32.01,105.58;29.95,107.95;28.88,110.7;
#56:
>0:41.6,118.48;40.72,117.92;
#57:
>0:40.63,119.39;41.89,117.28;
#58:
>0:41.62,110.22;39.15,109.6;35.26,105.83;32.63,103.32;31.89,101.87;
#59:
>0:40.32,118.4;40.35,118.57;
#60:
>0:41.89,118.4;39.91,116.78;
#61:
>0:41.23,117.12;40.2,118.08;
#62:
>0:39.82,118.81;41.33,117.16;
#63:
>0:40.33,118.69;40.36,118.1;
#64:
>0:41.64,118.41;40.57,116.91;
#65:
>0:39.78,106.13;38.58,108.12;34.53,112.19;32.6,111.49;32.27,118.36;
#66:
>0:39.43,115.02;39.4,110.54;
#67:
>0:41.68,118.57;40.93,117.19;
#68:
>0:27.82,117.71;28.4,114.13;29.21,112.01;28.66,109.03;28.59,105.4;
#69:
>0:41.76,116.76;40.74,118.46;
#70:
>0:33.31,118.67;31.76,117.01;
#71:
>0:40.17,117.71;39.62,116.84;
#72:
>0:41.02,116.83;40.49,118.94;
#73:
>0:29.5,102.55;29.92,105.4;33.86,107.92;35.34,110.21;41.71,111.82;
#74:
>0:28.8,119.36;30.86,115.65;34.11,111.61;34.74,112.9;36.63,103.76;
#75:
>0:40.2,101.55;41.83,104.42;
#76:
>0:31.89,115.52;33.96,117.13;35.31,119.53;
#77:
>0:28.79,102.49;30.95,101.27;33.69,101.52;35.36,105.97;37.98,102.66;
#78:
>0:40.23,115.32;40.3,111.51;39.58,107.34;41.37,104.78;41.48,103.16;
#79:
>0:40.35,119.21;39.88,118.69;
#80:
>0:40.01,116.46;39.52,118.76;
#81:
>0:41.91,117.74;40.86,117.19;
#82:
>0:41.51,117.72;41.46,118.6;
#83:
>0:41.88,117.66;40.22,117.16;
#84:
>0:30.11,106.83;34.18,106.07;33.92,101.68;
#85:
>0:40.22,116.71;41.07,117.5;
#86:
>0:41.61,118.68;40.64,118.35;
#87:
>0:40.47,117.41;41.02,118.35;
#88:
>0:40.58,117.15;41.28,118.66;
#89:
>0:34.97,103.33;33.67,104.65;34.21,109.72;34.62,112.83;30.75,114.46;
#90:
>0:40.92,116.95;41.04,119.4;
#91:
>0:31.49,114.99;32.23,112.93;35.41,108.35;
#92:
>0:32.63,116.09;31.72,113.01;29.3,112.06;
#93:
>0:30.1,105.11;32.76,108.84;34.72,109.39;32.53,113.72;
#94:
>0:36.26,111.59;38.86,107.98;40.69,105.04;40.11,103.22;
#95:
>0:35.7,107.06;33.9,104.74;30.57,103.03;28.16,103.32;
#96:
>0:27.57,106.69;29.01,112.7;30.05,107.44;35.18,111.88;
#97:
>0:40.06,117.6;39.97,118.84;
#98:
>0:35.26,117.78;38.31,114.74;39.87,113.02;
#99:
>0:40.7,118.41;41.86,116.79;
#100:
>0:40.98,117.73;40.49,118.08;
#101:
>0:33.44,108.23;33.77,110.14;35.99,115.76;
#102:
>0:39.77,116.47;39.6,118.81;
#103:
>0:27.84,101.96;28.05,106.0;30.24,105.96;30.64,109.06;27.16,113.25;
#104:
>0:36.79,118.82;34.22,115.87;31.35,115.96;
#105:
>0:41.49,119.31;39.61,118.73;
#106:
>0:37.49,113.64;35.15,112.71;32.12,108.27;30.18,105.68;27.18,102.02;
#107:
>0:29.43,116.14;33.6,116.44;36.31,114.38;38.08,114.44;39.96,113.82;
#108:
>0:32.28,103.74;32.49,107.38;36.07,112.25;30.08,114.55;
#109:
>0:39.82,119.13;40.7,117.76;
#110:
>0:39.51,117.02;40.56,118.35;
#111:
>0:40.19,118.3;41.13,117.87;
#112:
>0:41.51,118.82;39.92,118.69;
#113:
>0:29.71,107.68;33.0,112.29;36.7,110.26;37.03,105.54;
#114:
>0:34.38,104.51;32.64,109.28;36.61,110.56;30.74,114.09;
#115:
>0:41.71,117.38;40.62,117.66;
#116:
>0:33.08,101.3;31.79,100.24;26.95,102.81;
#117:
>0:35.9,102.3;37.88,101.3;41.71,104.54;37.96,112.64;
#118:
>0:40.85,119.35;40.36,118.95;
#119:
>0:33.63,102.02;30.81,101.05;27.5,100.45;
#120:
>0:30.68,109.96;32.29,110.53;31.9,116.69;
#121:
>0:41.49,116.74;40.05,117.46;
#122:
>0:38.58,112.23;40.72,107.61;
#123:
>0:31.05,113.67;29.01,111.86;27.59,108.88;
#124:
>0:41.73,118.47;40.95,118.79;
#125:
>0:39.51,117.96;41.23,118.68;
#126:
>0:34.04,113.54;32.05,117.12;38.86,111.18;
#127:
>0:40.79,117.2;40.31,118.32;
#128:
>0:40.46,114.57;41.37,110.95;39.72,109.04;40.01,104.93;40.78,101.32;
#129:
>0:37.0,115.52;36.75,119.44;32.58,116.89;31.56,118.13;27.72,116.5;
#130:
>0:30.6,106.44;27.56,107.49;28.52,110.57;27.39,116.0;
#131:
>0:41.44,119.22;41.01,116.71;
#132:
>0:41.26,118.93;41.41,117.66;
#133:
>0:40.16,118.53;38.31,113.38;35.59,115.87;33.6,115.81;29.49,115.82;28.7,114.52;
#134:
>0:41.71,119.37;41.17,119.19;
#135:
>0:28.47,114.8;31.16,111.07;32.81,110.57;36.39,109.23;
#136:
>0:39.61,111.19;36.99,107.69;34.7,105.21;32.43,100.94;31.27,101.22;
#137:
>0:39.99,119.09;39.62,117.66;
#138:
>0:41.51,118.42;40.71,118.48;
#139:
>0:30.15,110.29;34.09,112.81;36.48,111.18;38.92,107.97;
#140:
>0:31.08,115.43;32.3,117.05;36.14,117.75;
#141:
>0:28.39,102.61;27.82,105.02;30.03,108.14;35.63,109.43;
#142:
>0:41.55,116.34;41.6,117.84;
#143:
>0:41.47,118.0;41.13,117.99;
#144:
>0:41.19,117.79;41.37,119.37;
#145:
>0:27.12,102.19;31.53,101.17;33.34,102.38;36.31,105.89;37.0,101.11;
#146:
>0:41.11,118.2;40.04,116.73;
#147:
>0:30.31,114.82;32.94,118.6;36.57,116.78;
#148:
>0:41.09,118.0;41.21,118.45;
#149:
>0:27.6,119.25;30.04,116.97;31.11,116.19;34.31,110.53;30.49,109.4;33.96,102.37;
#150:
>0:27.17,109.1;27.25,112.32;31.62,114.42;32.99,118.4;38.69,117.41;
#151:
>0:27.76,101.45;28.58,106.26;30.53,107.21;34.34,112.3;35.78,111.97;40.37,103.93;
#152:
>0:28.57,101.21;27.97,102.7;
#153:
>0:30.48,106.67;31.39,110.33;36.85,111.8;
#154:
>0:40.99,117.88;39.98,119.07;
#155:
>0:39.89,116.46;40.82,119.38;
#156:
>0:33.7,115.92;31.68,110.7;31.85,108.92;30.84,105.13;29.79,100.73;
#157:
>0:41.12,118.83;40.62,116.86;
#158:
>0:39.5,117.11;40.73,118.15;
#159:
>0:29.1,109.89;29.71,109.54;33.37,115.97;
#160:
>0:33.98,107.23;30.52,108.68;
#161:
>0:41.76,119.23;41.16,117.61;
#162:
>0:41.21,118.83;40.25,118.48;
#163:
>0:39.83,117.83;41.46,117.2;
#164:
>0:41.76,119.52;40.77,118.16;
#165:
>0:41.45,118.07;37.85,115.91;35.15,116.29;31.92,114.38;31.71,113.09;29.17,113.73;
#166:
>0:33.99,113.09;32.94,118.73;37.3,115.02;
#167:
>0:41.0,117.48;40.0,117.25;
#168:
>0:29.83,114.14;28.74,112.95;27.43,107.93;28.13,104.45;
#169:
>0:32.4,100.41;34.01,104.08;36.24,106.91;32.39,110.62;34.06,115.48;29.4,117.01;
#170:
>0:36.83,118.13;38.04,118.25;
#171:
>0:41.57,100.73;37.59,104.45;34.54,106.69;34.0,111.2;31.38,113.09;30.91,119.39;
#172:
>0:31.98,115.87;30.22,111.64;
#173:
>0:40.77,118.48;39.65,117.36;
#174:
>0:41.94,116.43;41.58,118.46;
#175:
>0:27.48,102.82;28.39,106.29;30.07,107.84;27.81,112.98;29.64,115.5;34.9,118.08;
#176:
>0:39.94,119.15;40.75,117.51;
#177:
>0:29.2,119.14;31.86,117.36;29.9,113.68;33.93,112.99;30.76,106.83;34.31,102.87;
#178:
>0:28.47,114.0;31.33,111.27;34.41,110.87;36.55,108.81;
#179:
>0:41.41,116.68;38.81,115.47;41.05,117.28;
#180:
>0:41.53,118.82;40.31,118.8;
#181:
>0:32.78,100.75;34.84,103.77;35.29,108.68;32.2,112.95;33.26,113.4;30.12,116.93;
#182:
>0:30.3,113.83;33.76,117.45;36.4,114.7;39.36,114.0;40.36,113.12;
#183:
>0:30.97,109.26;33.24,103.45;31.93,101.68;
