#0:
>0:30.73,108.44;29.75,110.52;33.74,111.75;31.5,119.53;
#1:
>0:34.25,115.43;34.36,111.57;30.14,107.69;35.52,104.29;
#2:
>0:35.35,110.99;39.3,107.97;
#3:
>0:29.42,111.05;31.27,115.09;34.08,112.42;36.7,114.63;41.93,119.52;
#4:
>0:27.32,106.12;28.05,108.03;29.08,111.34;32.8,113.5;
#5:
>0:27.86,112.49;27.55,114.29;28.63,119.07;
#6:
>0:37.25,108.25;41.78,106.38;
#7:
>0:42.14,120.21;40.8,119.18;
#8:
>0:31.5,102.89;32.45,102.54;35.65,105.24;38.19,104.64;
#9:
>0:40.06,109.0;40.91,110.91;39.08,110.04;35.24,117.25;
#10:
>0:38.83,117.02;37.87,116.22;38.1,111.96;40.96,112.29;40.65,106.91;41.91,101.29;
#11:
>0:27.67,118.12;29.82,116.15;31.91,111.95;33.88,109.35;
#12:
>0:40.77,119.69;40.85,118.94;
#13:
>0:39.43,109.04;41.24,109.1;41.76,101.09;
#14:
>0:38.39,112.65;36.35,106.71;35.63,106.59;
#15:
>0:38.77,113.14;42.16,119.03;
#16:
>0:39.96,101.95;41.5,104.92;38.15,108.89;
#17:
>0:39.76,101.01;38.11,105.1;35.15,108.92;34.79,110.42;31.89,116.11;
#18:
>0:41.63,111.55;38.21,110.53;41.8,118.24;
#19:
>0:33.27,103.54;35.81,105.46;37.02,104.12;
#20:
>0:40.89,118.39;41.3,114.25;
#21:
>0:41.47,106.42;40.4,109.17;38.79,108.3;36.15,104.46;31.57,104.43;
#22:
>0:27.02,119.52;29.56,113.9;32.56,111.37;35.82,107.01;38.03,104.7;39.91,104.18;
#23:
>0:38.58,116.26;38.47,112.68;34.64,108.32;31.26,103.78;
#24:
>0:39.79,108.34;41.95,111.63;37.09,111.94;33.9,112.89;
#25:
>0:40.28,106.72;38.14,109.51;
#26:
>0:38.43,109.17;39.94,112.28;40.8,113.67;
#27:
>0:36.62,106.74;32.89,109.57;30.17,100.75;
#28:
>0:31.65,105.09;31.46,108.12;
#29:
>0:33.68,119.37;35.19,114.16;37.25,112.02;34.71,110.26;39.27,103.51;
#30:
>0:35.5,119.01;39.4,117.22;37.58,112.73;
#31:
>0:35.62,116.58;38.68,118.14;41.65,114.66;
#32:
>0:39.8,101.33;37.91,104.06;36.38,105.51;33.64,107.49;30.58,104.29;28.41,107.68;
#33:
>0:30.2,101.17;27.12,102.79;
#34:
>0:35.47,109.29;39.21,108.85;39.87,106.9;
#35:
>0:32.53,118.84;29.74,115.57;32.96,111.07;32.35,109.49;
#36:
>0:29.72,107.95;28.92,107.22;
#37:
>0:33.96,100.46;31.07,102.08;28.31,100.36;
#38:
>0:41.23,107.85;38.38,108.08;35.54,106.2;36.56,107.61;33.1,107.45;29.06,103.11;
#39:
>0:37.09,105.06;34.85,106.21;34.97,108.31;33.99,106.78;28.66,104.73;
#40:
>0:35.81,107.15;38.09,108.27;39.93,101.6;
#41:
>0:38.12,101.24;36.31,103.46;32.12,106.85;29.47,107.14;34.27,110.33;30.4,118.23;
#42:
>0:38.71,105.76;41.84,108.06;40.97,112.48;39.85,114.88;
#43:
>0:27.24,104.95;30.05,100.77;33.44,103.85;34.84,105.08;
#44:
>0:35.85,114.17;34.1,114.56;32.17,112.05;28.78,115.81;
#45:
>0:31.7,101.17;31.93,104.04;35.13,109.2;36.67,112.64;34.85,113.28;
#46:
>0:35.09,117.95;38.64,119.09;38.15,112.49;
#47:
>0:42.13,118.26;39.86,118.45;
#48:
>0:37.51,110.67;36.02,107.06;34.53,104.71;29.72,104.57;
#49:
>0:33.82,118.94;36.35,116.43;33.13,110.11;
#50:
>0:30.74,110.4;33.49,109.07;36.7,103.62;
#51:
>0:37.29,119.46;34.62,119.44;
#52:
>0:38.27,109.39;39.08,112.35;34.92,109.45;32.79,106.67;28.67,100.91;
#53:
>0:31.37,109.75;27.64,110.04;
#54:
>0:40.79,117.51;39.2,118.41;38.8,113.45;38.46,111.89;39.32,103.9;
#55:
>0:29.25,119.11;29.63,115.46;33.11,110.47;36.28,108.34;38.9,103.53;41.54,104.09;
#56:
>0:41.05,102.6;41.06,104.63;40.08,109.49;41.01,111.98;39.17,111.19;39.12,117.67;
#57:
>0:37.95,106.89;38.09,111.54;36.5,110.68;31.63,114.58;
#58:
>0:29.73,109.45;28.96,109.68;
#59:
>0:28.78,101.3;29.41,101.03;32.9,100.6;
#60:
>0:30.0,108.5;33.58,108.4;31.7,102.3;
#61:
>0:37.02,113.07;35.11,109.36;36.59,110.95;32.51,111.91;27.55,114.95;
#62:
>0:32.81,100.24;29.66,103.21;27.0,100.31;
#63:
>0:42.04,118.24;41.95,117.76;
#64:
>0:32.27,113.62;34.19,110.93;30.75,109.07;36.01,105.6;
#65:
>0:37.52,106.3;41.09,106.61;40.77,111.52;41.73,116.15;
#66:
>0:30.06,113.21;30.57,112.11;30.68,108.6;
#67:
>0:32.17,103.59;29.56,106.64;32.78,112.82;36.08,115.56;40.67,118.02;
#68:
>0:29.89,117.68;33.19,118.09;
#69:
>0:28.93,105.09;30.04,101.63;
#70:
>0:38.21,119.41;39.09,113.87;36.55,110.07;31.33,106.96;
#71:
>0:27.7,103.27;31.71,106.19;31.97,108.81;36.58,112.83;
#72:
>0:37.03,109.91;36.84,110.63;
#73:
>0:27.11,101.93;31.59,103.12;33.72,101.15;36.25,104.07;34.84,107.14;40.15,101.18;
#74:
>0:31.39,115.74;30.4,110.74;30.16,107.52;
#75:
>0:28.44,102.41;31.13,105.76;32.9,108.21;35.16,110.3;
#76:
>0:28.3,109.3;27.17,111.97;30.07,107.27;34.67,104.09;
#77:
>0:35.36,105.94;32.12,109.26;30.4,100.45;
#78:
>0:30.0,119.18;32.44,114.11;34.13,112.29;31.26,108.68;35.13,103.52;
#79:
>0:33.78,104.78;36.61,109.03;35.13,111.6;35.61,114.4;
#80:
>0:40.73,117.9;41.4,116.99;
#81:
>0:30.12,110.15;32.92,111.11;32.24,118.98;
#82:
>0:36.2,102.2;38.77,104.27;40.63,107.52;
#83:
>0:29.52,118.66;34.36,115.25;36.13,111.79;39.35,107.26;41.39,107.93;39.52,100.99;
#84:
>0:33.64,116.41;35.21,114.26;36.51,112.05;
#85:
>0:40.81,110.16;38.91,109.97;
#86:
>0:38.3,114.57;37.59,115.14;
#87:
>0:37.69,112.6;35.67,109.51;37.7,106.78;36.44,103.09;
#88:
>0:31.34,103.01;33.89,100.15;36.55,106.15;38.25,106.93;39.67,105.8;
#89:
>0:41.36,103.3;40.07,105.52;39.36,107.94;38.74,112.77;39.93,115.5;37.55,117.85;
#90:
>0:40.4,102.19;41.94,104.54;39.08,109.47;
#91:
>0:42.28,116.89;40.15,119.36;
#92:
>0:37.1,118.9;36.86,118.38;33.18,117.28;29.47,118.12;
#93:
>0:34.68,112.25;32.69,112.89;32.87,116.94;
#94:
>0:27.45,113.73;31.74,113.0;30.26,108.05;
#95:
>0:32.13,119.28;35.44,115.92;36.57,109.99;
#96:
>0:36.05,107.94;34.85,105.53;30.03,104.02;
#97:
>0:41.89,105.13;38.13,105.09;
#98:
>0:36.1,118.39;36.28,116.24;32.49,117.34;27.46,112.98;
#99:
>0:40.68,109.18;41.87,111.19;38.36,110.71;35.04,110.88;32.14,112.3;27.15,110.54;
#100:
>0:32.47,116.93;31.8,113.28;32.68,110.84;32.91,107.3;
#101:
>0:36.87,117.21;37.16,117.36;38.82,115.78;39.45,107.69;
#102:
>0:37.45,116.12;39.89,110.75;
#103:
>0:34.67,108.51;38.2,105.81;40.14,108.38;
#104:
>0:37.64,108.21;36.15,112.46;33.37,111.1;30.99,111.47;
#105:
>0:27.59,109.81;29.4,103.86;33.26,103.01;35.36,106.23;39.29,109.25;39.68,101.86;
#106:
>0:39.87,109.04;40.31,112.99;37.84,112.31;36.81,106.7;32.05,109.4;27.31,102.49;
#107:
>0:33.71,109.6;31.73,106.63;31.96,110.93;38.36,117.76;
#108:
>0:34.41,102.51;34.78,104.63;39.01,108.6;38.76,112.08;39.05,113.2;
#109:
>0:31.57,110.65;32.35,115.13;
#110:
>0:35.0,115.17;38.74,111.63;40.87,106.75;
#111:
>0:34.83,116.39;37.04,118.07;37.79,112.95;
#112:
>0:30.32,112.95;32.94,112.42;32.63,117.64;
#113:
>0:34.78,107.77;39.41,104.43;41.31,105.13;
#114:
>0:36.42,100.38;33.66,105.54;30.53,109.79;32.92,110.64;32.47,115.43;
#115:
>0:38.54,118.75;38.39,114.4;34.98,112.44;31.81,108.41;
#116:
>0:39.13,110.68;36.03,114.16;36.14,118.48;
#117:
>0:39.74,107.15;39.72,111.86;37.09,111.57;33.5,114.82;
#118:
>0:36.9,107.3;37.95,103.71;40.06,106.22;
#119:
>0:38.09,101.43;39.21,102.9;
#120:
>0:40.89,103.91;38.39,109.03;34.89,111.12;35.51,114.85;
#121:
>0:27.69,105.44;29.73,109.74;33.94,107.62;36.14,108.73;
#122:
>0:39.19,113.51;36.79,116.7;34.02,117.18;31.88,114.07;27.58,107.95;
#123:
>0:40.72,100.4;41.18,104.24;38.2,106.97;
#124:
>0:35.55,113.53;33.49,114.27;29.67,107.63;
#125:
>0:38.7,105.04;40.89,109.67;40.44,111.21;40.97,114.21;
#126:
>0:41.28,119.53;41.54,118.34;
#127:
>0:34.83,101.29;32.62,104.33;
#128:
>0:35.87,115.29;35.96,109.92;36.97,107.43;41.28,109.77;35.59,100.43;
#129:
>0:30.49,118.91;33.68,113.93;36.49,110.69;37.21,107.33;41.33,109.04;40.86,102.54;
#130:
>0:30.65,111.54;33.73,113.55;
#131:
>0:41.56,110.45;38.69,110.83;34.53,112.79;33.77,112.0;30.67,118.39;
#132:
>0:36.79,113.2;37.63,110.38;40.74,107.75;
#133:
>0:36.27,116.02;32.98,115.25;31.49,107.68;
#134:
>0:40.84,118.95;41.95,117.65;
#135:
>0:41.16,118.8;39.91,116.52;
#136:
>0:35.56,102.34;32.77,105.51;32.76,107.88;
#137:
>0:39.42,111.72;34.42,112.43;32.57,112.6;30.65,112.61;
#138:
>0:39.62,105.15;38.58,108.16;38.65,111.12;33.76,114.47;
#139:
>0:35.67,105.3;37.22,109.21;
#140:
>0:35.96,104.75;36.48,106.89;35.17,111.11;35.22,115.35;
#141:
>0:34.36,105.17;34.83,106.1;37.98,103.76;
#142:
>0:31.12,101.11;32.51,105.83;30.22,108.12;32.45,112.75;33.24,113.31;
#143:
>0:33.63,100.49;34.6,103.52;35.82,107.95;37.25,107.35;39.56,115.74;
#144:
>0:38.97,114.35;38.43,110.43;40.19,109.31;37.42,108.93;34.76,103.3;
#145:
>0:41.87,108.83;41.86,110.44;37.19,112.0;36.05,116.84;
#146:
>0:27.9,114.29;28.59,112.48;33.96,118.64;
#147:
>0:29.7,116.84;32.34,113.08;33.64,110.13;31.5,107.78;36.52,104.68;
#148:
>0:33.33,101.7;35.36,102.19;39.19,100.16;
#149:
>0:32.8,104.27;33.23,102.17;
#150:
>0:38.36,101.31;36.03,103.88;33.38,105.43;
#151:
>0:27.27,115.54;30.74,110.22;32.82,118.28;
#152:
>0:41.3,103.56;40.05,109.14;38.25,112.59;
#153:
>0:38.81,106.29;41.37,106.98;39.65,111.79;40.52,113.16;
#154:
>0:29.13,105.75;28.73,106.94;29.1,110.71;31.47,111.27;31.7,117.65;
#155:
>0:35.86,102.07;34.29,100.92;35.44,104.44;41.17,109.84;
#156:
>0:40.11,108.24;41.2,112.47;38.8,110.11;33.39,115.76;
#157:
>0:37.88,110.3;39.46,107.97;38.19,106.39;38.75,102.44;
#158:
>0:35.29,101.24;33.27,104.71;
#159:
>0:31.03,110.82;31.93,109.95;34.95,111.16;37.48,112.61;
#160:
>0:41.07,110.69;39.18,112.28;34.72,108.69;33.03,107.46;31.04,104.32;29.35,105.66;
#161:
>0:41.31,110.09;38.17,111.96;36.27,109.79;32.79,109.16;29.98,104.35;27.91,107.58;
#162:
>0:39.94,100.24;40.09,104.9;38.13,104.98;40.35,112.36;
#163:
>0:37.06,100.55;36.19,106.51;35.15,106.86;35.9,111.23;32.14,111.2;30.69,119.43;
#164:
>0:40.46,109.52;41.39,110.71;38.12,112.65;33.61,110.65;
#165:
>0:34.55,114.42;33.68,117.8;31.79,116.65;28.4,119.2;
#166:
>0:42.36,117.29;40.99,117.81;
#167:
>0:39.64,104.42;37.44,109.21;37.29,110.41;35.04,112.85;34.2,110.03;28.44,113.94;
#168:
>0:40.72,118.23;40.32,117.62;
#169:
>0:28.9,106.06;27.7,109.66;29.68,111.15;32.72,111.67;37.1,117.75;
#170:
>0:30.38,105.44;28.37,106.01;26.97,108.88;30.12,113.37;
#171:
>0:32.19,102.43;36.89,100.21;38.74,102.81;
#172:
>0:33.72,116.32;34.92,114.72;36.15,112.13;
#173:
>0:29.43,118.24;33.6,116.13;32.36,112.56;30.32,108.21;33.94,108.19;27.58,103.29;
#174:
>0:31.66,112.42;32.14,110.49;36.29,113.01;39.28,113.06;
#175:
>0:35.71,110.36;39.0,114.11;41.19,117.74;
#176:
>0:29.99,103.46;27.78,105.6;29.17,106.8;27.75,111.5;31.63,116.41;
#177:
>0:41.25,114.74;37.87,118.77;36.73,112.23;
#178:
>0:31.7,107.34;30.55,106.81;
#179:
>0:41.33,117.54;41.98,117.91;
#180:
>0:36.78,107.45;36.76,111.82;36.8,115.76;
#181:
>0:40.57,107.9;41.0,110.94;
#182:
>0:31.13,117.79;32.53,113.93;34.92,114.71;37.75,115.13;
#183:
>0:33.55,118.9;35.88,114.43;35.45,112.73;
