#0:
>0:39.65,118.64;40.71,116.86;
#1:
>0:40.93,107.2;40.56,112.27;
#2:
>0:40.82,117.69;41.49,116.65;
#3:
>0:41.42,117.34;41.4,118.48;
#4:
>0:40.65,117.12;40.92,118.12;
#5:
>0:36.86,105.71;34.08,108.59;34.02,111.69;34.38,114.9;
#6:
>0:39.96,118.74;41.41,119.31;
#7:
>0:37.45,118.26;34.63,114.48;33.7,111.91;30.4,108.55;27.3,104.88;
#8:
>0:39.69,118.48;40.68,116.71;
#9:
>0:38.72,107.33;39.89,112.71;39.75,116.03;35.09,116.62;
#10:
>0:36.06,106.3;33.38,107.95;
#11:
>0:39.98,118.76;40.11,118.08;
#12:
>0:39.46,117.83;41.84,116.55;
#13:
>0:39.46,118.66;40.8,116.59;
#14:
>0:41.12,116.82;38.95,118.47;39.87,119.28;
#15:
>0:33.62,106.11;31.31,109.38;29.06,107.22;29.07,114.9;
#16:
>0:40.72,119.18;39.56,118.63;
#17:
>0:39.48,116.35;39.97,118.21;
#18:
>0:38.03,111.74;35.08,114.08;33.17,115.34;
#19:
>0:41.76,119.14;38.93,118.99;39.58,119.5;
#20:
>0:39.64,116.56;40.36,119.32;
#21:
>0:35.95,103.2;34.03,104.7;33.02,109.3;32.72,110.94;
#22:
>0:34.17,105.85;31.01,109.84;31.04,110.6;30.21,116.24;
#23:
>0:40.02,117.8;40.96,119.42;
#24:
>0:36.95,101.44;39.98,105.23;41.56,108.7;37.87,107.48;38.74,114.51;
#25:
>0:31.88,114.0;32.94,116.17;32.58,108.63;
#26:
>0:41.29,117.09;40.33,116.69;
#27:
>0:40.91,116.99;39.51,119.37;
#28:
>0:40.95,100.32;37.55,104.92;36.33,109.11;34.09,112.14;31.76,115.72;30.39,118.56;
#29:
>0:38.73,104.88;40.98,108.63;35.65,111.17;
#30:
>0:39.47,116.8;41.62,118.97;
#31:
>0:35.47,117.51;32.62,116.02;
#32:
>0:41.82,117.43;41.09,119.25;
#33:
>0:41.75,115.38;37.4,115.1;34.57,111.78;33.45,107.99;
#34:
>0:31.79,104.25;30.55,109.6;
#35:
>0:39.31,101.11;40.13,103.66;40.84,107.4;39.04,107.83;38.16,115.36;
#36:
>0:32.52,116.82;34.91,116.76;
#37:
>0:40.95,114.43;41.21,116.53;39.01,115.91;32.97,110.12;
#38:
>0:41.44,118.99;40.07,118.15;
#39:
>0:37.28,105.34;35.62,106.66;33.2,105.51;31.18,106.61;29.15,113.83;
#40:
>0:40.92,116.61;39.74,116.6;
#41:
>0:39.61,104.52;40.55,109.64;38.6,103.59;36.01,109.53;34.22,105.61;27.7,107.2;
#42:
>0:38.1,102.62;36.59,104.32;32.07,106.51;29.96,103.8;
#43:
>0:40.56,117.97;39.77,117.22;
#44:
>0:28.6,116.41;29.96,115.17;32.34,112.95;36.14,107.84;37.92,108.68;
#45:
>0:40.69,116.89;41.74,119.26;
#46:
>0:34.78,107.02;37.13,109.26;
#47:
>0:32.31,103.71;31.8,100.16;28.6,101.79;
#48:
>0:40.82,117.11;41.47,119.23;
#49:
>0:40.56,119.4;40.65,118.03;
#50:
>0:40.76,115.18;38.78,111.97;39.09,106.69;36.13,106.78;34.05,103.55;29.19,111.47;
#51:
>0:38.3,119.42;35.86,115.19;32.78,111.21;29.62,108.24;28.34,104.93;
#52:
>0:38.82,114.44;40.97,111.91;38.53,109.55;39.25,104.71;40.32,101.55;
#53:
>0:32.71,102.81;36.26,102.98;
#54:
>0:40.13,117.65;39.67,117.31;
#55:
>0:41.84,117.25;40.56,117.43;
#56:
>0:39.45,114.84;37.9,113.34;36.33,112.15;34.01,109.79;29.77,100.32;
#57:
>0:41.9,116.41;40.46,119.19;
#58:
>0:39.59,117.78;39.71,118.33;
#59:
>0:41.39,117.22;40.14,116.86;
#60:
>0:40.71,116.4;40.24,118.87;
#61:
>0:32.74,108.01;33.78,110.68;
#62:
>0:27.47,105.98;31.3,109.69;31.31,111.0;
#63:
>0:39.74,118.95;41.59,116.91;
#64:
>0:26.98,102.27;30.95,100.68;32.55,106.53;27.26,110.99;
#65:
>0:40.77,118.42;40.76,118.92;
#66:
>0:40.74,119.33;41.15,118.78;
#67:
>0:40.18,116.39;40.81,119.13;
#68:
>0:32.16,102.1;32.21,106.47;35.51,105.2;41.18,109.49;
#69:
>0:28.58,103.97;31.69,106.95;33.32,102.39;
#70:
>0:40.21,116.98;40.61,117.87;
#71:
>0:27.16,102.16;27.48,100.31;
#72:
>0:40.53,117.45;41.22,115.61;37.71,115.14;40.95,110.27;37.29,104.66;
#73:
>0:34.62,114.19;33.47,119.26;31.72,116.19;27.07,115.63;
#74:
>0:40.55,117.85;41.76,118.87;
#75:
>0:31.56,116.96;32.31,119.25;33.45,112.9;
#76:
>0:39.55,117.29;41.35,118.25;
#77:
>0:39.9,117.08;40.79,117.96;
#78:
>0:39.9,118.96;39.57,119.11;
#79:
>0:28.57,114.13;30.53,118.76;34.34,115.64;
#80:
>0:40.47,117.59;39.83,116.99;
#81:
>0:40.05,118.66;41.59,117.71;
#82:
>0:28.63,100.74;30.56,101.23;30.28,104.92;36.89,106.18;
#83:
>0:37.09,101.47;41.29,104.3;41.47,107.74;38.48,107.74;40.22,109.92;37.79,118.53;
#84:
>0:40.78,118.25;40.28,119.52;
#85:
>0:33.4,117.83;36.77,114.56;34.9,111.91;33.99,111.21;36.26,108.87;33.31,102.88;
#86:
>0:41.01,108.62;39.56,111.56;35.28,112.52;
#87:
>0:40.19,117.18;40.54,119.17;
#88:
>0:36.33,102.68;32.52,105.75;30.04,107.39;
#89:
>0:41.65,107.02;38.33,105.75;34.78,106.66;32.19,104.92;30.16,108.39;29.36,102.63;
#90:
>0:41.71,117.71;40.66,118.2;
#91:
>0:31.64,102.53;31.76,106.56;31.52,109.36;
#92:
>0:40.64,109.43;39.96,110.86;36.74,110.45;
#93:
>0:41.35,116.33;39.57,119.31;
#94:
>0:41.15,117.05;39.74,117.17;
#95:
>0:38.98,111.14;38.85,108.04;35.36,105.04;33.89,101.22;28.51,100.68;
#96:
>0:30.39,119.53;29.51,114.31;33.01,114.87;32.57,110.53;36.54,105.47;
#97:
>0:41.13,117.33;40.31,118.84;
#98:
>0:40.47,118.7;41.89,116.69;
#99:
>0:40.05,117.49;40.97,116.91;
#100:
>0:35.47,112.46;38.31,111.14;41.34,111.93;
#101:
>0:37.38,111.71;38.88,108.36;34.79,106.22;32.29,101.24;27.37,102.31;
#102:
>0:27.92,104.47;27.16,102.1;
#103:
>0:39.73,118.64;41.08,118.35;
#104:
>0:39.68,116.31;40.35,118.06;
#105:
>0:39.54,118.24;40.66,119.18;
#106:
>0:41.86,118.15;40.91,118.44;
#107:
>0:31.96,110.71;30.52,115.32;27.43,119.49;
#108:
>0:40.7,119.37;41.16,117.37;
#109:
>0:40.53,119.42;39.53,118.29;
#110:
>0:30.47,113.14;32.97,112.24;
#111:
>0:39.49,118.9;40.03,118.11;
#112:
>0:28.81,110.55;27.51,116.03;29.82,116.5;34.0,117.42;39.22,114.99;
#113:
>0:39.96,118.5;39.53,116.96;
#114:
>0:27.11,112.11;27.27,108.95;30.67,105.21;34.61,102.58;
#115:
>0:39.77,116.31;40.64,118.26;
#116:
>0:40.2,119.41;39.52,117.13;
#117:
>0:41.23,117.91;39.91,117.87;
#118:
>0:41.85,103.45;40.22,109.07;35.52,112.6;
#119:
>0:41.38,118.61;41.8,118.26;
#120:
>0:28.92,114.74;31.56,111.03;33.83,109.0;35.13,107.77;
#121:
>0:41.24,119.48;41.81,118.39;
#122:
>0:41.92,116.71;40.4,118.85;
#123:
>0:27.5,101.48;27.15,100.49;
#124:
>0:41.91,109.82;40.58,112.4;35.28,110.41;
#125:
>0:40.61,118.53;40.13,119.04;
#126:
>0:36.69,103.69;36.78,107.85;
#127:
>0:28.86,107.59;27.82,104.44;
#128:
>0:39.92,103.85;39.2,107.34;35.8,110.51;33.33,114.73;29.63,119.34;
#129:
>0:40.2,118.75;40.96,118.02;
#130:
>0:41.4,115.89;37.11,116.04;40.34,110.08;37.17,107.52;38.36,101.52;
#131:
>0:37.36,117.18;38.58,113.8;35.04,113.06;32.18,107.38;
#132:
>0:40.2,114.79;40.43,117.36;37.62,116.11;36.05,110.58;33.21,109.12;
#133:
>0:35.13,112.21;33.29,110.94;36.21,104.45;
#134:
>0:41.11,118.23;41.04,119.42;
#135:
>0:41.51,118.08;40.14,118.73;
#136:
>0:41.22,117.58;40.05,117.94;
#137:
>0:35.52,100.51;33.31,104.19;30.71,107.93;
#138:
>0:33.84,104.79;29.71,100.26;28.77,104.66;
#139:
>0:40.89,116.46;40.23,117.77;
#140:
>0:40.92,117.95;41.49,116.93;
#141:
>0:27.65,116.27;31.74,111.27;32.01,108.15;36.84,109.1;
#142:
>0:40.31,115.95;37.79,114.11;40.4,111.25;39.18,108.95;37.78,100.65;
#143:
>0:32.63,109.59;30.43,106.19;27.61,103.33;
#144:
>0:41.02,119.52;41.71,118.64;
#145:
>0:39.77,118.63;41.22,117.48;
#146:
>0:30.07,115.61;32.13,113.38;
#147:
>0:29.15,100.16;31.0,101.6;30.52,106.32;32.19,104.37;36.61,106.34;39.62,100.66;
#148:
>0:40.62,116.4;41.9,117.66;
#149:
>0:41.68,107.03;38.8,109.63;40.61,112.47;41.1,119.44;
#150:
>0:39.89,106.11;40.66,108.64;35.41,111.2;
#151:
>0:39.65,117.17;38.84,117.59;39.49,117.88;
#152:
>0:34.26,107.69;31.26,110.6;28.42,112.27;27.59,117.83;
#153:
>0:37.28,106.08;41.07,107.53;39.65,110.79;39.42,114.78;
#154:
>0:39.87,118.22;41.03,118.35;
#155:
>0:32.27,110.93;30.51,107.15;29.31,104.86;
#156:
>0:41.18,119.49;39.91,117.66;
#157:
>0:39.99,116.48;41.06,117.5;
#158:
>0:38.14,106.25;41.48,101.91;
#159:
>0:35.47,112.56;33.29,109.87;36.43,105.75;
#160:
>0:41.66,118.48;41.37,118.82;
#161:
>0:29.52,103.99;29.51,107.49;
#162:
>0:32.19,103.36;34.17,103.7;33.02,107.21;
#163:
>0:41.67,116.92;39.81,116.43;
#164:
>0:41.61,108.82;37.46,106.11;35.04,102.86;
#165:
>0:27.99,103.98;29.62,107.06;27.85,112.37;32.89,115.68;
#166:
>0:40.24,118.47;40.72,118.22;
#167:
>0:41.6,118.95;41.24,118.31;
#168:
>0:40.97,118.03;39.68,117.74;
#169:
>0:40.36,116.41;40.17,118.05;
#170:
>0:41.55,103.72;39.71,107.05;38.85,106.56;35.52,108.4;33.07,103.48;27.65,112.01;
#171:
>0:27.07,113.64;31.11,111.1;33.3,113.28;
#172:
>0:40.71,118.37;39.7,117.87;
#173:
>0:35.79,100.72;37.66,103.6;36.57,106.87;38.96,112.56;41.37,114.38;36.17,117.51;
#174:
>0:40.85,117.11;40.6,117.0;
#175:
>0:41.1,104.57;39.49,107.87;38.2,108.8;33.22,110.02;
#176:
>0:40.26,116.35;41.31,117.31;
#177:
>0:29.44,105.16;33.51,101.42;32.15,104.48;37.24,106.25;
#178:
>0:37.71,115.62;36.42,110.99;34.39,107.86;32.84,103.76;27.87,103.88;
#179:
>0:40.66,116.7;41.51,116.54;
#180:
>0:36.51,109.28;38.29,107.91;
#181:
>0:40.9,118.08;41.59,117.41;
#182:
>0:35.69,117.1;38.78,115.85;35.97,110.71;32.81,109.85;36.55,104.38;
#183:
>0:41.81,116.39;41.4,117.76;
