#0:
>0:28.75,106.94;29.83,107.19;34.0,107.11;36.69,107.15;
#1:
>0:40.24,118.71;40.36,117.06;
#2:
>0:40.81,120.97;41.41,113.34;40.38,117.22;
#3:
>0:28.86,116.4;29.83,116.37;34.18,115.32;32.62,111.09;36.27,108.9;38.9,102.96;
#4:
>0:36.19,109.82;38.07,104.51;39.73,112.43;
#5:
>0:30.4,105.99;33.65,108.3;33.86,112.31;39.37,110.39;
#6:
>0:41.07,119.4;41.27,116.83;
#7:
>0:30.9,111.92;34.34,106.98;
#8:
>0:41.47,116.94;41.13,118.26;
#9:
>0:37.07,105.16;35.79,101.62;
#10:
>0:37.95,109.17;34.63,111.63;37.59,115.04;38.03,118.44;
#11:
>0:38.69,103.0;35.03,102.76;32.94,102.46;31.26,100.6;26.91,101.87;
#12:
>0:41.48,110.29;37.82,109.98;35.26,110.05;
#13:
>0:29.1,115.53;31.04,112.79;33.67,109.22;34.26,104.17;
#14:
>0:34.72,118.78;36.52,113.14;35.39,112.43;29.69,107.14;
#15:
>0:37.06,117.37;36.49,113.35;36.71,110.35;33.75,111.9;31.81,105.18;
#16:
>0:41.88,119.19;41.83,116.63;
#17:
>0:40.95,117.74;39.82,114.14;41.52,117.34;
#18:
>0:41.77,116.5;40.33,117.12;
#19:
>0:39.15,118.07;39.82,115.11;41.46,109.95;41.74,108.7;
#20:
>0:38.17,117.16;34.62,113.8;36.59,112.15;30.11,112.24;
#21:
>0:39.74,118.67;40.96,119.52;
#22:
>0:39.95,116.61;41.16,117.34;
#23:
>0:41.01,100.77;37.28,103.82;36.09,108.17;
#24:
>0:29.42,111.23;32.37,109.41;34.16,110.18;38.78,104.56;
#25:
>0:33.43,108.29;30.03,110.21;28.14,115.2;26.97,116.49;
#26:
>0:36.22,107.18;38.79,109.63;39.57,112.11;
#27:
>0:41.82,104.01;37.23,102.03;36.79,101.56;32.04,101.76;31.78,102.38;26.96,102.99;
#28:
>0:28.23,104.89;30.58,106.55;33.23,103.15;32.47,103.64;37.55,102.92;
#29:
>0:29.93,104.81;33.93,100.53;32.21,104.59;35.58,106.44;40.44,102.38;
#30:
>0:41.7,117.06;39.74,118.31;
#31:
>0:29.78,109.48;33.53,109.53;
#32:
>0:34.2,108.63;30.76,109.96;27.54,115.22;29.38,117.4;
#33:
>0:30.41,104.87;32.11,103.25;35.54,106.42;39.3,108.82;40.59,112.99;
#34:
>0:30.93,101.38;30.5,105.76;31.94,107.95;30.17,111.81;
#35:
>0:41.2,118.37;40.65,117.83;
#36:
>0:37.13,110.43;36.96,109.96;
#37:
>0:40.12,116.12;38.13,115.76;35.03,114.15;33.33,114.59;
#38:
>0:41.9,118.25;41.19,119.15;
#39:
>0:27.88,106.06;31.08,103.14;30.12,106.27;33.42,101.76;35.04,106.46;41.27,102.71;
#40:
>0:39.58,119.4;39.87,118.55;
#41:
>0:28.08,113.86;28.71,111.79;28.48,108.29;28.53,106.07;
#42:
>0:31.25,118.35;32.38,113.15;36.3,110.38;35.92,108.04;41.25,107.76;
#43:
>0:39.76,118.38;40.41,118.9;
#44:
>0:40.8,119.41;40.66,119.44;
#45:
>0:39.68,118.19;39.51,115.83;41.53,119.38;
#46:
>0:39.6,117.25;41.22,118.86;
#47:
>0:29.14,105.16;30.39,106.68;33.23,107.08;34.04,109.84;39.27,116.38;
#48:
>0:41.68,118.19;39.59,118.2;
#49:
>0:41.47,118.19;41.18,118.94;
#50:
>0:31.62,104.22;32.33,108.53;34.04,111.43;34.85,115.89;36.3,118.46;
#51:
>0:29.77,104.7;33.78,101.74;34.87,105.56;37.89,109.35;40.84,111.42;
#52:
>0:31.09,115.26;30.11,116.64;32.57,118.36;34.73,116.12;39.88,117.36;
#53:
>0:31.69,111.75;33.13,107.27;35.23,103.97;
#54:
>0:36.84,116.58;35.3,115.21;35.53,111.24;33.67,109.6;32.36,106.57;
#55:
>0:40.69,117.28;37.19,116.0;36.47,113.58;35.15,112.9;31.51,108.33;
#56:
>0:37.69,108.52;34.65,111.87;33.79,108.08;32.7,111.29;28.04,109.66;
#57:
>0:41.33,106.28;39.3,106.24;34.92,104.67;32.06,103.58;30.86,105.52;
#58:
>0:40.45,116.53;40.09,117.61;
#59:
>0:41.7,116.72;40.6,116.31;
#60:
>0:29.25,109.88;31.08,114.8;32.05,114.22;
#61:
>0:41.27,116.31;41.51,116.99;
#62:
>0:34.53,119.33;35.14,116.09;35.22,112.74;33.88,108.51;33.75,105.41;
#63:
>0:37.45,115.92;40.92,118.59;
#64:
>0:40.6,117.63;40.95,117.54;
#65:
>0:37.06,118.54;40.63,114.04;39.48,110.09;
#66:
>0:40.58,119.41;40.73,114.37;41.32,110.97;
#67:
>0:28.98,115.46;29.69,115.81;32.57,112.09;
#68:
>0:41.19,117.89;39.74,118.57;
#69:
>0:34.97,108.7;36.89,104.46;29.64,102.27;
#70:
>0:41.31,118.8;39.13,114.82;37.66,111.3;
#71:
>0:34.93,116.17;36.3,113.0;41.42,107.38;
#72:
>0:40.89,118.72;39.94,116.81;
#73:
>0:27.9,118.06;31.01,117.37;27.02,110.66;
#74:
>0:41.21,117.7;40.78,117.73;
#75:
>0:41.06,117.25;40.07,113.13;41.85,118.37;
#76:
>0:41.29,105.99;41.12,109.72;37.27,110.58;
#77:
>0:40.31,102.1;38.18,101.38;36.52,106.31;33.74,106.82;36.38,115.46;
#78:
>0:35.78,108.97;35.3,106.26;35.95,102.48;
#79:
>0:29.12,119.48;28.52,117.69;
#80:
>0:41.34,119.24;41.64,117.49;
#81:
>0:40.91,117.31;40.4,117.0;
#82:
>0:40.49,116.97;39.28,117.89;34.5,119.21;33.19,118.65;
#83:
>0:40.6,118.54;40.81,116.41;
#84:
>0:39.49,116.93;40.01,117.45;
#85:
>0:35.15,116.03;35.14,110.96;33.88,106.77;
#86:
>0:28.98,115.25;31.36,113.91;33.73,112.6;
#87:
>0:34.75,112.28;38.49,109.74;40.51,109.94;
#88:
>0:39.38,102.18;41.26,104.47;
#89:
>0:40.18,104.97;37.5,105.32;36.38,103.79;31.96,103.75;31.6,106.52;
#90:
>0:32.66,100.19;32.0,105.3;34.42,105.09;41.0,103.47;
#91:
>0:27.02,116.8;31.82,114.58;33.31,110.02;32.38,106.74;36.22,106.38;41.95,101.24;
#92:
>0:40.52,116.7;39.97,117.86;
#93:
>0:40.01,117.57;40.3,118.64;
#94:
>0:39.51,117.14;39.5,118.54;
#95:
>0:40.21,117.94;41.7,118.28;
#96:
>0:41.54,118.62;41.48,117.22;
#97:
>0:40.31,117.19;41.41,118.06;
#98:
>0:41.04,117.65;39.18,116.26;39.26,110.93;
#99:
>0:28.3,107.4;30.81,111.0;33.92,116.12;35.34,115.62;37.14,116.66;
#100:
>0:41.09,118.78;41.79,117.97;
#101:
>0:38.91,100.46;39.23,103.01;
#102:
>0:30.35,117.95;28.52,113.15;27.91,109.99;29.12,107.9;28.79,105.24;
#103:
>0:41.78,116.97;37.2,116.2;36.4,112.47;
#104:
>0:39.85,110.65;38.65,110.99;39.43,104.94;
#105:
>0:39.55,116.63;38.69,115.47;37.0,112.19;
#106:
>0:41.24,118.59;41.64,117.06;
#107:
>0:33.53,110.85;36.58,108.2;35.36,103.52;
#108:
>0:27.9,114.96;30.59,115.83;33.27,114.46;36.91,108.73;
#109:
>0:41.6,116.45;39.91,118.84;
#110:
>0:39.85,118.78;40.93,116.61;
#111:
>0:29.06,109.92;31.4,107.31;32.86,109.34;34.58,107.53;
#112:
>0:34.69,106.55;32.79,104.48;34.64,109.18;34.44,112.37;29.47,118.34;
#113:
>0:41.79,117.19;40.37,116.84;
#114:
>0:41.85,118.43;40.07,115.51;36.3,117.16;
#115:
>0:36.13,102.89;34.64,103.59;38.46,109.74;36.9,112.89;35.11,114.19;
#116:
>0:41.66,118.13;40.07,118.41;
#117:
>0:40.35,118.48;39.63,114.31;41.68,116.73;
#118:
>0:33.63,114.71;32.5,110.7;36.91,109.03;40.64,109.08;
#119:
>0:32.88,101.45;31.86,106.42;28.07,107.63;
#120:
>0:41.54,118.04;39.57,119.32;
#121:
>0:40.61,117.15;41.79,116.49;
#122:
>0:40.55,118.36;41.74,117.43;
#123:
>0:30.75,116.08;32.18,115.64;34.17,112.07;35.31,107.32;38.91,100.16;
#124:
>0:29.94,104.43;27.38,109.35;27.5,112.03;29.14,114.61;28.94,117.65;
#125:
>0:27.86,103.91;31.75,100.29;30.32,105.53;34.38,100.56;35.48,104.65;40.52,101.55;
#126:
>0:40.02,117.59;41.92,117.17;
#127:
>0:38.91,108.04;36.16,110.55;32.45,114.13;33.75,112.98;28.93,108.06;
#128:
>0:41.93,118.64;40.74,118.77;
#129:
>0:40.32,116.86;39.83,117.89;
#130:
>0:40.84,117.56;41.38,117.09;
#131:
>0:28.97,101.76;27.58,103.89;30.8,105.08;33.95,100.43;35.97,105.75;39.86,112.78;
#132:
>0:30.78,115.12;29.07,111.54;27.4,108.11;
#133:
>0:40.72,106.92;40.44,106.66;
#134:
>0:35.59,114.4;35.65,111.15;29.83,109.85;
#135:
>0:31.54,107.75;33.75,111.38;
#136:
>0:28.02,108.97;31.38,108.2;33.5,109.43;36.16,107.25;
#137:
>0:34.75,105.14;33.02,106.42;36.47,107.51;36.61,110.41;30.91,117.94;
#138:
>0:39.87,116.82;39.74,116.86;
#139:
>0:33.85,107.52;32.79,110.63;36.76,114.61;36.1,119.3;
#140:
>0:31.09,110.05;30.46,106.76;31.56,104.89;
#141:
>0:32.3,105.64;34.1,100.52;35.69,106.04;41.45,103.86;
#142:
>0:28.7,115.32;31.86,110.0;32.64,107.13;36.23,103.38;
#143:
>0:38.4,113.95;35.7,118.13;32.62,118.12;
#144:
>0:39.58,119.4;41.82,117.59;
#145:
>0:35.98,117.08;36.17,114.81;36.45,112.35;32.73,109.48;32.05,103.75;
#146:
>0:41.65,113.82;41.22,109.98;40.9,107.08;
#147:
>0:41.84,114.18;37.41,114.18;36.62,119.35;36.88,115.21;32.38,107.99;
#148:
>0:34.95,109.18;34.19,105.84;29.85,103.89;26.97,103.48;
#149:
>0:36.49,107.67;33.76,105.19;30.01,101.21;27.58,102.55;
#150:
>0:41.89,110.11;37.86,112.47;35.98,110.52;34.21,113.67;29.46,118.17;
#151:
>0:38.68,112.86;34.69,111.47;32.11,113.16;31.26,118.96;27.45,111.06;
#152:
>0:36.47,108.21;36.04,104.93;41.05,108.79;
#153:
>0:35.44,113.47;35.44,110.87;41.43,107.63;
#154:
>0:40.24,119.37;40.34,119.16;
#155:
>0:32.51,104.47;36.67,108.52;37.26,105.06;39.52,110.8;
#156:
>0:39.75,119.36;41.26,120.4;
#157:
>0:35.89,102.67;36.81,100.51;
#158:
>0:30.31,119.13;28.12,115.02;28.35,112.22;27.58,108.4;27.26,106.34;
#159:
>0:41.22,118.8;41.66,117.71;
#160:
>0:41.23,100.37;38.33,101.68;36.33,104.56;38.15,109.36;36.68,110.67;41.09,118.2;
#161:
>0:41.93,119.17;41.78,117.93;
#162:
>0:39.29,102.56;39.32,104.03;
#163:
>0:28.35,103.73;29.6,104.42;32.13,100.23;34.36,105.35;37.88,103.32;
#164:
>0:32.55,113.63;36.9,114.84;39.23,118.54;
#165:
>0:31.43,115.33;31.91,114.09;32.04,110.66;34.92,109.52;37.75,100.74;
#166:
>0:40.15,116.6;39.91,118.92;
#167:
>0:30.97,106.01;29.16,106.79;29.35,111.29;27.83,116.06;27.3,119.52;
#168:
>0:40.94,116.68;41.79,117.94;
#169:
>0:27.68,115.76;30.55,114.65;34.41,116.25;33.77,111.53;39.33,109.5;
#170:
>0:41.94,118.35;40.65,116.57;
#171:
>0:31.03,115.58;33.89,115.69;35.95,112.85;
#172:
>0:30.61,107.49;32.95,107.07;34.64,112.18;31.81,117.6;
#173:
>0:33.77,109.12;30.06,112.95;26.93,116.22;27.39,117.12;
#174:
>0:41.3,118.81;40.41,117.96;
#175:
>0:32.26,115.92;33.43,110.96;33.54,107.49;37.39,104.92;
#176:
>0:40.18,110.39;37.87,111.85;36.68,110.71;32.29,109.46;
#177:
>0:39.57,117.53;39.97,116.86;
#178:
>0:32.35,109.12;35.83,110.58;34.3,115.44;33.97,117.35;
#179:
>0:41.53,117.6;41.28,116.67;
#180:
>0:30.79,116.76;27.6,113.42;27.48,112.03;27.9,109.78;27.24,104.41;
#181:
>0:39.93,118.38;39.91,119.4;
#182:
>0:39.8,113.09;40.26,111.26;40.54,106.68;
#183:
>0:32.1,105.38;35.17,108.29;35.76,104.64;40.66,105.39;
