#0:
>0:41.34,117.48;39.8,118.02;
#1:
>0:38.15,107.19;37.41,105.47;34.94,105.71;31.84,107.17;
#2:
>0:27.11,110.89;31.81,108.19;32.81,103.89;36.73,109.53;
#3:
>0:40.19,119.47;41.27,119.41;
#4:
>0:41.08,118.92;41.36,116.54;
#5:
>0:41.46,118.46;39.67,118.73;
#6:
>0:31.75,103.17;31.95,106.11;33.91,109.71;36.59,110.65;40.9,106.53;
#7:
>0:40.68,117.55;41.53,116.35;
#8:
>0:29.15,114.58;30.23,110.12;32.82,119.14;
#9:
>0:35.71,108.63;34.09,112.94;
#10:
>0:39.56,118.67;38.5,117.36;34.77,113.59;31.91,113.51;30.75,119.02;
#11:
>0:41.19,116.38;40.39,118.51;
#12:
>0:39.55,117.89;39.82,116.37;
#13:
>0:41.6,108.62;41.42,112.11;40.86,114.37;39.63,118.72;
#14:
>0:30.26,106.86;32.19,103.59;
#15:
>0:33.91,104.42;35.15,108.87;36.61,110.56;35.32,114.76;
#16:
>0:36.44,103.33;35.12,106.35;34.38,107.56;32.81,109.85;29.46,113.69;34.63,119.13;
#17:
>0:39.98,118.08;40.57,118.76;
#18:
>0:41.89,119.25;39.61,116.3;
#19:
>0:40.42,117.26;40.23,118.2;
#20:
>0:40.21,117.49;41.5,117.84;
#21:
>0:39.65,119.27;39.44,118.3;
#22:
>0:41.14,114.61;38.77,118.58;36.57,113.39;33.65,114.36;33.0,110.92;27.35,106.28;
#23:
>0:41.57,116.76;41.49,118.91;
#24:
>0:40.96,116.8;39.52,118.25;
#25:
>0:28.35,117.98;28.13,113.69;28.5,111.94;
#26:
>0:40.33,116.73;39.9,119.28;
#27:
>0:40.28,119.03;41.92,117.47;
#28:
>0:39.34,106.88;39.11,105.06;
#29:
>0:27.49,111.26;28.03,116.23;
#30:
>0:41.83,118.6;40.78,119.27;
#31:
>0:40.5,116.35;39.89,116.31;
#32:
>0:41.14,117.96;41.89,116.98;
#33:
>0:35.06,101.44;32.74,105.39;30.91,107.54;33.69,112.63;32.8,115.06;
#34:
>0:41.62,118.76;39.93,119.33;
#35:
>0:27.04,106.42;31.71,104.13;
#36:
>0:41.66,119.24;40.53,116.19;
#37:
>0:28.07,117.87;30.5,115.82;31.06,111.34;29.75,109.66;
#38:
>0:27.09,108.96;27.95,104.7;32.84,101.03;
#39:
>0:35.65,105.39;38.12,104.46;39.58,109.55;
#40:
>0:38.71,114.72;38.22,111.83;36.0,112.09;36.9,104.0;
#41:
>0:41.88,118.69;40.35,118.43;
#42:
>0:40.82,117.1;41.8,119.43;
#43:
>0:41.65,119.34;41.18,117.46;
#44:
>0:40.48,118.74;41.56,119.42;
#45:
>0:37.1,115.26;37.65,112.29;41.4,110.98;34.9,103.44;
#46:
>0:41.34,116.85;41.67,118.19;
#47:
>0:40.48,119.07;40.26,117.27;
#48:
>0:40.12,104.44;39.92,107.57;38.71,107.14;34.96,113.06;29.78,114.26;
#49:
>0:41.62,118.79;39.99,117.74;
#50:
>0:37.67,115.31;38.67,110.91;
#51:
>0:41.36,117.13;41.15,118.15;
#52:
>0:28.79,113.22;30.34,112.6;31.02,115.59;31.99,114.3;37.49,106.67;
#53:
>0:40.28,117.97;40.99,116.35;
#54:
>0:30.75,107.56;34.1,111.02;32.17,115.14;
#55:
>0:41.55,116.47;39.54,116.9;
#56:
>0:37.65,118.3;35.3,113.4;37.21,111.64;
#57:
>0:41.17,116.97;41.0,118.54;
#58:
>0:31.03,105.69;29.91,109.81;32.67,110.22;36.85,111.62;41.35,106.6;
#59:
>0:30.02,108.5;33.68,112.36;30.37,110.3;32.27,118.4;
#60:
>0:40.16,118.26;41.35,116.33;
#61:
>0:41.71,117.61;39.57,118.45;
#62:
>0:36.91,116.48;33.93,113.4;35.95,110.8;32.76,112.61;27.58,104.61;
#63:
>0:37.39,117.03;35.54,114.37;38.51,111.1;
#64:
>0:39.67,118.48;41.12,116.49;
#65:
>0:39.61,106.59;37.82,101.95;37.46,104.27;35.79,106.46;33.18,108.18;27.26,105.6;
#66:
>0:40.71,116.77;41.47,117.84;
#67:
>0:40.48,118.65;41.0,118.35;
#68:
>0:35.82,103.48;38.18,104.14;40.96,108.49;41.64,110.23;40.67,118.11;
#69:
>0:35.51,109.4;38.88,109.73;41.82,109.3;
#70:
>0:31.76,104.68;33.93,104.43;32.99,109.49;34.54,107.89;40.23,105.25;
#71:
>0:37.31,109.01;38.57,103.93;35.7,106.0;31.68,109.2;
#72:
>0:36.01,113.74;35.12,110.52;41.05,110.39;
#73:
>0:41.48,118.39;39.79,117.97;
#74:
>0:41.11,117.77;41.33,117.16;
#75:
>0:35.83,112.28;32.38,109.71;31.33,106.65;29.23,107.12;
#76:
>0:40.13,117.13;41.61,117.57;
#77:
>0:28.68,101.75;30.09,102.84;33.25,104.06;33.66,109.04;38.29,110.02;
#78:
>0:30.31,114.33;31.28,110.01;34.37,111.81;27.19,106.5;
#79:
>0:39.82,119.53;41.86,116.81;
#80:
>0:40.31,119.45;41.7,116.87;
#81:
>0:40.98,117.27;40.7,117.75;
#82:
>0:39.96,118.5;39.58,117.34;
#83:
>0:32.31,107.06;33.89,110.63;37.56,112.8;
#84:
>0:33.18,114.34;35.47,112.43;38.84,109.43;
#85:
>0:30.67,108.35;29.18,112.15;
#86:
>0:36.14,106.47;36.98,104.74;40.44,108.0;39.65,111.98;40.36,117.99;
#87:
>0:33.9,106.59;36.07,107.79;36.2,112.61;34.49,114.35;
#88:
>0:32.77,101.67;36.52,103.12;38.68,102.05;41.28,101.55;
#89:
>0:34.27,117.42;30.76,113.63;33.87,113.38;35.82,112.61;30.09,104.51;
#90:
>0:39.48,117.11;40.1,117.74;
#91:
>0:40.25,117.47;40.02,118.95;
#92:
>0:41.19,117.35;41.22,119.19;
#93:
>0:31.15,109.55;29.37,110.13;
#94:
>0:39.99,117.3;41.15,118.9;
#95:
>0:41.57,119.5;39.67,118.59;
#96:
>0:35.77,119.29;32.4,114.24;29.62,111.35;
#97:
>0:41.46,118.49;41.69,116.56;
#98:
>0:41.09,118.94;41.58,118.52;
#99:
>0:38.08,108.91;36.83,105.2;33.68,103.33;
#100:
>0:33.77,117.59;29.99,116.09;28.76,113.02;29.3,109.45;28.96,104.52;27.85,100.59;
#101:
>0:33.99,106.71;36.05,111.25;37.23,114.09;
#102:
>0:39.86,117.22;41.72,116.43;
#103:
>0:41.85,118.9;40.3,118.17;
#104:
>0:41.61,116.62;39.7,113.58;
#105:
>0:40.89,117.88;41.43,119.07;
#106:
>0:41.76,116.96;39.88,119.26;
#107:
>0:28.57,113.8;29.73,112.05;31.84,114.87;33.73,113.6;37.94,108.25;
#108:
>0:37.82,108.73;39.42,103.64;
#109:
>0:41.61,117.26;41.63,117.46;
#110:
>0:41.09,118.84;40.72,116.32;
#111:
>0:41.62,114.8;37.69,117.0;36.61,114.12;36.45,111.7;32.77,108.43;27.86,107.59;
#112:
>0:29.15,117.12;30.26,114.85;32.21,115.26;34.89,111.95;34.81,107.2;36.23,100.97;
#113:
>0:41.53,119.19;41.87,118.53;
#114:
>0:39.47,117.47;41.12,118.71;
#115:
>0:41.85,116.86;41.14,118.71;
#116:
>0:31.57,105.76;32.08,103.89;36.21,112.64;
#117:
>0:27.45,102.44;30.14,100.45;34.26,104.45;32.07,106.62;38.12,112.49;
#118:
>0:32.51,106.56;30.92,109.0;
#119:
>0:33.44,117.79;31.18,116.1;27.88,110.78;27.16,107.98;26.89,104.44;29.35,100.34;
#120:
>0:33.3,101.26;36.46,102.64;37.44,102.8;
#121:
>0:35.29,115.63;32.87,114.65;29.54,113.34;26.97,114.63;
#122:
>0:41.09,116.63;40.0,117.07;
#123:
>0:40.94,117.5;39.65,116.81;
#124:
>0:39.99,119.05;40.57,119.37;
#125:
>0:40.82,104.8;41.12,102.68;
#126:
>0:40.17,118.18;41.71,118.96;
#127:
>0:35.51,107.77;37.91,107.19;40.6,107.79;
#128:
>0:33.93,116.52;31.39,116.26;27.57,110.78;29.07,108.2;29.27,103.41;28.6,101.72;
#129:
>0:39.16,107.93;39.77,108.75;
#130:
>0:41.01,114.45;37.03,117.04;35.02,113.26;32.86,108.08;
#131:
>0:40.07,116.57;40.59,118.34;
#132:
>0:41.62,117.86;39.84,117.84;
#133:
>0:33.27,118.35;35.72,114.61;32.78,116.27;35.03,110.84;38.96,108.07;39.58,101.54;
#134:
>0:40.11,112.72;39.43,106.76;39.35,106.16;35.58,105.09;33.52,106.73;27.43,112.2;
#135:
>0:35.71,108.94;32.67,110.68;
#136:
>0:27.58,116.35;30.15,114.29;32.01,115.57;33.75,112.31;38.78,111.05;
#137:
>0:30.61,102.69;33.72,103.47;32.71,107.45;34.95,106.8;41.93,107.22;
#138:
>0:33.07,101.44;30.95,100.97;33.1,105.92;36.8,111.91;
#139:
>0:30.95,105.63;33.74,104.17;34.42,105.68;
#140:
>0:28.0,118.37;27.86,113.56;26.9,112.15;
#141:
>0:28.26,106.09;29.99,106.81;32.12,111.12;35.17,113.12;38.24,118.59;
#142:
>0:40.1,118.15;40.94,118.13;
#143:
>0:32.04,101.16;31.11,100.92;28.77,106.4;27.58,112.14;
#144:
>0:39.97,119.29;40.18,118.55;
#145:
>0:37.95,106.41;38.11,108.92;38.69,112.07;
#146:
>0:40.53,117.76;41.8,118.49;
#147:
>0:40.39,119.04;39.54,118.79;
#148:
>0:27.01,118.86;31.35,114.34;31.86,111.26;34.54,112.69;
#149:
>0:40.79,116.51;40.56,117.87;
#150:
>0:41.47,101.3;41.57,104.05;40.99,108.63;41.44,111.68;40.91,113.13;41.59,117.74;
#151:
>0:32.15,101.16;35.6,103.56;37.05,108.91;
#152:
>0:40.3,110.58;38.25,107.37;35.67,111.8;33.77,111.91;30.84,114.93;28.15,115.83;
#153:
>0:29.3,100.53;26.95,105.43;30.11,106.16;29.37,109.01;28.78,116.25;
#154:
>0:39.74,118.74;41.13,118.34;
#155:
>0:33.98,109.54;32.09,111.63;30.51,115.59;36.48,116.58;
#156:
>0:41.79,116.69;40.1,117.36;
#157:
>0:37.48,104.45;39.08,109.04;39.25,111.38;
#158:
>0:39.84,118.6;39.62,117.8;
#159:
>0:40.25,118.63;39.72,119.43;
#160:
>0:41.47,118.23;40.89,117.96;
#161:
>0:39.85,118.94;40.35,118.41;
#162:
>0:40.62,118.24;39.82,116.59;
#163:
>0:28.42,112.78;29.72,109.37;34.18,104.35;
#164:
>0:37.46,118.78;41.23,114.69;41.46,112.54;
#165:
>0:41.55,116.89;40.05,119.4;
#166:
>0:41.62,117.66;41.91,117.04;
#167:
>0:32.98,118.37;36.12,113.36;34.66,111.18;
#168:
>0:39.8,118.62;40.24,113.31;
#169:
>0:39.61,118.42;41.15,119.16;
#170:
>0:40.1,101.34;38.18,104.88;36.63,105.55;34.25,109.01;31.88,107.34;27.78,113.11;
#171:
>0:31.08,112.48;28.86,115.2;
#172:
>0:40.07,118.53;41.2,117.95;
#173:
>0:40.78,115.84;38.09,118.37;36.46,115.56;36.83,112.27;33.57,107.23;28.37,109.01;
#174:
>0:29.08,111.16;31.75,112.68;34.25,117.55;
#175:
>0:40.98,116.5;41.18,118.57;
#176:
>0:40.64,117.9;39.66,117.19;
#177:
>0:28.61,107.73;30.78,110.74;29.95,115.99;32.5,113.61;37.59,108.35;
#178:
>0:35.71,112.86;34.22,113.03;30.2,107.94;27.45,106.95;
#179:
>0:41.16,119.1;41.89,118.63;
#180:
>0:40.28,118.13;40.79,119.48;
#181:
>0:32.02,114.27;35.1,109.91;39.15,109.2;
#182:
>0:40.7,119.11;41.53,114.72;
#183:
>0:31.77,105.84;27.83,107.31;34.07,112.92;
