#0:
>0:32.19,118.11;34.57,117.15;35.63,115.14;37.76,109.32;
#1:
>0:37.27,106.56;38.53,109.08;
#2:
>0:34.31,100.55;32.77,103.68;29.55,104.84;32.22,108.35;32.0,112.35;31.06,119.25;
#3:
>0:31.14,114.2;30.62,116.24;
#4:
>0:27.45,103.79;31.31,108.07;33.76,112.23;32.12,115.24;39.21,115.74;
#5:
>0:28.64,109.01;27.94,104.24;27.68,102.38;
#6:
>0:37.53,103.41;41.69,104.58;
#7:
>0:37.9,103.44;34.98,109.74;32.02,107.31;33.22,112.2;32.27,118.4;
#8:
>0:38.95,105.9;36.76,102.7;
#9:
>0:38.54,116.87;34.85,118.9;
#10:
>0:32.22,109.09;32.52,111.75;
#11:
>0:32.93,107.16;35.72,104.15;35.64,100.79;
#12:
>0:41.52,102.85;37.28,100.82;35.87,104.03;32.48,108.91;33.5,112.27;31.08,119.4;
#13:
>0:31.68,106.89;34.16,110.37;33.14,113.51;37.27,117.48;
#14:
>0:32.16,101.38;30.38,102.71;32.57,104.19;33.57,107.32;36.82,113.26;
#15:
>0:28.86,118.57;30.71,115.89;34.13,111.62;35.17,109.37;38.5,108.42;
#16:
>0:30.07,119.3;32.6,115.22;34.83,111.89;35.98,108.72;
#17:
>0:32.12,116.75;29.68,114.28;31.33,109.88;
#18:
>0:40.75,120.39;41.54,117.39;
#19:
>0:40.89,109.56;37.54,112.47;35.94,110.03;36.62,108.73;32.17,108.18;26.91,115.88;
#20:
>0:42.09,116.49;41.59,117.99;
#21:
>0:29.46,117.1;32.48,113.89;36.66,109.97;34.73,106.96;36.57,105.21;
#22:
>0:38.91,117.24;36.31,118.61;
#23:
>0:40.4,119.12;42.2,117.76;
#24:
>0:35.44,101.53;36.55,104.34;33.67,109.43;32.97,110.33;32.43,115.99;33.35,117.05;
#25:
>0:41.1,102.71;39.23,103.21;35.38,104.76;33.17,102.61;30.75,101.17;27.28,101.33;
#26:
>0:40.5,118.79;39.9,118.47;
#27:
>0:41.44,115.43;38.19,111.67;35.34,108.9;35.58,106.53;
#28:
>0:36.36,111.49;34.11,110.87;37.26,104.35;
#29:
>0:39.96,116.35;40.3,117.1;
#30:
>0:29.87,104.87;32.05,109.24;33.19,112.43;30.01,114.87;
#31:
>0:29.15,108.13;30.45,104.3;32.94,105.02;35.48,109.8;38.59,108.65;
#32:
>0:40.49,118.54;41.03,116.74;
#33:
>0:29.17,117.11;29.44,118.24;31.77,113.17;33.93,117.04;34.95,118.94;42.12,119.4;
#34:
>0:27.51,117.03;31.82,113.26;32.11,110.29;35.15,109.41;34.87,104.09;
#35:
>0:31.47,110.64;30.84,113.45;33.37,116.34;38.7,114.08;
#36:
>0:31.31,100.49;28.68,103.64;31.83,104.22;31.9,107.09;30.34,114.38;
#37:
>0:34.62,100.31;39.16,102.6;39.77,104.12;
#38:
>0:31.3,108.41;34.29,112.03;32.9,116.3;37.33,117.66;
#39:
>0:34.59,118.25;38.34,113.37;40.9,110.81;41.92,109.13;41.76,105.08;39.48,102.91;
#40:
>0:32.32,113.28;30.15,112.19;30.63,109.16;29.32,108.02;28.57,100.96;
#41:
>0:35.58,107.88;38.83,111.86;32.17,114.29;
#42:
>0:37.29,103.62;34.61,102.35;32.08,102.76;31.48,102.25;27.67,101.12;
#43:
>0:27.41,106.29;27.09,104.6;
#44:
>0:34.34,112.7;36.69,108.78;39.07,105.7;41.85,101.19;
#45:
>0:30.04,116.18;33.95,116.73;35.52,119.18;36.08,115.87;39.51,115.61;
#46:
>0:37.02,108.12;35.17,112.46;34.12,114.28;31.17,116.36;28.1,118.68;
#47:
>0:30.11,107.51;31.53,108.83;
#48:
>0:40.78,119.29;40.46,116.56;
#49:
>0:37.75,119.11;37.44,114.06;38.55,112.88;38.59,107.07;39.65,105.79;
#50:
>0:34.93,102.23;34.46,105.67;34.13,107.1;33.22,112.58;34.04,116.19;32.87,117.61;
#51:
>0:40.27,117.17;41.78,119.17;
#52:
>0:34.95,116.94;36.88,113.9;32.96,114.56;35.66,108.48;
#53:
>0:39.15,115.73;36.66,110.44;31.96,109.79;30.67,105.49;28.13,101.4;
#54:
>0:31.54,113.26;29.47,119.26;35.52,111.92;
#55:
>0:41.18,116.17;39.24,114.98;
#56:
>0:29.7,111.3;33.32,108.81;
#57:
>0:36.29,109.29;37.47,111.06;39.71,116.0;41.03,117.56;
#58:
>0:28.67,118.6;29.69,113.24;30.14,110.39;29.0,109.57;28.52,105.89;30.94,100.69;
#59:
>0:42.23,119.19;40.41,119.33;
#60:
>0:39.66,107.45;39.43,112.59;36.89,114.72;32.99,113.66;30.99,117.0;
#61:
>0:29.66,112.73;33.16,109.71;32.91,112.69;38.41,116.92;
#62:
>0:27.49,107.89;30.2,110.36;32.2,112.07;36.66,115.68;38.07,117.34;41.41,110.76;
#63:
>0:32.53,108.5;36.66,103.91;35.88,102.37;
#64:
>0:40.94,109.99;39.06,114.92;37.88,117.04;
#65:
>0:40.09,101.92;37.13,101.56;35.85,105.28;32.35,108.34;30.36,107.14;
#66:
>0:39.06,109.55;38.84,112.99;36.03,115.28;35.41,117.47;
#67:
>0:27.1,104.15;31.74,104.26;32.04,111.93;
#68:
>0:36.36,101.54;38.22,105.69;41.6,108.44;39.46,112.85;
#69:
>0:27.89,103.9;28.34,108.64;29.1,111.1;
#70:
>0:36.84,107.95;32.76,108.88;31.22,112.66;26.96,111.41;
#71:
>0:42.27,117.3;41.43,117.75;
#72:
>0:41.49,119.15;41.46,116.78;
#73:
>0:30.84,108.52;32.86,112.89;32.02,113.13;37.46,117.59;
#74:
>0:38.75,111.15;38.05,109.28;
#75:
>0:27.39,118.72;31.77,113.7;32.49,112.6;30.85,110.19;34.0,103.72;
#76:
>0:34.81,101.25;32.54,102.14;33.71,103.91;27.96,108.3;
#77:
>0:27.09,113.89;29.43,112.88;33.32,111.47;35.01,106.84;36.99,113.07;39.92,116.56;
#78:
>0:31.44,109.0;32.48,111.41;34.76,110.46;
#79:
>0:41.13,118.56;42.2,118.79;
#80:
>0:38.15,102.5;36.13,105.6;32.9,109.11;34.1,111.15;30.74,116.15;
#81:
>0:31.17,114.54;33.12,111.16;35.99,108.45;35.13,104.47;
#82:
>0:33.06,107.67;35.05,111.62;39.08,116.27;
#83:
>0:31.87,112.32;32.45,112.43;36.31,107.27;37.08,102.54;
#84:
>0:40.2,117.27;37.82,117.74;41.44,117.98;
#85:
>0:34.3,116.69;31.18,115.65;29.62,112.56;
#86:
>0:40.13,116.12;37.05,111.34;35.43,108.17;36.47,104.83;
#87:
>0:29.08,102.86;31.08,104.08;32.43,105.05;34.26,109.54;33.79,110.15;34.28,118.95;
#88:
>0:32.09,103.59;35.29,107.33;38.06,112.27;39.58,109.2;
#89:
>0:39.87,118.0;41.61,118.78;
#90:
>0:28.62,108.91;31.33,106.38;32.1,112.03;
#91:
>0:39.92,108.8;39.58,104.27;39.06,101.71;36.05,105.95;34.01,106.96;28.76,115.52;
#92:
>0:28.92,108.44;31.07,112.35;33.75,110.02;35.0,108.57;37.75,109.01;
#93:
>0:33.3,102.68;30.59,101.77;33.01,105.44;35.02,109.76;36.45,115.63;
#94:
>0:29.79,119.04;33.73,115.37;34.82,111.04;34.87,107.13;
#95:
>0:42.07,117.28;40.64,117.24;
#96:
>0:28.24,102.4;28.04,104.79;27.16,107.9;28.5,110.44;27.24,113.5;27.19,118.28;
#97:
>0:41.36,116.66;39.88,118.74;
#98:
>0:42.27,118.19;39.99,119.14;
#99:
>0:27.03,113.75;30.03,110.22;33.96,107.98;33.35,103.84;34.3,101.6;
#100:
>0:36.31,101.58;35.81,104.76;33.52,107.99;27.62,107.24;
#101:
>0:36.0,113.44;38.09,110.14;35.25,112.94;35.09,109.82;41.18,100.38;
#102:
>0:29.33,104.39;31.35,106.06;32.78,108.09;32.79,111.73;36.41,118.61;
#103:
>0:27.49,113.17;30.79,112.11;33.61,110.81;35.48,108.39;38.73,111.42;40.9,117.63;
#104:
>0:27.85,117.09;31.29,114.22;31.81,112.67;27.67,109.3;27.36,104.44;29.54,100.74;
#105:
>0:28.86,117.29;31.31,117.42;32.89,117.09;
#106:
>0:40.43,118.08;41.21,116.61;
#107:
>0:38.96,108.98;35.18,111.04;33.3,107.12;
#108:
>0:40.73,119.98;41.42,117.47;
#109:
>0:34.91,105.18;33.35,107.32;35.63,110.01;36.1,114.48;
#110:
>0:38.46,119.12;35.2,119.12;37.32,115.72;30.82,116.36;
#111:
>0:28.07,103.28;30.04,105.95;32.63,108.7;35.73,100.45;
#112:
>0:32.09,114.28;36.0,113.06;35.58,106.72;
#113:
>0:39.08,117.39;38.21,114.72;39.44,110.92;39.16,108.83;40.05,103.65;
#114:
>0:31.9,106.95;35.81,112.41;37.28,111.22;41.28,110.94;
#115:
>0:29.66,104.46;34.02,105.04;36.35,111.04;
#116:
>0:34.58,107.28;39.09,112.17;40.62,108.07;
#117:
>0:28.17,101.02;31.74,103.39;33.5,106.56;33.47,107.21;32.55,111.3;32.64,118.78;
#118:
>0:41.91,111.92;40.18,109.63;40.23,105.54;36.46,100.41;
#119:
>0:32.24,118.49;36.62,116.64;31.98,115.63;36.57,111.08;32.86,104.79;
#120:
>0:33.29,105.86;29.7,107.32;
#121:
>0:35.46,110.49;39.31,115.46;
#122:
>0:38.31,118.48;40.46,113.27;35.8,111.78;33.65,109.33;
#123:
>0:41.16,117.28;40.43,116.65;
#124:
>0:40.9,119.85;40.22,118.58;
#125:
>0:33.31,110.06;35.3,108.31;37.25,105.81;36.28,101.52;
#126:
>0:33.9,117.69;29.79,114.68;28.8,110.51;31.02,108.33;29.09,103.98;
#127:
>0:35.74,112.29;32.78,112.44;37.56,105.87;
#128:
>0:30.99,100.37;32.25,104.37;34.99,109.45;38.68,111.86;40.26,115.81;
#129:
>0:39.91,118.94;40.95,118.85;
#130:
>0:40.08,116.76;40.99,117.2;
#131:
>0:40.14,119.04;39.96,116.35;
#132:
>0:37.61,104.52;41.06,106.86;36.01,111.99;
#133:
>0:28.99,112.18;31.65,114.95;33.24,118.0;36.66,118.63;38.37,116.96;41.62,110.61;
#134:
>0:33.7,103.11;35.71,106.02;37.17,107.31;37.59,110.83;39.51,113.49;
#135:
>0:37.04,104.6;37.56,109.69;
#136:
>0:37.83,111.53;38.69,109.41;41.27,107.6;37.1,101.69;
#137:
>0:42.01,116.75;41.61,117.71;
#138:
>0:32.05,105.34;32.6,107.78;28.67,108.97;
#139:
>0:35.96,108.43;37.87,105.59;
#140:
>0:27.14,108.02;27.49,103.93;31.58,103.48;35.86,109.74;
#141:
>0:34.36,100.43;32.12,106.28;33.1,107.91;32.91,111.99;30.13,113.94;34.96,116.81;
#142:
>0:28.88,118.43;30.94,116.2;29.75,111.64;29.15,106.92;28.61,104.77;30.72,102.39;
#143:
>0:41.81,102.65;39.52,106.04;41.1,108.19;40.35,110.81;
#144:
>0:35.93,106.07;33.77,108.51;32.69,112.12;28.77,115.6;
#145:
>0:28.74,112.77;28.12,109.45;
#146:
>0:40.49,117.35;41.84,119.35;
#147:
>0:42.34,116.84;37.95,117.46;34.55,110.09;
#148:
>0:30.44,104.42;33.74,107.56;35.11,111.26;34.93,108.91;41.66,114.87;
#149:
>0:39.95,119.35;41.55,117.44;
#150:
>0:39.61,114.95;40.68,115.75;
#151:
>0:40.54,116.71;42.07,117.72;
#152:
>0:32.09,117.03;34.6,116.51;34.31,115.37;34.9,112.73;33.88,105.23;
#153:
>0:37.14,108.75;36.92,111.35;37.65,115.77;
#154:
>0:40.46,117.83;40.75,119.02;
#155:
>0:36.01,116.42;37.1,114.14;41.12,111.34;41.57,108.75;40.87,105.99;41.34,101.93;
#156:
>0:27.64,119.51;29.9,113.99;32.09,110.77;37.18,113.33;39.18,107.14;
#157:
>0:33.98,108.76;30.2,110.48;33.71,111.87;30.2,118.24;
#158:
>0:34.17,103.64;33.61,107.88;27.91,108.3;
#159:
>0:31.24,108.29;32.1,112.2;35.05,106.65;38.29,101.23;
#160:
>0:39.36,111.12;37.85,108.29;40.33,108.38;38.41,100.58;
#161:
>0:33.75,112.68;35.91,112.23;39.29,110.98;
#162:
>0:34.23,102.5;33.61,105.37;33.8,108.67;33.15,110.76;36.55,115.24;35.62,116.77;
#163:
>0:33.63,104.29;32.67,107.44;30.88,112.92;32.88,115.18;
#164:
>0:40.26,100.49;39.98,105.49;41.89,106.85;40.24,111.41;
#165:
>0:32.96,113.93;34.85,118.0;38.45,116.76;
#166:
>0:28.19,118.08;26.96,114.67;27.55,112.37;
#167:
>0:37.9,103.08;41.85,105.14;41.13,109.65;
#168:
>0:29.06,116.54;31.22,115.4;32.45,109.88;35.47,108.86;38.68,105.12;39.46,100.95;
#169:
>0:41.44,114.13;38.45,112.79;34.87,111.22;36.13,109.28;32.14,106.21;28.32,109.39;
#170:
>0:30.58,113.03;33.9,112.58;29.55,117.04;
#171:
>0:36.59,101.49;33.48,102.19;31.59,105.63;32.49,108.59;33.86,112.15;33.59,116.39;
#172:
>0:27.18,114.96;31.3,111.49;33.95,108.22;34.44,108.44;
#173:
>0:34.75,103.82;37.18,108.35;39.69,107.68;37.49,110.06;40.49,121.5;
#174:
>0:32.65,105.94;29.62,109.61;
#175:
>0:35.53,100.4;37.8,106.6;37.15,109.34;37.43,111.52;38.47,116.39;
#176:
>0:34.26,113.57;29.89,109.93;31.34,107.63;
#177:
>0:32.51,115.52;35.15,111.83;34.89,107.89;35.7,103.63;
#178:
>0:29.94,105.97;32.87,104.29;31.02,110.3;
#179:
>0:40.75,117.08;40.94,117.22;
#180:
>0:28.59,117.93;30.24,115.93;34.33,111.71;31.21,111.56;33.47,104.07;
#181:
>0:34.3,100.27;35.29,104.17;37.98,109.53;39.72,112.23;
#182:
>0:39.22,118.32;40.42,115.6;38.41,110.05;39.3,108.89;41.36,103.87;
#183:
>0:38.58,104.87;34.43,106.92;31.94,107.93;34.87,114.69;
