#0:
>0:35.18,111.49;38.68,106.73;40.27,104.13;
#1:
>0:34.5,103.69;33.61,102.38;29.42,101.09;28.97,102.81;
#2:
>0:37.32,112.87;41.37,111.92;39.61,109.08;37.95,101.69;
#3:
>0:31.11,108.81;32.43,112.42;
#4:
>0:34.1,116.47;35.91,115.09;32.24,110.31;30.29,107.66;31.85,106.45;35.24,101.26;
#5:
>0:37.08,100.23;37.61,102.11;
#6:
>0:39.53,101.97;38.09,100.45;36.65,100.32;33.77,100.74;31.12,102.77;28.57,103.09;
#7:
>0:35.35,105.91;33.24,102.06;30.71,101.1;26.96,102.65;
#8:
>0:28.34,106.54;28.14,108.6;31.49,111.63;32.42,114.62;34.83,115.97;40.56,117.02;
#9:
>0:35.4,115.29;36.99,115.71;40.87,118.8;
#10:
>0:32.05,103.91;35.87,107.06;37.84,112.83;38.2,116.0;40.88,117.01;
#11:
>0:41.82,108.17;39.37,103.9;36.0,105.71;34.1,107.02;30.84,113.21;
#12:
>0:27.91,106.49;29.25,103.19;34.28,101.01;
#13:
>0:35.91,112.58;38.11,109.02;39.95,104.44;
#14:
>0:30.47,113.65;33.87,118.67;35.69,117.01;
#15:
>0:30.97,109.45;31.44,104.12;35.9,101.39;
#16:
>0:30.65,103.32;33.26,101.2;36.37,100.82;37.98,101.9;41.95,102.38;
#17:
>0:27.78,111.16;30.69,113.6;33.88,117.95;
#18:
>0:28.05,106.37;31.02,107.59;33.05,110.86;36.8,108.65;38.02,111.12;
#19:
>0:29.59,113.36;33.53,116.24;36.01,116.15;35.05,113.67;40.93,105.01;
#20:
>0:37.49,112.95;35.5,115.31;34.86,119.03;
#21:
>0:34.61,105.57;35.77,106.65;35.91,113.28;36.0,116.14;35.08,118.43;
#22:
>0:28.35,104.54;30.16,108.97;
#23:
>0:32.9,117.61;35.42,113.08;37.08,115.36;39.99,106.92;
#24:
>0:34.53,106.75;33.54,109.95;31.15,115.39;27.32,115.27;
#25:
>0:28.62,111.0;31.14,114.09;34.26,118.24;
#26:
>0:28.96,102.66;30.26,106.61;32.52,106.97;35.45,114.38;37.05,110.43;
#27:
>0:37.04,115.22;36.65,111.47;34.32,108.51;
#28:
>0:41.25,110.11;38.89,113.52;34.65,116.66;
#29:
>0:30.16,109.41;32.94,111.79;35.53,116.23;36.98,115.24;40.2,117.42;
#30:
>0:29.61,107.71;29.93,106.42;34.5,102.25;
#31:
>0:40.16,119.29;39.43,118.85;39.36,113.85;39.72,109.58;
#32:
>0:29.32,102.19;30.0,104.28;32.13,105.22;36.37,105.56;39.29,103.99;39.54,101.42;
#33:
>0:37.51,104.77;35.98,107.66;34.6,113.05;
#34:
>0:41.09,111.11;38.77,106.88;36.92,105.34;34.12,105.37;30.99,104.47;26.91,103.64;
#35:
>0:34.95,113.74;33.94,118.11;29.77,116.51;
#36:
>0:37.34,105.9;39.25,107.58;39.47,109.28;38.76,113.41;
#37:
>0:41.38,119.48;39.92,118.97;
#38:
>0:32.2,112.18;33.88,108.62;36.01,103.85;39.95,108.59;
#39:
>0:33.45,110.11;32.76,107.67;33.41,104.08;32.88,102.92;
#40:
>0:36.26,103.86;35.69,107.01;34.71,112.31;35.53,115.44;36.36,119.26;
#41:
>0:29.13,108.19;27.42,106.26;
#42:
>0:34.78,110.57;39.4,109.15;40.43,105.83;
#43:
>0:36.91,103.9;33.62,103.51;30.66,105.14;28.76,103.44;
#44:
>0:31.46,114.18;33.27,116.74;35.26,117.8;
#45:
>0:36.36,114.02;32.57,115.04;29.56,114.05;
#46:
>0:34.69,105.71;38.05,105.36;41.67,112.2;
#47:
>0:27.72,116.96;28.42,113.14;29.05,112.59;27.26,108.3;28.15,105.81;28.27,100.92;
#48:
>0:27.97,108.66;31.26,110.46;32.51,109.56;36.33,106.34;37.59,103.08;
#49:
>0:40.96,118.05;40.37,120.42;
#50:
>0:41.1,113.54;37.01,114.82;
#51:
>0:41.82,102.22;38.49,105.85;35.16,108.4;36.27,110.66;36.11,113.34;
#52:
>0:36.21,108.64;38.03,103.89;38.31,100.68;
#53:
>0:40.31,112.9;40.41,106.92;
#54:
>0:41.43,118.7;41.31,118.64;
#55:
>0:39.19,106.62;38.71,111.08;36.42,108.56;33.35,110.5;28.77,113.27;
#56:
>0:34.43,114.55;32.72,108.71;31.66,106.41;29.12,100.33;
#57:
>0:33.7,113.52;32.59,118.54;
#58:
>0:30.74,114.86;32.36,116.66;35.31,118.23;
#59:
>0:33.96,100.27;35.76,101.97;37.92,105.25;
#60:
>0:36.68,109.21;32.54,106.12;
#61:
>0:35.8,101.15;34.96,103.63;
#62:
>0:34.89,108.44;32.59,108.51;
#63:
>0:31.65,117.69;32.49,115.62;34.29,112.37;33.67,109.07;33.18,103.4;33.07,101.09;
#64:
>0:30.28,111.45;33.23,108.73;36.29,104.56;37.56,104.55;41.03,106.21;
#65:
>0:37.94,101.86;39.4,105.38;
#66:
>0:28.47,112.8;29.97,109.72;32.32,104.47;
#67:
>0:34.85,117.32;35.13,113.26;
#68:
>0:37.57,103.44;36.68,109.1;34.52,113.47;
#69:
>0:28.27,115.17;28.37,112.06;30.67,110.59;35.18,105.34;
#70:
>0:41.75,105.39;38.52,101.31;36.23,103.27;
#71:
>0:34.62,115.07;32.78,117.44;31.72,119.08;29.1,116.69;
#72:
>0:32.63,107.63;31.3,105.73;
#73:
>0:34.03,110.93;32.24,109.16;34.7,105.26;41.01,107.22;
#74:
>0:39.75,115.47;41.03,111.16;40.21,108.33;37.14,104.72;38.63,102.08;
#75:
>0:37.37,107.48;38.37,112.27;41.71,110.26;37.75,117.44;
#76:
>0:28.4,111.94;29.38,111.03;32.29,113.59;36.73,114.59;39.12,118.65;41.29,115.72;
#77:
>0:39.75,114.75;38.52,112.97;34.66,107.0;
#78:
>0:31.74,102.25;33.08,103.55;36.28,104.92;33.09,110.88;
#79:
>0:41.94,106.74;40.57,103.92;38.77,104.67;32.95,109.62;
#80:
>0:29.83,115.78;31.87,116.09;
#81:
>0:30.64,107.71;31.87,104.44;35.84,102.93;
#82:
>0:39.57,105.13;38.92,107.41;35.2,112.0;36.62,116.13;36.4,116.78;
#83:
>0:32.22,102.88;31.47,106.4;31.14,108.68;29.9,111.25;
#84:
>0:38.89,102.15;34.96,104.54;32.41,103.6;30.61,106.55;29.2,105.56;
#85:
>0:28.71,110.33;31.16,108.67;34.37,105.48;
#86:
>0:35.06,118.19;32.63,113.74;35.11,114.53;34.19,109.66;
#87:
>0:28.87,110.17;27.59,107.35;29.08,105.66;
#88:
>0:30.99,105.91;30.51,108.03;
#89:
>0:28.12,104.6;30.91,107.91;33.43,112.82;35.21,107.04;39.11,111.62;
#90:
>0:38.43,107.02;35.45,105.28;32.1,103.67;29.57,105.98;
#91:
>0:28.39,105.34;29.73,108.96;32.94,111.98;29.57,113.88;31.75,118.12;
#92:
>0:40.15,102.98;37.86,106.18;37.47,107.7;
#93:
>0:37.73,111.89;35.57,106.99;35.52,105.29;35.54,100.22;
#94:
>0:31.51,113.29;31.73,114.9;
#95:
>0:28.87,111.64;31.6,110.36;32.72,114.54;35.71,115.06;37.66,107.75;
#96:
>0:38.37,106.23;37.92,109.64;39.4,111.85;41.09,115.06;
#97:
>0:37.23,108.29;35.18,111.54;33.63,116.05;31.38,119.43;
#98:
>0:33.82,106.5;29.54,102.99;
#99:
>0:36.71,101.32;34.52,101.77;
#100:
>0:28.51,100.43;29.47,101.79;32.05,101.35;36.51,102.0;
#101:
>0:39.93,119.49;38.03,117.84;34.92,113.09;35.65,108.31;
#102:
>0:28.83,109.55;31.4,103.79;34.38,102.41;
#103:
>0:40.07,116.46;41.9,115.91;39.86,117.01;
#104:
>0:27.97,113.26;27.58,111.72;31.8,112.26;29.95,105.9;
#105:
>0:27.31,105.46;29.03,102.27;31.93,101.59;
#106:
>0:40.85,103.68;39.85,100.19;39.4,106.5;34.47,104.11;29.75,104.81;
#107:
>0:39.65,101.71;37.79,100.7;36.8,102.34;34.16,100.8;29.44,100.38;29.02,102.3;
#108:
>0:27.79,117.43;31.35,117.92;32.65,115.56;32.69,111.6;29.9,105.17;
#109:
>0:28.8,104.84;28.59,109.8;30.07,112.45;34.02,114.33;36.96,117.26;
#110:
>0:39.13,108.1;39.12,112.58;39.14,114.9;38.78,118.57;
#111:
>0:41.88,102.43;38.2,101.94;36.41,103.19;31.91,102.16;30.0,100.76;29.17,102.36;
#112:
>0:39.98,107.25;38.2,105.39;36.2,103.8;34.08,109.69;31.85,114.39;
#113:
>0:40.92,114.6;41.12,117.07;37.29,118.11;35.05,113.15;31.54,107.18;
#114:
>0:31.66,107.67;30.95,111.35;
#115:
>0:33.12,117.14;31.18,117.35;34.2,115.76;36.83,109.71;
#116:
>0:37.53,104.09;34.54,101.95;32.54,100.61;30.05,102.28;
#117:
>0:29.27,113.02;30.89,115.41;33.22,119.06;
#118:
>0:32.53,102.56;35.23,100.31;32.74,104.97;30.79,109.34;30.66,113.1;
#119:
>0:29.66,112.27;32.64,109.24;34.54,106.37;36.94,103.89;41.39,100.21;
#120:
>0:30.92,107.87;31.66,110.09;
#121:
>0:40.94,117.06;41.8,119.38;
#122:
>0:37.87,114.54;40.11,118.27;
#123:
>0:40.56,100.61;38.32,105.28;36.21,107.01;35.11,112.69;36.12,114.19;
#124:
>0:29.29,107.12;29.63,112.23;32.81,113.12;36.19,115.76;
#125:
>0:37.83,111.22;40.23,111.1;40.04,107.5;38.17,103.02;
#126:
>0:33.05,106.87;31.14,111.24;33.42,114.14;29.32,118.98;
#127:
>0:41.46,114.22;40.48,110.33;41.2,109.27;37.54,105.02;37.12,102.3;
#128:
>0:32.81,102.56;31.0,105.81;
#129:
>0:39.32,115.22;35.93,112.72;32.18,108.9;31.76,107.48;27.73,108.45;
#130:
>0:40.07,113.39;41.62,115.38;
#131:
>0:37.69,100.59;39.03,105.12;39.36,106.91;38.3,111.08;39.19,115.65;
#132:
>0:36.48,118.35;33.88,114.8;33.0,110.48;31.11,109.36;30.88,104.82;35.73,100.97;
#133:
>0:38.87,119.23;34.83,114.56;33.23,111.77;33.41,108.99;
#134:
>0:40.88,118.58;41.86,119.0;
#135:
>0:29.03,107.75;30.35,111.4;32.89,107.18;35.65,106.28;37.43,105.66;39.91,102.17;
#136:
>0:36.83,104.21;34.57,107.21;35.35,112.76;34.94,115.02;
#137:
>0:27.16,118.98;27.83,114.15;31.08,111.82;32.77,109.19;31.03,106.28;30.67,103.32;
#138:
>0:27.2,106.34;26.88,107.22;31.06,112.85;32.61,115.26;36.61,113.64;40.32,116.43;
#139:
>0:41.95,117.6;39.57,116.1;37.15,119.53;35.95,113.72;32.67,112.8;27.53,114.16;
#140:
>0:40.5,117.0;40.79,118.2;
#141:
>0:38.68,109.44;36.76,106.41;33.43,106.16;29.94,105.54;
#142:
>0:29.78,109.58;29.47,112.25;
#143:
>0:38.84,107.94;38.19,112.76;32.72,111.86;
#144:
>0:41.56,119.51;40.44,118.49;
#145:
>0:40.82,117.69;41.34,117.36;
#146:
>0:34.67,113.02;38.65,106.75;39.77,105.49;
#147:
>0:33.78,113.38;35.1,119.35;
#148:
>0:40.83,115.02;40.49,111.88;39.69,107.71;37.92,106.38;37.86,100.39;
#149:
>0:29.74,108.44;30.58,104.3;32.4,104.6;35.28,106.18;39.96,106.49;
#150:
>0:40.11,115.91;37.44,110.79;36.51,109.5;
#151:
>0:37.86,117.9;35.13,115.14;32.26,113.74;29.42,115.14;
#152:
>0:34.91,117.07;34.14,114.22;32.13,110.12;30.73,109.69;29.76,105.03;36.27,102.26;
#153:
>0:32.86,113.56;32.97,110.92;34.24,109.08;32.09,104.7;31.98,100.89;
#154:
>0:35.92,108.28;35.02,111.48;34.49,113.4;
#155:
>0:27.45,116.2;31.56,115.46;
#156:
>0:41.95,115.47;41.28,117.48;37.54,117.98;35.32,115.43;30.98,107.72;
#157:
>0:37.27,102.65;37.75,103.47;40.73,104.7;41.8,107.79;37.81,113.21;
#158:
>0:40.68,113.08;38.42,112.31;40.94,109.9;38.97,105.31;
#159:
>0:34.1,112.7;32.56,112.4;
#160:
>0:31.86,103.81;27.07,107.3;
#161:
>0:30.56,108.04;31.36,104.76;34.76,102.16;
#162:
>0:32.89,114.49;32.52,110.94;33.02,109.54;39.03,104.08;
#163:
>0:29.83,102.69;31.64,104.26;
#164:
>0:26.99,107.23;31.08,112.09;31.95,114.39;36.47,110.34;
#165:
>0:32.47,116.26;33.81,112.32;33.37,106.86;37.07,106.41;
#166:
>0:32.94,112.73;32.43,115.59;33.37,116.94;
#167:
>0:28.8,106.15;31.04,107.35;32.29,109.89;
#168:
>0:27.79,106.4;28.02,109.48;30.64,111.11;32.86,114.76;36.51,113.69;42.17,118.1;
#169:
>0:29.88,103.76;34.33,108.86;34.77,111.35;36.52,113.31;
#170:
>0:41.76,117.05;40.62,117.34;
#171:
>0:29.35,112.9;30.35,111.49;33.46,116.11;35.52,114.29;37.74,112.78;
#172:
>0:29.79,115.28;29.33,112.27;
#173:
>0:33.09,100.91;35.64,103.11;37.25,105.9;
#174:
>0:36.65,118.48;34.07,116.1;33.76,111.94;31.27,109.12;30.47,106.12;35.33,102.51;
#175:
>0:38.28,105.93;39.44,100.89;
#176:
>0:37.52,108.48;39.13,110.31;32.34,110.69;
#177:
>0:28.07,109.04;30.05,112.41;33.47,113.81;35.12,114.07;37.67,112.92;
#178:
>0:35.34,110.51;33.71,109.81;30.52,108.25;29.27,107.56;
#179:
>0:34.92,103.04;35.92,104.62;
#180:
>0:41.76,116.13;37.37,110.38;36.12,107.27;
#181:
>0:35.07,102.01;37.88,100.98;
#182:
>0:38.79,115.48;35.79,110.71;34.14,107.79;29.94,107.08;27.82,109.43;
#183:
>0:36.64,112.79;32.05,109.12;
