#0:
>0:36.7,115.84;34.38,110.64;30.9,108.58;29.3,104.84;28.82,101.29;
#1:
>0:36.66,103.69;33.99,100.52;31.43,100.26;
#2:
>0:32.84,101.08;34.84,104.29;31.22,108.06;
#3:
>0:41.37,117.12;37.84,115.56;36.74,111.93;32.15,108.04;30.21,106.16;27.55,101.39;
#4:
>0:37.76,102.55;35.22,104.09;33.61,107.45;
#5:
>0:40.78,103.84;37.92,108.99;35.7,113.02;32.38,116.22;31.24,117.27;
#6:
>0:37.9,108.83;39.91,111.14;40.35,113.45;35.15,118.4;
#7:
>0:27.5,113.33;29.67,110.75;34.24,109.34;35.36,106.49;37.24,105.29;40.7,105.88;
#8:
>0:34.77,115.45;34.15,110.87;30.01,108.98;28.39,107.69;
#9:
>0:31.28,102.74;33.6,104.95;30.26,105.09;33.55,112.28;
#10:
>0:30.13,111.62;28.04,108.27;
#11:
>0:39.27,108.61;35.55,113.98;32.64,106.62;30.17,108.39;
#12:
>0:30.15,113.46;33.3,118.39;36.4,118.72;39.38,117.18;
#13:
>0:28.98,116.69;29.59,117.08;
#14:
>0:30.67,102.53;33.8,106.14;34.78,104.96;37.84,103.65;41.21,106.47;
#15:
>0:42.43,117.91;39.85,113.38;37.36,111.71;36.59,107.34;33.58,107.84;31.91,102.66;
#16:
>0:31.24,102.45;33.51,104.68;34.99,106.72;36.78,111.54;
#17:
>0:36.85,118.96;32.85,119.36;36.06,114.59;
#18:
>0:27.2,119.44;31.27,114.6;
#19:
>0:36.09,107.99;34.22,108.35;33.68,114.78;
#20:
>0:40.3,118.89;39.61,113.99;39.44,109.87;34.89,112.51;30.03,104.4;
#21:
>0:32.29,117.17;34.79,115.71;35.44,112.89;36.44,106.72;
#22:
>0:29.64,114.25;32.89,114.63;35.53,111.48;33.77,105.46;
#23:
>0:39.57,107.69;41.69,112.58;39.78,113.11;38.38,117.55;
#24:
>0:34.35,104.4;30.01,108.51;30.08,111.27;
#25:
>0:39.98,118.76;40.61,119.06;
#26:
>0:40.38,106.7;39.17,111.71;34.41,115.27;32.73,116.48;
#27:
>0:41.86,110.41;36.96,115.72;35.9,116.39;33.06,113.49;30.58,113.57;
#28:
>0:34.4,105.47;35.19,109.45;39.26,112.51;41.77,114.86;38.91,119.43;
#29:
>0:30.09,101.02;34.1,105.7;29.4,106.03;32.83,112.98;
#30:
>0:40.53,105.02;38.68,108.63;35.95,107.1;
#31:
>0:31.32,102.37;32.94,103.75;30.66,106.98;
#32:
>0:31.71,100.24;32.16,105.11;36.63,109.64;36.09,113.05;
#33:
>0:40.58,117.09;40.38,118.6;
#34:
>0:27.98,105.43;29.85,108.16;33.66,112.86;35.62,113.61;38.39,118.94;
#35:
>0:38.26,117.88;35.85,115.45;34.29,112.9;31.52,112.37;27.02,112.11;
#36:
>0:39.29,109.14;36.39,111.68;32.66,113.31;29.79,117.55;28.52,116.64;
#37:
>0:40.67,119.49;41.56,117.73;
#38:
>0:37.22,108.28;36.29,113.35;33.93,113.62;30.88,114.07;
#39:
>0:33.22,110.17;36.88,115.29;37.14,116.52;
#40:
>0:40.28,110.25;39.97,114.36;
#41:
>0:37.34,119.42;35.3,115.27;33.71,114.96;30.94,115.31;
#42:
>0:40.08,101.74;39.02,100.49;34.8,101.39;33.07,100.86;31.51,101.7;27.95,100.86;
#43:
>0:41.49,116.97;41.41,117.81;
#44:
>0:28.5,110.81;31.35,108.87;33.33,109.23;35.21,109.63;
#45:
>0:32.09,105.58;32.4,109.57;31.47,111.74;
#46:
>0:35.78,109.42;35.56,105.85;30.52,103.43;
#47:
>0:27.81,100.85;31.53,104.39;34.32,106.33;36.33,104.11;38.61,103.75;
#48:
>0:38.01,109.99;34.69,106.71;36.8,113.24;34.02,112.19;27.39,111.09;
#49:
>0:31.6,105.65;27.06,102.11;
#50:
>0:33.89,102.74;29.99,105.47;32.76,108.77;34.2,109.97;31.65,112.46;30.88,117.32;
#51:
>0:30.74,114.4;30.07,119.43;
#52:
>0:37.17,108.65;39.53,109.97;41.51,113.96;35.19,116.9;
#53:
>0:29.78,118.96;34.36,116.43;36.04,117.99;38.78,118.19;
#54:
>0:41.22,118.08;40.15,116.5;
#55:
>0:37.77,112.5;34.73,115.35;34.28,119.28;33.97,114.96;27.48,115.27;
#56:
>0:30.23,115.29;28.56,110.31;27.66,108.22;
#57:
>0:34.48,103.9;39.33,103.83;
#58:
>0:39.7,104.58;38.33,108.3;35.56,111.49;33.14,113.78;31.19,117.43;27.06,117.62;
#59:
>0:31.43,110.9;32.28,114.27;33.58,119.16;
#60:
>0:40.22,119.04;39.67,120.22;
#61:
>0:36.48,108.03;34.81,112.58;34.85,115.07;
#62:
>0:41.87,118.0;39.57,119.24;
#63:
>0:38.72,105.76;35.08,100.46;33.45,102.42;30.44,101.33;29.31,102.2;
#64:
>0:41.58,112.15;37.22,108.9;34.59,106.3;34.34,102.73;31.17,102.5;
#65:
>0:30.52,116.12;33.93,112.7;
#66:
>0:28.1,108.65;30.38,111.3;31.58,115.27;
#67:
>0:41.97,118.87;39.99,118.5;
#68:
>0:40.68,118.06;40.92,119.05;
#69:
>0:40.27,106.73;38.05,109.0;34.42,111.61;33.19,107.51;29.95,103.41;27.01,110.67;
#70:
>0:29.19,103.91;30.92,108.41;32.57,108.58;34.95,107.46;
#71:
>0:37.38,115.98;36.8,119.21;
#72:
>0:40.2,111.98;38.72,115.13;36.61,117.4;33.28,114.5;30.28,119.3;29.15,116.49;
#73:
>0:39.68,102.6;38.45,105.23;36.16,108.3;33.77,107.75;33.18,115.37;
#74:
>0:40.19,110.16;39.65,114.3;37.4,113.4;36.12,118.6;29.5,119.26;
#75:
>0:27.4,116.88;31.17,115.83;32.88,110.57;36.86,109.22;37.54,104.06;40.27,100.83;
#76:
>0:31.64,103.5;33.18,106.61;35.33,111.97;38.28,113.8;41.01,119.48;
#77:
>0:30.8,100.64;33.87,104.38;33.23,108.09;
#78:
>0:29.28,117.57;30.97,117.37;
#79:
>0:40.66,117.5;41.89,113.85;39.35,109.85;36.09,107.99;30.01,104.23;
#80:
>0:39.5,119.06;39.98,118.32;
#81:
>0:39.52,117.08;40.13,117.89;
#82:
>0:27.28,117.46;31.36,115.41;32.22,110.37;36.02,111.63;39.44,112.64;40.06,112.58;
#83:
>0:33.26,119.51;33.53,113.29;35.04,110.76;34.05,112.81;31.21,105.46;
#84:
>0:27.14,116.08;28.46,116.47;
#85:
>0:33.27,118.18;34.65,115.37;37.69,118.03;40.29,113.13;
#86:
>0:40.96,102.3;37.44,106.46;34.76,109.74;35.72,113.82;
#87:
>0:38.06,101.55;35.11,103.46;33.19,106.27;
#88:
>0:40.93,119.39;42.39,118.65;
#89:
>0:39.21,116.08;35.92,112.86;33.32,110.75;31.26,108.6;27.46,105.08;
#90:
>0:30.31,101.71;31.27,101.2;
#91:
>0:36.72,118.52;37.29,116.19;40.44,110.29;
#92:
>0:40.3,117.8;41.76,117.55;
#93:
>0:34.71,117.55;38.12,114.26;41.87,112.48;37.34,106.65;41.83,104.18;39.7,100.37;
#94:
>0:30.98,110.21;27.47,110.26;
#95:
>0:41.03,111.99;36.96,107.49;35.22,105.41;35.49,103.3;
#96:
>0:39.13,109.66;36.12,105.02;32.92,100.47;30.8,103.38;28.19,100.81;
#97:
>0:28.81,118.38;31.86,117.22;34.3,111.44;
#98:
>0:41.78,111.48;41.05,111.92;
#99:
>0:40.69,101.33;39.67,106.47;
#100:
>0:40.34,103.99;38.68,109.13;36.92,106.77;
#101:
>0:38.62,117.03;40.91,113.56;41.01,110.6;
#102:
>0:27.01,102.27;30.86,106.49;32.07,103.64;
#103:
>0:39.76,102.48;38.73,105.66;35.08,107.44;32.29,109.61;33.63,115.64;
#104:
>0:31.49,104.05;30.04,101.13;
#105:
>0:31.09,110.05;32.35,114.38;36.22,115.86;39.29,117.1;41.68,114.77;
#106:
>0:27.5,113.89;30.92,112.48;32.53,107.46;35.61,104.38;37.1,103.6;40.82,103.92;
#107:
>0:30.31,103.3;34.31,105.54;33.16,107.65;
#108:
>0:42.15,118.45;39.61,117.47;
#109:
>0:40.67,101.3;37.45,104.12;41.82,109.66;
#110:
>0:39.87,117.03;40.37,119.45;
#111:
>0:41.68,106.16;39.34,107.25;36.42,108.33;
#112:
>0:37.48,112.1;38.84,106.86;40.26,104.65;40.43,102.12;
#113:
>0:39.39,115.02;34.85,110.39;33.64,106.7;33.0,105.93;
#114:
>0:40.57,109.4;39.58,103.75;
#115:
>0:37.11,100.22;35.69,106.24;32.6,109.4;29.85,105.6;28.76,111.98;
#116:
>0:33.84,116.09;36.71,114.17;34.26,107.86;35.53,106.12;32.44,101.47;
#117:
>0:39.43,102.16;34.54,104.73;31.92,108.16;
#118:
>0:34.84,115.27;33.27,110.24;29.57,108.19;27.87,108.78;
#119:
>0:41.04,112.51;41.03,110.12;
#120:
>0:40.35,103.49;39.73,109.21;39.37,109.65;33.32,107.68;
#121:
>0:35.29,118.86;37.22,115.89;40.32,113.3;
#122:
>0:37.46,112.31;36.84,115.4;32.14,116.52;34.0,115.13;28.85,114.5;
#123:
>0:39.97,117.66;41.57,117.22;
#124:
>0:37.7,111.86;37.1,113.61;
#125:
>0:31.54,114.84;28.73,112.25;26.88,109.71;
#126:
>0:39.48,116.71;40.08,116.61;
#127:
>0:31.81,102.04;34.04,105.02;36.85,107.77;38.86,111.13;38.66,115.48;
#128:
>0:29.84,111.14;27.39,115.21;
#129:
>0:30.34,118.49;28.36,115.13;
#130:
>0:40.81,112.99;38.93,108.62;36.0,104.38;33.36,101.14;29.64,102.52;27.14,102.59;
#131:
>0:34.66,114.0;33.12,111.08;31.28,108.64;29.38,109.27;
#132:
>0:30.97,100.19;32.23,104.14;36.3,107.17;37.93,110.38;
#133:
>0:34.46,104.85;32.97,104.57;33.3,100.8;29.14,104.73;
#134:
>0:35.84,102.38;37.93,103.44;39.9,109.12;
#135:
>0:40.93,119.38;41.02,119.09;
#136:
>0:36.02,119.02;32.4,113.39;
#137:
>0:39.81,115.26;37.35,109.95;41.92,109.77;39.1,108.76;37.85,102.44;
#138:
>0:33.83,110.95;36.3,116.29;39.27,117.73;
#139:
>0:30.95,112.84;33.16,115.14;36.71,114.03;
#140:
>0:40.79,106.25;39.15,109.05;34.95,109.77;
#141:
>0:32.48,104.11;31.75,105.21;29.29,109.83;27.14,111.53;27.92,116.64;
#142:
>0:29.78,114.53;29.71,118.48;
#143:
>0:29.57,118.99;27.1,115.43;
#144:
>0:28.45,118.93;29.75,114.11;32.1,111.94;35.28,112.71;38.98,113.02;
#145:
>0:35.03,106.66;34.77,111.02;34.67,115.31;
#146:
>0:31.02,102.99;33.05,103.42;32.53,106.78;
#147:
>0:42.0,118.21;39.61,117.3;
#148:
>0:32.51,107.24;32.44,107.77;
#149:
>0:39.99,117.13;40.15,117.84;
#150:
>0:29.03,100.56;30.37,105.41;28.72,106.59;27.52,109.34;27.71,112.39;33.06,118.07;
#151:
>0:28.01,101.51;30.06,105.65;
#152:
>0:36.68,116.82;32.97,116.0;31.54,112.24;29.02,107.06;27.7,106.32;27.33,103.33;
#153:
>0:37.1,102.38;34.68,104.77;36.27,107.79;34.53,114.14;36.13,114.1;
#154:
>0:31.0,111.18;31.4,109.94;
#155:
>0:37.04,112.84;39.08,113.7;
#156:
>0:31.22,115.97;33.08,119.4;34.95,116.88;
#157:
>0:28.44,107.5;27.07,110.58;32.28,111.12;
#158:
>0:41.6,113.44;38.38,111.32;35.47,111.14;
#159:
>0:35.27,115.98;34.2,111.11;31.51,107.66;29.11,105.05;27.73,101.65;
#160:
>0:41.23,101.93;37.68,103.4;36.34,106.66;34.8,110.56;
#161:
>0:31.65,104.33;30.8,101.54;
#162:
>0:33.47,113.91;36.91,114.52;32.53,107.08;33.33,106.59;36.69,101.6;
#163:
>0:33.02,104.57;31.26,104.14;29.35,110.68;
#164:
>0:30.96,115.16;34.21,118.63;34.64,117.73;39.0,116.66;
#165:
>0:36.52,104.68;33.18,103.99;33.36,107.36;27.59,105.62;
#166:
>0:32.14,116.83;36.85,113.69;38.37,111.62;41.12,110.95;
#167:
>0:39.0,102.11;35.94,105.61;32.72,106.46;31.33,104.79;26.88,111.14;
#168:
>0:40.11,117.35;40.42,119.25;
#169:
>0:41.9,115.28;39.22,111.83;39.89,106.83;
#170:
>0:28.93,106.61;30.29,107.92;32.18,108.98;
#171:
>0:41.0,106.13;37.43,105.38;
#172:
>0:38.8,115.27;40.3,119.41;
#173:
>0:34.68,116.41;39.33,115.13;41.02,114.3;
#174:
>0:35.09,115.6;32.82,110.77;29.44,108.37;27.36,109.28;
#175:
>0:36.73,114.39;33.33,109.41;32.5,103.55;35.82,100.96;
#176:
>0:28.13,107.03;30.91,112.45;32.26,116.13;36.02,116.09;
#177:
>0:30.6,105.33;32.54,109.55;35.91,111.48;38.92,112.69;
#178:
>0:41.5,110.28;38.19,108.08;35.63,104.31;32.28,100.81;31.85,101.06;
#179:
>0:40.66,110.56;38.23,107.8;
#180:
>0:28.42,112.46;30.8,109.88;33.1,112.51;
#181:
>0:41.89,102.35;37.02,103.46;36.85,108.64;32.98,109.36;32.42,113.2;
#182:
>0:39.42,109.54;37.74,106.61;
#183:
>0:39.29,110.4;37.53,108.94;41.68,103.81;38.74,101.61;
