#0:
>0:39.46,116.6;39.28,116.57;
#1:
>0:39.59,116.4;39.9,116.39;39.88,116.7;
#2:
>0:39.79,117.06;39.74,116.88;39.97,116.61;
#3:
>0:39.13,116.38;39.41,116.48;39.56,116.53;39.71,116.53;
#4:
>0:40.01,116.51;39.94,116.51;
#5:
>0:40.06,116.55;39.96,116.55;
#6:
>0:39.21,116.37;39.4,116.56;39.51,116.71;39.61,116.78;39.83,116.81;39.57,117.16;
#7:
>0:39.91,117.04;39.83,116.82;39.79,116.6;39.77,116.56;39.77,116.29;
#8:
>0:39.41,116.57;39.4,116.59;
#9:
>0:39.36,116.48;39.46,116.34;39.64,116.34;39.8,116.29;40.11,116.5;
#10:
>0:39.89,117.0;39.74,116.76;
#11:
>0:39.76,116.4;39.95,116.39;
#12:
>0:39.28,116.41;39.42,116.39;
#13:
>0:40.11,116.59;40.08,116.63;
#14:
>0:39.9,117.04;39.6,116.95;39.48,117.05;39.38,116.93;39.12,116.65;
#15:
>0:40.02,116.99;39.76,116.89;39.84,116.63;39.87,116.48;39.85,116.39;
#16:
>0:40.01,116.47;39.81,116.6;39.77,116.85;39.68,117.0;39.58,117.0;39.19,116.84;
#17:
>0:39.3,116.63;39.56,116.69;39.6,116.66;39.75,116.68;40.03,116.85;
#18:
>0:39.69,116.57;39.76,116.47;39.83,116.69;39.88,116.92;
#19:
>0:39.17,116.59;39.31,116.73;39.55,116.77;39.58,116.98;
#20:
>0:39.66,116.85;39.81,116.97;
#21:
>0:40.06,116.55;40.06,116.55;
#22:
>0:39.86,116.93;39.64,116.83;39.47,116.83;39.39,116.53;
#23:
>0:39.93,117.13;40.03,117.0;
#24:
>0:39.88,116.89;39.61,116.69;
#25:
>0:39.83,117.08;39.73,117.07;39.57,116.95;39.39,116.75;
#26:
>0:39.7,116.98;39.56,117.01;39.52,116.7;
#27:
>0:39.92,116.57;39.92,116.5;
#28:
>0:39.56,117.19;39.71,117.17;39.82,117.2;
#29:
>0:39.11,116.52;39.37,116.64;39.44,116.62;39.72,116.84;39.85,116.95;
#30:
>0:39.37,116.36;39.49,116.53;39.36,116.46;39.73,116.89;
#31:
>0:39.71,116.33;39.62,116.29;
#32:
>0:39.4,117.09;39.29,116.93;
#33:
>0:39.65,116.66;39.86,116.63;39.96,116.57;
#34:
>0:39.82,117.16;39.61,116.92;39.49,116.78;39.3,116.78;39.21,116.43;
#35:
>0:39.72,116.93;39.47,117.2;
#36:
>0:39.11,116.58;39.32,116.65;39.46,116.5;39.47,116.29;39.88,116.33;
#37:
>0:39.65,116.65;39.85,116.71;39.67,116.37;
#38:
>0:39.29,116.32;39.57,116.52;
#39:
>0:39.37,116.35;39.46,116.52;39.57,116.64;
#40:
>0:39.65,116.55;39.75,116.57;39.99,116.71;
#41:
>0:39.33,117.17;39.51,117.07;39.64,117.14;39.86,117.18;40.0,117.21;
#42:
>0:40.01,116.84;39.76,116.61;39.9,116.52;39.82,116.29;
#43:
>0:39.14,116.27;39.27,116.43;39.48,116.66;39.73,116.77;39.8,116.66;39.97,116.6;
#44:
>0:39.3,117.17;39.42,117.05;39.71,117.01;39.76,116.86;40.05,116.99;
