#0:
>0:39.22,116.79;39.34,116.6;39.21,116.61;39.23,116.28;
#1:
>0:39.96,116.88;39.81,116.66;39.58,116.64;39.46,116.38;
#2:
>0:39.83,116.56;39.79,116.67;39.72,116.65;39.43,116.9;39.15,117.1;
#3:
>0:39.92,116.91;39.83,116.76;39.63,117.0;39.54,116.77;39.29,116.63;39.21,116.36;
#4:
>0:40.01,116.53;39.95,116.56;
#5:
>0:39.46,116.79;39.38,116.59;39.2,116.78;
#6:
>0:39.95,116.49;40.06,116.35;
#7:
>0:40.04,116.53;40.06,116.44;
#8:
>0:39.25,116.7;39.38,116.64;39.45,116.75;39.56,116.97;39.73,117.05;39.95,116.83;
#9:
>0:40.06,117.02;40.03,116.79;39.93,116.67;39.99,116.58;40.02,116.36;
#10:
>0:39.58,116.86;39.67,116.9;39.9,117.06;39.95,116.62;
#11:
>0:39.12,116.44;39.3,116.7;39.47,116.88;39.74,116.91;
#12:
>0:39.53,116.71;39.6,116.73;39.74,116.79;40.04,117.01;
#13:
>0:39.34,116.6;39.37,116.57;39.61,116.55;
#14:
>0:39.9,116.81;39.87,116.7;
#15:
>0:39.49,116.38;39.46,116.48;
#16:
>0:39.98,116.44;40.01,116.47;
#17:
>0:39.76,116.56;39.79,116.4;39.64,116.53;39.41,116.49;
#18:
>0:39.54,116.67;39.49,116.5;39.74,116.42;40.04,116.45;
#19:
>0:40.03,116.5;39.96,116.48;
#20:
>0:39.85,116.95;39.61,116.96;
#21:
>0:39.16,117.07;39.34,116.94;39.5,116.77;39.71,116.71;39.69,116.56;
#22:
>0:39.49,116.7;39.7,116.68;39.7,116.78;39.96,117.05;
#23:
>0:39.61,117.17;39.68,117.03;
#24:
>0:39.22,116.88;39.4,116.97;39.43,117.21;39.74,117.17;39.85,117.13;
#25:
>0:39.17,116.88;39.29,116.67;39.37,116.57;39.11,116.28;
#26:
>0:39.86,116.85;39.63,116.62;39.84,116.65;40.04,116.41;
#27:
>0:40.01,116.82;39.91,116.63;39.79,116.87;39.54,116.79;
#28:
>0:39.17,116.95;39.38,116.83;39.42,116.85;39.26,116.64;39.36,116.37;
#29:
>0:39.32,117.19;39.57,116.97;39.53,116.9;39.37,116.65;39.25,116.44;
#30:
>0:40.05,116.56;39.77,116.37;
#31:
>0:39.56,116.31;39.47,116.55;
#32:
>0:39.96,116.62;39.8,116.85;39.62,116.6;39.47,116.45;
#33:
>0:40.02,116.43;39.95,116.49;
#34:
>0:39.96,117.16;39.76,117.21;39.64,116.95;39.56,116.92;39.3,116.66;
#35:
>0:39.43,116.41;39.47,116.55;
#36:
>0:39.76,116.41;39.67,116.58;39.99,116.66;
#37:
>0:39.35,116.38;39.23,116.43;39.3,116.66;39.44,116.75;39.6,117.05;
#38:
>0:39.56,116.58;39.58,116.64;
#39:
>0:39.87,117.01;39.62,116.87;39.63,116.74;39.27,116.59;
#40:
>0:39.15,116.81;39.3,116.67;39.37,116.55;
#41:
>0:39.12,116.76;39.31,116.61;39.28,116.55;39.22,116.33;
#42:
>0:39.41,117.22;39.3,116.99;39.33,116.86;
#43:
>0:39.78,117.06;40.03,116.91;
#44:
>0:39.8,116.54;39.87,116.7;39.74,116.64;39.58,116.85;39.55,117.12;
