#0:
>0:39.97,116.86;39.89,117.02;
#1:
>0:39.29,116.43;39.54,116.5;39.54,116.63;39.65,116.89;40.05,116.8;
#2:
>0:39.28,116.99;39.55,116.81;39.57,116.65;39.6,116.77;39.97,116.56;
#3:
>0:40.07,116.53;39.9,116.58;40.02,116.68;40.05,116.86;39.87,116.76;39.72,117.14;
#4:
>0:39.31,116.53;39.45,116.55;39.53,116.74;39.89,116.7;
#5:
>0:39.32,116.59;39.4,116.78;39.28,116.96;
#6:
>0:39.17,117.3;39.3,117.17;39.54,116.93;39.46,117.18;39.73,117.18;40.06,117.2;
#7:
>0:39.53,117.1;39.68,116.98;
#8:
>0:39.28,116.93;39.51,116.95;
#9:
>0:39.15,117.27;39.4,116.96;
#10:
>0:39.48,117.09;39.3,116.92;
#11:
>0:39.24,116.97;39.39,116.8;39.49,116.66;
#12:
>0:39.2,116.99;39.39,116.98;39.56,117.14;39.71,117.17;39.87,117.03;39.92,116.94;
#13:
>0:39.47,116.97;39.26,117.03;39.62,116.66;
#14:
>0:39.67,116.61;39.68,116.89;39.91,116.94;
#15:
>0:39.15,116.8;39.28,116.72;39.54,116.7;39.7,116.51;39.89,116.54;
#16:
>0:39.23,116.91;39.38,116.89;39.44,116.79;
#17:
>0:39.43,116.68;39.7,116.75;39.9,116.97;39.87,117.18;
#18:
>0:39.43,116.8;39.71,116.63;39.37,116.46;
#19:
>0:39.34,116.44;39.52,116.66;39.59,116.75;39.77,116.7;39.97,117.04;
#20:
>0:39.46,116.76;39.67,116.68;39.68,116.76;39.94,116.82;
#21:
>0:39.73,116.85;39.58,116.94;39.67,117.15;
#22:
>0:39.86,116.54;39.71,116.46;39.49,116.51;39.43,116.65;39.16,116.97;
#23:
>0:39.98,117.18;39.96,117.01;39.88,116.8;
#24:
>0:39.3,116.38;39.31,116.5;39.53,116.64;39.66,116.89;39.68,117.01;
#25:
>0:39.54,116.61;39.37,116.64;
#26:
>0:39.2,116.84;39.4,117.02;39.44,117.05;39.56,117.21;39.77,117.1;
#27:
>0:40.06,117.19;39.75,116.93;39.67,116.84;39.55,116.91;
#28:
>0:39.27,116.43;39.42,116.45;
#29:
>0:40.05,116.4;39.75,116.58;40.07,116.53;39.85,116.72;39.68,116.77;39.32,117.16;
#30:
>0:39.6,116.33;39.82,116.43;39.85,116.66;
#31:
>0:39.98,116.52;40.04,116.52;
#32:
>0:39.51,116.85;39.69,116.87;
#33:
>0:39.59,117.0;39.82,116.78;39.89,116.7;39.81,116.56;
#34:
>0:39.31,117.04;39.29,116.81;39.5,116.73;
#35:
>0:39.79,116.99;39.7,116.86;39.43,117.01;39.33,116.67;
#36:
>0:39.36,116.72;39.56,116.67;39.59,116.85;39.27,117.21;
#37:
>0:39.7,117.1;39.56,116.94;39.35,117.05;
#38:
>0:39.82,116.5;39.71,116.3;
#39:
>0:39.39,116.44;39.58,116.5;39.5,116.65;39.71,116.91;
#40:
>0:40.05,116.49;39.77,116.74;39.66,116.52;39.44,116.42;39.43,116.5;39.22,116.33;
#41:
>0:39.43,116.73;39.7,116.81;39.78,116.99;
#42:
>0:39.9,116.49;39.95,116.5;
#43:
>0:39.36,116.35;39.56,116.43;
#44:
>0:39.32,116.34;39.4,116.49;39.39,116.72;
