#0:
>0:37.43,115.94;34.37,116.28;31.16,117.29;
#1:
>0:26.75,115.24;28.89,115.53;34.17,116.0;34.93,116.74;39.33,117.95;
#2:
>0:39.51,115.17;39.8,114.02;36.12,114.02;31.84,115.19;31.27,114.45;24.87,114.59;
#3:
>0:28.84,114.33;25.95,115.07;23.49,115.93;23.65,116.43;24.74,117.23;25.14,117.48;
#4:
>0:35.21,117.96;32.83,116.94;31.94,116.05;
#5:
>0:27.38,117.53;27.29,117.01;28.89,116.86;33.37,116.1;41.22,116.4;
#6:
>0:26.63,114.58;25.07,114.71;29.72,115.33;
#7:
>0:38.78,114.06;36.65,114.61;33.84,114.85;28.81,115.94;27.84,115.53;
#8:
>0:38.98,117.84;38.14,116.88;40.26,115.95;40.78,115.93;37.52,115.64;40.02,114.27;
#9:
>0:26.45,116.88;27.16,116.25;33.06,117.55;
#10:
>0:22.61,114.98;27.91,115.76;28.88,116.15;32.16,116.65;
#11:
>0:22.74,115.72;24.9,114.77;
#12:
>0:23.11,115.54;26.85,116.49;
#13:
>0:32.35,114.96;35.83,115.3;
#14:
>0:42.13,116.86;39.97,116.83;38.36,117.82;
#15:
>0:36.22,115.56;37.62,115.75;
