#0:
>0:37.38,114.76;35.32,114.21;
#1:
>0:27.34,115.56;29.93,114.79;33.84,115.98;
#2:
>0:34.81,117.38;30.43,117.87;27.7,117.39;
#3:
>0:25.71,115.02;25.19,115.14;22.71,116.32;
#4:
>0:27.1,117.45;28.95,117.71;34.65,117.22;36.71,116.04;
#5:
>0:25.9,116.27;30.97,116.66;31.65,117.83;36.59,117.23;
#6:
>0:31.26,116.2;33.31,115.73;36.48,115.3;39.03,114.81;
#7:
>0:30.51,117.21;32.03,116.96;
#8:
>0:36.67,115.93;40.59,115.54;37.4,116.36;30.93,117.7;
#9:
>0:34.5,115.83;33.79,116.52;31.25,116.69;
#10:
>0:29.37,117.07;29.83,117.69;34.03,116.91;39.78,117.33;
#11:
>0:26.2,115.27;22.83,114.75;
#12:
>0:35.42,117.22;35.83,116.32;33.49,116.3;26.32,114.9;
#13:
>0:38.77,116.37;36.17,115.96;36.59,117.43;
#14:
>0:42.94,117.89;37.67,117.74;33.47,117.56;
#15:
>0:23.74,116.21;27.71,115.49;29.83,115.65;
