#0:
>0:29.75,117.63;27.13,117.73;23.29,117.04;25.91,116.44;22.76,115.49;31.49,114.59;
#1:
>0:23.54,114.47;22.59,114.42;
#2:
>0:36.33,115.82;32.48,114.85;
#3:
>0:39.86,116.73;40.67,116.72;
#4:
>0:39.18,115.72;36.67,114.97;34.09,114.15;30.96,114.41;
#5:
>0:24.98,116.95;27.43,117.1;30.2,117.41;34.76,117.57;
#6:
>0:36.64,114.93;33.97,115.73;31.53,116.13;27.11,116.95;
#7:
>0:28.97,115.12;31.97,115.53;35.93,115.88;40.48,114.87;
#8:
>0:30.34,114.8;29.79,115.77;35.85,115.67;
#9:
>0:37.64,116.97;39.22,116.76;36.88,116.52;31.53,114.67;
#10:
>0:41.36,116.92;40.9,116.85;
#11:
>0:33.53,116.52;36.76,115.61;
#12:
>0:28.73,116.84;26.79,116.56;25.44,115.33;24.46,114.71;25.79,114.07;
#13:
>0:29.65,114.21;33.85,114.58;34.3,115.14;29.22,115.65;27.38,116.9;
#14:
>0:41.45,116.74;40.37,116.83;
#15:
>0:28.71,117.77;26.55,117.3;24.69,117.23;27.64,115.42;
