#0:
>0:40.46,117.43;39.77,116.99;35.34,117.8;34.61,117.01;27.31,116.07;
#1:
>0:25.16,115.9;23.45,116.31;28.55,116.09;32.93,115.33;
#2:
>0:32.77,115.38;36.49,114.85;
#3:
>0:27.72,116.36;25.84,115.92;32.66,116.55;
#4:
>0:25.46,117.44;25.32,116.78;28.35,116.22;23.75,116.09;25.77,115.44;26.73,114.54;
#5:
>0:41.61,117.07;35.66,116.04;32.1,115.85;35.42,115.19;37.45,114.38;
#6:
>0:37.54,117.83;32.28,117.42;32.19,117.12;31.23,116.15;24.44,116.09;
#7:
>0:24.54,114.31;26.58,115.2;
#8:
>0:34.88,117.72;32.28,117.15;
#9:
>0:25.38,116.79;28.05,116.57;23.4,116.1;28.12,115.45;30.77,114.42;
#10:
>0:32.55,113.97;28.74,114.27;26.46,115.01;31.29,116.52;
#11:
>0:32.36,115.07;29.51,115.66;31.32,116.29;26.26,116.5;24.29,117.95;
#12:
>0:41.6,117.49;37.52,117.64;33.15,117.22;30.96,116.11;26.96,116.43;24.92,114.67;
#13:
>0:30.17,116.07;32.65,116.04;32.24,116.93;39.28,117.62;
#14:
>0:36.75,117.54;34.37,117.83;33.38,116.76;26.37,116.11;
#15:
>0:36.34,116.85;36.82,117.34;
