#0:
>0:35.19,116.03;31.94,115.41;34.76,114.74;
#1:
>0:36.6,114.11;34.69,115.05;33.19,115.6;30.19,116.57;33.54,117.08;
#2:
>0:33.19,114.51;32.09,115.25;
#3:
>0:36.31,116.64;39.86,117.05;40.77,115.97;39.58,115.94;33.25,114.05;
#4:
>0:22.97,117.13;25.14,116.24;27.88,116.24;29.66,116.12;36.78,116.02;
#5:
>0:25.57,116.39;28.63,116.86;
#6:
>0:34.21,114.55;28.71,115.23;26.4,115.41;24.84,116.17;
#7:
>0:33.04,116.45;29.84,116.41;
#8:
>0:32.86,115.01;36.4,115.87;40.73,116.0;36.89,117.27;35.71,117.58;
#9:
>0:39.47,115.82;35.8,115.3;
#10:
>0:36.62,115.21;34.1,115.1;28.96,114.72;26.87,115.19;
#11:
>0:32.99,117.13;35.75,117.49;39.98,117.27;
#12:
>0:24.52,115.93;23.46,114.73;29.65,114.71;
#13:
>0:25.0,116.0;24.25,115.48;
#14:
>0:37.9,116.55;39.66,116.19;
#15:
>0:40.04,116.29;40.92,116.56;
