#0:
>0:34.11,94.02;35.59,93.0;35.2,101.4;
#1:
>0:34.26,114.54;34.88,111.29;36.73,107.08;38.87,102.01;
#2:
>0:36.92,110.09;35.7,107.74;35.87,100.22;33.25,102.32;36.36,92.15;
#3:
>0:37.78,108.66;36.24,114.61;
#4:
>0:34.26,105.51;36.15,104.98;
#5:
>0:40.72,117.19;40.99,117.48;
#6:
>0:37.31,100.33;38.15,101.11;36.35,101.03;37.8,110.94;
#7:
>0:38.03,96.65;36.09,99.94;34.58,105.68;31.95,106.05;
#8:
>0:35.85,91.86;33.97,95.51;32.49,95.86;30.78,99.61;31.74,109.18;
#9:
>0:32.42,113.89;33.7,108.78;35.43,107.43;37.12,102.15;38.48,95.35;
