#0:
>0:36.12,105.37;34.39,103.6;31.5,108.08;30.97,117.08;
#1:
>0:34.26,105.35;34.54,103.26;33.03,98.95;
#2:
>0:33.1,91.59;33.44,95.82;34.65,100.11;31.75,106.28;34.28,112.53;
#3:
>0:30.09,113.81;32.02,108.43;33.75,104.02;35.77,105.15;
#4:
>0:30.48,100.1;32.56,104.87;32.64,112.51;33.18,116.49;37.52,104.58;
#5:
>0:32.5,104.87;31.77,107.55;
#6:
>0:35.95,106.8;33.24,103.53;31.78,107.33;30.39,113.47;
#7:
>0:34.52,114.61;32.03,111.54;34.42,104.84;34.04,99.78;38.01,96.33;
#8:
>0:32.21,95.07;34.53,98.45;34.08,103.17;37.62,98.75;39.79,96.71;
#9:
>0:37.14,96.18;34.55,98.89;31.5,99.93;
