#0:
>0:35.8,110.27;33.95,110.39;32.36,109.11;30.79,112.43;
#1:
>0:39.36,96.77;37.76,99.18;36.4,95.94;34.43,98.36;
#2:
>0:31.27,109.34;32.83,116.04;34.37,108.72;35.77,101.59;
#3:
>0:30.14,111.84;32.62,109.46;
#4:
>0:39.39,91.44;37.68,95.14;38.71,99.56;39.51,105.09;34.96,110.2;
#5:
>0:33.7,115.24;35.12,111.49;
#6:
>0:38.36,117.68;40.6,118.59;
#7:
>0:34.0,99.98;36.36,104.35;
#8:
>0:39.58,98.32;37.71,96.28;38.71,100.61;39.47,109.94;
#9:
>0:39.1,112.15;37.21,107.47;35.22,105.92;34.54,107.66;32.08,107.13;29.82,104.71;
