#0:
>0:30.32,113.98;31.68,110.79;33.85,104.26;35.11,103.92;
#1:
>0:37.66,96.65;37.29,92.11;39.32,91.05;
#2:
>0:31.96,116.41;33.67,108.36;36.01,105.2;37.43,102.88;39.45,95.54;40.05,94.75;
#3:
>0:32.74,95.08;35.03,93.69;36.0,93.39;37.21,93.85;39.76,92.28;
#4:
>0:35.74,109.01;33.53,112.68;32.01,108.15;31.32,97.01;
#5:
>0:33.72,98.3;36.27,101.35;35.49,104.73;35.18,111.84;
#6:
>0:37.87,94.19;35.36,96.46;
#7:
>0:39.06,112.25;39.36,107.89;
#8:
>0:35.29,115.89;34.61,112.11;32.12,104.24;32.66,102.13;32.36,95.82;31.52,92.27;
#9:
>0:39.56,102.6;37.4,107.49;35.23,103.97;34.33,112.1;32.7,107.74;29.95,96.47;
