#0:
>0:31.54,114.59;33.04,114.76;35.76,114.65;
#1:
>0:34.26,114.39;37.02,114.22;
#2:
>0:39.09,115.0;38.63,114.2;37.94,113.72;
#3:
>0:33.21,115.16;36.14,115.53;37.55,116.2;
#4:
>0:37.14,115.73;38.53,114.91;36.6,114.98;31.91,113.88;
#5:
>0:34.74,116.53;32.29,116.07;32.31,114.72;
#6:
>0:32.92,114.65;31.71,115.88;26.16,116.02;
#7:
>0:35.77,115.63;34.06,115.14;32.81,115.3;30.39,116.44;27.23,116.32;
#8:
>0:27.17,116.49;30.23,115.37;29.05,115.18;29.55,114.46;28.8,113.53;
#9:
>0:31.17,114.62;31.85,115.62;27.05,116.22;
#10:
>0:35.87,114.09;38.41,115.09;
#11:
>0:33.84,112.9;36.81,113.69;39.8,114.27;38.4,115.21;38.76,115.79;34.23,116.01;
#12:
>0:30.19,115.14;26.68,115.12;
#13:
>0:38.76,115.85;37.35,114.99;34.93,115.11;34.65,114.57;29.51,114.57;
#14:
>0:39.03,112.95;35.43,112.89;40.05,113.63;35.8,114.01;37.4,115.33;
#15:
>0:28.68,112.91;30.74,113.33;28.2,114.12;32.2,114.53;37.63,115.35;
#16:
>0:35.61,114.52;35.43,113.32;32.89,113.59;
#17:
>0:28.55,115.92;25.85,115.44;29.54,115.22;29.48,114.55;32.61,114.31;30.37,112.92;
#18:
>0:27.37,112.71;30.5,113.78;32.11,114.3;30.63,114.99;
#19:
>0:33.91,115.9;32.44,116.25;32.39,114.88;
#20:
>0:35.77,113.15;34.76,113.58;31.1,113.32;
#21:
>0:30.89,114.96;30.24,114.97;
#22:
>0:36.63,115.73;34.75,115.21;31.16,114.53;30.14,113.47;26.92,115.09;
#23:
>0:38.93,116.7;39.82,116.66;
#24:
>0:31.83,113.87;30.83,114.01;33.42,115.07;35.68,115.56;37.08,116.37;
#25:
>0:30.13,115.32;31.72,116.47;34.9,115.68;
#26:
>0:26.0,116.0;28.2,115.8;28.67,115.03;30.02,113.95;29.77,113.91;
#27:
>0:26.96,112.81;28.19,113.46;30.58,114.33;33.2,114.79;33.36,115.51;
#28:
>0:32.73,113.75;31.33,114.37;35.13,114.84;31.61,115.37;31.21,116.37;
#29:
>0:39.09,116.26;41.27,116.86;
#30:
>0:34.99,113.59;34.46,114.57;38.45,114.48;
#31:
>0:33.78,113.05;35.81,113.73;38.68,114.03;38.4,114.91;38.66,115.59;34.64,116.12;
#32:
>0:31.72,114.52;35.14,114.99;35.71,114.21;38.18,113.98;
#33:
>0:31.74,116.01;31.51,116.38;
#34:
>0:32.3,114.69;33.58,114.92;33.99,113.55;
#35:
>0:27.49,113.84;28.9,114.46;31.2,114.5;33.2,113.58;35.54,113.48;39.83,114.75;
#36:
>0:30.09,116.21;32.06,115.93;33.13,115.53;36.8,115.4;38.95,114.58;
#37:
>0:30.95,113.17;33.58,113.83;34.13,114.44;
#38:
>0:28.3,115.76;30.03,115.1;29.07,114.44;31.31,114.04;37.03,112.99;
#39:
>0:33.1,114.09;35.72,113.62;
#40:
>0:26.11,114.74;29.16,115.44;29.7,116.02;
#41:
>0:26.29,113.56;29.51,114.41;32.07,114.26;33.68,113.43;34.19,112.69;39.72,113.31;
#42:
>0:31.25,115.48;32.58,114.8;
#43:
>0:30.63,116.48;34.34,115.4;33.77,114.8;40.04,115.54;
#44:
>0:31.97,114.49;33.59,114.74;31.62,115.46;29.9,115.95;
#45:
>0:39.67,116.72;40.29,116.55;
#46:
>0:32.35,112.99;33.54,113.68;34.32,114.31;
#47:
>0:26.36,114.06;29.56,113.55;32.92,112.74;
#48:
>0:29.07,114.63;26.27,114.77;
#49:
>0:28.12,113.87;28.65,114.46;32.46,114.48;33.24,112.75;
#50:
>0:33.81,113.82;33.91,114.42;33.16,114.63;
#51:
>0:36.83,113.42;36.95,113.98;34.33,114.8;31.26,115.53;25.89,116.24;
#52:
>0:40.6,116.82;39.0,116.4;
#53:
>0:36.3,116.35;40.41,116.27;36.02,115.52;38.53,114.54;
#54:
>0:33.02,113.25;31.72,113.35;30.2,113.4;30.34,114.92;
#55:
>0:37.57,113.21;32.93,113.52;31.15,113.28;
#56:
>0:41.16,116.32;36.88,116.45;35.18,116.49;31.63,116.25;33.64,115.38;36.1,115.54;40.99,116.24;37.3,115.92;39.25,115.28;40.43,116.78;37.56,116.06;39.47,115.55;37.55,116.41;35.52,115.36;39.12,115.18;38.69,115.85;36.26,115.24;34.04,114.93;31.11,114.27;25.81,112.89;
