#0:
>0:29.61,115.56;32.08,116.32;33.88,116.47;37.61,115.89;
#1:
>0:29.83,116.5;31.98,116.3;34.17,115.95;37.67,115.9;39.87,116.76;
#2:
>0:30.85,116.28;34.86,116.45;35.42,115.78;35.48,114.04;
#3:
>0:36.6,116.25;32.94,115.58;31.96,114.63;31.71,114.47;
#4:
>0:39.99,113.1;37.5,113.92;35.51,114.26;30.83,114.72;28.16,115.36;
#5:
>0:28.0,116.41;30.3,116.08;32.05,116.18;33.65,116.06;36.17,115.85;41.09,116.18;
#6:
>0:34.31,115.45;30.89,115.91;
#7:
>0:28.91,114.72;31.42,114.11;37.17,113.6;36.34,114.24;
#8:
>0:26.8,115.31;28.51,114.85;32.79,114.52;31.15,113.7;36.71,113.84;38.03,113.81;
#9:
>0:28.04,116.38;30.31,116.32;31.53,116.06;31.18,115.83;33.33,116.19;38.89,115.04;
#10:
>0:30.19,116.38;29.8,115.74;
#11:
>0:38.12,114.31;35.84,114.06;34.21,114.89;31.1,114.3;31.12,114.39;
#12:
>0:35.41,113.99;34.12,114.62;
#13:
>0:36.24,114.61;36.48,114.17;37.43,113.74;
#14:
>0:32.0,116.13;28.63,115.76;
#15:
>0:36.33,112.83;33.91,112.91;31.06,112.93;29.39,113.59;
#16:
>0:26.38,115.94;28.65,116.49;32.85,116.5;35.04,116.04;35.34,115.83;40.65,115.78;
#17:
>0:32.03,116.55;35.13,116.11;36.99,115.66;
#18:
>0:31.0,116.11;31.34,116.42;
#19:
>0:29.0,114.77;30.73,115.04;34.99,115.17;
#20:
>0:29.43,115.59;32.23,115.15;33.55,114.06;35.88,114.19;
#21:
>0:39.35,114.2;37.81,113.3;
#22:
>0:32.06,116.26;35.18,116.27;
#23:
>0:25.94,114.11;30.65,114.28;
#24:
>0:30.05,114.87;32.1,115.08;
#25:
>0:40.13,116.36;35.52,115.76;33.13,115.28;31.89,115.71;28.28,115.37;
#26:
>0:31.1,114.71;34.12,114.43;36.58,114.19;
#27:
>0:36.36,114.81;38.48,114.76;40.0,113.32;
#28:
>0:26.85,114.73;30.24,115.08;31.63,115.16;35.12,115.03;
#29:
>0:38.99,113.1;36.16,114.17;35.96,114.21;34.73,114.24;32.56,114.86;25.85,115.48;
#30:
>0:32.07,114.24;33.23,114.67;33.9,115.66;41.58,116.88;
#31:
>0:28.8,115.69;32.63,115.05;34.76,114.34;37.61,114.23;
#32:
>0:28.36,113.24;29.52,113.8;31.5,114.54;29.35,114.72;26.66,115.34;30.71,116.14;
#33:
>0:28.5,113.55;30.79,114.13;28.31,114.83;26.25,115.48;31.09,116.25;
#34:
>0:31.43,113.32;36.38,114.05;35.58,114.79;
#35:
>0:31.56,113.12;29.71,112.97;26.88,113.1;
#36:
>0:35.1,115.75;36.55,115.29;
#37:
>0:26.66,116.55;29.54,115.48;31.95,114.97;33.43,114.65;37.53,114.39;
#38:
>0:36.29,116.41;40.41,116.55;
#39:
>0:39.92,113.96;38.1,114.78;
#40:
>0:26.96,113.04;30.11,113.73;31.37,114.85;29.74,115.18;27.3,115.39;26.07,116.21;
#41:
>0:26.75,113.96;30.58,114.42;32.47,113.48;32.08,112.86;34.73,112.92;39.47,112.92;
#42:
>0:35.65,115.69;37.76,114.6;35.51,114.17;35.4,113.75;39.36,113.14;
#43:
>0:35.33,114.3;35.16,112.68;31.73,112.94;
#44:
>0:37.1,114.7;37.66,115.07;
#45:
>0:31.64,113.28;34.65,113.99;34.52,114.37;32.45,115.59;
#46:
>0:36.6,114.66;35.66,114.48;38.96,113.45;39.89,113.22;
#47:
>0:36.72,114.61;35.67,114.29;31.26,113.94;28.16,115.08;
#48:
>0:35.46,115.96;40.89,116.47;39.53,115.95;37.64,115.12;39.66,113.66;
#49:
>0:30.22,116.27;29.5,115.38;27.52,115.59;27.17,115.05;25.8,114.04;26.52,112.62;
#50:
>0:26.53,114.37;31.32,114.32;
#51:
>0:26.96,116.37;29.35,115.9;32.25,114.66;34.15,114.9;
#52:
>0:26.26,115.39;29.93,114.97;31.2,114.7;34.44,113.73;
#53:
>0:27.81,113.97;28.56,113.86;30.79,114.1;31.18,113.76;36.88,114.15;
#54:
>0:29.4,113.15;29.14,113.47;32.32,114.32;30.75,114.77;28.97,114.85;26.58,116.3;
#55:
>0:27.76,116.04;29.14,115.43;30.53,115.2;34.42,114.27;36.97,113.95;39.65,114.19;
#56:
>0:41.43,116.81;39.09,115.86;36.95,114.7;35.01,114.39;38.34,113.77;
