#0:
>0:40.96,116.54;39.87,116.6;
#1:
>0:35.86,112.78;33.0,113.6;32.18,113.8;31.97,113.94;28.73,114.78;29.08,116.39;
#2:
>0:29.18,114.81;31.31,114.85;
#3:
>0:36.97,112.74;34.96,113.41;32.72,113.32;32.51,114.5;26.14,114.07;
#4:
>0:35.41,113.86;33.13,114.26;37.36,115.23;40.03,115.35;35.03,116.31;
#5:
>0:26.6,113.94;30.01,114.92;31.96,115.53;33.72,116.37;37.68,115.97;
#6:
>0:37.85,114.73;36.48,114.98;35.54,114.19;36.96,113.04;
#7:
>0:31.15,116.39;33.72,115.27;36.23,114.77;33.09,114.46;35.79,113.85;
#8:
>0:30.39,113.76;30.61,113.88;33.93,113.14;37.38,113.54;39.37,114.19;
#9:
>0:37.95,114.6;36.5,114.34;33.5,113.92;33.01,113.04;
#10:
>0:41.06,116.84;37.43,115.96;35.57,115.44;34.31,115.19;34.46,113.37;
#11:
>0:28.07,114.95;30.61,114.15;32.18,113.56;34.05,112.89;35.34,113.85;39.92,114.58;
#12:
>0:32.64,115.56;31.53,115.41;
#13:
>0:37.2,113.7;39.82,113.84;38.91,114.15;37.65,114.72;33.84,115.94;
#14:
>0:32.88,116.45;34.18,115.87;34.09,114.61;30.54,114.44;
#15:
>0:39.36,113.29;38.65,114.25;37.65,114.61;39.31,115.82;33.41,116.54;
#16:
>0:40.91,116.5;39.09,116.56;
#17:
>0:31.19,116.15;34.88,115.32;34.35,114.99;32.32,114.44;31.57,113.38;
#18:
>0:33.42,113.46;32.26,113.71;31.29,114.41;25.92,114.26;
#19:
>0:37.21,113.9;38.71,113.82;39.45,114.3;35.72,114.94;33.12,116.35;
#20:
>0:26.18,115.79;29.62,114.79;31.57,115.24;35.28,115.14;37.28,115.18;38.9,115.22;
#21:
>0:36.47,113.31;39.29,113.84;38.3,114.49;37.32,114.75;35.27,116.32;
#22:
>0:40.97,116.33;39.07,116.36;
#23:
>0:34.57,114.56;37.14,114.22;38.91,113.47;
#24:
>0:37.44,113.43;38.54,113.75;39.32,114.06;37.13,114.92;33.71,115.98;
#25:
>0:39.71,113.08;35.89,113.79;33.68,114.12;32.42,114.78;32.89,114.56;27.12,114.47;
#26:
>0:36.64,113.05;36.58,113.8;38.95,114.26;
#27:
>0:37.62,112.74;33.27,113.65;31.55,114.45;31.72,114.37;26.55,114.98;28.9,116.51;
#28:
>0:31.13,114.05;32.93,114.96;37.06,115.14;36.83,116.46;
#29:
>0:37.3,113.3;33.63,113.48;
#30:
>0:39.7,114.13;36.14,115.06;33.34,114.42;30.73,114.97;29.62,114.9;
#31:
>0:35.0,114.69;36.94,114.97;
#32:
>0:36.54,115.36;33.79,115.5;32.35,115.66;30.23,116.44;
#33:
>0:29.17,113.68;31.4,113.11;34.56,113.13;36.68,112.95;
#34:
>0:32.97,113.87;31.12,114.31;
#35:
>0:35.61,114.67;33.58,115.23;32.21,114.4;29.31,115.6;
#36:
>0:30.58,114.82;27.56,115.19;28.14,115.52;
#37:
>0:30.38,113.92;30.87,113.71;34.84,113.17;36.14,113.49;38.26,114.0;
#38:
>0:31.42,113.86;31.38,114.44;
#39:
>0:29.18,113.24;31.7,112.88;33.42,113.71;
#40:
>0:37.05,114.9;34.42,114.62;
#41:
>0:40.11,116.63;39.5,116.7;
#42:
>0:30.84,115.54;28.74,114.64;26.12,114.56;27.64,113.63;
#43:
>0:29.75,115.02;27.93,114.93;
#44:
>0:31.13,115.8;29.54,114.89;32.28,114.49;
#45:
>0:26.04,114.65;31.62,114.44;29.81,113.64;
#46:
>0:28.22,112.88;31.52,112.75;30.02,113.76;27.32,114.22;30.46,113.37;33.17,113.34;
#47:
>0:25.97,115.14;30.57,114.84;31.93,113.53;33.18,113.27;
#48:
>0:33.06,114.39;36.54,114.24;
#49:
>0:38.9,114.44;36.84,113.6;35.21,113.2;31.51,113.02;28.32,113.84;27.03,112.69;
#50:
>0:37.02,113.82;33.21,114.15;32.9,115.23;
#51:
>0:38.8,115.67;36.59,115.4;33.12,115.2;32.88,114.23;31.04,114.52;27.11,115.82;
#52:
>0:29.4,113.34;31.54,113.54;35.22,112.99;36.64,113.09;
#53:
>0:34.66,115.93;32.4,115.92;
#54:
>0:37.09,113.12;33.65,113.75;31.04,114.2;29.54,114.47;26.03,114.63;30.27,115.96;
#55:
>0:33.63,115.6;31.78,116.41;
#56:
>0:33.87,114.39;34.04,113.55;
