#0:
>0:40.15,118.43;40.79,117.74;40.84,117.71;41.31,116.86;41.37,116.09;
#1:
>0:41.84,119.11;41.52,119.28;41.48,118.39;40.69,118.74;
#2:
>0:40.82,118.77;40.91,117.75;40.61,117.25;40.36,116.59;40.48,116.16;
#3:
>0:40.29,116.35;40.05,116.78;39.97,117.28;39.66,117.97;40.37,118.39;39.91,119.39;
#4:
>0:40.15,116.71;39.84,116.57;
#5:
>0:40.59,117.29;40.3,117.79;40.15,118.81;39.94,119.44;
#6:
>0:41.62,117.88;41.5,118.35;41.0,119.36;41.23,119.03;41.36,118.86;41.01,119.46;40.75,119.27;40.91,117.93;
#7:
>0:40.02,116.81;40.28,116.57;40.43,117.08;40.87,117.11;41.58,116.83;41.89,116.8;
#8:
>0:40.01,116.66;40.24,116.51;40.03,116.31;
#9:
>0:39.74,118.22;39.7,118.07;
#10:
>0:41.26,117.02;41.14,117.46;41.09,118.28;40.9,118.43;
#11:
>0:40.2,116.35;40.15,116.49;
#12:
>0:40.18,116.53;39.99,116.64;
#13:
>0:40.15,116.47;40.03,116.72;
#14:
>0:41.74,117.89;41.48,118.24;40.91,118.34;40.78,118.74;
#15:
>0:41.78,117.45;41.52,118.13;40.94,118.45;40.67,119.32;
#16:
>0:40.96,119.25;41.47,118.73;41.39,118.32;41.51,117.6;41.35,116.7;41.28,116.03;
#17:
>0:39.96,116.28;40.01,116.31;
#18:
>0:41.23,119.0;41.15,118.91;41.0,117.77;
#19:
>0:39.92,116.81;39.96,116.76;
#20:
>0:40.17,116.31;39.95,116.64;
#21:
>0:40.72,117.15;40.39,116.95;39.64,117.53;
#22:
>0:41.97,118.35;41.49,119.02;41.35,118.66;41.12,117.76;40.46,117.58;39.99,116.83;
#23:
>0:39.9,116.74;40.35,117.39;40.65,117.46;40.42,118.89;
#24:
>0:39.7,118.4;40.14,119.14;40.53,119.16;41.16,119.14;41.55,119.38;41.61,118.93;
#25:
>0:39.83,116.76;40.1,116.81;
#26:
>0:40.21,116.42;40.1,116.54;
#27:
>0:40.03,116.28;39.93,116.45;
#28:
>0:39.68,116.86;40.21,116.44;
#29:
>0:39.99,116.35;39.91,116.74;
#30:
>0:39.74,116.96;40.32,117.25;40.34,117.75;40.68,118.29;41.2,119.35;
#31:
>0:40.52,117.15;40.07,117.95;40.3,118.43;40.13,119.47;
#32:
>0:40.2,116.32;40.21,116.36;
#33:
>0:39.98,116.73;40.31,117.06;39.9,116.28;
#34:
>0:40.06,118.35;40.19,118.76;
#35:
>0:39.96,116.29;40.17,116.52;
#36:
>0:40.05,116.25;40.04,116.63;
#37:
>0:40.55,116.6;41.01,117.7;40.86,118.3;
#38:
>0:40.08,116.38;39.96,116.41;
#39:
>0:41.25,119.51;41.3,118.34;40.95,117.95;40.87,117.2;
#40:
>0:39.92,116.72;39.84,117.12;
#41:
>0:40.47,117.0;40.83,117.52;40.92,117.77;
#42:
>0:40.18,116.41;39.97,116.53;
#43:
>0:40.64,118.76;40.88,118.38;41.27,119.19;41.81,118.77;
#44:
>0:40.67,116.94;40.92,117.61;41.42,117.7;41.67,118.33;41.92,119.31;
#45:
>0:40.21,116.75;40.14,116.7;
#46:
>0:39.98,116.75;40.17,116.61;
#47:
>0:39.81,117.08;40.4,117.34;40.69,117.61;40.69,118.82;
#48:
>0:39.87,116.71;39.85,116.75;
#49:
>0:41.79,117.13;41.45,117.58;40.88,117.74;40.51,118.4;
#50:
>0:40.25,118.31;40.4,117.77;
#51:
>0:39.99,117.54;40.02,116.73;40.13,116.17;
#52:
>0:41.35,117.61;40.99,116.94;40.67,116.52;
#53:
>0:40.17,117.38;40.28,117.63;
#54:
>0:41.08,119.14;40.46,119.05;40.82,118.19;
#55:
>0:40.99,118.5;41.11,117.92;40.69,117.5;39.7,118.29;
#56:
>0:40.09,116.68;40.03,116.51;
#57:
>0:39.93,116.72;40.18,116.81;
#58:
>0:40.66,118.7;40.08,118.08;39.76,119.44;
#59:
>0:40.85,118.88;41.09,118.05;41.64,117.93;
#60:
>0:40.19,116.7;39.87,116.41;
#61:
>0:40.29,117.64;40.52,117.28;
#62:
>0:41.4,117.89;41.7,117.86;40.97,119.09;
#63:
>0:41.21,117.1;41.02,117.45;40.6,117.89;40.07,117.84;39.7,119.34;
#64:
>0:41.4,119.06;41.46,118.42;
#65:
>0:39.95,118.13;40.4,118.11;
#66:
>0:41.7,118.03;41.77,118.9;41.72,119.0;
#67:
>0:39.67,118.89;40.36,117.74;40.58,118.32;40.84,117.18;41.3,116.85;
#68:
>0:40.37,117.28;40.62,117.67;
#69:
>0:39.9,116.6;40.11,116.3;
#70:
>0:39.88,117.44;40.18,117.29;
#71:
>0:39.98,117.95;40.11,117.47;40.25,116.88;40.29,116.42;
#72:
>0:40.04,116.7;40.18,116.47;
#73:
>0:41.88,116.62;41.58,116.02;40.99,116.51;
#74:
>0:41.55,116.84;40.87,117.51;41.78,118.32;
#75:
>0:39.94,116.87;40.27,117.2;40.15,118.25;
#76:
>0:40.19,116.81;40.09,116.83;
#77:
>0:40.08,118.87;40.66,117.86;41.18,117.4;41.16,116.74;
#78:
>0:40.15,116.82;40.13,116.32;
#79:
>0:39.84,116.34;40.02,116.64;
#80:
>0:40.89,119.35;41.39,119.38;
#81:
>0:39.95,116.4;40.06,116.53;
#82:
>0:40.15,118.15;39.85,118.79;
#83:
>0:40.17,116.63;39.95,116.73;
#84:
>0:40.82,117.12;40.48,117.65;40.23,118.14;39.68,118.47;
#85:
>0:40.08,116.48;39.94,116.28;
#86:
>0:40.66,119.0;41.06,118.62;40.97,118.04;40.53,117.44;40.76,116.7;
#87:
>0:40.1,116.66;39.97,116.26;
#88:
>0:40.47,118.57;40.98,118.4;41.21,119.35;41.94,118.7;
#89:
>0:39.97,116.45;40.37,116.61;40.21,116.61;
#90:
>0:40.99,119.33;40.67,118.71;40.16,118.25;40.46,117.62;40.65,117.07;
#91:
>0:40.32,115.99;40.35,116.96;40.07,117.65;40.35,117.78;40.07,118.8;39.84,119.03;
#92:
>0:40.09,116.39;40.12,116.51;
#93:
>0:39.96,116.75;39.93,116.38;
#94:
>0:39.89,116.45;39.98,116.57;
#95:
>0:40.01,116.45;39.85,116.49;
#96:
>0:40.01,116.6;39.71,117.37;39.98,118.18;40.04,118.86;39.97,119.13;
#97:
>0:40.14,116.79;40.04,116.82;
#98:
>0:39.86,116.59;39.93,116.62;
#99:
>0:40.18,116.42;40.12,116.43;
#100:
>0:40.91,118.62;40.84,118.27;
#101:
>0:40.09,116.68;40.72,116.61;40.15,117.84;
#102:
>0:39.88,116.3;40.03,116.64;
#103:
>0:40.81,118.79;41.07,118.08;
#104:
>0:40.16,116.66;40.07,116.56;
#105:
>0:40.56,117.17;40.39,117.97;40.36,118.49;40.57,119.22;
#106:
>0:41.42,117.07;40.93,116.54;40.6,116.1;
#107:
>0:41.97,118.86;41.31,119.36;41.01,119.11;40.46,119.42;40.34,118.95;
#108:
>0:39.84,116.78;39.7,117.73;39.85,117.92;40.11,118.76;39.96,119.3;
#109:
>0:40.13,118.64;40.66,118.21;41.12,117.33;41.23,116.76;41.96,116.25;
#110:
>0:40.04,116.64;39.85,116.46;
#111:
>0:41.28,117.36;41.18,117.56;40.8,117.52;
#112:
>0:40.43,118.91;41.03,118.81;41.47,119.3;41.68,118.67;
#113:
>0:40.21,118.78;40.55,118.25;41.03,117.4;40.98,116.85;
#114:
>0:40.19,118.68;40.66,118.27;40.95,117.29;40.93,117.02;
#115:
>0:39.9,116.96;39.68,116.61;
#116:
>0:40.15,116.56;39.98,116.6;
#117:
>0:41.58,116.65;41.36,117.64;40.67,117.51;
#118:
>0:40.06,118.01;40.75,117.28;40.36,116.68;39.95,116.84;
#119:
>0:40.07,116.39;40.18,116.75;
#120:
>0:40.63,119.13;40.95,118.65;40.89,118.29;41.43,117.58;
#121:
>0:40.64,118.18;41.19,118.21;40.25,117.11;
#122:
>0:40.12,116.26;40.08,116.32;
#123:
>0:40.21,116.42;40.22,116.9;39.86,117.24;39.97,118.23;40.3,118.92;39.85,119.15;
#124:
>0:41.01,118.63;40.88,118.14;40.6,117.28;40.16,117.06;40.54,116.04;
#125:
>0:41.5,118.28;41.07,118.7;
#126:
>0:40.12,116.48;40.06,116.77;
#127:
>0:39.87,116.39;40.07,116.37;
#128:
>0:41.81,118.07;41.49,118.38;40.83,118.0;40.58,117.99;40.23,118.49;
#129:
>0:41.82,116.02;41.48,116.23;40.85,116.52;40.66,116.79;40.07,116.48;
#130:
>0:40.22,117.85;40.42,118.82;
#131:
>0:41.46,118.12;41.11,117.58;40.7,117.14;40.54,116.52;
#132:
>0:40.59,118.07;41.01,118.9;41.23,118.75;
#133:
>0:40.09,116.71;39.83,116.65;
#134:
>0:39.96,118.77;39.88,118.23;40.24,117.21;40.03,116.86;
#135:
>0:40.99,116.47;40.77,116.62;40.82,117.58;41.38,117.66;41.34,117.82;41.2,119.2;
#136:
>0:40.76,116.46;41.07,116.92;41.39,117.31;41.94,117.59;
#137:
>0:39.69,118.85;39.87,117.79;40.28,117.29;40.04,116.57;
#138:
>0:41.27,118.28;41.09,117.73;40.66,116.75;40.37,116.51;
#139:
>0:40.05,116.59;39.93,116.45;
#140:
>0:40.07,116.37;40.35,116.24;39.98,116.73;
#141:
>0:40.91,119.11;40.75,119.16;41.02,118.01;
#142:
>0:39.95,116.32;39.85,116.7;
#143:
>0:39.93,119.51;39.96,118.8;39.77,117.81;40.35,117.59;40.01,117.08;
#144:
>0:40.59,116.3;41.11,117.0;41.2,117.63;41.85,117.66;
#145:
>0:39.91,116.28;40.34,116.55;40.09,117.6;40.71,117.95;
#146:
>0:41.15,116.23;40.52,116.99;40.95,117.44;41.25,117.94;
#147:
>0:40.43,116.55;40.9,117.06;41.54,117.71;41.69,118.23;41.84,118.47;
#148:
>0:40.09,116.6;39.92,116.78;
#149:
>0:39.84,116.8;40.18,116.82;
#150:
>0:41.65,117.69;41.31,116.77;41.19,117.07;40.55,116.74;
#151:
>0:40.85,117.22;41.03,116.83;
#152:
>0:40.77,117.11;40.04,116.13;39.77,116.89;
#153:
>0:41.14,116.33;41.34,116.94;41.63,117.54;
#154:
>0:41.16,115.97;40.48,116.92;40.08,117.52;40.39,118.04;
#155:
>0:40.76,116.96;40.75,116.75;
#156:
>0:39.84,116.33;40.16,116.3;
#157:
>0:40.77,119.25;41.11,118.82;41.09,118.22;41.42,117.72;
#158:
>0:39.97,116.63;40.0,116.59;
#159:
>0:41.24,119.09;40.92,118.92;41.17,117.9;41.05,117.33;40.98,117.12;
#160:
>0:40.19,116.43;39.97,116.32;
#161:
>0:40.15,116.44;39.83,116.56;
#162:
>0:39.9,116.27;39.99,116.47;
#163:
>0:40.26,116.82;40.74,117.69;40.18,118.23;40.53,117.77;40.88,119.49;
#164:
>0:40.85,118.44;41.24,119.1;41.67,119.0;
#165:
>0:39.97,116.6;39.83,116.63;
#166:
>0:39.65,119.07;40.25,118.9;40.45,117.74;41.09,117.52;41.57,117.12;
#167:
>0:39.97,116.77;40.14,116.05;40.76,116.15;41.17,117.02;41.43,117.22;41.46,118.25;41.69,118.11;
#168:
>0:39.69,117.15;40.1,117.78;40.78,118.11;40.85,117.56;41.46,117.7;41.87,117.95;
#169:
>0:41.7,116.3;41.47,116.69;41.51,117.17;41.26,117.89;41.42,118.65;
#170:
>0:39.94,116.63;40.2,116.84;
#171:
>0:41.23,118.59;40.96,117.86;40.55,118.46;40.31,118.3;39.74,119.01;
#172:
>0:40.75,118.28;40.16,117.79;40.13,119.19;
#173:
>0:40.19,116.33;40.25,116.91;39.84,116.49;
#174:
>0:41.32,117.1;40.83,116.19;40.62,116.11;
#175:
>0:40.09,116.43;40.2,116.42;39.97,116.56;
#176:
>0:40.08,116.31;39.86,116.6;
#177:
>0:39.77,117.26;40.26,117.11;40.03,116.21;
#178:
>0:41.48,116.57;41.11,116.67;
#179:
>0:41.27,118.93;41.42,118.39;41.27,117.86;
#180:
>0:39.97,116.4;40.13,116.41;
#181:
>0:40.04,116.75;40.05,116.74;
#182:
>0:39.98,116.4;39.92,116.44;
#183:
>0:39.87,116.66;40.17,116.57;40.64,116.6;41.1,117.08;
#184:
>0:41.41,117.3;41.84,117.8;40.92,118.53;
#185:
>0:40.55,119.23;41.07,118.42;41.02,117.83;40.77,117.15;39.74,117.02;
#186:
>0:39.89,117.09;40.32,117.23;40.44,116.61;41.1,117.3;40.93,118.04;41.62,119.12;
#187:
>0:40.0,116.62;40.12,116.84;
#188:
>0:40.04,116.79;40.13,116.61;
#189:
>0:40.03,116.44;39.98,116.35;
#190:
>0:40.15,116.74;40.0,116.69;
#191:
>0:40.21,116.47;40.02,116.72;
#192:
>0:41.97,118.54;41.47,119.14;41.22,118.42;41.09,117.74;40.45,117.44;39.8,116.63;
#193:
>0:39.86,116.79;40.14,116.83;
#194:
>0:40.93,118.7;41.14,117.92;
#195:
>0:39.96,116.7;40.07,116.28;
#196:
>0:40.01,116.56;40.02,116.7;
#197:
>0:40.27,117.58;40.13,117.78;40.9,117.88;
#198:
>0:40.01,116.44;40.24,116.38;39.87,116.34;
#199:
>0:41.87,118.41;41.33,119.26;41.46,118.45;40.75,117.77;
#200:
>0:39.81,116.83;40.31,117.66;40.3,118.09;
#201:
>0:40.26,116.61;40.77,117.68;40.94,117.75;41.31,118.67;41.87,118.51;
#202:
>0:40.11,116.78;40.18,116.53;
#203:
>0:40.14,116.31;40.0,116.35;
#204:
>0:41.72,117.95;41.84,118.63;41.9,119.18;
#205:
>0:41.91,118.64;41.7,117.87;40.86,117.58;
#206:
>0:40.03,116.47;40.05,116.47;
#207:
>0:40.07,116.81;40.09,116.81;
#208:
>0:39.93,116.6;39.69,117.43;39.9,118.11;40.14,118.8;39.67,119.27;
#209:
>0:40.77,115.98;40.91,116.86;41.37,117.41;41.59,117.3;
#210:
>0:40.6,115.99;40.84,116.41;41.35,116.54;41.74,116.23;
#211:
>0:39.85,116.26;40.07,116.21;40.66,116.08;41.04,116.03;41.53,116.14;
#212:
>0:39.9,116.8;39.88,116.44;
#213:
>0:40.68,117.36;40.86,117.89;41.27,118.78;41.76,119.4;
#214:
>0:40.16,116.49;40.2,116.84;
#215:
>0:39.79,116.36;39.92,116.55;
#216:
>0:40.0,116.46;40.22,116.66;
#217:
>0:41.41,116.24;41.14,116.12;
#218:
>0:40.57,116.63;40.93,117.32;41.5,117.33;41.53,118.67;
#219:
>0:39.78,118.9;39.95,119.37;40.14,119.49;40.86,118.88;
#220:
>0:40.65,116.18;41.08,116.81;41.51,117.66;41.94,117.71;
#221:
>0:40.13,116.41;40.28,116.41;40.02,116.8;
#222:
>0:40.21,116.58;40.12,116.8;
#223:
>0:39.84,116.39;40.08,116.66;
#224:
>0:39.93,116.52;40.18,116.54;
#225:
>0:39.83,116.69;40.09,116.64;
#226:
>0:40.03,116.72;40.17,116.61;
#227:
>0:40.02,116.27;39.92,116.36;
#228:
>0:40.19,116.74;40.18,116.29;
#229:
>0:40.1,116.63;39.95,116.74;
#230:
>0:39.89,116.75;40.16,116.33;
#231:
>0:40.0,116.75;39.95,116.82;
#232:
>0:41.76,118.92;41.23,119.47;40.91,118.97;40.77,118.96;40.24,118.96;
#233:
>0:39.85,116.68;39.96,116.7;
#234:
>0:40.35,118.07;40.48,118.24;
#235:
>0:39.93,116.31;40.14,116.55;
#236:
>0:39.95,116.65;40.22,116.56;
#237:
>0:40.19,116.63;40.04,116.18;40.1,116.52;
#238:
>0:39.96,116.46;40.05,116.79;
#239:
>0:40.09,116.37;39.94,116.58;
#240:
>0:41.27,117.27;40.91,116.88;40.63,116.34;
#241:
>0:40.8,118.27;40.36,117.9;40.41,119.11;
#242:
>0:40.19,116.84;40.07,116.54;
#243:
>0:40.17,116.36;39.84,116.42;
#244:
>0:40.75,117.33;40.23,117.78;
#245:
>0:40.14,116.36;39.86,116.52;
#246:
>0:41.61,116.41;41.32,116.56;41.33,117.39;41.7,117.99;41.43,118.07;41.55,119.17;
#247:
>0:40.01,116.34;40.11,116.35;
#248:
>0:41.27,116.64;40.95,117.21;41.14,117.81;40.75,118.37;
#249:
>0:40.19,116.73;39.98,116.7;
#250:
>0:39.96,116.76;40.15,116.56;
#251:
>0:41.48,118.74;41.02,118.26;40.74,117.71;40.3,116.61;39.7,116.99;
#252:
>0:39.94,116.69;40.05,116.4;
#253:
>0:40.67,119.4;41.11,118.76;41.19,118.19;40.79,117.61;39.82,117.05;
#254:
>0:40.29,116.92;40.61,116.22;41.07,116.28;41.49,116.42;
#255:
>0:40.05,116.34;40.14,116.49;
#256:
>0:40.05,116.78;40.01,116.66;
#257:
>0:40.21,116.84;39.86,116.51;
#258:
>0:41.69,116.31;41.27,116.92;41.46,117.54;41.21,118.1;41.21,118.36;
#259:
>0:39.96,118.49;40.32,118.99;40.67,119.45;41.1,118.38;41.25,119.21;41.83,119.4;
#260:
>0:39.99,116.42;39.95,116.55;
#261:
>0:40.69,117.18;40.92,117.6;41.51,117.15;
#262:
>0:41.89,118.13;41.27,117.27;40.81,116.79;
