#0:
>0:41.59,117.52;41.3,117.96;41.19,118.33;40.66,119.44;40.27,118.87;39.81,118.58;
#1:
>0:41.01,117.34;41.4,118.3;41.51,118.42;
#2:
>0:40.75,118.47;40.98,117.8;40.81,117.55;
#3:
>0:40.17,116.26;40.0,116.27;
#4:
>0:39.79,117.61;40.17,117.28;40.48,117.14;41.08,116.4;
#5:
>0:40.14,116.39;39.95,116.42;
#6:
>0:39.67,118.78;40.05,118.14;40.02,118.48;41.04,118.89;
#7:
>0:40.04,116.73;40.11,116.33;
#8:
>0:41.9,116.94;41.28,117.19;40.99,118.0;
#9:
>0:40.12,118.21;40.61,118.17;41.03,117.99;41.51,117.31;
#10:
>0:39.9,116.71;40.1,116.29;
#11:
>0:39.94,116.63;40.04,116.46;
#12:
>0:40.17,116.77;39.87,116.61;
#13:
>0:40.39,119.33;40.09,119.51;
#14:
>0:40.42,118.8;40.94,118.16;41.16,117.29;
#15:
>0:39.92,116.61;40.09,116.79;
#16:
>0:40.02,116.64;39.92,116.48;
#17:
>0:40.86,117.87;40.68,117.18;40.6,116.93;40.78,116.48;
#18:
>0:40.78,117.25;40.76,116.76;39.94,116.73;
#19:
>0:40.85,116.31;41.4,116.1;41.27,116.92;41.33,117.52;41.5,118.48;
#20:
>0:40.11,116.55;40.05,116.75;
#21:
>0:40.21,116.46;40.21,116.68;
#22:
>0:39.93,116.63;40.2,116.3;40.15,116.83;
#23:
>0:39.93,116.41;39.93,116.74;
#24:
>0:40.12,116.36;39.94,116.53;
#25:
>0:39.9,116.68;39.92,116.7;
#26:
>0:40.21,116.81;40.06,116.39;
#27:
>0:41.37,119.29;41.5,118.81;41.19,117.84;41.97,117.31;
#28:
>0:40.1,116.78;39.9,116.35;
#29:
>0:39.84,116.66;40.18,116.81;
#30:
>0:39.98,116.34;39.83,116.64;
#31:
>0:39.69,118.67;39.71,118.0;
#32:
>0:40.02,116.3;39.99,116.64;
#33:
>0:41.36,119.39;41.23,118.37;41.47,118.06;
#34:
>0:40.79,116.26;40.3,117.0;
#35:
>0:40.02,116.59;39.84,116.77;
#36:
>0:41.15,118.91;41.02,118.23;41.56,117.87;41.82,117.69;41.7,116.0;
#37:
>0:39.82,116.84;40.41,117.28;40.64,117.99;40.95,118.06;41.56,118.58;41.73,118.73;
#38:
>0:39.96,116.4;39.96,116.3;
#39:
>0:40.91,116.85;40.92,117.62;
#40:
>0:40.28,118.56;40.62,117.77;40.85,117.5;
#41:
>0:40.12,117.08;39.64,117.24;40.13,117.64;40.24,118.27;40.01,119.01;
#42:
>0:40.71,116.13;40.87,116.97;41.39,117.15;41.54,117.87;
#43:
>0:40.12,116.75;39.87,116.37;
#44:
>0:40.16,118.25;40.59,117.96;40.87,118.07;41.36,117.44;
#45:
>0:40.06,116.77;39.91,116.45;
#46:
>0:41.45,117.38;41.87,118.03;41.62,118.84;41.47,119.51;
#47:
>0:41.2,116.61;40.84,116.14;
#48:
>0:41.37,118.91;41.07,117.81;40.78,117.66;40.7,116.68;40.06,116.21;
#49:
>0:41.35,118.14;41.86,117.56;41.28,116.75;41.39,116.21;
#50:
>0:39.91,116.66;40.1,116.81;
#51:
>0:39.85,116.83;40.01,116.51;
#52:
>0:41.7,118.0;41.51,118.43;41.18,117.88;40.43,117.73;40.2,116.62;
#53:
>0:40.29,116.14;40.67,116.05;40.88,116.33;
#54:
>0:39.9,116.74;40.1,116.84;
#55:
>0:40.4,116.72;40.5,117.19;40.97,117.91;41.49,118.44;41.45,119.46;
#56:
>0:40.0,116.71;40.21,116.5;
#57:
>0:40.04,116.47;40.15,116.6;
#58:
>0:39.89,116.52;40.18,116.48;
#59:
>0:39.84,116.53;40.04,116.54;
#60:
>0:41.32,119.2;41.0,118.54;41.53,117.99;
#61:
>0:39.87,116.39;39.97,116.63;
#62:
>0:41.41,116.63;40.99,116.2;
#63:
>0:39.94,116.65;40.2,116.29;
#64:
>0:41.28,118.08;40.94,118.2;40.63,117.55;40.07,118.71;
#65:
>0:39.94,116.38;40.15,116.6;
#66:
>0:41.96,117.42;41.64,116.83;41.78,116.16;
#67:
>0:41.67,118.42;41.91,117.98;41.4,118.09;41.36,116.88;
#68:
>0:40.17,116.72;39.88,116.4;
#69:
>0:41.09,116.88;41.4,117.34;41.51,117.89;
#70:
>0:40.1,118.17;40.44,117.77;41.09,117.05;
#71:
>0:40.05,116.73;39.92,116.29;
#72:
>0:40.76,116.89;40.74,116.82;
#73:
>0:40.17,116.56;40.13,116.74;
#74:
>0:40.1,116.04;40.16,116.61;
#75:
>0:40.22,116.49;40.15,116.48;39.69,116.58;40.06,117.4;41.08,118.33;
#76:
>0:41.58,118.5;41.35,119.45;40.93,118.71;40.36,118.46;
#77:
>0:41.23,116.43;41.12,116.88;40.5,116.76;40.03,118.22;
#78:
>0:40.11,116.6;39.83,116.48;
#79:
>0:40.2,116.82;39.97,116.78;
#80:
>0:41.32,115.99;41.36,116.78;41.3,117.28;41.69,118.22;
#81:
>0:41.36,116.27;41.53,117.09;41.2,117.71;41.1,117.38;41.43,118.31;40.78,119.07;
#82:
>0:39.91,116.84;39.93,116.75;
#83:
>0:41.21,116.94;41.17,116.59;
#84:
>0:40.47,117.69;40.55,116.58;40.09,116.23;
#85:
>0:40.05,116.76;40.79,117.34;40.28,118.09;40.41,117.96;40.54,119.48;
#86:
>0:39.84,116.62;40.1,116.38;
#87:
>0:40.2,116.79;39.94,116.68;
#88:
>0:41.08,118.32;40.69,117.52;40.58,116.77;40.5,116.36;
#89:
>0:40.57,118.38;41.15,118.3;40.9,117.27;
#90:
>0:39.92,119.44;39.74,119.5;
#91:
>0:40.05,116.38;39.93,116.38;
#92:
>0:39.84,116.79;39.93,116.77;
#93:
>0:40.12,116.27;39.69,116.45;
#94:
>0:41.82,118.78;41.52,119.47;41.18,118.66;40.8,118.84;40.24,118.03;40.0,119.05;
#95:
>0:40.33,119.36;40.4,119.32;
#96:
>0:40.33,116.67;40.18,117.53;
#97:
>0:40.0,116.32;39.97,116.6;
#98:
>0:40.0,116.52;40.15,116.67;
#99:
>0:39.93,116.51;39.9,116.43;
#100:
>0:40.17,116.72;39.95,116.79;
#101:
>0:41.75,117.72;41.58,118.25;41.07,118.0;
#102:
>0:39.75,116.64;40.4,117.18;40.24,117.81;
#103:
>0:40.1,118.06;40.8,117.92;41.11,117.94;41.32,117.41;
#104:
>0:40.13,116.26;39.95,116.65;
#105:
>0:40.22,116.45;40.18,116.62;
#106:
>0:40.11,116.68;40.06,116.42;
#107:
>0:41.11,116.95;41.28,115.97;41.79,117.39;
#108:
>0:40.04,116.28;40.06,116.64;
#109:
>0:39.78,118.02;40.36,118.91;40.08,119.06;
#110:
>0:40.95,117.06;40.87,117.71;
#111:
>0:41.04,117.89;40.45,117.5;40.66,116.91;
#112:
>0:40.09,117.4;40.06,118.13;40.46,118.72;
#113:
>0:41.24,116.33;41.3,116.71;41.47,117.33;41.62,118.08;
#114:
>0:40.1,116.68;40.13,116.64;
#115:
>0:40.18,116.58;40.16,116.37;
#116:
>0:41.43,119.36;41.1,118.37;40.58,117.77;40.56,117.15;40.54,116.95;40.07,116.42;
#117:
>0:40.31,116.95;40.67,117.29;40.93,118.16;41.28,118.07;40.59,118.94;
#118:
>0:39.94,116.5;39.86,116.68;
#119:
>0:40.1,116.33;40.01,116.63;
#120:
>0:40.15,116.63;40.21,116.73;
#121:
>0:40.16,116.46;39.87,116.76;
#122:
>0:40.15,116.43;39.88,116.28;
#123:
>0:40.19,116.4;39.97,116.77;
#124:
>0:41.44,118.52;41.21,118.32;41.88,117.24;41.39,117.05;41.35,116.25;
#125:
>0:39.9,116.47;40.08,116.49;
#126:
>0:41.65,118.69;41.37,119.07;
#127:
>0:39.74,119.5;39.64,118.88;40.37,118.39;40.56,117.76;40.9,117.8;41.92,117.27;
#128:
>0:41.69,119.12;41.9,118.77;41.73,118.12;40.86,117.54;
#129:
>0:40.13,116.33;39.92,116.35;
#130:
>0:40.84,116.79;40.62,116.22;
#131:
>0:41.46,117.84;41.04,118.8;40.46,118.72;
#132:
>0:39.97,116.52;40.06,116.61;
#133:
>0:41.42,119.43;41.22,118.82;41.73,117.97;41.6,117.26;
#134:
>0:39.84,116.26;40.0,116.56;
#135:
>0:39.87,116.54;40.03,116.69;
#136:
>0:40.07,117.33;40.21,118.2;40.48,118.2;41.3,118.88;
#137:
>0:40.68,116.84;40.35,116.47;39.76,117.54;
#138:
>0:39.95,116.66;40.17,116.67;
#139:
>0:41.49,118.42;41.83,117.94;41.36,118.03;41.73,117.31;41.88,116.15;
#140:
>0:39.86,116.28;40.03,116.79;
#141:
>0:39.99,116.3;39.9,116.65;
#142:
>0:40.12,116.81;40.01,116.72;
#143:
>0:39.96,119.44;40.22,118.92;40.79,117.88;40.25,117.65;40.24,116.64;40.03,116.45;
#144:
>0:40.05,118.69;40.54,118.09;40.27,117.29;40.64,116.68;40.21,116.53;
#145:
>0:40.39,116.26;40.03,116.47;
#146:
>0:39.97,116.78;40.18,116.63;
#147:
>0:39.69,119.14;40.23,118.58;40.59,118.16;40.51,117.4;41.0,117.06;41.71,116.87;
#148:
>0:41.12,116.82;40.53,116.32;
#149:
>0:39.96,116.68;40.15,116.32;
#150:
>0:40.2,116.67;39.98,116.82;
#151:
>0:39.83,116.36;40.12,116.81;
#152:
>0:41.42,116.16;41.41,116.69;41.55,117.33;40.89,117.63;41.46,117.95;40.47,119.31;
#153:
>0:41.59,118.4;41.4,119.21;40.99,118.72;40.47,118.36;40.4,118.03;39.87,118.96;
#154:
>0:41.25,118.53;40.94,119.31;
#155:
>0:41.2,118.55;41.27,118.97;40.91,118.81;40.22,118.58;
#156:
>0:40.17,116.31;39.89,116.31;
#157:
>0:39.96,116.3;40.15,116.28;
#158:
>0:41.19,119.13;40.83,118.72;40.58,118.04;40.89,118.23;40.63,117.21;41.09,116.19;
#159:
>0:40.15,116.5;39.89,116.66;
#160:
>0:41.86,118.63;41.57,118.87;
#161:
>0:40.09,116.46;40.03,116.82;
#162:
>0:40.09,116.53;39.83,116.44;
#163:
>0:40.6,117.65;40.1,117.99;39.74,118.72;40.62,119.35;
#164:
>0:40.17,117.41;40.14,118.15;40.56,117.76;41.48,118.8;
#165:
>0:40.03,116.3;40.03,116.61;
#166:
>0:40.03,116.31;39.93,116.4;
#167:
>0:40.0,116.67;40.05,116.58;
#168:
>0:40.9,117.68;41.52,117.98;41.63,117.79;41.0,119.15;
#169:
>0:40.1,116.77;40.07,116.59;
#170:
>0:39.84,116.55;40.13,116.5;
#171:
>0:41.5,117.87;40.83,118.17;40.7,117.64;40.75,116.13;
#172:
>0:41.1,119.32;41.08,118.93;
#173:
>0:39.93,116.54;39.99,116.51;
#174:
>0:40.15,116.96;40.66,117.4;40.04,117.97;39.74,118.43;40.67,119.04;
#175:
>0:40.73,117.73;40.59,116.76;40.09,116.66;
#176:
>0:39.97,116.6;39.89,116.7;
#177:
>0:40.42,116.39;40.69,116.34;
#178:
>0:41.38,118.99;40.85,118.8;40.88,118.15;40.78,117.55;40.57,117.09;40.2,116.0;
#179:
>0:39.95,116.77;39.85,116.64;
#180:
>0:41.8,117.49;41.55,118.11;40.93,118.4;40.51,119.01;40.4,119.05;
#181:
>0:40.62,116.91;40.47,117.17;40.9,117.98;41.28,118.21;41.33,119.45;
#182:
>0:40.42,117.16;40.92,118.04;
#183:
>0:39.94,116.64;40.16,116.58;
#184:
>0:40.11,116.48;40.17,116.49;
#185:
>0:39.84,116.91;40.18,117.29;40.57,118.05;40.93,117.98;41.29,118.69;41.93,118.69;
#186:
>0:40.17,116.55;40.16,116.56;
#187:
>0:41.79,119.49;41.63,118.77;41.78,118.25;41.33,117.43;41.19,117.42;40.82,116.02;
#188:
>0:40.54,116.49;40.25,116.36;
#189:
>0:40.13,116.81;39.94,116.54;
#190:
>0:40.44,118.6;41.12,117.83;40.75,117.35;40.61,116.59;40.15,116.68;
#191:
>0:40.08,116.48;39.9,116.45;
#192:
>0:41.09,118.95;41.15,118.48;40.67,118.09;41.01,117.88;41.18,116.55;
#193:
>0:40.79,116.32;41.09,116.84;41.35,117.17;41.2,118.24;
#194:
>0:40.02,116.41;40.12,116.35;
#195:
>0:40.84,117.04;41.48,117.69;41.26,117.86;41.34,118.67;
#196:
>0:41.09,118.33;41.34,118.69;41.51,119.2;
#197:
>0:40.67,118.69;40.86,117.84;40.82,117.26;
#198:
>0:40.84,118.37;41.19,118.15;41.26,117.99;41.73,117.72;41.94,116.16;
#199:
>0:41.26,117.07;41.06,116.52;
#200:
>0:39.91,116.8;39.86,116.82;
#201:
>0:40.96,118.55;41.22,118.37;41.69,118.54;
#202:
>0:40.9,117.51;41.36,118.24;40.82,117.77;41.15,119.23;
#203:
>0:39.99,116.68;40.04,116.62;39.87,116.56;
#204:
>0:40.12,116.64;40.16,116.67;
#205:
>0:40.71,117.23;40.98,117.12;41.39,116.09;41.81,116.38;
#206:
>0:41.71,116.65;41.57,117.66;40.88,118.1;
#207:
>0:39.85,116.34;40.19,116.69;39.98,116.27;
#208:
>0:39.84,116.25;40.04,116.83;
#209:
>0:40.02,116.7;39.93,116.51;
#210:
>0:40.02,116.75;40.22,116.3;
#211:
>0:40.03,116.53;39.84,116.77;
#212:
>0:39.89,116.63;39.87,116.8;
#213:
>0:39.83,116.84;39.93,116.84;
#214:
>0:40.08,116.56;39.92,116.58;
#215:
>0:39.84,116.28;40.05,116.79;
#216:
>0:40.67,116.26;40.33,116.1;
#217:
>0:40.09,116.46;39.95,116.38;
#218:
>0:40.02,116.71;39.84,116.35;
#219:
>0:39.98,119.06;39.83,119.35;
#220:
>0:39.97,116.81;39.91,116.81;
#221:
>0:41.89,117.42;41.71,118.22;41.67,118.58;41.66,118.96;
#222:
>0:39.83,116.66;40.06,116.36;
#223:
>0:40.54,117.2;41.12,116.82;41.4,116.43;41.65,116.06;
#224:
>0:40.69,116.82;40.49,117.32;40.41,118.03;39.92,118.39;40.47,119.47;
#225:
>0:40.12,116.81;39.86,116.34;
#226:
>0:40.15,116.6;40.05,116.79;
#227:
>0:40.67,117.48;40.05,118.3;40.52,118.3;40.42,119.51;
#228:
>0:39.83,116.29;40.11,116.73;
#229:
>0:40.06,116.48;39.87,116.29;
#230:
>0:40.55,117.39;40.9,118.11;41.16,118.5;41.08,119.05;
#231:
>0:40.38,119.0;40.17,119.05;
#232:
>0:40.1,116.75;40.01,116.72;
#233:
>0:41.58,118.02;40.88,118.8;40.58,119.49;40.31,118.19;
#234:
>0:41.16,116.83;41.56,117.58;41.7,118.19;41.58,118.61;
#235:
>0:40.22,116.71;40.5,117.17;40.32,117.9;40.43,117.81;40.51,119.04;
#236:
>0:40.5,117.23;40.84,118.24;
#237:
>0:39.92,116.76;39.87,116.64;
#238:
>0:40.1,118.26;40.45,117.97;40.8,117.67;41.23,115.97;
#239:
>0:40.03,116.59;40.12,116.4;
#240:
>0:40.89,117.79;40.77,117.4;40.73,116.87;40.77,116.29;
#241:
>0:40.2,116.49;39.91,116.47;
#242:
>0:41.26,118.82;41.63,118.09;41.23,118.23;41.59,117.44;41.72,115.96;
#243:
>0:39.99,116.74;40.21,116.84;40.08,116.34;
#244:
>0:40.06,116.45;39.9,116.32;
#245:
>0:41.29,118.1;40.87,118.01;40.69,117.43;40.21,118.9;
#246:
>0:41.4,118.1;41.08,118.91;41.18,117.79;40.2,118.31;
#247:
>0:39.95,116.66;40.04,116.65;
#248:
>0:39.84,116.75;40.16,116.71;
#249:
>0:39.84,116.55;40.2,116.33;
#250:
>0:39.97,116.78;40.13,116.14;
#251:
>0:40.04,116.42;40.16,116.56;
#252:
>0:40.19,119.41;40.76,118.37;41.02,118.11;41.39,118.31;41.81,117.67;41.7,116.33;
#253:
>0:39.99,116.45;40.13,116.26;
#254:
>0:41.11,116.19;41.2,116.21;41.64,116.75;41.23,117.32;41.28,118.64;
#255:
>0:39.82,117.71;40.3,117.47;40.72,117.25;40.94,116.01;
#256:
>0:40.84,117.51;41.21,117.72;41.36,116.14;
#257:
>0:39.89,116.66;39.87,116.81;
#258:
>0:40.25,119.29;40.29,119.37;
#259:
>0:39.87,116.51;39.84,116.64;
#260:
>0:40.98,117.4;40.66,116.78;40.2,116.41;
#261:
>0:40.01,116.7;40.14,116.74;
#262:
>0:40.03,116.7;39.99,116.84;
