#0:
>0:39.83,119.45;40.12,119.25;40.52,119.33;41.1,118.45;41.49,118.84;
#1:
>0:41.29,118.88;41.26,119.22;
#2:
>0:40.03,117.73;40.21,116.86;
#3:
>0:39.86,119.33;40.11,119.24;40.73,119.07;41.03,118.43;41.45,119.31;41.6,118.37;
#4:
>0:41.75,116.43;41.86,117.12;41.17,117.11;
#5:
>0:40.86,118.32;40.42,118.75;
#6:
>0:41.94,118.45;41.56,118.25;41.15,117.21;
#7:
>0:40.52,117.34;40.8,116.69;
#8:
>0:40.83,115.97;40.7,116.92;
#9:
>0:41.59,117.56;41.53,117.06;40.94,117.78;
#10:
>0:41.15,116.68;40.69,117.55;40.15,117.46;39.94,117.83;
#11:
>0:39.95,116.62;40.21,116.48;
#12:
>0:40.11,116.63;39.93,116.55;
#13:
>0:39.74,117.95;40.37,117.88;40.16,117.16;41.1,117.74;
#14:
>0:40.59,116.27;40.51,116.86;
#15:
>0:40.02,116.31;40.26,116.92;
#16:
>0:41.65,118.86;41.21,118.63;41.16,118.68;
#17:
>0:41.27,118.33;41.02,118.12;40.52,117.44;40.05,117.67;39.64,118.59;
#18:
>0:41.62,117.12;41.51,117.73;41.02,116.77;
#19:
>0:40.15,116.17;40.1,116.44;
#20:
>0:41.54,117.25;41.31,117.47;
#21:
>0:40.39,117.63;40.52,117.07;40.82,117.01;41.24,117.27;41.92,118.36;
#22:
>0:39.97,116.81;40.06,116.52;
#23:
>0:40.41,116.16;40.64,116.76;41.31,117.66;
#24:
>0:39.76,116.81;40.08,117.5;39.67,117.39;39.65,117.74;39.67,119.46;
#25:
>0:41.75,116.3;41.33,116.79;41.05,116.65;40.76,116.57;
#26:
>0:40.1,116.2;39.95,116.22;
#27:
>0:40.14,116.56;39.94,116.41;
#28:
>0:40.05,116.16;39.97,116.46;
#29:
>0:40.18,116.53;39.92,116.33;
#30:
>0:39.95,116.75;40.03,116.28;
#31:
>0:40.24,116.52;40.06,116.37;
#32:
>0:40.26,116.59;40.28,116.74;
#33:
>0:39.95,119.31;40.34,119.24;39.86,118.47;40.55,117.52;
#34:
>0:41.49,117.16;41.53,116.82;41.17,117.51;40.75,117.68;39.66,117.41;
#35:
>0:41.17,116.85;40.67,117.16;41.28,117.88;
#36:
>0:39.77,118.05;39.86,117.42;40.38,117.08;40.97,117.4;
#37:
>0:41.04,116.04;41.41,116.06;41.9,116.29;
#38:
>0:40.01,116.58;40.07,117.13;40.67,117.24;41.14,118.03;41.39,117.11;
#39:
>0:41.76,117.28;41.25,116.76;40.83,117.42;40.67,117.91;40.38,118.87;
#40:
>0:39.96,117.07;39.96,116.47;40.65,117.52;
#41:
>0:41.44,117.77;41.05,118.46;40.61,119.46;40.19,119.15;
#42:
>0:39.95,116.51;40.27,116.32;
#43:
>0:40.15,117.27;40.44,116.94;41.08,118.33;
#44:
>0:39.96,116.41;40.18,116.83;40.72,117.5;40.1,117.17;39.69,118.08;39.88,118.98;
#45:
>0:40.36,116.7;40.74,117.45;41.01,117.63;41.53,117.26;
#46:
>0:40.17,116.15;40.0,116.39;
#47:
>0:40.26,116.56;40.24,116.71;
#48:
>0:40.04,116.34;39.9,116.47;
#49:
>0:39.85,118.85;40.02,117.9;40.34,117.79;40.76,118.75;40.84,119.35;41.79,119.36;
#50:
>0:40.26,116.51;40.15,116.54;
#51:
>0:41.89,118.39;41.48,117.86;41.19,117.59;
#52:
>0:40.1,116.37;39.93,116.81;
#53:
>0:39.94,116.87;40.24,116.71;39.83,118.17;
#54:
>0:40.73,118.12;41.19,117.4;41.52,116.62;41.23,116.46;
#55:
>0:41.12,119.28;41.26,118.93;41.63,118.63;
#56:
>0:40.27,116.78;40.13,116.73;
#57:
>0:40.2,116.79;40.19,116.62;
#58:
>0:39.96,116.33;40.1,116.18;
#59:
>0:41.32,117.83;41.04,118.56;40.48,118.22;40.51,118.88;39.84,119.15;
#60:
>0:39.91,116.85;40.09,116.62;40.71,117.67;41.14,117.46;41.33,117.66;41.91,117.71;
#61:
>0:40.1,117.66;40.49,116.98;40.9,118.1;
#62:
>0:40.83,116.6;41.33,116.51;41.79,116.14;
#63:
>0:39.95,117.58;40.38,116.58;40.56,117.4;41.18,117.16;41.2,118.01;
#64:
>0:40.56,117.52;40.63,116.59;
#65:
>0:40.51,118.05;41.08,118.6;41.1,118.3;41.79,118.01;
#66:
>0:40.14,116.63;40.45,117.25;41.17,117.72;41.37,117.43;
#67:
>0:39.66,118.24;39.71,117.68;40.14,117.12;40.96,117.84;
#68:
>0:41.49,118.12;41.14,118.89;40.71,119.19;40.11,119.23;
#69:
>0:40.04,118.67;40.48,118.69;40.81,118.54;41.29,118.52;
#70:
>0:40.24,117.68;40.66,117.97;41.02,118.68;41.53,119.41;41.75,118.5;
#71:
>0:41.1,116.03;41.47,116.56;40.93,117.35;40.52,118.3;40.3,118.73;
#72:
>0:39.93,116.58;40.05,116.7;40.72,117.36;41.0,118.1;41.44,117.37;41.64,118.36;
#73:
>0:41.06,117.84;40.48,118.35;
#74:
>0:40.93,117.89;40.78,117.67;40.24,116.59;39.91,116.29;40.07,116.26;40.08,116.42;40.03,116.14;40.22,116.55;40.4,116.39;40.18,116.74;40.06,116.39;
#75:
>0:40.74,119.12;40.33,119.15;39.79,118.5;39.96,118.03;40.32,116.87;
#76:
>0:40.18,116.29;40.03,116.42;
#77:
>0:41.25,116.91;41.94,116.2;
#78:
>0:40.12,118.55;40.62,118.77;40.92,118.67;41.31,118.42;
#79:
>0:41.27,118.6;41.71,118.11;
#80:
>0:41.94,116.74;41.23,116.74;
#81:
>0:39.91,116.82;40.01,116.27;
#82:
>0:40.99,118.94;40.75,118.82;40.13,118.69;39.91,118.29;39.7,117.44;40.6,116.54;
#83:
>0:39.67,116.87;40.07,116.46;40.75,117.46;
#84:
>0:40.16,116.69;40.15,116.58;
#85:
>0:41.14,119.26;40.76,118.76;40.31,118.87;
#86:
>0:41.57,116.96;40.91,117.42;40.47,118.13;40.55,118.86;39.75,119.5;
#87:
>0:40.97,116.63;40.8,117.06;40.16,117.6;39.74,117.88;39.68,119.3;
#88:
>0:40.75,118.62;40.95,118.48;41.0,117.62;
#89:
>0:41.01,116.41;40.77,116.81;40.35,117.49;40.62,118.22;40.29,118.78;
#90:
>0:41.94,116.15;41.35,117.0;40.96,116.93;40.7,116.79;
#91:
>0:39.88,119.44;40.14,119.4;40.45,118.48;
#92:
>0:40.0,119.14;40.11,118.79;40.42,117.91;40.96,117.64;41.37,116.89;
#93:
>0:39.89,119.41;40.36,119.33;40.61,118.95;41.16,118.52;41.11,119.33;41.79,119.25;
#94:
>0:40.92,116.37;41.4,116.88;41.75,117.45;
#95:
>0:41.8,116.17;41.71,116.76;41.19,117.07;
#96:
>0:40.01,116.73;39.9,116.75;
#97:
>0:40.61,116.29;40.98,116.06;
#98:
>0:40.61,116.0;40.71,117.0;40.28,116.8;40.07,117.39;40.78,117.74;40.86,119.0;
#99:
>0:41.52,118.32;41.22,118.02;
#100:
>0:39.88,116.62;39.97,116.5;40.39,116.58;40.46,117.16;41.24,118.62;
#101:
>0:40.1,118.68;40.68,118.42;40.92,118.76;41.43,118.63;
#102:
>0:39.98,116.9;40.26,116.6;40.8,117.35;41.18,117.89;41.31,117.34;41.94,118.62;
#103:
>0:39.97,117.12;40.14,116.46;40.2,116.3;40.69,116.15;41.53,117.07;
#104:
>0:41.62,118.72;41.21,118.08;40.94,117.35;
#105:
>0:41.24,117.14;41.53,118.09;
#106:
>0:41.83,116.12;41.56,116.96;40.93,116.33;
#107:
>0:40.14,119.4;39.9,118.51;40.33,118.61;39.87,117.18;
#108:
>0:39.91,116.32;39.92,116.52;
#109:
>0:39.94,116.5;40.2,116.84;
#110:
>0:41.2,117.79;40.93,118.4;
#111:
>0:41.42,117.91;41.03,118.17;41.33,119.13;
#112:
>0:40.08,117.37;40.33,117.12;41.03,116.73;
#113:
>0:41.73,118.32;41.38,117.35;40.89,116.81;40.54,116.61;40.25,116.63;39.75,116.74;
#114:
>0:40.64,116.92;40.75,116.67;
#115:
>0:39.77,118.96;39.97,118.66;39.75,118.29;39.89,117.15;39.65,116.65;40.16,116.49;
#116:
>0:40.1,116.2;39.73,117.0;40.26,116.8;40.22,117.47;39.98,117.76;39.97,118.97;
#117:
>0:41.67,117.88;41.48,117.52;41.88,117.13;
#118:
>0:40.25,116.67;40.0,116.77;
#119:
>0:40.52,117.02;41.05,117.29;41.33,117.35;41.95,117.54;
#120:
>0:40.56,119.16;40.38,119.13;39.67,118.77;39.94,118.06;40.29,116.64;
#121:
>0:41.06,119.01;41.45,119.34;41.17,118.03;
#122:
>0:40.11,116.26;40.05,116.53;40.16,116.82;40.33,117.72;39.93,117.9;39.96,119.32;
#123:
>0:40.08,116.64;39.76,116.83;
#124:
>0:40.85,119.19;41.49,118.85;
#125:
>0:40.51,117.76;40.17,118.51;40.04,119.31;
#126:
>0:40.2,116.38;40.22,116.85;40.64,116.57;39.85,118.22;
#127:
>0:41.95,118.18;41.29,117.79;41.12,118.03;40.67,118.16;40.28,118.21;
#128:
>0:40.14,118.66;40.52,118.38;40.81,118.72;41.5,118.35;
#129:
>0:40.68,118.05;41.12,117.43;41.4,117.28;41.71,117.51;
#130:
>0:39.86,118.94;40.18,119.07;40.52,119.28;40.87,118.89;41.4,118.68;
#131:
>0:41.56,116.97;41.87,116.02;
#132:
>0:40.86,116.06;41.5,117.12;41.1,117.25;40.57,117.97;40.51,118.91;41.53,119.04;
#133:
>0:40.55,118.99;40.13,119.29;39.97,118.85;39.94,118.27;40.22,116.78;
#134:
>0:40.02,119.16;40.78,118.64;40.91,118.14;41.23,117.63;41.84,117.72;
#135:
>0:41.37,118.27;41.03,118.03;41.38,118.96;
#136:
>0:40.13,116.68;40.06,116.52;
#137:
>0:40.59,116.15;40.79,116.66;40.08,117.65;
#138:
>0:40.64,119.08;40.23,118.99;40.19,118.12;
#139:
>0:41.86,118.39;41.21,118.16;41.15,117.79;41.38,117.34;41.06,116.2;
#140:
>0:41.44,118.78;41.03,118.12;40.56,117.36;40.41,117.4;39.98,118.37;
#141:
>0:40.27,116.19;40.02,116.75;
#142:
>0:40.27,116.77;40.56,116.04;41.15,117.09;
#143:
>0:40.43,119.31;40.85,118.81;41.52,119.15;41.92,118.65;
#144:
>0:40.07,116.49;40.28,116.61;
#145:
>0:39.94,116.47;40.18,116.63;
#146:
>0:40.04,117.48;40.42,117.09;41.17,116.95;41.42,117.44;41.67,118.34;
#147:
>0:39.99,116.3;40.07,116.38;
#148:
>0:41.9,118.18;41.51,118.55;41.01,118.93;
#149:
>0:40.94,116.13;41.56,116.02;
#150:
>0:40.03,116.69;40.14,116.67;
#151:
>0:41.63,117.12;41.44,117.54;40.96,116.32;
#152:
>0:39.78,118.5;39.82,118.18;40.38,118.13;40.49,118.69;40.99,119.49;41.74,119.4;
#153:
>0:40.4,117.41;40.09,116.87;40.95,116.9;
#154:
>0:40.68,116.34;40.77,117.04;40.67,117.52;40.69,118.15;40.76,118.91;40.42,119.39;
#155:
>0:40.0,118.64;39.75,117.79;40.3,117.63;
#156:
>0:41.4,118.29;41.05,117.75;41.24,117.55;40.91,116.39;
#157:
>0:40.91,119.4;40.65,118.4;40.1,118.38;
#158:
>0:39.74,118.5;39.69,117.86;39.83,117.58;39.68,116.99;
#159:
>0:39.8,116.7;40.34,117.06;39.75,117.74;
#160:
>0:39.93,116.75;40.23,116.22;40.46,117.65;
#161:
>0:41.81,118.11;41.37,117.26;40.84,116.89;40.72,116.62;40.26,117.07;39.8,116.79;
#162:
>0:40.2,116.32;40.14,116.16;
#163:
>0:40.25,116.47;40.03,116.69;
#164:
>0:40.06,116.42;39.83,117.04;39.98,117.5;
#165:
>0:40.09,116.64;40.25,116.72;
#166:
>0:41.42,117.28;41.18,117.91;40.78,118.71;40.1,118.73;
#167:
>0:39.95,116.25;39.92,116.73;
#168:
>0:41.49,117.78;41.9,117.98;
#169:
>0:39.99,116.31;40.28,116.28;
#170:
>0:40.19,119.07;39.82,119.22;
#171:
>0:40.85,117.88;40.56,118.44;
#172:
>0:39.79,117.49;40.13,116.86;40.2,116.33;
#173:
>0:40.27,116.69;40.16,115.97;40.04,116.62;
#174:
>0:40.88,118.07;41.01,117.68;40.51,116.89;39.96,117.63;
#175:
>0:40.15,116.39;40.16,116.26;
#176:
>0:41.44,118.91;41.94,118.03;
#177:
>0:41.55,118.48;40.86,118.1;41.28,117.17;40.55,116.96;
#178:
>0:40.04,116.52;39.93,116.38;
#179:
>0:40.24,116.3;40.8,116.65;40.2,117.65;40.78,117.88;41.15,118.89;41.78,119.03;
#180:
>0:40.15,116.27;40.27,116.73;
#181:
>0:40.2,116.2;40.17,116.9;
#182:
>0:40.87,116.44;41.21,115.98;
#183:
>0:39.83,116.74;40.26,116.43;40.23,116.01;40.68,116.02;41.24,116.83;
#184:
>0:39.9,116.27;40.02,116.54;
#185:
>0:39.9,116.29;40.17,116.2;
#186:
>0:39.89,116.46;40.32,117.13;40.42,117.34;40.87,117.61;41.49,117.54;41.95,117.34;
#187:
>0:41.04,115.96;41.42,116.63;41.14,117.49;40.53,118.28;40.98,118.79;
#188:
>0:40.64,119.06;40.81,118.65;41.52,117.91;41.79,117.65;41.59,116.69;41.71,116.54;
#189:
>0:40.03,116.23;40.18,116.43;40.06,116.48;
#190:
>0:40.25,116.38;40.16,116.17;
#191:
>0:41.6,117.38;41.22,116.93;40.88,117.4;40.67,117.52;
#192:
>0:41.08,118.59;40.6,118.12;40.14,117.26;39.85,116.83;
#193:
>0:40.24,116.62;39.94,116.16;
#194:
>0:39.92,116.58;39.92,116.38;
#195:
>0:39.96,116.73;40.27,116.87;40.52,117.47;40.95,117.51;41.49,117.67;41.63,117.26;
#196:
>0:40.05,116.61;40.17,116.48;
#197:
>0:40.2,117.82;40.04,117.53;
#198:
>0:41.35,117.7;41.54,117.24;
#199:
>0:40.17,116.53;40.12,116.34;
#200:
>0:39.77,118.61;40.02,118.93;40.24,119.26;40.54,119.14;41.39,119.14;
#201:
>0:41.81,117.61;41.19,116.68;41.01,117.3;40.67,118.23;40.21,118.89;
#202:
>0:40.24,116.65;40.08,116.56;
#203:
>0:40.01,116.79;40.12,116.56;
#204:
>0:40.26,116.51;40.08,116.55;
#205:
>0:41.95,117.53;41.34,116.97;40.81,116.23;
#206:
>0:40.28,117.6;40.28,117.04;40.83,116.72;
#207:
>0:40.5,116.41;40.66,116.69;40.46,117.58;40.77,117.96;40.71,118.33;40.51,119.34;
#208:
>0:41.12,118.55;41.29,117.93;41.84,117.26;
#209:
>0:41.83,116.07;41.67,116.79;40.86,116.88;
#210:
>0:39.94,116.16;39.93,116.24;
#211:
>0:40.19,116.33;40.73,116.45;40.68,116.98;41.31,117.64;
#212:
>0:40.3,119.13;40.73,119.1;41.19,118.44;41.22,117.98;
#213:
>0:40.23,116.8;40.17,116.44;
#214:
>0:41.62,116.3;41.94,116.6;41.04,116.7;
#215:
>0:40.97,118.95;41.44,118.88;41.93,118.0;
#216:
>0:41.12,117.21;40.8,118.28;40.74,118.65;40.02,119.33;
#217:
>0:40.65,117.25;40.72,116.69;
#218:
>0:40.1,116.85;40.16,116.33;
#219:
>0:40.07,116.3;40.1,116.27;
#220:
>0:41.78,118.43;41.31,118.04;40.81,117.62;
#221:
>0:40.71,116.84;40.53,117.47;
#222:
>0:39.76,118.99;40.17,119.49;40.51,118.43;
#223:
>0:40.84,117.3;41.56,118.2;41.87,118.72;
#224:
>0:40.67,119.07;41.13,118.57;41.39,118.51;
#225:
>0:41.0,116.36;41.52,117.02;41.67,116.91;
#226:
>0:39.95,116.22;40.12,116.88;
#227:
>0:41.23,117.57;41.42,116.74;40.99,116.16;
#228:
>0:41.37,117.3;41.08,118.17;40.8,118.82;40.62,119.26;
#229:
>0:39.9,116.65;40.35,117.37;39.97,117.71;39.89,118.02;39.87,118.98;
#230:
>0:40.94,118.86;41.03,117.96;
#231:
>0:41.09,117.59;41.03,117.76;40.04,117.3;
#232:
>0:40.33,116.13;40.44,116.33;40.66,116.83;40.07,117.19;39.79,118.87;
#233:
>0:40.37,118.93;40.75,119.0;40.9,118.89;40.94,118.32;41.93,118.09;
#234:
>0:40.92,116.35;41.41,116.22;41.82,116.17;
#235:
>0:40.17,117.6;39.92,117.97;40.68,118.8;
#236:
>0:40.48,118.37;41.16,117.9;41.57,117.59;41.36,116.69;41.42,116.4;
#237:
>0:40.21,118.53;40.59,118.8;40.94,118.76;41.21,119.12;
#238:
>0:39.95,116.58;40.14,116.55;
#239:
>0:41.75,117.52;41.28,117.09;41.15,117.42;40.68,118.07;40.71,118.66;39.69,119.05;
#240:
>0:41.44,116.58;41.6,117.04;
#241:
>0:40.45,116.24;40.66,117.02;41.56,116.57;
#242:
>0:41.37,117.77;41.82,118.11;
#243:
>0:40.19,116.51;40.25,116.6;
#244:
>0:40.06,118.76;40.34,118.24;
#245:
>0:39.92,116.61;40.25,116.72;40.35,116.9;40.42,115.98;41.58,117.06;
#246:
>0:41.92,116.98;41.21,117.14;40.93,117.83;40.94,118.37;
#247:
>0:40.09,116.77;40.75,117.33;40.83,117.7;41.53,117.53;
#248:
>0:40.93,118.21;40.82,118.37;
#249:
>0:39.99,118.48;40.06,118.26;40.22,117.23;
#250:
>0:41.67,119.3;41.44,118.62;41.05,118.15;40.65,117.61;40.04,116.92;39.79,116.63;
#251:
>0:40.65,116.87;40.33,116.17;40.17,116.56;40.03,116.49;
#252:
>0:41.82,116.43;41.8,116.74;41.1,116.9;
#253:
>0:40.24,119.08;40.19,119.44;
#254:
>0:40.1,116.68;40.06,116.2;39.9,116.18;40.4,116.55;39.74,116.83;
#255:
>0:40.38,119.27;40.76,118.73;41.02,118.28;41.54,117.16;41.72,117.52;
#256:
>0:40.7,118.51;40.08,118.81;
#257:
>0:40.19,116.91;40.0,116.69;
#258:
>0:40.5,119.32;41.11,118.61;41.27,118.74;
#259:
>0:40.06,116.61;40.22,116.14;39.86,117.03;40.32,117.26;39.93,117.74;40.02,119.19;
#260:
>0:40.65,118.18;40.89,117.7;41.57,118.66;
#261:
>0:41.65,117.75;41.48,117.72;41.95,116.84;
#262:
>0:40.01,116.53;40.2,116.79;
