#0:
>0:40.67,116.24;41.0,116.62;41.22,117.63;41.76,117.6;40.95,118.88;
#1:
>0:40.29,116.53;40.1,116.69;
#2:
>0:40.69,117.19;40.54,116.66;
#3:
>0:41.03,119.51;40.49,118.39;40.05,118.36;40.08,118.92;
#4:
>0:40.08,116.71;40.06,116.56;40.66,117.36;41.1,118.08;41.36,118.56;41.51,119.01;
#5:
>0:39.84,116.72;40.3,117.15;
#6:
>0:40.34,116.03;40.14,116.61;
#7:
>0:40.34,116.13;39.9,116.8;40.37,117.31;40.2,118.3;40.11,118.42;
#8:
>0:40.28,116.36;40.07,116.94;40.46,117.61;41.18,117.18;40.84,116.62;41.88,117.0;
#9:
>0:41.56,119.29;41.13,118.58;40.69,117.88;40.4,118.26;39.98,118.43;
#10:
>0:41.33,119.19;40.84,118.65;41.82,118.1;
#11:
>0:40.83,119.06;40.46,118.53;40.58,117.88;
#12:
>0:40.41,117.46;39.87,117.09;
#13:
>0:40.49,117.65;40.95,117.34;41.13,117.1;41.81,116.59;
#14:
>0:41.97,118.73;41.5,117.77;
#15:
>0:41.02,116.19;41.37,116.03;41.67,116.55;
#16:
>0:41.14,117.9;40.44,117.34;40.25,117.99;39.75,117.24;
#17:
>0:40.55,117.46;40.81,117.39;
#18:
>0:40.55,117.86;40.89,117.42;41.35,118.25;41.73,117.19;
#19:
>0:39.64,119.12;40.26,118.99;40.55,118.37;41.05,118.6;41.48,118.86;
#20:
>0:41.05,117.5;41.58,117.78;41.88,118.07;41.24,119.24;
#21:
>0:39.98,116.51;40.3,116.31;
#22:
>0:40.9,116.03;40.79,116.65;40.27,116.83;39.9,116.85;
#23:
>0:40.55,119.19;40.42,118.41;
#24:
>0:41.32,119.29;41.05,119.04;40.72,119.05;
#25:
>0:41.05,118.1;41.34,117.81;41.91,117.95;
#26:
>0:40.63,118.71;40.75,117.88;
#27:
>0:40.58,118.13;40.54,118.31;
#28:
>0:41.59,117.99;41.74,117.53;41.28,117.85;41.04,118.43;40.97,119.03;41.49,118.57;41.47,119.32;41.18,118.19;
#29:
>0:39.87,119.1;39.83,119.09;
#30:
>0:40.17,116.29;40.42,115.96;40.89,116.63;41.47,117.18;41.81,116.42;
#31:
>0:41.65,117.95;41.74,117.22;
#32:
>0:40.14,118.44;40.62,118.54;41.17,118.7;
#33:
>0:40.08,117.18;40.18,117.67;
#34:
>0:40.22,118.47;40.59,118.27;41.0,118.18;40.98,116.74;
#35:
>0:41.6,118.97;41.26,118.93;
#36:
>0:39.73,117.48;40.4,116.97;40.57,116.2;
#37:
>0:41.32,118.49;41.28,118.07;40.49,118.17;
#38:
>0:40.05,116.86;40.28,116.7;
#39:
>0:40.51,119.28;40.4,118.92;40.17,117.89;40.14,117.36;
#40:
>0:41.32,118.81;40.82,119.19;40.44,119.12;40.22,119.39;
#41:
>0:41.95,117.76;41.68,117.69;
#42:
>0:40.75,118.34;40.15,117.93;39.97,118.53;39.69,117.49;40.18,116.46;
#43:
>0:39.88,119.0;40.19,119.3;40.42,118.35;40.84,118.63;41.16,118.4;41.95,116.69;
#44:
>0:39.84,117.1;40.25,117.56;40.74,117.33;
#45:
>0:40.03,117.78;39.92,117.61;
#46:
>0:40.99,117.07;41.45,117.69;40.98,118.09;
#47:
>0:39.95,118.04;40.19,118.56;40.68,118.67;40.92,118.92;41.38,118.66;
#48:
>0:40.31,116.56;40.54,117.7;40.91,117.45;41.21,116.06;
#49:
>0:39.99,117.08;40.25,117.49;40.72,117.94;40.94,118.45;41.37,119.05;41.62,119.0;
#50:
>0:41.07,118.52;40.57,118.35;40.32,118.44;
#51:
>0:40.05,116.48;40.65,116.99;40.93,116.78;41.24,117.12;41.65,117.04;
#52:
>0:41.09,116.56;40.59,117.69;40.36,117.92;39.86,117.6;
#53:
>0:41.5,117.0;41.03,116.96;40.57,117.32;40.22,117.95;39.98,117.48;
#54:
>0:40.05,116.68;40.8,117.48;40.62,118.0;40.78,118.6;
#55:
>0:41.07,116.48;41.26,117.08;41.77,117.45;41.6,118.29;41.83,118.51;41.78,119.1;
#56:
>0:40.71,119.01;40.37,119.21;39.94,119.08;
#57:
>0:41.86,117.76;41.45,118.12;40.86,117.29;40.69,117.39;
#58:
>0:40.71,118.98;40.44,118.91;
#59:
>0:41.13,119.25;41.27,118.99;41.73,119.36;
#60:
>0:41.58,118.15;41.26,117.15;40.89,116.95;40.56,117.45;40.17,117.83;39.94,117.31;
#61:
>0:40.38,117.15;40.38,116.79;40.16,116.54;
#62:
>0:40.22,116.47;40.11,116.78;
#63:
>0:39.92,119.13;40.12,119.26;40.7,118.81;41.1,118.81;41.14,118.14;41.78,116.95;
#64:
>0:40.35,116.48;40.38,116.61;40.19,117.42;40.19,117.82;40.11,118.69;40.37,119.28;
#65:
>0:41.77,116.4;41.23,116.6;41.72,117.27;41.43,117.99;41.74,118.35;
#66:
>0:40.53,118.52;41.17,119.19;
#67:
>0:40.26,116.58;39.98,116.29;
#68:
>0:41.67,116.12;41.22,116.71;41.52,117.16;41.15,116.74;40.06,116.69;
#69:
>0:39.93,116.7;40.34,117.49;40.19,117.86;
#70:
>0:40.23,116.9;40.77,116.54;
#71:
>0:39.95,118.93;39.81,117.86;39.96,117.32;40.74,116.75;
#72:
>0:41.58,119.19;41.44,118.47;
#73:
>0:40.46,116.99;40.94,115.98;41.38,116.41;
#74:
>0:39.85,118.22;39.85,117.23;40.27,118.04;40.8,117.97;40.84,118.44;41.86,116.85;
#75:
>0:41.52,117.56;41.84,117.67;41.65,118.39;
#76:
>0:40.05,116.4;40.77,116.9;40.81,117.49;41.34,118.22;41.85,118.09;41.56,119.43;
#77:
>0:41.19,119.44;41.35,119.35;41.82,119.29;
#78:
>0:40.0,116.54;40.19,116.78;
#79:
>0:41.75,119.25;41.51,118.81;40.91,118.89;40.73,118.42;
#80:
>0:39.88,116.81;39.7,117.36;39.85,118.5;39.99,118.63;
#81:
>0:41.8,119.19;41.5,118.78;41.33,117.97;40.67,117.63;40.34,116.88;40.13,116.51;
#82:
>0:40.25,116.96;40.65,117.22;40.85,117.97;41.56,116.71;
#83:
>0:40.2,118.77;40.29,118.22;
#84:
>0:40.83,116.16;40.93,117.01;41.54,117.37;41.85,117.66;41.34,118.17;41.19,119.37;
#85:
>0:39.92,117.91;39.71,117.15;40.15,117.68;40.33,116.46;
#86:
>0:40.86,119.45;40.76,118.49;40.18,117.99;40.11,117.62;
#87:
>0:39.98,116.57;40.0,116.68;
#88:
>0:40.94,116.53;41.42,116.77;41.75,117.19;41.9,117.8;41.87,118.63;41.74,119.03;
#89:
>0:40.04,117.29;40.73,118.14;
#90:
>0:40.04,116.11;40.13,116.86;40.38,117.57;40.21,118.04;40.29,118.7;40.25,119.11;
#91:
>0:41.11,116.25;40.9,116.82;41.5,117.71;41.66,117.29;41.34,118.16;41.18,119.36;
#92:
>0:39.92,119.14;40.39,119.45;40.72,118.39;40.92,118.87;40.94,117.87;41.83,116.67;
#93:
>0:40.09,116.69;40.34,116.31;
#94:
>0:40.14,116.74;40.28,116.55;
#95:
>0:39.71,119.17;40.21,119.23;40.49,118.49;41.3,118.22;41.49,117.7;40.75,116.13;
#96:
>0:41.12,117.96;41.34,117.44;
#97:
>0:40.98,117.1;41.33,117.58;41.91,117.56;41.69,118.8;
#98:
>0:41.03,119.16;40.57,118.59;40.53,117.84;
#99:
>0:41.65,116.67;41.8,117.67;41.95,118.16;41.95,118.44;41.87,119.22;
#100:
>0:41.28,116.38;41.18,116.5;40.42,116.58;40.04,117.14;40.23,116.75;
#101:
>0:41.52,117.92;41.01,118.64;40.53,118.65;40.14,118.65;
#102:
>0:41.45,116.71;40.96,117.6;40.48,116.99;
#103:
>0:40.06,116.7;40.79,117.67;40.96,117.53;41.56,116.1;
#104:
>0:39.98,116.88;40.21,116.92;
#105:
>0:39.96,116.62;40.09,117.19;40.69,117.35;
#106:
>0:41.58,117.55;41.18,116.72;40.48,117.73;40.15,117.58;
#107:
>0:41.87,117.53;41.25,117.98;40.89,117.21;40.56,116.56;40.38,116.52;
#108:
>0:41.66,119.44;41.28,118.87;41.09,118.42;40.46,117.59;40.36,116.67;40.04,116.63;
#109:
>0:41.8,116.79;41.75,117.7;41.71,117.85;41.72,118.83;41.77,119.3;
#110:
>0:41.8,116.35;41.3,117.08;40.86,117.73;40.89,117.04;40.6,117.44;40.2,118.26;
#111:
>0:40.73,118.97;41.09,118.59;41.22,118.17;41.96,117.18;
#112:
>0:41.24,119.15;40.86,118.57;40.73,117.76;40.41,118.24;39.87,118.08;
#113:
>0:41.31,117.29;41.38,117.34;
#114:
>0:39.86,119.02;39.84,119.34;40.18,119.12;40.47,118.4;41.36,117.95;
#115:
>0:40.29,116.89;40.08,116.54;
#116:
>0:41.88,118.07;41.81,117.58;
#117:
>0:41.84,117.68;41.4,116.78;
#118:
>0:40.92,118.93;41.19,119.07;41.93,119.16;
#119:
>0:40.05,117.17;40.27,117.17;40.55,118.04;41.19,118.89;41.35,119.42;41.97,119.14;
#120:
>0:39.97,116.9;40.06,116.55;
#121:
>0:41.31,118.64;41.16,118.29;40.63,118.09;40.36,118.1;39.67,118.15;
#122:
>0:40.06,116.43;40.38,116.44;40.18,116.8;40.54,117.26;41.37,117.26;
#123:
>0:41.77,118.52;41.73,119.46;
#124:
>0:41.57,116.11;41.03,116.62;40.43,117.55;40.39,117.83;40.02,118.7;
#125:
>0:40.72,117.15;41.03,117.27;
#126:
>0:40.19,116.74;40.22,116.62;
#127:
>0:41.07,117.43;40.55,116.85;40.27,117.04;40.01,116.93;
#128:
>0:39.76,119.25;40.16,119.46;40.75,118.45;41.08,118.47;41.26,116.87;
#129:
>0:41.39,118.45;41.46,118.78;
#130:
>0:40.08,118.1;40.15,117.46;41.23,118.27;
#131:
>0:40.73,116.54;40.97,116.57;41.24,117.39;41.63,117.3;40.85,118.78;
#132:
>0:41.62,119.36;41.23,118.39;41.01,118.19;40.75,118.27;40.05,117.91;39.72,118.13;
#133:
>0:41.91,116.58;41.54,116.7;41.45,117.95;
#134:
>0:40.01,116.31;39.97,116.59;
#135:
>0:41.17,118.56;40.45,118.21;
#136:
>0:40.22,118.85;40.21,118.29;39.89,118.07;40.4,116.57;
#137:
>0:40.66,118.66;41.11,118.88;41.24,117.65;
#138:
>0:40.19,117.16;40.03,117.52;40.44,118.22;40.88,117.26;41.3,116.09;
#139:
>0:40.19,115.96;40.1,116.75;
#140:
>0:41.94,117.58;41.58,118.13;40.91,117.49;40.71,116.64;40.26,116.88;39.95,116.66;
#141:
>0:41.5,119.24;41.06,118.77;40.76,118.32;40.09,118.15;39.89,118.61;
#142:
>0:40.15,116.5;40.22,117.01;40.28,117.16;40.29,117.93;40.08,118.73;40.07,119.43;
#143:
>0:40.09,118.62;40.52,118.88;41.1,118.4;40.9,119.4;41.83,118.57;
#144:
>0:40.61,118.0;40.81,117.56;40.58,116.9;
#145:
>0:40.85,117.57;40.55,117.23;40.09,118.13;39.83,117.32;
#146:
>0:40.82,119.37;41.23,119.01;41.94,119.28;
#147:
>0:40.8,119.3;40.32,118.97;40.02,119.25;
#148:
>0:40.47,117.35;41.07,117.63;40.37,118.57;
#149:
>0:41.32,119.52;41.47,119.15;
#150:
>0:40.56,116.65;41.17,117.11;41.58,116.71;
#151:
>0:41.88,118.21;41.64,117.71;
#152:
>0:40.89,116.5;41.39,116.87;41.96,117.16;41.81,118.0;
#153:
>0:41.79,118.3;41.69,117.55;40.83,117.29;
#154:
>0:41.11,116.27;40.44,116.99;40.03,116.92;40.07,116.66;
#155:
>0:41.28,116.86;41.08,116.93;40.42,117.42;40.34,118.31;39.76,117.49;
#156:
>0:41.2,118.65;40.88,119.3;40.56,119.41;40.31,119.19;
#157:
>0:40.88,118.62;40.62,117.97;40.08,117.48;
#158:
>0:41.38,118.96;40.81,118.65;40.7,117.96;40.18,118.15;39.76,118.54;
#159:
>0:41.88,118.76;41.5,117.89;41.21,118.25;
#160:
>0:40.23,116.8;40.52,117.35;40.46,117.8;40.63,118.34;
#161:
>0:40.58,116.22;40.37,116.53;40.36,116.42;
#162:
>0:41.58,116.95;41.45,117.4;41.21,118.07;
#163:
>0:39.83,119.05;40.02,118.82;
#164:
>0:41.08,118.91;40.55,117.83;40.32,117.47;
#165:
>0:40.76,116.04;40.13,116.88;39.94,117.29;39.64,117.96;39.83,118.77;
#166:
>0:40.19,117.08;40.39,117.67;40.48,117.68;
#167:
>0:41.58,116.43;41.94,117.11;41.43,117.03;41.86,117.2;41.27,118.0;40.81,119.21;
#168:
>0:41.46,119.31;41.43,118.72;
#169:
>0:40.44,117.73;41.17,117.17;41.16,118.25;41.63,116.87;
#170:
>0:39.95,119.36;40.34,119.36;40.57,118.66;40.86,118.63;40.93,119.12;41.82,118.44;
#171:
>0:41.76,118.33;41.96,118.73;
#172:
>0:40.74,117.29;40.61,117.29;
#173:
>0:39.94,116.83;40.13,117.15;
#174:
>0:41.04,116.23;40.61,116.67;40.25,117.38;39.92,118.62;40.04,118.81;39.83,119.41;
#175:
>0:41.59,117.12;41.45,116.9;41.66,117.42;41.14,118.57;
#176:
>0:41.19,116.95;40.59,117.17;
#177:
>0:40.15,116.84;40.14,116.52;
#178:
>0:40.89,117.62;40.8,118.01;40.3,118.57;39.86,119.11;
#179:
>0:41.66,116.29;41.28,117.03;41.14,117.25;40.53,116.76;40.2,116.67;39.91,117.07;
#180:
>0:39.98,116.56;40.37,117.34;40.54,117.94;41.08,117.65;40.99,116.74;41.91,116.64;
#181:
>0:40.33,116.65;40.15,116.32;
#182:
>0:41.1,116.85;40.65,117.15;41.22,118.08;
#183:
>0:39.75,117.27;39.94,117.19;40.11,116.0;
#184:
>0:41.44,117.04;41.03,117.15;40.49,116.7;
#185:
>0:41.86,116.48;41.51,116.53;41.01,116.43;40.78,116.67;40.31,116.73;39.87,117.03;
#186:
>0:41.79,116.55;41.56,116.7;41.0,117.6;40.47,117.98;40.24,118.63;39.81,119.16;
#187:
>0:41.23,118.66;40.86,119.4;40.74,119.44;40.1,119.26;
#188:
>0:40.72,119.09;41.1,118.73;41.58,117.91;41.88,117.52;
#189:
>0:40.44,117.73;41.03,117.44;40.94,116.93;41.87,116.85;
#190:
>0:41.87,117.05;41.4,117.54;41.22,117.92;40.48,118.73;40.31,119.15;39.68,119.19;
#191:
>0:40.12,116.19;39.9,116.65;39.67,117.47;39.66,118.44;39.86,119.09;40.0,119.11;
#192:
>0:40.27,116.45;40.18,116.63;
#193:
>0:40.75,118.87;40.9,118.83;41.4,117.92;41.7,116.68;
#194:
>0:41.84,118.11;41.29,117.71;40.82,116.85;40.72,116.58;40.06,116.76;40.01,116.9;
#195:
>0:41.16,117.01;41.3,116.85;41.64,116.65;
#196:
>0:40.62,116.43;41.01,117.1;41.36,117.43;41.93,117.46;40.81,118.45;
#197:
>0:40.24,118.87;40.79,117.74;40.9,117.45;40.83,116.75;41.64,117.05;
#198:
>0:40.03,116.03;40.33,116.85;41.06,117.31;
#199:
>0:41.26,116.23;41.63,116.88;41.46,117.64;
#200:
>0:40.59,118.33;41.06,118.3;41.31,117.86;41.83,118.02;
#201:
>0:40.99,116.97;40.5,117.38;40.07,117.99;39.84,119.07;39.82,119.38;
#202:
>0:40.55,116.47;41.14,116.86;40.95,117.42;
#203:
>0:39.9,119.01;39.64,118.59;
#204:
>0:41.29,119.36;41.15,118.9;40.53,118.18;41.09,117.65;41.31,116.68;41.5,116.44;
#205:
>0:41.37,117.52;41.31,116.67;40.8,117.86;
#206:
>0:40.18,118.62;40.64,118.47;40.92,118.52;41.45,118.53;
#207:
>0:40.97,118.5;40.7,118.3;40.26,117.19;40.0,116.77;
#208:
>0:41.4,118.39;41.21,117.92;40.71,118.24;40.23,118.05;39.76,118.44;
#209:
>0:40.68,116.92;41.03,116.38;41.36,116.0;41.93,116.07;
#210:
>0:40.52,116.23;40.87,116.85;41.32,117.26;41.86,117.17;41.12,118.64;
#211:
>0:39.8,118.24;39.72,117.58;40.36,116.95;39.99,116.69;
#212:
>0:41.05,119.29;41.28,118.43;41.9,117.86;40.86,117.6;
#213:
>0:40.12,116.78;40.09,116.57;
#214:
>0:41.31,118.4;41.8,117.89;41.8,117.32;41.81,116.65;
#215:
>0:40.1,116.65;40.02,116.84;
#216:
>0:40.15,116.8;40.13,116.77;40.48,117.33;41.0,117.37;41.17,116.85;41.59,116.81;
#217:
>0:40.3,116.58;39.95,116.45;
#218:
>0:40.3,116.13;40.0,116.63;39.76,117.17;39.86,117.97;40.01,118.74;39.78,119.01;
#219:
>0:40.31,116.68;40.31,116.61;
#220:
>0:41.46,118.71;41.07,119.3;40.74,119.32;40.14,119.47;
#221:
>0:40.69,116.66;40.81,117.62;41.05,118.36;41.12,118.65;
#222:
>0:41.61,115.97;41.26,116.61;40.98,117.0;
#223:
>0:39.77,119.2;40.19,117.94;40.4,117.19;41.05,117.68;
#224:
>0:40.41,116.27;40.21,116.74;40.21,117.46;40.03,117.91;40.11,118.84;40.08,119.36;
#225:
>0:41.48,118.86;41.4,117.96;41.05,117.32;40.63,116.94;
#226:
>0:40.29,116.9;40.26,116.6;40.41,117.51;40.21,118.14;40.22,118.89;40.23,119.23;
#227:
>0:39.74,119.4;40.0,118.7;
#228:
>0:40.94,116.21;40.57,116.6;40.11,116.82;39.83,117.03;
#229:
>0:40.13,116.82;40.18,116.66;40.09,117.73;40.29,118.18;40.38,118.45;40.07,119.52;
#230:
>0:40.16,116.48;40.01,116.83;
#231:
>0:39.96,116.92;40.03,117.5;40.63,118.04;40.86,117.15;41.46,116.46;
#232:
>0:40.03,118.59;40.41,117.19;40.29,116.83;40.26,116.54;
#233:
>0:40.82,118.49;40.51,118.2;40.16,117.66;39.83,116.94;
#234:
>0:40.8,118.28;40.95,117.51;
#235:
>0:41.33,117.67;41.21,117.82;40.49,118.67;40.06,119.12;39.97,119.0;
#236:
>0:41.58,117.08;41.79,117.3;41.31,118.32;41.28,118.9;
#237:
>0:41.92,117.98;41.22,118.33;40.98,117.34;40.6,117.73;
#238:
>0:41.71,118.77;41.5,119.15;40.99,119.18;40.67,119.04;40.21,119.12;39.77,119.2;
#239:
>0:41.75,116.11;41.51,116.73;40.94,117.26;41.12,116.66;40.53,117.7;39.88,118.23;
#240:
>0:41.53,119.16;41.26,119.43;
#241:
>0:41.73,117.52;41.37,116.55;41.11,116.64;40.8,117.63;40.33,117.0;40.01,117.33;
#242:
>0:41.58,118.39;41.29,118.39;40.47,117.5;40.05,117.3;
#243:
>0:40.14,116.87;40.12,116.54;
#244:
>0:40.55,116.14;40.25,116.1;40.02,116.67;
#245:
>0:41.22,118.35;41.5,118.35;41.62,118.86;
#246:
>0:40.49,116.02;40.81,116.93;41.56,117.36;41.83,116.04;
#247:
>0:41.22,116.25;41.42,116.62;41.49,117.62;41.62,117.57;41.34,118.01;40.92,119.35;
#248:
>0:40.53,116.29;40.88,116.63;41.54,116.3;41.59,116.31;
#249:
>0:41.0,118.84;40.66,119.01;
#250:
>0:41.5,118.0;41.21,117.66;41.3,116.88;
#251:
>0:40.61,119.01;40.2,119.37;39.84,119.13;
#252:
>0:41.91,118.31;41.22,118.24;41.01,117.25;41.05,116.95;40.05,118.09;
#253:
>0:40.14,117.6;40.51,117.96;40.49,118.85;
#254:
>0:39.82,118.55;40.17,118.28;
#255:
>0:40.7,118.11;40.88,117.3;40.95,116.59;41.82,116.75;
#256:
>0:40.92,116.12;40.82,116.56;40.42,117.36;40.12,117.77;40.69,118.85;40.97,119.24;
#257:
>0:41.13,119.48;40.68,118.65;40.14,117.87;40.31,117.61;
#258:
>0:40.22,117.59;40.54,116.88;40.83,116.17;
#259:
>0:41.44,119.06;40.96,119.27;40.45,119.29;
#260:
>0:40.04,118.79;40.38,118.23;39.98,117.76;39.7,117.4;40.07,116.43;
#261:
>0:41.11,116.05;40.89,116.65;41.36,117.54;41.75,117.43;41.34,118.02;41.19,119.34;
#262:
>0:40.55,116.35;40.06,116.27;40.33,116.51;
