#0:
>0:41.62,117.12;41.44,117.72;41.18,117.94;40.44,118.17;40.11,118.23;39.99,119.43;
#1:
>0:41.21,119.38;40.93,118.61;
#2:
>0:40.59,116.43;40.95,116.35;41.25,116.82;
#3:
>0:41.45,117.14;41.09,118.1;41.04,117.68;40.35,116.8;
#4:
>0:40.86,117.51;40.47,118.17;40.37,117.96;40.31,119.51;
#5:
>0:41.08,118.53;41.15,118.54;40.47,118.28;41.41,117.0;
#6:
>0:41.73,119.15;41.74,118.61;41.57,118.45;40.94,117.33;
#7:
>0:41.65,118.78;41.38,118.35;41.73,117.5;
#8:
>0:41.11,117.95;40.78,117.82;40.42,117.09;
#9:
>0:41.56,118.6;40.9,117.93;40.53,117.68;40.1,116.82;40.63,116.02;
#10:
>0:41.03,116.58;41.04,117.24;
#11:
>0:39.81,116.66;40.18,116.68;
#12:
>0:39.96,116.39;40.19,116.61;
#13:
>0:41.44,117.95;41.4,118.74;40.98,118.21;40.14,118.59;
#14:
>0:40.39,117.91;40.53,116.87;41.18,116.42;
#15:
>0:39.93,116.79;40.19,117.88;40.37,117.86;40.65,118.5;40.98,119.09;
#16:
>0:39.74,117.81;40.4,118.62;40.45,118.33;40.82,118.04;41.02,118.59;41.96,118.94;
#17:
>0:40.39,117.84;40.44,117.84;
#18:
>0:40.78,119.3;40.13,118.47;
#19:
>0:39.92,118.19;40.13,118.7;40.61,118.74;40.99,117.53;
#20:
>0:40.63,117.73;40.79,117.93;
#21:
>0:40.04,116.76;40.06,116.47;
#22:
>0:40.31,116.93;40.53,116.89;40.56,117.38;40.74,118.88;
#23:
>0:41.79,119.07;41.76,118.68;41.29,118.03;40.68,117.61;
#24:
>0:40.8,116.23;40.11,117.06;39.75,117.32;40.47,117.76;39.67,118.78;
#25:
>0:40.22,117.07;40.47,117.04;40.64,117.26;40.84,118.54;41.82,119.48;
#26:
>0:39.8,118.21;40.08,118.62;40.68,119.14;
#27:
>0:40.44,119.17;40.43,118.36;40.88,118.49;41.39,117.25;
#28:
>0:41.41,117.78;41.54,118.42;40.81,118.28;40.11,118.52;
#29:
>0:39.96,117.9;40.0,118.53;39.68,118.98;
#30:
>0:40.32,116.71;40.0,116.69;39.91,117.6;40.02,117.99;
#31:
>0:41.72,116.07;41.25,116.85;41.76,116.89;41.67,117.24;41.29,118.41;
#32:
>0:40.53,118.92;40.28,117.96;40.64,118.29;40.17,116.66;
#33:
>0:40.97,116.12;41.04,117.02;41.4,116.64;41.1,117.47;40.82,118.64;
#34:
>0:40.5,117.36;41.19,117.36;41.02,116.68;41.75,117.0;
#35:
>0:39.73,116.55;40.05,116.39;40.55,116.86;40.66,116.24;40.95,116.05;41.6,116.56;
#36:
>0:40.13,116.35;39.99,116.64;
#37:
>0:41.21,117.07;41.82,117.06;41.97,117.58;41.39,118.78;
#38:
>0:41.67,118.49;41.31,118.82;41.85,117.25;
#39:
>0:40.58,116.2;40.19,116.82;39.85,117.7;
#40:
>0:41.86,118.39;41.34,117.76;41.13,117.7;41.63,116.8;
#41:
>0:40.55,117.46;40.99,117.24;40.43,116.03;
#42:
>0:40.81,117.17;40.78,117.49;40.48,118.74;
#43:
>0:40.16,116.44;40.56,116.88;40.52,117.68;41.57,117.49;
#44:
>0:40.03,119.07;40.71,118.84;40.69,119.29;41.58,119.04;
#45:
>0:41.26,116.98;40.93,117.33;40.45,117.99;40.43,118.39;39.95,118.18;
#46:
>0:41.52,118.46;41.76,118.11;41.22,118.15;40.84,117.27;40.41,116.04;
#47:
>0:40.72,116.56;40.07,116.4;
#48:
>0:41.53,116.84;41.96,116.84;41.86,117.56;41.33,118.71;
#49:
>0:40.33,116.49;40.04,116.18;40.48,116.64;41.11,118.08;
#50:
>0:40.74,116.78;40.79,117.45;41.04,118.1;41.61,117.81;
#51:
>0:40.88,117.32;41.24,117.64;
#52:
>0:41.86,118.71;41.2,117.91;41.36,117.38;
#53:
>0:41.78,116.92;41.47,116.66;
#54:
>0:40.24,116.25;39.84,117.14;40.48,116.79;
#55:
>0:39.92,118.11;39.88,118.48;39.81,119.15;
#56:
>0:40.42,117.74;40.27,116.69;40.62,116.25;
#57:
>0:41.27,117.1;41.07,117.16;40.55,118.27;40.41,118.78;40.74,119.33;
#58:
>0:39.85,119.25;40.38,119.02;40.57,118.85;40.94,118.44;41.51,116.82;
#59:
>0:40.0,118.03;40.43,117.92;40.77,117.44;
#60:
>0:40.68,117.62;41.11,117.44;41.44,117.52;41.6,116.99;
#61:
>0:40.31,119.33;40.7,118.53;41.02,118.24;41.45,118.29;
#62:
>0:41.45,116.67;41.05,117.41;40.41,117.39;41.38,118.48;
#63:
>0:41.01,118.81;40.51,118.25;40.34,117.72;40.01,116.71;
#64:
>0:41.56,116.38;40.83,117.08;41.09,117.54;40.6,117.2;40.99,118.63;
#65:
>0:40.14,116.66;40.44,117.45;41.15,118.29;41.47,118.59;41.78,118.59;
#66:
>0:41.12,117.35;40.5,117.44;40.15,117.49;
#67:
>0:40.08,116.73;40.13,116.58;
#68:
>0:40.34,119.15;40.42,119.5;
#69:
>0:40.38,118.8;39.98,118.25;39.9,117.15;
#70:
>0:40.54,119.37;40.24,118.86;
#71:
>0:40.8,117.69;40.47,117.52;40.87,118.27;41.58,119.01;
#72:
>0:41.08,116.23;41.17,117.0;40.67,117.67;40.89,118.32;40.76,118.64;
#73:
>0:40.33,117.82;40.65,117.79;40.89,118.83;41.43,118.02;
#74:
>0:40.58,116.17;40.82,116.19;40.87,116.9;40.72,117.6;41.19,117.75;40.71,119.11;
#75:
>0:41.42,117.45;41.03,118.27;40.7,118.04;41.33,119.45;
#76:
>0:41.08,116.66;41.49,117.5;41.77,118.13;41.59,118.53;
#77:
>0:41.72,115.97;41.52,117.01;41.14,117.19;
#78:
>0:39.75,117.59;39.77,118.09;40.19,118.64;40.47,119.32;
#79:
>0:41.75,119.48;41.6,118.48;41.32,118.14;40.83,117.43;40.63,116.95;39.77,117.0;
#80:
>0:39.86,118.76;40.3,118.3;40.53,118.09;40.72,117.52;40.88,117.34;41.92,116.95;
#81:
>0:40.1,118.45;40.68,118.75;40.86,117.72;
#82:
>0:40.12,118.14;40.57,117.93;41.12,117.73;40.89,116.58;41.72,117.13;
#83:
>0:41.3,116.9;41.91,116.65;41.65,118.06;
#84:
>0:40.2,116.6;40.1,116.61;
#85:
>0:40.28,116.36;40.24,116.21;40.65,116.57;40.91,117.86;
#86:
>0:41.18,118.57;41.01,118.06;
#87:
>0:40.22,118.23;40.5,117.85;
#88:
>0:39.86,117.82;40.18,118.4;40.7,118.71;41.09,117.66;
#89:
>0:41.53,117.06;41.91,117.03;41.61,117.61;41.38,118.4;
#90:
>0:41.42,116.88;41.73,116.91;41.92,117.18;41.44,118.33;
#91:
>0:40.31,116.34;40.1,116.96;
#92:
>0:40.43,116.35;40.07,117.07;39.99,117.15;
#93:
>0:41.63,116.68;41.72,117.73;41.48,118.06;40.82,117.49;40.29,116.11;
#94:
>0:40.74,117.27;40.8,117.23;41.0,117.08;41.76,116.85;
#95:
>0:41.11,117.23;41.21,118.19;41.59,117.87;
#96:
>0:41.52,117.16;40.91,117.55;40.76,117.7;40.52,117.46;
#97:
>0:41.14,117.12;41.23,116.81;
#98:
>0:41.44,118.87;41.17,118.77;
#99:
>0:40.27,116.53;39.98,116.37;
#100:
>0:41.72,118.05;41.52,118.7;
#101:
>0:41.83,116.44;41.42,116.82;41.89,116.85;41.73,117.49;41.27,118.39;
#102:
>0:41.68,117.29;41.95,117.63;
#103:
>0:40.65,119.36;41.17,118.61;40.9,118.16;41.46,117.47;
#104:
>0:40.17,116.81;40.06,116.7;
#105:
>0:39.98,116.6;40.26,116.62;
#106:
>0:40.21,117.67;40.33,116.8;
#107:
>0:41.69,118.39;41.47,118.44;40.98,118.03;40.75,119.09;
#108:
>0:40.98,116.97;40.79,116.09;
#109:
>0:41.82,117.57;41.63,116.8;41.58,117.47;40.78,118.66;
#110:
>0:40.14,116.66;40.67,117.47;40.87,118.59;40.81,118.58;41.16,119.1;
#111:
>0:40.56,116.18;40.87,117.08;41.47,116.99;
#112:
>0:41.48,117.26;41.9,117.37;41.25,117.89;41.62,119.52;
#113:
>0:41.51,118.97;41.46,118.95;
#114:
>0:39.88,119.03;40.31,118.95;40.73,118.36;41.04,118.41;41.17,117.38;41.77,116.68;
#115:
>0:40.36,116.07;40.78,116.92;41.13,116.73;41.37,117.16;
#116:
>0:41.45,116.76;41.81,116.85;41.71,118.24;
#117:
>0:41.53,116.53;40.82,117.0;40.8,117.55;41.15,117.84;40.58,117.87;39.88,119.47;
#118:
>0:41.4,117.14;40.96,117.93;40.41,117.97;40.33,116.72;
#119:
>0:41.35,117.25;41.18,118.23;40.64,117.78;
#120:
>0:40.2,116.7;39.98,116.8;
#121:
>0:41.07,118.93;41.04,118.65;40.34,118.83;
#122:
>0:39.97,118.46;40.07,117.82;40.59,117.82;40.96,118.59;41.56,118.47;41.75,117.65;
#123:
>0:41.0,116.75;40.84,117.43;
#124:
>0:41.75,119.22;41.41,118.36;40.91,118.63;
#125:
>0:40.43,119.49;40.27,118.61;
#126:
>0:40.2,116.57;40.07,115.96;40.78,116.92;40.98,117.91;
#127:
>0:39.98,117.3;40.62,117.52;40.11,118.1;40.45,118.96;
#128:
>0:40.04,118.99;40.11,118.75;40.2,117.91;
#129:
>0:40.16,116.1;40.59,117.03;40.5,115.96;41.13,116.05;41.91,116.9;
#130:
>0:40.3,116.82;40.21,116.65;
#131:
>0:40.19,116.44;40.25,116.6;
#132:
>0:41.39,116.57;40.95,117.16;40.88,117.07;40.22,116.67;
#133:
>0:40.75,118.44;40.97,118.39;
#134:
>0:41.22,117.38;41.47,116.88;41.28,116.25;
#135:
>0:41.13,118.41;40.55,118.26;40.29,117.85;
#136:
>0:39.78,119.22;40.38,118.93;40.51,118.65;41.04,117.65;
#137:
>0:41.83,117.4;41.82,117.46;
#138:
>0:40.65,118.49;40.07,117.88;39.64,119.29;
#139:
>0:41.09,116.75;41.32,116.61;
#140:
>0:41.72,116.52;41.52,117.02;41.61,117.39;
#141:
>0:41.89,118.21;41.33,118.34;
#142:
>0:41.37,118.48;41.05,118.92;
#143:
>0:40.62,118.81;40.94,118.63;
#144:
>0:41.3,117.85;41.44,118.56;41.35,118.26;40.15,118.5;
#145:
>0:39.78,118.38;40.04,117.98;40.68,117.93;40.53,117.59;41.01,117.32;41.78,117.56;
#146:
>0:39.98,116.88;40.01,116.77;
#147:
>0:41.32,116.95;40.9,117.28;40.54,116.55;40.05,116.6;
#148:
>0:41.95,119.04;41.27,119.06;40.83,119.48;40.42,119.14;
#149:
>0:41.4,116.09;41.28,116.79;41.23,117.23;
#150:
>0:40.96,118.96;40.97,118.38;41.0,117.88;
#151:
>0:41.42,116.86;41.04,117.58;40.85,116.81;40.18,116.96;
#152:
>0:40.5,119.36;41.02,119.01;40.93,117.86;
#153:
>0:39.64,116.85;40.39,116.39;40.72,116.66;40.54,116.14;41.0,116.4;41.76,116.79;
#154:
>0:40.86,117.15;40.43,118.08;40.03,118.5;
#155:
>0:40.02,119.21;40.23,119.22;
#156:
>0:41.88,116.07;41.54,116.62;41.57,117.31;
#157:
>0:41.21,116.83;41.06,117.2;40.46,117.02;
#158:
>0:40.69,119.07;41.05,118.45;41.06,117.84;41.33,117.47;
#159:
>0:39.7,118.35;40.4,118.44;
#160:
>0:40.73,116.53;40.38,116.69;39.78,117.64;40.4,118.16;39.92,118.84;
#161:
>0:40.5,116.72;40.71,116.23;41.35,116.28;
#162:
>0:41.02,118.95;40.96,118.7;41.24,117.88;40.51,117.43;40.95,117.04;
#163:
>0:40.57,119.45;40.99,118.65;41.18,118.28;41.63,119.04;
#164:
>0:41.54,119.3;41.16,119.33;41.02,118.58;40.61,118.17;39.94,119.51;
#165:
>0:39.74,119.17;40.22,118.77;40.49,117.97;
#166:
>0:40.25,116.5;40.24,116.62;
#167:
>0:40.63,117.24;41.1,118.21;40.41,118.44;
#168:
>0:41.34,118.15;41.35,118.88;40.92,118.12;40.15,118.65;
#169:
>0:40.71,116.08;40.22,116.66;40.01,117.13;
#170:
>0:41.52,119.44;40.81,118.36;40.45,117.78;40.44,117.45;
#171:
>0:41.65,119.03;41.63,118.63;41.39,117.74;40.75,117.31;
#172:
>0:40.16,116.54;40.13,116.9;
#173:
>0:41.89,118.69;41.51,118.79;40.96,118.84;
#174:
>0:41.04,116.37;41.19,116.65;40.43,117.44;41.14,118.1;40.69,118.62;
#175:
>0:40.45,117.02;40.81,117.19;41.47,116.01;
#176:
>0:40.04,116.34;40.11,116.51;
#177:
>0:41.49,118.17;41.45,118.48;40.81,118.23;40.07,118.82;
#178:
>0:40.2,116.82;39.77,117.11;39.68,117.63;39.72,118.15;
#179:
>0:40.04,116.81;40.21,116.71;
#180:
>0:39.78,117.75;40.25,118.55;40.65,118.72;40.89,118.33;41.28,118.79;41.97,118.34;
#181:
>0:41.11,116.95;40.61,117.73;40.28,117.62;39.83,117.54;
#182:
>0:39.99,116.67;39.98,116.81;40.28,116.0;39.84,116.9;
#183:
>0:40.93,117.58;40.75,118.04;40.36,117.77;39.72,118.78;
#184:
>0:40.01,118.93;39.73,119.4;
#185:
>0:40.56,117.61;40.14,117.05;40.74,115.99;
#186:
>0:40.05,116.52;40.16,116.79;
#187:
>0:41.53,116.7;40.86,117.2;40.46,117.51;41.13,118.55;41.26,119.49;
#188:
>0:41.24,117.41;40.96,116.83;41.11,116.09;
#189:
>0:41.62,116.17;41.58,116.79;41.1,117.17;
#190:
>0:41.71,118.98;41.35,118.49;41.08,118.31;40.56,117.91;40.31,118.16;39.87,118.8;
#191:
>0:40.17,116.62;40.33,116.25;
#192:
>0:40.14,116.34;40.24,116.66;
#193:
>0:41.9,119.46;41.32,118.38;
#194:
>0:40.81,118.57;41.13,118.21;40.69,117.47;41.38,116.82;
#195:
>0:40.56,117.96;41.1,117.68;40.24,116.92;
#196:
>0:41.94,117.31;41.22,118.02;41.19,117.46;41.05,116.84;40.41,117.41;40.26,116.48;
#197:
>0:41.2,118.07;41.17,117.33;40.92,117.02;40.64,117.49;40.1,116.73;
#198:
>0:40.21,116.86;40.32,116.27;
#199:
>0:39.8,117.72;40.3,116.76;
#200:
>0:39.86,119.49;40.35,119.2;40.58,118.82;41.19,117.88;40.43,117.7;40.72,116.25;
#201:
>0:40.0,116.36;40.01,116.39;
#202:
>0:40.66,116.67;40.8,117.5;41.56,117.68;41.81,116.33;
#203:
>0:40.54,117.38;40.11,116.78;40.54,116.75;41.47,116.63;
#204:
>0:41.04,118.39;41.13,118.17;41.88,117.84;
#205:
>0:40.29,116.47;40.73,116.75;40.76,117.56;41.02,118.39;41.25,118.57;
#206:
>0:39.97,117.9;40.06,118.82;40.45,118.98;
#207:
>0:40.59,119.18;40.38,118.39;
#208:
>0:40.68,119.13;41.06,118.76;40.77,118.01;41.55,117.32;
#209:
>0:40.37,118.39;39.64,119.39;
#210:
>0:41.45,118.97;40.83,118.91;
#211:
>0:41.2,119.23;41.16,119.12;
#212:
>0:40.0,117.57;39.71,117.12;
#213:
>0:40.52,116.93;40.63,117.35;40.97,117.49;40.04,118.58;
#214:
>0:41.36,118.23;41.57,118.85;40.83,117.78;40.17,118.87;
#215:
>0:41.73,119.45;41.96,118.45;41.34,118.57;41.16,117.68;
#216:
>0:41.06,116.78;40.57,116.45;
#217:
>0:41.88,117.51;41.75,117.95;40.94,117.77;
#218:
>0:39.99,116.44;39.63,117.09;40.53,117.07;
#219:
>0:40.23,119.16;39.96,118.86;39.69,118.19;39.88,117.27;39.64,116.9;
#220:
>0:40.92,118.73;40.97,118.32;40.33,118.39;
#221:
>0:40.9,118.55;41.37,117.9;40.42,117.62;41.34,117.11;
#222:
>0:41.56,118.98;41.03,119.32;40.99,118.91;40.63,118.23;39.68,119.26;
#223:
>0:41.89,119.43;41.64,118.62;41.39,118.17;40.8,117.3;
#224:
>0:40.23,116.11;40.49,116.6;41.1,116.62;40.9,118.56;
#225:
>0:41.88,118.57;41.31,117.81;41.12,117.14;40.62,116.83;
#226:
>0:40.68,117.2;40.69,116.91;41.16,116.98;41.82,116.97;
#227:
>0:40.11,116.32;40.31,116.69;
#228:
>0:41.27,117.04;40.93,117.17;41.17,116.58;40.17,116.75;
#229:
>0:41.09,117.19;40.72,118.25;40.96,118.85;40.92,119.01;
#230:
>0:41.86,118.15;41.26,118.86;41.01,118.07;40.69,118.71;40.31,118.7;
#231:
>0:40.58,116.33;41.07,116.45;41.01,117.05;41.0,118.06;
#232:
>0:41.48,119.32;41.14,118.85;41.11,118.04;41.16,117.63;
#233:
>0:40.31,118.52;40.55,118.6;
#234:
>0:41.74,118.64;41.52,118.25;41.43,117.38;
#235:
>0:40.42,116.84;40.96,117.4;41.37,116.02;
#236:
>0:40.03,117.95;40.5,118.31;41.04,117.25;41.57,117.16;41.71,116.02;
#237:
>0:41.54,116.41;41.01,116.63;40.43,116.25;
#238:
>0:39.76,117.46;39.94,116.62;
#239:
>0:41.72,117.83;41.27,118.55;41.04,118.15;40.71,118.18;40.13,117.95;39.77,118.76;
#240:
>0:41.32,119.37;40.97,118.95;41.11,118.65;40.46,117.26;
#241:
>0:40.93,119.03;40.84,118.88;41.03,118.3;40.64,117.56;
#242:
>0:41.2,117.65;41.87,117.23;41.44,118.0;41.66,118.97;
#243:
>0:41.31,116.83;41.19,117.34;41.12,116.57;40.38,116.73;
#244:
>0:41.0,119.0;41.16,118.73;40.95,118.18;40.72,117.64;40.99,116.8;
#245:
>0:40.87,118.41;40.42,117.91;40.18,117.35;
#246:
>0:41.87,117.72;41.3,117.57;40.89,118.16;40.6,119.17;
#247:
>0:40.3,116.49;39.98,116.77;
#248:
>0:40.2,116.61;40.19,116.55;
#249:
>0:39.88,116.89;40.1,116.78;
#250:
>0:40.03,116.25;40.26,116.77;
#251:
>0:41.67,116.0;41.47,116.61;41.9,116.67;41.86,117.61;41.56,118.72;
#252:
>0:40.39,117.63;40.66,117.14;40.8,116.23;41.29,117.02;
#253:
>0:41.8,118.85;41.23,118.41;41.06,117.82;40.72,119.17;
#254:
>0:40.15,116.82;40.18,116.43;
#255:
>0:41.63,117.54;41.3,117.88;41.57,118.9;40.71,117.39;
#256:
>0:40.98,116.99;40.88,117.73;40.41,117.89;
#257:
>0:40.79,117.0;40.92,116.76;41.3,115.97;41.95,116.06;
#258:
>0:41.05,116.48;40.43,116.9;40.22,117.77;39.73,117.58;39.66,118.47;
#259:
>0:39.69,118.83;40.18,117.9;40.41,117.85;
#260:
>0:41.7,119.41;41.77,118.75;41.26,118.03;40.58,117.24;
#261:
>0:40.05,116.61;40.74,116.68;40.58,117.57;40.78,118.69;
#262:
>0:41.12,117.6;40.75,117.66;40.43,117.45;39.92,117.46;
