#0:
>0:42.82,126.51;41.77,122.9;42.3,123.23;42.18,121.67;42.51,116.45;
#1:
>0:41.25,121.41;40.89,122.98;
#2:
>0:42.16,126.49;41.25,127.06;40.42,125.74;39.81,122.83;39.25,124.69;
#3:
>0:41.81,126.91;41.73,126.45;40.92,127.78;40.17,125.79;
#4:
>0:40.61,126.13;40.1,123.42;40.11,121.82;39.83,120.97;
#5:
>0:40.45,124.56;40.71,122.43;40.3,121.19;40.79,122.0;40.68,116.97;
#6:
>0:42.41,124.0;42.24,121.59;42.25,118.3;
#7:
>0:41.82,126.34;41.11,126.92;40.67,125.85;39.91,122.82;39.49,124.7;
#8:
>0:40.35,127.68;41.9,126.92;41.93,127.69;
#9:
>0:41.87,121.65;41.54,123.04;41.44,126.47;39.98,125.46;
