#0:
>0:39.77,127.65;40.72,124.27;39.14,123.31;
#1:
>0:40.66,118.6;40.54,117.29;
#2:
>0:41.18,125.02;41.39,124.3;
#3:
>0:39.67,122.06;39.09,122.79;
#4:
>0:39.43,121.94;39.28,120.16;40.28,120.29;
#5:
>0:39.59,124.34;39.65,123.34;40.44,124.71;40.47,123.4;40.8,122.21;42.29,119.88;
#6:
>0:41.97,127.35;41.89,124.74;42.09,123.49;40.97,120.67;39.92,119.04;
#7:
>0:41.58,119.08;41.82,121.79;40.82,121.32;40.27,120.92;39.52,121.36;
#8:
>0:39.95,124.94;40.38,122.68;40.28,120.92;40.92,120.17;42.14,117.85;
#9:
>0:39.37,124.43;39.28,124.39;
