#0:
>0:39.79,118.85;39.81,118.19;39.9,118.89;39.92,118.22;39.94,117.66;40.0,117.93;
#1:
>0:39.95,117.26;39.92,117.67;39.84,117.99;
#2:
>0:39.94,117.19;39.92,117.27;39.86,117.66;39.81,117.7;39.77,118.86;
#3:
>0:39.98,117.5;39.96,117.07;
#4:
>0:39.79,116.51;39.83,116.78;39.78,117.14;39.82,117.63;39.86,118.67;
#5:
>0:39.83,117.88;39.89,119.03;39.9,118.15;39.96,119.52;39.97,119.41;
#6:
>0:39.98,118.93;39.94,119.45;39.94,119.03;39.87,118.59;39.81,118.24;39.78,118.73;
#7:
>0:39.79,119.15;39.78,118.38;39.88,117.47;
