#0:
>0:40.03,116.44;40.0,116.41;39.96,116.39;39.88,116.35;39.83,116.35;39.81,116.36;
#1:
>0:39.79,116.37;39.84,116.34;39.85,116.39;40.0,116.37;
#2:
>0:39.97,116.41;39.97,116.39;
#3:
>0:39.91,116.43;39.94,116.46;39.97,116.45;40.06,116.44;
#4:
>0:39.77,116.29;39.89,116.32;39.9,116.35;39.98,116.41;39.93,116.4;
#5:
>0:39.94,116.32;39.91,116.35;39.99,116.39;40.01,116.42;
#6:
>0:40.04,116.36;39.93,116.33;
#7:
>0:40.02,116.3;40.06,116.31;40.03,116.31;40.02,116.39;
#8:
>0:39.98,116.31;40.03,116.35;40.05,116.39;
#9:
>0:40.05,116.38;40.01,116.39;40.02,116.34;39.9,116.35;
#10:
>0:39.77,116.37;39.86,116.34;39.92,116.34;39.94,116.31;
#11:
>0:39.94,116.31;40.05,116.35;
#12:
>0:39.76,116.28;39.87,116.34;39.87,116.36;39.99,116.38;39.93,116.42;
#13:
>0:39.94,116.47;39.92,116.43;39.9,116.37;
#14:
>0:40.02,116.3;39.96,116.3;39.91,116.32;39.89,116.34;39.76,116.3;
#15:
>0:39.88,116.38;39.97,116.36;39.99,116.31;
#16:
>0:39.87,116.36;39.87,116.35;
#17:
>0:39.77,116.4;39.82,116.42;39.95,116.43;39.87,116.45;40.03,116.44;
#18:
>0:39.84,116.28;39.9,116.31;39.96,116.32;39.98,116.32;
#19:
>0:40.09,116.32;40.04,116.32;
