#0:
>0:39.79,116.31;39.86,116.28;39.93,116.32;39.94,116.28;
#1:
>0:39.87,116.33;39.9,116.32;39.91,116.33;39.93,116.31;40.03,116.36;
#2:
>0:40.03,116.42;40.02,116.38;
#3:
>0:39.97,116.29;39.87,116.33;
#4:
>0:39.88,116.45;39.84,116.42;39.77,116.39;
#5:
>0:40.07,116.33;39.98,116.31;39.93,116.32;
#6:
>0:40.0,116.31;40.01,116.34;39.99,116.4;39.86,116.39;
#7:
>0:39.92,116.46;39.99,116.44;39.98,116.38;39.95,116.35;39.98,116.33;
#8:
>0:39.89,116.33;39.93,116.3;39.99,116.3;
#9:
>0:39.86,116.31;39.81,116.36;39.83,116.39;
#10:
>0:39.97,116.34;40.0,116.4;40.0,116.4;
#11:
>0:40.01,116.43;40.08,116.45;
#12:
>0:39.99,116.36;40.0,116.36;
#13:
>0:39.83,116.45;39.91,116.41;39.85,116.4;39.86,116.37;39.77,116.34;39.82,116.3;
#14:
>0:39.97,116.29;39.92,116.32;
#15:
>0:39.98,116.44;39.98,116.44;
#16:
>0:40.07,116.31;40.0,116.33;39.97,116.29;
#17:
>0:39.79,116.29;39.76,116.32;39.77,116.35;39.8,116.38;39.8,116.4;
#18:
>0:39.95,116.28;39.89,116.32;39.85,116.35;39.97,116.38;
#19:
>0:39.91,116.44;39.81,116.4;39.81,116.38;39.82,116.35;
