#0:
>0:39.88,116.41;39.82,116.39;39.89,116.36;39.85,116.33;39.83,116.28;
#1:
>0:39.86,116.37;39.76,116.42;
#2:
>0:39.8,116.29;39.81,116.31;39.91,116.36;39.92,116.37;40.03,116.37;39.99,116.44;
#3:
>0:40.0,116.39;39.92,116.37;39.96,116.4;39.83,116.45;
#4:
>0:39.82,116.39;39.9,116.38;
#5:
>0:40.04,116.28;40.04,116.32;40.02,116.35;
#6:
>0:39.94,116.37;39.89,116.39;39.82,116.39;39.79,116.36;
#7:
>0:39.88,116.29;39.92,116.32;39.89,116.34;
#8:
>0:39.98,116.37;39.94,116.35;
#9:
>0:39.83,116.3;39.92,116.31;39.94,116.36;39.92,116.39;40.03,116.41;
#10:
>0:40.0,116.44;40.06,116.42;39.97,116.37;
#11:
>0:40.07,116.32;39.99,116.31;
#12:
>0:39.9,116.42;39.94,116.45;40.02,116.41;40.08,116.37;
#13:
>0:39.82,116.33;39.87,116.33;
#14:
>0:39.93,116.32;39.93,116.36;39.86,116.31;
#15:
>0:39.8,116.41;39.85,116.44;
#16:
>0:39.83,116.37;39.76,116.41;
#17:
>0:39.93,116.39;39.98,116.36;
#18:
>0:40.0,116.35;39.96,116.31;39.87,116.31;
#19:
>0:39.79,116.38;39.83,116.37;39.89,116.32;39.92,116.31;
