#0:
>0:39.76,116.33;39.8,116.28;39.9,116.28;
#1:
>0:39.88,116.32;39.97,116.34;39.98,116.32;
#2:
>0:39.86,116.44;39.79,116.42;39.84,116.4;39.96,116.36;39.77,116.32;
#3:
>0:39.92,116.32;39.86,116.36;39.76,116.38;
#4:
>0:40.08,116.37;40.1,116.35;40.06,116.33;
#5:
>0:40.05,116.28;40.04,116.36;39.96,116.29;39.87,116.28;39.81,116.28;39.77,116.31;
#6:
>0:39.78,116.42;39.86,116.37;39.88,116.36;39.89,116.32;
#7:
>0:39.93,116.28;40.03,116.35;40.07,116.31;40.01,116.38;
#8:
>0:39.98,116.35;40.02,116.4;40.01,116.42;39.85,116.41;
#9:
>0:39.83,116.4;39.91,116.4;39.82,116.37;39.92,116.32;
#10:
>0:39.84,116.37;39.9,116.4;
#11:
>0:39.95,116.32;39.84,116.34;39.76,116.37;
#12:
>0:39.97,116.45;40.0,116.41;40.01,116.43;39.92,116.4;39.76,116.39;
#13:
>0:40.08,116.35;40.02,116.38;39.93,116.36;
#14:
>0:40.11,116.36;40.01,116.34;39.99,116.4;40.05,116.44;
#15:
>0:39.95,116.42;39.99,116.45;
#16:
>0:39.9,116.32;39.92,116.32;39.94,116.28;
#17:
>0:39.97,116.44;39.95,116.41;40.01,116.41;39.92,116.41;39.89,116.35;
#18:
>0:39.96,116.39;39.95,116.4;39.95,116.35;39.95,116.29;
#19:
>0:39.96,116.36;39.94,116.31;39.85,116.34;39.79,116.31;
