#0:
>0:39.81,116.4;39.76,116.39;39.84,116.37;39.83,116.35;39.82,116.29;
#1:
>0:40.06,116.43;40.02,116.42;39.92,116.41;
#2:
>0:39.93,116.33;39.98,116.35;39.95,116.38;40.07,116.4;
#3:
>0:39.81,116.44;39.81,116.41;39.78,116.38;39.79,116.34;
#4:
>0:39.83,116.44;39.79,116.41;
#5:
>0:39.89,116.28;39.97,116.3;40.0,116.33;
#6:
>0:40.07,116.46;40.01,116.42;39.92,116.45;39.9,116.45;
#7:
>0:39.82,116.3;39.88,116.29;39.87,116.31;39.88,116.34;39.82,116.39;39.88,116.45;
#8:
>0:39.8,116.34;39.84,116.39;39.82,116.4;39.79,116.43;
#9:
>0:39.86,116.32;39.9,116.31;39.97,116.34;40.0,116.39;40.07,116.45;
#10:
>0:39.88,116.34;39.9,116.4;39.91,116.4;
#11:
>0:40.01,116.41;39.94,116.43;39.86,116.45;
#12:
>0:39.91,116.31;39.95,116.36;40.04,116.34;
#13:
>0:39.87,116.31;39.92,116.36;40.01,116.41;40.06,116.4;
#14:
>0:39.81,116.34;39.82,116.38;
#15:
>0:39.97,116.29;39.89,116.33;39.85,116.36;39.84,116.37;
#16:
>0:39.94,116.39;39.89,116.41;
#17:
>0:39.83,116.4;39.87,116.39;39.95,116.39;40.01,116.38;
#18:
>0:39.8,116.28;39.86,116.33;39.88,116.37;39.87,116.39;39.91,116.4;
#19:
>0:39.99,116.45;39.98,116.42;39.96,116.44;39.82,116.4;
