#0:
>0:39.85,116.45;39.87,116.44;39.98,116.44;39.95,116.38;39.96,116.33;
#1:
>0:39.91,116.4;39.97,116.35;39.94,116.34;
#2:
>0:39.96,116.31;39.87,116.35;39.83,116.36;39.9,116.4;
#3:
>0:39.83,116.36;39.96,116.41;39.93,116.39;
#4:
>0:39.87,116.43;39.99,116.44;39.97,116.38;39.9,116.35;39.81,116.34;
#5:
>0:39.82,116.35;39.91,116.4;39.97,116.38;40.01,116.41;40.07,116.36;
#6:
>0:40.07,116.34;40.07,116.39;40.0,116.38;39.91,116.44;
#7:
>0:40.02,116.43;39.91,116.39;39.87,116.42;39.8,116.45;
#8:
>0:39.93,116.32;39.9,116.33;39.81,116.35;
#9:
>0:39.94,116.43;39.91,116.37;
#10:
>0:39.85,116.39;39.81,116.36;
#11:
>0:39.96,116.41;39.94,116.39;39.88,116.41;39.77,116.44;
#12:
>0:39.78,116.44;39.86,116.45;
#13:
>0:39.77,116.33;39.85,116.34;39.82,116.36;39.92,116.41;39.84,116.43;
#14:
>0:39.86,116.29;39.92,116.3;39.87,116.31;39.84,116.34;39.94,116.37;39.82,116.44;
#15:
>0:40.06,116.44;39.98,116.42;39.96,116.43;39.91,116.4;39.82,116.45;
#16:
>0:39.76,116.36;39.84,116.34;39.95,116.39;39.93,116.36;40.01,116.37;
#17:
>0:39.85,116.41;39.92,116.39;39.95,116.36;40.02,116.4;40.08,116.32;
#18:
>0:39.96,116.38;39.89,116.36;39.86,116.32;39.85,116.3;
#19:
>0:40.03,116.4;40.02,116.39;39.94,116.37;39.96,116.33;39.98,116.32;
