#0:
>0:39.86,116.36;39.9,116.31;
#1:
>0:39.85,116.31;39.92,116.35;39.99,116.4;40.01,116.37;40.04,116.45;
#2:
>0:39.89,116.39;39.89,116.41;39.98,116.46;
#3:
>0:40.06,116.42;40.06,116.43;
#4:
>0:40.11,116.34;40.01,116.36;39.96,116.3;
#5:
>0:40.04,116.33;40.13,116.36;40.07,116.37;39.98,116.42;
#6:
>0:40.05,116.41;40.03,116.38;39.99,116.44;39.91,116.39;39.84,116.39;
#7:
>0:39.77,116.3;39.86,116.31;39.83,116.3;39.97,116.35;
#8:
>0:40.07,116.38;39.99,116.4;39.98,116.42;39.92,116.42;
#9:
>0:40.03,116.31;40.07,116.32;
#10:
>0:39.86,116.4;39.78,116.37;
#11:
>0:39.83,116.38;39.83,116.41;39.94,116.4;
#12:
>0:40.09,116.32;40.02,116.31;
#13:
>0:40.03,116.33;40.09,116.35;40.04,116.37;40.04,116.4;40.06,116.44;
#14:
>0:40.12,116.36;39.99,116.35;39.92,116.28;39.87,116.29;39.84,116.31;
#15:
>0:39.76,116.28;39.85,116.32;
#16:
>0:40.04,116.3;40.03,116.32;40.0,116.35;39.99,116.41;39.83,116.41;
#17:
>0:39.8,116.38;39.8,116.42;39.89,116.38;
#18:
>0:40.02,116.39;39.87,116.39;39.92,116.38;39.76,116.38;
#19:
>0:40.02,116.35;39.94,116.29;39.87,116.28;39.86,116.3;39.78,116.3;
