#0:
>0:39.79,116.31;39.83,116.35;39.81,116.32;39.9,116.28;40.01,116.31;
#1:
>0:39.81,116.32;39.83,116.31;39.9,116.3;39.97,116.31;39.93,116.36;40.05,116.42;
#2:
>0:39.89,116.34;39.93,116.32;
#3:
>0:39.91,116.42;39.82,116.39;39.78,116.43;
#4:
>0:40.08,116.3;40.07,116.32;39.98,116.36;40.05,116.38;39.94,116.41;
#5:
>0:39.79,116.4;39.83,116.43;39.87,116.45;39.95,116.43;40.01,116.43;
#6:
>0:40.02,116.34;40.07,116.32;
#7:
>0:39.87,116.38;39.97,116.37;39.98,116.38;
#8:
>0:39.9,116.42;39.85,116.37;39.77,116.43;
#9:
>0:40.06,116.32;40.01,116.34;39.98,116.39;40.06,116.37;40.03,116.45;
#10:
>0:40.0,116.39;40.02,116.35;40.08,116.31;39.94,116.29;
#11:
>0:39.97,116.29;40.0,116.32;40.03,116.3;40.01,116.31;39.97,116.36;40.03,116.32;40.01,116.29;
#12:
>0:39.95,116.36;39.88,116.34;39.84,116.36;
#13:
>0:39.84,116.29;39.88,116.31;39.93,116.31;39.96,116.35;40.03,116.39;40.04,116.44;
#14:
>0:39.86,116.39;39.88,116.4;39.94,116.38;40.02,116.41;
#15:
>0:39.99,116.36;40.02,116.33;39.98,116.34;40.01,116.38;40.03,116.39;40.0,116.35;39.98,116.31;40.0,116.36;40.0,116.32;40.05,116.28;39.97,116.28;39.95,116.29;39.96,116.33;40.01,116.36;
#16:
>0:39.85,116.3;39.9,116.3;39.94,116.28;
#17:
>0:40.07,116.33;40.0,116.35;40.02,116.38;40.05,116.38;40.05,116.45;
#18:
>0:39.87,116.34;39.84,116.31;39.78,116.3;
#19:
>0:39.78,116.39;39.78,116.36;39.91,116.35;
