#0:
>0:40.12,116.26;40.12,116.28;40.14,116.35;40.16,116.46;40.12,116.49;40.13,116.62;
#1:
>0:40.06,116.46;40.05,116.53;40.02,116.55;39.85,116.49;
#2:
>0:40.16,116.5;40.05,116.43;40.08,116.48;40.12,116.42;40.15,116.35;40.12,116.34;40.13,116.21;40.04,116.31;40.06,116.35;40.02,116.28;40.04,116.39;40.01,116.28;40.05,116.35;40.07,116.31;40.1,116.36;40.02,116.29;40.04,116.29;40.03,116.32;40.01,116.37;40.0,116.28;39.96,116.34;39.92,116.32;39.85,116.3;39.9,116.25;39.8,116.34;39.88,116.24;39.94,116.29;39.84,116.34;39.87,116.22;39.81,116.33;39.85,116.26;39.88,116.33;39.86,116.23;39.92,116.27;40.02,116.26;39.93,116.26;40.02,116.27;39.95,116.23;40.01,116.23;39.94,116.27;39.97,116.28;39.92,116.39;40.03,116.41;39.94,116.46;39.89,116.5;39.88,116.42;39.94,116.41;40.01,116.33;40.0,116.37;40.01,116.38;
#3:
>0:39.87,116.25;39.92,116.3;39.96,116.39;39.88,116.47;39.9,116.54;
#4:
>0:40.06,116.56;40.04,116.55;39.95,116.42;
#5:
>0:39.86,116.3;39.96,116.38;40.02,116.45;40.08,116.51;40.11,116.52;
#6:
>0:39.94,116.48;39.89,116.52;
#7:
>0:40.15,116.57;40.07,116.55;39.99,116.42;39.95,116.4;39.85,116.34;39.82,116.27;
#8:
>0:39.79,116.22;39.85,116.26;39.93,116.22;40.01,116.29;
#9:
>0:39.9,116.57;39.95,116.53;40.01,116.45;40.06,116.4;40.12,116.4;
#10:
>0:39.78,116.57;39.86,116.6;
#11:
>0:39.91,116.39;39.9,116.32;39.83,116.3;
#12:
>0:40.02,116.3;40.09,116.36;40.05,116.42;40.09,116.52;40.06,116.62;
#13:
>0:40.16,116.28;40.15,116.22;40.0,116.3;
#14:
>0:39.89,116.22;39.91,116.28;40.01,116.38;40.07,116.35;40.11,116.36;
#15:
>0:40.05,116.52;40.16,116.43;40.05,116.4;40.09,116.27;
#16:
>0:40.12,116.36;40.05,116.44;40.09,116.5;39.98,116.56;
#17:
>0:40.07,116.44;40.09,116.43;
#18:
>0:39.91,116.55;39.96,116.45;39.87,116.37;39.9,116.34;39.88,116.24;
#19:
>0:40.03,116.45;40.13,116.39;
#20:
>0:40.16,116.22;40.09,116.33;40.02,116.35;40.03,116.48;39.85,116.37;
