#0:
>0:40.02,116.42;40.0,116.48;39.88,116.54;
#1:
>0:40.05,116.34;40.14,116.38;40.06,116.35;40.0,116.51;
#2:
>0:39.87,116.34;39.97,116.4;
#3:
>0:40.05,116.21;40.09,116.21;
#4:
>0:40.14,116.47;40.03,116.38;39.98,116.3;
#5:
>0:39.96,116.56;39.91,116.48;40.0,116.5;39.91,116.43;39.79,116.3;
#6:
>0:39.88,116.52;39.9,116.61;39.99,116.48;
#7:
>0:39.94,116.49;40.01,116.48;40.06,116.39;
#8:
>0:39.91,116.49;40.02,116.44;40.08,116.35;
#9:
>0:40.03,116.34;39.92,116.32;
#10:
>0:39.85,116.62;39.92,116.59;39.91,116.51;40.03,116.55;40.11,116.6;
#11:
>0:40.13,116.6;40.09,116.49;39.98,116.45;40.05,116.38;40.13,116.29;40.03,116.25;
#12:
>0:39.83,116.58;39.88,116.48;39.88,116.55;39.94,116.58;39.98,116.52;40.11,116.61;
#13:
>0:39.77,116.46;39.87,116.38;39.94,116.46;39.96,116.41;39.98,116.35;40.15,116.38;
#14:
>0:39.94,116.27;39.97,116.3;40.04,116.39;40.1,116.26;
#15:
>0:39.96,116.52;39.89,116.58;
#16:
>0:39.98,116.53;39.95,116.45;39.89,116.35;39.83,116.28;39.88,116.26;
#17:
>0:39.88,116.37;39.95,116.38;
#18:
>0:39.9,116.42;39.91,116.41;39.92,116.46;40.07,116.62;
#19:
>0:39.93,116.41;39.91,116.4;39.83,116.47;
#20:
>0:39.97,116.41;40.03,116.54;40.11,116.61;
