#0:
>0:39.83,116.29;39.89,116.36;39.93,116.46;39.96,116.52;40.07,116.5;
#1:
>0:40.02,116.37;40.02,116.32;
#2:
>0:39.91,116.55;39.88,116.53;39.87,116.46;
#3:
>0:40.08,116.28;40.03,116.33;39.98,116.39;39.86,116.41;
#4:
>0:39.83,116.36;39.88,116.38;39.82,116.22;
#5:
>0:40.07,116.42;40.04,116.52;40.09,116.59;
#6:
>0:39.92,116.32;39.94,116.25;
#7:
>0:40.05,116.23;40.04,116.32;40.03,116.4;
#8:
>0:40.11,116.52;40.07,116.62;40.06,116.49;40.09,116.58;40.05,116.51;40.07,116.59;40.1,116.52;40.02,116.45;40.0,116.38;
#9:
>0:40.07,116.62;40.07,116.51;40.09,116.47;40.09,116.4;
#10:
>0:39.83,116.37;39.87,116.45;39.92,116.49;
#11:
>0:40.15,116.24;40.08,116.3;40.0,116.28;40.0,116.4;40.07,116.46;40.07,116.62;
#12:
>0:40.12,116.46;40.08,116.45;39.97,116.36;39.94,116.46;39.86,116.54;39.79,116.57;
#13:
>0:39.97,116.26;39.84,116.25;39.79,116.32;39.83,116.46;
#14:
>0:40.0,116.39;39.99,116.32;
#15:
>0:40.04,116.6;40.07,116.49;40.08,116.44;40.06,116.4;
#16:
>0:40.05,116.57;40.1,116.49;
#17:
>0:40.15,116.61;40.16,116.54;40.13,116.46;
#18:
>0:39.78,116.27;39.8,116.27;39.87,116.35;39.94,116.47;39.99,116.44;40.15,116.48;
#19:
>0:39.91,116.41;39.88,116.41;
#20:
>0:39.97,116.35;40.03,116.33;40.16,116.23;
