#0:
>0:39.91,116.58;39.99,116.6;40.1,116.57;40.1,116.47;
#1:
>0:40.12,116.58;40.04,116.48;39.97,116.62;39.93,116.48;39.97,116.46;39.81,116.4;
#2:
>0:39.95,116.37;39.85,116.47;39.86,116.49;
#3:
>0:39.96,116.54;40.02,116.45;
#4:
>0:40.16,116.32;40.05,116.37;40.06,116.32;39.94,116.22;
#5:
>0:39.97,116.49;39.99,116.41;
#6:
>0:40.15,116.59;40.07,116.51;40.0,116.61;39.96,116.49;39.96,116.44;39.8,116.36;
#7:
>0:40.06,116.26;40.05,116.28;
#8:
>0:40.0,116.32;40.03,116.4;40.07,116.29;39.99,116.29;40.01,116.34;40.09,116.28;40.0,116.32;39.98,116.41;40.01,116.35;40.1,116.32;39.98,116.29;39.97,116.3;40.0,116.21;39.98,116.33;39.96,116.33;40.03,116.33;39.95,116.33;39.97,116.22;39.97,116.36;
#9:
>0:40.07,116.43;39.97,116.46;40.04,116.28;
#10:
>0:39.89,116.21;39.93,116.29;39.95,116.37;
#11:
>0:40.07,116.57;40.16,116.52;40.04,116.45;
#12:
>0:40.09,116.28;40.1,116.39;40.08,116.45;40.16,116.52;40.13,116.61;
#13:
>0:40.09,116.25;40.15,116.33;40.03,116.35;40.08,116.45;40.04,116.54;40.16,116.6;
#14:
>0:40.13,116.54;40.15,116.43;40.08,116.5;40.03,116.6;39.92,116.52;39.82,116.61;
#15:
>0:40.12,116.61;40.04,116.54;40.0,116.44;39.92,116.43;
#16:
>0:39.94,116.51;39.96,116.48;39.99,116.5;40.13,116.59;
#17:
>0:39.86,116.39;39.92,116.31;39.94,116.24;
#18:
>0:39.98,116.39;39.94,116.47;39.92,116.54;40.03,116.59;
#19:
>0:40.08,116.25;39.99,116.28;39.91,116.39;40.0,116.44;
#20:
>0:40.11,116.5;40.05,116.49;40.02,116.61;39.96,116.52;39.86,116.36;
