#0:
>0:39.86,116.24;39.93,116.3;39.99,116.4;40.09,116.32;40.16,116.28;
#1:
>0:39.84,116.47;39.88,116.52;39.92,116.48;39.97,116.42;39.98,116.39;40.14,116.23;
#2:
>0:39.87,116.42;39.84,116.41;
#3:
>0:39.93,116.4;39.99,116.37;40.03,116.3;40.05,116.27;39.98,116.29;40.08,116.21;40.02,116.32;39.99,116.37;40.0,116.32;40.01,116.32;
#4:
>0:39.83,116.53;39.86,116.53;39.97,116.6;
#5:
>0:40.14,116.39;40.05,116.42;39.99,116.51;
#6:
>0:39.88,116.34;39.96,116.45;39.92,116.55;40.08,116.59;
#7:
>0:39.95,116.53;40.0,116.47;40.0,116.37;39.98,116.28;39.9,116.27;
#8:
>0:40.1,116.59;40.1,116.52;40.04,116.48;39.98,116.44;39.92,116.43;39.8,116.53;
#9:
>0:40.09,116.33;39.99,116.32;39.93,116.31;
#10:
>0:40.15,116.5;40.09,116.45;40.0,116.45;39.93,116.44;
#11:
>0:39.9,116.41;39.93,116.41;40.02,116.41;40.05,116.43;40.13,116.31;
#12:
>0:40.02,116.39;40.0,116.29;
#13:
>0:40.11,116.31;40.14,116.35;40.03,116.37;
#14:
>0:39.97,116.31;40.01,116.36;39.97,116.33;39.96,116.3;39.92,116.23;39.86,116.23;39.81,116.31;39.79,116.36;39.85,116.32;39.84,116.39;39.88,116.29;39.84,116.39;39.84,116.29;39.78,116.36;39.85,116.34;39.8,116.4;39.83,116.3;39.87,116.29;39.88,116.39;39.92,116.42;40.03,116.35;
#15:
>0:39.9,116.41;39.91,116.34;40.01,116.29;
#16:
>0:39.91,116.38;39.99,116.3;39.85,116.21;
#17:
>0:39.86,116.51;39.93,116.47;40.03,116.47;
#18:
>0:40.16,116.61;40.14,116.5;40.05,116.45;39.97,116.48;39.92,116.42;39.78,116.47;
#19:
>0:40.11,116.28;40.08,116.37;
#20:
>0:39.86,116.34;39.95,116.29;40.01,116.28;
