#0:
>0:36.4,114.04;37.11,114.97;32.47,114.4;30.66,114.83;23.53,115.77;
#1:
>0:38.12,114.69;37.7,115.05;
#2:
>0:31.06,114.2;26.05,114.76;
#3:
>0:34.96,114.44;34.38,114.8;34.19,114.19;26.76,114.7;
#4:
>0:24.64,115.78;24.27,115.46;
#5:
>0:24.12,115.78;23.82,115.54;23.66,114.79;
#6:
>0:28.44,114.63;26.89,115.31;23.21,115.48;
#7:
>0:25.07,114.62;27.22,115.21;29.28,115.93;25.5,116.6;25.02,116.81;
#8:
>0:27.38,116.05;27.04,116.15;
#9:
>0:33.8,115.27;34.0,114.96;30.7,115.54;23.67,115.0;
#10:
>0:29.35,115.24;34.21,114.85;34.68,114.54;
#11:
>0:35.6,114.51;35.97,114.77;35.37,115.45;35.14,115.88;42.29,116.82;34.6,116.95;
#12:
>0:23.7,114.05;28.16,114.71;24.04,114.6;23.53,115.65;
#13:
>0:25.91,116.43;30.86,116.99;32.24,117.01;35.97,116.83;
#14:
>0:40.71,116.5;39.52,115.72;34.84,115.1;38.36,114.89;
#15:
>0:40.16,117.16;34.64,116.84;35.51,116.2;36.91,115.36;
#16:
>0:31.78,115.38;35.44,115.54;34.0,116.34;
#17:
>0:37.64,114.65;36.75,115.07;
#18:
>0:28.51,114.45;32.22,114.3;35.39,114.33;38.69,115.6;
#19:
>0:27.33,114.86;25.25,114.85;26.75,115.27;29.81,115.97;29.28,116.93;
#20:
>0:27.79,115.95;28.59,115.51;32.52,115.58;
#21:
>0:24.9,116.11;22.69,115.14;
#22:
>0:23.54,114.91;28.16,114.2;31.25,114.45;
#23:
>0:26.91,115.41;26.89,114.57;
#24:
>0:35.67,115.32;34.98,115.96;34.06,116.36;
#25:
>0:36.39,115.69;32.73,115.52;
#26:
>0:31.86,115.92;34.78,115.86;35.83,115.27;32.2,114.49;
#27:
>0:33.74,116.71;33.8,116.61;32.58,115.66;31.15,115.66;24.46,114.89;
#28:
>0:31.9,116.56;28.68,115.98;30.87,115.38;
#29:
>0:32.88,114.34;28.63,114.93;25.78,115.12;24.81,115.51;
#30:
>0:27.02,115.0;22.67,114.78;27.91,115.38;29.72,115.99;31.09,116.78;
#31:
>0:36.84,115.68;37.23,115.61;38.07,114.59;
#32:
>0:36.75,116.99;31.62,116.31;32.33,115.67;25.49,115.97;
#33:
>0:27.9,115.75;29.36,115.32;32.32,115.03;37.05,114.46;
#34:
>0:35.45,115.59;34.54,114.72;35.95,114.09;
#35:
>0:22.69,114.25;27.46,114.99;28.35,115.11;32.46,116.14;34.37,115.77;39.97,115.96;
#36:
>0:32.56,116.2;32.53,116.11;30.24,116.01;23.01,117.16;
#37:
>0:27.97,115.67;26.87,115.94;
#38:
>0:24.06,116.95;26.98,116.21;30.39,115.64;32.14,115.09;31.75,114.88;38.43,114.34;
#39:
>0:28.41,117.21;31.75,116.68;34.39,115.67;33.07,115.36;31.48,114.62;37.25,114.04;
#40:
>0:40.97,117.05;42.43,116.3;39.72,116.12;39.89,115.6;
#41:
>0:32.06,116.57;36.63,116.99;39.04,116.99;
#42:
>0:39.82,114.88;39.46,115.19;35.96,114.98;32.54,114.14;27.4,114.52;
#43:
>0:34.28,116.99;31.99,116.26;32.3,116.15;27.36,115.68;
#44:
>0:26.63,115.16;30.25,116.05;32.24,116.56;31.94,115.79;41.1,116.31;
#45:
>0:37.86,116.09;35.35,116.56;
#46:
>0:22.97,114.73;27.89,115.47;28.85,115.62;23.04,116.27;
#47:
>0:24.61,115.66;23.63,115.53;24.22,114.78;
#48:
>0:36.73,115.55;37.55,115.68;
#49:
>0:28.21,114.5;29.3,114.98;29.98,115.54;
#50:
>0:34.97,114.24;40.06,114.91;38.88,115.52;39.97,115.7;
#51:
>0:33.87,115.56;29.63,114.71;27.66,114.22;
#52:
>0:25.39,116.37;30.06,115.67;33.98,115.16;36.02,115.23;37.66,115.44;
#53:
>0:41.26,116.58;42.24,116.8;
#54:
>0:24.57,114.36;25.98,114.96;29.14,114.39;33.69,114.4;
#55:
>0:23.81,114.01;26.93,114.91;31.2,114.44;34.07,114.88;35.74,114.86;
#56:
>0:24.08,115.81;25.14,115.59;
#57:
>0:37.3,114.44;35.83,114.93;32.25,115.47;33.95,114.75;29.41,115.25;23.59,116.1;
#58:
>0:29.12,116.06;26.17,116.71;24.3,117.21;
#59:
>0:29.34,116.64;31.44,115.9;34.41,115.94;37.21,114.81;
#60:
>0:39.99,116.47;36.08,115.7;31.95,115.22;31.14,114.86;25.5,114.36;24.79,114.15;
#61:
>0:30.17,114.67;31.36,115.33;34.17,114.74;38.84,114.62;
#62:
>0:37.4,114.02;34.67,114.57;38.23,115.36;36.72,115.2;33.47,116.52;
#63:
>0:38.82,115.94;35.46,116.61;
#64:
>0:32.01,116.09;30.68,116.03;26.92,115.51;27.59,114.27;
#65:
>0:36.56,114.18;34.54,115.06;33.07,114.29;30.62,114.09;24.89,114.24;
#66:
>0:36.4,114.67;32.5,115.14;32.12,114.82;28.51,115.18;23.04,116.11;
#67:
>0:35.48,114.01;39.16,114.68;32.55,115.31;
#68:
>0:34.74,114.34;37.57,114.19;
#69:
>0:36.4,116.75;32.48,116.72;
#70:
>0:28.78,115.8;28.1,115.62;26.3,114.61;26.57,114.16;
#71:
>0:28.9,114.24;29.38,115.06;
#72:
>0:37.72,116.03;34.82,116.21;34.97,117.1;
#73:
>0:26.87,114.36;30.64,114.54;32.12,115.2;35.13,115.56;35.48,116.62;
#74:
>0:25.59,116.67;28.64,116.01;33.43,115.54;31.99,114.79;37.68,114.9;
