#0:
>0:29.8,115.88;30.45,116.05;
#1:
>0:36.1,113.57;39.25,114.73;39.18,115.22;
#2:
>0:35.23,114.79;32.5,114.58;
#3:
>0:32.28,112.74;29.15,113.73;33.6,114.68;
#4:
>0:29.28,113.73;31.26,114.56;33.93,114.91;
#5:
>0:31.54,115.71;34.29,114.92;29.13,114.58;
#6:
>0:39.12,115.73;36.54,115.07;34.18,114.88;31.21,114.86;29.81,115.29;
#7:
>0:26.85,113.36;29.81,114.04;31.54,112.78;
#8:
>0:32.86,112.3;30.74,113.05;32.41,113.66;30.18,114.12;27.02,114.46;28.64,115.92;
#9:
>0:38.66,112.79;35.96,113.82;
#10:
>0:37.08,111.96;34.24,112.55;31.57,112.82;29.18,112.9;26.64,112.91;
#11:
>0:36.72,114.81;33.32,114.39;32.02,114.72;
#12:
>0:34.74,114.42;31.39,113.86;32.12,112.41;
