#0:
>0:29.16,113.32;32.54,113.95;35.72,114.58;31.4,114.85;
#1:
>0:34.83,113.63;38.43,114.6;39.9,115.09;38.56,116.2;
#2:
>0:36.1,112.63;33.95,112.78;32.43,113.82;31.09,112.45;26.5,111.97;
#3:
>0:30.32,112.02;33.06,111.66;34.46,111.99;
#4:
>0:27.49,114.65;30.61,113.93;31.93,113.64;33.83,114.29;36.34,114.84;
#5:
>0:34.88,113.9;34.61,112.57;32.77,112.8;28.55,113.78;
#6:
>0:37.86,112.29;36.28,112.67;34.32,113.05;
#7:
>0:33.03,112.07;30.26,113.67;27.1,112.98;
#8:
>0:27.64,112.95;29.65,113.69;30.47,114.65;29.89,114.96;33.29,115.76;
#9:
>0:35.99,112.1;34.25,112.69;31.29,114.39;
#10:
>0:28.14,115.25;27.06,114.41;28.53,113.62;27.04,112.87;
#11:
>0:29.86,111.66;31.64,112.35;35.41,112.15;34.71,112.69;39.5,112.3;
#12:
>0:39.41,112.77;39.82,113.72;
