#0:
>0:34.68,115.09;37.29,114.77;39.89,113.34;
#1:
>0:36.04,115.76;34.99,116.12;32.33,116.34;
#2:
>0:37.86,115.49;41.08,116.19;
#3:
>0:39.56,114.58;37.75,114.28;34.07,114.74;
#4:
>0:33.25,115.43;32.98,114.01;32.63,115.03;29.25,113.01;
#5:
>0:27.38,115.06;27.62,115.27;
#6:
>0:38.65,114.76;35.56,113.76;34.49,113.71;
#7:
>0:38.2,114.11;35.52,113.52;35.15,114.22;33.16,114.14;28.8,115.41;26.89,115.19;
#8:
>0:39.55,114.64;36.61,113.51;35.6,114.2;
#9:
>0:29.65,111.88;33.15,111.88;34.35,112.89;36.49,113.89;37.2,114.83;
#10:
>0:37.14,111.61;35.32,112.45;33.0,113.02;
#11:
>0:41.01,115.78;37.45,115.02;35.12,113.38;32.27,113.9;29.35,113.87;
#12:
>0:31.29,112.51;34.01,114.09;
