#0:
>0:36.45,114.49;37.01,113.67;34.54,114.29;31.02,114.2;26.92,116.33;
#1:
>0:36.21,115.48;39.97,114.89;38.69,113.81;
#2:
>0:36.27,114.01;38.48,115.52;
#3:
>0:39.84,112.11;37.17,112.75;36.69,112.33;34.09,111.98;32.36,113.07;26.93,113.97;
#4:
>0:30.84,111.69;31.0,112.72;28.69,113.88;28.16,113.99;30.88,114.53;26.56,116.07;
#5:
>0:35.81,113.04;35.86,113.24;
#6:
>0:38.29,113.76;35.93,113.71;39.08,112.13;
#7:
>0:39.06,112.44;39.24,113.32;34.54,113.61;
#8:
>0:34.61,112.69;37.42,113.4;34.69,114.16;33.91,115.45;
#9:
>0:27.3,112.62;30.32,112.37;
#10:
>0:34.12,116.12;32.55,115.67;29.71,115.8;27.61,116.4;
#11:
>0:36.8,113.9;35.06,114.15;31.87,115.09;30.99,116.0;
#12:
>0:34.28,111.84;35.99,112.68;39.83,112.9;
