#0:
>0:36.81,113.71;33.26,114.69;32.13,114.92;30.98,116.01;
#1:
>0:38.64,111.9;39.55,113.18;36.38,112.95;36.97,113.74;32.45,113.94;27.19,115.34;
#2:
>0:39.99,115.98;40.21,116.62;
#3:
>0:35.63,115.03;34.51,116.36;32.83,114.84;32.47,114.02;27.62,115.33;
#4:
>0:34.83,112.51;37.28,112.81;39.29,113.01;
#5:
>0:34.5,113.03;32.64,113.13;
#6:
>0:40.24,115.02;36.24,116.07;34.85,115.77;32.95,116.26;28.75,116.07;
#7:
>0:31.66,113.18;32.04,112.7;
#8:
>0:36.38,115.32;36.26,116.15;
#9:
>0:33.05,115.11;31.5,115.37;
#10:
>0:32.2,112.04;29.9,112.89;30.11,113.77;28.99,114.35;
#11:
>0:39.96,115.43;38.46,114.59;
#12:
>0:36.46,115.0;35.17,116.24;31.95,115.55;31.8,114.11;26.41,116.2;
