#0:
>0:39.9,116.42;39.94,116.47;39.93,116.45;39.95,116.41;39.99,116.38;
#1:
>0:40.03,116.37;40.0,116.44;39.97,116.44;39.98,116.45;39.92,116.46;
#2:
>0:39.9,116.46;39.94,116.45;39.95,116.4;39.95,116.4;39.97,116.33;40.03,116.35;
#3:
>0:39.92,116.54;39.91,116.5;39.9,116.48;
#4:
>0:40.01,116.35;40.01,116.38;39.97,116.44;39.97,116.47;39.93,116.44;39.91,116.47;
#5:
>0:39.92,116.34;39.93,116.4;39.91,116.45;39.9,116.48;39.91,116.49;
#6:
>0:40.01,116.47;40.0,116.46;39.98,116.38;39.95,116.36;39.94,116.33;
#7:
>0:40.02,116.42;40.01,116.4;
#8:
>0:39.93,116.46;39.95,116.47;39.96,116.42;39.96,116.35;
#9:
>0:39.95,116.55;39.98,116.5;40.0,116.47;40.01,116.42;
#10:
>0:39.94,116.54;39.9,116.55;39.93,116.5;39.94,116.45;39.94,116.39;
#11:
>0:39.95,116.4;39.99,116.45;39.99,116.47;
#12:
>0:40.02,116.47;40.0,116.46;39.97,116.45;39.97,116.44;39.93,116.47;39.9,116.45;
#13:
>0:39.91,116.52;39.93,116.52;39.96,116.49;39.98,116.54;40.01,116.5;
#14:
>0:39.97,116.53;39.98,116.54;
#15:
>0:40.03,116.42;40.0,116.39;39.98,116.37;
#16:
>0:39.92,116.44;39.94,116.46;39.97,116.45;39.98,116.47;40.0,116.46;
