#0:
>0:39.95,116.33;39.91,116.32;39.91,116.34;39.95,116.35;39.94,116.39;
#1:
>0:39.92,116.39;39.95,116.39;39.95,116.36;39.98,116.38;39.99,116.37;40.07,116.36;
#2:
>0:39.97,116.39;39.99,116.36;39.93,116.37;
#3:
>0:40.05,116.4;40.08,116.38;40.03,116.41;40.0,116.4;39.94,116.43;
#4:
>0:39.97,116.41;39.97,116.42;
#5:
>0:40.07,116.34;40.06,116.32;40.02,116.32;39.99,116.32;
#6:
>0:40.02,116.41;40.0,116.41;
#7:
>0:40.05,116.32;40.02,116.31;40.03,116.35;40.07,116.32;40.01,116.33;
#8:
>0:40.05,116.43;40.03,116.41;40.01,116.41;39.94,116.43;
#9:
>0:39.93,116.37;39.93,116.4;
#10:
>0:40.0,116.32;39.99,116.33;39.94,116.33;39.93,116.32;
#11:
>0:40.02,116.36;40.01,116.33;
#12:
>0:40.04,116.41;40.02,116.39;39.98,116.39;39.95,116.39;
#13:
>0:40.0,116.33;39.97,116.32;39.96,116.34;39.94,116.36;40.01,116.41;
#14:
>0:39.97,116.41;40.0,116.41;40.02,116.38;40.04,116.35;
#15:
>0:40.05,116.38;40.04,116.37;
#16:
>0:39.98,116.38;39.99,116.38;
#17:
>0:40.04,116.36;39.99,116.34;
