#0:
>0:39.92,116.31;39.96,116.36;40.0,116.37;40.0,116.38;
#1:
>0:39.91,116.43;39.94,116.4;39.97,116.38;
#2:
>0:39.97,116.38;39.94,116.37;39.91,116.37;
#3:
>0:39.98,116.43;39.97,116.4;39.98,116.39;
#4:
>0:39.95,116.36;39.97,116.34;40.0,116.38;39.99,116.36;40.07,116.38;
#5:
>0:40.01,116.39;40.0,116.36;39.99,116.35;
#6:
>0:39.96,116.36;39.97,116.38;
#7:
>0:39.97,116.38;40.0,116.37;40.03,116.4;
#8:
>0:40.04,116.41;40.0,116.38;39.99,116.38;39.98,116.34;39.92,116.32;
#9:
>0:40.05,116.31;40.02,116.35;40.0,116.36;
#10:
>0:40.03,116.4;40.07,116.41;
#11:
>0:40.06,116.35;40.06,116.33;40.02,116.32;
#12:
>0:40.03,116.41;40.03,116.41;
#13:
>0:39.97,116.35;39.94,116.33;
#14:
>0:39.91,116.32;39.95,116.35;39.98,116.38;40.01,116.39;
#15:
>0:40.03,116.32;40.04,116.35;
#16:
>0:39.97,116.41;39.99,116.41;39.97,116.37;
#17:
>0:40.04,116.42;40.0,116.41;39.97,116.38;40.02,116.35;39.98,116.35;39.92,116.32;
