#0:
>0:39.96,116.41;39.98,116.39;40.01,116.36;40.01,116.35;40.05,116.35;
#1:
>0:40.03,116.35;40.0,116.35;39.98,116.36;39.98,116.38;40.0,116.42;
#2:
>0:39.96,116.42;39.98,116.42;40.01,116.4;39.99,116.36;
#3:
>0:40.01,116.4;40.04,116.43;40.05,116.42;
#4:
>0:40.05,116.34;40.05,116.35;40.02,116.38;39.98,116.38;39.98,116.4;39.93,116.43;
#5:
>0:39.99,116.39;39.94,116.36;39.99,116.34;39.92,116.32;
#6:
>0:39.94,116.42;39.93,116.41;39.93,116.38;
#7:
>0:39.91,116.37;39.94,116.38;39.99,116.39;39.98,116.37;40.03,116.38;
#8:
>0:39.96,116.4;39.99,116.4;
#9:
>0:40.0,116.33;40.02,116.35;40.02,116.38;39.98,116.4;
#10:
>0:39.98,116.32;39.99,116.32;40.03,116.32;
#11:
>0:39.91,116.38;39.95,116.37;39.99,116.35;39.99,116.32;40.0,116.33;40.07,116.35;
#12:
>0:39.97,116.32;39.96,116.34;39.98,116.37;39.94,116.39;39.93,116.38;39.93,116.44;
#13:
>0:39.97,116.33;39.97,116.31;
#14:
>0:40.0,116.35;39.98,116.35;39.95,116.37;39.93,116.38;39.94,116.43;
#15:
>0:39.95,116.42;39.93,116.39;39.93,116.39;39.92,116.36;39.92,116.35;39.93,116.31;
#16:
>0:39.99,116.31;39.97,116.32;
#17:
>0:40.02,116.34;40.02,116.34;39.98,116.36;39.96,116.38;40.02,116.43;
