#0:
>0:40.04,116.35;40.07,116.36;40.08,116.38;40.08,116.41;40.05,116.41;
#1:
>0:40.05,116.34;40.01,116.37;39.97,116.34;39.95,116.38;
#2:
>0:39.96,116.32;39.97,116.34;39.99,116.36;
#3:
>0:40.0,116.38;39.99,116.4;39.95,116.41;
#4:
>0:39.99,116.34;39.94,116.35;39.97,116.39;39.96,116.38;40.0,116.43;
#5:
>0:39.96,116.43;39.95,116.4;
#6:
>0:39.96,116.37;39.91,116.33;
#7:
>0:39.99,116.39;40.01,116.38;40.04,116.39;40.07,116.4;
#8:
>0:39.99,116.37;40.02,116.38;40.05,116.39;40.08,116.36;
#9:
>0:39.96,116.43;39.98,116.41;40.0,116.41;39.99,116.38;40.0,116.33;
#10:
>0:40.02,116.37;40.01,116.36;39.96,116.36;39.95,116.32;
#11:
>0:40.09,116.33;40.04,116.33;40.0,116.35;39.99,116.33;39.99,116.37;39.92,116.32;
#12:
>0:40.04,116.38;40.04,116.37;39.99,116.34;
#13:
>0:40.04,116.32;40.0,116.35;39.98,116.33;
#14:
>0:39.97,116.35;39.95,116.36;
#15:
>0:40.01,116.37;40.03,116.35;
#16:
>0:40.04,116.35;39.99,116.37;39.97,116.39;39.96,116.38;39.98,116.43;
#17:
>0:40.02,116.41;40.02,116.4;39.98,116.39;39.96,116.39;39.94,116.35;
