#0:
>0:40.24,116.69;39.56,115.26;39.49,116.35;38.29,116.97;35.9,115.0;
#1:
>0:34.86,109.91;35.2,111.6;35.86,111.7;37.0,111.38;37.83,111.03;40.14,110.81;
#2:
>0:34.36,110.55;34.89,112.41;35.46,114.13;35.19,114.66;
#3:
>0:39.09,114.93;38.37,113.53;37.05,112.86;
#4:
>0:36.32,117.13;36.9,115.05;
#5:
>0:34.83,113.31;35.23,115.12;36.31,116.54;36.59,115.96;38.21,115.57;40.27,116.7;
#6:
>0:38.79,116.69;39.88,114.54;40.13,113.6;40.48,112.21;40.07,110.93;40.49,110.14;
#7:
>0:40.5,112.57;39.37,111.72;40.05,114.51;
#8:
>0:36.61,114.01;35.61,114.34;
#9:
>0:37.33,112.89;36.75,114.45;37.38,115.14;
#10:
>0:38.69,116.73;38.58,115.41;39.9,113.35;40.4,112.53;38.91,110.78;36.7,109.16;
#11:
>0:38.92,116.43;38.36,116.64;37.18,115.94;35.86,115.67;34.39,112.4;
#12:
>0:38.97,111.12;39.69,112.8;39.57,112.8;37.38,114.65;
#13:
>0:39.64,114.73;38.68,113.66;
#14:
>0:37.83,114.83;38.81,113.87;
#15:
>0:37.3,109.46;35.81,111.25;34.56,111.92;35.41,114.42;35.15,115.38;37.15,116.47;
#16:
>0:40.65,114.24;39.76,111.94;40.15,110.36;40.24,109.74;
#17:
>0:34.73,116.43;35.73,115.59;36.51,115.22;35.97,114.29;34.5,112.98;36.11,109.23;
#18:
>0:38.96,111.08;39.0,112.33;38.17,113.66;36.71,114.87;35.16,115.26;
