#0:
>0:38.53,110.49;39.38,112.94;39.13,113.71;39.3,115.78;
#1:
>0:36.79,115.07;35.86,114.92;
#2:
>0:40.2,115.49;39.36,114.38;38.99,112.43;
#3:
>0:38.56,109.61;38.74,111.52;37.46,112.92;36.99,114.27;37.81,114.76;37.1,116.86;
#4:
>0:35.87,112.69;37.14,113.07;36.75,109.95;
#5:
>0:39.5,115.95;37.94,114.51;37.95,114.06;
#6:
>0:40.58,113.03;38.84,111.49;
#7:
>0:35.02,112.29;34.27,111.07;35.47,111.18;36.5,111.78;38.54,112.84;
#8:
>0:36.09,112.08;36.39,113.95;38.44,115.56;38.81,115.88;40.3,114.61;
#9:
>0:38.0,110.23;37.44,109.62;38.02,111.39;37.83,111.81;37.18,113.39;39.37,116.46;
#10:
>0:39.77,112.14;38.57,112.72;38.61,113.4;36.91,115.12;
#11:
>0:38.82,112.67;39.29,111.52;38.47,111.69;35.51,112.52;
#12:
>0:38.75,109.78;38.39,109.47;38.36,110.73;36.99,110.11;34.95,111.03;
#13:
>0:36.65,110.18;38.43,109.68;37.78,111.76;
#14:
>0:36.2,116.83;35.31,115.59;34.91,115.68;34.64,114.41;35.1,112.6;35.55,108.97;
#15:
>0:39.47,114.99;39.8,114.21;38.56,112.36;39.39,111.13;39.94,110.01;
#16:
>0:39.92,113.14;39.33,112.92;38.0,112.86;37.04,112.69;
#17:
>0:38.35,115.13;38.95,114.28;37.64,113.74;39.42,111.44;
#18:
>0:39.37,114.96;37.93,113.49;
