#0:
>0:39.99,117.14;39.89,115.96;
#1:
>0:36.3,114.07;36.55,114.87;37.58,116.02;39.53,115.6;39.99,114.38;
#2:
>0:40.24,115.55;39.52,114.07;38.49,115.63;36.76,114.4;
#3:
>0:38.39,116.45;36.93,115.57;37.17,114.42;
#4:
>0:35.26,109.25;36.37,109.75;36.75,111.2;38.26,111.73;38.05,113.83;36.64,117.16;
#5:
>0:39.94,116.44;40.32,116.03;
#6:
>0:39.47,109.97;38.52,110.74;36.97,110.51;37.25,113.15;
#7:
>0:39.25,116.95;39.89,114.95;40.26,113.78;39.73,112.27;40.19,110.34;
#8:
>0:35.03,110.43;36.31,110.44;35.56,109.53;37.0,111.59;38.97,112.25;
#9:
>0:40.55,113.81;38.93,111.97;37.8,112.75;36.79,113.63;
#10:
>0:40.26,114.54;38.83,115.58;38.4,115.82;36.9,115.52;35.66,115.53;
#11:
>0:35.67,109.05;36.47,109.89;38.24,111.28;39.5,110.26;
#12:
>0:38.07,115.9;36.74,115.23;36.62,113.33;36.43,112.75;
#13:
>0:38.77,112.43;38.52,114.44;
#14:
>0:34.96,114.29;35.12,113.04;36.32,110.98;
#15:
>0:34.96,117.24;35.58,115.35;36.55,114.47;37.69,113.63;38.73,116.07;
#16:
>0:34.83,112.37;34.52,111.58;35.93,112.41;38.14,113.17;
#17:
>0:35.27,116.59;35.75,115.78;36.6,113.77;38.03,115.49;39.28,117.16;40.03,117.28;
#18:
>0:38.47,113.52;37.05,115.84;35.37,117.06;34.27,116.63;
