#0:
>0:40.48,155.97;41.9,140.68;
#1:
>0:34.1,35.11;33.05,72.21;29.13,119.8;
#2:
>0:37.69,-6.46;40.75,-48.5;45.34,-80.18;
#3:
>0:41.83,121.84;39.93,129.05;
#4:
>0:36.55,-25.6;32.19,19.8;27.66,57.27;28.84,114.57;
#5:
>0:45.32,-119.06;47.14,-94.96;
#6:
>0:42.05,-109.0;44.17,-46.13;41.34,0.75;
#7:
>0:27.43,76.45;29.21,122.98;
#8:
>0:37.25,-84.16;39.83,-51.56;36.5,-32.21;39.33,11.01;
#9:
>0:37.23,-74.48;37.21,-26.17;37.86,-54.26;47.56,21.58;
#10:
>0:42.82,125.29;42.15,127.68;
#11:
>0:46.5,-30.21;41.88,22.7;38.81,67.08;34.05,4.26;
#12:
>0:43.02,118.74;43.13,122.27;
#13:
>0:46.24,-51.25;44.12,-2.17;
#14:
>0:29.43,-20.65;27.1,-70.76;
#15:
>0:41.19,120.16;39.31,66.21;34.4,30.32;34.26,-17.1;
#16:
>0:32.55,56.81;36.09,22.73;38.91,-29.33;41.96,-29.97;
#17:
>0:42.82,152.83;39.96,140.71;
#18:
>0:28.59,104.46;33.05,86.46;36.08,73.25;36.47,117.24;43.81,122.76;
#19:
>0:41.79,144.47;41.06,136.32;
#20:
>0:40.9,-81.05;38.04,-11.67;37.11,35.82;34.7,74.39;
#21:
>0:40.95,149.92;41.04,137.06;
#22:
>0:42.44,65.22;45.05,110.15;
#23:
>0:35.0,-116.81;39.16,-46.8;41.47,-73.58;
#24:
>0:27.82,-106.02;27.64,-66.04;
#25:
>0:34.91,65.35;35.04,85.99;42.96,87.22;
#26:
>0:37.63,39.53;43.4,3.21;44.32,18.19;
#27:
>0:33.71,-81.44;27.55,-116.33;
#28:
>0:42.83,123.17;41.47,123.45;
#29:
>0:44.5,131.82;42.63,75.91;41.17,21.04;39.47,-28.47;35.89,-71.15;31.55,-102.16;
#30:
>0:40.41,138.31;42.26,148.1;
#31:
>0:42.12,82.7;46.9,116.18;
#32:
>0:36.96,120.52;38.38,65.17;43.23,32.97;46.45,-24.16;
#33:
>0:43.16,88.32;39.56,73.58;39.42,17.91;31.67,88.4;
#34:
>0:40.93,61.08;41.98,153.05;34.34,110.39;33.91,99.02;29.43,100.28;
#35:
>0:46.52,-66.88;41.62,-45.89;
#36:
>0:40.33,130.41;41.68,151.6;
#37:
>0:42.07,136.57;42.4,123.09;
#38:
>0:46.75,-3.84;44.17,25.65;38.01,44.68;36.56,64.92;31.35,43.73;
#39:
>0:40.75,-53.16;44.0,-12.12;34.58,15.05;
#40:
>0:47.14,-22.15;42.52,21.78;38.01,63.3;34.4,46.62;31.21,72.72;
#41:
>0:32.67,-64.02;36.85,-103.3;
#42:
>0:45.59,54.41;43.72,38.55;
#43:
>0:40.84,143.59;40.6,130.47;
#44:
>0:34.04,9.23;38.94,-0.95;38.88,-54.94;46.12,-88.11;
#45:
>0:35.86,-96.7;40.37,-90.51;
#46:
>0:42.48,-103.92;39.42,-78.22;39.48,-0.2;36.62,21.59;28.53,-26.06;
#47:
>0:43.65,-4.05;46.15,-18.88;40.03,-84.74;
#48:
>0:43.79,-106.06;40.73,-80.84;42.8,-16.22;43.08,5.57;39.6,44.44;32.22,83.1;
#49:
>0:47.63,-114.81;44.21,-77.75;40.01,-23.9;34.97,-14.04;
#50:
>0:27.49,23.95;29.11,50.93;
#51:
>0:27.35,114.02;33.82,90.71;35.6,45.61;35.47,37.49;31.68,-30.47;31.38,-116.18;
#52:
>0:37.32,-2.57;38.37,-58.18;41.43,-54.7;
#53:
>0:41.17,-42.83;37.95,-28.92;39.7,8.61;34.53,82.47;29.88,44.78;
#54:
>0:40.87,129.59;42.9,135.96;
#55:
>0:31.69,80.89;32.13,13.99;39.67,-12.69;
#56:
>0:34.24,-104.83;37.25,-64.48;
#57:
>0:33.92,-117.52;34.69,-73.19;36.84,-30.62;39.63,-55.95;45.87,36.63;
#58:
>0:36.61,22.66;37.54,17.41;43.59,60.13;44.48,81.6;
#59:
>0:38.07,6.28;41.75,40.18;46.5,31.34;
#60:
>0:34.91,90.7;32.77,58.8;
#61:
>0:40.74,-113.46;37.26,-69.67;30.66,-30.66;
#62:
>0:41.73,66.19;42.57,36.09;43.37,-16.95;
#63:
>0:42.27,153.04;42.36,147.79;
#64:
>0:42.73,-71.24;43.09,-75.72;
#65:
>0:27.22,10.01;29.59,70.3;27.9,90.24;
#66:
>0:45.48,-116.3;43.89,-57.55;38.35,-5.47;34.55,8.25;31.37,55.21;28.08,110.76;
#67:
>0:35.93,105.72;42.47,145.07;39.6,56.06;34.12,35.15;40.32,-75.09;
#68:
>0:35.3,-120.77;40.13,-81.08;42.99,-70.51;
#69:
>0:32.45,-14.79;37.08,34.93;38.13,-34.76;43.86,-5.61;
#70:
>0:32.63,2.43;35.28,33.96;37.9,-33.42;43.32,-69.28;
#71:
>0:41.59,147.88;42.99,145.87;
#72:
>0:34.11,-58.6;32.91,-3.92;
#73:
>0:31.49,-106.36;36.11,-44.37;34.23,-16.82;38.82,-20.0;34.87,71.0;
#74:
>0:35.36,47.34;38.07,78.76;36.32,17.47;35.05,-47.49;
#75:
>0:29.01,-10.87;32.13,26.39;35.95,49.44;40.45,-39.53;
#76:
>0:44.56,-98.9;43.14,-55.89;39.1,-5.51;36.94,34.66;31.93,48.65;28.87,102.2;
#77:
>0:34.69,50.97;39.76,36.17;42.97,-31.63;46.53,-13.34;
#78:
>0:34.56,79.81;37.17,38.9;
#79:
>0:35.64,-5.94;30.68,23.04;28.11,71.21;
#80:
>0:41.7,2.18;41.66,29.99;
#81:
>0:34.1,-34.32;33.62,35.13;28.28,55.79;
#82:
>0:36.82,-39.02;30.62,25.08;28.43,68.48;
#83:
>0:42.01,70.32;46.43,12.97;45.1,-12.1;
#84:
>0:29.86,73.41;31.35,2.27;35.36,27.42;37.33,-61.65;
#85:
>0:31.49,91.38;34.16,63.83;31.7,25.2;
#86:
>0:37.38,-61.72;36.78,-32.39;43.71,-22.24;
#87:
>0:27.75,118.14;33.69,115.33;35.18,58.13;34.22,20.51;38.05,-50.9;
#88:
>0:31.24,-10.89;29.17,3.4;27.89,60.16;
#89:
>0:46.12,3.8;42.01,58.05;41.09,118.08;
#90:
>0:33.91,-21.2;35.23,41.5;37.63,53.57;41.1,151.81;
#91:
>0:39.27,50.96;43.64,58.64;42.3,41.56;38.07,-63.09;
#92:
>0:32.25,113.78;33.99,56.57;38.99,65.57;
#93:
>0:42.14,117.06;41.09,149.55;
#94:
>0:45.65,-121.64;46.08,-89.41;
#95:
>0:41.76,147.13;40.12,153.19;
#96:
>0:41.55,125.69;34.3,63.7;
#97:
>0:41.11,-30.47;45.06,-74.42;
#98:
>0:44.93,-100.36;41.04,-52.01;38.96,-38.28;35.53,-16.49;
#99:
>0:40.91,150.76;40.59,123.71;
#100:
>0:33.53,-102.91;35.87,-69.26;34.32,-39.07;33.8,-39.49;34.11,39.04;42.84,119.47;
#101:
>0:44.1,70.59;44.08,35.3;35.29,31.36;
#102:
>0:45.75,133.81;42.41,55.67;38.73,51.77;
#103:
>0:31.86,-65.34;36.17,-29.54;
#104:
>0:47.7,-79.28;42.65,-17.33;
#105:
>0:34.72,49.76;38.75,71.28;34.63,31.3;39.2,-17.71;34.94,-89.17;
#106:
>0:38.85,-95.83;41.18,-106.21;46.18,-50.59;46.25,-20.72;43.87,80.18;
#107:
>0:42.39,147.62;40.04,142.41;
#108:
>0:42.21,145.06;41.49,135.77;
#109:
>0:42.05,-70.52;43.28,-64.16;
#110:
>0:35.02,-118.22;39.91,-46.93;42.04,-33.39;43.97,27.99;
#111:
>0:46.43,-2.42;41.46,-45.75;39.43,-80.18;34.47,-71.9;
#112:
>0:45.9,53.85;40.89,9.28;37.69,-23.03;40.78,-61.35;37.47,-102.62;
#113:
>0:45.91,6.07;46.72,3.05;
#114:
>0:37.3,53.93;34.68,26.08;39.16,-3.7;35.9,-56.84;41.35,-89.38;
#115:
>0:29.6,95.37;31.2,111.91;36.82,50.94;38.35,35.17;
#116:
>0:41.31,125.21;41.57,116.44;
#117:
>0:45.02,-74.82;45.42,-1.0;42.14,10.13;39.98,57.27;37.07,112.04;29.81,54.6;
#118:
>0:34.24,107.88;39.72,81.85;43.39,40.62;46.28,-30.11;46.55,-59.62;
#119:
>0:44.21,66.25;41.27,35.3;39.15,-23.73;40.67,-60.49;38.67,-104.1;
#120:
>0:39.79,-96.28;43.87,-92.1;45.36,-63.34;45.91,-13.19;43.21,62.24;
#121:
>0:38.0,-36.95;37.67,-44.99;47.32,-22.48;
#122:
>0:33.41,-47.33;35.71,-115.31;
#123:
>0:42.73,148.42;42.28,149.82;
#124:
>0:32.02,-70.39;32.43,-103.09;
#125:
>0:40.14,81.52;37.66,5.94;45.68,135.27;
#126:
>0:43.87,-83.4;37.44,-50.64;40.14,-14.45;34.75,33.79;29.14,-9.37;
#127:
>0:44.15,52.91;45.56,126.53;
#128:
>0:28.91,-43.17;31.92,-18.54;35.74,18.28;
#129:
>0:41.89,56.72;40.88,33.03;34.36,25.66;
#130:
>0:33.26,-10.07;35.47,25.13;39.79,-25.32;44.02,-26.44;
#131:
>0:35.42,72.38;36.43,115.58;41.37,113.95;
#132:
>0:29.62,62.51;27.88,120.98;
#133:
>0:34.67,118.7;42.98,136.2;39.06,51.46;47.12,126.6;
#134:
>0:45.08,-41.63;41.23,-24.76;
#135:
>0:34.09,24.8;31.34,-11.99;31.95,-55.63;
#136:
>0:37.79,-18.99;40.46,-80.81;44.45,-114.62;
#137:
>0:41.79,119.12;40.45,128.56;
#138:
>0:45.26,-38.81;43.14,31.09;41.21,57.91;43.53,93.65;
#139:
>0:30.28,-67.58;33.33,-21.08;36.53,4.41;39.91,22.28;
#140:
>0:44.16,49.79;42.38,19.45;38.21,-0.46;37.8,-73.45;38.75,-118.23;
#141:
>0:36.31,-44.2;34.3,-38.73;39.52,-35.77;40.73,40.08;35.07,104.88;
#142:
>0:33.27,-49.89;37.32,-51.82;35.48,-29.73;41.82,-9.2;
#143:
>0:37.73,-18.4;36.57,1.64;40.99,69.46;
#144:
>0:33.73,-14.25;33.97,20.75;38.64,69.11;41.19,121.97;
#145:
>0:28.91,119.12;30.48,84.93;
#146:
>0:28.06,-116.32;33.71,-69.23;30.86,-4.97;34.74,12.15;43.09,57.8;
#147:
>0:30.42,33.9;29.37,-38.97;
#148:
>0:41.34,149.75;40.18,134.48;
#149:
>0:35.83,80.84;35.83,30.7;38.74,-25.49;37.19,-44.78;37.28,-101.79;
#150:
>0:43.13,131.63;41.35,143.41;
#151:
>0:34.06,-87.67;39.99,-71.07;38.32,-20.81;
#152:
>0:36.91,-113.71;32.74,-80.97;27.14,-37.73;28.45,18.47;
#153:
>0:47.35,-12.61;42.34,-69.2;45.35,-89.44;
#154:
>0:36.48,-5.83;31.81,26.71;30.26,56.52;
#155:
>0:29.6,34.45;31.62,9.69;32.47,58.17;34.26,102.99;41.77,118.98;
#156:
>0:44.75,-87.27;46.24,-116.98;
#157:
>0:42.05,137.42;43.98,105.72;39.58,75.14;34.86,25.8;31.9,-21.23;32.84,-83.58;
#158:
>0:29.81,-26.18;30.67,-52.08;35.14,-58.0;34.51,-13.3;42.16,-13.2;
#159:
>0:41.59,122.7;38.68,58.56;38.41,8.56;
#160:
>0:34.35,-87.35;39.56,-44.09;43.5,-62.63;
#161:
>0:34.75,-87.31;37.99,-60.85;43.06,-39.37;43.25,3.42;
#162:
>0:34.61,14.96;39.44,-3.9;37.85,-56.36;46.32,-104.82;
#163:
>0:42.59,148.67;41.87,145.91;
#164:
>0:38.91,67.93;40.82,22.66;46.04,109.62;
#165:
>0:40.6,153.64;41.44,150.85;
#166:
>0:43.89,52.42;38.79,25.9;
#167:
>0:43.75,70.16;41.01,26.99;43.44,-32.95;
#168:
>0:27.48,-65.33;32.1,-15.58;30.14,-7.58;32.08,60.48;
#169:
>0:37.58,-34.49;40.01,4.8;46.59,69.71;
#170:
>0:45.7,115.34;44.13,74.47;38.74,2.87;36.56,3.25;37.13,-42.94;
#171:
>0:34.57,78.82;34.31,101.1;28.98,35.65;
#172:
>0:38.23,-32.67;37.53,-56.82;45.74,-75.46;
#173:
>0:47.43,41.38;41.25,42.01;43.24,121.28;
#174:
>0:45.04,-87.85;46.01,-94.2;
#175:
>0:43.58,84.52;41.44,153.07;40.31,54.76;37.02,15.73;38.76,-15.46;39.36,-84.23;
#176:
>0:43.81,-104.83;39.5,-60.12;35.87,-1.43;37.97,13.58;
#177:
>0:44.42,59.32;42.06,12.23;38.75,-17.1;37.1,-43.5;34.04,-114.82;27.2,-112.04;
#178:
>0:46.26,47.17;46.69,8.14;45.77,-23.62;45.42,-59.67;
#179:
>0:29.13,-85.5;32.61,-57.28;34.95,-53.78;34.23,-18.05;43.85,-66.36;
#180:
>0:37.13,56.35;38.99,38.15;43.73,-2.72;
#181:
>0:44.4,-18.12;42.66,-80.52;46.26,-83.81;
#182:
>0:41.13,138.33;42.08,131.57;
#183:
>0:33.83,99.48;34.3,48.5;31.94,36.2;
#184:
>0:27.37,56.9;30.93,8.88;32.11,75.2;36.86,105.86;43.86,99.52;
#185:
>0:30.31,-35.8;33.26,18.9;37.1,8.9;39.6,-37.52;42.23,-51.13;
#186:
>0:36.07,92.07;42.89,148.03;37.68,80.67;40.01,22.1;37.32,-67.49;
#187:
>0:41.97,82.75;40.24,4.37;39.67,-6.06;
#188:
>0:42.54,60.59;44.04,3.26;37.52,-26.4;39.55,-48.05;38.3,-97.87;
#189:
>0:40.14,52.41;35.07,92.78;32.03,118.01;27.84,111.51;
#190:
>0:30.95,107.36;35.17,74.27;35.52,27.1;38.98,-33.36;39.33,-45.5;46.74,-116.3;
#191:
>0:38.06,40.23;34.39,19.39;
#192:
>0:35.55,-106.72;31.69,-62.88;28.81,-28.6;28.85,1.21;29.34,47.81;28.86,97.32;
#193:
>0:39.11,23.23;42.79,-12.54;44.51,-8.17;
#194:
>0:47.15,-82.78;45.85,-72.54;44.45,-27.69;46.31,10.26;46.62,49.14;
#195:
>0:45.34,-101.81;43.45,-44.28;39.21,-34.09;35.98,26.35;32.5,76.64;29.2,106.43;
#196:
>0:30.42,107.55;33.68,114.86;36.67,78.66;37.88,7.52;
#197:
>0:39.62,0.78;37.99,-55.85;47.13,-110.86;
#198:
>0:38.89,-18.84;41.7,-15.64;
#199:
>0:32.69,79.86;36.54,11.84;37.7,16.23;39.07,-12.84;39.66,-112.77;
#200:
>0:46.86,-110.43;43.03,-73.02;40.3,-29.15;34.15,39.52;
#201:
>0:37.56,-61.92;36.1,-48.85;
#202:
>0:35.84,-44.77;35.95,-27.67;37.83,-52.93;46.96,14.32;
#203:
>0:29.8,7.14;27.51,69.92;30.62,24.53;36.23,39.26;38.55,69.17;45.68,2.92;
#204:
>0:37.61,-13.88;39.94,-60.71;46.87,-102.62;
#205:
>0:40.58,-30.73;38.28,12.37;44.92,60.69;
#206:
>0:36.02,29.13;38.47,30.2;35.24,97.0;
#207:
>0:45.39,115.95;47.39,54.99;45.68,14.17;
#208:
>0:37.93,44.74;35.28,34.84;38.35,-7.83;43.74,-48.41;
#209:
>0:35.01,-30.71;33.41,-52.45;28.41,-111.71;
#210:
>0:30.33,-5.21;32.41,10.31;32.35,74.12;
#211:
>0:29.82,-8.09;32.44,-52.94;34.56,-52.75;37.61,-74.2;
#212:
>0:30.45,-77.48;33.78,-112.58;37.05,-49.03;36.52,-12.56;40.74,-41.5;45.72,-2.05;
#213:
>0:43.45,-62.86;38.77,-7.95;37.5,40.37;36.61,74.6;28.03,55.57;
#214:
>0:34.93,-86.93;39.63,-46.66;42.11,-41.24;47.66,-44.56;
#215:
>0:34.97,52.42;37.06,41.37;37.59,-26.09;41.49,-77.26;
#216:
>0:40.83,-91.23;37.98,-42.14;38.72,0.7;37.34,6.39;27.61,-19.02;
#217:
>0:42.23,86.51;42.2,153.11;
#218:
>0:27.65,120.91;27.78,117.56;
#219:
>0:35.04,-94.91;32.41,-104.75;35.95,-21.94;
#220:
>0:43.19,-62.67;40.51,-28.75;38.45,40.08;
#221:
>0:28.48,74.49;27.66,3.31;33.95,31.02;36.78,25.38;41.55,55.69;
#222:
>0:34.47,67.02;36.73,38.94;
#223:
>0:46.3,-118.84;41.55,-110.58;39.73,-82.61;35.27,-92.55;
#224:
>0:29.8,38.03;32.57,-26.31;35.51,4.71;38.13,-39.04;38.08,-75.11;46.49,-105.93;
#225:
>0:31.25,31.54;36.68,38.15;40.71,-31.03;39.42,-74.23;45.46,-109.14;
#226:
>0:45.79,4.14;40.86,49.22;42.26,96.28;
#227:
>0:33.31,120.27;36.66,67.97;35.61,13.29;32.98,-2.11;28.0,-21.2;35.76,-119.43;
#228:
>0:28.36,-43.66;33.01,-108.1;35.76,-65.67;37.18,-0.39;42.73,-10.67;
#229:
>0:43.55,-59.66;43.54,-80.26;
#230:
>0:43.92,27.52;40.76,-19.55;39.23,-58.78;47.67,-84.97;
#231:
>0:28.76,6.58;27.81,51.2;
#232:
>0:34.18,107.19;31.59,92.23;
#233:
>0:39.68,81.57;36.91,111.75;31.55,109.32;30.13,103.18;
#234:
>0:30.37,-6.87;33.32,-55.04;31.05,-108.95;40.04,-95.89;
#235:
>0:35.35,71.25;34.25,109.07;29.3,8.91;
#236:
>0:27.82,28.3;31.94,37.28;37.0,37.97;38.86,47.06;42.14,55.9;
#237:
>0:40.75,150.99;41.74,129.72;
#238:
>0:43.09,102.53;40.04,136.84;36.37,15.48;
#239:
>0:40.36,18.34;36.53,63.64;32.62,30.48;
#240:
>0:41.2,-0.2;44.35,-26.61;47.38,64.99;
#241:
>0:28.56,5.29;27.19,-30.84;
#242:
>0:43.11,140.0;42.74,117.92;
#243:
>0:30.8,-74.76;30.99,-92.16;34.7,-53.8;39.99,-91.67;45.14,-68.45;
#244:
>0:41.27,-93.32;40.83,-118.73;33.98,-101.58;
#245:
>0:39.06,-12.66;39.99,-59.82;46.49,-4.46;
#246:
>0:35.38,107.77;39.27,61.13;41.25,36.11;46.76,-23.18;47.43,-42.26;
#247:
>0:41.55,32.73;47.49,3.2;
#248:
>0:31.08,85.59;36.56,74.77;34.79,111.22;43.17,95.92;
#249:
>0:42.89,2.51;40.22,58.13;37.28,90.4;32.26,69.12;30.17,8.34;
#250:
>0:29.71,-0.31;32.69,16.83;37.22,37.94;39.85,-29.21;
#251:
>0:42.8,67.78;46.09,30.45;44.37,-7.52;
#252:
>0:40.61,129.86;41.56,118.41;
#253:
>0:30.41,0.73;33.55,22.62;36.33,8.93;39.58,-32.8;39.73,-73.61;46.1,-30.54;
#254:
>0:42.78,141.29;40.33,150.46;
#255:
>0:28.12,26.8;27.88,-3.15;
#256:
>0:41.86,138.91;40.93,144.19;
#257:
>0:34.49,59.93;40.46,70.15;
#258:
>0:37.69,12.36;41.23,-33.69;
#259:
>0:42.09,-111.49;39.42,-108.08;35.41,-97.75;
#260:
>0:40.76,154.29;39.85,52.79;
#261:
>0:36.36,58.48;37.77,79.81;35.65,39.8;34.44,-50.56;
#262:
>0:41.54,-108.32;39.04,-72.67;43.57,-33.34;45.42,-12.67;45.93,76.76;
#263:
>0:33.06,-111.79;31.19,-72.8;33.81,-35.57;33.78,2.13;
#264:
>0:35.26,-57.5;32.73,-86.93;
#265:
>0:32.04,-20.55;35.74,1.8;37.89,-3.19;43.82,-4.5;
#266:
>0:42.1,151.65;35.02,74.9;
#267:
>0:43.03,155.35;41.65,144.35;
#268:
>0:28.68,-113.91;33.34,-67.67;33.61,-35.2;36.17,10.2;42.34,79.97;
#269:
>0:31.3,107.45;29.53,109.8;
#270:
>0:34.99,106.21;39.17,50.43;42.2,21.34;45.54,-3.06;46.73,-73.75;
#271:
>0:42.52,48.68;43.84,4.14;34.28,36.93;
#272:
>0:45.93,-113.84;42.18,-62.8;40.77,-15.53;35.1,28.4;
#273:
>0:30.19,116.67;31.48,98.03;34.32,78.27;39.94,11.07;
#274:
>0:41.97,-55.23;38.87,-62.65;
#275:
>0:30.49,105.54;30.65,96.01;34.74,72.09;40.12,50.49;
#276:
>0:35.78,-46.56;34.19,-35.77;37.5,-57.09;46.31,4.02;
#277:
>0:38.41,-24.81;40.55,-78.92;44.3,26.3;
#278:
>0:41.34,80.58;41.61,37.71;34.91,19.42;
#279:
>0:34.1,75.8;33.76,48.48;29.04,26.44;
#280:
>0:35.39,118.1;38.63,72.22;41.7,38.51;45.59,-17.53;
#281:
>0:31.36,-56.18;33.81,-96.39;34.65,-66.35;39.28,-120.95;47.05,-47.45;
#282:
>0:29.02,107.09;32.49,92.88;35.08,70.26;39.66,42.07;
#283:
>0:32.84,-66.01;34.43,-89.53;
#284:
>0:31.31,-88.47;36.58,-51.19;38.22,-31.7;37.43,25.44;36.59,73.11;42.75,130.18;
#285:
>0:38.29,-22.81;35.49,29.08;38.16,54.23;45.84,117.93;
#286:
>0:27.69,-121.74;32.52,-52.94;33.24,-14.1;38.62,-18.09;
#287:
>0:34.67,114.1;39.83,61.37;44.17,33.58;44.63,-5.5;46.41,-58.6;
#288:
>0:31.11,94.11;36.36,61.9;36.32,17.82;37.96,-25.39;37.91,-61.64;45.62,-103.58;
#289:
>0:42.14,123.08;34.61,80.16;
#290:
>0:40.67,131.38;43.04,140.87;
#291:
>0:32.27,4.92;34.71,55.93;35.66,9.92;39.63,33.75;45.91,22.19;
#292:
>0:36.97,52.66;38.56,18.37;41.3,-28.3;
#293:
>0:45.48,103.93;41.81,63.3;42.87,8.82;38.6,-21.53;40.63,-49.41;37.43,-92.19;
#294:
>0:38.53,-16.04;36.61,23.63;33.22,75.67;29.71,96.63;
#295:
>0:45.08,-14.15;47.58,29.59;
#296:
>0:37.24,-8.4;31.46,29.94;29.15,50.09;29.39,110.54;
#297:
>0:45.42,11.78;44.02,59.94;43.19,16.17;37.67,53.29;31.28,42.2;
#298:
>0:36.16,-63.39;34.78,-34.4;37.74,-43.28;45.94,7.28;
#299:
>0:43.06,149.43;42.4,134.69;
#300:
>0:34.66,-25.8;33.02,34.34;29.27,51.78;29.06,85.82;
#301:
>0:39.97,122.78;43.17,147.84;
#302:
>0:32.98,-46.58;33.53,-0.68;
#303:
>0:40.94,140.83;35.22,63.88;
#304:
>0:39.79,47.83;34.95,33.59;30.52,-15.37;29.25,-23.72;34.51,-93.82;
#305:
>0:43.13,8.84;38.11,-28.01;34.6,-45.49;35.03,-115.6;30.27,-72.41;
#306:
>0:28.95,76.53;33.11,102.94;
#307:
>0:29.25,-2.72;31.97,14.88;37.22,2.61;40.19,-57.56;
#308:
>0:30.03,102.01;27.81,123.38;
#309:
>0:42.24,121.92;42.06,120.69;
#310:
>0:42.27,132.05;41.89,138.41;
#311:
>0:44.96,-104.43;42.75,-43.32;39.2,-31.19;36.56,-24.19;
#312:
>0:28.95,111.93;31.48,110.83;34.69,56.99;34.14,25.95;33.42,-37.38;32.03,-88.98;
#313:
>0:33.75,-73.69;34.85,-36.59;
#314:
>0:30.35,79.95;27.8,108.6;
#315:
>0:45.33,-76.37;42.92,-19.16;38.85,36.39;40.33,68.31;
#316:
>0:36.73,-62.14;32.66,-50.68;
#317:
>0:43.62,-73.55;43.6,-59.2;
#318:
>0:35.7,1.2;38.38,-8.22;40.67,-76.14;44.32,-92.1;
#319:
>0:33.36,-2.19;34.65,11.03;37.66,48.53;42.48,118.43;
#320:
>0:34.11,-87.23;39.31,-87.07;43.77,-110.0;
#321:
>0:31.69,108.4;36.03,59.8;36.99,26.45;38.14,-19.86;39.47,-65.17;45.34,-93.61;
#322:
>0:30.61,-57.75;32.04,-98.09;
#323:
>0:32.91,-71.78;31.89,-3.31;37.14,39.92;39.83,66.84;44.7,28.47;
#324:
>0:43.27,-96.29;39.32,-61.26;40.63,-31.61;34.81,-51.09;29.16,-86.56;
#325:
>0:34.19,62.35;40.27,42.0;39.03,40.77;34.38,-71.9;
#326:
>0:27.37,-1.75;30.81,25.08;33.96,10.65;40.16,-30.77;
#327:
>0:41.39,136.34;42.91,118.5;
#328:
>0:34.15,30.99;40.1,-25.84;44.19,-17.82;
#329:
>0:42.8,123.64;41.84,102.18;
#330:
>0:39.86,-4.34;38.11,37.96;46.51,18.15;
#331:
>0:27.79,-21.36;33.94,-44.08;32.43,-111.63;36.84,-81.23;42.29,-96.79;
#332:
>0:29.72,101.42;33.24,94.0;34.72,56.38;34.92,33.62;33.83,-15.61;33.62,-113.1;
#333:
>0:45.03,-8.8;43.59,-66.92;38.82,-58.26;38.88,-24.88;32.24,-55.78;
#334:
>0:42.76,71.26;38.33,21.02;37.13,11.46;39.73,-68.54;
#335:
>0:35.89,-76.32;35.9,-9.24;40.06,21.4;
#336:
>0:36.64,42.0;39.32,57.71;34.13,32.3;38.33,-51.75;
#337:
>0:30.3,123.65;33.92,106.11;36.17,35.8;
#338:
>0:30.8,-17.7;27.79,-70.72;
#339:
>0:29.11,-32.31;31.61,-56.99;36.92,-67.69;36.71,-17.92;42.33,-6.81;
#340:
>0:28.49,99.68;33.14,114.57;34.38,44.97;35.26,23.1;31.62,-7.21;32.98,-115.13;
#341:
>0:27.4,-21.51;32.94,14.38;31.71,74.7;33.85,108.76;
#342:
>0:43.86,99.22;40.35,46.81;34.16,16.21;31.51,-7.64;33.94,-44.02;
#343:
>0:38.89,55.43;40.58,15.45;45.26,109.64;
#344:
>0:42.88,54.88;43.45,34.57;40.01,-32.98;37.43,-52.71;39.28,-112.49;
#345:
>0:41.49,-3.18;39.05,29.9;35.28,65.99;30.58,80.69;
#346:
>0:34.61,-86.47;38.22,-62.8;43.02,-64.03;
#347:
>0:45.75,-77.57;43.49,-29.82;39.75,3.52;37.91,50.93;
#348:
>0:31.3,79.52;34.98,12.84;40.76,-39.78;44.17,-17.95;
#349:
>0:31.71,28.24;33.23,76.99;32.66,104.23;
#350:
>0:28.52,106.72;28.96,105.95;
#351:
>0:37.33,76.66;35.11,100.9;43.81,89.91;
#352:
>0:40.96,155.11;43.17,135.34;
#353:
>0:44.55,-76.75;42.34,-35.97;
#354:
>0:34.3,-111.96;30.94,-42.95;29.89,-9.71;30.25,8.63;
#355:
>0:32.67,-95.87;31.19,-73.62;30.8,-13.98;33.28,3.22;
#356:
>0:29.59,-34.41;31.89,-53.18;36.98,-91.48;
#357:
>0:27.55,109.19;30.53,105.98;36.01,46.22;39.99,34.07;
#358:
>0:41.81,140.31;40.98,127.98;
#359:
>0:45.38,44.97;42.82,15.14;39.59,-18.71;34.97,-57.31;30.69,-41.56;
#360:
>0:35.13,63.09;38.35,40.37;44.11,-27.92;45.61,-23.92;
#361:
>0:34.59,-14.29;32.82,-26.89;
#362:
>0:36.59,114.77;40.56,122.58;38.38,80.16;40.18,15.82;39.85,-69.38;
#363:
>0:38.42,-42.37;39.95,-26.3;37.34,3.04;27.68,-11.41;
#364:
>0:36.89,88.03;33.21,68.55;33.03,11.59;34.38,30.33;39.71,-76.62;
#365:
>0:42.71,-114.24;40.79,-43.8;37.19,-33.05;
#366:
>0:27.97,-92.78;29.07,-68.14;
#367:
>0:34.53,-10.37;30.83,2.51;28.21,41.95;30.08,89.56;
#368:
>0:42.7,112.4;40.65,71.38;39.29,31.52;37.88,-4.62;35.32,-75.75;42.85,-93.95;
#369:
>0:36.49,111.78;42.37,132.42;38.17,78.93;35.32,29.99;40.77,-80.55;
#370:
>0:43.93,80.34;44.01,7.52;39.2,71.01;32.6,-34.75;
#371:
>0:39.55,45.77;33.96,33.35;32.89,-0.38;30.82,-51.48;
#372:
>0:40.07,149.33;40.16,143.61;
#373:
>0:33.0,-110.27;37.18,-55.85;36.4,-7.63;40.57,-13.3;34.19,78.73;
#374:
>0:37.02,100.03;40.79,119.94;39.67,61.9;47.19,134.57;
#375:
>0:36.7,70.82;34.47,92.36;28.57,15.58;
#376:
>0:35.34,-26.34;33.67,22.79;29.0,47.7;
#377:
>0:34.07,-109.09;33.2,-91.48;
#378:
>0:47.35,-25.04;42.32,-77.05;39.76,-40.07;36.33,-71.54;35.46,-37.88;27.99,-78.3;
#379:
>0:36.37,18.93;38.07,61.82;34.84,92.82;
