#0:
>0:40.16,116.32;40.18,116.26;
#1:
>0:40.32,116.13;40.33,116.08;
#2:
>0:40.22,116.1;40.22,116.0;
#3:
>0:40.18,116.34;40.12,116.28;40.1,116.26;40.15,116.15;
#4:
>0:40.0,116.21;40.05,116.15;40.09,116.19;40.18,116.21;40.29,116.17;40.36,116.17;
#5:
>0:40.21,116.09;40.14,116.19;40.11,116.25;40.06,116.38;40.08,116.41;
#6:
>0:39.93,116.34;39.98,116.35;39.93,116.36;39.97,116.33;
#7:
>0:40.18,116.03;40.22,116.05;40.26,116.2;40.27,116.24;
#8:
>0:40.09,116.36;40.07,116.43;
#9:
>0:40.05,116.38;40.1,116.2;40.19,116.17;40.16,116.08;40.08,116.03;
#10:
>0:40.27,116.29;40.18,116.37;40.13,116.39;
#11:
>0:40.27,116.27;40.18,116.24;40.14,116.18;40.01,116.18;
#12:
>0:40.01,115.99;40.11,116.07;40.17,116.16;
#13:
>0:40.02,116.27;40.02,116.23;
#14:
>0:40.03,116.39;40.0,116.36;40.08,116.23;
#15:
>0:39.97,116.34;40.03,116.35;40.12,116.21;
#16:
>0:40.19,116.13;40.23,116.09;
#17:
>0:40.34,116.31;40.22,116.36;40.18,116.32;40.09,116.32;40.13,116.33;40.01,116.32;
#18:
>0:40.03,116.31;40.1,116.37;40.09,116.33;40.24,116.29;
#19:
>0:40.02,116.25;40.0,116.33;40.07,116.42;
#20:
>0:39.99,116.39;40.04,116.37;40.1,116.21;
#21:
>0:39.93,116.1;39.95,116.01;
#22:
>0:40.0,116.06;39.99,116.19;40.02,116.2;
#23:
>0:40.27,116.34;40.18,116.32;40.1,116.29;40.16,116.22;40.07,116.15;40.1,115.99;
#24:
>0:40.2,116.38;40.18,116.37;
#25:
>0:40.03,116.3;40.12,116.25;40.21,116.21;40.1,116.15;40.2,116.03;
#26:
>0:40.27,116.19;40.21,116.1;40.15,116.02;40.08,116.01;39.96,116.09;
#27:
>0:40.03,115.98;40.1,116.06;40.07,116.12;39.97,116.23;
#28:
>0:40.32,116.2;40.29,116.2;
#29:
>0:40.27,116.0;40.35,116.01;
#30:
>0:40.06,116.04;40.1,116.05;40.09,116.14;40.28,116.18;
#31:
>0:40.16,116.13;40.11,116.13;40.04,116.13;
#32:
>0:40.0,115.98;40.11,116.08;40.01,116.15;
#33:
>0:40.2,116.14;40.2,116.14;
