#0:
>0:40.09,116.25;40.02,116.29;
#1:
>0:39.93,116.35;39.96,116.35;40.13,116.32;
#2:
>0:40.06,116.2;40.07,116.25;40.16,116.2;40.26,116.23;
#3:
>0:40.06,116.32;40.12,116.31;
#4:
>0:40.11,116.28;40.03,116.22;39.96,116.14;40.01,116.08;40.07,116.04;
#5:
>0:39.94,116.36;39.98,116.36;
#6:
>0:40.11,116.32;40.09,116.3;
#7:
>0:40.31,115.98;40.33,116.09;
#8:
>0:39.95,116.35;40.02,116.3;40.01,116.32;40.01,116.3;39.95,116.37;40.01,116.3;39.96,116.37;39.98,116.37;
#9:
>0:39.92,116.1;39.93,116.09;
#10:
>0:40.1,116.13;40.21,116.19;
#11:
>0:40.11,115.97;40.2,116.01;40.22,116.0;
#12:
>0:39.96,116.33;40.01,116.3;39.97,116.37;
#13:
>0:40.17,116.3;40.25,116.23;
#14:
>0:40.13,116.06;40.04,116.14;
#15:
>0:40.03,116.3;40.07,116.23;40.2,116.14;
#16:
>0:40.12,116.14;40.05,116.13;39.92,116.01;
#17:
>0:40.05,116.34;40.13,116.29;40.15,116.24;40.28,116.17;40.34,116.05;
#18:
>0:40.3,116.07;40.31,116.17;40.28,116.19;40.16,116.24;40.12,116.27;39.92,116.39;
#19:
>0:40.13,116.28;40.05,116.21;40.05,116.16;
#20:
>0:40.26,116.15;40.32,116.23;40.27,116.19;40.24,116.36;
#21:
>0:40.08,116.32;40.17,116.35;40.25,116.4;
#22:
>0:39.98,116.11;40.05,116.04;40.09,116.01;
#23:
>0:40.15,116.39;40.21,116.29;40.15,116.2;40.2,116.16;
#24:
>0:40.21,116.0;40.24,116.07;40.35,116.16;40.17,116.21;
#25:
>0:40.09,116.3;40.14,116.3;
#26:
>0:40.08,116.05;40.18,116.16;40.22,116.21;40.17,116.28;40.16,116.4;
#27:
>0:40.22,116.03;40.23,116.05;40.3,116.14;40.25,116.19;40.17,116.3;40.2,116.34;
#28:
>0:40.12,116.25;40.01,116.16;
#29:
>0:40.21,116.31;40.28,116.33;40.32,116.23;
#30:
>0:39.97,116.31;39.99,116.35;
#31:
>0:40.36,116.17;40.28,116.11;
#32:
>0:40.17,116.33;40.1,116.2;40.12,116.12;
#33:
>0:39.96,116.01;40.01,116.09;40.13,116.18;40.16,116.24;
