#0:
>0:40.3,116.0;40.23,116.07;40.19,116.17;40.09,116.19;40.02,116.21;39.95,116.35;
#1:
>0:40.23,116.35;40.18,116.29;40.07,116.25;40.04,116.22;
#2:
>0:39.99,115.98;40.12,116.06;40.16,116.16;40.08,116.16;40.04,116.25;39.95,116.33;
#3:
>0:40.19,116.21;40.23,116.23;
#4:
>0:40.14,116.24;40.11,116.14;40.05,116.06;
#5:
>0:40.13,116.0;40.15,116.06;40.16,116.13;40.26,116.23;
#6:
>0:40.24,116.06;40.14,116.18;40.21,116.12;40.15,116.31;
#7:
>0:39.93,116.3;39.97,116.38;39.97,116.29;39.96,116.4;39.99,116.27;40.01,116.22;39.94,116.23;40.0,116.29;39.94,116.24;40.02,116.3;39.92,116.31;40.02,116.33;39.94,116.27;39.99,116.36;39.93,116.3;39.97,116.4;39.94,116.29;39.97,116.32;
#8:
>0:40.02,116.13;40.05,116.26;
#9:
>0:39.93,116.28;39.92,116.37;39.96,116.27;39.95,116.34;39.97,116.33;39.93,116.4;39.98,116.32;39.99,116.31;39.94,116.26;40.01,116.28;40.06,116.36;40.06,116.3;39.92,116.33;39.97,116.39;39.96,116.31;39.94,116.35;39.98,116.29;39.94,116.37;40.02,116.3;39.98,116.27;39.98,116.36;39.96,116.31;39.93,116.4;39.95,116.28;39.98,116.4;39.96,116.28;40.02,116.33;39.99,116.36;39.92,116.31;40.0,116.3;39.96,116.31;39.97,116.39;39.96,116.38;
#10:
>0:40.31,116.04;40.29,116.06;
#11:
>0:39.94,116.3;39.95,116.37;39.94,116.27;39.98,116.19;40.02,116.26;39.99,116.32;39.95,116.35;39.94,116.31;40.05,116.21;39.94,116.25;39.96,116.27;39.95,116.36;39.97,116.31;39.94,116.33;39.94,116.29;39.95,116.37;39.92,116.32;39.98,116.28;
#12:
>0:39.93,116.2;39.99,116.15;39.95,116.08;40.09,116.04;
#13:
>0:40.13,116.33;40.02,116.3;
#14:
>0:40.04,116.01;40.12,116.08;40.14,116.16;40.27,116.16;40.23,116.29;
#15:
>0:40.2,116.02;40.28,116.05;40.19,116.16;40.07,116.18;39.95,116.29;
#16:
>0:40.11,116.04;40.09,116.05;40.21,116.15;40.23,116.18;40.28,116.24;40.1,116.37;
#17:
>0:39.92,116.27;39.99,116.35;39.93,116.31;39.93,116.4;40.02,116.33;
#18:
>0:40.33,116.09;40.3,116.12;40.3,116.2;40.31,116.27;
#19:
>0:40.09,116.15;40.04,116.06;40.01,116.04;
#20:
>0:39.97,116.35;40.06,116.39;40.1,116.34;40.14,116.33;40.17,116.27;40.26,116.33;40.34,116.23;40.24,116.16;40.25,116.2;40.15,116.29;40.12,116.26;40.13,116.18;40.04,116.25;39.93,116.19;40.04,116.26;39.96,116.29;39.99,116.28;39.97,116.28;40.0,116.22;39.98,116.21;40.04,116.4;
#21:
>0:40.06,116.02;40.19,116.09;40.25,116.19;40.28,116.2;40.14,116.27;40.18,116.35;
#22:
>0:40.04,116.0;40.13,116.06;40.21,116.13;40.18,116.21;40.0,116.3;
#23:
>0:40.25,116.35;40.24,116.32;40.16,116.36;40.0,116.34;
#24:
>0:39.93,116.4;39.95,116.3;39.95,116.35;39.94,116.29;39.94,116.38;39.94,116.28;39.97,116.37;39.97,116.27;39.95,116.39;39.98,116.3;39.97,116.23;39.93,116.26;39.95,116.38;39.96,116.4;
#25:
>0:40.23,116.07;40.36,116.08;
#26:
>0:40.28,116.21;40.17,116.13;40.11,116.11;40.04,116.06;
#27:
>0:39.98,116.31;39.97,116.39;39.96,116.31;39.96,116.39;39.92,116.3;39.93,116.38;39.97,116.26;40.05,116.28;40.11,116.33;40.0,116.27;40.02,116.26;39.95,116.19;40.04,116.27;39.95,116.32;39.94,116.35;39.94,116.34;
#28:
>0:40.21,116.0;40.22,116.06;40.21,116.16;40.1,116.12;39.92,116.33;
#29:
>0:40.09,116.08;40.21,116.18;40.27,116.15;40.35,116.13;
#30:
>0:40.1,116.27;40.11,116.19;40.23,116.18;
#31:
>0:40.1,116.3;40.0,116.39;39.98,116.19;
#32:
>0:40.33,116.07;40.26,116.08;40.2,116.05;40.13,116.05;
#33:
>0:39.92,116.33;40.0,116.33;39.93,116.24;39.96,116.13;39.93,116.05;40.06,116.01;
