#0:
>0:40.06,116.19;39.93,116.23;39.95,116.12;39.94,116.25;39.96,116.28;40.03,116.31;39.95,116.32;39.96,116.38;39.92,116.29;40.0,116.28;39.95,116.36;
#1:
>0:40.27,116.12;40.36,116.19;40.21,116.26;
#2:
>0:40.12,115.98;40.15,115.99;
#3:
>0:40.0,116.25;40.0,116.31;40.08,116.4;40.24,116.28;
#4:
>0:39.99,116.03;40.05,116.09;40.13,116.14;
#5:
>0:39.96,116.18;39.99,116.16;40.12,116.14;40.15,116.08;40.25,116.08;40.32,116.15;
#6:
>0:39.99,116.27;39.92,116.27;
#7:
>0:40.02,116.17;40.02,116.25;40.02,116.29;
#8:
>0:40.25,116.2;40.27,116.27;
#9:
>0:40.33,116.07;40.33,116.01;40.24,115.97;40.09,116.03;
#10:
>0:40.18,116.0;40.11,116.12;
#11:
>0:40.12,116.32;40.04,116.29;40.1,116.19;40.06,116.17;40.05,116.01;
#12:
>0:40.15,116.18;40.09,116.06;39.99,116.09;39.95,116.02;
#13:
>0:40.3,116.17;40.28,116.14;
#14:
>0:40.31,116.17;40.24,116.14;40.17,116.13;40.09,116.14;39.99,116.22;39.94,116.12;
#15:
>0:40.2,116.34;40.19,116.27;40.15,116.21;40.21,116.13;40.15,116.06;
#16:
>0:40.08,116.18;40.08,116.2;40.11,116.29;
#17:
>0:40.1,116.22;40.17,116.13;
#18:
>0:40.23,116.28;40.27,116.24;40.17,116.23;40.12,116.1;
#19:
>0:40.08,116.26;40.04,116.16;39.98,116.07;39.93,116.0;
#20:
>0:40.09,116.16;40.0,116.1;
#21:
>0:40.34,116.24;40.26,116.32;40.21,116.37;40.11,116.36;
#22:
>0:40.06,115.99;40.07,116.09;40.16,116.16;40.24,116.18;
#23:
>0:40.36,116.16;40.22,116.13;40.29,116.29;
#24:
>0:39.97,116.29;39.92,116.33;
#25:
>0:40.03,116.07;40.13,116.18;40.13,116.22;40.1,116.29;
#26:
>0:40.17,116.33;40.27,116.25;
#27:
>0:39.92,116.28;39.95,116.36;39.95,116.27;39.99,116.29;
#28:
>0:39.97,116.35;39.93,116.3;39.93,116.36;39.98,116.32;40.02,116.29;39.97,116.37;
#29:
>0:40.28,116.22;40.15,116.29;40.23,116.39;
#30:
>0:40.03,116.26;40.03,116.27;39.92,116.32;40.04,116.27;39.95,116.29;39.95,116.38;39.92,116.38;
#31:
>0:39.92,116.14;40.01,116.19;40.1,116.22;40.15,116.27;40.23,116.32;
#32:
>0:40.23,116.09;40.32,116.16;40.34,116.23;40.31,116.28;40.33,116.37;
#33:
>0:39.92,116.21;40.0,116.16;40.09,116.07;40.17,116.01;40.22,116.02;
