#0:
>0:40.1,116.21;39.99,116.23;40.12,116.1;
#1:
>0:39.95,116.33;40.09,116.34;40.09,116.3;40.14,116.34;
#2:
>0:40.18,116.07;40.2,116.17;40.16,116.25;
#3:
>0:40.09,116.23;40.15,116.32;
#4:
>0:40.32,116.37;40.25,116.28;40.28,116.21;40.17,116.22;40.14,116.07;
#5:
>0:40.25,116.05;40.32,116.14;
#6:
>0:40.22,116.32;40.19,116.24;40.09,116.12;40.04,116.09;39.99,116.03;
#7:
>0:40.18,116.25;40.26,116.14;40.26,116.07;40.08,116.02;
#8:
>0:40.0,115.98;39.93,116.08;
#9:
>0:40.15,116.29;40.12,116.28;40.03,116.14;
#10:
>0:40.21,116.15;40.15,116.07;40.04,116.16;
#11:
>0:40.2,116.4;40.15,116.28;40.34,116.21;
#12:
>0:39.91,115.98;39.99,116.05;40.07,116.06;40.16,116.07;40.27,116.05;
#13:
>0:40.01,116.32;40.03,116.33;40.12,116.27;
#14:
>0:40.17,116.33;40.1,116.29;40.05,116.14;
#15:
>0:40.26,116.15;40.14,116.24;40.1,116.29;40.05,116.34;
#16:
>0:40.25,116.04;40.17,116.04;40.09,116.04;40.01,116.18;
#17:
>0:40.16,116.17;40.17,116.09;40.08,116.01;39.94,116.13;
#18:
>0:40.01,115.98;40.14,116.06;40.09,116.15;40.25,116.13;
#19:
>0:39.97,116.37;40.06,116.38;40.13,116.26;40.19,116.16;40.26,116.09;40.37,116.03;
#20:
>0:40.15,116.05;40.19,116.03;
#21:
>0:39.93,116.23;40.01,116.36;40.13,116.29;
#22:
>0:40.21,116.05;40.17,116.03;
#23:
>0:40.28,116.21;40.2,116.21;40.09,116.23;40.01,116.22;39.92,116.22;
#24:
>0:40.19,116.21;40.18,116.27;
#25:
>0:40.25,116.4;40.25,116.26;
#26:
>0:40.06,116.03;40.09,116.08;40.01,116.18;40.04,116.24;40.12,116.33;40.19,116.37;
#27:
>0:40.0,116.34;40.1,116.31;40.14,116.26;40.26,116.13;
#28:
>0:40.01,116.23;40.11,116.28;40.21,116.26;40.22,116.34;
#29:
>0:40.02,116.32;39.93,116.23;
#30:
>0:40.0,116.31;40.02,116.37;
#31:
>0:40.11,116.21;40.18,116.29;
#32:
>0:40.0,116.16;40.12,116.24;40.19,116.29;40.28,116.3;40.29,116.32;
#33:
>0:40.26,116.08;40.14,116.14;40.18,116.1;40.13,116.01;39.97,116.07;
