#0:
>0:39.99,116.37;39.96,116.38;
#1:
>0:40.23,116.19;40.15,116.22;40.17,116.17;40.16,115.97;
#2:
>0:40.35,116.11;40.29,116.02;
#3:
>0:40.11,116.15;40.03,116.12;40.08,116.31;
#4:
>0:40.35,116.31;40.24,116.21;40.21,116.14;40.13,116.11;40.06,116.06;
#5:
>0:39.96,116.1;39.98,116.17;
#6:
>0:40.01,116.2;39.93,116.06;40.04,116.02;40.09,116.11;40.15,116.05;40.33,116.09;
#7:
>0:39.96,115.99;39.95,116.07;
#8:
>0:40.36,116.27;40.24,116.27;40.28,116.33;40.19,116.31;40.08,116.26;40.02,116.18;
#9:
>0:40.34,116.16;40.32,116.1;40.19,116.09;
#10:
>0:40.29,116.21;40.23,116.19;40.16,116.31;40.07,116.21;40.03,116.25;
#11:
>0:40.02,116.31;40.09,116.35;
#12:
>0:40.29,116.08;40.23,116.18;40.24,116.2;40.31,116.28;40.28,116.4;
#13:
>0:40.32,116.31;40.29,116.21;40.36,116.17;
#14:
>0:40.07,116.08;40.14,116.17;39.93,116.25;
#15:
>0:40.05,116.31;40.11,116.26;40.05,116.18;40.13,116.08;40.0,116.01;
#16:
>0:40.0,116.2;39.96,116.09;40.02,116.19;40.09,116.07;40.19,116.11;40.3,116.24;
#17:
>0:40.29,116.03;40.33,116.09;40.32,116.16;40.29,116.12;40.36,116.26;
#18:
>0:40.3,116.27;40.22,116.28;40.15,116.19;40.2,116.18;40.16,115.98;
#19:
>0:40.15,116.14;40.28,116.23;40.35,116.23;
#20:
>0:40.02,116.2;40.06,116.16;40.11,116.11;40.28,116.08;
#21:
>0:40.03,116.25;40.02,116.13;40.13,116.05;40.18,116.12;40.29,116.15;
#22:
>0:40.03,116.37;40.04,116.34;39.92,116.23;
#23:
>0:40.19,115.98;40.22,115.97;
#24:
>0:39.94,116.23;40.05,116.22;
#25:
>0:40.0,116.21;39.96,116.11;40.03,115.98;
#26:
>0:40.33,116.18;40.26,116.2;40.16,116.17;
#27:
>0:40.07,116.12;40.06,116.05;40.21,116.04;
#28:
>0:40.16,116.09;40.24,116.17;40.3,116.03;
#29:
>0:40.19,116.33;40.18,116.31;40.13,116.23;40.12,116.18;
#30:
>0:39.98,116.17;39.93,116.11;40.01,116.03;
#31:
>0:40.01,116.39;39.98,116.37;39.93,116.22;39.98,116.2;
#32:
>0:40.33,115.98;40.31,116.09;40.16,116.13;40.13,116.07;40.09,116.17;39.95,116.2;
#33:
>0:40.3,116.17;40.31,116.13;40.15,116.01;40.11,116.0;
