#0:
>0:41.5,84.39;42.26,76.67;
#1:
>0:61.29,-138.38;45.65,-63.97;40.28,-134.95;23.38,-139.45;20.33,-146.29;
#2:
>0:38.37,74.96;37.79,85.43;
#3:
>0:1.56,103.06;18.29,17.76;27.34,-31.57;
#4:
>0:62.79,-160.15;47.31,-104.96;42.75,-50.05;23.46,4.97;16.6,87.27;9.73,139.58;
#5:
>0:36.02,68.0;39.12,97.69;
#6:
>0:19.71,161.85;23.38,159.2;35.75,98.62;42.5,136.65;64.36,54.7;
#7:
>0:26.0,-101.17;25.41,-17.5;32.24,29.68;23.26,105.99;22.88,162.57;
#8:
>0:40.71,100.94;39.07,70.17;
#9:
>0:43.26,71.9;34.43,73.89;
#10:
>0:47.17,-156.68;42.35,-70.61;40.1,-58.06;
#11:
>0:21.31,57.82;25.4,17.68;43.07,27.43;43.62,-33.8;
#12:
>0:25.82,34.9;39.05,107.15;53.24,132.97;
#13:
>0:34.87,-158.15;43.34,-62.17;14.23,-30.53;
#14:
>0:26.44,-3.69;34.37,56.44;48.72,97.04;
#15:
>0:59.69,-96.31;48.75,-25.71;40.64,37.22;33.75,78.44;
#16:
>0:21.87,151.07;29.21,170.4;33.19,116.33;42.16,136.91;64.29,32.57;
#17:
>0:5.98,9.52;21.05,-25.86;10.84,-4.73;7.57,-147.92;
#18:
>0:13.81,-38.61;32.63,17.19;35.65,47.59;49.93,49.97;59.35,22.11;
#19:
>0:44.21,66.67;57.88,2.62;56.3,-8.99;
#20:
>0:42.98,59.89;39.11,81.97;
#21:
>0:38.3,80.84;35.19,69.32;
#22:
>0:45.09,59.22;41.64,150.48;28.34,45.76;
#23:
>0:62.47,-122.62;51.02,-116.06;34.63,-47.82;32.53,37.45;19.09,85.4;10.94,166.25;
#24:
>0:63.02,14.82;49.62,-4.49;55.68,-54.46;60.22,-160.94;
#25:
>0:43.56,60.83;37.76,79.53;
#26:
>0:44.94,36.75;57.98,-37.98;
#27:
>0:64.42,170.79;53.44,108.22;41.22,116.62;41.1,100.51;29.23,12.36;2.78,-56.17;
#28:
>0:34.92,76.92;42.63,104.24;
#29:
>0:49.85,-125.92;34.73,-149.68;35.69,-93.13;38.8,45.91;
#30:
>0:64.67,-82.0;50.05,-38.23;37.66,23.52;23.04,9.05;19.01,21.62;4.12,7.7;
#31:
>0:42.37,112.33;43.16,89.11;
#32:
>0:59.01,72.96;47.04,16.66;46.22,-28.93;
#33:
>0:35.39,88.43;43.02,111.93;
#34:
>0:33.2,91.35;41.73,109.36;
#35:
>0:55.39,-105.6;46.37,-122.03;40.83,-100.94;31.19,-47.85;16.36,-33.75;
#36:
>0:35.06,94.5;40.82,97.17;
#37:
>0:9.83,-9.75;16.35,-2.56;31.23,-101.94;
#38:
>0:7.05,89.09;11.33,71.83;
#39:
>0:35.1,108.22;42.62,90.31;
#40:
>0:48.89,74.55;55.99,20.51;55.66,-18.67;
#41:
>0:57.73,-60.87;63.76,-1.28;55.61,113.08;
#42:
>0:37.82,77.1;40.35,83.56;
#43:
>0:47.14,-133.6;50.54,-145.25;
#44:
>0:42.89,111.64;41.32,81.08;
#45:
>0:5.19,-159.99;12.84,-79.1;23.53,-95.69;38.78,-32.25;48.36,-45.9;60.06,-152.21;
#46:
>0:59.25,-94.23;57.36,-57.41;56.23,29.55;43.79,18.66;63.03,140.35;
#47:
>0:44.46,23.49;63.77,100.23;
#48:
>0:11.78,70.27;10.92,65.2;
#49:
>0:41.65,95.88;43.49,85.47;
#50:
>0:27.42,109.64;17.9,41.75;1.39,39.48;
#51:
>0:56.41,-92.85;62.42,-45.86;62.28,46.01;52.38,32.78;57.46,157.31;
#52:
>0:31.94,40.71;37.65,39.49;45.59,-8.02;36.7,-173.98;
#53:
>0:24.99,93.64;30.3,172.78;
#54:
>0:34.89,97.96;42.97,89.81;
#55:
>0:33.22,62.15;37.58,61.76;
#56:
>0:37.62,104.44;41.74,87.09;
#57:
>0:40.3,66.51;38.26,104.3;
#58:
>0:40.9,64.63;40.8,106.86;
#59:
>0:56.81,158.61;45.94,72.19;42.48,93.48;
#60:
>0:58.66,-54.51;56.47,34.24;57.44,112.97;
#61:
>0:61.85,116.55;45.03,89.99;49.41,34.86;
#62:
>0:33.17,94.67;42.39,85.9;
#63:
>0:39.11,102.96;41.27,70.74;
#64:
>0:13.81,75.74;26.7,21.93;33.35,22.08;49.54,-38.55;37.16,-128.57;
#65:
>0:27.47,61.56;13.64,144.08;2.45,173.24;
#66:
>0:55.9,-145.57;48.28,-107.94;43.12,-28.79;29.03,8.09;19.82,107.0;6.51,133.66;
#67:
>0:4.05,62.41;12.14,140.42;
#68:
>0:44.93,-35.76;52.37,31.26;52.65,103.1;
#69:
>0:20.51,-77.24;32.77,-79.94;41.13,-12.31;45.16,18.85;55.07,-92.0;
#70:
>0:40.75,95.73;34.33,75.75;
#71:
>0:40.88,65.34;36.45,74.11;
#72:
>0:22.85,121.62;15.86,173.05;
#73:
>0:41.06,92.82;43.11,73.1;
#74:
>0:43.14,108.09;39.57,106.29;
#75:
>0:4.39,106.74;9.41,95.72;
#76:
>0:38.65,-135.29;52.31,-114.41;61.75,-112.07;
#77:
>0:41.26,81.55;42.01,85.43;
#78:
>0:52.76,114.69;61.44,20.19;47.54,-2.28;45.83,-97.87;
#79:
>0:11.25,-144.17;21.43,-179.05;
#80:
>0:3.84,142.75;15.69,109.53;30.49,10.79;36.58,50.23;37.38,-74.85;
#81:
>0:46.34,-140.4;41.05,-69.33;31.15,-125.72;15.21,-148.67;
#82:
>0:55.5,91.23;51.0,54.32;46.67,-31.74;46.15,-71.47;
#83:
>0:1.97,112.92;22.4,118.32;
#84:
>0:40.91,111.05;34.48,111.25;
#85:
>0:42.59,100.12;40.47,101.9;
#86:
>0:21.95,-160.33;23.08,-75.89;38.58,-23.31;47.61,-64.09;
#87:
>0:42.2,83.94;35.13,85.01;
#88:
>0:12.58,-107.23;14.28,-5.76;13.62,44.14;
#89:
>0:30.88,144.48;42.13,103.9;47.77,58.96;55.28,92.25;
#90:
>0:43.41,84.17;34.6,87.97;
#91:
>0:52.53,-159.24;52.24,-162.65;
#92:
>0:46.74,62.38;63.01,8.35;48.38,-15.17;57.21,-8.4;63.91,-163.64;
#93:
>0:33.84,95.28;38.72,64.1;
#94:
>0:56.06,121.82;47.75,81.58;52.95,10.59;
#95:
>0:43.58,57.72;38.42,113.37;
#96:
>0:33.55,64.76;37.65,93.55;
#97:
>0:56.5,-55.25;47.36,-102.79;34.96,-126.17;38.21,-75.15;14.55,23.86;
#98:
>0:22.79,-51.05;33.23,31.9;51.23,60.62;
#99:
>0:60.73,-102.63;61.57,-10.49;60.36,-0.89;53.77,48.74;57.77,152.48;
#100:
>0:11.47,-144.0;11.89,-110.6;14.73,-15.85;14.51,53.44;19.25,102.59;
#101:
>0:36.88,70.78;40.75,99.46;
#102:
>0:25.41,-91.58;30.59,-94.65;
#103:
>0:19.49,-155.35;24.15,-94.07;
#104:
>0:34.39,71.24;35.82,80.7;
#105:
>0:35.14,70.36;38.66,76.86;
#106:
>0:5.99,-147.17;5.54,-69.98;9.52,-47.26;13.74,45.07;11.82,63.0;
#107:
>0:35.0,115.79;38.47,114.17;
#108:
>0:39.43,98.67;34.38,114.31;
#109:
>0:41.11,65.47;35.56,93.85;
#110:
>0:39.07,110.91;36.68,83.48;
#111:
>0:34.5,112.44;41.8,68.4;
#112:
>0:6.24,148.61;21.61,91.27;31.48,12.68;36.64,22.86;42.07,-95.74;
#113:
>0:58.24,107.56;52.6,20.0;44.16,-14.66;
#114:
>0:18.56,112.91;10.68,58.96;1.39,-26.08;
#115:
>0:40.64,107.18;35.56,114.58;
#116:
>0:61.66,-120.02;64.07,-35.64;64.0,32.27;54.14,53.19;57.54,157.97;
#117:
>0:39.33,71.97;38.14,111.02;
#118:
>0:42.11,93.81;37.09,107.97;
#119:
>0:35.28,106.24;41.85,76.69;
#120:
>0:48.35,-152.81;52.38,-140.24;
#121:
>0:33.41,86.46;36.49,104.87;
#122:
>0:40.62,61.29;38.38,79.54;
#123:
>0:27.4,109.21;39.98,33.77;53.48,-8.33;38.27,-99.57;47.76,-126.74;
#124:
>0:23.51,9.28;17.12,106.9;10.12,162.11;
#125:
>0:63.63,165.34;51.31,96.49;39.97,141.55;40.62,114.8;28.14,53.86;3.58,-21.74;
#126:
>0:62.43,52.42;51.38,0.79;64.49,-80.34;
#127:
>0:44.57,-43.66;36.2,-77.97;30.19,-44.4;30.11,-97.14;11.27,-34.56;
#128:
>0:43.56,108.87;42.41,67.07;
#129:
>0:13.79,144.34;5.89,112.02;
#130:
>0:6.18,140.2;18.58,88.46;2.89,87.87;14.34,28.55;4.31,-4.49;20.17,-151.38;
#131:
>0:24.3,65.5;20.16,33.47;5.89,19.02;
#132:
>0:39.09,65.26;40.12,79.69;
#133:
>0:42.18,100.38;42.88,113.94;
#134:
>0:50.8,173.4;34.05,65.25;23.47,10.58;42.75,47.26;52.93,-75.83;
#135:
>0:35.78,64.11;33.71,62.89;
#136:
>0:51.3,84.01;42.3,165.06;32.78,6.44;
#137:
>0:53.32,-74.95;34.79,-142.12;34.8,-70.19;30.14,-164.47;3.46,-121.27;
#138:
>0:43.57,112.44;37.22,95.38;
#139:
>0:40.56,97.67;43.51,67.07;
#140:
>0:41.83,110.37;40.01,69.63;
#141:
>0:40.44,-164.51;42.8,-99.57;45.38,-30.54;45.07,13.03;
#142:
>0:4.52,112.33;1.74,64.7;
#143:
>0:61.76,-94.61;52.43,-161.97;33.87,-116.83;26.9,-32.18;14.05,-3.37;
#144:
>0:63.3,-23.48;51.06,14.54;52.02,66.28;53.67,141.76;
#145:
>0:12.25,67.94;11.1,63.09;17.58,9.32;5.4,-115.79;
#146:
>0:62.46,124.2;48.31,70.18;41.63,12.74;
#147:
>0:35.89,89.94;33.79,102.37;
#148:
>0:37.99,73.48;40.05,76.63;
#149:
>0:21.29,72.54;30.37,19.14;38.72,44.97;52.9,16.65;57.73,-109.07;
#150:
>0:33.27,100.51;38.62,80.87;
#151:
>0:41.78,130.03;52.67,111.88;58.67,52.8;54.52,-28.42;
#152:
>0:15.51,-13.46;28.04,41.05;
#153:
>0:43.17,75.01;42.97,61.71;
#154:
>0:48.78,117.4;35.37,75.09;27.77,6.04;20.66,21.25;3.75,-24.75;
#155:
>0:38.95,86.88;36.51,91.52;
