#0:
>0:43.59,-77.89;27.26,-6.5;29.83,45.31;23.27,100.82;
#1:
>0:5.04,16.54;12.83,72.16;31.15,66.07;
#2:
>0:28.3,18.28;37.19,21.5;43.52,-15.88;58.76,82.5;
#3:
>0:11.32,-35.67;15.39,-69.49;32.9,-82.53;
#4:
>0:37.52,-121.13;31.11,-98.14;
#5:
>0:47.3,48.92;50.59,84.36;46.27,125.23;
#6:
>0:45.84,-165.56;44.59,-133.19;
#7:
>0:61.91,38.89;52.9,8.57;44.32,123.08;29.42,144.21;
#8:
>0:11.96,-153.51;17.02,-93.44;22.88,-101.5;26.26,-40.59;14.63,0.86;3.31,155.92;
#9:
>0:41.17,5.61;45.55,107.79;
#10:
>0:31.72,167.11;25.88,106.54;25.85,4.69;23.61,-13.2;30.97,-92.78;
#11:
>0:42.27,27.73;49.46,-30.01;
#12:
>0:33.36,-138.23;52.25,-135.63;52.48,-30.64;
#13:
>0:49.22,159.99;41.68,89.22;33.15,-0.6;18.73,-59.39;
#14:
>0:43.2,120.17;40.11,130.1;
#15:
>0:44.76,139.99;40.66,124.62;
#16:
>0:59.32,4.22;50.0,19.19;38.64,121.35;22.71,137.31;
#17:
>0:24.69,71.8;40.22,133.93;46.52,144.12;
#18:
>0:61.3,-116.87;59.54,-11.24;
#19:
>0:61.13,88.19;54.12,11.3;34.15,-27.49;26.9,-118.06;19.13,-79.97;
#20:
>0:53.36,-106.42;34.98,-102.29;27.01,-122.99;14.64,-93.88;
#21:
>0:48.33,112.39;43.43,139.46;
#22:
>0:60.64,54.65;52.3,62.7;
#23:
>0:62.68,26.37;47.75,27.36;43.17,107.95;31.75,123.13;
#24:
>0:39.14,142.63;44.48,135.6;
#25:
>0:46.26,73.7;37.62,23.63;
#26:
>0:44.57,117.17;46.32,133.69;
#27:
>0:46.65,82.62;39.29,56.25;22.47,-6.56;18.7,-43.64;9.14,105.89;
#28:
>0:53.27,115.31;34.55,29.35;27.72,-32.17;17.41,-57.16;
#29:
>0:48.24,87.49;40.41,107.66;
#30:
>0:43.94,102.81;42.15,142.14;
#31:
>0:44.04,95.21;41.84,120.94;
#32:
>0:45.91,99.64;43.0,137.27;
#33:
>0:21.58,1.25;22.11,50.96;
#34:
>0:9.85,60.98;15.3,102.67;32.08,44.27;37.1,-50.78;46.75,89.04;
#35:
>0:58.31,94.93;53.67,27.19;40.61,-21.99;49.09,-67.39;63.73,-128.15;
#36:
>0:45.89,108.76;37.74,41.44;25.25,-41.42;13.32,-84.06;3.0,-63.09;
#37:
>0:39.76,121.26;40.62,132.36;
#38:
>0:42.64,130.51;46.78,123.93;
#39:
>0:26.74,35.83;41.59,27.93;40.56,-36.23;57.39,-41.64;
#40:
>0:45.35,106.77;40.02,135.42;
#41:
>0:15.46,25.93;12.82,-33.01;23.45,-27.22;41.11,-12.73;64.27,65.89;
#42:
>0:7.79,93.98;3.74,109.73;
#43:
>0:47.77,136.83;38.86,125.71;
#44:
>0:43.57,142.77;48.25,106.74;
#45:
>0:45.21,-127.68;55.38,-83.93;44.69,-28.53;50.45,23.68;54.73,30.11;40.86,166.62;
#46:
>0:50.27,-162.79;51.53,-92.25;47.33,-35.65;
#47:
>0:41.14,175.52;52.47,61.45;51.7,21.76;51.15,-38.41;
#48:
>0:40.24,139.8;43.04,124.28;
#49:
>0:42.35,90.6;39.76,105.4;
#50:
>0:31.1,-154.67;14.5,-178.53;23.84,-70.09;15.02,23.05;
#51:
>0:51.8,-120.85;46.86,-152.73;
#52:
>0:14.01,-147.9;26.05,-104.83;32.32,-41.2;34.79,-17.46;46.47,24.01;42.76,163.25;
#53:
>0:18.36,-111.25;21.23,-96.63;
#54:
>0:40.77,-118.6;30.18,-24.05;15.23,41.14;7.1,2.49;
#55:
>0:43.35,91.67;40.92,123.4;
#56:
>0:20.0,65.62;26.09,137.02;36.08,127.83;50.89,127.42;
#57:
>0:4.88,-94.91;20.14,-87.63;30.46,-111.25;29.81,-145.41;34.3,-163.77;56.21,-52.1;
#58:
>0:42.79,13.77;42.52,104.37;
#59:
>0:54.29,52.59;48.57,6.65;47.5,104.77;27.12,-20.73;
#60:
>0:45.48,-54.16;47.6,24.01;46.36,61.09;
#61:
>0:44.57,114.75;40.83,145.73;
#62:
>0:44.03,-60.43;46.68,29.72;55.13,87.8;
#63:
>0:47.31,124.31;43.76,142.97;
#64:
>0:48.88,93.42;41.07,117.48;
#65:
>0:36.23,-86.11;23.97,-26.65;16.09,-18.49;21.66,2.43;8.27,118.5;
#66:
>0:49.28,83.32;53.98,22.2;
#67:
>0:8.15,-3.63;20.37,-115.63;28.55,-81.18;
#68:
>0:55.3,-10.86;47.22,38.81;
#69:
>0:54.17,103.67;39.02,4.93;
#70:
>0:26.06,-121.22;15.09,-130.62;18.43,-96.52;10.0,-23.32;3.06,64.25;
#71:
>0:29.37,97.59;14.99,165.99;
#72:
>0:42.0,120.08;41.49,122.52;
#73:
>0:56.61,107.14;49.9,85.7;40.76,142.31;24.25,83.47;13.02,76.89;
#74:
>0:47.72,131.04;39.98,96.03;
#75:
>0:28.18,-9.98;37.34,29.77;53.97,66.88;57.49,150.43;
#76:
>0:54.5,97.62;61.03,-1.47;33.87,-17.24;
#77:
>0:48.31,-105.37;38.13,-119.85;33.01,-131.29;12.49,-96.8;
#78:
>0:52.06,151.28;58.57,89.32;51.62,10.97;38.82,-2.18;46.3,-23.12;38.67,-138.08;
#79:
>0:24.91,-35.36;38.08,-5.63;52.32,10.22;
#80:
>0:5.96,139.78;16.75,74.06;24.89,7.52;35.31,-23.24;47.92,116.22;
#81:
>0:48.33,131.75;45.22,106.78;
#82:
>0:7.31,-4.09;2.34,47.82;30.37,-47.58;
#83:
>0:40.68,97.29;42.33,111.1;
#84:
>0:5.82,-162.55;4.96,-98.02;20.05,-65.2;28.45,-129.55;40.0,-123.7;58.78,-121.3;
#85:
>0:45.8,103.0;49.86,6.51;
#86:
>0:47.35,131.18;47.3,97.67;
#87:
>0:15.3,-146.97;25.6,-65.38;12.45,-56.05;
#88:
>0:48.45,138.9;44.86,104.79;
#89:
>0:46.58,145.51;40.65,120.52;
#90:
>0:40.3,94.99;42.71,134.64;
#91:
>0:40.19,93.47;38.77,92.69;
#92:
>0:48.05,110.49;47.92,121.72;
#93:
>0:42.06,128.03;38.44,110.57;
#94:
>0:19.63,-140.52;25.58,-74.04;24.45,-19.72;36.63,-34.59;50.81,17.32;41.77,157.56;
#95:
>0:45.51,100.0;42.14,111.18;
#96:
>0:64.44,48.7;45.41,9.8;44.75,138.42;31.92,158.56;
#97:
>0:9.37,-82.2;22.28,-4.64;31.44,6.14;
#98:
>0:50.43,-75.56;37.56,-79.59;28.35,-175.91;14.36,-80.37;
#99:
>0:39.37,-25.92;53.3,56.36;56.65,13.66;63.82,154.78;
#100:
>0:33.02,-106.44;27.23,-4.72;25.53,24.9;25.32,57.32;
#101:
>0:33.29,145.87;32.74,100.49;21.59,9.4;11.56,-42.71;11.06,-65.75;3.7,-156.05;
#102:
>0:45.42,-14.41;40.09,37.54;28.56,-52.55;11.86,22.92;8.13,48.95;
#103:
>0:43.94,-36.97;49.69,9.93;56.86,87.45;
#104:
>0:8.2,142.15;18.63,98.89;31.7,52.18;39.49,-24.77;43.99,-50.73;34.22,-147.85;
#105:
>0:41.88,113.48;38.08,165.87;57.26,142.0;
#106:
>0:47.55,116.88;44.26,132.34;
#107:
>0:60.01,32.33;57.61,-14.7;64.16,-99.95;54.64,-164.66;
#108:
>0:62.05,-1.56;53.15,-8.36;42.99,-69.51;31.23,-108.37;
#109:
>0:41.07,106.85;45.0,99.84;
#110:
>0:47.21,109.17;47.27,104.8;
#111:
>0:47.71,137.21;39.8,105.99;
#112:
>0:41.36,115.91;41.29,116.51;
#113:
>0:13.07,-84.99;24.34,-88.54;27.22,-59.94;45.15,-42.24;
#114:
>0:31.64,18.37;20.0,40.23;
#115:
>0:40.56,136.16;42.09,115.99;
#116:
>0:25.46,5.88;37.82,48.61;37.1,-20.24;61.9,-59.22;
#117:
>0:40.09,106.39;43.43,115.38;
#118:
>0:39.65,113.45;45.35,132.89;
#119:
>0:56.59,134.21;48.53,120.7;41.09,111.46;37.54,150.15;18.76,143.01;
#120:
>0:31.02,8.94;42.06,37.67;37.78,-13.57;55.31,113.33;
#121:
>0:61.67,71.25;63.91,8.03;37.95,-23.7;
#122:
>0:46.34,-109.74;49.87,-93.92;
#123:
>0:44.47,139.08;43.02,87.85;
#124:
>0:25.04,64.45;40.46,54.76;41.2,-12.34;48.53,-92.7;64.19,-161.78;
#125:
>0:17.99,-82.6;22.2,-15.63;14.57,37.97;22.27,85.62;
#126:
>0:8.2,-22.55;11.03,21.27;17.88,-59.25;23.69,-59.04;43.32,-54.33;61.88,-1.77;
#127:
>0:2.71,-20.11;6.35,18.46;25.21,-41.21;
#128:
>0:4.94,155.86;18.01,89.89;27.29,22.89;43.59,-6.38;51.38,31.36;
#129:
>0:27.53,79.03;40.35,125.49;43.95,168.4;
#130:
>0:42.71,49.16;50.8,105.13;
#131:
>0:60.58,5.65;44.48,-1.66;46.73,141.11;32.9,138.26;
#132:
>0:21.04,-88.23;22.84,-34.62;39.02,27.94;51.38,74.97;46.25,140.12;
#133:
>0:46.97,-73.85;63.26,-158.71;
#134:
>0:56.8,96.38;64.6,37.46;54.25,-17.99;
#135:
>0:30.72,-129.01;12.64,-171.37;20.17,-71.55;4.87,-24.96;5.99,80.7;
#136:
>0:38.54,88.23;46.08,121.49;
#137:
>0:51.01,-132.68;46.93,-165.43;
#138:
>0:56.42,104.0;58.01,1.89;47.97,82.62;39.49,27.55;14.99,-7.82;
#139:
>0:38.48,100.58;39.07,119.75;
#140:
>0:47.92,119.73;42.21,145.21;
#141:
>0:55.33,-17.66;45.07,36.1;
#142:
>0:55.57,69.09;48.24,25.56;38.87,-34.61;51.59,-78.56;58.53,-147.84;
#143:
>0:16.05,99.2;8.95,38.84;3.27,-56.61;2.36,-117.71;1.83,-159.58;
#144:
>0:11.79,-125.42;14.81,-87.3;26.62,-172.91;36.35,-171.48;49.71,-84.35;59.31,-172.21;
#145:
>0:29.71,4.29;15.41,60.34;
#146:
>0:46.94,136.93;40.15,90.63;
#147:
>0:47.76,106.9;44.06,137.39;
#148:
>0:43.37,137.23;43.4,108.11;
#149:
>0:59.04,140.99;47.45,142.0;
#150:
>0:41.78,116.54;39.23,87.53;
#151:
>0:50.55,-127.63;52.78,-114.1;52.02,-26.98;53.87,37.34;
#152:
>0:42.58,12.14;27.35,-3.72;
#153:
>0:24.38,119.35;26.67,75.72;30.44,27.45;31.58,-41.59;31.02,-100.4;
#154:
>0:43.71,-137.73;60.02,-87.79;43.63,-54.79;53.79,8.24;62.88,31.73;38.62,136.58;
#155:
>0:41.52,105.39;44.2,128.59;
