#0:
>0:49.49,-123.63;52.48,-82.37;36.48,-36.33;49.33,47.7;
#1:
>0:27.66,53.39;30.56,-5.03;2.58,5.52;
#2:
>0:35.17,18.13;47.56,67.53;
#3:
>0:13.65,164.58;24.17,106.44;44.86,105.49;41.69,-51.89;
#4:
>0:17.26,160.46;23.23,116.1;45.97,127.6;46.68,97.3;55.36,41.06;
#5:
>0:8.09,94.79;4.62,52.31;12.7,21.58;32.39,111.97;38.42,127.49;62.55,74.81;
#6:
>0:39.28,91.28;41.29,106.67;
#7:
>0:26.79,-91.55;13.66,-6.25;23.34,0.72;19.87,73.37;20.38,121.25;
#8:
>0:8.22,-61.97;17.9,-47.79;25.87,-10.87;
#9:
>0:47.64,-82.65;47.84,-4.08;26.57,-82.24;
#10:
>0:49.33,-150.12;39.45,-100.54;30.1,-14.31;17.84,-49.9;4.37,-31.0;
#11:
>0:8.45,52.72;12.07,-2.96;32.26,106.07;
#12:
>0:44.05,137.98;45.45,132.12;
#13:
>0:28.72,-82.5;23.96,-57.29;52.02,34.13;
#14:
>0:42.14,144.79;47.93,122.44;
#15:
>0:25.57,-161.66;43.08,-165.6;39.6,-119.44;57.9,-104.71;
#16:
>0:40.94,94.33;47.26,133.88;
#17:
>0:4.63,-71.72;15.97,-31.16;23.95,0.51;46.08,105.5;53.1,136.36;
#18:
>0:28.39,160.69;12.84,133.15;
#19:
>0:32.85,15.21;30.93,-45.93;4.1,30.85;
#20:
>0:47.12,92.89;46.76,103.07;
#21:
>0:31.06,-34.09;18.97,-43.8;5.85,-49.39;
#22:
>0:47.1,145.04;46.13,100.05;
#23:
>0:55.87,-17.06;62.03,5.94;49.24,-34.24;41.28,32.85;29.18,6.03;7.34,151.09;
#24:
>0:43.84,142.93;48.42,125.65;
#25:
>0:57.78,123.17;43.82,96.15;53.61,50.37;42.95,-22.56;
#26:
>0:36.25,151.56;44.28,134.57;27.41,5.0;11.38,126.81;
#27:
>0:43.34,145.98;48.5,136.34;
#28:
>0:40.82,91.31;44.46,142.17;
#29:
>0:47.73,110.22;44.62,5.93;34.93,-34.76;19.69,-90.9;
#30:
>0:43.05,94.41;46.7,91.83;
#31:
>0:38.34,-30.21;37.66,-63.73;35.82,-130.47;
#32:
>0:34.55,128.6;44.53,87.02;26.13,115.85;31.19,37.57;22.03,-33.71;43.24,-171.83;
#33:
>0:23.06,-70.99;43.05,-57.37;46.81,22.87;
#34:
>0:46.04,130.65;47.76,103.11;
#35:
>0:41.9,140.33;39.8,131.22;
#36:
>0:45.51,-113.22;55.51,-100.83;58.39,-51.36;59.63,2.47;35.05,156.09;
#37:
>0:47.28,120.75;45.06,142.21;
#38:
>0:4.31,0.36;13.08,-53.57;28.9,99.4;
#39:
>0:49.73,58.66;39.16,36.54;27.42,-38.94;15.06,-102.64;26.96,-146.83;
#40:
>0:61.7,147.07;44.32,82.3;49.65,26.51;40.99,-11.95;25.55,-2.95;3.53,-165.03;
#41:
>0:21.78,80.03;21.4,34.91;26.8,19.84;17.55,-78.58;
#42:
>0:2.95,12.72;21.29,6.24;29.75,106.57;41.34,87.09;52.86,8.16;57.65,81.28;
#43:
>0:19.24,-18.4;13.63,43.77;23.13,77.66;24.25,118.29;
#44:
>0:52.01,-140.05;53.07,-131.81;
#45:
>0:50.69,-65.86;47.1,-38.51;37.9,7.16;49.0,22.69;36.53,153.85;
#46:
>0:44.51,118.88;47.92,90.12;
#47:
>0:63.15,-130.09;56.09,-63.81;48.46,-13.79;
#48:
>0:59.59,130.7;49.25,131.55;42.32,121.54;
#49:
>0:25.19,-1.62;29.68,-4.66;4.69,10.68;
#50:
>0:50.06,60.1;37.25,169.85;28.04,75.48;12.53,-58.65;
#51:
>0:25.29,-153.28;39.55,-151.14;49.97,-91.05;58.35,-31.49;62.42,98.55;
#52:
>0:30.47,-24.79;35.39,48.32;20.56,68.31;
#53:
>0:40.66,134.79;44.5,70.22;
#54:
>0:39.96,107.68;39.57,90.76;
#55:
>0:44.63,98.02;40.0,138.83;
#56:
>0:13.45,-23.64;19.77,23.16;
#57:
>0:46.47,-18.81;60.83,-91.49;
#58:
>0:1.74,76.42;2.93,45.57;6.48,-19.41;8.0,-68.18;
#59:
>0:11.07,150.05;11.1,78.93;29.35,62.7;
#60:
>0:4.13,71.69;20.63,127.15;23.38,162.69;
#61:
>0:39.5,136.99;40.38,141.1;
#62:
>0:61.39,-57.06;55.45,-83.26;
#63:
>0:34.9,-97.82;51.08,-86.03;55.0,30.73;
#64:
>0:27.04,-8.62;14.64,57.09;20.8,71.8;21.31,169.21;
#65:
>0:15.98,-31.31;21.14,46.89;30.38,64.96;47.32,142.58;58.53,147.66;
#66:
>0:43.78,136.35;41.31,139.87;
#67:
>0:27.91,-132.79;14.89,-103.24;6.32,-32.5;
#68:
>0:31.34,166.14;15.75,170.5;2.74,129.44;
#69:
>0:43.25,98.14;41.43,103.34;
#70:
>0:8.05,71.62;4.58,7.6;19.95,34.28;31.92,103.35;48.27,134.93;57.63,105.43;
#71:
>0:39.58,105.26;44.67,135.39;
#72:
>0:48.25,116.81;38.85,124.4;
#73:
>0:32.94,-97.7;13.78,-19.73;28.91,36.18;13.53,113.45;15.35,171.78;
#74:
>0:41.02,100.99;38.65,133.16;
#75:
>0:33.84,140.66;51.1,81.19;
#76:
>0:47.88,124.02;43.45,100.01;
#77:
>0:38.68,133.46;44.42,100.89;
#78:
>0:3.76,16.62;20.79,-53.92;31.82,61.49;
#79:
>0:34.83,-110.55;29.31,-23.21;14.26,-29.01;10.31,-22.43;
#80:
>0:54.94,79.71;60.71,53.01;39.37,151.42;
#81:
>0:26.31,171.72;13.61,120.49;
#82:
>0:41.28,142.72;44.68,142.46;
#83:
>0:19.99,-101.57;24.61,-104.3;38.15,-74.95;50.76,-101.62;
#84:
>0:19.7,-130.73;28.41,-150.79;42.69,-83.77;
#85:
>0:45.03,-41.9;60.7,-65.4;
#86:
>0:60.25,144.38;46.51,144.94;39.91,143.61;
#87:
>0:39.88,-1.6;44.6,14.55;37.59,-69.5;
#88:
>0:17.26,164.67;22.64,110.7;41.3,115.47;46.34,54.46;64.45,120.07;
#89:
>0:62.63,115.85;58.75,46.85;49.21,-30.16;36.74,41.0;12.4,-119.52;
#90:
>0:41.82,131.89;44.71,119.25;
#91:
>0:13.13,9.57;25.77,12.51;24.49,-54.39;16.67,-178.39;
#92:
>0:53.58,135.99;50.02,134.41;
#93:
>0:36.46,152.03;38.79,121.76;22.73,167.96;8.05,155.35;
#94:
>0:14.02,-98.86;2.91,-30.36;7.23,7.68;9.63,100.35;
#95:
>0:57.13,35.93;48.74,-38.21;44.13,-107.26;
#96:
>0:6.3,141.12;17.93,119.01;28.68,81.49;41.48,98.88;49.98,67.68;
#97:
>0:31.45,-94.91;37.09,-35.83;26.08,40.35;
#98:
>0:34.53,46.78;46.93,51.54;61.09,95.8;
#99:
>0:39.89,88.09;46.2,122.86;
#100:
>0:25.03,-149.27;30.67,-61.2;
#101:
>0:52.69,-129.39;49.39,-92.65;
#102:
>0:19.6,138.38;27.49,114.11;47.69,125.41;48.53,27.95;60.57,127.16;
#103:
>0:20.34,-35.16;25.31,43.06;31.09,-59.44;46.24,51.98;
#104:
>0:11.33,74.82;13.9,31.39;26.68,99.51;37.63,171.65;
#105:
>0:47.6,90.04;41.29,128.39;
#106:
>0:2.76,-112.85;20.81,-92.5;24.21,-44.31;
#107:
>0:41.12,90.26;46.99,100.03;
#108:
>0:58.58,37.18;49.72,102.74;43.41,130.59;25.47,102.95;20.68,44.3;
#109:
>0:8.34,74.53;2.02,40.82;12.92,7.86;24.57,67.54;48.3,121.24;61.68,93.77;
#110:
>0:16.13,137.41;29.41,111.69;48.08,142.28;46.33,-8.95;
#111:
>0:10.92,99.64;6.38,93.83;
#112:
>0:49.11,10.04;64.37,-52.71;
#113:
>0:45.2,94.5;40.39,111.04;
#114:
>0:63.07,-73.47;59.49,-19.79;54.14,-21.75;24.4,12.84;
#115:
>0:24.75,-74.03;27.57,-35.98;27.86,0.8;
#116:
>0:45.65,140.13;51.82,2.5;39.89,-26.57;12.87,-81.36;
#117:
>0:11.04,38.51;12.04,21.17;23.78,-24.36;42.64,10.37;53.81,-24.96;
#118:
>0:33.94,-3.9;34.92,-109.07;38.82,-126.45;
#119:
>0:24.46,-149.39;13.37,-107.46;5.72,-106.05;
#120:
>0:44.64,142.19;45.43,125.35;
#121:
>0:45.94,117.56;40.88,125.79;
#122:
>0:8.57,-75.12;15.49,-79.73;32.03,-141.73;
#123:
>0:11.63,63.81;11.86,24.16;
#124:
>0:1.59,-70.65;17.14,-38.1;12.01,46.4;
#125:
>0:50.49,96.84;42.36,55.91;28.68,-49.13;17.15,-109.37;27.71,-144.6;
#126:
>0:37.7,-58.15;38.79,24.02;47.83,108.46;
#127:
>0:20.25,39.39;12.0,-2.56;29.96,-90.17;40.81,-118.58;56.9,-63.75;
#128:
>0:46.85,144.53;43.96,136.94;
#129:
>0:35.71,-35.67;26.51,-28.86;18.62,-87.11;3.76,-62.22;
#130:
>0:40.4,144.63;38.91,110.2;
#131:
>0:48.02,70.12;56.09,73.33;
#132:
>0:44.21,138.41;48.25,139.54;
#133:
>0:48.48,135.46;44.83,114.45;
#134:
>0:56.48,33.03;59.32,-52.6;58.4,-94.81;59.07,-175.18;
#135:
>0:47.63,-62.29;51.86,-56.65;55.86,-49.65;63.56,54.65;33.42,128.91;
#136:
>0:52.96,-177.2;52.18,-165.52;
#137:
>0:43.98,150.32;46.64,119.74;24.22,47.72;19.51,-57.71;10.78,-8.02;
#138:
>0:47.85,-71.71;51.5,-21.43;55.72,-45.85;63.29,49.16;33.99,133.81;
#139:
>0:26.14,-14.58;22.29,55.82;41.76,94.84;
#140:
>0:49.59,-149.51;40.41,-157.47;
#141:
>0:8.51,-48.77;17.21,40.81;32.21,108.09;43.23,172.77;
#142:
>0:53.59,77.19;51.36,28.01;36.92,-8.15;16.78,-96.51;
#143:
>0:45.57,-149.79;53.1,-158.84;
#144:
>0:6.43,-73.85;12.92,-35.41;26.81,-105.5;40.01,-101.62;49.81,-164.25;63.48,-34.13;
#145:
>0:25.02,-1.05;17.48,-47.61;2.4,53.04;
#146:
>0:45.6,127.71;25.35,105.46;
#147:
>0:51.86,-125.71;51.93,-159.42;
#148:
>0:45.5,134.29;41.95,89.23;
#149:
>0:47.51,98.32;43.35,123.23;
#150:
>0:9.08,168.27;11.5,94.37;23.67,85.86;
#151:
>0:60.33,-131.8;46.88,-84.75;53.03,-21.03;
#152:
>0:35.85,145.25;53.98,86.51;
#153:
>0:61.17,49.7;61.94,30.19;
#154:
>0:17.78,134.4;23.39,57.88;47.41,88.55;52.6,1.97;56.14,157.92;
#155:
>0:30.28,-12.45;40.61,15.25;46.32,135.25;
