#0:
>0:2.55,173.21;13.18,65.1;22.73,56.13;33.18,35.91;
#1:
>0:17.37,54.23;31.54,71.19;
#2:
>0:41.53,-100.06;24.82,-115.77;30.39,-38.91;35.0,46.57;22.96,152.78;
#3:
>0:8.39,-125.83;8.75,-83.48;16.61,-105.92;25.24,-8.6;40.66,24.58;40.95,132.57;
#4:
>0:60.47,130.15;48.82,80.27;34.92,15.71;29.62,88.49;16.69,83.61;
#5:
>0:34.82,150.84;27.02,174.45;12.97,92.75;26.73,-0.92;25.47,-105.23;
#6:
>0:11.14,-60.18;19.55,-28.56;32.41,-14.84;38.49,-51.67;49.34,-9.62;63.51,-3.07;
#7:
>0:20.54,106.1;8.92,57.27;
#8:
>0:48.62,131.85;43.9,88.65;
#9:
>0:18.68,-22.71;22.18,-69.38;27.88,-62.76;43.94,-25.61;
#10:
>0:63.3,-27.47;46.99,25.4;43.27,122.41;50.96,119.42;
#11:
>0:10.69,143.82;18.62,81.11;25.64,18.93;39.96,-20.73;47.91,-6.12;61.43,-45.15;
#12:
>0:58.74,50.73;50.92,-28.69;43.27,-46.67;33.01,-79.27;
#13:
>0:29.93,-114.3;39.93,-27.28;40.64,55.87;46.57,130.48;49.64,161.01;
#14:
>0:36.13,140.98;48.35,79.44;
#15:
>0:40.12,145.57;39.14,131.45;
#16:
>0:46.0,140.6;42.0,115.37;
#17:
>0:7.62,-1.71;16.96,61.57;31.53,80.53;
#18:
>0:40.21,-116.98;53.79,-26.37;
#19:
>0:47.93,112.1;41.04,116.79;
#20:
>0:39.7,129.71;42.0,121.15;
#21:
>0:35.7,116.5;30.66,120.87;20.12,66.22;23.01,16.66;43.28,-60.1;40.76,-135.85;
#22:
>0:2.09,-9.02;13.83,27.54;27.31,24.42;39.47,-0.98;
#23:
>0:35.96,169.79;51.92,170.64;52.01,100.8;51.82,1.71;43.13,-13.12;39.64,-129.91;
#24:
>0:41.79,-14.54;51.86,-29.62;40.55,11.51;39.35,124.68;
#25:
>0:61.07,92.5;62.15,20.64;60.69,-60.84;60.51,-73.69;
#26:
>0:30.18,-26.49;23.95,45.59;10.6,62.68;
#27:
>0:2.05,159.12;20.99,160.61;11.07,66.86;6.78,-58.74;
#28:
>0:53.2,-142.64;48.46,-143.55;
#29:
>0:28.07,-123.87;19.4,-116.2;5.26,-21.55;12.24,53.2;8.71,30.28;3.19,169.13;
#30:
>0:47.84,-122.97;37.48,-88.4;43.95,-22.28;40.38,35.21;32.38,61.25;3.99,121.43;
#31:
>0:46.93,115.18;47.48,101.93;
#32:
>0:39.0,91.45;42.96,87.19;
#33:
>0:39.35,125.51;40.76,117.02;
#34:
>0:52.34,57.53;48.87,45.18;37.76,-31.66;24.08,-21.58;30.11,-170.54;
#35:
>0:7.79,66.56;17.8,62.23;32.41,56.03;34.07,45.26;
#36:
>0:59.0,47.83;53.64,69.4;37.41,116.79;
#37:
>0:35.03,87.46;43.82,99.26;
#38:
>0:38.69,120.48;46.67,124.99;
#39:
>0:38.05,-44.55;40.53,20.54;14.44,80.25;
#40:
>0:45.5,109.19;39.83,89.89;
#41:
>0:39.25,119.05;43.26,107.6;
#42:
>0:3.8,72.32;8.14,41.08;30.04,166.24;
#43:
>0:53.7,-126.45;52.43,-134.7;
#44:
>0:14.92,112.52;24.38,28.66;20.8,-45.12;20.35,-98.98;28.38,-166.69;
#45:
>0:29.24,13.06;28.97,74.55;12.55,163.89;
#46:
>0:45.94,-150.52;35.5,-128.94;50.76,-147.46;41.67,-150.99;31.76,-117.58;43.22,-10.45;53.69,-42.01;41.13,123.43;
#47:
>0:47.8,92.98;45.78,131.58;
#48:
>0:49.1,-123.05;46.71,-139.29;
#49:
>0:35.45,3.64;28.8,-5.93;30.51,-100.46;
#50:
>0:47.0,114.05;42.96,143.91;
#51:
>0:9.99,168.98;15.04,156.53;8.01,70.5;14.71,13.81;19.23,-47.24;1.36,-162.0;
#52:
>0:58.07,-60.07;47.68,-106.61;40.53,-111.35;
#53:
>0:9.81,87.95;7.22,75.64;
#54:
>0:11.58,81.45;2.23,107.75;
#55:
>0:35.35,-152.84;32.17,-104.29;34.24,-14.31;47.9,-3.61;33.58,33.05;17.45,166.32;
#56:
>0:53.48,-160.21;64.68,-161.6;
#57:
>0:53.92,114.0;51.85,3.18;52.29,-39.21;
#58:
>0:47.7,-166.47;41.13,-129.26;35.48,-90.25;43.16,35.55;
#59:
>0:21.0,45.74;22.88,-25.76;32.67,-110.52;50.64,-148.04;
#60:
>0:11.12,94.21;13.58,85.88;
#61:
>0:47.99,116.96;43.83,88.21;
#62:
>0:42.37,142.52;39.42,118.39;
#63:
>0:26.8,-7.42;26.1,47.83;10.28,79.17;
#64:
>0:28.31,132.9;26.42,115.35;21.13,56.09;9.79,17.23;4.34,-78.98;
#65:
>0:41.72,114.7;43.67,126.65;
#66:
>0:37.56,-90.25;28.55,-105.47;27.67,-29.87;32.05,13.55;32.28,122.7;
#67:
>0:19.72,-42.48;17.26,-106.94;31.12,-29.06;49.11,-9.96;
#68:
>0:36.72,-19.54;49.47,-29.72;40.44,47.58;19.61,156.66;
#69:
>0:6.5,138.27;12.81,125.08;26.35,90.59;40.52,133.18;45.41,112.18;
#70:
>0:37.76,43.71;51.62,-5.38;52.68,-62.87;
#71:
>0:37.81,33.69;44.88,135.1;30.69,172.31;10.35,99.27;
#72:
>0:40.46,-2.44;25.18,-75.08;
#73:
>0:46.57,114.56;39.69,136.93;
#74:
>0:58.65,144.15;51.74,145.4;59.65,10.23;
#75:
>0:62.03,131.25;45.07,148.02;62.28,56.14;
#76:
>0:24.28,-146.35;39.73,-148.99;42.9,-85.26;61.16,0.76;
#77:
>0:38.8,88.32;42.89,101.36;
#78:
>0:44.41,113.31;39.86,126.9;
#79:
>0:9.56,-36.03;14.34,-83.97;25.87,-105.29;34.97,-128.4;49.45,-106.84;
#80:
>0:4.8,56.86;15.57,101.47;
#81:
>0:59.12,85.8;58.47,46.29;49.65,-13.4;39.8,-50.62;23.25,-162.85;
#82:
>0:42.61,121.7;39.15,127.73;
#83:
>0:40.85,91.44;41.41,102.9;
#84:
>0:49.97,-137.41;52.23,-122.03;
#85:
>0:59.34,95.72;54.96,49.06;52.26,-2.65;34.39,5.54;27.78,76.16;1.46,34.73;
#86:
>0:46.52,93.25;40.37,88.96;
#87:
>0:26.29,-29.1;33.06,-94.13;46.35,-176.51;59.38,-137.7;
#88:
>0:31.77,35.1;36.57,-39.86;47.86,-60.08;63.29,65.07;
#89:
>0:40.74,128.73;45.4,136.33;
#90:
>0:25.74,-173.27;36.93,-138.91;35.98,-98.72;63.88,51.16;
#91:
>0:41.25,-11.36;26.49,-72.63;
#92:
>0:51.01,142.91;55.75,145.16;61.14,35.6;
#93:
>0:36.66,31.15;44.92,92.28;28.46,120.37;
#94:
>0:40.43,88.24;47.48,121.18;
#95:
>0:29.44,-146.59;43.25,-160.22;37.86,-92.95;64.16,46.01;
#96:
>0:44.0,113.98;38.98,126.42;
#97:
>0:58.81,-36.44;52.22,49.99;38.45,136.02;32.81,143.36;
#98:
>0:62.62,164.51;47.5,80.83;47.74,50.8;24.25,-48.27;
#99:
>0:37.61,111.21;42.52,90.17;
#100:
>0:54.84,34.25;46.11,-13.27;38.37,-26.39;24.76,-87.32;
#101:
>0:44.32,99.38;47.33,89.16;
#102:
>0:61.78,-136.13;49.29,-66.19;33.53,-17.7;52.36,-6.6;42.52,48.52;12.31,154.91;
#103:
>0:27.33,-96.9;21.43,-112.26;
#104:
>0:47.63,127.28;41.26,103.87;
#105:
>0:16.78,-74.35;24.87,-114.04;41.32,-5.92;
#106:
>0:26.65,119.62;26.55,67.53;21.49,22.15;18.59,-34.82;16.57,-96.14;
#107:
>0:21.42,16.86;17.35,-46.4;14.07,-84.26;32.4,-155.61;
#108:
>0:40.52,-19.02;34.07,44.11;
#109:
>0:44.47,87.63;46.81,125.96;
#110:
>0:1.87,120.79;11.96,85.46;29.11,54.0;43.05,-12.36;47.57,-2.08;64.56,80.75;
#111:
>0:43.63,94.7;39.63,98.25;
#112:
>0:40.24,124.27;43.41,129.05;
#113:
>0:3.44,-17.21;14.23,-55.36;
#114:
>0:49.09,-97.49;40.27,-34.13;50.46,-40.6;45.75,140.94;
#115:
>0:46.36,104.24;43.43,110.84;
#116:
>0:13.15,-114.42;5.54,-54.8;1.66,34.95;8.0,107.37;
#117:
>0:52.92,38.68;58.85,60.8;
#118:
>0:40.36,93.64;43.1,145.27;
#119:
>0:33.12,-47.47;38.6,13.94;20.6,55.65;
#120:
>0:17.54,-17.76;13.82,-105.73;24.22,-58.24;47.4,-33.26;
#121:
>0:63.3,73.83;59.81,2.67;50.63,-4.62;34.19,-20.35;19.37,-114.58;
#122:
>0:25.59,-147.7;39.04,-123.17;41.58,-87.9;57.89,3.4;
#123:
>0:9.39,91.27;22.2,98.52;
#124:
>0:44.1,106.86;41.14,144.44;
#125:
>0:20.19,-80.0;21.79,-8.0;42.83,-39.72;
#126:
>0:44.01,108.33;44.55,118.14;
#127:
>0:41.72,118.72;44.56,76.46;60.01,54.97;60.57,-42.55;64.15,-110.39;57.5,-176.06;
#128:
>0:39.56,120.51;45.8,120.65;
#129:
>0:12.91,-156.18;31.29,-73.96;13.88,-32.91;
#130:
>0:34.76,-123.84;28.3,-83.53;25.8,-163.52;7.63,-143.87;
#131:
>0:46.71,112.92;46.59,118.71;
#132:
>0:45.92,142.95;47.01,92.29;
#133:
>0:43.22,20.03;42.34,118.21;47.16,173.16;
#134:
>0:60.3,37.23;60.19,-37.7;54.33,-65.58;55.41,-142.61;
#135:
>0:48.34,129.01;39.77,114.56;
#136:
>0:9.03,72.22;17.07,77.74;30.14,26.17;25.72,72.11;50.34,134.7;
#137:
>0:4.56,105.56;20.04,82.13;14.19,-12.33;
#138:
>0:5.58,-170.36;1.36,-96.63;16.76,-85.44;32.87,-14.22;35.0,7.43;43.49,128.09;
#139:
>0:45.6,125.68;46.22,93.45;
#140:
>0:44.62,135.43;59.47,139.32;55.16,19.35;
#141:
>0:40.86,143.55;39.54,136.08;
#142:
>0:30.81,-4.09;23.49,-118.02;41.39,-146.68;56.16,-103.86;
#143:
>0:50.95,51.66;50.79,69.01;
#144:
>0:9.13,94.92;12.05,46.35;
#145:
>0:57.97,104.72;45.06,8.01;42.66,-3.48;34.71,-113.65;
#146:
>0:52.2,-175.04;45.16,-169.37;
#147:
>0:36.69,-90.68;29.93,-85.82;20.37,-3.02;
#148:
>0:31.29,96.63;35.3,46.53;43.87,-4.97;
#149:
>0:32.99,-132.9;16.5,-174.53;24.91,-109.42;31.28,-56.71;46.85,136.66;
#150:
>0:52.34,122.87;45.01,63.92;51.72,53.86;45.77,-32.54;
#151:
>0:42.8,-112.49;49.28,-152.96;59.7,-145.9;
#152:
>0:1.75,-36.11;21.27,16.24;10.49,28.85;31.57,122.07;
#153:
>0:39.17,135.88;48.21,118.62;
#154:
>0:41.01,112.15;41.67,132.82;
#155:
>0:40.23,99.86;44.08,101.01;
