#0:
>0:41.25,140.9;41.71,148.2;
#1:
>0:41.63,146.11;41.09,20.93;28.9,66.19;4.15,68.15;
#2:
>0:24.6,-32.66;39.96,56.73;46.11,69.15;62.31,152.1;
#3:
>0:59.75,11.83;63.31,107.23;
#4:
>0:47.52,125.33;46.29,125.7;
#5:
>0:19.9,34.54;26.26,41.28;
#6:
>0:46.41,141.67;47.1,133.49;
#7:
>0:53.2,-122.43;47.58,-109.34;46.79,-41.11;54.64,-26.15;60.07,13.99;53.79,140.89;
#8:
>0:11.32,-49.09;10.96,20.62;22.17,51.46;11.31,134.16;
#9:
>0:44.45,164.31;45.69,67.74;47.87,30.55;52.3,-28.15;
#10:
>0:14.11,-5.1;31.87,-7.49;40.64,-22.53;43.62,-109.65;56.7,-6.87;
#11:
>0:3.36,-26.35;20.81,46.7;18.1,112.73;31.7,85.59;45.91,172.72;
#12:
>0:20.79,-85.44;25.43,-115.24;
#13:
>0:37.38,136.42;46.96,123.75;
#14:
>0:42.17,-139.42;47.92,-160.9;51.09,-97.73;45.58,-26.12;32.73,111.06;
#15:
>0:40.53,117.07;48.42,151.34;
#16:
>0:15.12,-45.15;31.03,-112.7;34.41,-101.1;45.38,-172.06;
#17:
>0:33.79,121.87;29.33,81.29;30.26,5.93;13.34,20.17;9.63,-81.13;
#18:
>0:5.17,-136.42;21.91,-177.02;27.58,-127.87;
#19:
>0:53.52,-138.42;33.25,-79.56;25.18,-43.81;
#20:
>0:29.58,74.21;27.83,56.43;18.79,55.99;17.53,-48.29;20.71,-168.3;
#21:
>0:49.81,-1.8;55.86,-46.75;
#22:
>0:19.72,-80.88;27.75,-13.69;39.42,-38.56;
#23:
>0:18.88,52.16;16.4,90.06;26.9,17.86;47.21,37.19;
#24:
>0:9.41,147.39;2.58,70.71;4.28,30.01;11.9,-3.02;3.52,-113.7;7.34,-132.06;
#25:
>0:17.87,80.68;25.64,49.89;37.74,-17.71;52.81,-79.06;48.46,-148.12;
#26:
>0:17.17,48.48;17.61,97.4;31.18,47.24;43.89,-1.22;
#27:
>0:37.01,139.43;43.58,113.12;
#28:
>0:44.9,150.61;53.6,28.51;57.93,1.93;
#29:
>0:36.83,-78.13;46.65,-90.07;53.8,1.5;
#30:
>0:5.8,-76.35;13.28,-43.92;25.89,30.22;39.97,12.66;50.14,98.23;54.45,109.71;
#31:
>0:39.19,117.98;24.26,108.7;17.03,9.33;12.72,-60.55;2.66,-68.85;10.96,-129.03;
#32:
>0:42.52,151.54;36.82,136.92;
#33:
>0:50.83,97.84;36.25,45.96;24.07,73.54;13.61,24.02;5.0,-72.23;
#34:
>0:39.49,98.97;42.9,98.44;
#35:
>0:4.94,126.52;1.55,110.73;1.64,-1.82;13.71,-39.13;7.58,-75.75;1.45,-171.88;
#36:
>0:45.92,147.93;42.58,111.86;
#37:
>0:7.81,105.78;12.12,113.76;27.76,56.67;
#38:
>0:34.16,-130.46;22.5,-176.38;26.44,-105.74;25.33,-4.26;8.8,65.81;
#39:
>0:45.24,138.71;43.13,139.14;
#40:
>0:19.78,25.57;25.78,-50.75;35.36,-65.98;
#41:
>0:17.01,16.14;11.22,86.63;12.74,166.7;
#42:
>0:47.32,-175.3;36.9,-117.52;25.85,-58.34;14.64,-24.6;11.83,-59.74;
#43:
>0:57.96,157.14;48.03,76.19;34.22,50.25;32.51,96.94;18.35,17.97;8.25,-91.37;
#44:
>0:59.65,31.24;54.26,39.16;
#45:
>0:12.56,83.33;1.31,7.29;
#46:
>0:12.05,-41.44;26.76,33.28;40.94,32.2;45.78,29.01;
#47:
>0:64.55,-66.09;56.53,-64.95;
#48:
>0:45.9,103.17;38.77,123.99;
#49:
>0:32.99,59.73;22.65,52.08;12.87,40.57;20.68,-8.04;15.44,-131.68;
#50:
>0:28.89,-15.33;38.28,-107.36;
#51:
>0:37.2,161.92;23.85,143.73;13.69,122.7;
#52:
>0:11.45,-153.65;9.18,-109.66;2.47,-26.79;
#53:
>0:25.95,-153.96;43.35,-74.36;47.24,-78.28;51.31,-53.77;53.95,67.43;
#54:
>0:49.74,-156.22;33.66,-82.1;28.12,-11.15;19.59,-10.54;9.18,84.21;
#55:
>0:46.92,122.31;41.84,112.43;
#56:
>0:60.62,166.81;53.74,103.73;47.66,0.41;33.95,-19.48;26.75,32.1;3.27,114.25;
#57:
>0:47.09,133.42;25.87,11.76;14.39,46.97;11.6,24.39;
#58:
>0:25.56,70.84;29.26,51.41;28.49,-43.27;25.83,-107.36;30.19,-151.69;
#59:
>0:28.57,38.79;12.88,-3.72;
#60:
>0:3.99,166.78;18.77,107.77;31.72,38.75;36.15,30.37;53.61,22.76;60.92,56.07;
#61:
>0:22.98,-72.26;41.0,-18.08;44.9,54.85;51.93,100.4;59.17,135.87;
#62:
>0:4.14,-110.11;18.91,-40.69;22.44,9.77;33.39,15.31;44.93,17.06;57.52,21.95;
#63:
>0:61.62,-97.72;49.52,-58.17;
#64:
>0:49.34,59.92;48.76,0.41;25.98,50.72;
#65:
>0:6.48,-103.76;12.44,-61.66;26.14,-104.78;40.3,-128.78;44.77,-113.94;
#66:
>0:43.64,101.67;29.02,73.49;
#67:
>0:6.24,-61.17;17.9,-3.27;28.54,48.17;41.47,44.12;46.43,104.67;64.71,111.98;
#68:
>0:9.26,-98.45;20.84,-31.35;31.28,43.68;37.1,47.11;
#69:
>0:51.05,1.39;62.52,-22.9;
#70:
>0:40.07,-175.95;46.35,-175.17;50.56,-32.9;
#71:
>0:44.38,116.81;40.57,118.44;
#72:
>0:46.14,135.06;39.14,128.12;
#73:
>0:50.46,79.98;63.73,-1.71;
#74:
>0:50.52,131.0;37.41,109.71;
#75:
>0:60.16,-63.02;53.82,-148.42;40.23,-136.87;
#76:
>0:27.85,1.89;28.17,-18.6;29.33,-97.36;
#77:
>0:13.51,35.14;30.31,-24.91;41.09,-63.66;46.41,-93.29;64.2,-69.39;
#78:
>0:3.53,54.44;15.99,-2.11;27.17,-17.61;38.51,-43.87;51.88,-42.17;
#79:
>0:9.96,68.45;19.2,92.59;25.21,78.74;40.24,41.33;
#80:
>0:15.52,73.17;25.99,-0.86;43.91,122.11;
#81:
>0:27.59,-41.16;14.13,26.0;15.35,96.48;37.71,174.24;
#82:
>0:41.91,133.93;29.68,15.02;
#83:
>0:51.6,167.55;46.98,148.41;40.55,45.54;22.1,109.22;
#84:
>0:47.98,-22.76;37.1,51.34;39.67,140.52;
#85:
>0:38.9,118.22;42.84,97.28;
#86:
>0:52.1,-130.34;54.0,-88.55;53.99,-16.7;62.28,-23.19;54.71,31.09;46.17,116.46;
#87:
>0:62.24,150.4;44.01,136.05;36.58,151.78;32.89,168.66;
#88:
>0:13.07,166.82;28.1,86.94;38.97,29.54;48.16,-56.95;61.18,-65.3;
#89:
>0:64.6,-47.69;55.43,-39.42;
#90:
>0:62.11,-116.01;52.28,-57.14;35.74,33.75;23.39,107.75;29.41,155.27;
#91:
>0:31.99,-112.06;28.4,-115.67;
#92:
>0:51.64,-2.79;38.11,-18.12;28.33,31.46;40.48,160.32;
#93:
>0:45.48,58.58;34.18,151.06;31.06,149.27;
#94:
>0:47.17,-3.56;39.81,-66.54;25.38,-41.25;13.21,-111.14;
#95:
>0:49.62,-95.72;42.89,-87.2;30.37,-59.27;19.34,13.97;10.48,-111.11;
#96:
>0:28.87,-127.82;43.42,-106.03;40.12,-38.02;
#97:
>0:41.39,-151.63;34.89,-80.6;
#98:
>0:13.47,-143.51;14.89,-143.59;
#99:
>0:29.7,-166.18;34.79,-114.82;41.44,-13.8;
#100:
>0:43.88,132.49;41.59,139.82;
#101:
>0:5.99,-7.48;11.28,32.05;13.78,8.87;3.67,136.35;
#102:
>0:42.89,-159.11;45.95,-130.65;50.5,-62.74;50.67,34.32;
#103:
>0:45.97,-83.53;51.32,-32.73;35.79,2.4;27.9,83.76;12.19,135.1;
#104:
>0:10.1,161.95;5.32,100.57;5.09,20.23;
#105:
>0:20.01,-34.5;29.42,-66.29;41.71,-104.57;
#106:
>0:49.73,-171.62;45.06,-163.77;
#107:
>0:9.43,-47.46;6.02,14.34;17.21,50.19;4.18,168.17;
#108:
>0:14.0,-140.7;24.96,-110.72;42.16,-18.11;41.64,46.3;
#109:
>0:46.45,100.23;38.78,134.85;
#110:
>0:4.15,-68.34;18.68,-20.96;28.31,20.45;37.94,37.82;45.26,51.26;62.92,46.48;
#111:
>0:4.94,27.88;16.59,60.08;25.42,12.04;38.8,13.71;50.1,168.58;
#112:
>0:28.75,78.04;33.3,12.5;
#113:
>0:50.47,-93.07;48.67,-47.7;36.15,-13.9;30.96,17.09;10.29,-52.78;
#114:
>0:40.31,104.9;43.15,141.91;
#115:
>0:17.74,-150.33;1.62,-82.81;14.23,-23.23;20.66,39.24;6.35,79.02;5.24,133.95;
#116:
>0:36.25,35.34;37.7,-37.36;
#117:
>0:16.9,-16.08;20.08,-88.88;
#118:
>0:41.49,99.35;43.44,130.23;
#119:
>0:60.79,-22.88;50.01,-54.14;38.21,39.41;54.02,155.77;
#120:
>0:17.87,74.25;32.61,49.38;
#121:
>0:35.97,-3.1;45.47,-87.56;58.87,36.82;
#122:
>0:3.05,131.0;14.45,100.18;26.41,0.55;42.04,-39.36;50.81,-108.22;
#123:
>0:21.32,120.63;17.47,170.91;
#124:
>0:59.52,0.02;51.68,43.36;49.84,-107.63;
#125:
>0:3.08,98.69;1.67,101.91;
#126:
>0:26.06,146.77;13.82,136.37;32.61,115.46;17.27,-21.74;
#127:
>0:28.58,90.93;41.17,20.2;
#128:
>0:38.73,-155.69;28.84,-67.99;27.14,-29.01;28.57,22.8;
#129:
>0:20.61,4.68;13.72,96.78;26.65,156.78;
#130:
>0:36.73,-107.25;44.72,-78.26;51.94,-0.35;
#131:
>0:3.47,69.52;10.33,116.35;
#132:
>0:52.85,31.04;33.98,-23.23;28.66,55.09;32.05,79.78;7.82,83.88;
#133:
>0:46.58,-154.91;36.51,-118.07;25.79,-19.14;
#134:
>0:25.77,47.11;40.23,-15.81;39.96,-102.16;
#135:
>0:54.49,132.76;45.53,99.16;
#136:
>0:19.18,92.29;26.95,106.95;19.26,0.17;12.05,-12.54;21.18,-140.55;
#137:
>0:28.23,63.21;43.06,14.23;46.76,51.32;47.83,-95.27;
#138:
>0:43.45,-161.79;29.59,-118.97;26.3,-36.57;31.79,-0.63;
#139:
>0:47.99,-142.53;50.46,-84.49;49.96,-38.56;52.42,31.22;
#140:
>0:37.25,-85.35;38.98,-103.12;
#141:
>0:36.98,152.01;36.7,155.03;
#142:
>0:17.66,105.89;23.96,22.2;42.12,123.84;
#143:
>0:28.06,109.34;24.97,33.7;25.9,-34.92;23.83,-92.58;28.47,-165.49;
#144:
>0:9.37,-66.24;17.43,-48.94;29.45,-39.48;
#145:
>0:39.47,150.17;38.43,137.59;
#146:
>0:56.61,90.6;47.31,6.23;33.3,-10.34;22.8,-76.44;22.02,-73.88;
#147:
>0:51.63,-156.14;51.01,-112.27;38.41,-36.04;
#148:
>0:36.27,14.59;28.93,-1.67;27.92,74.09;8.77,75.96;
#149:
>0:17.23,-108.06;29.97,-176.7;42.75,-135.57;46.1,-120.57;54.76,-179.06;
#150:
>0:17.02,170.99;24.24,76.9;37.08,42.79;42.62,-17.54;
#151:
>0:53.5,141.18;39.13,137.14;32.07,21.25;21.8,3.81;15.59,-69.16;
#152:
>0:31.17,93.77;20.62,106.14;3.39,78.72;
#153:
>0:2.68,-158.89;15.67,-125.4;32.0,-147.15;33.09,-168.94;
#154:
>0:42.49,-30.27;28.43,-119.11;29.49,-148.33;
#155:
>0:2.9,172.3;21.1,92.47;27.22,11.27;22.49,-22.18;29.01,-69.67;
