#0:
>0:1.98,170.96;11.37,85.89;20.97,18.18;30.69,-7.4;27.51,-115.71;53.52,-161.96;
#1:
>0:35.2,66.53;33.35,71.38;
#2:
>0:50.87,-65.56;46.89,-29.03;35.92,-6.64;43.2,9.97;22.7,168.51;
#3:
>0:12.71,-165.62;27.21,-101.03;39.12,-26.97;49.88,-56.72;
#4:
>0:4.66,70.32;9.45,100.51;
#5:
>0:28.44,-136.4;40.36,-79.79;51.14,-86.92;
#6:
>0:39.23,-106.11;24.11,-50.44;13.71,38.51;1.9,105.06;
#7:
>0:21.55,93.59;2.82,38.63;7.16,-42.47;8.31,-119.27;
#8:
>0:41.26,118.31;52.56,155.5;53.62,73.26;64.02,23.33;55.15,-111.23;
#9:
>0:56.7,-103.29;51.48,-99.83;44.61,-12.48;61.28,75.98;
#10:
>0:36.21,43.5;37.86,-53.94;24.71,-96.61;52.51,-128.27;
#11:
>0:10.33,166.67;6.18,61.41;14.52,28.37;25.7,-17.66;31.74,-80.83;53.39,-124.34;
#12:
>0:12.34,26.33;22.83,-52.77;37.37,-77.0;34.76,-122.77;
#13:
>0:38.94,-137.24;52.04,-140.69;48.08,-90.33;51.89,-14.91;47.46,95.56;
#14:
>0:13.51,-21.66;16.06,27.25;24.22,74.36;18.76,145.08;
#15:
>0:44.14,44.25;52.79,113.53;40.98,147.03;29.06,112.96;7.46,157.27;
#16:
>0:51.38,-130.05;38.09,-72.28;
#17:
>0:29.03,-109.32;21.76,-51.11;11.09,16.88;
#18:
>0:50.95,50.28;51.4,64.65;35.21,130.33;26.61,68.99;5.72,173.34;
#19:
>0:47.01,89.42;38.58,144.12;38.33,109.35;18.02,68.28;
#20:
>0:30.32,-105.98;35.27,-51.05;43.74,56.3;48.03,111.47;63.18,120.68;
#21:
>0:38.55,90.09;33.41,64.57;
#22:
>0:36.26,107.12;35.8,63.69;
#23:
>0:42.63,109.52;38.99,62.08;
#24:
>0:10.88,110.04;9.81,95.63;
#25:
>0:26.46,58.44;39.24,11.75;45.27,38.42;61.83,-38.5;56.56,-147.87;
#26:
>0:48.49,-141.56;46.17,-161.72;
#27:
>0:13.9,-24.68;25.29,13.88;40.75,75.32;
#28:
>0:42.14,-85.03;38.11,-26.82;49.38,-18.45;38.89,82.26;
#29:
>0:2.51,157.65;13.55,71.83;23.09,100.44;35.46,-36.39;
#30:
>0:40.79,104.75;34.05,105.94;
#31:
>0:41.46,109.12;41.33,108.53;
#32:
>0:55.6,21.37;54.04,21.78;36.34,-16.68;32.78,-4.03;12.5,-11.42;
#33:
>0:54.42,10.13;60.7,92.8;
#34:
>0:41.16,101.64;34.01,107.78;
#35:
>0:35.07,66.09;36.77,114.34;
#36:
>0:61.37,-97.49;45.66,-139.56;35.45,-126.52;26.41,-125.07;20.07,-102.96;2.97,-147.01;
#37:
>0:48.57,14.98;33.58,-44.75;28.61,-61.83;15.38,-108.83;
#38:
>0:53.98,-78.78;47.3,-30.53;35.68,41.77;44.37,67.86;57.57,131.82;
#39:
>0:41.96,61.12;34.34,82.6;
#40:
>0:40.9,109.31;42.98,82.23;
#41:
>0:36.4,92.33;38.58,94.07;
#42:
>0:39.93,78.31;34.68,60.04;
#43:
>0:59.48,-106.44;53.35,-92.52;53.75,-145.4;25.0,-92.2;
#44:
>0:35.63,101.98;37.97,108.55;
#45:
>0:39.64,98.06;34.4,106.94;
#46:
>0:1.98,65.39;6.23,58.74;
#47:
>0:24.44,114.84;37.52,14.21;51.68,40.13;60.64,-23.62;57.26,-174.77;
#48:
>0:43.5,81.2;39.29,101.16;
#49:
>0:38.49,106.28;39.13,99.36;
#50:
>0:35.83,103.99;43.45,112.86;
#51:
>0:37.73,105.6;33.7,115.58;
#52:
>0:41.13,100.97;37.52,83.08;
#53:
>0:18.42,-176.82;24.32,-73.6;34.29,-55.69;47.72,35.82;61.2,77.2;
#54:
>0:33.93,105.12;34.59,98.61;
#55:
>0:7.51,-108.29;16.05,-128.92;28.97,-169.13;
#56:
>0:37.49,-108.43;44.16,-17.66;39.57,2.88;45.09,106.73;57.68,156.51;
#57:
>0:38.71,57.47;41.4,114.66;
#58:
>0:43.58,75.91;41.7,83.18;
#59:
>0:39.36,-136.14;47.21,-123.6;50.73,-74.16;53.72,-15.29;53.28,112.03;
#60:
>0:38.82,-168.87;38.24,-153.87;
#61:
>0:36.36,35.74;27.58,86.78;14.11,66.84;5.92,170.48;
#62:
>0:56.89,0.21;43.82,25.65;34.03,43.29;32.96,-27.33;
#63:
>0:38.9,65.04;37.17,86.87;
#64:
>0:40.0,16.83;40.23,-23.21;32.7,-77.29;44.25,-145.24;
#65:
>0:27.28,104.37;34.56,31.79;43.62,98.94;
#66:
>0:61.98,23.62;59.09,85.93;
#67:
>0:12.7,-11.42;31.83,54.91;37.88,115.95;
#68:
>0:28.72,111.62;40.74,23.02;48.98,42.47;61.02,-51.62;60.53,-144.96;
#69:
>0:43.07,114.25;39.44,88.2;
#70:
>0:41.33,-32.96;31.44,-102.41;14.03,-94.14;
#71:
>0:19.92,-80.66;7.52,-53.51;
#72:
>0:42.22,82.62;36.56,83.38;
#73:
>0:11.18,-128.48;21.99,-99.76;32.12,-33.02;
#74:
>0:40.78,66.31;38.49,112.55;
#75:
>0:50.71,163.3;63.95,66.41;
#76:
>0:50.02,-146.12;53.11,-107.57;36.04,-30.11;12.39,15.92;
#77:
>0:20.22,-28.43;23.91,0.21;41.55,65.42;
#78:
>0:13.69,115.53;10.63,47.46;3.2,-49.69;5.87,-82.53;
#79:
>0:24.85,-50.78;15.44,-115.76;2.48,-108.07;
#80:
>0:9.6,4.48;13.6,101.19;29.38,9.14;41.66,65.68;41.48,127.13;61.69,68.84;
#81:
>0:5.05,160.46;4.51,114.65;17.08,69.51;15.77,-14.08;
#82:
>0:42.57,65.34;36.46,86.65;
#83:
>0:45.78,-146.9;52.45,-99.28;41.71,-41.03;48.42,-37.23;38.68,29.42;31.78,156.45;
#84:
>0:64.48,-134.82;59.74,-74.87;44.82,-97.37;27.37,-24.59;
#85:
>0:38.5,111.8;43.0,95.57;
#86:
>0:33.11,-45.57;33.51,-57.59;
#87:
>0:10.48,-32.89;20.94,-103.16;26.59,-97.72;40.82,-123.23;52.65,-102.9;
#88:
>0:40.89,94.15;43.35,59.43;
#89:
>0:3.86,-25.56;10.71,-44.55;
#90:
>0:43.31,110.96;34.54,85.77;
#91:
>0:16.43,148.76;13.28,98.9;18.65,44.96;16.4,-23.04;22.32,-92.96;
#92:
>0:31.91,-35.99;19.91,49.24;13.81,101.78;
#93:
>0:40.24,98.38;49.7,34.34;54.42,2.73;57.83,-80.03;
#94:
>0:28.91,-82.35;12.57,-47.27;8.89,53.29;7.49,69.71;
#95:
>0:46.94,-127.69;49.49,-139.78;
#96:
>0:13.35,-29.14;30.67,42.06;39.04,95.36;
#97:
>0:21.4,155.26;13.17,97.72;13.74,34.53;20.78,-41.4;21.07,-109.68;12.27,-128.53;
#98:
>0:15.13,-39.68;25.97,53.5;36.46,108.36;
#99:
>0:34.12,108.05;39.13,97.64;
#100:
>0:40.19,107.62;33.74,105.55;
#101:
>0:52.45,75.4;42.62,47.38;25.23,-12.33;21.58,-90.96;7.09,-162.97;
#102:
>0:33.72,96.01;51.49,17.38;57.27,6.33;56.86,-63.61;
#103:
>0:38.85,86.04;35.85,92.61;
#104:
>0:37.4,15.67;32.34,-50.37;
#105:
>0:12.17,-177.81;28.23,-106.49;35.59,-3.36;47.5,-23.09;61.44,73.96;
#106:
>0:38.67,-143.16;49.41,-141.8;49.15,-93.69;45.17,-25.51;26.07,92.0;
#107:
>0:41.0,92.23;36.1,66.11;
#108:
>0:55.8,-109.98;61.28,-113.24;
#109:
>0:46.82,93.11;33.03,136.8;30.16,84.17;18.19,104.27;6.52,162.7;
#110:
>0:10.21,166.71;3.71,108.77;12.31,106.02;22.24,-25.23;
#111:
>0:51.27,134.1;42.3,69.31;
#112:
>0:38.2,90.38;35.08,98.43;
#113:
>0:10.99,64.66;11.25,95.82;
#114:
>0:45.26,-153.91;48.74,-115.59;40.32,-15.35;17.17,-33.65;
#115:
>0:37.93,61.79;34.19,105.3;
#116:
>0:31.1,-82.3;21.44,-9.8;9.02,8.74;8.54,99.76;
#117:
>0:60.83,57.34;56.84,12.54;64.44,-58.38;
#118:
>0:39.65,95.08;34.86,94.66;
#119:
>0:35.81,113.87;42.78,80.96;
#120:
>0:9.83,-145.89;14.8,-99.64;12.86,-52.63;15.75,0.34;
#121:
>0:37.83,94.31;33.98,60.93;
#122:
>0:62.77,61.31;52.83,42.06;36.3,-33.5;28.37,-94.38;14.46,-86.58;7.55,-66.19;
#123:
>0:47.82,-136.33;46.25,-125.31;
#124:
>0:61.89,122.05;52.99,82.1;34.1,173.54;25.28,112.07;
#125:
>0:37.44,67.03;34.52,109.67;
#126:
>0:27.92,96.76;36.51,12.96;45.23,7.93;61.53,-56.51;59.78,-156.28;
#127:
>0:40.62,69.31;51.13,32.4;58.21,53.71;58.85,-83.58;
#128:
>0:10.96,-87.69;14.96,-144.19;30.68,-125.61;
#129:
>0:15.57,73.84;15.86,8.12;21.36,-23.6;17.56,-101.33;15.03,-128.18;
#130:
>0:37.32,96.85;40.72,64.2;
#131:
>0:31.12,155.85;32.94,129.49;
#132:
>0:36.91,101.13;41.13,73.54;
#133:
>0:33.04,71.07;38.02,94.42;
#134:
>0:33.23,81.7;39.82,91.19;
#135:
>0:41.94,71.11;42.01,72.18;
#136:
>0:43.55,91.3;33.13,115.35;
#137:
>0:37.04,105.33;33.97,83.86;
#138:
>0:5.9,-59.1;2.51,19.51;
#139:
>0:15.85,-121.58;27.84,-110.29;40.24,-51.74;52.47,-45.51;
#140:
>0:11.79,114.88;12.14,89.44;25.63,55.45;40.72,67.3;40.0,172.89;55.56,66.86;
#141:
>0:60.54,161.85;46.93,64.01;39.85,114.03;28.22,101.29;
#142:
>0:53.17,-24.28;48.1,-51.52;
#143:
>0:34.53,100.27;38.58,69.95;
#144:
>0:42.52,85.37;37.35,95.85;
#145:
>0:35.39,63.55;23.57,61.25;40.51,59.56;
#146:
>0:51.08,-57.3;37.33,-44.07;37.1,-129.29;
#147:
>0:12.96,61.41;29.6,2.58;33.07,67.16;40.41,142.75;54.79,87.88;
#148:
>0:34.63,100.18;34.03,78.73;
#149:
>0:3.72,-135.94;20.94,-108.6;22.95,-45.52;21.97,44.75;24.76,91.28;
#150:
>0:41.16,4.22;34.09,-21.85;25.45,-108.6;44.09,-158.8;
#151:
>0:42.9,38.23;31.51,59.34;17.29,166.18;
#152:
>0:46.15,-24.05;37.39,48.17;41.29,82.52;53.67,154.3;
#153:
>0:37.83,66.94;36.36,65.56;
#154:
>0:33.93,100.49;34.8,62.52;
#155:
>0:24.29,130.23;40.58,85.21;50.42,111.67;
