#0:
>0:55.74,53.62;58.04,-0.99;
#1:
>0:4.12,18.97;9.95,-50.5;18.44,-89.68;35.22,-123.02;
#2:
>0:46.27,137.56;41.16,105.62;
#3:
>0:49.48,-50.79;53.98,-25.75;
#4:
>0:46.32,108.17;44.43,104.09;
#5:
>0:50.46,78.39;46.25,115.15;26.05,-9.19;
#6:
>0:48.69,68.9;48.21,43.32;45.93,-37.32;45.82,-91.48;
#7:
>0:50.51,46.13;43.32,12.2;23.65,-25.97;51.25,-163.86;
#8:
>0:38.67,88.61;39.88,115.39;
#9:
>0:30.98,135.16;18.57,135.8;11.52,139.3;
#10:
>0:45.92,112.18;39.38,123.78;
#11:
>0:7.96,-20.57;8.57,41.3;4.88,74.12;9.48,156.5;
#12:
>0:46.63,98.84;43.39,126.52;
#13:
>0:18.7,-129.93;7.4,-92.17;7.78,-17.09;5.76,22.6;7.03,58.62;9.52,146.94;
#14:
>0:5.85,-97.73;19.89,-76.95;5.34,8.49;
#15:
>0:46.49,-116.97;57.03,-91.16;
#16:
>0:60.22,-82.56;57.51,-62.02;
#17:
>0:49.65,-165.17;42.08,-88.22;25.5,-18.85;21.08,51.26;7.55,64.05;23.42,143.16;
#18:
>0:22.25,-2.67;31.97,-118.95;
#19:
>0:44.23,92.12;42.64,123.18;
#20:
>0:14.21,-18.64;22.52,-79.17;
#21:
>0:40.07,120.09;45.11,88.93;
#22:
>0:43.99,137.61;46.25,95.34;
#23:
>0:18.33,140.56;28.5,109.34;20.55,57.14;25.77,7.69;42.15,-86.01;
#24:
>0:20.46,-118.33;18.41,-14.35;15.16,31.28;
#25:
>0:38.72,111.96;40.37,129.06;
#26:
>0:31.3,99.63;18.37,9.29;19.38,-7.32;13.55,-86.44;16.07,-157.57;
#27:
>0:20.89,-171.76;32.17,-78.36;41.25,-70.48;47.06,-7.55;44.7,26.4;45.67,123.17;
#28:
>0:58.03,43.05;45.85,78.99;37.6,159.26;
#29:
>0:10.44,-63.28;17.46,-42.11;30.97,23.96;47.2,121.21;46.55,90.06;63.41,79.5;
#30:
>0:7.55,72.61;19.73,52.07;
#31:
>0:40.84,136.85;46.01,139.37;
#32:
>0:60.34,-47.35;53.99,-57.01;36.78,41.1;
#33:
>0:48.36,122.32;56.08,75.5;57.68,41.56;55.12,-42.87;
#34:
>0:57.45,-135.16;45.86,-100.2;42.13,-43.98;29.7,21.87;13.79,70.19;6.79,137.34;
#35:
>0:51.5,-174.42;34.85,-80.54;
#36:
>0:49.5,-139.32;43.94,-139.67;
#37:
>0:43.32,124.48;42.88,142.82;
#38:
>0:51.25,-94.47;56.82,-5.92;49.0,-36.5;49.47,32.56;53.05,130.43;
#39:
>0:14.88,-2.99;4.37,25.82;
#40:
>0:40.32,119.82;40.97,121.45;
#41:
>0:40.14,125.29;48.29,123.84;
#42:
>0:43.78,125.98;41.36,100.41;
#43:
>0:21.71,142.97;31.11,88.38;26.32,53.94;
#44:
>0:36.0,34.3;27.55,49.05;22.56,-60.41;30.19,-135.66;
#45:
>0:63.04,1.99;48.15,86.58;34.25,148.19;45.1,110.93;14.43,167.74;
#46:
>0:55.01,-129.48;59.57,-111.18;50.15,-15.48;46.97,19.12;43.91,102.15;32.3,142.73;
#47:
>0:22.82,173.41;46.61,101.7;34.07,34.4;41.37,-35.45;
#48:
>0:12.87,-84.6;22.29,-142.85;
#49:
>0:9.55,-106.27;18.49,-64.49;9.78,51.25;
#50:
>0:13.33,-98.8;12.99,-23.29;
#51:
>0:10.0,79.79;15.16,146.43;30.98,120.77;47.56,124.67;
#52:
>0:24.23,-151.98;19.3,-146.04;
#53:
>0:39.25,144.74;48.49,127.68;
#54:
>0:44.68,106.78;46.9,124.5;
#55:
>0:64.31,-111.25;51.94,-115.44;51.49,-46.91;46.58,115.29;
#56:
>0:47.2,119.33;55.75,109.99;61.37,4.91;
#57:
>0:47.3,109.8;50.77,129.36;
#58:
>0:20.81,-169.98;31.36,-152.24;34.46,-147.58;46.69,-114.69;62.14,-49.92;
#59:
>0:27.51,-89.79;38.28,-30.12;40.87,7.69;29.32,86.38;
#60:
>0:47.15,143.97;43.21,89.39;
#61:
>0:40.81,119.13;23.35,89.36;
#62:
>0:42.14,142.72;43.8,87.42;
#63:
>0:41.11,108.62;39.15,112.23;
#64:
>0:61.64,-86.13;47.31,-147.7;
#65:
>0:56.15,69.3;50.32,55.5;35.29,-18.84;28.73,-112.08;14.11,-134.47;
#66:
>0:13.95,-27.16;7.56,-1.86;
#67:
>0:9.2,81.73;14.86,-1.37;19.31,-29.14;13.04,-101.62;16.11,-143.02;
#68:
>0:56.63,81.57;52.0,41.08;34.4,-33.23;
#69:
>0:45.8,132.42;38.77,143.23;
#70:
>0:48.86,138.14;43.86,97.69;
#71:
>0:52.24,78.56;50.41,155.98;
#72:
>0:45.25,115.17;38.79,116.6;
#73:
>0:5.6,1.05;9.07,-36.15;21.09,-84.2;38.6,-133.69;
#74:
>0:46.12,133.29;43.58,98.34;
#75:
>0:32.08,-154.9;30.18,-116.47;
#76:
>0:58.34,147.7;56.65,80.09;63.11,38.2;62.73,-14.66;36.45,-96.92;
#77:
>0:32.4,163.57;19.14,82.88;
#78:
>0:7.67,-11.63;3.65,8.86;11.09,79.82;10.69,173.72;
#79:
>0:40.16,-148.9;31.41,-139.08;18.08,-114.31;8.95,-97.85;
#80:
>0:21.55,-178.87;27.02,-94.62;40.96,-102.99;36.25,-151.11;62.77,-43.54;
#81:
>0:40.57,120.24;41.03,134.36;
#82:
>0:63.23,-161.1;48.88,-80.2;
#83:
>0:48.48,100.03;40.5,94.13;
#84:
>0:56.42,-174.38;54.32,-99.13;51.93,-7.6;45.11,23.06;45.54,84.6;62.87,125.12;
#85:
>0:64.54,-146.24;62.18,-74.77;54.06,-30.38;41.16,-97.29;19.98,-168.15;
#86:
>0:47.32,93.35;44.53,127.96;
#87:
>0:33.29,8.93;50.75,-3.24;61.52,-80.53;
#88:
>0:57.29,-84.1;47.16,-156.89;
#89:
>0:16.92,158.77;25.46,108.39;36.67,32.99;50.17,-58.88;57.05,-116.94;
#90:
>0:41.15,-153.32;27.83,-155.26;17.26,-92.0;5.68,-78.88;
#91:
>0:48.76,88.88;42.77,113.44;
#92:
>0:38.36,86.85;41.28,111.71;
#93:
>0:45.09,108.49;36.04,137.35;
#94:
>0:16.99,66.0;23.67,4.94;24.59,-4.32;40.19,-94.89;61.73,-37.77;
#95:
>0:53.58,-132.15;41.61,-77.99;35.59,-145.34;21.05,-79.39;
#96:
>0:61.52,-156.21;46.37,-110.81;39.56,-26.52;26.35,40.93;16.8,70.73;2.04,122.8;
#97:
>0:48.58,114.82;36.94,139.04;
#98:
>0:63.53,120.08;50.61,103.76;
#99:
>0:38.3,4.07;50.66,-46.8;63.61,-110.99;
#100:
>0:59.27,30.16;58.44,-25.21;52.16,-112.47;
#101:
>0:7.85,-48.47;3.46,-31.11;
#102:
>0:41.27,-80.77;24.38,-168.94;15.79,-82.22;3.89,28.23;
#103:
>0:61.46,-15.75;46.13,-20.42;36.38,0.05;
#104:
>0:47.0,136.33;43.98,136.05;
#105:
>0:4.92,69.29;15.66,171.6;23.79,167.45;46.27,122.77;50.28,147.61;
#106:
>0:11.22,-174.0;17.81,-163.65;26.18,-88.33;33.84,-64.49;53.4,49.46;
#107:
>0:43.0,138.49;46.65,127.96;
#108:
>0:56.69,21.73;49.15,-1.49;
#109:
>0:43.51,93.04;38.42,97.91;
#110:
>0:16.86,130.36;24.44,93.5;33.16,47.77;49.08,-33.43;57.13,-95.39;
#111:
>0:43.42,-126.17;50.43,-84.21;59.53,-17.62;52.95,38.7;48.11,104.84;37.32,138.83;
#112:
>0:3.04,-17.84;15.57,-113.2;32.31,-28.5;
#113:
>0:33.57,-130.41;25.26,-62.31;30.4,-147.8;4.15,-3.9;
#114:
>0:44.9,90.09;41.13,90.51;
#115:
>0:3.13,-42.83;2.83,17.1;2.57,105.15;2.72,127.78;
#116:
>0:28.17,100.41;43.15,173.62;47.71,171.11;
#117:
>0:9.23,-171.95;19.75,-71.0;16.53,-55.27;11.11,22.02;19.72,62.16;
#118:
>0:50.06,50.95;43.15,4.38;43.37,-81.59;
#119:
>0:51.67,-168.1;33.55,-80.96;42.67,-145.65;17.77,-117.29;
#120:
>0:47.95,-25.97;60.57,-116.87;60.35,-123.8;
#121:
>0:43.98,125.0;46.19,121.13;
#122:
>0:52.47,-8.81;42.82,34.16;28.42,95.28;
#123:
>0:44.69,-6.57;49.69,48.51;38.34,17.35;18.68,34.08;
#124:
>0:63.27,171.41;55.87,81.29;63.22,5.07;62.44,-37.52;36.42,-114.4;
#125:
>0:61.03,-118.93;49.02,-6.76;48.6,14.21;36.65,33.32;12.98,9.73;
#126:
>0:31.22,69.96;34.14,127.81;43.69,163.55;
#127:
>0:13.43,-1.08;24.6,55.5;27.75,-42.21;41.39,-170.72;
#128:
>0:2.49,72.94;3.21,9.1;11.58,-11.13;
#129:
>0:42.61,142.85;41.32,97.89;
#130:
>0:30.74,-171.39;31.2,-103.14;47.7,-125.37;
#131:
>0:50.67,-160.33;45.91,-171.28;
#132:
>0:3.22,-35.17;7.13,-30.0;
#133:
>0:20.61,-111.65;28.35,-68.12;
#134:
>0:62.84,20.19;54.34,-18.74;47.73,15.88;25.89,-8.8;
#135:
>0:42.82,102.48;42.19,139.56;
#136:
>0:37.37,22.66;22.76,-23.76;27.85,-63.63;
#137:
>0:42.71,-142.2;22.46,-105.17;23.38,-146.76;7.11,-126.34;
#138:
>0:54.13,-48.67;42.79,53.29;22.78,69.7;
#139:
>0:47.47,-46.26;55.38,-96.19;54.65,-128.01;
#140:
>0:55.23,-143.17;64.54,-108.78;45.87,-9.08;44.36,31.83;48.45,88.36;29.72,117.99;
#141:
>0:43.96,110.13;44.52,66.64;
#142:
>0:15.06,-178.67;23.65,-118.44;
#143:
>0:11.8,69.13;8.83,94.3;
#144:
>0:15.93,-15.81;6.18,38.93;
#145:
>0:48.66,139.37;48.81,107.69;
#146:
>0:60.43,-61.11;59.91,-118.82;
#147:
>0:28.18,163.83;40.48,126.76;43.61,7.55;50.99,-17.19;52.47,-73.43;
#148:
>0:20.14,159.53;31.7,165.87;41.6,148.69;42.12,99.45;56.15,63.63;
#149:
>0:6.04,-132.2;21.99,-151.48;32.87,-112.64;39.2,-61.42;48.44,19.28;
#150:
>0:33.01,-58.36;37.82,-110.77;44.57,29.57;
#151:
>0:26.46,163.19;12.36,86.42;
#152:
>0:63.26,175.41;49.89,134.89;42.53,93.65;24.53,104.1;16.51,86.4;
#153:
>0:3.62,-164.31;15.48,-106.77;4.77,-35.02;21.1,17.45;20.19,103.77;34.11,125.5;
#154:
>0:62.26,-146.02;61.4,-67.25;53.86,-24.51;54.02,51.37;53.08,82.61;29.44,159.45;
#155:
>0:40.51,-20.94;26.4,-107.97;12.9,-64.97;
