#0:
>0:7.77,121.75;12.74,113.18;
#1:
>0:7.25,116.03;6.99,117.93;
#2:
>0:32.25,111.66;23.39,112.28;
#3:
>0:5.71,100.05;12.47,108.38;4.56,104.6;8.5,116.29;18.5,109.37;22.86,105.31;26.91,98.98;32.46,101.98;42.42,107.25;37.24,113.97;40.74,120.07;37.34,114.67;41.26,121.66;46.05,119.33;
#4:
>0:44.15,117.86;40.86,122.51;
#5:
>0:41.89,119.73;43.16,121.43;
#6:
>0:10.16,127.35;3.2,122.42;7.99,113.92;11.27,106.78;9.54,98.2;4.77,94.34;
#7:
>0:7.58,101.93;3.65,106.35;9.83,112.88;16.46,122.05;18.35,124.03;
#8:
>0:4.65,99.01;9.74,106.44;13.23,112.27;
#9:
>0:40.92,121.5;43.36,118.14;
#10:
>0:43.58,119.91;44.34,121.81;
#11:
>0:46.51,119.83;45.27,124.7;
#12:
>0:20.67,123.3;8.87,123.68;6.67,113.2;
#13:
>0:40.48,119.45;43.3,120.71;
#14:
>0:13.81,127.62;3.6,119.52;7.54,114.6;12.08,104.88;9.79,98.21;3.12,94.16;
#15:
>0:40.69,112.79;43.07,110.16;
#16:
>0:42.65,116.81;37.02,116.04;31.93,115.54;
#17:
>0:19.02,91.13;21.12,92.05;
#18:
>0:42.8,122.6;40.79,118.1;
#19:
>0:32.38,108.84;24.61,106.36;29.28,99.43;11.36,98.06;
#20:
>0:39.47,121.71;39.94,115.36;36.43,112.04;34.7,118.89;
#21:
>0:1.47,126.03;3.64,122.47;4.59,112.21;14.29,107.11;14.91,98.14;1.48,92.53;
#22:
>0:39.12,115.97;39.06,113.12;
#23:
>0:43.76,97.86;34.92,103.89;26.17,112.4;18.54,110.54;16.01,119.02;1.6,120.94;
#24:
>0:42.73,112.9;40.31,112.23;
#25:
>0:34.49,106.9;28.1,105.0;21.79,104.27;
#26:
>0:39.59,118.37;45.41,120.14;
#27:
>0:39.18,100.44;37.97,104.22;40.62,114.33;39.83,117.47;39.24,125.13;
#28:
>0:45.95,118.94;41.23,120.14;
#29:
>0:18.15,110.06;16.12,114.73;
#30:
>0:41.59,119.06;38.22,115.85;
#31:
>0:39.51,120.14;45.84,122.16;
#32:
>0:26.7,113.6;26.98,105.48;
#33:
>0:21.06,102.18;24.76,94.8;36.13,95.38;41.73,91.73;
#34:
>0:14.76,118.49;22.52,126.16;24.21,126.94;33.95,127.55;
#35:
>0:44.08,94.22;29.91,100.61;23.12,105.08;27.54,115.08;25.32,117.96;
#36:
>0:39.47,117.88;42.4,119.21;
#37:
>0:3.7,116.49;6.25,116.14;4.01,104.82;17.44,97.68;
#38:
>0:1.69,102.85;14.73,93.21;
#39:
>0:34.29,109.52;29.6,106.12;22.87,97.47;18.35,104.36;6.96,108.75;
#40:
>0:44.17,117.46;32.73,116.51;45.07,120.17;
#41:
>0:12.61,100.45;18.42,94.63;28.55,95.82;34.23,93.82;42.5,101.88;
#42:
>0:17.88,116.99;19.52,112.52;
#43:
>0:34.83,120.04;30.87,126.04;
#44:
>0:43.21,118.85;46.26,120.53;
#45:
>0:38.54,125.47;44.49,121.32;36.72,119.3;24.82,111.69;37.6,101.77;
#46:
>0:33.12,110.81;25.26,109.27;28.95,98.29;12.94,105.7;
#47:
>0:16.58,123.08;15.38,127.66;
#48:
>0:9.12,125.65;7.23,116.78;1.78,112.67;11.37,108.24;23.98,103.58;
#49:
>0:44.35,116.51;42.1,117.51;
#50:
>0:41.48,120.15;40.81,119.44;
#51:
>0:37.2,94.92;41.58,97.89;31.7,91.77;23.05,103.11;10.87,91.34;
#52:
>0:7.69,106.28;3.02,101.52;
#53:
>0:7.5,124.69;15.38,120.43;18.41,112.49;23.01,117.15;
#54:
>0:44.61,121.83;45.73,118.14;
#55:
>0:31.5,105.82;25.21,105.83;20.35,93.17;
#56:
>0:46.11,116.65;41.01,119.55;
#57:
>0:30.63,106.22;26.44,114.69;36.09,116.31;18.86,128.74;
#58:
>0:26.56,100.84;15.8,106.97;
#59:
>0:37.86,116.19;39.61,113.23;
#60:
>0:35.47,120.23;26.92,128.44;
#61:
>0:20.04,105.69;27.97,105.8;
#62:
>0:9.18,102.81;9.34,94.28;18.23,92.18;24.93,91.92;39.88,94.91;
#63:
>0:41.5,120.88;40.33,119.08;
#64:
>0:1.5,113.69;9.18,118.14;16.11,125.68;
#65:
>0:39.89,119.23;45.95,118.01;
#66:
>0:2.95,122.83;15.31,120.11;20.76,113.7;22.77,116.85;
#67:
>0:44.33,124.36;44.77,120.54;
#68:
>0:44.59,117.97;32.48,121.95;23.64,125.43;18.06,128.79;13.61,125.96;5.0,116.15;
#69:
>0:41.7,121.26;39.5,116.7;
#70:
>0:37.25,95.84;42.65,102.53;41.88,106.4;35.76,110.14;
#71:
>0:11.42,125.3;20.95,117.53;10.45,115.31;25.89,106.37;
#72:
>0:44.03,119.19;45.63,116.74;
#73:
>0:43.38,122.06;42.84,121.73;
#74:
>0:21.14,120.7;9.86,115.08;22.46,109.78;20.69,99.9;
#75:
>0:45.01,118.05;45.04,118.42;
#76:
>0:41.31,110.37;40.86,110.02;
#77:
>0:42.85,106.78;33.67,110.7;26.8,110.49;
#78:
>0:24.48,101.98;17.67,107.71;8.32,113.89;2.88,114.84;
#79:
>0:1.13,108.19;12.48,112.53;20.17,120.26;16.87,128.89;
#80:
>0:45.16,120.09;42.11,116.54;
#81:
>0:44.0,119.0;42.01,119.87;
#82:
>0:21.13,103.61;11.84,103.68;
#83:
>0:13.98,98.05;3.03,93.18;
#84:
>0:19.45,123.12;29.36,116.52;17.07,115.16;27.59,114.14;30.87,105.58;43.61,94.16;
#85:
>0:28.26,120.37;19.42,126.22;
#86:
>0:46.42,118.38;41.87,116.42;
#87:
>0:4.59,100.21;10.63,93.33;
#88:
>0:45.17,120.8;46.24,117.98;
#89:
>0:40.19,120.93;43.85,117.83;
#90:
>0:39.41,116.86;39.43,119.01;
#91:
>0:41.03,119.22;42.69,120.46;
#92:
>0:39.61,121.82;41.57,120.53;
#93:
>0:15.82,101.87;12.46,103.11;
#94:
>0:38.37,113.44;45.69,121.77;
#95:
>0:41.05,120.29;42.2,116.57;
#96:
>0:35.73,94.89;28.85,92.31;17.34,92.84;
#97:
>0:36.93,112.41;35.6,104.32;31.02,100.15;36.2,97.28;
#98:
>0:21.75,97.34;13.92,102.28;1.05,104.44;9.94,112.31;4.57,116.49;
#99:
>0:40.4,117.6;42.86,111.44;
#100:
>0:7.13,122.16;5.59,114.85;19.96,109.69;
#101:
>0:42.75,121.24;46.04,118.55;
#102:
>0:39.23,94.98;36.78,101.68;23.03,106.81;22.99,115.46;
#103:
>0:44.75,120.66;44.26,118.15;
#104:
>0:39.62,122.43;44.33,122.24;
#105:
>0:15.57,107.71;14.97,101.86;
#106:
>0:39.79,116.48;43.42,116.37;
#107:
>0:43.75,117.09;45.24,120.27;
#108:
>0:30.93,112.47;26.56,110.26;19.86,115.05;13.45,112.58;3.74,112.11;
#109:
>0:24.33,110.34;18.01,111.75;
#110:
>0:43.28,120.75;39.41,121.01;
#111:
>0:41.23,121.4;46.35,117.67;
#112:
>0:40.6,117.58;46.03,120.6;
#113:
>0:7.62,117.87;1.9,113.11;9.46,109.72;
#114:
>0:19.95,95.04;12.96,102.28;1.73,106.49;15.14,110.67;1.99,118.95;
#115:
>0:24.63,106.49;16.18,111.63;14.77,118.77;13.61,128.47;
#116:
>0:36.79,100.05;39.67,100.58;
#117:
>0:14.85,110.48;20.11,108.43;14.15,98.48;
#118:
>0:25.55,107.98;32.52,100.28;34.4,97.06;
#119:
>0:15.29,101.98;15.22,101.51;
#120:
>0:46.44,121.2;40.76,116.57;
#121:
>0:8.62,98.21;22.23,109.12;22.68,111.99;34.31,115.79;
#122:
>0:43.77,112.63;37.64,115.97;
#123:
>0:20.6,116.03;26.43,105.86;
#124:
>0:43.06,121.68;44.49,116.85;
#125:
>0:14.52,126.72;21.97,120.23;13.45,114.18;23.1,104.94;
#126:
>0:43.05,121.62;46.5,116.79;
#127:
>0:42.42,118.31;42.54,121.88;
#128:
>0:40.91,121.32;46.07,118.84;
#129:
>0:44.45,120.77;42.78,119.55;
#130:
>0:45.03,116.69;43.26,119.75;
#131:
>0:41.13,118.91;45.29,118.38;
#132:
>0:32.59,107.32;35.33,102.06;
#133:
>0:42.62,119.6;44.74,116.59;
#134:
>0:16.41,123.4;25.16,120.59;22.33,116.02;23.66,115.31;42.32,99.07;
#135:
>0:43.93,119.88;41.25,112.38;44.76,116.47;
#136:
>0:40.77,121.32;37.95,113.12;44.13,118.2;
#137:
>0:44.27,120.56;44.91,116.98;
#138:
>0:43.31,117.17;41.33,119.04;
#139:
>0:17.03,111.93;15.86,120.04;12.7,115.49;27.68,113.83;
#140:
>0:37.25,114.01;36.3,114.41;
#141:
>0:44.28,116.97;42.41,117.8;
#142:
>0:21.16,105.77;8.55,103.68;
#143:
>0:38.26,93.76;31.18,99.97;24.3,108.78;22.22,113.57;15.89,122.57;5.35,121.67;
#144:
>0:41.85,117.33;43.25,116.7;
#145:
>0:44.32,122.46;41.62,121.09;
#146:
>0:32.77,105.7;29.88,109.81;
#147:
>0:37.59,112.62;43.53,114.91;
#148:
>0:10.37,125.76;11.12,117.92;
#149:
>0:17.11,110.45;18.02,111.39;
#150:
>0:39.92,99.9;34.85,106.96;24.92,111.06;21.97,115.91;13.01,111.37;5.72,111.12;
#151:
>0:40.92,121.51;44.88,120.19;
#152:
>0:12.06,98.86;21.21,96.57;25.35,92.02;33.96,92.45;42.58,106.82;
#153:
>0:16.27,104.66;9.67,114.06;16.44,121.31;22.4,125.84;
#154:
>0:6.99,92.06;2.41,100.45;2.18,107.03;
#155:
>0:39.11,124.62;34.74,118.1;29.03,113.67;28.87,106.82;30.53,102.05;33.81,94.62;
#156:
>0:1.97,108.24;10.81,112.96;19.81,118.53;21.77,127.48;
#157:
>0:44.81,122.41;45.49,118.11;
#158:
>0:37.48,109.04;30.08,114.56;23.78,110.93;
#159:
>0:33.43,108.07;27.18,112.79;16.53,111.55;15.55,117.25;2.25,118.07;
#160:
>0:42.89,121.15;45.41,117.27;
#161:
>0:39.69,119.71;39.92,116.42;
#162:
>0:2.02,101.49;14.26,107.74;16.95,98.9;26.79,107.77;36.89,108.73;
#163:
>0:37.43,124.45;33.4,119.31;27.18,113.32;16.75,106.08;
#164:
>0:41.83,117.12;42.45,119.7;
#165:
>0:43.7,117.14;41.16,119.56;
#166:
>0:31.17,95.47;28.96,100.65;15.93,106.6;10.37,106.05;
#167:
>0:2.08,105.38;9.33,110.59;15.83,120.02;3.79,126.02;
#168:
>0:43.37,108.19;37.81,107.14;
#169:
>0:42.27,119.3;43.98,121.53;
#170:
>0:15.84,103.51;27.54,109.49;33.54,113.43;41.73,118.57;
#171:
>0:42.54,120.95;42.99,120.1;
#172:
>0:1.38,95.82;6.64,100.94;10.83,104.7;22.05,100.51;31.39,103.36;
#173:
>0:42.78,118.04;40.48,119.97;
#174:
>0:39.87,111.23;39.46,116.42;
#175:
>0:11.44,92.32;21.58,103.02;29.43,101.05;27.12,106.17;31.32,118.48;
#176:
>0:44.64,122.5;44.05,122.15;
#177:
>0:38.59,111.1;40.57,122.1;
#178:
>0:5.85,107.8;12.68,113.89;20.01,116.33;16.56,124.75;
#179:
>0:27.28,102.09;16.83,105.68;8.84,112.02;15.74,119.82;2.83,124.83;
#180:
>0:15.63,95.3;12.19,97.42;
#181:
>0:26.55,127.97;34.49,119.62;34.73,111.78;34.12,108.34;
#182:
>0:41.24,118.24;44.54,117.13;
#183:
>0:40.5,120.81;39.84,119.38;
#184:
>0:17.61,91.17;26.23,94.52;30.22,102.8;
#185:
>0:46.34,120.86;39.59,117.12;
#186:
>0:42.77,121.25;45.05,117.49;
#187:
>0:40.21,118.11;44.25,121.97;
#188:
>0:41.61,112.82;43.64,116.1;
#189:
>0:8.42,100.86;1.9,92.13;
#190:
>0:46.13,119.84;42.16,119.12;
#191:
>0:44.47,116.72;42.51,120.88;
#192:
>0:41.26,117.38;41.03,123.22;
#193:
>0:45.91,121.58;43.24,117.63;
#194:
>0:43.03,119.23;39.72,121.32;
#195:
>0:6.72,116.36;14.44,113.9;22.24,104.12;29.59,101.26;35.53,92.96;
#196:
>0:7.84,110.45;12.21,118.69;21.25,124.97;
#197:
>0:41.43,117.77;46.3,118.71;
#198:
>0:3.67,125.11;3.78,117.04;5.34,115.56;11.04,107.66;9.0,99.1;1.95,93.98;
#199:
>0:42.9,117.71;42.72,118.47;
#200:
>0:11.73,97.53;13.32,107.48;9.73,115.77;10.89,121.75;8.88,124.66;
#201:
>0:39.06,101.05;40.63,106.94;42.15,111.63;35.78,113.23;42.01,128.13;
#202:
>0:43.4,99.1;32.41,91.29;22.95,102.43;18.23,92.61;12.3,93.82;5.08,98.96;
#203:
>0:32.58,97.17;22.87,100.86;16.63,105.41;11.88,111.13;22.83,119.43;
#204:
>0:16.08,120.75;29.31,118.47;30.41,111.25;
#205:
>0:40.33,119.51;40.46,121.64;
#206:
>0:44.05,117.46;40.57,121.8;
#207:
>0:4.86,93.77;7.42,97.53;9.93,106.1;18.61,100.33;35.84,102.97;
#208:
>0:30.05,99.55;36.72,102.12;
#209:
>0:41.66,118.13;41.6,118.48;
#210:
>0:45.32,116.31;39.55,122.13;
#211:
>0:42.59,114.04;41.37,121.49;
#212:
>0:27.11,117.12;17.51,115.96;28.86,115.82;41.82,98.36;
#213:
>0:43.74,113.33;42.03,113.29;
#214:
>0:15.28,125.32;16.39,117.7;25.9,113.21;35.49,109.87;42.98,99.73;40.02,96.3;
#215:
>0:3.69,125.58;6.41,118.47;1.19,113.74;12.34,108.75;13.75,99.13;7.36,92.69;
#216:
>0:46.09,119.36;42.43,125.41;
#217:
>0:27.12,109.94;33.74,111.0;
#218:
>0:15.43,125.96;13.86,128.35;
#219:
>0:25.85,93.51;22.27,100.09;10.84,104.08;6.62,113.52;4.97,117.53;
#220:
>0:44.14,100.27;40.93,108.32;36.64,110.53;
#221:
>0:32.66,108.83;27.15,100.2;19.25,92.64;15.15,91.19;1.99,98.47;
#222:
>0:25.28,105.63;27.82,112.19;22.34,111.62;1.6,101.87;
#223:
>0:36.28,117.87;33.73,116.81;
#224:
>0:42.26,113.52;42.32,119.04;23.16,126.18;
#225:
>0:18.59,103.14;8.53,99.33;
#226:
>0:19.59,111.28;29.25,114.47;36.65,116.57;40.38,119.69;
#227:
>0:20.84,128.66;17.73,116.81;4.6,120.68;
#228:
>0:14.87,126.98;17.37,120.66;9.63,114.06;27.61,104.08;
#229:
>0:27.19,109.75;25.1,110.09;20.95,114.85;29.24,123.24;
#230:
>0:17.89,117.46;12.44,110.69;17.59,106.61;19.44,100.42;
#231:
>0:44.57,118.16;44.62,121.69;
#232:
>0:41.73,118.77;43.83,120.89;
#233:
>0:40.81,121.31;42.94,116.63;
#234:
>0:43.18,116.99;42.1,116.59;
#235:
>0:42.8,119.2;42.9,117.95;
#236:
>0:42.4,122.13;45.37,118.76;
#237:
>0:41.13,118.99;41.09,121.87;
#238:
>0:18.88,125.86;11.12,128.16;9.17,113.67;
#239:
>0:42.62,119.64;41.31,113.07;40.58,117.06;
#240:
>0:40.55,121.38;41.69,117.21;
#241:
>0:44.88,117.96;42.3,119.73;
#242:
>0:39.38,116.53;45.64,117.93;
#243:
>0:40.76,111.72;40.09,120.04;
#244:
>0:45.8,119.25;44.73,121.39;
#245:
>0:44.52,118.49;39.7,116.75;
#246:
>0:40.59,112.2;40.19,118.15;
#247:
>0:5.86,100.58;8.73,97.37;
#248:
>0:40.27,97.71;41.61,106.83;39.15,113.28;31.58,116.64;
#249:
>0:42.71,118.5;40.5,119.86;
#250:
>0:39.88,121.13;44.57,121.45;
#251:
>0:42.33,120.57;38.67,114.44;45.03,118.29;
#252:
>0:40.47,122.11;40.32,117.83;
#253:
>0:23.63,114.65;33.66,112.7;41.99,115.03;
#254:
>0:25.97,109.0;24.95,110.13;18.85,113.27;25.99,128.27;
#255:
>0:28.88,110.07;16.49,116.27;
#256:
>0:27.27,125.55;34.66,117.95;36.46,112.22;34.48,109.96;
#257:
>0:37.77,116.66;38.02,115.04;41.93,119.02;
#258:
>0:42.69,116.82;41.81,118.97;
#259:
>0:1.28,112.71;6.2,108.22;9.35,113.3;25.42,107.98;
#260:
>0:43.37,112.85;30.1,111.47;
#261:
>0:45.76,121.83;45.91,120.17;
#262:
>0:4.54,119.92;6.72,112.31;19.27,107.09;
#263:
>0:41.45,117.39;43.54,118.08;
#264:
>0:46.34,117.72;43.35,119.26;
#265:
>0:13.01,128.72;22.29,121.36;23.88,118.09;31.34,118.21;41.84,119.67;
#266:
>0:4.6,116.34;6.07,115.7;6.59,109.48;18.03,99.15;
#267:
>0:42.25,118.97;44.13,121.45;
#268:
>0:15.67,117.01;12.35,113.02;15.22,105.51;
#269:
>0:17.51,102.25;10.07,109.23;8.08,104.8;14.21,110.99;7.51,122.87;
#270:
>0:39.79,122.61;41.14,116.94;
#271:
>0:41.91,117.83;44.63,120.37;
#272:
>0:34.56,100.06;41.38,104.72;36.23,111.6;
#273:
>0:22.94,127.49;15.55,127.89;15.64,121.05;17.02,104.52;
#274:
>0:17.75,120.7;24.48,123.41;
#275:
>0:43.59,112.11;37.11,112.26;
#276:
>0:39.85,117.9;39.76,120.61;
#277:
>0:42.7,120.56;41.28,117.16;
#278:
>0:41.22,122.45;42.69,117.47;
#279:
>0:44.46,117.69;44.99,118.69;
#280:
>0:18.13,113.39;19.22,112.47;
#281:
>0:14.71,91.16;18.29,102.61;28.96,100.11;26.57,106.18;32.48,119.7;
#282:
>0:41.04,119.27;42.01,122.09;
#283:
>0:45.46,116.91;43.52,120.11;
#284:
>0:34.2,111.97;38.15,104.71;43.64,100.23;
#285:
>0:40.58,122.05;43.94,117.21;
#286:
>0:44.09,119.31;40.66,119.32;
#287:
>0:43.25,119.28;46.48,122.57;
#288:
>0:41.4,119.01;38.47,114.49;40.26,119.49;
#289:
>0:27.99,120.19;27.76,114.99;
#290:
>0:46.13,117.14;42.91,117.29;
#291:
>0:32.12,114.93;36.55,107.72;
#292:
>0:13.41,96.6;16.81,96.77;26.12,97.37;34.83,103.24;
#293:
>0:44.36,121.53;42.2,111.08;41.5,119.64;
#294:
>0:43.37,116.23;44.01,107.31;37.26,98.68;38.37,91.99;
#295:
>0:39.37,120.17;42.33,119.79;
#296:
>0:40.46,118.94;43.07,119.71;
#297:
>0:19.87,115.55;15.64,116.07;
#298:
>0:31.5,94.4;27.62,101.09;15.51,108.74;11.37,113.15;22.69,118.88;
#299:
>0:46.38,122.32;41.1,117.73;
#300:
>0:11.18,95.26;16.59,91.37;28.89,94.17;28.54,99.73;39.92,108.48;
#301:
>0:8.21,105.66;11.08,98.4;20.89,94.73;25.25,96.7;32.86,96.81;41.18,100.62;
#302:
>0:40.49,113.3;41.83,116.07;
#303:
>0:4.54,103.99;12.99,115.25;16.13,118.94;4.33,124.1;
#304:
>0:4.61,112.46;4.24,106.81;9.11,111.3;26.46,116.86;
#305:
>0:24.64,127.18;35.61,116.9;31.32,110.42;33.31,108.83;
#306:
>0:41.84,121.28;43.72,118.14;
#307:
>0:21.49,127.84;28.94,121.33;19.1,115.9;25.54,111.82;31.41,104.29;41.13,91.9;
#308:
>0:11.06,123.12;21.42,116.41;23.3,110.16;31.77,105.41;40.73,101.31;40.18,92.71;
#309:
>0:41.92,120.95;43.7,118.54;
#310:
>0:36.03,95.66;27.22,99.13;20.27,105.75;12.47,106.3;
#311:
>0:20.35,125.98;23.63,118.53;19.74,113.23;25.36,116.29;35.57,105.65;40.55,95.33;
#312:
>0:40.66,119.48;40.37,119.69;
#313:
>0:34.14,118.44;23.98,125.06;18.4,116.68;
#314:
>0:40.58,120.37;43.46,122.6;
#315:
>0:26.95,110.48;21.45,111.43;8.68,115.91;2.67,115.8;
#316:
>0:17.46,107.22;29.26,104.28;
#317:
>0:37.68,102.79;33.29,95.5;22.8,103.31;17.22,95.57;14.57,94.3;1.75,97.44;
#318:
>0:34.31,127.77;27.1,124.54;
#319:
>0:28.28,105.24;21.69,110.36;22.59,119.15;5.33,128.46;
#320:
>0:42.57,118.02;45.21,122.56;
#321:
>0:42.05,122.2;45.33,116.42;
#322:
>0:42.76,116.74;42.12,118.64;
#323:
>0:43.45,128.22;30.07,127.83;24.69,116.31;23.16,123.22;15.31,125.44;
#324:
>0:46.41,122.53;42.72,119.94;
#325:
>0:44.06,128.76;32.39,118.64;29.5,125.66;17.57,123.3;12.94,120.4;
#326:
>0:43.5,118.46;43.91,120.6;
#327:
>0:31.94,121.72;36.37,116.37;
#328:
>0:44.81,118.6;40.98,119.08;
#329:
>0:41.59,110.31;42.17,111.66;
#330:
>0:42.18,117.46;42.33,118.5;
#331:
>0:13.78,113.37;21.83,117.24;7.97,124.99;
#332:
>0:42.33,117.83;43.12,117.6;
#333:
>0:41.75,119.24;39.73,122.15;
#334:
>0:21.23,112.91;16.8,111.29;
#335:
>0:27.6,117.43;27.07,121.2;
#336:
>0:5.44,96.08;6.54,99.62;14.09,109.25;28.51,106.95;
#337:
>0:43.64,118.65;42.68,116.57;
#338:
>0:44.29,119.85;41.54,119.75;
#339:
>0:24.93,101.75;19.07,105.42;
#340:
>0:40.86,121.9;41.14,118.13;
#341:
>0:24.18,106.58;27.76,109.53;
#342:
>0:42.03,122.04;45.26,121.1;
#343:
>0:42.01,114.95;43.97,115.98;
#344:
>0:8.93,97.22;17.02,92.18;24.08,94.55;36.9,100.04;
#345:
>0:41.84,120.32;45.0,117.76;
#346:
>0:5.17,118.3;7.91,115.99;4.91,105.54;18.44,101.45;
#347:
>0:43.01,121.61;40.1,120.78;
#348:
>0:41.99,117.01;46.17,120.93;
#349:
>0:41.16,121.29;40.17,116.34;
#350:
>0:4.43,100.34;1.89,94.34;2.62,102.28;9.41,109.94;9.13,99.36;21.45,93.82;27.58,93.78;30.4,92.23;31.78,98.22;44.03,108.08;43.12,115.5;44.78,120.26;39.85,111.74;42.61,120.73;
#351:
>0:42.35,122.01;45.37,119.63;
#352:
>0:27.58,96.55;25.55,98.02;8.58,105.43;
#353:
>0:12.33,118.94;9.06,119.81;
#354:
>0:5.45,104.38;11.24,114.26;21.84,104.94;24.86,106.84;23.33,99.61;42.97,105.52;
#355:
>0:44.83,119.46;39.62,119.72;
#356:
>0:41.45,113.56;43.5,117.5;
#357:
>0:18.98,121.09;8.91,115.61;9.38,107.59;
#358:
>0:45.24,117.2;40.24,118.48;
#359:
>0:33.52,109.97;35.29,114.39;39.72,118.05;40.28,127.15;
#360:
>0:5.11,106.47;10.23,115.35;16.37,113.27;23.75,115.37;31.26,111.09;
#361:
>0:46.54,117.74;40.45,120.03;
#362:
>0:43.86,120.31;43.1,122.16;
#363:
>0:31.03,112.96;40.2,112.83;
#364:
>0:26.69,103.69;36.66,109.0;
#365:
>0:46.19,118.14;45.51,116.78;
#366:
>0:44.2,122.21;45.03,121.58;
#367:
>0:12.79,111.04;19.11,110.78;11.57,101.61;
#368:
>0:15.31,119.7;15.55,112.56;29.64,110.0;35.55,104.13;44.12,96.95;
#369:
>0:1.3,127.44;1.05,121.06;7.54,115.69;14.01,109.52;8.5,98.05;1.45,96.05;
#370:
>0:43.59,121.03;41.52,116.55;
#371:
>0:23.97,98.54;17.54,102.77;11.69,92.2;
#372:
>0:21.34,124.69;13.57,126.74;1.43,115.91;
#373:
>0:32.6,93.48;26.33,98.36;15.57,108.36;8.34,110.45;8.08,121.95;
#374:
>0:4.7,121.8;7.3,114.54;11.79,119.67;22.91,113.14;
#375:
>0:43.89,113.45;42.64,116.8;29.93,122.95;27.02,119.77;16.43,113.34;5.09,107.35;
#376:
>0:43.43,104.05;30.23,106.56;26.93,108.46;22.67,115.21;17.67,115.25;6.75,104.21;
#377:
>0:15.06,95.9;22.52,97.05;27.72,92.63;33.18,98.37;
#378:
>0:10.92,95.47;17.0,102.46;
#379:
>0:44.2,118.66;41.25,120.48;
#380:
>0:8.64,117.29;18.98,118.74;27.13,116.6;36.65,115.39;
#381:
>0:21.97,93.85;13.72,101.77;6.39,104.1;12.0,114.22;6.72,119.65;
#382:
>0:40.76,119.06;43.41,118.0;
#383:
>0:41.53,111.98;32.32,119.47;29.54,118.01;22.31,110.81;13.57,121.56;
#384:
>0:39.75,122.12;45.51,119.41;
#385:
>0:17.73,98.39;10.71,99.08;
#386:
>0:37.11,110.94;41.27,121.32;36.58,128.76;
#387:
>0:32.58,97.23;29.27,96.91;19.23,95.0;
#388:
>0:40.04,117.92;41.72,118.61;
#389:
>0:44.9,120.16;43.18,115.94;45.53,117.3;
#390:
>0:14.31,118.95;20.72,126.78;22.61,124.72;34.05,124.26;
#391:
>0:8.48,123.61;20.32,118.27;28.11,118.57;32.23,118.28;38.87,104.79;
#392:
>0:6.02,121.22;5.07,110.7;16.81,108.52;
#393:
>0:43.69,117.13;45.16,116.45;
#394:
>0:4.55,128.31;6.62,128.88;
#395:
>0:5.61,127.64;13.94,116.87;15.74,115.5;23.55,118.06;
#396:
>0:41.29,119.5;40.77,117.16;
#397:
>0:43.08,110.27;45.58,117.59;32.19,127.48;
#398:
>0:42.78,125.3;31.93,116.37;24.87,113.59;15.53,104.84;
#399:
>0:43.13,117.08;42.66,117.45;
#400:
>0:37.67,92.46;32.02,103.62;26.42,104.99;15.97,111.46;17.48,120.66;5.2,120.76;
#401:
>0:41.65,118.57;40.1,121.64;
#402:
>0:18.13,91.19;16.96,94.6;
#403:
>0:29.96,122.7;26.21,122.0;17.29,112.34;29.49,109.71;
#404:
>0:32.44,123.92;27.76,125.09;18.03,128.16;10.13,124.89;6.25,111.34;
#405:
>0:31.56,121.74;36.19,117.66;
#406:
>0:42.36,128.22;30.02,126.89;24.73,116.35;15.84,115.2;13.73,117.13;
#407:
>0:28.46,128.4;22.51,128.58;17.61,121.99;4.79,128.52;
#408:
>0:12.26,123.36;9.99,122.05;
#409:
>0:40.0,121.9;43.81,122.2;
#410:
>0:39.66,117.1;45.39,117.3;
#411:
>0:26.86,91.22;31.36,92.27;30.92,102.82;42.54,110.08;
#412:
>0:32.15,113.72;31.88,106.11;
#413:
>0:41.73,117.99;46.25,120.31;
#414:
>0:14.22,102.88;20.03,104.66;28.04,106.88;30.28,117.2;
#415:
>0:42.34,125.57;40.95,128.76;
#416:
>0:36.09,103.33;38.42,105.91;30.27,112.14;
#417:
>0:39.42,118.41;45.12,121.57;
#418:
>0:42.08,115.85;43.31,116.0;
#419:
>0:42.64,118.95;44.41,120.99;
#420:
>0:25.42,94.66;33.91,93.03;24.8,100.79;21.48,91.89;33.63,93.44;
#421:
>0:6.92,101.67;9.91,108.13;20.66,103.34;23.21,106.25;23.81,103.26;32.38,98.03;43.19,107.01;39.67,110.41;44.45,118.74;
#422:
>0:40.42,118.95;46.11,121.52;
#423:
>0:14.62,111.9;18.04,117.14;
#424:
>0:42.19,128.1;30.74,116.87;26.78,114.6;26.09,108.66;33.01,102.04;32.3,91.51;
#425:
>0:1.16,128.4;2.99,119.51;3.74,114.91;9.86,109.57;11.37,99.0;6.46,93.65;
#426:
>0:38.98,97.51;37.12,99.76;
#427:
>0:33.5,115.8;24.93,116.04;22.21,116.12;12.97,116.18;7.64,110.06;
#428:
>0:41.38,117.16;42.36,117.98;
#429:
>0:43.02,121.95;44.25,122.09;
#430:
>0:45.57,119.62;41.93,119.45;
#431:
>0:33.02,95.83;43.77,92.84;42.48,104.8;
#432:
>0:33.98,109.24;30.07,109.63;
#433:
>0:23.71,109.39;32.6,114.86;42.59,119.26;
#434:
>0:31.43,113.57;26.77,110.25;
#435:
>0:42.3,114.92;40.23,120.87;
#436:
>0:45.05,122.03;44.65,121.56;
#437:
>0:42.11,117.69;41.31,117.43;
#438:
>0:44.69,121.68;40.73,119.59;
#439:
>0:38.45,104.61;30.55,100.27;29.22,96.39;26.29,99.29;21.43,91.6;5.47,94.34;
#440:
>0:2.21,102.59;4.0,107.34;8.43,110.65;18.43,114.47;31.04,109.0;
#441:
>0:43.41,98.99;32.79,92.54;28.37,97.43;18.71,105.64;15.18,97.59;
#442:
>0:44.68,117.55;41.1,121.8;
#443:
>0:41.99,118.27;43.57,117.12;
#444:
>0:39.88,119.08;40.12,118.27;
#445:
>0:22.69,119.06;17.93,110.58;24.02,108.55;
#446:
>0:13.16,105.92;9.06,100.72;16.32,93.4;28.57,91.09;42.64,92.85;
#447:
>0:40.31,122.52;40.54,118.56;
#448:
>0:40.68,120.51;40.35,118.82;
#449:
>0:17.62,95.01;10.16,102.26;1.81,104.86;13.29,112.98;22.24,119.99;7.5,126.79;
#450:
>0:46.06,116.42;45.18,122.5;
#451:
>0:43.05,120.12;44.44,120.7;
#452:
>0:45.25,121.83;43.2,117.67;
#453:
>0:42.49,111.71;45.62,119.54;
#454:
>0:41.09,91.32;36.67,98.15;23.29,109.62;25.05,115.55;26.71,121.95;
#455:
>0:27.47,115.63;27.61,115.33;
#456:
>0:33.49,118.5;31.15,113.87;36.88,107.8;
#457:
>0:27.19,123.15;31.06,120.11;34.0,113.42;35.69,103.95;
#458:
>0:42.34,122.58;45.69,122.12;
#459:
>0:32.26,122.9;42.1,117.03;
#460:
>0:41.31,119.38;45.68,121.73;
#461:
>0:7.69,122.35;2.86,114.39;9.81,105.39;
#462:
>0:46.16,119.68;43.27,117.58;
#463:
>0:39.59,112.74;38.21,111.16;
#464:
>0:43.91,118.98;39.91,120.8;
#465:
>0:43.35,112.1;42.41,121.41;
#466:
>0:42.81,120.36;42.08,117.15;
#467:
>0:42.19,116.72;40.21,117.02;
#468:
>0:42.45,117.98;45.14,118.35;
#469:
>0:41.64,119.48;41.63,117.94;
#470:
>0:13.9,125.41;11.27,125.24;
#471:
>0:7.61,122.79;13.75,119.43;16.27,111.23;23.45,121.02;
#472:
>0:42.89,125.51;46.1,119.15;
#473:
>0:42.78,118.4;42.79,122.22;
#474:
>0:44.8,117.38;43.74,121.79;
#475:
>0:40.82,116.94;42.73,121.92;
#476:
>0:40.42,113.74;45.94,119.68;
#477:
>0:41.9,118.96;41.33,118.2;
#478:
>0:43.07,119.98;46.55,116.98;
#479:
>0:41.31,120.84;40.15,121.05;
#480:
>0:12.81,99.29;18.74,92.13;
#481:
>0:46.25,119.7;43.9,116.88;
#482:
>0:45.38,119.46;39.9,116.54;
#483:
>0:16.4,109.87;12.59,115.02;6.48,115.05;
#484:
>0:34.91,104.54;23.58,108.33;
#485:
>0:24.27,105.63;28.93,115.84;18.67,114.05;27.77,123.32;
#486:
>0:39.98,121.79;43.5,118.65;
#487:
>0:28.35,118.59;15.61,115.92;12.43,107.59;6.82,99.76;
#488:
>0:45.56,121.79;40.04,118.92;
#489:
>0:44.19,122.06;39.03,113.89;
#490:
>0:39.51,113.14;43.38,118.6;32.94,127.25;23.77,117.19;22.41,110.94;3.23,106.81;
#491:
>0:10.05,126.17;19.48,120.33;29.51,115.14;36.53,109.4;42.67,100.24;40.09,93.12;
#492:
>0:43.66,118.86;46.19,117.23;
#493:
>0:29.67,101.24;18.47,100.74;11.22,95.34;
#494:
>0:40.73,121.54;43.7,121.89;
#495:
>0:26.88,94.13;19.04,98.71;
#496:
>0:27.02,96.54;23.72,99.59;18.85,106.73;9.19,116.11;28.24,121.06;
#497:
>0:34.36,105.4;38.35,114.74;
#498:
>0:46.49,121.08;46.51,120.44;
#499:
>0:42.59,119.06;43.31,121.4;
#500:
>0:40.97,107.12;32.99,112.58;27.86,115.05;
#501:
>0:46.49,121.87;43.49,122.29;
#502:
>0:39.13,114.94;38.44,115.26;
#503:
>0:43.22,119.65;41.81,116.55;
#504:
>0:17.51,102.56;10.22,108.74;4.88,108.82;10.82,113.06;6.49,127.16;
#505:
>0:10.42,126.29;17.32,120.88;16.96,115.82;
#506:
>0:38.97,110.51;35.71,112.71;25.13,113.97;21.0,111.34;15.16,113.79;
#507:
>0:37.19,112.57;41.25,113.75;
#508:
>0:40.04,118.03;39.56,117.86;
#509:
>0:46.15,117.58;41.07,121.48;
#510:
>0:46.15,119.98;41.81,119.84;
#511:
>0:43.44,117.02;43.43,118.52;
#512:
>0:34.55,105.27;28.95,116.24;20.34,110.23;17.79,120.31;2.79,117.75;
#513:
>0:6.14,127.9;1.97,125.35;
#514:
>0:41.65,120.8;38.67,117.93;
#515:
>0:42.06,119.1;43.84,121.3;
#516:
>0:41.04,125.45;34.26,126.89;29.48,117.18;23.14,126.65;9.97,125.95;
#517:
>0:17.26,108.2;10.1,110.08;16.01,119.6;19.38,124.52;
#518:
>0:43.13,117.76;44.87,122.34;
#519:
>0:40.72,118.98;39.64,125.62;
#520:
>0:20.26,102.02;23.79,93.72;36.35,91.3;39.12,94.62;
#521:
>0:14.47,101.44;12.87,106.92;
#522:
>0:43.47,119.9;40.54,120.96;
#523:
>0:46.27,117.92;40.17,117.28;
#524:
>0:10.83,122.62;16.33,117.23;23.68,110.43;36.57,114.08;43.16,111.95;
#525:
>0:39.53,121.7;46.51,122.36;
#526:
>0:1.62,98.36;12.86,92.51;
#527:
>0:39.64,104.67;34.93,102.59;25.17,106.31;25.24,102.47;16.04,92.45;7.69,91.51;
#528:
>0:43.33,118.17;37.32,114.17;
#529:
>0:46.3,119.92;42.93,117.43;
#530:
>0:11.75,121.78;21.6,122.56;15.01,111.72;20.17,107.14;8.74,93.45;
#531:
>0:17.92,118.59;14.93,114.19;22.43,105.78;18.31,100.8;
#532:
>0:31.39,126.73;23.63,116.86;15.7,114.43;24.65,108.89;
#533:
>0:7.2,128.53;12.08,117.77;16.86,114.55;20.65,119.43;36.26,118.22;
#534:
>0:5.0,120.81;7.28,110.0;9.16,105.73;19.51,97.62;34.47,98.92;
#535:
>0:10.34,126.67;21.17,119.41;28.6,114.87;30.01,106.04;42.13,98.76;40.18,91.67;
#536:
>0:39.64,114.17;34.1,112.37;
#537:
>0:25.84,102.53;27.74,92.68;
#538:
>0:40.26,118.32;42.81,121.59;
#539:
>0:40.38,118.03;42.06,118.96;
#540:
>0:27.65,119.06;26.15,122.36;
#541:
>0:40.72,99.31;39.67,109.05;37.24,111.05;30.49,120.81;
#542:
>0:16.21,124.46;12.94,124.48;8.16,118.98;7.51,114.63;1.39,103.0;
#543:
>0:46.25,119.91;45.21,119.77;
#544:
>0:41.81,121.0;41.68,121.1;
#545:
>0:46.46,118.87;44.85,121.75;
#546:
>0:10.4,118.49;19.64,117.67;
#547:
>0:40.47,119.9;46.37,118.26;
#548:
>0:39.39,114.67;40.87,119.39;36.33,127.71;
#549:
>0:45.85,118.31;42.26,114.49;
#550:
>0:1.33,120.58;6.91,112.36;5.07,106.06;18.78,101.51;
#551:
>0:23.49,109.05;27.81,116.29;43.3,97.76;
#552:
>0:4.8,94.93;3.02,99.41;8.92,108.28;
#553:
>0:21.71,126.48;27.74,121.67;21.95,111.74;28.85,111.42;39.27,99.48;
#554:
>0:34.84,112.27;24.17,104.3;26.52,97.53;22.25,91.37;5.59,93.24;
#555:
>0:40.51,119.71;43.55,121.37;
#556:
>0:44.22,120.07;42.12,120.91;
#557:
>0:7.19,114.31;8.48,117.03;16.61,117.84;25.77,118.24;36.75,110.19;
#558:
>0:44.58,116.45;39.7,118.39;
#559:
>0:1.83,121.6;7.53,115.31;11.81,114.8;28.07,114.52;
#560:
>0:2.49,116.84;13.4,112.69;
#561:
>0:30.85,124.01;29.01,121.43;27.11,122.71;14.05,123.15;
#562:
>0:18.35,124.88;13.17,126.68;3.81,114.7;
#563:
>0:42.85,116.64;41.8,121.03;
#564:
>0:28.59,119.55;26.58,117.93;
#565:
>0:21.31,111.56;27.76,105.51;
#566:
>0:43.91,122.02;42.81,116.92;
#567:
>0:42.0,118.58;38.65,115.72;42.3,117.4;
#568:
>0:42.31,114.85;32.96,109.8;31.48,101.35;32.0,96.08;
#569:
>0:46.26,122.16;39.99,119.05;
#570:
>0:37.17,124.01;37.03,127.26;
#571:
>0:20.46,94.36;8.27,102.94;7.12,104.78;8.97,114.2;5.29,121.9;
#572:
>0:15.08,127.92;17.5,120.33;12.82,115.76;27.41,103.98;
#573:
>0:45.53,122.42;45.05,118.34;
#574:
>0:18.11,117.48;27.39,117.54;35.47,115.79;
#575:
>0:42.98,121.47;34.72,111.55;27.15,106.53;21.73,108.46;
#576:
>0:39.71,117.33;42.86,120.66;
#577:
>0:31.71,127.47;22.99,121.33;16.01,110.01;13.73,112.35;
#578:
>0:45.03,119.53;43.63,116.84;
#579:
>0:41.05,113.89;45.23,119.14;
#580:
>0:45.06,119.78;44.04,120.41;
#581:
>0:11.9,109.48;6.7,114.22;6.86,122.27;
#582:
>0:45.89,122.12;44.58,117.15;
#583:
>0:46.25,119.3;41.61,118.02;
#584:
>0:45.99,120.8;41.14,119.06;
#585:
>0:45.83,118.06;44.28,120.05;
#586:
>0:41.82,104.01;33.11,97.84;25.14,106.0;28.77,98.67;21.89,94.19;2.5,96.04;
#587:
>0:16.21,92.38;9.74,100.12;6.89,107.82;12.02,115.69;6.27,118.31;
#588:
>0:10.93,122.59;19.4,113.47;28.49,116.24;28.64,103.7;39.22,104.74;
#589:
>0:44.88,116.88;45.08,120.78;
#590:
>0:39.7,120.64;31.09,117.19;
#591:
>0:42.93,121.33;39.85,122.19;
#592:
>0:17.91,96.63;10.06,103.67;6.77,104.08;15.17,113.93;6.18,120.21;
#593:
>0:45.74,116.9;42.12,119.78;
#594:
>0:39.95,119.26;44.0,121.94;
#595:
>0:40.79,117.48;42.06,118.52;
#596:
>0:42.89,114.35;42.36,116.33;33.26,120.49;25.68,115.51;17.9,114.49;5.06,106.9;
#597:
>0:29.95,109.74;26.44,116.09;28.1,121.81;
#598:
>0:6.23,119.22;1.04,110.76;8.47,106.78;
#599:
>0:42.08,121.26;43.04,117.66;
#600:
>0:44.11,111.29;41.37,120.93;
#601:
>0:43.31,119.42;45.98,117.7;
#602:
>0:41.42,118.77;43.4,121.54;
#603:
>0:43.83,120.19;37.74,110.69;46.11,119.29;
#604:
>0:43.51,117.17;44.25,116.32;
#605:
>0:42.64,111.0;38.71,110.11;
#606:
>0:41.89,120.0;41.68,121.88;
#607:
>0:45.48,120.48;34.09,128.65;
#608:
>0:43.17,121.31;45.83,118.93;
#609:
>0:21.88,91.71;19.13,98.97;
