#0:
>0:41.23,127.44;36.95,116.41;44.05,116.79;43.03,110.91;32.63,98.92;
#1:
>0:42.18,118.86;39.82,116.33;
#2:
>0:2.12,102.6;9.88,95.03;
#3:
>0:25.44,112.71;31.9,104.47;40.44,101.11;
#4:
>0:5.33,116.82;2.95,115.92;12.12,112.38;17.1,100.2;
#5:
>0:30.36,105.47;32.25,112.95;26.14,107.07;18.22,104.35;1.8,111.82;
#6:
>0:3.05,109.58;14.0,109.36;
#7:
>0:9.88,94.25;17.67,91.97;29.17,96.02;36.19,94.2;
#8:
>0:15.34,98.86;11.57,93.68;
#9:
>0:46.41,120.81;44.51,119.63;
#10:
>0:40.57,116.39;42.88,118.03;
#11:
>0:45.84,121.22;42.56,120.78;
#12:
>0:10.03,112.07;13.25,117.23;
#13:
>0:35.57,126.91;25.79,116.66;27.56,110.4;25.93,106.04;23.55,100.81;
#14:
>0:7.35,99.56;8.75,99.55;16.2,97.74;27.69,102.47;33.39,100.14;
#15:
>0:33.87,128.42;29.78,123.41;23.15,117.93;25.36,109.4;
#16:
>0:37.58,105.37;31.59,112.7;28.87,109.01;15.72,119.52;
#17:
>0:30.48,103.64;23.32,92.27;28.88,97.65;12.62,99.03;
#18:
>0:33.32,115.19;22.6,114.98;23.92,108.78;17.11,108.07;5.98,93.59;
#19:
>0:11.6,119.17;10.64,123.97;24.23,117.13;
#20:
>0:21.64,106.35;29.56,114.04;24.7,120.12;
#21:
>0:22.4,104.72;29.21,100.82;32.51,100.5;39.89,97.7;
#22:
>0:42.37,121.53;43.76,118.65;
#23:
>0:1.6,95.07;13.17,98.25;16.19,99.01;23.44,101.75;35.2,100.25;37.46,103.65;
#24:
>0:40.21,119.4;39.4,118.32;
#25:
>0:18.61,125.89;28.41,117.41;29.85,111.09;31.31,106.06;31.42,100.6;32.5,96.86;
#26:
>0:21.46,113.85;23.35,106.38;30.57,101.29;38.2,101.8;
#27:
>0:9.58,114.17;21.88,120.85;25.74,121.9;34.92,121.88;
#28:
>0:42.71,118.04;39.58,121.41;
#29:
>0:4.91,112.01;12.86,120.76;15.85,120.73;
#30:
>0:6.35,108.17;5.6,102.65;3.21,96.93;
#31:
>0:10.43,116.67;11.53,122.99;23.13,122.19;
#32:
>0:32.11,122.61;28.5,124.99;16.64,121.9;9.96,108.48;
#33:
>0:39.53,116.94;40.82,120.07;
#34:
>0:32.38,124.82;40.74,121.91;
#35:
>0:42.14,119.5;39.63,118.89;
#36:
>0:42.43,121.92;42.35,119.75;
#37:
>0:42.36,98.52;33.92,109.27;29.88,114.42;27.5,113.72;23.98,122.98;
#38:
>0:25.63,114.35;36.29,105.25;37.93,100.13;
#39:
>0:17.15,107.98;11.45,112.26;
#40:
>0:40.39,117.53;39.8,122.09;
#41:
>0:21.45,115.73;24.28,116.85;30.18,107.47;
#42:
>0:12.53,126.13;15.82,118.8;27.4,110.53;23.85,107.1;27.44,101.74;
#43:
>0:10.58,119.52;15.08,110.98;19.35,105.88;20.39,102.0;
#44:
>0:21.43,123.15;26.54,126.12;24.76,120.53;34.68,105.0;
#45:
>0:26.52,117.68;35.82,119.23;
#46:
>0:19.65,115.51;23.73,108.56;
#47:
>0:28.77,108.83;16.48,106.01;14.23,113.34;12.99,125.06;
#48:
>0:40.14,110.67;35.61,109.54;31.61,115.33;24.45,108.73;17.47,104.01;5.66,107.14;
#49:
>0:33.75,124.13;29.14,122.63;26.83,122.57;28.78,109.67;
#50:
>0:25.5,103.35;17.75,94.16;10.22,94.37;
#51:
>0:37.43,115.03;33.65,109.09;29.31,107.55;
#52:
>0:31.89,125.5;27.83,122.75;23.63,119.82;11.6,113.21;
#53:
>0:30.48,94.91;37.1,95.01;
#54:
>0:9.08,126.15;21.45,123.79;25.73,127.09;34.87,122.72;43.35,124.68;
#55:
>0:1.47,101.38;13.35,112.04;14.24,115.42;14.77,122.26;16.86,123.1;29.14,125.25;19.68,123.45;11.82,122.87;8.41,120.51;10.78,126.72;16.73,117.09;26.65,120.54;35.34,115.45;30.42,108.43;42.07,108.89;29.93,105.9;42.8,107.54;45.16,121.32;
#56:
>0:44.28,120.91;41.47,121.78;
#57:
>0:1.47,96.28;12.86,99.32;19.48,108.5;27.12,113.4;30.58,110.48;
#58:
>0:43.39,98.67;36.42,106.6;34.51,115.79;26.1,103.97;22.55,104.58;3.09,96.34;
#59:
>0:25.3,113.79;29.78,122.53;
#60:
>0:37.14,108.38;38.78,113.67;33.52,119.78;
#61:
>0:31.78,107.92;25.33,107.08;17.81,111.63;9.43,127.43;
#62:
>0:25.82,111.44;22.58,111.72;8.42,98.05;
#63:
>0:25.62,107.69;30.19,115.4;45.54,117.1;37.85,123.44;
#64:
>0:32.63,94.79;25.5,93.26;28.51,102.81;20.63,95.56;5.28,92.35;
#65:
>0:20.83,127.55;26.6,126.36;35.52,114.07;
#66:
>0:24.96,101.93;24.34,95.79;
#67:
>0:20.98,119.28;14.53,112.35;2.71,106.3;7.7,99.86;
#68:
>0:23.34,126.05;29.91,119.1;45.84,121.05;
#69:
>0:44.17,121.34;44.8,121.91;
#70:
>0:14.3,111.92;16.1,103.06;
#71:
>0:26.32,111.31;29.65,103.8;
#72:
>0:21.78,108.38;14.98,111.01;11.82,110.0;16.23,125.16;
#73:
>0:43.19,124.37;30.29,117.76;41.17,119.72;37.19,113.01;32.47,103.19;
#74:
>0:38.8,110.52;33.69,109.65;34.45,115.18;29.24,114.21;12.14,119.56;
#75:
>0:44.15,113.77;32.72,105.31;35.82,115.11;26.33,107.07;16.87,108.2;4.46,104.88;
#76:
>0:40.01,107.67;34.15,107.67;40.94,93.89;
#77:
>0:12.68,125.99;21.05,118.48;25.28,114.54;21.59,112.47;14.74,97.74;
#78:
>0:38.23,98.58;39.96,107.12;
#79:
>0:38.87,113.44;30.46,108.12;33.76,111.05;26.64,107.51;20.34,108.66;5.57,106.51;
#80:
>0:37.23,111.91;31.87,107.14;30.05,111.61;16.37,110.15;
#81:
>0:42.82,94.8;33.92,99.18;25.16,94.2;21.51,104.24;
#82:
>0:7.18,122.16;9.21,113.4;18.59,107.94;25.14,97.73;25.38,94.83;
#83:
>0:42.14,109.56;40.15,115.9;40.52,119.83;39.11,127.8;
#84:
>0:41.55,118.03;43.64,112.26;30.88,109.74;24.02,104.42;20.6,109.24;1.74,95.21;
#85:
>0:25.26,125.78;19.08,124.29;10.18,123.6;3.88,123.36;
#86:
>0:4.72,125.67;10.55,122.96;8.94,121.98;25.21,123.85;
#87:
>0:31.55,119.18;45.33,122.04;41.14,116.65;
#88:
>0:42.63,122.34;46.42,120.47;
#89:
>0:42.33,120.85;43.33,119.38;
#90:
>0:29.38,99.8;21.26,95.57;13.09,94.3;
#91:
>0:40.09,119.32;43.63,118.81;
#92:
>0:6.1,93.73;12.44,98.13;7.07,108.95;13.72,112.43;14.02,119.0;29.12,124.59;
#93:
>0:26.26,111.74;21.57,115.18;8.32,111.76;2.98,100.74;
#94:
>0:5.19,107.95;12.68,114.08;17.45,111.88;23.74,115.99;
#95:
>0:41.86,126.92;36.43,118.59;29.45,114.37;17.71,112.42;10.26,109.91;4.43,102.98;
#96:
>0:36.35,120.4;27.07,113.5;16.05,110.23;9.77,107.28;1.38,98.18;
#97:
>0:13.99,116.82;8.18,111.55;9.93,111.52;20.99,104.75;4.54,96.33;
#98:
>0:41.84,128.64;32.93,116.3;33.98,124.3;21.46,116.37;
#99:
>0:42.08,104.43;34.69,112.49;24.24,121.72;19.97,127.66;
#100:
>0:3.47,114.96;9.73,122.24;20.87,117.65;
#101:
>0:7.18,94.1;10.51,102.89;4.52,109.42;10.77,109.99;14.55,119.53;26.59,124.21;
#102:
>0:7.95,114.82;8.91,116.16;21.93,126.44;
#103:
>0:21.45,93.44;27.86,99.88;34.46,101.33;28.46,115.37;
#104:
>0:26.54,124.89;22.68,120.35;32.65,116.16;35.22,109.97;38.32,97.6;
#105:
>0:39.94,122.04;41.82,118.14;
#106:
>0:22.73,124.24;29.38,122.43;36.58,113.49;23.47,106.61;8.46,101.23;
#107:
>0:3.45,106.59;10.6,111.66;17.59,105.17;
#108:
>0:4.53,116.67;1.58,119.7;
#109:
>0:35.39,112.15;29.13,110.28;21.42,116.17;15.76,109.42;3.85,107.73;
#110:
>0:24.4,104.5;36.77,114.86;36.73,118.68;30.0,125.54;
#111:
>0:12.49,93.12;3.02,98.06;3.56,106.37;4.95,111.2;3.75,117.21;
#112:
>0:22.62,103.77;23.74,112.81;
#113:
>0:30.08,119.54;28.36,120.18;16.19,121.91;12.94,117.33;2.16,120.61;
#114:
>0:8.33,97.56;6.46,95.12;
#115:
>0:24.04,99.88;31.13,93.7;
#116:
>0:13.33,99.6;18.36,96.38;24.96,97.33;27.91,101.69;37.79,93.95;
#117:
>0:43.77,125.3;36.96,116.65;24.48,112.6;29.78,105.62;20.98,104.84;7.05,104.43;
#118:
>0:33.31,100.59;37.33,103.9;
#119:
>0:45.42,117.79;40.37,121.66;
#120:
>0:5.56,109.2;3.23,112.45;
#121:
>0:42.99,117.34;39.92,121.63;
#122:
>0:15.46,105.25;27.45,108.32;
#123:
>0:45.91,119.82;43.63,117.38;
#124:
>0:23.6,119.91;24.44,112.01;20.35,110.92;5.64,108.1;
#125:
>0:2.38,115.44;5.5,105.79;
#126:
>0:10.92,128.59;18.91,124.44;24.68,128.8;30.14,125.87;41.07,126.8;
#127:
>0:40.86,124.56;30.22,117.59;
#128:
>0:5.18,96.7;9.95,103.24;18.49,106.79;28.32,110.43;35.09,113.85;
#129:
>0:10.22,116.4;9.12,125.96;24.46,112.52;
#130:
>0:27.68,128.53;25.6,122.39;35.12,113.78;25.16,107.08;11.18,101.85;
#131:
>0:28.57,126.49;28.08,119.69;26.01,112.96;27.62,109.23;27.36,99.91;
#132:
>0:40.77,116.6;43.68,121.5;
#133:
>0:15.03,112.61;18.96,113.66;17.81,119.24;
#134:
>0:47.45,123.05;43.28,113.1;36.45,104.13;22.85,103.78;17.48,107.08;4.13,106.35;
#135:
>0:36.81,121.43;28.01,114.85;29.69,108.87;10.19,98.22;
#136:
>0:1.34,110.39;11.28,117.45;15.73,116.76;
#137:
>0:33.57,126.09;27.02,127.35;36.4,114.45;
#138:
>0:46.47,116.49;40.25,115.61;35.13,109.59;34.29,114.07;28.12,110.98;
#139:
>0:27.49,109.01;26.11,102.79;25.03,95.7;
#140:
>0:41.05,116.41;41.14,122.26;
#141:
>0:13.17,110.33;16.37,98.83;26.01,97.88;31.87,98.01;
#142:
>0:39.37,112.25;35.51,106.51;36.57,113.85;15.83,112.37;
#143:
>0:5.49,119.98;3.55,111.6;10.79,110.87;7.86,103.54;
#144:
>0:43.94,120.74;45.87,116.48;
#145:
>0:36.7,123.47;37.01,126.71;33.4,117.4;37.47,110.92;34.42,103.55;
#146:
>0:6.59,108.34;11.58,108.7;17.36,101.97;
#147:
>0:41.67,100.41;34.68,107.21;33.75,111.55;35.24,120.6;
#148:
>0:15.76,128.58;23.75,126.67;32.14,123.93;43.23,124.57;
#149:
>0:31.45,97.06;32.75,99.84;36.6,105.99;30.76,112.45;29.98,120.42;30.07,125.31;
#150:
>0:19.5,111.24;27.78,107.14;29.69,103.58;26.56,92.2;
#151:
>0:43.96,122.22;44.85,116.59;
#152:
>0:46.19,119.3;44.37,124.65;
#153:
>0:42.26,118.86;44.29,119.78;
#154:
>0:8.23,128.8;21.17,127.03;
#155:
>0:42.19,114.5;31.8,107.0;36.72,110.46;22.65,109.67;21.68,104.58;5.32,110.21;
#156:
>0:43.9,119.11;40.46,122.51;
#157:
>0:43.02,123.64;40.26,120.1;
#158:
>0:4.1,113.57;11.62,116.81;15.83,117.58;
#159:
>0:3.46,120.02;8.85,113.34;19.04,104.74;26.46,101.11;24.16,95.3;
#160:
>0:34.12,109.43;29.09,109.1;19.68,112.22;18.49,126.92;
#161:
>0:46.37,122.53;39.61,116.55;
#162:
>0:14.77,95.65;5.41,97.63;12.74,107.09;9.97,112.31;9.21,120.25;3.41,123.0;
#163:
>0:42.77,116.99;43.88,118.33;
#164:
>0:42.53,119.84;46.14,119.49;
#165:
>0:27.82,107.17;29.19,110.65;
#166:
>0:32.75,97.3;25.32,94.76;23.62,100.98;20.24,108.86;2.31,113.92;
#167:
>0:24.5,100.22;30.12,92.02;
#168:
>0:1.8,124.16;1.65,117.14;8.17,114.84;14.37,108.26;4.45,102.37;
#169:
>0:9.26,101.76;19.8,109.36;23.76,112.78;34.82,115.76;43.82,111.78;
#170:
>0:29.62,118.25;16.53,114.68;12.18,106.92;9.38,98.05;10.55,91.86;
#171:
>0:40.39,120.28;40.46,117.0;
#172:
>0:39.43,116.64;35.34,112.6;
#173:
>0:13.34,112.32;20.11,109.15;4.9,93.15;
#174:
>0:10.17,117.91;5.04,125.54;
#175:
>0:40.65,118.21;45.62,117.16;
#176:
>0:32.58,115.41;24.31,104.01;23.45,114.88;20.0,111.69;3.25,104.45;
#177:
>0:5.05,109.72;2.68,100.7;2.95,92.62;
#178:
>0:14.62,128.37;15.76,117.77;22.48,114.75;1.2,104.76;
#179:
>0:40.83,116.41;40.18,114.82;43.49,105.87;30.41,106.95;43.02,91.12;
#180:
>0:40.93,116.94;41.64,123.0;27.23,126.35;
#181:
>0:14.1,116.83;1.78,123.79;
#182:
>0:13.32,127.91;16.2,119.29;24.91,115.61;21.14,111.68;9.69,97.93;
#183:
>0:2.85,106.69;14.73,97.85;17.6,103.08;24.74,99.65;30.88,100.61;37.15,101.99;
#184:
>0:46.23,119.04;39.81,119.88;
#185:
>0:24.54,102.41;32.28,100.5;31.82,115.83;
#186:
>0:20.86,117.58;13.82,121.98;3.72,121.61;
#187:
>0:43.76,96.25;29.98,94.7;25.09,93.61;
#188:
>0:16.71,104.45;13.36,97.76;2.04,100.37;
#189:
>0:23.01,117.06;31.3,113.01;26.98,109.6;19.83,103.96;6.73,96.01;
#190:
>0:29.49,125.06;17.1,120.38;19.29,114.98;4.94,105.35;
#191:
>0:18.51,93.64;23.29,100.72;
#192:
>0:22.59,96.88;28.41,99.67;33.87,101.06;25.66,116.06;
#193:
>0:27.56,100.13;21.62,109.61;9.55,110.26;11.71,116.39;4.79,127.37;
#194:
>0:30.32,98.99;27.56,91.81;28.58,99.65;12.06,101.09;
#195:
>0:29.99,110.95;25.76,115.0;22.02,115.89;10.74,128.13;
#196:
>0:40.87,120.43;30.38,118.15;31.37,123.75;15.72,119.35;
#197:
>0:12.43,109.93;16.92,110.13;17.03,121.07;
#198:
>0:29.38,119.46;28.0,124.73;20.35,125.15;3.22,122.62;
#199:
>0:28.86,125.56;20.33,123.99;
#200:
>0:11.74,128.6;16.33,120.35;28.92,120.67;29.15,108.7;
#201:
>0:41.0,120.53;43.84,124.25;23.63,128.7;
#202:
>0:38.73,111.31;42.98,119.7;40.39,124.77;
#203:
>0:25.38,98.07;20.73,92.25;10.04,92.18;
#204:
>0:34.09,97.4;27.51,105.19;24.83,114.41;
#205:
>0:2.07,94.21;9.27,99.15;19.86,106.53;26.15,112.3;33.53,115.76;
#206:
>0:22.62,116.14;20.9,113.39;20.68,124.57;
#207:
>0:33.16,127.83;44.29,119.08;
#208:
>0:10.88,126.65;15.74,116.37;25.49,114.58;26.84,106.3;28.71,102.36;
#209:
>0:19.54,116.46;18.65,112.04;7.28,115.41;
#210:
>0:36.47,122.58;32.67,124.04;
#211:
>0:23.42,120.76;32.56,110.87;41.99,115.2;
#212:
>0:40.2,108.4;42.77,112.47;42.49,120.29;41.22,123.38;
#213:
>0:30.92,118.19;41.27,122.74;
#214:
>0:4.1,94.61;10.64,102.55;22.22,108.92;9.75,113.74;9.0,116.83;25.74,125.93;
#215:
>0:19.9,113.26;24.49,104.45;23.62,103.2;27.77,92.64;
#216:
>0:42.82,120.97;39.72,121.8;
#217:
>0:10.66,120.3;19.03,117.32;26.93,120.18;31.09,119.33;41.54,118.4;
#218:
>0:9.21,125.57;7.6,128.66;
#219:
>0:29.99,99.01;29.72,95.27;21.4,104.54;
#220:
>0:13.01,119.4;12.16,119.31;
#221:
>0:41.62,120.51;37.92,115.62;34.92,105.51;43.71,98.12;
#222:
>0:7.71,105.88;2.2,101.05;2.63,93.96;
#223:
>0:13.77,110.02;19.04,115.93;29.05,116.01;
#224:
>0:15.23,109.95;19.05,102.61;16.15,92.92;
#225:
>0:5.02,117.14;8.92,113.81;18.71,109.61;29.39,105.81;34.23,110.14;40.41,105.61;
#226:
>0:39.03,111.54;43.53,113.1;
#227:
>0:10.27,110.91;11.76,120.29;
#228:
>0:18.1,113.0;23.48,116.25;35.64,105.73;
#229:
>0:38.89,125.68;29.81,118.07;35.42,125.46;17.9,121.59;
#230:
>0:39.72,113.2;39.28,112.83;
#231:
>0:20.15,114.3;26.37,119.01;
#232:
>0:1.64,94.19;10.51,99.37;18.65,102.65;25.61,99.58;34.81,102.2;42.75,103.49;
#233:
>0:41.27,98.35;34.78,101.69;
#234:
>0:18.17,117.21;27.77,110.17;30.41,107.83;39.6,101.85;
#235:
>0:1.51,120.11;5.45,110.21;12.06,107.95;7.67,99.55;
#236:
>0:32.65,125.16;37.29,125.63;32.74,120.09;35.82,109.41;
#237:
>0:41.43,118.76;42.33,119.63;
#238:
>0:21.25,103.05;25.89,98.48;
#239:
>0:19.71,127.04;18.79,124.33;
#240:
>0:5.11,96.4;12.75,101.54;3.63,107.36;14.05,108.17;15.4,118.76;
#241:
>0:12.92,125.87;22.44,116.85;29.28,117.49;32.32,119.55;
#242:
>0:25.29,126.3;21.33,118.69;21.0,114.43;7.53,104.84;
#243:
>0:16.32,104.05;22.83,112.47;27.52,122.3;
#244:
>0:39.31,113.32;44.09,116.38;
#245:
>0:3.77,107.78;13.21,112.78;15.08,121.05;3.27,125.31;
#246:
>0:9.57,121.95;12.29,115.48;4.08,110.47;19.38,99.14;
#247:
>0:22.18,119.18;27.72,123.51;33.09,124.36;41.1,128.79;
#248:
>0:21.75,126.12;24.64,117.75;27.69,115.76;26.77,108.44;23.57,99.42;27.48,92.72;
#249:
>0:22.08,103.8;14.13,99.8;1.3,98.73;
#250:
>0:4.94,113.48;9.61,111.87;10.94,120.66;19.1,123.78;36.46,111.19;
#251:
>0:45.5,121.14;42.34,117.26;
#252:
>0:4.09,126.32;6.97,119.55;3.66,110.5;12.75,107.83;5.83,102.32;
#253:
>0:13.3,122.05;3.54,114.22;
#254:
>0:37.24,114.2;30.29,113.86;28.87,104.07;15.5,104.6;11.14,116.89;
#255:
>0:20.54,98.73;28.57,99.77;
#256:
>0:14.75,126.25;2.95,123.66;
#257:
>0:42.28,122.0;40.78,113.7;33.07,110.32;26.25,109.83;21.51,109.52;5.16,92.85;
#258:
>0:18.23,103.57;19.5,101.23;
#259:
>0:31.28,127.54;25.75,124.08;20.81,128.05;12.65,124.18;5.22,125.32;
#260:
>0:11.6,121.48;16.77,123.31;26.84,128.17;31.12,127.31;
#261:
>0:36.89,127.78;43.42,120.01;
#262:
>0:40.5,114.82;35.66,107.25;28.03,107.09;20.27,113.34;
#263:
>0:41.77,116.66;44.12,121.01;
#264:
>0:28.97,98.44;20.98,95.69;
#265:
>0:45.67,120.31;43.23,122.03;
#266:
>0:4.67,121.35;1.57,112.82;14.06,110.96;2.69,102.69;
#267:
>0:44.61,117.38;41.07,119.02;
#268:
>0:10.93,109.7;19.93,101.61;
#269:
>0:10.3,98.19;21.79,109.24;11.13,110.62;15.08,116.1;12.38,126.28;
#270:
>0:5.32,100.94;9.57,111.39;14.07,115.92;
#271:
>0:33.27,123.43;42.0,126.26;35.83,117.37;39.58,112.3;31.59,103.07;
#272:
>0:23.48,93.82;22.15,92.73;15.08,96.82;20.18,94.18;32.52,96.77;
#273:
>0:30.24,117.02;39.64,111.37;34.89,103.76;30.3,98.12;34.12,92.37;
#274:
>0:9.04,91.52;2.49,101.11;4.54,105.81;3.79,112.78;3.48,120.06;
#275:
>0:19.98,107.36;10.19,112.83;
#276:
>0:40.81,112.4;31.0,104.84;24.11,105.69;16.81,107.06;14.14,121.11;
#277:
>0:45.12,122.34;37.04,116.23;32.99,103.87;39.13,101.63;
#278:
>0:14.76,116.7;1.14,111.11;21.87,109.0;
#279:
>0:11.21,124.12;21.53,119.75;24.0,111.16;35.15,114.13;41.22,114.68;
#280:
>0:31.82,93.34;42.72,99.62;31.15,109.69;39.53,110.54;
#281:
>0:41.12,118.24;45.5,116.47;
#282:
>0:19.84,116.21;22.66,108.46;23.9,103.65;26.91,95.08;
#283:
>0:12.58,121.88;9.9,114.52;14.47,113.06;
#284:
>0:42.51,122.54;39.86,118.41;
#285:
>0:27.83,101.56;33.78,103.89;39.7,109.53;37.58,112.67;41.98,126.03;
#286:
>0:36.89,103.51;29.55,97.3;29.12,101.0;22.58,94.92;4.06,91.46;
#287:
>0:5.5,108.14;10.37,115.62;16.83,113.15;28.17,115.43;
#288:
>0:11.79,124.5;6.74,123.09;
#289:
>0:8.86,101.38;21.47,93.22;27.74,94.89;29.88,91.37;
#290:
>0:42.62,104.63;35.87,115.04;24.28,105.05;19.86,112.25;
#291:
>0:34.35,110.6;43.47,111.53;
#292:
>0:22.21,118.04;23.97,115.63;35.8,107.35;40.96,100.74;
#293:
>0:35.28,114.37;32.74,107.0;32.47,99.85;
#294:
>0:39.68,122.14;40.97,116.76;
#295:
>0:18.07,97.01;26.62,100.7;31.25,101.58;26.02,111.89;
#296:
>0:45.13,118.62;42.9,119.35;
#297:
>0:20.3,118.47;26.56,117.58;29.62,106.06;
#298:
>0:12.31,122.19;8.46,128.55;23.6,117.78;
#299:
>0:11.05,124.0;4.23,117.25;
#300:
>0:18.97,115.45;26.34,104.82;
#301:
>0:10.0,97.66;20.96,109.88;9.97,107.34;11.47,114.78;9.02,122.78;
#302:
>0:30.7,112.56;33.24,105.8;41.86,102.86;
#303:
>0:34.49,106.75;27.36,108.22;19.53,105.78;9.07,111.82;
#304:
>0:42.35,122.98;31.8,121.53;26.93,110.74;22.02,112.47;8.23,128.22;
#305:
>0:41.47,118.21;45.74,118.27;
#306:
>0:37.38,112.37;36.53,109.02;27.4,109.46;17.37,107.57;15.28,116.51;
#307:
>0:39.06,125.0;34.45,119.98;35.98,128.01;21.25,122.08;
#308:
>0:3.96,126.7;8.84,128.07;12.14,116.46;15.65,105.92;
#309:
>0:33.35,96.69;29.11,93.96;25.49,100.2;16.95,92.57;6.19,93.92;
#310:
>0:42.6,113.57;33.13,104.07;31.98,111.07;17.04,115.94;
#311:
>0:19.39,110.34;26.03,104.1;25.2,102.61;29.06,91.96;
#312:
>0:43.77,100.36;31.99,104.44;33.32,111.28;36.69,119.52;
#313:
>0:44.21,119.63;42.09,121.96;
#314:
>0:12.91,117.34;19.47,110.84;23.76,104.93;30.19,97.51;36.19,92.04;
#315:
>0:24.29,94.74;35.74,103.33;40.9,103.99;39.08,111.73;39.48,121.74;
#316:
>0:36.92,119.0;25.18,120.18;18.5,117.62;13.43,117.83;6.32,116.34;
#317:
>0:26.58,114.4;16.22,114.49;8.36,109.26;1.57,101.76;
#318:
>0:9.78,126.73;21.07,123.76;26.7,124.64;32.2,128.55;43.01,124.5;
#319:
>0:37.13,125.6;34.18,117.97;23.51,112.65;23.39,105.34;27.73,101.68;
#320:
>0:40.26,119.34;44.6,118.05;
#321:
>0:40.53,120.09;40.84,120.13;
#322:
>0:42.97,121.71;44.06,121.56;
#323:
>0:37.07,96.39;36.65,103.61;26.1,105.85;26.54,114.72;16.03,116.17;9.19,127.46;
#324:
>0:20.4,101.44;21.79,102.35;
#325:
>0:42.91,98.2;34.32,106.74;32.53,110.38;18.85,116.59;
#326:
>0:25.41,104.93;26.82,112.9;
#327:
>0:21.66,112.57;26.7,107.44;25.17,101.62;25.18,94.74;
#328:
>0:14.49,121.17;16.41,113.96;28.08,104.12;
#329:
>0:9.14,118.41;15.05,114.99;10.15,111.06;
#330:
>0:24.95,116.99;24.39,124.91;21.64,126.2;6.81,127.32;
#331:
>0:38.82,98.77;36.66,92.92;
#332:
>0:2.72,94.34;15.16,98.54;19.88,106.11;24.5,110.48;33.32,113.19;
#333:
>0:26.66,104.96;21.32,104.33;9.52,110.96;10.34,124.74;
#334:
>0:30.29,124.11;26.5,123.81;19.98,118.2;11.67,110.41;
#335:
>0:39.51,117.47;40.38,117.43;
#336:
>0:20.81,104.25;28.78,110.23;33.84,122.34;46.06,118.58;
#337:
>0:33.18,113.84;34.25,108.4;34.44,100.21;
#338:
>0:1.73,121.41;11.41,115.72;16.39,103.86;27.18,102.65;23.5,95.24;
#339:
>0:41.26,111.88;32.48,106.88;35.34,112.06;20.23,112.44;
#340:
>0:40.67,117.63;43.42,127.3;27.25,121.58;
#341:
>0:21.66,98.22;27.13,97.7;
#342:
>0:13.13,98.54;15.43,103.69;28.6,103.77;34.47,108.04;
#343:
>0:17.88,106.24;8.5,112.76;
#344:
>0:33.07,96.29;38.37,92.76;
#345:
>0:44.49,119.3;39.95,117.97;
#346:
>0:34.52,96.67;43.9,101.58;35.42,106.05;38.19,115.37;
#347:
>0:27.22,97.55;36.21,100.76;20.55,111.5;
#348:
>0:27.62,104.61;24.37,114.64;
#349:
>0:21.32,102.74;25.72,101.27;
#350:
>0:22.44,92.61;24.52,102.48;
#351:
>0:36.37,100.48;25.58,107.86;27.73,116.24;
#352:
>0:34.07,102.63;36.23,105.53;34.43,114.64;30.16,117.24;31.87,124.55;
#353:
>0:11.59,110.75;16.77,98.72;24.0,92.83;
#354:
>0:7.27,106.76;9.61,113.04;20.44,112.84;
#355:
>0:42.84,119.72;41.81,121.58;
#356:
>0:43.29,120.43;41.41,117.37;
#357:
>0:12.28,101.03;13.72,100.63;
#358:
>0:40.51,121.95;39.47,122.16;
#359:
>0:44.01,99.19;33.5,107.36;23.01,103.98;25.49,116.73;
#360:
>0:20.06,105.09;11.51,112.24;
#361:
>0:10.64,117.73;12.32,122.61;27.12,124.99;
#362:
>0:5.19,99.58;12.78,111.02;17.73,113.29;29.54,118.72;36.43,128.81;43.26,125.31;
#363:
>0:40.76,115.15;36.05,109.34;33.85,114.6;25.48,106.72;22.02,104.1;4.23,109.58;
#364:
>0:39.11,112.72;44.73,116.34;26.85,128.1;
#365:
>0:43.02,108.39;42.82,109.78;
#366:
>0:31.44,125.45;25.42,127.67;25.41,117.66;26.13,106.43;
#367:
>0:43.09,120.1;40.12,119.86;
#368:
>0:39.34,107.67;37.65,101.32;35.63,104.14;28.08,107.14;12.28,110.59;
#369:
>0:3.72,100.86;9.26,106.87;
#370:
>0:42.94,119.55;39.54,115.43;33.72,103.77;40.84,100.47;
#371:
>0:4.52,109.23;5.84,114.46;
#372:
>0:22.96,118.03;34.73,111.96;43.84,112.23;
#373:
>0:25.23,109.62;20.59,104.99;
#374:
>0:20.14,115.23;9.48,112.53;10.51,97.65;
#375:
>0:11.95,127.78;17.72,125.4;23.17,125.15;30.14,127.53;38.21,126.35;
#376:
>0:37.61,115.69;30.19,109.27;36.81,115.49;24.85,106.39;20.83,109.46;8.13,108.68;
#377:
>0:42.71,107.58;39.62,114.41;42.36,119.47;39.72,125.55;
#378:
>0:17.82,98.36;29.58,107.82;32.59,110.4;43.46,112.84;
#379:
>0:45.42,122.23;44.73,118.84;
#380:
>0:8.58,102.43;19.88,93.6;26.2,92.24;34.8,93.67;
#381:
>0:36.13,116.56;28.84,115.16;19.12,110.91;13.82,108.49;5.03,103.28;
#382:
>0:26.24,127.87;15.92,127.28;
#383:
>0:37.11,113.32;33.44,103.82;36.42,102.47;16.75,115.49;
#384:
>0:33.36,116.47;37.67,114.79;35.57,105.2;34.19,102.54;32.19,92.81;
#385:
>0:46.28,122.43;45.08,118.68;
#386:
>0:37.67,96.03;31.75,99.86;26.6,106.52;
#387:
>0:21.91,114.13;26.96,108.65;
#388:
>0:12.14,122.01;7.35,123.76;
#389:
>0:3.62,125.52;11.26,128.52;
#390:
>0:43.29,120.49;41.95,119.51;
#391:
>0:28.06,105.55;25.6,102.62;23.71,92.08;
#392:
>0:28.32,102.35;35.81,100.32;42.6,98.92;
#393:
>0:20.01,123.84;24.15,122.09;32.95,116.01;36.86,106.41;36.65,100.68;30.61,91.16;
#394:
>0:12.49,109.56;4.93,112.55;
#395:
>0:8.54,100.07;21.42,102.17;24.84,97.67;
#396:
>0:32.28,99.02;31.8,108.79;
#397:
>0:12.88,103.15;10.03,99.78;
#398:
>0:1.68,112.51;14.18,109.97;13.79,99.22;
#399:
>0:43.06,122.29;31.07,113.75;
#400:
>0:6.98,124.69;12.3,126.21;20.69,121.89;24.01,112.91;32.94,105.66;
#401:
>0:44.67,116.47;42.81,118.83;
#402:
>0:32.98,98.56;28.74,108.92;29.2,114.48;
#403:
>0:5.89,94.94;9.78,97.69;22.31,109.58;13.81,114.63;11.59,119.1;23.96,128.78;
#404:
>0:44.93,116.94;43.02,125.1;36.85,128.28;17.93,116.74;
#405:
>0:27.26,121.47;26.0,123.16;20.29,126.91;3.32,125.18;
#406:
>0:46.49,119.13;41.03,110.77;42.55,105.34;34.9,105.24;38.52,97.01;
#407:
>0:44.91,117.0;44.58,121.44;
#408:
>0:34.54,110.99;22.78,105.09;18.76,120.36;
#409:
>0:40.5,121.35;43.94,119.26;
#410:
>0:19.73,122.61;29.33,117.95;31.71,113.15;35.56,105.09;31.12,98.39;35.72,91.09;
#411:
>0:8.34,115.85;22.08,121.54;26.61,127.88;33.41,126.19;
#412:
>0:43.43,99.89;38.85,106.51;
#413:
>0:46.46,121.73;42.29,122.59;
#414:
>0:7.31,127.54;3.32,116.34;2.45,115.15;14.3,109.33;7.88,102.03;
#415:
>0:3.83,91.22;11.16,102.43;7.21,107.61;8.25,110.97;8.78,116.32;
#416:
>0:1.97,103.56;15.16,95.01;15.51,92.95;
#417:
>0:5.01,98.1;13.41,107.15;10.37,113.26;
#418:
>0:39.54,115.53;40.3,103.7;
#419:
>0:39.54,128.59;33.0,117.69;23.07,112.29;27.87,109.22;20.17,105.45;1.9,104.35;
#420:
>0:26.24,105.57;28.97,113.34;
#421:
>0:42.41,116.63;42.58,118.67;
#422:
>0:37.37,91.21;35.88,92.07;24.58,95.83;28.06,97.57;19.26,94.88;5.78,94.35;
#423:
>0:16.46,110.06;20.66,110.53;
#424:
>0:37.08,113.96;41.43,112.9;
#425:
>0:9.09,107.38;16.11,108.34;5.09,96.66;
#426:
>0:16.01,114.98;12.27,120.65;14.01,128.66;16.1,122.44;21.1,111.96;28.66,116.07;19.06,110.3;15.58,114.35;
#427:
>0:40.61,116.86;45.21,121.75;
#428:
>0:41.57,118.98;44.91,117.22;
#429:
>0:23.56,126.83;16.74,123.06;10.96,123.11;4.48,126.97;
#430:
>0:31.18,97.96;23.82,104.66;20.83,111.38;8.6,117.7;1.19,121.22;
#431:
>0:41.89,123.64;34.34,118.32;23.62,115.37;17.35,114.69;9.49,107.97;1.9,100.4;
#432:
>0:42.31,113.23;42.95,117.23;
#433:
>0:42.48,116.52;44.36,120.41;
#434:
>0:1.78,98.87;13.36,110.24;19.64,106.27;
#435:
>0:8.7,103.42;6.78,91.16;
#436:
>0:40.18,117.0;45.9,119.1;
#437:
>0:20.44,123.14;24.57,121.42;29.93,111.87;29.85,105.93;31.24,101.73;34.68,92.02;
#438:
>0:39.9,123.67;36.07,116.79;22.63,110.77;15.45,114.92;9.84,110.62;6.39,97.7;
#439:
>0:42.34,103.8;34.17,111.3;28.43,106.49;18.21,114.33;
#440:
>0:15.31,126.74;22.27,117.24;25.49,121.35;26.24,107.84;
#441:
>0:44.96,118.73;40.04,124.34;
#442:
>0:29.75,123.74;22.45,117.22;11.85,115.19;8.61,111.69;14.33,97.97;12.93,95.45;
#443:
>0:40.6,108.01;43.96,111.04;40.52,116.66;38.26,125.9;
#444:
>0:13.65,116.4;14.77,124.42;24.3,110.35;
#445:
>0:25.13,127.96;19.04,121.56;12.57,114.4;10.85,110.74;13.54,98.63;14.3,94.22;
#446:
>0:41.33,120.8;39.56,121.51;
#447:
>0:1.87,108.37;12.94,115.37;14.05,121.02;4.32,125.84;
#448:
>0:46.43,117.56;44.05,112.21;33.25,107.06;27.38,104.92;18.9,105.05;5.87,95.01;
#449:
>0:40.73,118.94;40.62,120.47;
#450:
>0:19.08,112.58;10.5,111.39;8.44,103.19;12.26,92.15;
#451:
>0:9.71,124.82;8.35,120.15;6.19,113.83;
#452:
>0:35.3,124.68;24.92,124.35;29.38,120.62;25.07,105.54;
#453:
>0:32.35,100.21;37.51,106.81;
#454:
>0:34.35,100.49;30.59,104.13;
#455:
>0:10.85,96.85;21.11,99.92;26.49,102.1;33.36,98.66;41.72,103.04;
#456:
>0:5.2,127.29;8.26,122.93;16.4,110.75;
#457:
>0:5.44,101.02;11.3,97.68;17.87,98.75;28.97,102.02;33.13,102.53;
#458:
>0:15.88,107.52;24.52,116.11;32.26,116.55;44.75,120.39;
#459:
>0:10.07,118.83;9.78,111.73;1.21,112.17;15.96,100.41;
#460:
>0:17.25,112.75;13.84,120.26;8.48,124.45;20.63,119.48;28.87,115.04;16.99,119.38;22.11,114.28;
#461:
>0:42.24,117.41;46.14,120.11;
#462:
>0:2.65,121.32;14.94,111.52;9.12,119.99;19.97,125.51;32.72,112.24;
#463:
>0:27.64,117.17;29.48,115.81;29.44,106.43;22.69,99.41;
#464:
>0:40.27,108.44;33.07,111.6;23.68,122.14;16.69,127.53;
#465:
>0:42.42,103.59;29.86,104.55;37.01,103.96;42.14,121.6;
#466:
>0:8.93,117.88;21.59,114.15;22.7,105.61;27.75,103.56;23.16,94.09;
#467:
>0:38.42,127.98;32.53,120.64;29.7,122.11;29.43,113.48;11.87,112.13;
#468:
>0:7.25,123.76;10.9,121.57;19.89,111.79;24.86,105.35;31.32,97.51;38.27,98.9;
#469:
>0:44.35,118.75;39.51,122.39;
#470:
>0:44.7,122.1;41.45,118.7;
#471:
>0:14.3,115.05;15.72,116.95;22.97,124.52;35.01,123.32;
#472:
>0:40.83,119.2;42.97,120.84;
#473:
>0:34.68,125.75;37.98,127.64;29.84,121.75;33.28,109.62;
#474:
>0:2.16,109.47;9.35,100.64;15.91,101.44;25.91,101.02;34.58,99.6;42.63,99.34;
#475:
>0:16.51,118.39;29.2,115.27;17.99,107.77;
#476:
>0:19.35,96.27;28.38,98.5;35.54,97.39;25.19,113.89;
#477:
>0:46.09,117.63;42.82,116.39;
#478:
>0:43.87,121.8;43.65,120.0;
#479:
>0:7.71,116.38;5.29,112.34;10.32,110.46;3.04,97.76;
#480:
>0:32.85,105.4;27.63,105.95;19.67,111.11;8.71,128.8;
#481:
>0:31.83,126.45;28.73,124.26;21.75,125.35;12.53,126.4;7.53,125.27;
#482:
>0:25.04,98.93;33.58,98.35;39.98,102.26;
#483:
>0:40.42,113.05;35.18,107.63;25.31,108.15;
#484:
>0:7.31,123.93;8.82,119.64;19.11,119.09;
#485:
>0:40.03,116.45;44.38,121.28;
#486:
>0:8.62,103.19;16.29,107.28;29.66,114.32;32.72,116.0;
#487:
>0:42.82,105.05;31.88,107.56;33.45,110.17;20.79,107.34;
#488:
>0:32.53,124.12;25.99,117.91;27.71,111.13;28.66,108.33;22.7,98.39;
#489:
>0:31.85,102.74;24.72,106.43;21.85,112.63;8.98,120.16;4.29,117.29;
#490:
>0:39.76,122.41;41.34,120.35;
#491:
>0:40.41,120.67;42.45,118.61;
#492:
>0:2.98,94.64;14.64,99.35;17.6,105.24;27.94,114.69;34.38,114.98;40.55,115.69;
#493:
>0:4.56,99.08;10.26,111.56;11.36,111.38;
#494:
>0:47.5,126.53;43.36,122.15;
#495:
>0:2.0,107.45;14.28,107.0;22.02,99.6;
#496:
>0:38.35,93.86;33.6,93.17;26.41,96.16;
#497:
>0:10.69,128.84;6.7,120.7;
#498:
>0:14.95,124.81;16.77,120.63;25.84,115.85;32.8,110.38;42.75,111.02;
#499:
>0:45.01,117.01;41.52,120.12;
#500:
>0:39.86,115.84;43.31,114.94;
#501:
>0:10.72,96.38;16.14,102.9;15.98,109.16;19.27,114.53;
#502:
>0:4.88,96.88;12.49,94.0;
#503:
>0:35.35,91.97;31.55,98.42;33.02,107.4;34.18,112.48;30.81,121.56;35.3,122.77;
#504:
>0:45.13,116.46;34.06,114.73;27.09,104.13;16.77,98.37;11.92,94.43;
#505:
>0:30.66,102.28;40.29,106.64;
#506:
>0:3.1,107.6;15.27,111.08;
#507:
>0:43.77,120.49;44.8,122.19;
#508:
>0:25.55,105.31;26.03,113.65;19.73,111.07;11.7,124.68;
#509:
>0:24.57,110.34;35.23,118.54;39.37,126.73;
#510:
>0:23.44,124.73;21.91,123.84;
#511:
>0:35.47,99.73;41.02,109.14;
#512:
>0:44.79,119.09;44.28,119.07;
#513:
>0:11.63,113.33;13.64,117.83;4.64,125.33;
#514:
>0:39.96,117.24;37.16,111.15;39.78,121.21;37.21,111.17;40.89,112.95;
#515:
>0:20.58,109.46;14.77,109.83;
#516:
>0:36.52,101.55;23.79,96.64;28.06,98.77;15.74,94.66;5.01,97.28;
#517:
>0:3.32,105.65;10.3,112.88;20.18,112.54;24.19,113.66;
#518:
>0:26.51,116.48;22.69,122.79;20.52,126.94;7.37,128.68;
#519:
>0:9.15,126.64;17.32,116.78;26.66,111.23;17.48,115.96;14.11,100.2;
#520:
>0:30.04,95.36;23.74,99.52;18.74,101.1;
#521:
>0:20.21,109.95;26.0,104.2;31.14,107.97;
#522:
>0:6.41,91.93;13.09,102.7;18.52,100.08;25.45,99.44;
#523:
>0:32.74,127.56;24.77,126.1;25.91,120.52;35.78,113.86;32.61,97.73;
#524:
>0:7.37,116.01;10.24,111.33;21.76,113.6;25.16,114.42;
#525:
>0:18.17,112.63;29.38,107.21;24.58,100.21;
#526:
>0:20.77,92.39;25.91,102.16;31.85,100.64;33.99,116.06;
#527:
>0:21.7,115.84;24.34,105.58;
#528:
>0:20.65,119.8;28.55,110.89;21.05,107.91;
#529:
>0:13.94,98.37;6.48,91.88;
#530:
>0:24.65,102.98;18.19,91.7;10.34,94.51;
#531:
>0:20.75,115.33;28.28,104.86;
#532:
>0:40.19,116.91;42.01,119.35;
#533:
>0:31.14,125.62;29.7,125.65;28.5,117.62;29.61,103.85;
#534:
>0:46.06,120.87;43.14,117.52;
#535:
>0:15.11,101.77;13.94,111.6;2.04,115.93;13.68,111.44;11.08,127.72;
#536:
>0:35.4,110.26;23.91,104.76;15.53,117.12;
#537:
>0:24.47,101.37;17.27,94.83;9.57,94.46;
#538:
>0:44.71,116.76;41.12,121.84;
#539:
>0:26.31,108.33;17.62,108.06;14.61,101.96;2.07,101.19;
#540:
>0:15.35,103.08;15.73,109.08;26.41,106.74;
#541:
>0:42.59,121.73;44.22,118.92;
#542:
>0:44.85,119.96;40.01,117.63;
#543:
>0:44.03,120.31;30.42,121.68;27.8,119.57;
#544:
>0:17.49,99.77;15.79,96.4;
#545:
>0:42.15,103.53;35.1,105.47;29.43,106.09;18.11,114.97;23.82,124.05;
#546:
>0:45.35,120.13;44.86,120.53;
#547:
>0:45.35,118.79;39.41,119.99;
#548:
>0:41.39,99.35;33.23,103.86;26.38,104.6;28.81,110.73;25.84,128.87;
#549:
>0:33.53,108.33;36.29,104.89;
#550:
>0:12.35,123.38;19.72,123.67;24.26,126.03;34.11,128.64;39.51,127.25;
#551:
>0:5.84,106.8;14.18,110.96;20.98,114.67;26.87,113.23;
#552:
>0:22.16,101.8;28.59,106.51;34.75,116.12;41.8,107.92;
#553:
>0:23.64,120.07;21.57,112.5;14.81,110.64;6.32,100.23;
#554:
>0:19.07,93.49;28.96,98.11;34.12,109.57;42.23,112.42;
#555:
>0:24.04,126.62;32.41,118.81;46.28,121.93;
#556:
>0:40.57,117.8;42.97,116.6;
#557:
>0:28.83,98.06;16.85,103.95;10.68,114.57;12.58,119.92;2.19,127.62;
#558:
>0:39.67,116.63;45.9,122.17;
#559:
>0:46.52,120.22;44.6,119.13;
#560:
>0:33.37,105.41;26.4,105.63;21.62,112.63;13.44,125.29;
#561:
>0:31.55,125.94;29.41,123.87;22.55,124.02;15.11,124.2;2.27,128.65;
#562:
>0:39.9,119.0;42.86,117.86;
#563:
>0:14.92,98.56;20.56,105.51;23.85,109.92;31.79,107.04;
#564:
>0:3.83,110.43;10.43,109.26;17.45,98.97;28.26,91.13;28.88,99.53;43.3,94.34;
#565:
>0:45.27,119.64;42.27,122.42;
#566:
>0:10.84,107.64;20.95,106.06;1.06,93.66;
#567:
>0:32.7,111.04;28.61,107.81;18.37,109.94;14.04,119.92;
#568:
>0:30.99,116.55;24.71,110.95;18.89,111.91;12.33,99.83;
#569:
>0:2.31,99.1;8.59,93.58;20.73,93.62;23.65,92.95;27.09,102.49;43.41,91.22;
#570:
>0:13.02,120.07;13.19,126.01;29.01,125.77;
#571:
>0:26.23,100.54;33.88,93.31;
#572:
>0:17.64,108.42;26.29,112.49;25.98,119.58;
#573:
>0:37.11,103.73;42.24,113.39;43.87,116.95;41.28,125.56;
#574:
>0:12.54,102.7;19.75,102.18;
#575:
>0:31.64,124.18;42.16,120.58;40.04,115.08;30.21,107.42;37.78,97.85;
#576:
>0:21.54,119.08;23.76,128.87;29.95,123.73;37.91,127.19;
#577:
>0:28.19,121.64;28.3,123.0;22.31,123.56;6.19,122.95;
#578:
>0:30.39,102.39;24.11,106.15;28.99,114.04;16.29,113.92;20.65,124.2;
#579:
>0:10.52,92.1;19.08,93.35;26.34,96.85;25.84,98.54;37.23,96.26;
#580:
>0:11.09,96.91;3.4,103.45;7.84,104.38;6.11,112.43;1.71,119.53;
#581:
>0:8.35,124.59;17.06,123.28;29.56,124.65;35.38,126.51;43.73,127.39;
#582:
>0:40.29,120.08;44.93,117.6;
#583:
>0:11.37,103.58;15.69,107.74;25.45,108.3;34.88,111.85;38.6,108.68;
#584:
>0:15.78,113.96;23.68,105.72;26.98,101.19;29.18,96.38;
#585:
>0:14.22,125.1;22.11,118.2;27.81,122.52;35.69,119.65;
#586:
>0:45.9,122.53;42.81,121.61;
#587:
>0:2.68,110.06;8.99,110.06;18.55,103.38;18.98,94.72;
#588:
>0:8.75,127.55;21.94,124.52;
#589:
>0:6.17,97.96;15.11,110.17;10.67,115.99;
#590:
>0:33.27,120.47;40.69,110.66;34.18,107.54;30.86,103.13;34.87,93.59;
#591:
>0:17.48,97.87;20.99,92.6;
#592:
>0:41.14,113.53;29.88,108.59;25.42,104.2;
#593:
>0:29.37,114.38;22.8,108.9;
#594:
>0:15.43,108.4;8.46,109.1;
#595:
>0:4.43,127.1;8.76,123.07;8.95,121.66;25.61,128.41;
#596:
>0:44.54,119.15;44.22,121.77;
#597:
>0:10.92,126.17;19.2,121.76;17.4,114.36;7.85,105.52;
#598:
>0:4.17,92.77;13.95,94.35;
#599:
>0:39.44,121.77;43.08,116.84;
#600:
>0:15.9,126.08;28.78,118.43;31.1,115.93;30.82,108.3;36.66,98.99;33.79,93.33;
#601:
>0:38.47,107.9;31.77,114.9;25.92,117.22;19.73,118.79;10.97,117.85;3.71,116.92;
#602:
>0:37.86,103.29;33.38,104.78;39.7,107.09;44.71,117.28;
#603:
>0:37.73,115.94;36.11,107.55;36.16,113.26;22.85,104.14;20.19,104.31;5.91,107.32;
#604:
>0:4.53,100.45;15.24,102.94;17.52,103.4;23.77,98.96;31.7,99.36;
#605:
>0:40.34,115.39;40.64,111.85;
#606:
>0:18.42,128.21;23.29,119.5;31.78,112.47;30.94,109.01;43.08,101.68;
#607:
>0:27.76,114.45;30.12,111.25;38.34,113.68;
#608:
>0:41.11,119.87;44.57,119.02;
#609:
>0:24.11,123.06;20.04,127.74;
