#0:
>0:30.79,127.19;40.37,117.6;39.1,112.63;43.39,106.42;30.45,102.75;43.23,96.9;
#1:
>0:45.95,117.17;44.11,119.36;
#2:
>0:21.27,111.24;27.6,110.17;34.51,113.58;27.64,116.29;17.7,115.73;26.79,115.82;18.91,112.02;20.41,110.92;
#3:
>0:7.46,104.46;2.45,115.68;13.03,103.85;24.49,115.32;
#4:
>0:14.55,98.32;8.63,106.63;22.44,111.37;30.18,122.19;
#5:
>0:41.99,121.51;30.51,115.18;
#6:
>0:38.15,128.89;29.87,118.62;26.78,112.14;21.76,103.7;
#7:
>0:41.44,118.75;39.94,118.25;
#8:
>0:40.33,121.74;34.1,112.72;
#9:
>0:43.33,122.11;45.56,116.73;
#10:
>0:44.68,119.97;39.55,121.14;
#11:
>0:45.41,119.97;40.28,119.05;
#12:
>0:44.92,119.1;44.86,117.99;
#13:
>0:43.19,116.4;43.42,118.63;
#14:
>0:12.49,113.11;20.0,112.49;27.9,121.77;31.85,110.67;41.67,111.73;
#15:
>0:40.77,121.7;44.54,117.32;
#16:
>0:26.02,100.13;21.33,94.6;10.09,95.62;8.05,94.67;
#17:
>0:43.13,116.71;39.57,120.02;
#18:
>0:13.25,120.17;18.3,111.1;28.47,113.69;33.85,114.07;39.87,113.29;
#19:
>0:44.04,97.98;32.27,105.14;23.94,115.97;20.49,117.68;17.85,128.82;4.74,116.08;
#20:
>0:43.21,92.41;36.67,99.58;34.77,106.67;23.7,115.88;18.1,110.13;7.9,113.54;
#21:
>0:41.21,116.46;43.77,121.7;
#22:
>0:45.2,120.37;45.24,120.59;
#23:
>0:41.96,118.62;44.69,117.36;
#24:
>0:43.26,119.22;42.29,121.5;
#25:
>0:42.22,121.34;44.41,117.65;
#26:
>0:3.02,128.07;6.99,122.4;10.24,113.82;22.64,112.02;
#27:
>0:44.23,121.17;40.66,119.43;
#28:
>0:21.71,101.44;21.03,102.83;
#29:
>0:41.38,96.85;33.92,96.53;36.5,97.8;39.57,108.74;32.0,117.08;
#30:
>0:3.26,95.05;11.47,102.6;13.21,105.49;16.83,115.31;32.65,115.14;
#31:
>0:44.56,120.68;45.54,117.37;
#32:
>0:43.21,118.22;44.23,117.26;
#33:
>0:42.82,118.9;40.85,120.64;
#34:
>0:24.46,93.9;36.53,100.9;40.74,109.69;41.49,113.92;32.74,119.95;
#35:
>0:46.07,116.65;42.64,117.5;
#36:
>0:4.17,119.07;15.18,115.13;16.92,113.91;13.97,108.9;7.95,95.16;
#37:
>0:41.18,111.65;34.11,120.74;
#38:
>0:45.55,118.2;41.29,118.76;
#39:
>0:12.22,97.07;18.98,97.07;13.48,106.82;
#40:
>0:18.03,113.13;10.65,110.58;6.79,116.15;
#41:
>0:42.55,116.54;46.44,121.14;
#42:
>0:15.71,118.22;9.34,121.43;4.29,119.08;
#43:
>0:42.0,121.59;40.45,119.65;
#44:
>0:15.87,114.06;26.03,114.97;17.99,114.77;18.99,111.16;
#45:
>0:28.01,98.84;16.6,102.32;10.73,102.09;
#46:
>0:25.49,107.3;26.51,111.43;18.43,110.88;6.93,112.72;
#47:
>0:39.38,116.38;40.73,116.87;
#48:
>0:15.25,117.8;2.59,114.67;3.22,105.56;8.02,99.5;
#49:
>0:44.01,119.65;41.52,120.16;
#50:
>0:41.42,119.03;44.21,117.8;
#51:
>0:45.89,119.99;43.96,119.26;
#52:
>0:14.59,120.72;22.28,114.35;29.55,109.19;26.05,100.23;43.83,104.23;
#53:
>0:42.51,119.77;39.73,122.29;
#54:
>0:40.36,121.78;44.05,118.12;
#55:
>0:46.38,120.13;45.87,120.58;
#56:
>0:35.49,113.78;24.18,112.77;16.46,110.49;13.08,113.43;2.98,117.1;
#57:
>0:44.71,116.52;40.09,118.02;
#58:
>0:31.26,95.06;30.5,100.63;33.27,106.35;28.7,113.62;22.0,116.19;2.65,126.69;
#59:
>0:20.57,123.04;8.95,118.69;4.96,110.58;11.35,106.64;5.05,102.01;15.54,95.61;
#60:
>0:40.33,122.46;44.21,120.98;
#61:
>0:15.25,121.64;18.08,115.55;28.63,109.05;30.69,99.48;
#62:
>0:42.2,121.78;31.64,115.08;31.78,108.7;18.42,115.34;
#63:
>0:42.51,121.86;41.93,121.09;
#64:
>0:36.85,115.69;27.18,113.01;38.72,128.61;
#65:
>0:34.9,115.05;42.6,113.98;
#66:
>0:26.86,100.24;15.46,91.28;13.95,94.51;1.38,95.58;
#67:
>0:45.96,122.36;44.71,120.79;
#68:
>0:42.73,120.5;46.0,119.62;
#69:
>0:7.71,100.86;6.84,109.91;13.26,116.24;14.61,122.59;
#70:
>0:42.23,119.08;42.43,125.65;
#71:
>0:46.13,117.87;43.14,122.36;
#72:
>0:45.64,116.33;41.2,120.69;
#73:
>0:42.41,120.27;46.03,118.19;
#74:
>0:41.53,118.58;41.62,121.43;
#75:
>0:37.48,116.15;43.85,112.88;
#76:
>0:24.84,97.03;31.13,95.74;34.98,100.2;39.97,100.37;36.35,94.71;
#77:
>0:11.51,108.04;16.64,112.7;26.75,113.96;35.57,106.25;
#78:
>0:18.24,117.5;17.04,111.36;
#79:
>0:44.79,120.21;42.72,117.8;
#80:
>0:6.31,91.46;12.81,94.94;17.31,94.73;29.06,103.63;34.59,105.36;
#81:
>0:42.35,117.41;43.56,117.99;
#82:
>0:26.18,128.88;35.9,119.1;
#83:
>0:40.51,121.02;45.82,122.51;
#84:
>0:43.84,116.64;46.47,117.3;
#85:
>0:43.3,117.57;44.78,119.47;
#86:
>0:24.59,117.51;25.16,115.71;
#87:
>0:14.33,125.23;9.32,120.59;15.79,112.71;23.26,106.74;36.2,101.85;39.39,91.15;
#88:
>0:44.1,118.83;45.57,120.68;
#89:
>0:42.95,118.67;43.37,122.44;
#90:
>0:13.93,100.87;12.47,106.3;19.13,113.57;29.07,115.13;29.09,128.0;
#91:
>0:30.39,100.24;35.89,107.59;25.41,106.41;22.12,121.31;
#92:
>0:25.92,118.58;24.07,110.4;
#93:
>0:43.09,121.13;46.48,116.58;
#94:
>0:40.15,93.85;32.54,98.76;22.63,109.64;22.23,110.34;11.83,111.19;4.63,118.18;
#95:
>0:40.83,116.48;44.62,121.14;
#96:
>0:40.36,116.74;44.4,121.89;
#97:
>0:43.75,121.92;42.99,121.24;
#98:
>0:31.01,114.75;23.06,111.09;16.67,125.87;
#99:
>0:42.65,111.28;40.28,119.08;
#100:
>0:45.69,118.31;44.86,118.48;
#101:
>0:40.67,117.41;43.54,118.85;
#102:
>0:27.8,128.68;18.45,121.67;12.73,118.3;
#103:
>0:23.04,107.41;31.45,115.59;
#104:
>0:18.47,114.42;23.16,118.7;30.55,115.25;40.0,117.13;
#105:
>0:32.87,102.07;33.29,103.99;24.58,113.07;18.54,113.31;2.75,97.63;
#106:
>0:40.17,117.59;43.63,120.84;
#107:
>0:25.65,120.47;35.9,113.59;32.16,107.83;36.1,99.37;33.76,94.35;
#108:
>0:40.97,117.98;44.03,120.72;
#109:
>0:40.0,121.77;42.2,122.57;
#110:
>0:39.58,119.07;42.17,117.61;
#111:
>0:10.22,119.7;7.76,115.3;
#112:
>0:31.02,99.22;33.64,106.26;27.23,107.98;27.01,111.6;26.87,127.58;
#113:
>0:44.07,123.06;43.39,117.93;
#114:
>0:34.42,127.0;31.56,118.53;38.26,114.44;34.39,104.81;
#115:
>0:44.79,122.09;40.82,121.35;
#116:
>0:41.84,121.06;45.59,122.01;
#117:
>0:14.57,105.62;19.23,100.05;28.82,94.98;32.56,92.52;
#118:
>0:44.6,117.4;45.93,116.61;
#119:
>0:45.47,120.01;44.51,122.49;
#120:
>0:25.82,111.22;19.72,114.22;11.01,109.45;8.64,97.13;
#121:
>0:44.7,122.51;41.87,121.02;
#122:
>0:24.17,101.16;36.18,98.25;41.23,98.45;
#123:
>0:3.69,95.6;8.15,102.6;3.67,108.08;10.2,113.14;28.86,121.11;
#124:
>0:37.39,98.13;34.34,108.76;29.71,113.81;16.75,115.79;9.34,117.35;8.05,118.31;
#125:
>0:19.22,91.58;24.42,101.35;31.8,99.85;43.17,103.9;39.56,117.58;
#126:
>0:18.49,114.32;24.28,105.15;36.4,104.84;
#127:
>0:46.16,118.6;39.39,119.45;
#128:
>0:42.01,101.96;33.03,100.77;
#129:
>0:46.5,121.37;44.48,119.11;
#130:
>0:16.51,113.46;23.15,116.26;25.43,110.27;
#131:
>0:46.23,123.04;41.8,118.99;
#132:
>0:36.4,93.51;32.16,102.12;43.25,107.31;37.27,114.56;34.87,120.2;
#133:
>0:39.97,119.42;40.15,122.31;
#134:
>0:41.39,116.66;40.95,119.84;
#135:
>0:45.68,122.05;45.82,117.14;
#136:
>0:42.72,120.64;40.12,120.06;
#137:
>0:40.57,111.06;43.66,115.87;
#138:
>0:39.53,120.52;39.49,120.45;
#139:
>0:40.44,117.59;46.12,118.09;
#140:
>0:41.66,121.35;44.65,120.32;
#141:
>0:30.37,102.74;25.18,92.81;18.95,93.27;
#142:
>0:46.38,118.59;43.36,117.99;
#143:
>0:46.36,120.22;43.9,120.27;
#144:
>0:26.13,104.53;16.83,104.12;14.46,100.42;7.12,113.11;
#145:
>0:21.29,103.19;10.83,104.17;1.13,110.3;3.31,116.95;
#146:
>0:18.05,113.73;11.14,112.16;4.76,115.01;
#147:
>0:34.25,100.4;32.82,107.49;22.95,116.18;18.6,112.28;5.71,124.66;
#148:
>0:18.41,105.8;12.87,102.18;4.74,95.21;
#149:
>0:42.06,106.49;43.08,115.94;43.77,121.33;
#150:
>0:35.22,114.88;24.96,114.34;17.16,122.53;12.95,121.49;
#151:
>0:23.8,116.53;16.54,115.93;13.75,111.37;2.66,112.27;
#152:
>0:26.14,110.27;18.99,120.49;20.89,124.8;3.78,125.63;
#153:
>0:3.97,113.03;6.26,120.52;14.77,119.1;19.01,116.11;23.16,114.0;44.71,120.8;
#154:
>0:33.28,97.46;29.84,108.19;27.34,111.53;21.73,110.47;1.42,100.99;
#155:
>0:42.52,119.39;42.96,120.36;
#156:
>0:7.41,110.28;1.94,118.14;21.71,121.2;
#157:
>0:46.4,118.33;43.86,122.34;
#158:
>0:40.05,120.46;43.46,120.29;
#159:
>0:13.43,99.96;19.41,97.55;
#160:
>0:43.03,121.19;39.77,117.96;
#161:
>0:11.95,104.14;4.02,112.89;
#162:
>0:30.26,100.06;26.82,95.84;20.26,91.18;
#163:
>0:17.0,115.65;10.02,121.98;5.7,122.4;
#164:
>0:43.25,120.66;40.32,122.42;
#165:
>0:44.59,117.91;45.64,116.37;
#166:
>0:44.08,121.29;43.39,117.61;
#167:
>0:46.18,117.29;41.94,118.43;
#168:
>0:24.38,118.78;18.11,113.0;11.84,106.61;
#169:
>0:41.47,110.2;40.39,115.73;
#170:
>0:20.75,110.1;23.76,113.78;19.13,113.76;21.82,112.98;
#171:
>0:17.69,114.23;8.38,106.23;18.83,113.21;26.38,110.89;31.17,118.13;27.9,114.66;30.04,116.78;22.66,112.81;20.92,111.31;18.52,112.83;
#172:
>0:21.96,127.66;13.03,119.12;7.68,113.5;7.33,109.56;
#173:
>0:43.87,110.99;32.45,114.92;23.12,105.96;
#174:
>0:16.23,114.48;25.27,104.66;28.56,98.09;43.21,102.84;
#175:
>0:32.1,123.86;25.35,116.54;24.8,113.43;
#176:
>0:44.81,117.65;39.6,116.78;
#177:
>0:22.27,112.55;27.89,105.47;30.84,103.16;
#178:
>0:41.87,121.09;41.4,121.05;
#179:
>0:31.11,94.22;25.82,96.68;18.64,102.64;11.33,106.52;20.36,112.09;4.81,126.99;
#180:
>0:4.98,112.69;10.37,105.93;
#181:
>0:40.55,112.98;43.11,121.28;36.59,117.74;24.72,115.03;14.86,110.87;
#182:
>0:29.53,114.44;15.96,117.14;19.07,123.68;
#183:
>0:40.78,116.42;42.56,121.77;
#184:
>0:45.74,119.93;44.47,118.53;
#185:
>0:8.21,95.87;10.01,101.54;8.41,106.99;18.07,115.22;33.58,110.38;
#186:
>0:20.18,112.28;24.69,106.56;19.11,103.84;10.38,93.54;
#187:
>0:11.15,104.1;5.83,108.29;
#188:
>0:22.99,105.43;36.31,115.32;35.31,121.02;
#189:
>0:39.56,117.0;40.57,116.73;
#190:
>0:25.91,117.95;29.35,119.74;
#191:
>0:42.42,120.98;46.36,117.88;
#192:
>0:42.76,122.74;36.52,117.89;29.29,110.61;20.16,108.02;
#193:
>0:41.93,97.61;34.02,108.62;24.24,111.88;21.83,116.94;20.68,128.09;1.3,114.51;
#194:
>0:44.91,118.1;41.11,117.99;
#195:
>0:42.25,119.97;42.15,116.7;
#196:
>0:44.63,118.69;42.39,119.96;
#197:
>0:38.98,110.28;43.79,114.33;
#198:
>0:42.84,120.21;42.06,110.42;
#199:
>0:42.79,119.23;39.81,118.81;
#200:
>0:10.18,128.59;19.93,122.14;23.03,121.64;
#201:
>0:19.46,102.21;14.61,104.28;22.34,112.21;31.54,117.22;
#202:
>0:39.58,117.04;42.22,117.38;
#203:
>0:41.61,120.01;46.45,121.83;
#204:
>0:45.6,121.99;45.9,121.95;
#205:
>0:38.21,113.94;38.31,114.97;
#206:
>0:44.52,120.4;43.66,111.75;
#207:
>0:44.88,119.31;43.41,121.74;
#208:
>0:39.13,102.85;33.44,105.46;27.69,111.34;19.04,115.3;10.41,110.4;3.67,121.36;
#209:
>0:39.88,121.18;41.68,118.98;
#210:
>0:36.76,120.89;26.19,121.99;34.09,115.46;46.31,120.07;
#211:
>0:45.4,119.6;44.1,122.22;
#212:
>0:40.99,120.33;41.92,117.69;
#213:
>0:24.42,116.46;17.23,112.04;12.25,109.77;5.56,101.08;
#214:
>0:27.07,104.44;22.47,106.7;9.03,98.59;3.67,111.74;
#215:
>0:44.09,122.55;42.59,117.07;
#216:
>0:44.67,120.41;42.05,117.89;
#217:
>0:21.65,125.18;25.94,118.59;29.87,111.85;33.14,108.25;36.28,100.82;35.66,92.04;
#218:
>0:30.51,112.21;31.49,112.52;
#219:
>0:45.56,117.47;42.5,117.81;
#220:
>0:41.69,120.55;40.33,122.42;
#221:
>0:11.47,121.72;1.2,111.15;4.7,107.45;7.4,98.13;
#222:
>0:10.68,105.44;22.32,102.68;
#223:
>0:39.7,114.88;44.14,112.86;
#224:
>0:42.53,114.22;40.98,118.29;
#225:
>0:39.84,119.65;41.4,120.48;
#226:
>0:16.49,128.23;28.12,118.87;32.89,114.06;31.75,108.01;30.94,103.43;31.05,92.15;
#227:
>0:39.14,113.04;40.01,112.41;
#228:
>0:21.32,111.87;13.55,106.96;3.53,98.03;3.86,96.32;
#229:
>0:17.83,115.24;27.32,111.32;16.95,123.81;
#230:
>0:41.05,118.24;43.29,116.7;
#231:
>0:45.11,121.65;43.74,116.79;
#232:
>0:30.04,123.57;29.98,121.42;22.8,111.51;33.48,103.79;
#233:
>0:21.87,91.53;25.0,102.99;34.09,101.03;41.16,107.39;46.06,116.73;
#234:
>0:26.78,115.1;21.89,114.02;
#235:
>0:42.14,109.99;42.8,110.4;
#236:
>0:15.61,115.79;9.98,106.34;17.35,116.18;26.13,113.01;36.0,118.18;20.54,114.42;
#237:
>0:40.52,119.91;45.87,120.38;
#238:
>0:42.13,118.42;44.33,116.38;
#239:
>0:43.48,119.12;43.13,117.17;
#240:
>0:40.21,119.88;42.83,122.27;
#241:
>0:5.75,118.82;13.62,110.17;9.08,105.29;11.43,98.46;
#242:
>0:42.46,91.2;30.43,94.8;36.58,97.69;42.37,108.49;34.5,117.26;
#243:
>0:45.92,116.43;46.32,116.7;
#244:
>0:44.57,118.5;41.53,118.13;
#245:
>0:21.99,100.46;18.29,103.83;23.51,108.29;43.75,119.17;
#246:
>0:46.22,122.1;40.66,120.98;
#247:
>0:43.3,118.67;42.21,117.63;
#248:
>0:33.65,94.97;39.21,92.72;
#249:
>0:23.34,102.27;31.84,101.63;34.66,108.63;27.29,113.12;17.18,125.0;
#250:
>0:5.94,99.93;4.14,108.08;9.41,113.54;8.33,122.05;
#251:
>0:37.16,110.69;36.12,106.16;24.09,103.93;22.19,105.28;12.2,97.89;2.69,109.39;
#252:
>0:43.48,116.5;44.47,118.86;
#253:
>0:38.72,93.32;32.52,102.78;22.81,108.64;21.65,114.75;10.0,118.97;3.3,121.79;
#254:
>0:40.04,117.78;39.53,119.14;
#255:
>0:43.59,100.71;36.08,101.72;
#256:
>0:40.75,94.12;32.53,99.52;32.06,106.21;25.42,113.29;12.13,121.43;
#257:
>0:17.51,128.41;12.12,119.05;21.77,111.31;26.28,106.99;20.71,109.56;13.32,95.89;
#258:
>0:23.93,121.7;22.44,114.3;12.1,109.74;4.52,98.46;1.93,94.71;
#259:
>0:43.92,116.81;41.52,119.15;
#260:
>0:37.23,115.21;43.36,112.45;
#261:
>0:43.55,119.5;40.31,118.38;
#262:
>0:45.24,122.07;44.0,117.86;
#263:
>0:41.07,122.33;45.02,118.45;
#264:
>0:45.88,118.21;45.06,118.16;
#265:
>0:39.5,121.26;44.26,117.28;
#266:
>0:28.44,114.64;35.77,109.08;
#267:
>0:43.74,120.74;43.35,116.49;
#268:
>0:22.31,113.97;29.78,106.78;30.94,99.44;33.59,95.01;
#269:
>0:43.8,120.38;43.36,120.91;
#270:
>0:44.51,120.27;45.71,121.84;
#271:
>0:38.99,100.97;36.34,106.39;23.03,110.43;19.51,112.21;9.28,116.59;4.89,117.05;
#272:
>0:31.28,95.41;35.28,101.12;32.34,108.98;25.7,116.22;29.38,117.13;
#273:
>0:2.36,91.32;7.57,97.72;18.53,94.08;
#274:
>0:31.43,118.6;33.6,119.8;
#275:
>0:40.12,121.79;42.94,117.02;
#276:
>0:44.91,117.01;40.68,122.31;
#277:
>0:43.78,117.22;40.21,119.14;
#278:
>0:32.73,102.13;41.5,102.68;42.17,96.98;42.74,101.6;36.75,92.48;
#279:
>0:38.13,115.18;43.08,115.45;
#280:
>0:39.32,127.37;31.23,121.53;29.35,112.78;21.88,106.25;
#281:
>0:14.71,126.2;16.06,121.72;23.83,120.92;
#282:
>0:21.02,125.4;19.37,121.45;18.73,110.07;
#283:
>0:43.84,121.01;41.08,122.09;
#284:
>0:24.17,120.65;19.55,112.62;11.09,110.94;6.26,113.02;
#285:
>0:43.54,117.23;41.06,120.83;
#286:
>0:39.53,116.69;43.78,119.17;
#287:
>0:44.95,119.93;43.53,116.63;
#288:
>0:41.85,122.13;45.08,119.32;
#289:
>0:46.37,122.22;44.5,118.19;
#290:
>0:29.5,93.12;36.54,101.97;39.93,104.89;
#291:
>0:39.74,122.11;40.03,122.11;
#292:
>0:2.14,105.62;9.19,97.56;1.15,91.18;
#293:
>0:44.41,119.92;44.37,121.56;
#294:
>0:40.55,116.64;43.28,119.26;
#295:
>0:14.77,100.79;4.09,105.0;15.14,111.08;15.95,114.02;25.13,127.64;
#296:
>0:45.74,120.37;39.56,117.66;
#297:
>0:26.3,122.11;17.84,114.46;12.36,114.85;5.83,115.3;
#298:
>0:45.83,119.8;42.17,117.06;
#299:
>0:45.96,117.51;44.54,121.35;
#300:
>0:32.63,119.28;45.75,118.72;40.41,114.47;40.8,119.76;38.85,110.63;43.14,113.76;
#301:
>0:40.2,121.14;44.76,120.83;
#302:
>0:41.77,92.72;30.88,95.39;26.35,95.98;19.25,97.95;12.41,105.89;
#303:
>0:6.71,109.78;8.55,114.07;22.08,112.16;22.93,106.38;30.39,100.71;42.85,91.29;
#304:
>0:44.92,121.98;46.54,118.27;
#305:
>0:1.97,92.85;15.13,101.73;9.85,108.63;21.84,114.6;24.56,111.58;40.63,125.08;
#306:
>0:42.9,121.52;45.05,119.36;
#307:
>0:41.37,118.67;43.48,117.03;
#308:
>0:16.5,121.11;14.16,124.3;
#309:
>0:31.63,115.82;30.89,106.3;22.2,109.44;
#310:
>0:2.34,105.81;9.33,103.46;4.59,93.62;
#311:
>0:41.48,120.48;45.81,121.94;
#312:
>0:11.7,113.45;20.62,116.08;27.8,109.59;36.52,97.91;41.36,94.37;
#313:
>0:40.16,118.75;39.48,116.91;
#314:
>0:41.46,110.72;33.43,110.28;
#315:
>0:44.13,114.05;40.29,117.96;
#316:
>0:45.87,117.79;41.53,118.07;
#317:
>0:41.51,120.74;43.12,117.45;
#318:
>0:23.24,116.65;17.48,111.27;14.98,105.62;4.9,98.5;6.64,91.29;
#319:
>0:21.35,115.88;25.3,105.53;22.76,97.47;
#320:
>0:39.15,101.43;32.4,107.98;23.06,114.86;21.97,116.07;9.7,112.46;4.59,122.47;
#321:
>0:38.74,125.95;33.54,117.61;28.1,111.85;19.69,107.29;
#322:
>0:21.37,114.65;23.09,116.32;33.59,111.64;43.71,121.62;
#323:
>0:8.77,100.35;13.42,105.92;16.19,116.04;33.95,112.66;
#324:
>0:8.15,107.74;12.73,115.58;16.19,114.23;28.7,110.92;
#325:
>0:46.24,122.59;44.55,118.88;
#326:
>0:19.95,127.05;13.34,119.67;3.15,110.66;11.6,105.14;8.17,98.49;21.68,96.44;
#327:
>0:43.62,121.51;40.51,117.55;
#328:
>0:7.99,96.12;6.06,99.13;1.51,106.59;11.7,111.31;22.93,117.27;
#329:
>0:25.58,91.83;19.03,91.7;14.61,91.42;
#330:
>0:14.31,116.24;21.53,115.57;
#331:
>0:2.39,117.09;13.96,113.7;13.0,103.98;11.51,99.48;
#332:
>0:44.34,119.88;39.9,120.59;
#333:
>0:43.88,116.44;40.88,120.2;
#334:
>0:40.8,112.61;44.05,118.26;
#335:
>0:20.53,110.32;11.09,118.02;20.88,128.17;
#336:
>0:40.4,122.2;41.58,120.17;
#337:
>0:46.35,118.48;42.77,120.49;
#338:
>0:5.75,112.29;6.07,117.26;9.91,112.02;19.27,110.24;31.2,121.91;
#339:
>0:13.45,97.52;13.16,92.11;24.61,97.64;
#340:
>0:40.62,116.49;39.96,116.47;
#341:
>0:42.21,119.9;43.64,116.61;
#342:
>0:44.31,117.04;44.17,122.02;
#343:
>0:7.34,107.81;9.16,110.38;20.84,113.21;27.62,104.5;36.26,99.14;39.3,94.55;
#344:
>0:31.05,119.06;23.21,115.24;20.32,104.15;
#345:
>0:41.38,108.41;36.26,100.77;26.06,99.59;
#346:
>0:39.66,113.52;45.07,118.0;26.98,117.5;
#347:
>0:39.68,119.19;40.63,120.12;
#348:
>0:37.62,113.28;43.98,114.97;
#349:
>0:28.96,120.23;16.31,110.52;13.24,108.65;1.84,97.83;2.97,97.37;
#350:
>0:10.86,125.03;22.19,118.02;15.8,124.52;25.0,117.26;42.61,121.56;
#351:
>0:41.7,120.76;39.39,120.86;
#352:
>0:39.79,121.33;44.46,120.98;
#353:
>0:19.84,111.17;27.29,104.04;24.36,97.45;
#354:
>0:39.51,119.35;46.25,118.38;
#355:
>0:40.9,117.45;44.68,118.06;
#356:
>0:42.86,119.24;44.18,118.14;
#357:
>0:20.33,91.57;29.71,99.9;29.96,103.56;42.31,109.88;36.05,117.68;
#358:
>0:42.76,121.11;39.56,116.78;
#359:
>0:42.37,122.41;39.49,112.33;
#360:
>0:38.84,127.73;43.63,127.35;
#361:
>0:40.32,121.56;44.54,116.39;
#362:
>0:45.98,117.1;41.78,117.2;
#363:
>0:45.88,118.11;45.18,121.87;
#364:
>0:8.38,123.42;2.68,117.16;9.63,116.51;6.77,115.05;13.38,104.24;7.9,91.1;
#365:
>0:43.67,120.49;42.26,121.6;
#366:
>0:29.65,101.89;19.32,105.58;15.09,103.74;
#367:
>0:43.56,126.58;36.3,122.25;23.84,111.45;19.38,107.57;
#368:
>0:42.49,117.44;43.07,121.67;
#369:
>0:29.41,108.56;34.81,114.78;35.22,117.9;
#370:
>0:46.21,116.35;46.39,119.16;
#371:
>0:7.8,124.25;9.72,125.7;11.54,112.85;
#372:
>0:40.54,120.07;37.9,112.46;
#373:
>0:40.6,95.4;35.72,93.81;25.4,96.12;22.18,97.86;11.7,108.52;
#374:
>0:13.69,98.38;21.52,97.63;
#375:
>0:43.93,115.12;43.71,119.08;
#376:
>0:18.43,117.99;10.85,116.65;4.64,121.26;
#377:
>0:41.01,117.27;40.93,122.09;
#378:
>0:19.01,124.85;13.79,116.7;15.72,113.36;23.86,108.93;30.47,98.29;
#379:
>0:43.68,116.73;45.64,119.64;
#380:
>0:16.88,112.15;10.73,115.05;7.78,110.89;
#381:
>0:38.54,126.57;37.95,126.8;
#382:
>0:26.47,128.38;33.93,122.09;
#383:
>0:40.34,118.22;41.54,116.96;
#384:
>0:8.19,105.59;12.36,113.06;19.83,114.74;25.01,103.88;29.91,101.35;40.12,97.03;
#385:
>0:4.69,92.09;11.36,95.52;21.85,93.59;22.83,92.46;29.86,92.95;
#386:
>0:17.55,115.92;13.44,119.98;5.78,121.01;
#387:
>0:30.1,117.94;23.53,123.45;
#388:
>0:4.2,100.19;6.07,92.34;4.09,103.11;
#389:
>0:40.22,116.77;38.1,114.25;32.98,121.22;16.01,117.4;
#390:
>0:45.65,122.04;39.57,121.44;
#391:
>0:39.84,121.93;44.51,119.1;
#392:
>0:42.8,117.66;43.27,122.13;
#393:
>0:4.99,95.0;10.33,93.57;18.02,93.53;26.92,103.59;32.73,102.75;43.78,114.85;
#394:
>0:4.38,113.0;5.73,121.51;14.87,115.23;17.33,113.0;33.32,116.37;
#395:
>0:45.27,119.24;42.49,117.07;
#396:
>0:39.95,119.9;44.0,118.75;
#397:
>0:42.13,113.34;40.63,115.03;
#398:
>0:17.1,123.79;12.32,120.88;5.82,113.92;11.77,106.92;4.99,100.37;17.06,94.25;
#399:
>0:40.54,122.31;43.56,118.76;
#400:
>0:9.33,124.77;10.73,122.18;16.22,110.08;27.94,119.74;39.81,116.47;
#401:
>0:45.73,122.76;45.14,122.68;
#402:
>0:41.08,118.54;46.34,117.11;
#403:
>0:28.66,111.85;34.71,120.53;41.65,113.27;
#404:
>0:43.73,120.22;42.71,121.42;
#405:
>0:24.95,93.45;31.8,92.24;36.48,101.41;40.32,99.84;35.83,95.6;
#406:
>0:45.27,123.82;45.39,119.34;
#407:
>0:39.56,119.65;42.28,122.2;
#408:
>0:43.86,118.06;45.74,117.96;
#409:
>0:41.46,117.32;39.52,119.74;
#410:
>0:44.22,118.59;44.02,120.65;
#411:
>0:45.81,117.81;41.43,119.47;
#412:
>0:15.91,105.05;18.74,112.86;24.68,119.52;23.63,125.56;
#413:
>0:5.45,110.14;5.6,117.47;20.83,120.97;
#414:
>0:5.62,120.27;15.36,114.97;13.12,107.1;12.08,102.42;
#415:
>0:5.96,106.17;10.35,98.49;2.44,93.75;
#416:
>0:44.52,120.77;44.59,117.2;
#417:
>0:42.05,117.89;42.85,117.58;
#418:
>0:45.9,119.77;39.6,121.18;
#419:
>0:16.97,118.57;19.87,112.12;
#420:
>0:2.81,105.36;14.15,98.54;
#421:
>0:43.91,116.74;44.63,117.46;
#422:
>0:26.41,126.83;18.35,128.75;11.95,128.86;
#423:
>0:6.24,125.25;2.61,118.01;15.4,112.24;19.36,111.99;28.18,109.95;38.98,105.13;
#424:
>0:40.79,116.92;38.17,124.32;
#425:
>0:39.56,122.57;37.03,113.87;30.84,113.81;29.79,102.87;
#426:
>0:33.79,107.48;25.05,112.92;20.38,114.1;11.13,119.29;3.96,120.42;
#427:
>0:44.8,122.51;44.85,121.1;
#428:
>0:40.38,120.88;41.67,117.29;
#429:
>0:46.36,117.27;43.02,119.2;
#430:
>0:39.57,118.66;43.38,117.09;
#431:
>0:43.93,114.21;42.06,110.56;
#432:
>0:41.55,119.05;39.66,117.39;
#433:
>0:44.42,117.53;42.9,117.49;
#434:
>0:37.35,111.64;34.22,115.72;
#435:
>0:41.06,110.23;40.29,114.59;
#436:
>0:15.54,96.81;28.01,98.32;34.32,100.45;40.45,108.02;45.75,121.9;
#437:
>0:26.57,110.56;18.94,115.73;
#438:
>0:17.67,96.08;19.76,99.52;16.38,107.82;30.07,116.05;
#439:
>0:29.66,126.7;20.68,123.17;8.72,126.26;
#440:
>0:41.97,119.15;45.1,118.12;
#441:
>0:41.21,119.99;40.97,118.03;
#442:
>0:42.97,116.29;40.54,111.92;
#443:
>0:44.78,121.07;42.2,122.08;
#444:
>0:42.95,122.2;39.5,121.8;
#445:
>0:42.81,118.59;39.61,121.47;
#446:
>0:37.28,113.0;40.56,117.02;
#447:
>0:44.24,118.78;30.17,110.64;32.13,109.36;33.04,120.66;
#448:
>0:31.97,99.89;27.92,97.76;16.92,103.68;
#449:
>0:42.31,118.27;39.48,119.91;
#450:
>0:40.6,116.6;43.64,116.91;
#451:
>0:46.34,118.46;39.51,121.24;
#452:
>0:35.68,91.74;25.76,91.82;15.69,102.82;19.95,112.08;
#453:
>0:42.09,117.12;38.69,114.37;27.43,117.99;
#454:
>0:15.08,115.82;20.71,116.05;27.39,106.08;31.38,102.27;
#455:
>0:41.67,122.83;44.51,121.82;
#456:
>0:6.13,97.06;2.51,103.41;18.95,95.05;
#457:
>0:31.89,91.1;37.79,103.01;
#458:
>0:5.02,117.19;9.17,115.44;20.26,115.09;28.37,111.03;33.11,119.91;46.13,118.67;
#459:
>0:27.76,101.15;19.25,99.53;
#460:
>0:43.51,117.74;38.44,115.21;31.92,113.6;17.38,120.15;
#461:
>0:11.96,104.62;21.25,102.43;27.56,106.14;
#462:
>0:41.32,118.79;41.22,116.76;
#463:
>0:40.66,117.51;39.79,119.94;
#464:
>0:3.61,110.22;14.36,104.57;17.99,115.58;23.54,104.63;34.89,121.5;
#465:
>0:40.73,121.37;43.82,117.1;
#466:
>0:15.83,96.73;13.58,102.14;2.67,106.33;2.47,111.27;
#467:
>0:42.48,122.15;32.25,117.78;
#468:
>0:43.74,109.48;31.78,99.68;28.66,100.92;
#469:
>0:41.77,120.56;43.16,118.63;
#470:
>0:44.08,108.13;39.9,110.6;27.72,120.08;
#471:
>0:37.87,107.5;30.45,103.11;25.82,95.75;19.66,95.25;
#472:
>0:39.96,106.95;35.43,99.98;27.73,98.02;
#473:
>0:31.6,101.45;39.58,93.9;
#474:
>0:12.12,91.35;18.7,95.45;25.48,98.69;34.0,103.89;
#475:
>0:1.47,123.48;11.4,127.23;
#476:
>0:12.1,123.59;8.5,120.95;17.31,110.91;28.16,111.57;44.46,122.08;
#477:
>0:3.78,96.64;9.94,102.23;3.86,107.45;8.88,116.21;23.83,116.34;
#478:
>0:41.44,121.85;41.05,120.94;
#479:
>0:46.08,119.48;44.69,121.7;
#480:
>0:34.43,128.63;29.51,117.94;22.02,110.53;25.79,109.23;13.25,100.69;
#481:
>0:19.84,111.72;26.39,111.55;16.78,119.21;19.13,126.47;28.37,120.53;36.61,113.52;19.47,116.22;
#482:
>0:11.88,102.91;22.02,91.36;24.44,102.9;36.67,98.22;40.64,93.07;
#483:
>0:36.49,91.32;22.64,92.03;17.09,95.22;13.1,96.22;
#484:
>0:43.85,117.1;45.14,119.97;
#485:
>0:43.2,124.44;35.93,119.78;
#486:
>0:26.41,92.54;19.9,102.82;9.61,105.41;
#487:
>0:41.45,115.81;41.49,121.47;
#488:
>0:1.37,115.99;5.74,119.86;20.71,120.24;
#489:
>0:18.31,126.45;8.5,117.28;20.09,112.63;29.47,103.76;29.79,98.26;
#490:
>0:43.38,118.95;41.41,116.81;
#491:
>0:43.66,118.99;40.16,116.97;
#492:
>0:45.54,119.95;43.38,116.83;
#493:
>0:42.64,119.8;43.36,117.07;
#494:
>0:41.89,117.0;41.41,118.99;
#495:
>0:17.54,120.22;26.15,116.57;33.36,118.11;
#496:
>0:37.54,93.07;32.77,99.43;35.17,104.87;28.01,115.88;11.61,118.85;
#497:
>0:39.85,120.48;45.87,119.47;
#498:
>0:23.55,107.49;19.09,103.76;9.88,109.6;
#499:
>0:46.12,118.92;42.5,119.54;
#500:
>0:43.39,119.15;44.88,118.99;
#501:
>0:4.74,122.75;2.81,117.73;14.64,113.3;17.91,110.9;34.6,106.46;
#502:
>0:18.25,128.18;8.92,119.69;3.0,115.88;4.73,104.72;
#503:
>0:13.83,123.89;13.32,116.59;21.11,110.66;26.11,106.57;45.0,120.29;
#504:
>0:42.67,114.29;44.9,122.01;35.68,120.35;22.73,119.8;11.89,114.7;
#505:
>0:43.4,119.72;46.4,116.98;
#506:
>0:39.37,118.94;40.74,118.75;
#507:
>0:20.35,92.34;23.38,102.19;32.57,102.1;41.6,109.51;40.27,116.48;
#508:
>0:46.32,117.44;42.39,121.76;
#509:
>0:22.11,93.21;24.64,100.05;36.13,99.98;39.23,106.22;45.44,117.33;
#510:
>0:44.87,116.89;43.28,121.38;
#511:
>0:43.43,118.22;44.25,116.42;
#512:
>0:5.84,93.11;10.63,93.03;17.23,97.09;24.49,97.17;31.53,97.15;
#513:
>0:39.37,120.03;39.78,116.51;
#514:
>0:34.61,104.88;26.37,112.91;20.33,115.32;11.04,114.44;5.2,119.45;
#515:
>0:43.39,117.89;41.19,116.33;
#516:
>0:36.42,111.57;32.11,105.95;17.98,105.2;
#517:
>0:21.98,99.83;15.8,107.46;24.41,104.91;45.73,121.65;
#518:
>0:32.32,117.18;25.34,126.31;
#519:
>0:25.62,101.92;36.91,99.62;36.44,105.97;26.83,113.42;21.4,126.26;
#520:
>0:7.39,92.73;14.86,92.99;17.68,94.79;29.72,92.4;30.89,93.6;
#521:
>0:41.73,120.49;40.94,118.45;
#522:
>0:37.03,100.96;40.51,91.64;31.59,95.63;16.6,97.61;
#523:
>0:39.52,121.86;45.94,117.97;
#524:
>0:41.13,117.17;42.07,118.74;
#525:
>0:46.23,120.24;44.67,117.09;
#526:
>0:43.78,120.55;42.56,119.85;
#527:
>0:27.09,110.32;25.01,117.93;
#528:
>0:40.91,116.8;44.82,119.23;
#529:
>0:45.5,121.5;43.27,116.4;
#530:
>0:44.06,118.15;44.59,119.08;
#531:
>0:32.18,91.81;35.35,93.94;
#532:
>0:35.73,121.38;24.74,115.26;20.39,109.36;12.13,99.86;19.66,91.65;
#533:
>0:42.62,121.71;39.49,121.01;
#534:
>0:27.92,113.06;16.63,110.34;10.51,107.54;15.16,92.23;
#535:
>0:18.44,95.74;27.51,95.92;30.59,100.64;38.82,107.77;39.66,120.48;
#536:
>0:45.38,121.92;40.84,118.08;
#537:
>0:41.8,122.05;40.88,120.64;
#538:
>0:31.45,98.06;34.55,109.7;25.36,111.05;15.42,110.5;1.07,122.92;
#539:
>0:25.58,93.12;19.0,99.77;12.23,108.59;18.39,114.43;11.48,119.01;13.22,127.11;
#540:
>0:39.51,96.03;33.47,91.29;28.65,95.29;20.65,101.64;9.43,108.34;
#541:
>0:45.45,116.72;41.08,122.11;
#542:
>0:41.37,121.94;39.54,119.91;
#543:
>0:22.46,104.95;18.95,110.34;29.95,121.6;
#544:
>0:27.35,115.72;18.49,119.25;14.78,117.06;
#545:
>0:22.7,114.04;21.34,114.5;12.13,119.51;
#546:
>0:35.3,100.57;31.41,106.18;43.72,104.67;39.9,119.29;
#547:
>0:27.41,97.61;30.14,103.04;38.03,105.61;
#548:
>0:39.49,122.37;41.22,117.51;
#549:
>0:46.37,119.98;44.84,118.92;
#550:
>0:41.48,119.45;39.91,120.62;
#551:
>0:42.75,118.74;41.57,118.79;
#552:
>0:23.7,91.58;33.5,99.19;32.68,104.62;
#553:
>0:44.92,118.91;43.0,118.59;
#554:
>0:14.67,112.37;20.28,111.3;29.52,106.85;31.19,103.37;
#555:
>0:11.84,99.07;1.8,104.25;14.9,113.14;23.44,117.39;
#556:
>0:37.18,105.36;34.83,102.1;28.6,98.22;
#557:
>0:14.14,94.47;20.66,100.17;9.21,104.03;21.37,111.74;10.03,118.15;14.81,124.83;
#558:
>0:38.37,110.13;42.31,120.26;
#559:
>0:40.69,117.37;39.56,118.32;
#560:
>0:45.11,121.41;44.44,122.42;
#561:
>0:3.09,103.59;1.67,109.26;9.83,113.17;23.57,115.26;
#562:
>0:22.65,118.79;22.21,113.31;17.53,108.59;
#563:
>0:42.09,115.82;45.47,121.11;
#564:
>0:43.24,107.66;39.5,111.12;32.58,112.69;16.47,116.62;
#565:
>0:43.49,123.47;43.47,125.33;
#566:
>0:14.94,122.74;7.7,118.01;13.06,110.22;4.16,115.73;12.6,105.92;2.73,95.41;
#567:
>0:42.71,117.29;42.26,120.01;
#568:
>0:15.56,107.49;13.71,98.3;9.79,94.37;
#569:
>0:42.44,117.04;43.79,122.12;
#570:
>0:2.06,122.5;10.98,111.83;19.53,110.61;24.73,98.2;
#571:
>0:45.94,120.87;39.89,116.98;
#572:
>0:45.4,120.76;42.14,121.6;
#573:
>0:33.64,93.95;30.59,103.68;41.11,106.63;37.95,113.23;36.9,116.66;
#574:
>0:31.77,101.96;34.56,107.04;23.16,114.47;15.57,112.23;4.95,100.27;
#575:
>0:41.23,118.25;41.22,120.84;
#576:
>0:8.38,100.8;6.18,91.55;
#577:
>0:43.67,116.36;44.37,121.05;
#578:
>0:42.14,123.04;41.86,120.09;
#579:
>0:43.7,122.38;42.52,117.35;
#580:
>0:1.26,117.94;9.96,111.19;13.5,108.56;
#581:
>0:46.05,120.31;40.89,120.98;
#582:
>0:45.44,121.81;44.53,116.78;
#583:
>0:21.73,103.45;26.44,106.09;
#584:
>0:35.54,125.18;28.8,119.24;22.68,113.96;
#585:
>0:39.76,118.53;40.76,119.42;
#586:
>0:41.55,102.74;35.86,105.72;29.3,113.09;17.47,118.1;19.29,126.82;6.51,112.47;
#587:
>0:21.0,126.96;26.95,121.5;19.29,110.6;25.15,109.87;19.38,109.65;13.08,95.52;
#588:
>0:34.56,102.26;41.54,91.75;
#589:
>0:18.83,111.44;9.94,122.26;2.69,117.92;
#590:
>0:2.23,93.76;10.03,92.12;22.41,94.83;24.51,93.83;30.53,96.66;
#591:
>0:34.36,110.3;41.83,111.49;
#592:
>0:45.4,122.41;45.79,117.71;
#593:
>0:14.94,98.2;3.62,95.24;
#594:
>0:19.53,123.5;27.61,117.42;36.49,110.98;30.13,105.34;41.77,102.74;
#595:
>0:38.46,110.86;43.69,116.89;35.9,118.51;26.43,111.35;11.9,114.47;
#596:
>0:45.33,119.26;40.04,121.89;
#597:
>0:23.87,128.67;18.07,119.95;14.61,114.38;2.65,103.94;
#598:
>0:13.81,98.92;21.9,92.44;27.29,98.27;30.98,99.79;39.24,94.72;
#599:
>0:4.66,112.26;6.55,118.97;11.25,116.28;21.18,114.65;35.14,117.89;
#600:
>0:41.35,119.98;45.89,116.76;
#601:
>0:43.48,117.34;41.8,120.93;
#602:
>0:39.68,116.15;30.69,114.75;25.01,111.81;18.37,120.2;15.58,123.03;4.9,116.17;
#603:
>0:42.33,121.89;45.96,117.49;
#604:
>0:20.61,114.52;13.29,107.08;5.37,98.75;3.53,96.34;
#605:
>0:42.98,116.36;46.19,122.45;
#606:
>0:35.21,95.64;25.01,92.9;20.06,96.03;9.64,91.13;
#607:
>0:24.12,117.37;21.3,112.2;21.98,108.47;
#608:
>0:46.36,117.19;42.72,116.65;
#609:
>0:17.36,114.96;9.13,118.46;4.11,119.36;
