#0:
>0:39.96,116.34;39.96,116.34;39.95,116.34;39.96,116.34;39.96,116.33;
#1:
>0:39.98,116.34;39.98,116.33;39.98,116.33;
#2:
>0:39.96,116.33;39.95,116.33;
#3:
>0:39.97,116.34;39.98,116.34;
#4:
>0:39.96,116.34;39.96,116.34;39.97,116.33;39.96,116.33;39.96,116.33;
#5:
>0:39.98,116.34;39.97,116.34;
#6:
>0:39.95,116.34;39.96,116.34;39.95,116.34;39.96,116.34;39.96,116.33;
#7:
>0:39.95,116.34;39.95,116.34;
#8:
>0:39.98,116.34;39.97,116.34;39.97,116.34;39.97,116.34;39.96,116.33;
#9:
>0:39.97,116.34;39.97,116.34;39.97,116.34;
