#0:
>0:39.94,116.34;39.95,116.33;39.97,116.34;39.98,116.32;
#1:
>0:39.91,116.36;39.94,116.34;39.95,116.33;39.94,116.31;39.96,116.3;
#2:
>0:39.93,116.3;39.93,116.32;39.96,116.3;
#3:
>0:39.95,116.35;39.96,116.34;39.99,116.32;
#4:
>0:39.94,116.36;39.93,116.34;39.95,116.34;39.97,116.31;
#5:
>0:39.99,116.32;39.98,116.3;39.95,116.31;
#6:
>0:39.89,116.31;39.92,116.31;39.93,116.31;39.95,116.33;39.98,116.33;
#7:
>0:39.97,116.31;39.99,116.33;40.01,116.34;
#8:
>0:40.0,116.36;39.99,116.35;39.99,116.34;39.95,116.33;39.98,116.33;
#9:
>0:39.94,116.35;39.95,116.35;39.96,116.33;39.96,116.31;
#10:
>0:39.98,116.3;39.99,116.32;39.98,116.33;
#11:
>0:39.92,116.32;39.91,116.34;
#12:
>0:39.94,116.31;39.96,116.31;39.94,116.32;39.95,116.32;39.95,116.34;39.99,116.36;
#13:
>0:39.99,116.36;39.98,116.33;39.98,116.33;39.93,116.31;
#14:
>0:39.95,116.31;39.94,116.32;39.95,116.32;39.98,116.34;
#15:
>0:39.97,116.32;39.98,116.33;39.95,116.32;39.99,116.35;
#16:
>0:39.91,116.36;39.94,116.34;39.91,116.34;
#17:
>0:39.94,116.34;39.94,116.33;39.99,116.34;39.98,116.32;
#18:
>0:39.98,116.32;39.99,116.31;
#19:
>0:39.95,116.3;39.94,116.31;39.93,116.33;39.95,116.33;39.95,116.33;39.93,116.36;
#20:
>0:39.92,116.32;39.94,116.32;39.93,116.33;39.98,116.33;
#21:
>0:39.94,116.35;39.96,116.35;39.96,116.32;
#22:
>0:39.95,116.32;39.93,116.33;
#23:
>0:39.89,116.33;39.91,116.33;39.92,116.33;39.95,116.32;39.95,116.34;40.0,116.34;
#24:
>0:40.0,116.35;39.98,116.33;39.98,116.33;39.94,116.31;
#25:
>0:39.98,116.33;39.95,116.33;39.94,116.35;
#26:
>0:39.92,116.31;39.9,116.33;39.92,116.34;
#27:
>0:39.98,116.35;39.95,116.34;39.96,116.33;39.93,116.31;39.9,116.31;
#28:
>0:39.96,116.32;39.94,116.34;39.93,116.35;39.9,116.35;
#29:
>0:39.98,116.31;39.95,116.3;39.94,116.31;
#30:
>0:39.98,116.36;39.96,116.35;39.95,116.34;39.95,116.33;39.97,116.33;39.95,116.3;
#31:
>0:39.89,116.34;39.9,116.33;39.89,116.32;
#32:
>0:39.93,116.36;39.91,116.36;39.93,116.33;
#33:
>0:39.98,116.33;39.95,116.33;39.93,116.34;39.92,116.33;39.93,116.32;39.93,116.33;39.94,116.34;39.94,116.32;39.96,116.33;39.95,116.34;39.99,116.35;39.99,116.35;
#34:
>0:39.95,116.34;39.98,116.34;40.0,116.36;
#35:
>0:39.98,116.35;39.97,116.34;39.96,116.32;39.91,116.33;
#36:
>0:39.91,116.35;39.91,116.34;39.93,116.32;39.93,116.32;39.94,116.31;
#37:
>0:39.95,116.33;39.95,116.34;39.92,116.34;
#38:
>0:39.93,116.33;39.95,116.34;
#39:
>0:39.97,116.32;39.98,116.33;
#40:
>0:39.92,116.36;39.94,116.33;39.94,116.33;39.92,116.32;39.91,116.3;
#41:
>0:39.98,116.35;39.97,116.34;39.99,116.33;39.96,116.32;39.97,116.31;
#42:
>0:40.0,116.36;39.99,116.35;40.0,116.34;40.0,116.34;39.96,116.32;
#43:
>0:39.96,116.32;39.97,116.31;
#44:
>0:39.9,116.33;39.9,116.33;
#45:
>0:39.92,116.35;39.93,116.35;39.95,116.36;39.95,116.34;39.99,116.36;
#46:
>0:39.91,116.36;39.94,116.35;39.94,116.34;39.96,116.34;39.99,116.36;
#47:
>0:39.99,116.32;39.99,116.33;39.99,116.33;
#48:
>0:39.95,116.36;39.95,116.35;
#49:
>0:39.92,116.36;39.91,116.35;39.93,116.34;39.92,116.33;
#50:
>0:40.01,116.35;39.98,116.35;39.96,116.36;39.93,116.35;39.93,116.35;39.9,116.36;
#51:
>0:39.9,116.35;39.89,116.33;39.92,116.35;39.93,116.33;39.99,116.34;
#52:
>0:39.98,116.34;40.01,116.33;39.99,116.32;39.98,116.31;
#53:
>0:39.92,116.34;39.9,116.34;39.92,116.36;
#54:
>0:39.99,116.36;39.98,116.36;40.0,116.36;39.99,116.35;39.99,116.36;39.98,116.35;39.98,116.36;40.0,116.35;39.98,116.33;
#55:
>0:39.9,116.32;39.92,116.32;39.93,116.33;39.91,116.35;
#56:
>0:39.9,116.34;39.92,116.35;39.94,116.35;39.96,116.34;39.98,116.35;40.0,116.36;
#57:
>0:39.91,116.34;39.9,116.34;39.92,116.35;39.93,116.34;39.95,116.33;39.99,116.31;
#58:
>0:39.93,116.35;39.92,116.35;
#59:
>0:39.99,116.36;39.99,116.35;39.99,116.35;39.98,116.35;39.99,116.34;39.95,116.32;39.93,116.34;39.95,116.33;39.97,116.34;39.95,116.33;39.93,116.32;39.95,116.31;39.94,116.32;39.91,116.32;39.93,116.31;39.96,116.31;39.95,116.31;40.0,116.31;
#60:
>0:39.98,116.34;39.98,116.32;
#61:
>0:39.9,116.32;39.91,116.33;39.94,116.34;39.95,116.34;39.98,116.35;40.0,116.36;
#62:
>0:39.89,116.3;39.89,116.31;39.92,116.32;39.93,116.34;39.99,116.35;
#63:
>0:39.93,116.35;39.92,116.34;
#64:
>0:39.89,116.35;39.91,116.36;39.94,116.34;39.95,116.34;39.99,116.35;40.0,116.35;
#65:
>0:39.91,116.35;39.93,116.34;39.92,116.33;39.89,116.32;39.92,116.3;
#66:
>0:40.0,116.36;40.0,116.34;39.98,116.33;39.98,116.33;39.95,116.33;39.96,116.32;39.97,116.3;
#67:
>0:39.99,116.33;39.96,116.32;
#68:
>0:39.93,116.32;39.96,116.32;39.97,116.31;
#69:
>0:39.94,116.35;39.97,116.35;39.95,116.34;39.96,116.32;
#70:
>0:39.98,116.36;39.95,116.35;39.95,116.33;39.98,116.34;39.94,116.32;39.96,116.31;
#71:
>0:39.9,116.35;39.92,116.34;39.93,116.33;39.96,116.31;
#72:
>0:39.96,116.36;39.94,116.35;39.95,116.34;
#73:
>0:39.91,116.31;39.93,116.31;39.91,116.33;39.89,116.34;
#74:
>0:39.99,116.35;39.98,116.35;39.96,116.36;39.94,116.35;39.94,116.36;39.89,116.36;
#75:
>0:39.91,116.35;39.92,116.34;39.94,116.32;39.95,116.32;
#76:
>0:40.0,116.34;39.98,116.35;39.94,116.36;39.93,116.34;39.92,116.35;
#77:
>0:39.99,116.33;39.97,116.33;39.96,116.33;39.96,116.34;39.99,116.35;39.98,116.36;39.99,116.35;39.99,116.36;39.98,116.35;39.98,116.35;
#78:
>0:39.96,116.3;39.96,116.32;
#79:
>0:39.95,116.36;39.93,116.34;39.95,116.36;39.95,116.33;39.98,116.33;39.97,116.31;
#80:
>0:39.9,116.33;39.91,116.36;39.94,116.34;39.96,116.33;39.95,116.34;39.99,116.32;
#81:
>0:39.99,116.36;40.0,116.35;39.98,116.36;40.01,116.35;39.99,116.34;39.99,116.33;39.98,116.32;39.99,116.33;39.98,116.33;
#82:
>0:39.93,116.35;39.92,116.35;39.94,116.33;39.95,116.32;
#83:
>0:39.89,116.32;39.91,116.33;39.94,116.35;39.94,116.35;
