#0:
>0:39.92,116.32;39.92,116.36;
#1:
>0:39.92,116.38;39.98,116.41;39.99,116.44;39.97,116.48;
#2:
>0:39.91,116.42;39.91,116.39;39.97,116.39;39.96,116.32;
#3:
>0:39.86,116.43;39.9,116.37;39.95,116.35;
#4:
>0:40.02,116.33;40.02,116.36;39.92,116.35;
#5:
>0:39.97,116.36;39.96,116.32;
#6:
>0:40.04,116.47;40.01,116.44;39.95,116.47;
#7:
>0:39.83,116.32;39.87,116.36;39.93,116.4;39.97,116.39;39.99,116.38;40.05,116.38;
#8:
>0:40.0,116.36;39.93,116.34;39.9,116.35;39.91,116.39;39.84,116.34;
#9:
>0:39.96,116.33;39.99,116.32;40.0,116.34;40.02,116.4;39.94,116.41;39.96,116.44;39.98,116.42;39.98,116.45;40.0,116.47;40.03,116.49;40.01,116.49;
#10:
>0:40.02,116.47;40.0,116.46;39.99,116.41;40.05,116.42;40.04,116.39;40.01,116.37;39.98,116.32;
#11:
>0:39.91,116.49;39.95,116.46;40.0,116.4;40.04,116.42;40.06,116.35;
#12:
>0:39.82,116.44;39.81,116.44;
#13:
>0:40.02,116.31;40.02,116.35;40.0,116.37;39.97,116.41;39.96,116.44;39.92,116.47;
#14:
>0:39.98,116.42;40.03,116.38;
#15:
>0:40.03,116.35;40.05,116.4;39.95,116.35;
#16:
>0:39.96,116.39;39.91,116.41;
#17:
>0:39.95,116.32;39.97,116.35;39.98,116.35;40.0,116.37;40.05,116.41;39.99,116.47;
#18:
>0:39.86,116.34;39.92,116.39;
#19:
>0:39.99,116.48;40.0,116.44;40.0,116.42;40.06,116.43;40.05,116.39;40.0,116.35;40.02,116.38;40.04,116.42;40.03,116.38;40.04,116.43;40.03,116.37;40.0,116.35;39.94,116.31;
#20:
>0:39.81,116.39;39.8,116.42;39.92,116.46;
#21:
>0:39.91,116.47;39.94,116.43;40.0,116.42;40.04,116.43;40.05,116.35;
