#0:
>0:39.8,116.33;39.83,116.35;39.81,116.38;39.83,116.43;39.83,116.47;
#1:
>0:39.8,116.33;39.86,116.33;39.88,116.35;39.93,116.37;39.98,116.41;40.05,116.4;
#2:
>0:39.99,116.47;39.95,116.46;39.91,116.41;39.86,116.38;39.83,116.37;39.81,116.32;
#3:
>0:39.81,116.37;39.85,116.39;39.91,116.43;39.93,116.47;40.01,116.46;
#4:
>0:39.99,116.38;39.94,116.4;
#5:
>0:40.0,116.4;39.99,116.47;39.93,116.48;39.85,116.45;39.82,116.48;
#6:
>0:39.84,116.39;39.88,116.41;39.92,116.46;
#7:
>0:40.08,116.37;39.98,116.4;39.98,116.43;39.9,116.42;
#8:
>0:40.02,116.48;40.01,116.44;39.94,116.43;39.99,116.38;39.98,116.38;
#9:
>0:40.02,116.45;39.97,116.43;39.92,116.39;39.93,116.35;39.93,116.33;
#10:
>0:39.98,116.45;40.02,116.44;40.06,116.46;
#11:
>0:39.83,116.32;39.82,116.37;39.82,116.39;39.83,116.41;39.85,116.46;
#12:
>0:39.87,116.41;39.91,116.46;39.95,116.48;39.99,116.45;40.06,116.42;
#13:
>0:39.97,116.47;39.93,116.47;39.86,116.49;
#14:
>0:39.99,116.34;39.95,116.38;39.99,116.41;39.99,116.48;39.94,116.48;
#15:
>0:40.1,116.32;40.0,116.37;39.95,116.36;40.01,116.41;
#16:
>0:40.01,116.4;39.94,116.38;
#17:
>0:40.02,116.37;40.0,116.31;39.95,116.34;39.88,116.36;
#18:
>0:39.99,116.49;39.97,116.48;39.92,116.48;
#19:
>0:39.81,116.35;39.87,116.4;39.89,116.42;39.94,116.48;40.0,116.46;
#20:
>0:39.89,116.42;39.82,116.41;39.86,116.35;
#21:
>0:40.01,116.49;39.99,116.44;
