#0:
>0:26.52,45.82;31.83,37.81;35.9,19.85;
#1:
>0:44.41,151.49;45.07,86.78;
#2:
>0:44.8,33.83;49.46,46.67;55.12,123.77;
#3:
>0:44.75,97.75;44.37,60.59;36.45,11.23;28.92,-19.49;26.98,-47.39;
#4:
>0:23.56,-34.2;33.03,20.0;28.12,61.73;29.55,99.43;
#5:
>0:44.77,133.55;42.39,149.08;
#6:
>0:32.21,124.26;31.64,97.09;
#7:
>0:38.51,-31.08;31.35,-41.57;22.75,-117.24;
#8:
>0:50.07,48.42;41.48,45.94;34.73,87.76;30.43,6.57;
#9:
>0:45.84,-43.74;39.77,-27.49;34.46,8.47;29.64,69.31;25.41,83.73;
#10:
>0:41.19,119.06;42.68,148.22;
#11:
>0:39.94,154.22;41.32,143.26;
#12:
>0:44.24,143.58;39.71,151.33;
#13:
>0:33.83,-14.48;38.68,33.29;40.34,76.1;39.91,140.89;
#14:
>0:23.3,-17.88;32.22,26.49;37.39,75.47;43.34,126.16;46.53,66.15;54.36,107.64;
#15:
>0:40.75,136.9;42.09,151.9;
#16:
>0:34.77,-71.45;39.16,-77.17;45.64,-17.53;53.19,55.82;
#17:
>0:23.79,56.79;27.78,20.07;32.81,-11.58;40.28,-32.54;
#18:
>0:43.91,-115.56;43.52,-97.65;
#19:
>0:30.66,-121.09;31.18,-103.6;
#20:
>0:43.9,-19.33;41.15,-15.65;
#21:
>0:24.36,-0.85;28.67,24.67;36.46,57.36;39.69,126.07;46.66,50.64;54.46,122.15;
#22:
>0:42.14,141.53;45.11,122.59;
#23:
>0:23.8,108.38;32.82,48.04;34.13,15.74;40.12,-38.31;
#24:
>0:32.14,-94.67;31.33,-79.19;33.07,-32.01;35.19,-29.04;42.95,80.9;
#25:
>0:25.71,95.93;22.42,104.18;
#26:
>0:42.11,154.7;44.55,130.27;
#27:
>0:42.98,147.01;37.53,108.75;32.07,113.54;
#28:
>0:44.44,140.78;40.74,152.35;
#29:
>0:40.72,137.89;42.52,130.86;
#30:
>0:45.25,127.81;43.16,127.91;
#31:
>0:42.37,126.19;40.27,127.01;
#32:
>0:50.08,112.64;46.48,44.26;
#33:
>0:33.97,-107.97;35.86,-40.07;28.5,-57.3;36.04,-5.47;24.58,73.41;
#34:
>0:39.99,129.17;40.7,135.45;
#35:
>0:43.73,115.61;44.05,135.91;
#36:
>0:35.08,108.84;42.01,70.85;39.46,31.45;55.19,24.85;
#37:
>0:54.25,19.25;49.9,31.83;39.63,12.97;
#38:
>0:44.13,153.08;40.71,154.34;
#39:
>0:43.12,145.4;42.58,142.09;
#40:
>0:44.83,121.06;44.61,134.89;
#41:
>0:51.48,23.95;47.54,65.81;53.96,120.38;
#42:
>0:54.95,-11.52;44.91,-40.56;43.21,-94.83;
#43:
>0:44.63,125.28;39.99,116.03;
#44:
>0:47.64,-88.0;51.04,-61.93;48.81,-17.9;50.97,3.31;45.07,68.36;
#45:
>0:40.09,117.92;44.73,121.7;
#46:
>0:39.69,-114.07;38.28,-69.61;39.55,-26.53;32.8,11.39;
#47:
>0:40.78,149.0;40.11,123.6;
#48:
>0:25.14,35.59;29.3,-28.0;37.48,-23.61;38.85,-105.03;
#49:
>0:30.36,-54.59;34.17,-22.23;35.41,31.63;39.52,80.52;50.72,116.63;
#50:
>0:26.22,27.1;30.48,-31.56;36.6,-32.9;35.65,-83.97;
#51:
>0:40.8,118.4;42.64,127.11;
#52:
>0:41.1,132.22;43.14,139.34;
#53:
>0:51.33,47.84;52.35,2.75;51.59,-38.72;47.47,-42.09;47.89,-82.02;
#54:
>0:43.16,135.67;43.12,146.73;
#55:
>0:52.94,-119.34;50.26,-81.94;39.36,-49.16;34.74,-105.12;35.58,-62.16;24.97,-49.76;
#56:
>0:49.16,-22.4;41.97,39.4;
#57:
>0:44.23,140.99;45.25,141.68;
#58:
>0:29.07,5.37;24.67,40.67;22.75,-57.17;
#59:
>0:27.91,-114.67;38.77,-53.34;
#60:
>0:51.67,-35.07;54.32,-1.81;
#61:
>0:42.98,151.84;42.16,140.07;
#62:
>0:43.41,124.5;43.91,117.8;
#63:
>0:44.33,149.25;40.06,142.57;
#64:
>0:44.97,115.41;43.34,139.47;
#65:
>0:43.4,147.24;44.92,148.3;
#66:
>0:45.17,125.79;40.5,119.33;
#67:
>0:39.3,-20.75;47.66,4.58;
#68:
>0:44.03,149.5;42.22,125.86;
#69:
>0:22.91,-61.83;28.14,-34.31;28.24,32.73;29.47,82.95;29.21,88.4;
#70:
>0:44.68,136.19;42.68,133.22;
#71:
>0:52.46,70.2;55.0,42.88;50.83,-33.51;54.61,-39.32;
#72:
>0:44.07,132.42;46.11,86.89;54.61,65.9;
#73:
>0:27.37,-53.07;33.38,-14.07;29.85,27.65;27.93,54.33;32.27,86.7;
#74:
>0:44.43,144.25;41.18,123.61;
#75:
>0:43.3,125.51;41.75,134.51;
#76:
>0:34.82,-27.93;37.68,35.76;42.03,47.38;48.2,110.71;
#77:
>0:46.62,64.8;55.73,62.48;50.95,-32.06;
#78:
>0:41.58,151.39;40.3,152.4;
#79:
>0:42.46,123.82;43.79,150.25;
#80:
>0:34.59,116.85;39.43,79.06;42.92,2.87;46.5,26.4;49.47,-36.98;54.66,-113.12;
#81:
>0:28.95,27.22;25.74,27.41;26.03,-42.62;
#82:
>0:43.46,126.71;41.51,144.99;
#83:
>0:47.07,74.53;39.56,68.84;43.5,19.58;48.26,-1.31;55.35,-83.79;
#84:
>0:55.15,59.28;44.83,78.25;43.7,70.8;38.47,60.45;
#85:
>0:42.35,125.62;40.33,149.63;
#86:
>0:40.49,117.76;43.93,143.31;
#87:
>0:35.82,74.3;36.28,28.16;35.54,-3.4;
#88:
>0:40.97,149.55;44.9,123.74;
#89:
>0:35.21,40.02;42.58,-9.62;39.49,-41.72;
#90:
>0:50.81,-56.17;52.14,-84.0;
#91:
>0:42.56,127.26;47.39,80.79;
#92:
>0:28.01,108.87;29.2,81.76;35.35,81.05;43.21,147.32;52.96,66.6;
#93:
>0:32.84,-98.76;29.76,-74.49;32.17,-27.49;38.36,-15.4;27.88,9.91;24.63,117.53;
#94:
>0:44.9,128.59;41.93,139.84;
#95:
>0:45.96,58.66;43.09,35.3;45.54,28.35;38.52,-53.51;
#96:
>0:44.27,76.73;33.61,3.55;29.92,-11.87;30.24,-39.92;27.84,-90.28;
#97:
>0:32.55,67.79;35.38,33.92;41.83,20.89;47.27,-11.53;48.05,-113.01;
#98:
>0:52.97,81.38;45.35,75.73;43.32,61.78;35.54,74.93;30.39,38.72;22.74,124.56;
#99:
>0:45.13,148.59;40.98,126.29;
#100:
>0:50.74,-93.08;45.98,-112.57;43.16,-57.89;36.69,-104.89;30.39,-66.76;
#101:
>0:47.25,-61.83;43.76,-22.89;38.74,5.81;28.99,46.57;27.35,51.66;
#102:
>0:47.11,36.25;45.66,-21.48;
#103:
>0:39.97,141.19;40.64,121.04;
#104:
>0:43.29,149.39;43.54,137.05;
#105:
>0:43.31,130.93;37.37,71.87;29.1,70.86;
#106:
>0:28.25,114.02;31.22,89.45;
#107:
>0:38.91,120.58;43.39,67.45;47.93,75.93;
#108:
>0:41.61,120.48;43.3,151.53;
#109:
>0:44.85,142.34;44.13,137.48;
#110:
>0:43.02,120.64;40.8,114.49;
#111:
>0:39.75,121.94;40.59,150.09;
#112:
>0:40.22,137.61;44.6,145.88;
#113:
>0:43.9,-52.74;43.95,-31.93;55.63,9.15;
#114:
>0:33.9,41.13;29.88,14.51;26.16,16.48;
#115:
>0:40.35,144.16;43.35,115.08;
#116:
>0:42.78,148.22;43.89,151.64;
#117:
>0:41.75,144.22;42.73,137.58;
#118:
>0:40.53,128.04;39.92,155.09;
#119:
>0:45.03,152.2;35.08,95.16;32.92,119.57;24.74,92.5;
#120:
>0:24.42,84.11;23.44,5.14;30.52,-39.14;43.0,-32.15;
#121:
>0:39.84,143.82;41.5,133.48;
#122:
>0:43.22,136.98;40.38,128.13;
#123:
>0:45.2,58.33;47.87,56.2;
#124:
>0:40.58,118.6;41.6,136.63;
#125:
>0:44.52,154.36;41.02,148.23;
#126:
>0:41.95,-115.22;34.06,-42.67;29.14,-21.14;22.99,13.53;
#127:
>0:23.25,93.93;33.2,72.1;27.46,35.53;31.64,-13.15;25.95,-60.71;30.05,-87.28;
#128:
>0:42.08,152.14;44.86,123.82;
#129:
>0:54.58,123.47;50.5,55.26;45.47,70.69;42.39,60.58;29.78,7.65;
#130:
>0:40.6,34.67;36.98,62.98;
#131:
>0:36.24,-24.08;38.7,-43.4;
#132:
>0:54.7,102.05;44.95,81.39;43.13,24.38;36.03,-36.91;
#133:
>0:40.07,116.96;42.82,151.26;
#134:
>0:43.08,27.18;35.23,80.99;29.13,94.46;
#135:
>0:52.48,33.32;46.54,5.26;45.71,57.59;35.92,84.62;
#136:
>0:43.74,-39.94;41.17,-27.03;53.43,39.96;
#137:
>0:44.11,126.23;43.38,130.19;
#138:
>0:42.93,149.83;39.77,152.35;
#139:
>0:46.83,-110.02;41.46,-45.04;43.14,-38.21;32.65,-6.56;
#140:
>0:33.85,-70.32;31.18,-2.77;35.62,-20.17;42.19,80.53;
#141:
>0:40.15,127.61;41.47,130.71;
#142:
>0:44.49,125.7;42.81,127.31;
#143:
>0:35.83,-7.56;32.33,14.86;36.88,60.91;45.34,121.79;
#144:
>0:42.12,133.67;41.57,116.47;
#145:
>0:46.95,119.45;40.03,81.52;37.65,19.27;28.5,-13.23;26.76,-74.82;
#146:
>0:28.47,-112.76;38.46,-49.7;42.34,-75.22;46.82,-4.83;54.86,53.82;
#147:
>0:31.61,-86.37;32.17,-101.3;
#148:
>0:40.1,118.98;41.73,125.21;
#149:
>0:27.84,100.24;31.81,50.42;22.26,42.57;28.24,-28.39;34.42,-3.47;35.79,-94.71;
#150:
>0:22.91,57.06;30.0,26.47;38.63,33.14;44.46,45.82;46.67,6.07;
#151:
>0:25.28,59.45;22.84,107.59;36.53,120.45;
#152:
>0:55.44,4.65;45.6,43.24;39.83,57.73;38.19,57.01;31.21,24.61;25.21,88.1;
#153:
>0:41.56,47.59;49.14,49.79;
#154:
>0:31.67,-64.92;29.91,-33.89;34.1,2.96;
#155:
>0:39.64,-38.62;40.37,-37.46;
#156:
>0:44.09,155.08;40.54,118.59;
#157:
>0:39.52,9.84;37.42,75.5;28.74,124.84;
#158:
>0:39.94,121.0;44.11,127.08;
#159:
>0:52.07,26.45;46.24,27.86;41.37,52.64;37.02,78.88;28.91,27.83;25.85,85.91;
#160:
>0:44.51,-11.86;48.14,-10.67;49.58,60.45;
#161:
>0:43.44,145.44;42.76,117.62;
#162:
>0:25.26,67.4;25.1,37.07;27.33,-1.61;
#163:
>0:43.8,154.52;42.03,147.69;
#164:
>0:32.42,95.87;30.35,76.41;42.53,119.48;
#165:
>0:33.39,-114.87;29.76,-74.83;33.78,-1.91;38.33,40.53;40.62,50.62;55.35,90.97;
#166:
>0:31.71,-88.58;34.93,-112.3;41.62,-115.29;45.04,-74.65;53.71,22.55;
#167:
>0:47.16,22.51;41.7,83.92;51.69,100.88;
#168:
>0:46.75,-88.42;47.72,-91.43;
#169:
>0:39.85,148.89;42.3,142.14;
#170:
>0:39.7,142.22;40.58,127.02;
#171:
>0:43.24,134.64;39.77,114.26;
#172:
>0:28.53,-13.65;24.48,26.55;
#173:
>0:28.4,-58.56;24.91,-45.86;
#174:
>0:24.83,-54.61;32.27,-45.99;34.65,-15.82;44.66,50.98;
#175:
>0:49.44,-70.09;43.11,-121.39;35.56,-62.16;29.73,-73.11;24.45,-89.51;
#176:
>0:23.99,-70.71;28.49,-78.95;33.03,10.6;
#177:
>0:38.99,-55.55;29.08,-23.52;28.89,40.56;29.26,68.48;32.24,108.3;
#178:
>0:39.72,121.35;36.54,107.62;29.4,85.45;25.43,93.98;
#179:
>0:31.08,116.37;28.63,65.38;41.48,121.71;
#180:
>0:52.27,82.61;51.96,19.83;48.47,18.97;41.49,-20.06;35.46,-74.95;26.86,-63.34;
#181:
>0:39.92,130.3;41.98,119.74;
#182:
>0:39.97,142.92;41.9,121.48;
#183:
>0:43.04,117.02;41.49,149.52;
#184:
>0:50.18,31.6;42.53,75.11;51.35,114.38;
#185:
>0:33.84,-79.77;43.89,-74.28;49.93,-26.59;53.78,77.7;
#186:
>0:45.17,8.38;44.6,-14.69;33.91,-57.42;32.59,-19.81;
#187:
>0:39.37,-63.46;39.21,-33.53;35.95,-30.14;32.22,21.17;23.83,111.03;
#188:
>0:48.37,-65.87;40.98,-105.55;36.74,-103.99;31.5,-66.39;
#189:
>0:41.29,-109.81;41.8,-48.61;46.25,-34.23;51.89,38.39;44.73,69.14;
#190:
>0:41.84,130.81;40.75,117.76;
#191:
>0:29.18,-55.11;36.01,-19.09;37.24,5.95;41.46,69.88;54.7,92.12;
#192:
>0:41.63,131.15;41.31,117.56;
#193:
>0:40.67,148.98;42.43,119.65;
#194:
>0:45.92,31.19;48.31,85.16;40.54,75.67;29.29,104.42;
#195:
>0:43.2,128.4;42.17,148.25;
#196:
>0:22.97,91.17;22.91,92.44;
#197:
>0:48.85,-54.43;39.53,-9.54;36.58,30.34;32.76,64.35;24.17,51.76;
#198:
>0:43.85,79.17;44.58,20.57;47.09,-31.55;
#199:
>0:42.94,122.02;40.92,148.25;
#200:
>0:41.3,153.94;41.27,154.97;
#201:
>0:28.25,122.93;35.79,65.85;44.18,22.81;42.23,-6.99;
#202:
>0:42.79,114.92;43.67,131.04;
#203:
>0:43.38,147.74;41.87,122.16;
#204:
>0:43.09,-80.31;47.09,-30.09;51.16,28.24;50.24,29.82;40.34,119.49;
#205:
>0:43.69,142.78;42.9,134.03;
#206:
>0:27.41,21.94;33.31,-20.9;34.31,-6.81;35.29,10.49;50.14,12.33;
#207:
>0:48.65,-66.45;44.67,-5.31;36.13,36.26;29.72,54.78;24.56,72.19;
#208:
>0:43.76,132.21;47.22,77.52;42.36,13.55;44.93,18.41;39.63,-47.93;
#209:
>0:43.56,121.75;41.91,134.04;
#210:
>0:45.05,11.44;43.09,-5.27;34.4,-79.21;30.25,-7.9;
#211:
>0:44.88,142.73;42.9,149.89;
#212:
>0:30.4,57.52;35.43,28.76;41.52,20.11;50.23,-29.63;55.63,-0.48;
#213:
>0:53.19,21.34;44.74,20.72;40.54,39.97;
#214:
>0:52.27,103.41;53.3,72.02;47.44,46.72;34.08,76.58;
#215:
>0:49.49,109.08;47.48,85.0;
#216:
>0:44.24,129.74;39.87,143.7;
#217:
>0:43.68,142.56;43.81,150.29;
#218:
>0:44.47,148.76;44.51,153.69;
#219:
>0:39.69,130.14;43.54,133.65;
#220:
>0:43.49,148.0;50.35,86.14;
#221:
>0:40.2,49.89;44.71,37.24;46.99,-4.55;50.58,-59.4;
#222:
>0:40.73,155.0;39.69,144.79;
#223:
>0:40.04,144.76;39.83,130.35;
#224:
>0:32.11,18.66;27.41,9.84;26.23,-53.2;
#225:
>0:35.28,-56.5;28.92,-42.5;34.65,30.41;
#226:
>0:32.37,-77.75;34.0,-108.04;44.16,-118.54;45.52,-21.43;
#227:
>0:34.4,18.53;39.55,57.89;45.52,-12.48;
#228:
>0:26.91,59.66;33.26,35.79;34.48,6.79;
#229:
>0:44.12,155.28;42.68,137.0;
#230:
>0:45.17,126.08;43.42,153.77;
#231:
>0:39.83,130.18;43.59,117.43;
#232:
>0:41.74,115.52;44.04,122.98;
#233:
>0:42.71,140.79;39.87,117.76;
#234:
>0:40.66,147.5;43.85,131.87;
#235:
>0:45.95,-110.42;39.47,-60.24;39.58,-30.99;51.65,42.59;
#236:
>0:33.51,53.79;44.12,26.24;48.79,-31.89;
#237:
>0:31.1,64.88;25.62,20.15;30.85,-8.64;23.68,-45.68;
#238:
>0:44.55,123.1;43.12,123.64;
#239:
>0:42.5,151.21;39.95,145.23;
#240:
>0:45.77,55.27;42.77,59.16;35.93,118.42;32.45,29.32;
#241:
>0:44.54,131.87;41.56,120.22;
#242:
>0:42.27,135.03;42.21,146.85;
#243:
>0:22.71,-76.28;32.1,-24.85;30.83,10.2;32.82,76.0;28.71,116.92;
#244:
>0:51.46,-1.82;45.44,-79.41;43.07,-108.5;34.44,-45.1;28.65,-45.71;26.8,-0.44;
#245:
>0:40.2,121.25;43.83,148.69;
#246:
>0:43.86,121.24;41.81,121.03;
#247:
>0:41.8,147.72;39.72,144.76;
#248:
>0:43.39,3.31;35.15,49.35;31.27,109.28;
#249:
>0:44.88,137.75;45.19,140.56;
#250:
>0:39.34,-116.28;49.35,-63.56;46.5,-2.58;55.83,15.34;49.05,65.37;
#251:
>0:48.2,-35.38;48.66,-54.43;38.51,-62.33;
#252:
>0:55.64,121.25;51.84,77.26;44.93,70.76;42.4,61.34;29.74,31.56;
#253:
>0:40.31,123.11;43.4,147.53;
#254:
>0:43.3,127.89;41.42,123.17;
#255:
>0:30.54,7.82;39.02,-3.24;40.1,-45.62;47.56,-14.3;51.71,-47.12;
#256:
>0:54.58,60.6;53.24,37.25;45.28,40.83;39.71,-34.3;34.05,-41.91;23.38,-42.77;
#257:
>0:40.13,147.4;39.88,115.38;
#258:
>0:45.14,154.89;44.26,127.7;
#259:
>0:41.16,142.41;41.62,131.21;
#260:
>0:27.88,-77.91;38.64,-25.23;43.18,-34.65;48.83,-19.3;52.89,-50.1;
#261:
>0:55.89,-19.03;52.71,-24.6;
#262:
>0:29.78,-37.48;37.91,-25.58;39.8,-74.01;
#263:
>0:42.6,150.17;43.03,132.2;
#264:
>0:47.91,-119.3;42.5,-112.44;36.06,-79.06;33.31,-111.68;
#265:
>0:47.07,-98.59;46.99,-111.19;
#266:
>0:41.09,127.7;38.85,60.07;32.2,2.76;24.06,-30.93;
#267:
>0:39.9,42.49;39.45,10.45;
#268:
>0:44.87,149.9;44.17,134.57;
#269:
>0:40.83,135.74;41.29,153.21;
#270:
>0:42.56,135.89;44.53,125.93;
#271:
>0:44.94,-33.52;43.75,-50.96;34.66,-101.63;28.94,-112.17;
#272:
>0:47.04,75.64;53.92,46.77;53.61,-34.9;
#273:
>0:36.14,-102.89;35.37,-91.85;
#274:
>0:40.64,149.61;44.92,121.94;
#275:
>0:39.96,152.12;43.1,126.56;
#276:
>0:50.86,-49.45;49.23,-5.19;50.19,-44.62;41.0,-114.37;31.64,-11.11;
#277:
>0:31.31,70.14;22.37,31.8;28.55,-39.22;38.45,-11.13;38.71,-98.28;
#278:
>0:27.28,-66.99;31.24,-71.32;32.91,-85.18;38.2,-115.19;44.21,-83.38;55.3,-105.97;
#279:
>0:24.89,126.42;28.33,59.22;26.96,21.64;31.39,-35.23;38.0,-34.8;33.87,-94.39;
#280:
>0:26.19,-54.36;33.22,-55.38;33.64,-29.59;39.13,81.71;
#281:
>0:30.7,74.11;35.83,94.16;
#282:
>0:44.37,120.16;44.02,138.38;
#283:
>0:29.17,41.44;22.67,37.06;29.12,-0.05;29.08,-119.16;
#284:
>0:25.74,66.39;27.28,19.85;25.33,-37.42;
#285:
>0:30.4,-85.43;29.23,-52.9;37.36,-25.96;37.85,35.53;42.71,58.67;51.61,101.53;
#286:
>0:32.81,-46.71;24.07,-74.63;
#287:
>0:44.89,-111.72;44.65,-69.64;38.81,-21.11;31.2,19.83;33.24,64.25;
#288:
>0:26.85,123.86;28.11,51.22;27.83,31.6;27.39,-34.52;
#289:
>0:32.02,-40.49;38.63,-99.85;42.66,-52.5;
#290:
>0:42.69,155.4;44.51,135.51;
#291:
>0:43.52,148.48;41.16,140.31;
#292:
>0:50.3,121.42;41.53,80.03;
#293:
>0:32.22,-99.85;29.25,-52.28;33.55,-12.84;38.47,31.34;42.37,61.08;53.3,94.3;
#294:
>0:42.29,139.81;43.33,143.26;
#295:
>0:44.51,138.33;43.62,128.93;
#296:
>0:38.19,34.63;33.23,-17.63;
#297:
>0:42.19,131.58;44.71,155.65;
#298:
>0:47.75,9.69;43.58,-33.06;42.87,-70.76;
#299:
>0:44.5,120.31;44.95,137.52;
#300:
>0:43.63,116.78;42.46,124.48;
#301:
>0:49.2,91.46;44.54,67.4;37.39,34.35;29.93,-11.67;25.32,-58.65;
#302:
>0:33.6,-34.89;35.66,-70.7;
#303:
>0:52.17,5.22;52.76,-1.88;
#304:
>0:42.91,148.54;44.19,131.82;
#305:
>0:48.43,33.17;49.53,-38.88;
#306:
>0:52.45,37.92;54.55,52.7;52.43,93.86;
#307:
>0:31.56,-61.83;33.63,-13.2;34.24,26.63;42.41,56.37;51.24,109.81;
#308:
>0:51.28,-5.47;53.68,37.52;52.72,54.62;
#309:
>0:43.16,148.68;44.15,149.78;
#310:
>0:55.59,46.79;54.65,9.1;45.91,22.63;35.35,-59.0;
#311:
>0:34.93,41.58;43.56,80.99;39.63,26.79;55.74,15.61;
#312:
>0:32.88,-41.05;24.69,-49.55;
#313:
>0:38.34,-50.7;39.34,-11.2;46.81,-27.29;55.1,-92.55;
#314:
>0:42.02,153.02;42.19,154.98;
#315:
>0:40.77,133.91;41.47,133.03;
#316:
>0:43.03,129.38;43.48,120.82;
#317:
>0:45.05,144.5;39.73,125.77;
#318:
>0:43.11,137.73;44.26,140.84;
#319:
>0:44.48,129.13;40.39,123.57;
#320:
>0:52.94,28.91;52.23,-3.21;
#321:
>0:43.69,115.04;40.15,135.8;
#322:
>0:50.2,119.3;47.96,51.7;
#323:
>0:40.63,146.19;45.13,137.5;
#324:
>0:52.37,114.35;53.34,59.04;52.05,37.6;42.78,-15.06;
#325:
>0:43.01,148.17;43.64,139.7;
#326:
>0:54.55,-80.84;47.53,-74.65;
#327:
>0:42.93,154.13;42.19,139.43;
#328:
>0:45.79,57.63;48.0,123.11;
#329:
>0:42.95,119.97;39.86,128.85;
#330:
>0:54.48,45.19;47.17,100.2;
#331:
>0:42.3,114.6;44.19,150.1;
#332:
>0:40.45,-71.6;47.37,-16.19;50.75,-27.74;
#333:
>0:43.51,133.93;41.68,150.63;
#334:
>0:23.55,39.49;29.71,-27.48;38.21,27.0;
#335:
>0:40.66,148.87;43.3,119.27;
#336:
>0:27.03,-67.05;23.97,-34.44;23.77,21.36;
#337:
>0:44.15,116.02;40.22,120.41;
#338:
>0:42.82,153.88;40.04,143.24;
#339:
>0:34.56,38.89;28.25,13.93;23.69,7.84;
#340:
>0:41.87,128.47;42.46,117.22;
#341:
>0:40.19,118.33;41.23,120.05;
#342:
>0:26.27,-55.3;31.79,-24.6;28.37,18.29;29.23,84.94;29.91,120.6;
#343:
>0:25.61,-12.06;27.13,23.94;26.97,56.43;
#344:
>0:50.48,-116.11;48.59,-121.8;40.63,-105.66;35.86,-62.32;29.15,-88.23;
#345:
>0:48.13,-96.12;41.6,-109.97;36.08,-66.57;28.31,-88.24;
#346:
>0:41.36,128.91;40.56,140.96;
#347:
>0:42.54,119.75;39.97,132.67;
#348:
>0:26.34,-116.16;32.24,-48.88;34.15,-4.76;39.09,15.81;36.62,62.43;
#349:
>0:44.18,126.65;42.23,141.12;
#350:
>0:31.79,-64.61;31.62,-33.81;37.52,-38.32;29.43,33.72;22.75,101.65;
#351:
>0:40.96,151.97;43.62,133.9;
#352:
>0:36.75,-69.85;30.85,-37.31;32.21,4.38;29.68,56.55;32.63,109.53;
#353:
>0:40.25,137.23;41.4,134.01;
#354:
>0:45.67,61.31;48.32,83.32;
#355:
>0:44.99,146.35;45.23,117.16;
#356:
>0:42.69,-35.0;48.07,-14.61;
#357:
>0:49.13,7.91;39.66,-17.93;42.78,-60.37;
#358:
>0:32.18,-20.49;35.04,-0.56;34.73,32.77;46.49,104.87;
#359:
>0:45.21,150.73;41.71,145.27;
#360:
>0:39.85,141.68;41.91,147.14;
#361:
>0:31.34,-10.37;34.56,30.8;
#362:
>0:41.41,46.38;35.53,8.25;32.53,-21.25;30.42,-73.9;24.28,-96.54;
#363:
>0:24.04,-26.77;26.61,26.86;30.67,35.17;24.05,103.9;
#364:
>0:40.4,145.26;44.86,143.35;
#365:
>0:23.63,-93.96;32.1,-51.84;28.62,-108.4;43.63,-107.64;
#366:
>0:44.09,153.14;45.18,150.12;
#367:
>0:42.41,131.0;44.33,134.79;
#368:
>0:29.8,60.13;34.45,24.74;42.28,-5.87;
#369:
>0:43.24,68.56;43.93,12.16;47.87,-15.68;55.95,-65.81;
#370:
>0:24.88,-54.86;28.41,-70.08;37.35,-37.96;42.93,-79.22;47.21,-18.02;55.91,53.62;
#371:
>0:22.54,125.59;26.54,98.83;
#372:
>0:45.14,130.02;42.36,64.89;
#373:
>0:43.95,146.19;40.76,123.85;
#374:
>0:44.66,145.27;40.55,120.18;
#375:
>0:24.89,-67.81;31.48,-78.07;35.72,-21.66;43.18,-11.84;48.77,-12.8;53.38,-112.29;
#376:
>0:51.91,-68.04;55.6,0.28;45.45,-47.01;39.77,-96.19;38.72,-69.98;26.28,-25.71;
#377:
>0:43.73,148.96;42.89,129.43;
#378:
>0:44.44,130.7;40.35,143.12;
#379:
>0:32.23,-24.81;36.18,-11.53;43.11,-64.89;
#380:
>0:46.26,-6.31;39.7,7.64;38.92,57.67;
#381:
>0:44.76,129.79;43.05,154.13;
#382:
>0:53.84,-11.56;47.5,-71.4;39.75,-95.4;37.05,-60.58;32.0,-53.57;27.05,-36.14;
#383:
>0:39.72,143.76;42.25,133.47;
#384:
>0:43.15,145.21;42.71,132.19;
#385:
>0:35.08,-84.25;43.68,-120.95;50.32,-105.83;
#386:
>0:28.32,114.89;37.24,65.52;41.01,10.26;
#387:
>0:43.58,131.74;43.16,147.26;
#388:
>0:48.37,-90.96;47.49,-103.63;
#389:
>0:42.56,121.13;40.44,124.34;
#390:
>0:52.46,107.15;52.92,85.13;53.9,18.07;44.59,-19.11;
#391:
>0:42.0,128.52;43.23,122.51;
#392:
>0:52.6,40.68;44.82,-10.64;42.78,-31.75;
#393:
>0:38.69,-5.52;32.32,27.39;24.94,5.4;
#394:
>0:40.17,145.74;42.72,130.78;
#395:
>0:43.64,138.69;41.86,114.58;
#396:
>0:41.96,0.03;41.51,-32.13;
#397:
>0:42.52,-9.23;48.36,-27.66;49.64,-85.68;
#398:
>0:31.42,-116.11;32.82,-67.78;38.62,-13.84;34.64,29.94;43.72,64.97;43.58,122.36;
#399:
>0:36.72,105.21;33.78,56.29;28.51,12.41;26.56,12.17;33.28,-22.47;29.04,-85.16;
#400:
>0:46.5,-119.0;49.93,-102.24;
#401:
>0:45.5,92.5;48.82,68.41;
#402:
>0:44.55,135.55;42.37,143.57;
#403:
>0:42.12,-94.84;46.95,-112.95;
#404:
>0:41.0,140.64;42.86,129.77;
#405:
>0:44.53,132.08;41.54,155.52;
#406:
>0:26.99,-76.64;30.93,-53.58;30.22,-97.7;38.31,-81.65;39.73,-113.65;55.4,-93.76;
#407:
>0:40.87,123.21;41.09,150.64;
#408:
>0:29.92,-59.03;31.69,-35.2;36.14,-14.97;37.93,17.24;35.39,86.97;
#409:
>0:47.3,-115.16;41.52,-102.33;34.34,-60.07;29.47,-98.69;
#410:
>0:53.23,61.35;55.03,13.82;40.61,-5.54;
#411:
>0:40.62,152.93;43.01,147.25;
#412:
>0:39.92,120.25;43.8,118.91;
#413:
>0:25.07,126.02;28.63,59.11;24.69,30.81;23.68,-5.92;
#414:
>0:29.23,4.01;24.66,-33.89;
#415:
>0:32.18,-103.15;32.99,-73.68;35.67,-89.38;45.34,-46.95;
#416:
>0:40.54,125.0;40.14,152.43;
#417:
>0:43.02,125.54;41.84,122.69;
#418:
>0:40.58,142.06;43.61,123.43;
#419:
>0:44.06,148.09;42.2,121.32;
#420:
>0:27.24,35.55;23.22,75.32;
#421:
>0:47.33,-71.87;41.81,-34.46;36.26,-22.17;32.3,9.95;26.25,16.24;
#422:
>0:32.23,55.34;39.02,93.56;
#423:
>0:54.08,103.39;49.44,74.16;42.1,78.8;34.97,117.6;36.39,68.44;24.96,38.05;
#424:
>0:26.36,-42.43;30.12,-72.64;30.84,8.87;
#425:
>0:40.04,119.76;44.81,149.13;
#426:
>0:46.37,89.63;45.28,49.24;
#427:
>0:42.52,121.98;43.87,154.03;
#428:
>0:40.13,135.75;44.27,151.66;
#429:
>0:42.1,153.05;40.67,140.3;
#430:
>0:26.91,-71.04;33.08,-69.82;37.03,-6.76;34.21,14.49;48.57,43.66;
#431:
>0:41.71,18.96;38.71,68.83;31.23,109.15;
#432:
>0:34.71,-25.1;41.55,-36.53;36.67,-104.78;
#433:
>0:35.08,-0.51;34.05,-29.68;
#434:
>0:42.54,145.68;40.17,129.57;
#435:
>0:42.42,151.51;43.27,123.69;
#436:
>0:40.59,130.67;40.74,151.14;
#437:
>0:43.9,136.15;41.42,121.19;
#438:
>0:25.25,-39.48;31.12,-43.25;35.12,-18.43;34.3,11.71;50.05,117.37;
#439:
>0:54.93,-11.22;48.42,-67.27;42.54,-103.64;33.66,-61.62;
#440:
>0:48.43,82.42;39.96,76.61;38.78,98.6;30.01,20.33;
#441:
>0:55.88,-2.32;53.68,11.94;50.01,12.04;39.24,84.14;33.4,88.69;
#442:
>0:27.96,-79.66;22.66,-72.48;
#443:
>0:32.31,-33.52;33.29,-57.47;40.37,-48.06;
#444:
>0:25.16,-67.86;23.76,-31.87;25.36,32.3;
#445:
>0:43.29,146.73;46.84,55.01;40.5,28.92;45.36,37.02;41.75,-78.05;
#446:
>0:24.98,-92.36;31.85,-60.17;
#447:
>0:24.97,-96.11;29.5,-79.72;
#448:
>0:43.16,152.71;43.73,126.87;
#449:
>0:23.22,9.82;29.41,-35.19;38.96,-0.16;35.73,29.42;48.68,3.84;
#450:
>0:44.56,120.36;44.46,145.03;
#451:
>0:31.98,93.68;33.38,86.61;
#452:
>0:44.92,-14.98;45.28,-70.45;39.85,-109.89;33.27,-58.66;
#453:
>0:40.48,125.94;40.74,133.6;
#454:
>0:46.38,-77.06;39.82,-13.21;34.44,-16.45;32.96,38.54;25.84,31.99;
#455:
>0:32.84,101.89;36.54,83.7;41.37,24.03;49.6,-28.48;53.05,-28.0;
#456:
>0:43.48,135.48;45.24,127.08;
#457:
>0:43.22,133.92;38.46,64.38;30.96,35.02;22.83,-20.28;
#458:
>0:55.56,26.38;47.2,23.54;53.58,115.4;
#459:
>0:24.4,113.15;33.43,77.93;37.03,7.34;42.12,9.13;46.53,-15.26;51.8,-44.67;
#460:
>0:42.78,130.45;41.25,144.77;
#461:
>0:42.8,-70.74;41.8,-53.88;
#462:
>0:51.64,105.4;51.66,73.64;46.27,65.39;40.04,53.62;28.96,115.59;
#463:
>0:44.28,122.36;41.1,120.69;
#464:
>0:40.73,125.88;39.91,144.25;
#465:
>0:25.9,-96.14;32.73,-46.08;36.86,-30.61;26.24,22.36;
#466:
>0:31.14,38.81;34.7,-5.89;40.75,-50.32;41.86,-100.21;
#467:
>0:42.21,133.1;42.84,114.82;
#468:
>0:44.44,-99.08;37.34,-42.86;29.19,-22.65;26.26,36.85;
#469:
>0:30.65,94.66;30.73,103.8;
#470:
>0:43.97,114.51;41.22,124.57;
#471:
>0:45.81,53.15;49.71,66.4;
#472:
>0:32.15,-48.29;35.27,-3.41;36.89,27.7;40.54,58.79;55.63,116.76;
#473:
>0:47.32,71.26;41.21,17.85;46.9,21.77;48.66,-5.53;51.27,-89.03;
#474:
>0:52.15,-37.21;54.25,19.18;45.48,35.35;41.72,83.15;32.84,124.02;
#475:
>0:49.29,83.67;52.04,54.1;52.39,-0.51;
#476:
>0:40.37,117.77;42.38,126.29;
#477:
>0:34.94,-21.97;40.98,-17.97;46.87,-17.65;53.53,-109.68;
#478:
>0:48.35,-103.32;40.7,-40.65;40.05,-17.99;37.04,-17.95;26.8,-32.52;
#479:
>0:45.93,103.33;55.8,125.85;50.24,84.77;48.61,-3.2;
#480:
>0:40.16,122.17;40.02,151.69;
#481:
>0:40.79,127.19;44.86,136.43;
#482:
>0:32.2,-37.58;38.24,-9.16;37.24,39.91;41.81,58.85;53.56,118.73;
#483:
>0:40.19,118.56;41.99,114.65;
#484:
>0:42.77,137.73;40.23,117.01;
#485:
>0:45.84,57.81;54.52,51.1;52.31,-17.89;
#486:
>0:45.24,116.86;43.19,123.95;
#487:
>0:23.42,52.11;22.8,39.55;25.0,-8.09;
#488:
>0:55.61,70.16;53.09,32.82;50.29,26.81;49.28,-57.91;
#489:
>0:45.2,118.66;43.91,119.58;
#490:
>0:40.98,126.92;42.66,149.66;
#491:
>0:42.72,114.54;44.08,137.53;
#492:
>0:52.59,1.83;53.85,28.79;49.77,3.31;34.77,105.4;
#493:
>0:26.62,76.69;22.95,7.67;24.59,-20.02;
#494:
>0:23.08,89.95;30.33,71.3;38.2,70.7;41.55,80.62;
#495:
>0:28.22,39.83;23.18,26.43;22.73,-55.71;
#496:
>0:44.84,114.86;40.9,115.66;
#497:
>0:44.98,151.22;45.03,151.07;
#498:
>0:48.73,-62.26;44.61,-16.16;38.79,41.39;29.55,66.44;27.67,79.19;
#499:
>0:44.24,115.62;42.85,119.49;
#500:
>0:29.44,25.05;24.9,-12.22;
#501:
>0:49.76,8.63;40.72,-10.55;38.29,-6.47;38.63,-99.86;
#502:
>0:55.63,-51.89;48.56,-29.33;52.49,35.75;54.4,71.58;
#503:
>0:44.17,126.6;44.57,154.29;
#504:
>0:44.13,133.48;42.55,131.16;
#505:
>0:29.04,23.79;25.37,54.69;24.47,114.31;
#506:
>0:42.66,155.67;42.34,117.72;
#507:
>0:43.04,124.63;37.66,88.42;32.48,96.25;
#508:
>0:49.82,53.46;40.5,20.4;47.44,41.62;49.98,-52.59;
#509:
>0:45.75,-7.71;41.5,32.12;38.37,70.92;32.54,83.76;
#510:
>0:42.98,129.9;43.22,153.97;
#511:
>0:54.6,-121.45;48.28,-59.51;43.07,-7.12;42.02,34.04;
#512:
>0:53.75,-2.56;52.75,21.71;46.79,6.4;39.26,79.5;30.54,49.32;
#513:
>0:43.3,129.27;45.26,127.81;
#514:
>0:53.72,-59.25;51.68,-75.25;
#515:
>0:40.12,147.26;41.96,114.64;
#516:
>0:33.82,-112.18;41.72,-103.97;50.07,-19.9;
#517:
>0:41.46,47.11;40.16,12.81;49.5,28.68;40.59,-39.84;
#518:
>0:40.49,118.23;44.69,122.88;
#519:
>0:46.76,-56.46;44.6,-80.89;37.57,-59.14;32.09,-67.18;27.84,-100.23;
#520:
>0:45.57,51.42;40.74,115.57;36.41,112.8;30.89,107.22;
#521:
>0:44.7,123.98;45.1,137.15;
#522:
>0:48.67,83.03;43.31,47.74;36.33,100.58;31.36,57.27;
#523:
>0:28.34,61.21;33.83,38.61;40.85,42.53;49.97,-9.76;52.95,-65.72;
#524:
>0:53.16,4.54;46.51,7.38;47.9,52.05;44.01,52.6;35.81,114.58;24.53,105.23;
#525:
>0:52.17,10.5;46.29,16.58;42.17,75.43;34.09,92.86;30.48,95.71;26.05,120.07;
#526:
>0:41.57,-17.16;45.98,1.65;
#527:
>0:24.28,-8.93;23.83,12.5;32.44,32.52;23.29,125.35;
#528:
>0:27.22,70.12;30.07,28.3;34.15,-20.75;40.4,1.77;46.07,-24.76;55.82,-99.63;
#529:
>0:43.71,124.17;44.0,151.17;
#530:
>0:37.88,-42.45;39.57,-16.71;49.05,-16.72;54.63,-38.39;
#531:
>0:43.84,126.56;41.72,149.92;
#532:
>0:50.18,76.52;52.86,81.26;53.54,31.85;46.82,-78.38;
#533:
>0:40.91,151.54;45.09,120.12;
#534:
>0:22.46,-54.14;32.82,-46.71;36.79,-99.37;43.58,-115.47;47.86,-114.84;
#535:
>0:45.15,134.45;42.92,117.92;
#536:
>0:44.89,118.64;40.29,135.24;
#537:
>0:32.88,-35.91;37.67,-7.88;38.29,29.69;50.16,109.59;
#538:
>0:24.5,11.52;32.8,-38.77;36.17,32.53;
#539:
>0:42.95,-55.44;45.41,-114.3;
#540:
>0:45.7,152.79;41.53,144.43;
#541:
>0:38.15,116.61;29.42,121.28;23.36,53.32;29.09,-10.57;
#542:
>0:41.21,-6.72;46.28,-20.14;
#543:
>0:44.97,117.22;40.0,152.24;
#544:
>0:45.11,140.24;41.1,135.26;
#545:
>0:47.39,-118.06;40.26,-47.64;41.09,-4.18;38.89,-31.7;23.16,84.95;
#546:
>0:32.18,-80.32;35.63,-26.13;33.84,38.71;43.49,45.84;30.6,96.57;
#547:
>0:23.83,82.18;31.33,42.26;34.86,35.48;
#548:
>0:30.78,-7.17;39.01,-4.87;43.64,-44.41;46.18,-6.48;52.85,-82.98;
#549:
>0:26.11,-62.58;31.7,-71.76;33.51,0.29;43.76,-41.46;49.2,1.6;50.7,-116.18;
#550:
>0:50.41,-97.99;49.81,-47.93;
#551:
>0:41.91,120.22;41.22,134.93;
#552:
>0:41.0,-91.09;43.92,-65.92;44.99,-1.25;52.03,27.85;41.8,78.33;
#553:
>0:41.32,130.41;41.09,136.05;
#554:
>0:45.17,-27.86;39.74,28.49;33.71,21.3;32.21,43.16;23.93,18.8;
#555:
>0:42.66,139.39;44.63,116.21;
#556:
>0:27.71,-64.27;32.46,-36.63;28.17,2.43;30.14,82.5;32.38,89.84;
#557:
>0:43.31,140.17;42.17,128.91;
#558:
>0:44.97,-92.45;41.92,-119.47;36.88,-57.34;29.28,-109.72;
#559:
>0:39.77,-70.01;42.58,-18.38;35.65,-30.61;25.63,22.42;
#560:
>0:43.54,152.19;48.26,111.62;40.39,20.84;
#561:
>0:36.34,-12.54;41.19,-1.63;33.48,-100.41;
#562:
>0:41.39,138.08;42.42,120.01;
#563:
>0:43.29,118.12;42.0,151.65;
#564:
>0:53.93,84.43;47.76,9.73;41.94,-22.75;37.68,-73.56;29.78,-103.47;
#565:
>0:33.49,12.02;43.57,4.96;44.85,-33.86;48.57,-94.16;
#566:
>0:42.94,151.11;43.56,123.96;
#567:
>0:25.87,125.08;29.34,44.57;25.34,13.41;24.16,-25.72;
#568:
>0:40.09,133.79;42.14,133.68;
#569:
>0:34.51,4.45;43.41,-20.46;44.91,-65.09;50.07,-84.43;
#570:
>0:44.94,124.18;39.78,84.46;34.73,38.62;29.23,-5.04;26.12,-42.79;
#571:
>0:51.0,-38.55;55.37,-35.28;
#572:
>0:43.06,117.03;43.05,148.86;
#573:
>0:31.43,-57.73;31.99,-18.69;38.51,-2.56;41.75,43.86;
#574:
>0:27.3,-120.12;31.68,-77.91;30.87,0.09;33.68,-7.11;33.39,20.2;23.74,115.2;
#575:
>0:31.29,-92.54;33.31,-64.12;31.83,-14.53;34.83,-20.75;28.41,22.08;25.75,110.49;
#576:
>0:42.58,126.88;41.69,145.25;
#577:
>0:49.49,78.74;43.64,74.98;35.15,100.96;33.21,29.69;
#578:
>0:52.46,-5.6;54.23,-36.57;
#579:
>0:46.68,8.11;54.68,65.82;
#580:
>0:40.04,123.82;35.34,99.69;30.81,93.43;
#581:
>0:38.39,-82.3;38.94,-43.83;33.37,-45.35;36.3,0.63;35.17,3.96;40.37,137.11;
#582:
>0:44.26,114.88;42.17,153.91;
#583:
>0:47.63,-45.98;39.84,-7.5;36.04,-25.54;30.77,24.21;26.86,4.92;
#584:
>0:26.55,56.31;24.07,23.39;32.85,-1.63;38.82,-17.17;47.14,-58.37;
#585:
>0:43.51,125.01;42.3,115.42;
#586:
>0:49.12,-97.54;39.82,-47.32;42.78,-37.52;36.12,-16.12;25.45,-13.72;
#587:
>0:53.0,75.2;49.48,48.45;41.91,9.81;45.03,-55.12;
#588:
>0:40.78,150.4;42.93,125.59;
#589:
>0:26.72,68.15;27.95,34.28;35.75,24.2;
#590:
>0:32.58,-43.28;35.22,-8.38;34.88,40.16;39.88,57.66;52.46,122.18;
#591:
>0:36.29,25.56;43.11,65.68;42.45,139.24;
#592:
>0:43.03,119.26;42.58,117.68;
#593:
>0:42.81,117.39;41.06,122.39;
#594:
>0:24.8,23.91;28.32,-3.83;38.65,38.94;
#595:
>0:40.74,148.08;40.9,132.62;
#596:
>0:52.46,73.13;55.66,3.69;51.66,-28.2;
#597:
>0:48.72,91.61;46.47,47.03;42.04,3.56;49.84,-20.62;55.2,-48.26;
#598:
>0:51.11,81.05;46.35,66.0;42.27,22.02;49.98,-30.18;54.39,-122.01;
#599:
>0:44.0,118.91;42.69,152.45;
#600:
>0:38.52,-112.44;33.37,-105.44;
#601:
>0:43.17,130.13;44.23,149.38;
#602:
>0:45.91,-34.44;54.67,-78.08;50.91,-85.65;
#603:
>0:48.39,-68.7;51.46,-83.36;
#604:
>0:45.8,-13.76;41.2,25.44;38.18,27.81;32.28,35.67;24.94,7.63;
#605:
>0:44.77,122.18;40.91,128.27;
#606:
>0:40.71,121.2;42.44,146.6;
#607:
>0:37.27,-104.83;33.74,-56.76;32.26,-4.06;35.62,-13.32;38.98,8.56;38.71,91.1;
#608:
>0:40.92,125.44;40.06,137.95;
#609:
>0:27.01,-56.26;24.08,-11.23;25.39,8.28;
#610:
>0:36.67,-6.1;44.65,-4.3;
#611:
>0:45.95,137.02;44.94,141.87;
#612:
>0:34.54,41.01;43.33,78.63;
#613:
>0:42.87,143.45;41.98,141.73;
#614:
>0:42.38,137.51;44.13,148.9;
#615:
>0:41.34,152.3;47.05,54.31;42.47,8.38;45.26,20.59;40.78,-76.01;
#616:
>0:28.29,-18.53;34.12,18.76;
#617:
>0:43.82,125.96;42.87,151.3;
#618:
>0:49.16,80.61;51.62,79.75;54.51,-21.8;
#619:
>0:35.39,-106.84;38.59,-114.73;
#620:
>0:32.92,-44.63;38.95,-101.87;41.24,-94.56;48.42,-43.94;52.68,-47.26;
#621:
>0:33.85,84.38;44.65,137.74;46.48,44.62;51.42,37.81;
#622:
>0:53.41,75.08;51.59,37.41;45.63,8.37;40.24,-30.51;33.48,-33.88;24.72,-54.08;
#623:
>0:52.64,-84.32;46.56,-43.31;43.98,-62.84;
#624:
>0:51.79,67.65;45.26,17.48;41.23,-9.42;39.02,-68.27;30.4,-94.71;
#625:
>0:42.23,24.23;47.56,2.93;52.79,74.74;
#626:
>0:23.33,-71.5;30.33,-72.3;31.52,-112.32;35.71,-87.96;44.39,-100.28;55.23,-117.64;
#627:
>0:52.39,37.51;55.81,-17.9;
#628:
>0:45.12,121.22;42.74,132.58;
#629:
>0:25.25,76.76;25.52,34.35;29.31,-21.56;33.3,-65.24;27.61,-87.01;
#630:
>0:42.28,-44.41;42.55,-27.93;55.08,37.17;
#631:
>0:44.19,130.19;44.99,153.48;
#632:
>0:44.3,130.46;43.05,117.96;
#633:
>0:49.81,-120.45;49.46,-87.97;
#634:
>0:26.98,118.37;31.02,69.44;38.35,97.22;34.07,82.74;46.75,122.26;
#635:
>0:40.9,137.38;40.08,148.42;
#636:
>0:30.27,-36.63;29.75,14.3;31.4,72.79;
#637:
>0:42.95,155.51;41.91,128.83;
#638:
>0:40.08,138.07;39.69,142.81;
#639:
>0:41.12,117.3;43.9,142.16;
#640:
>0:44.83,134.27;40.96,154.49;
#641:
>0:40.25,149.06;43.47,116.36;
#642:
>0:24.7,75.28;30.57,42.58;37.07,-32.31;42.23,-51.15;45.85,-38.54;51.35,-94.09;
#643:
>0:41.35,114.5;44.3,151.68;
#644:
>0:46.96,-54.89;39.34,-8.13;33.86,-13.94;28.38,21.1;27.33,16.52;
#645:
>0:43.02,115.13;40.85,127.27;
#646:
>0:55.23,-29.85;53.1,37.85;48.47,8.99;41.46,56.85;30.46,105.25;
#647:
>0:52.09,16.21;46.29,16.49;53.54,124.62;
#648:
>0:33.83,18.54;42.52,-8.64;46.84,-30.82;46.31,-96.98;
#649:
>0:35.51,102.25;31.67,82.04;24.92,22.34;22.33,-36.05;
#650:
>0:43.7,125.05;42.54,152.37;
#651:
>0:53.5,-96.0;45.96,-98.39;
#652:
>0:42.78,152.68;45.02,146.22;
#653:
>0:52.31,-90.34;45.39,-78.96;41.54,-58.58;
#654:
>0:44.02,-24.26;39.06,-9.3;
#655:
>0:40.78,144.86;40.85,121.05;
#656:
>0:24.57,-20.08;26.5,-16.79;
#657:
>0:36.0,-30.16;44.21,-6.6;
#658:
>0:43.38,144.72;42.71,115.47;
#659:
>0:43.64,122.86;42.7,116.55;
#660:
>0:29.44,104.53;34.02,76.59;44.57,14.82;45.12,21.05;
#661:
>0:55.37,25.32;46.43,27.82;49.31,62.08;43.96,71.52;27.86,48.72;
#662:
>0:41.3,133.29;43.05,132.36;
#663:
>0:42.44,143.39;45.14,115.08;
#664:
>0:45.85,4.1;50.23,53.72;40.45,152.0;
#665:
>0:43.02,125.56;43.25,143.47;
#666:
>0:44.98,145.16;42.9,141.25;
#667:
>0:24.47,15.74;30.2,-23.06;28.17,-68.87;27.6,-90.21;
#668:
>0:43.15,140.05;43.36,155.1;
#669:
>0:39.96,139.83;44.42,154.43;
#670:
>0:44.36,-19.0;41.72,-55.04;
#671:
>0:49.47,-79.46;40.79,-103.13;35.18,-79.97;32.58,-25.36;24.49,-29.06;
#672:
>0:35.18,41.23;33.4,-31.0;43.6,-61.09;
#673:
>0:32.03,18.99;37.99,-27.18;40.0,-48.42;41.78,1.37;50.94,-65.17;
#674:
>0:22.84,54.07;30.32,15.23;35.09,43.16;
#675:
>0:26.58,-32.58;30.48,18.64;37.73,58.45;43.67,137.7;46.21,45.99;54.78,104.07;
#676:
>0:40.09,-5.23;38.36,-17.02;41.43,63.28;
#677:
>0:27.78,-77.41;29.61,-56.2;32.35,-12.71;43.37,-36.95;
#678:
>0:47.55,-30.05;46.59,-59.84;42.27,-93.78;31.85,-21.09;
#679:
>0:23.27,97.24;33.22,55.2;22.26,16.66;31.78,-1.91;26.59,-58.13;
#680:
>0:43.22,135.51;44.3,146.02;
#681:
>0:23.25,58.12;24.53,38.89;31.05,-37.48;44.31,-23.71;
#682:
>0:34.73,-90.4;28.48,-68.55;37.93,-18.25;25.65,26.08;
#683:
>0:45.15,-83.93;43.38,-77.73;40.04,-24.2;35.67,-37.43;24.32,-62.62;
#684:
>0:42.18,118.33;43.97,124.06;
#685:
>0:54.74,15.87;44.77,39.38;43.19,-3.54;38.46,-39.51;29.57,-66.03;23.02,-85.08;
#686:
>0:36.63,-25.98;38.16,42.48;
#687:
>0:26.75,36.8;30.72,-12.18;36.74,3.63;
#688:
>0:42.29,133.9;40.72,139.46;
#689:
>0:43.95,153.39;41.2,127.6;
#690:
>0:44.1,-105.53;44.21,-76.16;40.91,0.15;33.98,-3.64;44.68,73.41;
#691:
>0:44.79,46.25;52.0,78.99;50.77,26.22;51.92,-12.73;51.46,-90.66;
#692:
>0:53.18,-94.03;49.52,-40.17;
#693:
>0:36.51,9.28;40.93,49.18;49.04,-12.04;
#694:
>0:44.36,127.76;44.63,144.52;
#695:
>0:44.1,131.16;42.84,120.82;
#696:
>0:44.78,137.37;44.56,124.83;
#697:
>0:41.93,141.03;43.77,134.91;
#698:
>0:22.64,-40.94;32.85,-76.73;29.38,-96.85;42.07,-119.81;
#699:
>0:38.01,117.62;28.67,117.19;30.89,80.17;32.08,1.14;
#700:
>0:43.79,126.78;40.26,141.61;
#701:
>0:44.87,115.38;40.48,120.43;
#702:
>0:40.76,14.85;38.75,-1.1;27.99,-74.35;23.37,-65.0;
#703:
>0:41.08,117.17;40.6,131.85;
#704:
>0:30.15,12.4;36.35,-4.05;29.91,-54.68;41.58,-115.82;
#705:
>0:42.17,152.22;41.56,132.25;
#706:
>0:26.17,-81.14;32.28,-59.7;38.56,-25.27;44.36,-14.73;
#707:
>0:44.65,128.38;42.56,135.93;
#708:
>0:47.56,-52.4;39.82,-38.33;36.38,-38.37;31.6,32.68;26.9,17.17;
#709:
>0:44.38,131.7;43.78,117.36;
#710:
>0:44.61,136.14;41.33,120.99;
#711:
>0:29.33,44.1;33.6,40.51;44.34,35.21;46.05,-10.45;52.47,-52.61;
#712:
>0:43.06,131.23;44.32,126.16;
#713:
>0:44.91,127.7;44.96,154.14;
#714:
>0:44.62,153.17;42.15,119.66;
#715:
>0:54.93,-4.97;54.93,-8.58;
#716:
>0:51.35,65.27;47.73,75.81;43.28,19.24;46.48,-50.73;
#717:
>0:40.47,118.08;40.06,118.12;
#718:
>0:44.59,124.67;43.58,127.42;
#719:
>0:42.53,131.8;42.77,124.81;
#720:
>0:39.9,120.37;42.11,115.12;
#721:
>0:41.71,117.93;41.82,119.3;
#722:
>0:44.1,-12.71;48.04,-1.38;46.66,-82.89;
#723:
>0:46.29,32.59;52.2,67.98;51.48,108.12;
#724:
>0:53.7,-9.36;50.83,38.12;47.85,9.89;44.37,65.36;33.45,65.98;
#725:
>0:45.1,134.34;44.17,134.77;
#726:
>0:50.06,73.68;44.47,34.01;41.18,-7.67;
#727:
>0:40.59,143.28;42.03,141.85;
#728:
>0:44.99,134.69;43.39,141.39;
#729:
>0:26.82,-47.99;31.28,-54.67;33.96,-10.15;38.93,18.17;48.25,32.34;
#730:
>0:22.8,-32.99;27.81,37.21;24.44,44.08;
#731:
>0:23.95,79.42;27.41,23.15;22.75,-35.59;
#732:
>0:46.28,52.86;43.83,63.72;37.98,111.96;31.78,23.38;
#733:
>0:22.41,-72.6;25.31,-11.76;26.23,19.39;
#734:
>0:47.32,103.21;45.68,50.58;43.83,33.26;49.93,-31.02;50.66,-73.02;
#735:
>0:30.63,76.8;37.62,16.04;44.36,7.85;47.38,-7.38;55.54,-41.81;
#736:
>0:28.64,-32.04;28.07,36.59;32.26,57.75;
#737:
>0:40.84,142.62;45.01,144.82;
#738:
>0:41.79,-99.42;40.76,-67.43;44.94,-21.63;51.53,3.64;50.19,76.75;
#739:
>0:51.66,40.87;46.06,3.45;42.4,46.05;35.37,82.21;
#740:
>0:41.88,148.79;42.62,146.61;
#741:
>0:22.61,31.45;30.54,-14.78;36.71,-14.65;35.48,-83.6;
#742:
>0:37.12,7.41;39.86,53.97;40.79,147.46;
#743:
>0:35.65,89.42;41.27,80.46;39.21,36.59;53.19,20.35;
#744:
>0:25.7,-0.26;28.42,-45.15;37.81,-103.09;
#745:
>0:41.63,142.32;45.08,147.04;
#746:
>0:42.29,130.97;43.45,153.15;
#747:
>0:41.0,134.03;44.53,115.16;
#748:
>0:34.96,-81.14;35.08,-39.91;28.33,-35.77;37.29,-13.43;24.72,61.48;
#749:
>0:52.98,-32.36;52.44,30.21;51.69,84.09;
#750:
>0:41.8,149.8;45.87,65.52;43.41,22.45;40.82,0.06;
#751:
>0:39.83,-80.73;42.99,-26.85;53.05,3.95;
#752:
>0:43.65,137.56;38.06,99.34;27.99,96.81;27.3,96.35;
#753:
>0:38.96,113.25;39.12,64.21;39.46,22.56;45.83,10.03;48.04,-18.89;51.62,-100.48;
#754:
>0:32.17,106.17;32.54,95.2;
#755:
>0:40.41,118.8;44.27,153.82;
#756:
>0:44.25,148.88;44.99,141.51;
#757:
>0:42.8,139.38;41.92,128.93;
#758:
>0:27.04,13.09;27.89,-2.69;38.3,-13.5;34.06,-93.57;
#759:
>0:46.03,116.99;43.27,138.18;46.76,67.67;42.21,22.34;48.24,-43.57;
#760:
>0:43.42,130.61;41.24,135.32;
#761:
>0:27.8,117.98;32.2,80.8;25.82,25.68;29.56,-4.75;37.49,-34.29;35.43,-109.82;
#762:
>0:45.13,128.08;45.18,141.92;
#763:
>0:41.43,121.83;41.65,140.55;
#764:
>0:37.48,-91.72;39.9,-57.59;43.1,-25.34;40.97,18.64;
#765:
>0:38.4,0.83;35.67,17.14;38.49,67.35;
#766:
>0:44.14,144.99;45.21,152.95;
#767:
>0:33.1,-111.04;37.82,-79.8;40.56,-16.64;49.51,-5.94;53.12,80.14;
#768:
>0:36.78,-33.22;38.03,34.91;38.22,62.23;
#769:
>0:40.39,124.07;45.19,143.61;
#770:
>0:46.22,-56.51;43.03,-10.51;34.06,42.51;32.03,81.49;23.45,57.79;
#771:
>0:35.23,-78.63;31.91,-72.41;
#772:
>0:40.68,-9.04;50.1,-25.09;46.32,-109.31;
#773:
>0:51.84,-63.1;45.86,-24.62;54.86,38.87;53.53,62.14;
#774:
>0:44.11,-51.92;49.32,-9.06;51.99,-5.48;
#775:
>0:51.53,52.44;55.06,22.58;50.54,-3.3;
#776:
>0:31.69,-18.79;25.54,-71.56;28.4,-108.14;
#777:
>0:43.83,121.82;41.09,125.18;
#778:
>0:32.52,-89.61;33.48,-120.31;42.24,-84.6;49.19,-63.76;53.51,-39.06;
#779:
>0:40.64,153.31;41.31,114.29;
#780:
>0:30.25,126.39;32.41,51.12;34.19,78.6;41.15,114.3;55.63,66.14;
#781:
>0:27.8,-43.4;31.22,-30.17;30.09,34.35;29.56,52.04;28.68,98.61;
#782:
>0:42.35,-94.77;46.34,-58.38;45.92,-10.81;49.29,32.74;
#783:
>0:40.85,135.66;40.46,131.12;
#784:
>0:29.56,6.95;26.99,20.05;23.35,-56.66;
#785:
>0:43.65,120.25;42.78,149.39;
#786:
>0:54.59,24.66;49.7,40.54;46.53,55.69;33.51,65.99;
#787:
>0:54.42,-1.32;48.98,-44.27;40.79,-92.52;37.85,-52.77;
#788:
>0:53.87,-88.17;48.21,-93.92;40.8,-46.71;34.18,-119.46;30.6,-48.29;
#789:
>0:34.33,45.5;37.88,7.86;35.71,-6.91;
#790:
>0:46.52,87.32;42.95,66.97;34.09,33.76;31.01,-19.27;35.75,-22.18;29.87,-84.52;
#791:
>0:31.67,41.97;25.57,-30.11;
#792:
>0:43.12,126.62;43.74,139.07;
#793:
>0:42.07,155.69;43.49,135.87;
#794:
>0:33.82,-100.63;44.42,-108.31;45.16,-3.45;
#795:
>0:40.86,125.23;41.41,139.8;
#796:
>0:41.1,126.72;42.92,122.03;
#797:
>0:33.67,-71.58;40.45,-11.58;38.58,17.49;
#798:
>0:36.3,8.27;40.57,50.45;
#799:
>0:43.38,139.7;41.33,117.65;
#800:
>0:52.17,32.55;45.75,41.21;45.5,44.41;33.73,57.75;
#801:
>0:43.99,140.59;44.73,130.04;
#802:
>0:28.47,-19.95;34.27,13.29;
#803:
>0:50.99,28.67;50.13,8.37;44.45,54.3;37.86,92.24;29.4,51.72;
#804:
>0:44.06,134.73;43.82,140.74;
#805:
>0:44.86,131.71;41.62,155.5;
#806:
>0:22.98,2.99;32.11,-33.61;33.49,-16.38;32.84,-100.5;
#807:
>0:46.13,81.99;49.2,33.3;
#808:
>0:47.5,-94.04;43.89,-76.91;41.33,-34.97;37.28,-22.74;23.01,-30.3;
#809:
>0:28.83,-67.81;33.54,-15.3;42.61,-70.77;44.84,-23.1;53.76,-58.03;
#810:
>0:55.09,53.78;49.61,82.49;44.11,17.19;45.22,-50.6;
#811:
>0:31.15,23.95;38.13,47.76;39.74,74.06;
#812:
>0:40.76,26.14;43.27,-11.92;
#813:
>0:38.84,-90.86;34.38,-47.82;39.55,-6.74;37.33,-24.82;37.92,35.61;40.78,140.1;
#814:
>0:41.09,119.3;44.3,137.24;
#815:
>0:44.36,137.73;42.93,151.73;
#816:
>0:48.85,47.88;54.04,84.4;52.66,14.72;53.77,-36.73;53.25,-117.26;
#817:
>0:43.7,27.11;43.4,31.76;
#818:
>0:36.89,21.34;30.54,1.69;25.25,-28.93;
#819:
>0:40.44,118.52;40.42,116.64;
#820:
>0:31.55,16.14;34.97,-25.29;44.38,-20.48;44.76,-12.17;53.66,-61.8;
#821:
>0:43.23,144.33;34.58,95.6;28.0,108.35;27.62,100.96;
#822:
>0:28.63,63.29;38.79,115.13;39.52,72.17;44.37,29.6;54.82,23.51;
#823:
>0:45.11,146.8;45.18,134.24;
#824:
>0:44.06,121.27;42.64,121.1;
#825:
>0:43.79,136.07;44.21,149.83;
#826:
>0:33.86,-48.85;41.99,-31.19;34.39,-0.09;41.5,66.58;
#827:
>0:36.94,36.96;31.12,69.96;23.43,106.84;
#828:
>0:53.24,-26.95;54.5,26.7;45.51,18.69;35.1,55.52;
#829:
>0:29.73,2.53;36.81,-38.56;33.54,-70.5;
#830:
>0:43.28,8.75;44.97,-14.93;51.96,58.11;
#831:
>0:39.73,119.55;41.46,126.46;
#832:
>0:37.8,-8.08;31.0,33.72;34.82,61.7;48.97,121.12;
#833:
>0:41.78,155.64;44.38,142.97;
#834:
>0:42.31,116.09;40.38,153.96;
#835:
>0:37.41,-34.66;35.76,8.98;49.02,6.18;
#836:
>0:40.93,124.95;40.77,122.61;
#837:
>0:45.29,130.18;40.21,132.48;
#838:
>0:44.13,129.04;41.41,136.19;
#839:
>0:43.27,145.11;40.75,124.27;
#840:
>0:39.23,18.71;48.78,15.0;55.37,50.56;
#841:
>0:40.11,152.0;40.03,122.45;
#842:
>0:40.79,27.36;44.97,34.22;34.62,-78.26;
#843:
>0:43.6,-78.11;46.14,-87.66;
#844:
>0:40.15,115.39;42.52,117.05;
#845:
>0:50.23,-62.12;41.35,-88.16;37.52,-76.01;30.89,-80.35;26.67,-93.98;
#846:
>0:49.48,1.04;50.31,-74.53;35.09,-51.35;
#847:
>0:28.0,-109.25;34.9,-43.25;43.03,-3.59;44.87,-15.97;55.21,82.52;
#848:
>0:55.9,-83.31;44.78,-65.57;
#849:
>0:25.08,46.39;29.47,33.92;38.53,-15.6;41.76,-16.01;47.07,-11.7;54.43,-102.53;
#850:
>0:46.21,121.91;42.86,50.62;38.07,11.97;32.62,-20.72;27.74,-29.32;
#851:
>0:40.24,153.05;42.06,132.53;
#852:
>0:31.05,67.43;37.36,5.99;39.48,-11.14;49.34,-73.92;50.65,-40.51;
#853:
>0:47.18,-117.78;43.82,-87.36;37.98,-66.5;31.79,-104.52;
#854:
>0:34.81,79.0;36.03,4.17;36.42,-3.96;
#855:
>0:32.27,-107.07;38.81,-110.38;40.69,-103.09;48.65,-51.56;54.35,31.08;
#856:
>0:42.24,25.24;39.9,-25.57;
#857:
>0:40.7,143.28;40.54,122.78;
#858:
>0:45.25,116.01;43.41,155.61;
#859:
>0:40.59,144.33;41.44,150.39;
#860:
>0:37.33,15.04;32.72,0.79;43.19,-68.66;
#861:
>0:52.92,-66.21;48.43,-34.59;47.22,43.12;
#862:
>0:28.3,25.51;38.8,-24.84;36.46,-48.09;
#863:
>0:43.53,133.77;45.09,124.81;
#864:
>0:41.11,125.16;43.89,115.01;
#865:
>0:52.48,38.29;45.3,11.12;54.4,94.64;
#866:
>0:42.22,123.12;45.14,132.03;
#867:
>0:23.37,-72.01;32.64,-12.75;33.15,2.69;30.89,63.9;30.25,120.83;
#868:
>0:38.78,-110.61;42.94,-121.69;45.64,-69.63;50.05,-23.62;54.54,26.38;43.53,152.5;
#869:
>0:43.0,154.67;44.66,116.47;
#870:
>0:43.33,150.51;40.74,142.35;
#871:
>0:43.72,147.44;41.74,149.67;
#872:
>0:24.76,-65.35;28.74,-103.53;
#873:
>0:42.13,135.87;43.54,144.15;
#874:
>0:34.39,-11.84;43.18,-8.64;39.03,-100.18;
#875:
>0:44.58,123.08;44.84,118.31;
#876:
>0:40.1,133.04;43.3,135.96;
#877:
>0:43.47,141.26;44.25,128.4;
#878:
>0:27.75,-70.44;28.66,-52.05;31.72,19.97;
#879:
>0:32.92,72.01;33.9,90.47;
#880:
>0:55.25,114.58;51.48,62.51;42.64,47.58;
#881:
>0:41.22,126.71;44.22,153.38;
#882:
>0:46.5,-122.04;49.42,-39.57;38.75,-83.69;
#883:
>0:43.24,-81.17;48.87,-86.16;
#884:
>0:43.46,120.16;41.51,119.43;
#885:
>0:42.0,123.68;42.78,136.08;
#886:
>0:28.19,34.39;33.66,-9.16;40.68,-70.1;47.08,-33.94;52.72,-40.54;
#887:
>0:40.49,151.53;42.16,145.73;
#888:
>0:51.9,-96.94;46.29,-83.96;39.93,-46.6;40.27,-15.61;28.46,-33.51;
#889:
>0:41.48,84.96;36.24,16.27;29.89,-28.35;28.63,-43.98;25.42,-95.22;
#890:
>0:41.07,40.93;36.02,54.25;30.3,106.07;
#891:
>0:42.4,152.56;43.49,118.36;
#892:
>0:40.74,132.9;43.48,137.64;
#893:
>0:42.59,114.64;43.67,144.98;
#894:
>0:47.51,-32.66;40.73,-43.06;39.27,-1.74;30.43,-12.32;
#895:
>0:42.94,130.02;40.24,130.24;
#896:
>0:23.73,-115.33;32.24,-63.49;37.92,-33.83;41.62,-5.69;49.44,-114.75;
#897:
>0:53.47,16.96;54.49,-22.89;
#898:
>0:23.7,19.28;28.12,3.46;24.98,110.98;
#899:
>0:44.08,10.65;38.8,79.19;
#900:
>0:52.58,27.36;47.85,36.5;41.64,-36.58;36.78,-24.41;31.37,35.66;25.69,97.07;
#901:
>0:45.38,-43.82;40.2,-34.92;35.64,39.11;28.0,65.66;24.75,44.56;
#902:
>0:43.94,148.78;45.07,119.37;
#903:
>0:32.58,69.61;36.7,94.28;41.47,78.03;43.66,4.12;50.98,39.43;
#904:
>0:31.58,-9.4;35.4,-12.2;35.63,9.09;43.53,79.77;51.45,121.32;
#905:
>0:35.49,-65.3;30.96,-2.83;38.23,9.35;
#906:
>0:22.98,-48.33;29.21,-20.29;32.97,28.47;27.87,60.11;29.86,89.6;
#907:
>0:30.13,-91.68;25.58,-115.63;32.43,-70.91;36.87,-28.56;26.12,48.49;
#908:
>0:29.04,-81.88;32.45,-55.13;30.64,-12.31;36.66,-27.17;43.16,83.3;
#909:
>0:37.61,44.09;35.59,24.06;33.99,-32.96;
#910:
>0:39.78,127.25;49.03,93.96;
#911:
>0:49.62,57.81;43.67,7.61;41.01,-2.04;
#912:
>0:32.19,116.67;23.92,95.96;
#913:
>0:37.51,-92.92;34.61,-45.83;33.28,-50.72;36.12,-27.22;30.76,13.12;43.6,148.61;
#914:
>0:48.65,123.2;43.11,67.37;38.52,34.75;32.96,-30.66;24.09,-64.44;29.07,-95.17;
#915:
>0:40.35,148.6;41.77,119.69;
#916:
>0:43.65,-104.57;39.96,-54.65;47.18,-22.66;55.16,24.12;49.33,27.04;51.8,111.65;
#917:
>0:53.43,-7.16;48.32,-54.1;
#918:
>0:30.72,-59.59;30.09,-14.09;
#919:
>0:36.67,-15.11;36.56,6.3;37.32,43.82;
#920:
>0:32.39,81.91;34.79,5.11;39.75,-28.85;48.14,-6.64;48.69,-122.22;
#921:
>0:32.28,81.68;22.98,16.33;
#922:
>0:47.95,-51.04;43.98,-12.77;33.66,21.52;32.98,54.77;25.56,55.3;
#923:
>0:29.31,40.7;36.95,60.1;43.7,135.2;46.01,79.47;54.66,109.26;
#924:
>0:32.71,7.78;37.75,-38.42;42.66,-61.27;43.83,-84.7;
#925:
>0:33.94,-67.51;33.04,-72.39;34.55,12.32;
#926:
>0:44.87,140.3;44.43,144.44;
#927:
>0:41.33,150.78;42.52,134.94;
#928:
>0:31.37,52.11;27.32,19.66;
#929:
>0:43.16,134.34;44.75,134.32;
#930:
>0:40.78,132.18;40.4,148.54;
#931:
>0:43.05,131.02;41.08,144.1;
#932:
>0:26.86,41.66;29.84,-16.76;34.12,22.84;
#933:
>0:43.08,136.51;48.8,133.85;
#934:
>0:43.75,115.65;39.85,142.87;
#935:
>0:38.25,39.25;44.56,-32.27;49.21,-40.51;48.0,-115.51;
#936:
>0:24.02,74.64;26.27,37.99;30.1,-19.74;29.47,-75.5;25.38,-89.89;
#937:
>0:26.26,66.56;26.11,20.18;32.17,-5.63;31.05,-42.69;25.45,-81.48;
#938:
>0:41.18,138.3;40.44,137.11;
#939:
>0:44.46,141.51;39.78,152.98;
#940:
>0:55.89,14.87;45.38,30.76;42.92,-35.64;37.44,-32.4;29.09,-1.36;24.96,-2.96;
#941:
>0:40.38,127.05;43.27,134.89;
#942:
>0:43.74,134.45;43.32,123.31;
#943:
>0:42.6,129.1;42.2,137.21;
#944:
>0:34.99,44.06;32.43,24.58;26.44,6.48;32.26,-51.24;
#945:
>0:44.17,143.8;40.45,139.67;
#946:
>0:41.14,130.71;43.16,149.19;
#947:
>0:45.15,129.26;40.47,139.6;
#948:
>0:42.16,76.44;35.7,93.84;31.27,40.86;
#949:
>0:43.33,149.18;41.25,145.44;
#950:
>0:43.87,130.35;45.09,123.39;
#951:
>0:42.13,128.76;45.06,141.78;
#952:
>0:28.25,68.4;25.12,31.08;
#953:
>0:38.45,20.57;32.26,-29.68;
#954:
>0:42.89,153.14;42.56,147.19;
#955:
>0:33.49,-33.61;38.3,16.44;44.16,66.95;40.71,126.34;
#956:
>0:41.34,131.54;41.49,142.35;
#957:
>0:26.2,101.03;32.55,56.62;24.7,3.65;25.07,-15.72;
#958:
>0:44.66,51.37;39.93,18.51;49.31,42.05;46.34,-42.54;
#959:
>0:42.39,119.88;41.92,154.27;
#960:
>0:30.98,69.93;38.41,19.52;42.76,29.07;48.21,-4.29;50.96,-78.64;
#961:
>0:41.09,135.29;42.75,125.89;
#962:
>0:42.29,125.45;44.46,115.21;
#963:
>0:31.63,-16.86;33.14,3.85;31.52,62.99;
#964:
>0:54.85,100.83;52.96,59.82;
#965:
>0:41.59,129.39;44.47,119.81;
#966:
>0:45.2,58.4;53.07,51.94;53.93,10.67;51.91,-17.38;51.68,-98.38;
#967:
>0:54.95,61.39;49.18,49.85;44.61,14.85;49.19,-79.36;
#968:
>0:31.59,111.75;32.05,91.74;
#969:
>0:45.14,137.45;40.57,148.97;
#970:
>0:42.29,144.42;42.17,116.64;
#971:
>0:43.84,148.14;40.09,127.56;
#972:
>0:44.59,154.16;43.31,121.25;
#973:
>0:40.46,122.7;43.73,138.37;
#974:
>0:48.09,-7.19;46.9,-57.38;43.95,-103.29;36.96,-60.62;25.37,-71.38;
#975:
>0:32.73,49.35;37.97,2.3;43.72,-18.01;46.55,-21.92;49.76,-87.43;
#976:
>0:39.85,137.3;41.07,129.03;
#977:
>0:55.01,-118.07;45.14,-59.56;
#978:
>0:41.57,118.52;39.89,58.7;
#979:
>0:43.96,137.7;42.81,125.08;
#980:
>0:38.63,110.38;38.14,78.95;24.05,82.53;
#981:
>0:40.06,125.44;41.74,154.01;
#982:
>0:43.11,118.09;41.6,152.85;
#983:
>0:38.1,45.24;36.03,39.07;37.03,-15.09;
#984:
>0:30.98,-67.26;37.99,-1.24;38.9,27.14;39.23,80.45;52.42,111.4;
#985:
>0:39.92,135.31;45.02,138.85;
#986:
>0:42.35,150.52;42.6,150.81;
#987:
>0:43.92,148.61;40.54,154.58;
#988:
>0:49.01,-19.95;43.93,-78.17;38.67,-81.92;38.83,-70.36;24.07,-73.53;
#989:
>0:40.04,143.85;42.55,115.27;
#990:
>0:25.23,7.35;33.38,-15.24;38.7,-35.25;36.18,31.81;46.08,10.14;
#991:
>0:33.11,-107.67;29.49,-53.76;37.23,-38.91;38.53,37.17;40.59,80.69;32.34,94.73;
#992:
>0:41.17,147.62;42.34,142.29;
#993:
>0:43.86,6.44;47.52,18.59;55.9,70.27;
#994:
>0:41.83,114.73;44.27,139.3;
#995:
>0:41.15,146.58;42.89,144.45;
#996:
>0:44.73,117.85;39.94,149.06;
#997:
>0:45.27,119.1;40.52,138.42;
#998:
>0:28.89,27.27;27.59,31.23;24.75,-63.05;
#999:
>0:46.62,103.09;44.32,44.21;35.57,8.88;28.98,-29.19;25.26,-75.37;32.06,-107.81;
#1000:
>0:33.05,65.23;35.97,100.83;
#1001:
>0:27.0,-39.5;32.08,-11.95;27.89,35.1;31.37,77.76;27.94,90.39;
#1002:
>0:37.52,32.28;33.29,-0.77;
#1003:
>0:41.61,122.55;39.76,143.45;
#1004:
>0:41.09,-33.37;47.0,36.77;
#1005:
>0:34.31,-48.78;31.64,-43.11;34.5,29.88;
#1006:
>0:35.7,-57.89;44.41,-10.01;48.54,-24.52;55.21,44.41;
#1007:
>0:51.26,10.76;49.11,41.14;47.31,52.74;38.87,83.4;
#1008:
>0:46.07,-85.74;43.11,-104.27;35.62,-43.65;30.88,-116.77;
#1009:
>0:30.14,86.63;30.49,124.92;
#1010:
>0:35.62,125.18;36.32,64.43;29.52,28.77;29.12,-1.03;
#1011:
>0:27.04,-61.19;31.35,-74.26;31.74,29.0;
#1012:
>0:22.48,69.39;29.89,20.4;36.76,43.39;
#1013:
>0:26.49,-63.46;29.91,-60.35;28.04,-20.48;34.3,-38.1;46.77,-44.53;
#1014:
>0:40.22,127.94;44.02,138.81;
#1015:
>0:31.12,86.04;29.67,119.47;
#1016:
>0:28.43,-30.17;36.42,-16.83;43.28,-8.8;49.47,-113.73;
#1017:
>0:41.26,25.06;36.8,13.15;31.42,32.46;
#1018:
>0:45.13,152.97;45.1,153.15;
#1019:
>0:43.49,144.37;41.22,150.23;
#1020:
>0:41.35,118.23;43.52,149.67;
#1021:
>0:52.0,-19.29;55.29,28.09;45.1,38.97;35.51,-16.38;
#1022:
>0:44.03,148.89;48.82,120.43;54.57,45.95;
#1023:
>0:45.21,153.34;42.75,126.88;
#1024:
>0:40.52,125.43;40.77,122.99;
#1025:
>0:38.91,23.16;28.24,-28.59;
#1026:
>0:45.75,109.17;50.21,84.74;
#1027:
>0:42.62,140.2;42.96,126.69;
#1028:
>0:48.81,-105.81;41.72,-105.15;38.23,-44.69;29.77,-99.28;
#1029:
>0:55.75,-45.59;46.15,-31.74;39.22,-43.35;40.25,-16.16;29.36,4.26;
#1030:
>0:40.81,-25.97;49.22,-28.94;49.68,72.88;
#1031:
>0:51.34,-48.09;45.14,-1.76;44.42,42.11;38.87,54.63;
#1032:
>0:43.34,121.78;41.8,152.05;
#1033:
>0:44.52,38.64;36.7,44.84;30.04,32.11;27.71,104.09;
#1034:
>0:31.9,105.85;26.44,50.61;32.0,13.55;25.77,43.04;28.53,0.57;28.59,-97.11;
#1035:
>0:43.65,134.33;44.18,138.31;
#1036:
>0:40.28,115.28;40.49,119.79;
#1037:
>0:28.12,-49.83;31.67,-111.68;38.86,-88.0;42.26,-109.72;53.99,-63.07;
#1038:
>0:52.5,9.78;47.08,80.09;44.19,77.84;34.7,106.27;28.52,59.04;
#1039:
>0:26.06,-88.54;31.82,-85.83;33.86,-94.01;44.16,-116.63;45.65,-54.0;54.46,-56.93;
#1040:
>0:47.52,-72.82;41.74,-21.2;37.08,-19.05;31.23,6.31;25.97,9.59;
#1041:
>0:55.81,65.46;52.46,28.86;46.25,32.68;38.41,-59.86;
#1042:
>0:40.48,147.98;42.58,135.43;
#1043:
>0:40.18,119.71;44.7,147.16;
#1044:
>0:48.98,128.72;44.3,126.42;
#1045:
>0:24.37,48.27;24.85,4.59;32.84,-28.8;41.19,-4.7;
#1046:
>0:51.9,-102.4;45.66,-116.49;41.76,-47.25;41.54,-21.69;31.51,-78.5;
#1047:
>0:43.02,124.99;41.23,129.46;
#1048:
>0:29.49,119.79;30.83,102.67;
#1049:
>0:25.06,63.53;33.34,7.65;36.53,66.38;42.23,128.2;48.25,65.44;55.28,22.39;
#1050:
>0:29.42,-26.59;34.1,-0.86;41.1,-19.3;45.53,-25.3;
#1051:
>0:43.33,134.41;43.38,120.0;
#1052:
>0:41.36,145.25;43.0,151.81;
#1053:
>0:43.83,150.65;43.82,149.41;
#1054:
>0:43.15,149.52;42.78,152.19;
#1055:
>0:41.69,121.98;42.72,135.55;
#1056:
>0:39.9,144.64;41.95,142.18;
#1057:
>0:41.96,147.77;43.02,145.71;
#1058:
>0:41.63,123.19;44.8,122.36;
#1059:
>0:49.63,-60.32;41.03,-28.54;34.19,14.23;
#1060:
>0:41.44,115.92;45.12,140.08;
#1061:
>0:33.28,-57.0;26.49,-68.78;
#1062:
>0:40.68,153.71;42.36,117.64;
#1063:
>0:41.3,149.51;39.97,135.98;
#1064:
>0:41.23,129.94;40.44,121.06;
#1065:
>0:44.54,151.89;42.64,125.76;
#1066:
>0:40.09,67.13;44.12,28.83;48.93,27.69;42.4,-49.53;
#1067:
>0:23.56,-103.09;27.97,-47.11;
#1068:
>0:51.93,47.86;51.8,41.09;49.66,33.86;35.69,-71.74;
#1069:
>0:55.3,-66.06;47.19,-10.31;55.71,38.37;53.98,61.62;
#1070:
>0:38.24,-105.91;43.31,-84.7;45.22,-21.03;
#1071:
>0:43.09,140.68;44.31,126.39;
#1072:
>0:33.3,14.99;28.34,42.02;
#1073:
>0:40.71,114.41;43.61,136.86;
#1074:
>0:28.52,48.9;33.44,48.76;
#1075:
>0:42.54,116.71;43.36,124.12;
#1076:
>0:48.1,-44.9;53.58,-88.78;
#1077:
>0:43.29,149.07;41.6,128.86;
#1078:
>0:41.52,-44.87;43.05,-0.03;53.23,40.09;
#1079:
>0:43.74,-101.52;42.16,-65.86;35.08,-35.52;
#1080:
>0:29.83,-16.21;31.83,-41.13;33.58,-104.15;46.57,-103.26;
#1081:
>0:26.04,-69.85;28.63,-31.68;31.26,3.36;29.82,45.33;32.83,118.88;
#1082:
>0:51.29,125.4;51.51,46.47;47.09,67.53;39.81,58.14;35.13,47.48;26.11,14.96;
#1083:
>0:39.69,115.99;41.29,150.51;
#1084:
>0:44.74,142.64;43.43,140.89;
#1085:
>0:25.66,103.6;26.07,123.84;
#1086:
>0:42.85,1.18;37.18,-4.39;
#1087:
>0:44.87,125.33;43.79,132.82;
#1088:
>0:46.26,119.6;49.89,54.68;42.68,44.58;38.77,121.04;27.06,64.24;
#1089:
>0:48.63,-31.65;47.32,-60.6;42.8,-116.94;30.98,-37.9;
#1090:
>0:45.29,71.29;50.14,20.06;
#1091:
>0:42.53,137.85;42.81,153.3;
#1092:
>0:45.27,131.84;44.85,138.63;
#1093:
>0:41.45,138.3;44.0,122.66;
#1094:
>0:42.98,59.97;38.85,95.08;35.81,45.73;25.8,41.2;
#1095:
>0:43.68,115.92;40.13,135.71;
#1096:
>0:27.67,-21.29;31.28,-32.96;39.1,-19.36;40.88,-28.73;44.81,-73.71;54.36,-1.45;
#1097:
>0:41.61,124.54;40.97,116.82;
#1098:
>0:26.2,-106.83;33.44,-50.81;
#1099:
>0:44.36,121.46;40.52,129.22;
#1100:
>0:39.84,115.19;43.26,130.51;
#1101:
>0:38.76,-70.22;32.4,-13.03;34.57,37.61;
#1102:
>0:25.41,17.45;33.07,-25.2;35.94,-24.32;33.53,-102.19;
#1103:
>0:46.14,47.92;44.03,7.12;36.2,-7.92;
#1104:
>0:44.0,132.45;43.0,146.81;
#1105:
>0:41.32,146.94;43.03,150.65;
#1106:
>0:28.89,-42.54;36.87,-95.98;
#1107:
>0:43.3,144.04;40.74,125.75;
#1108:
>0:42.71,126.17;42.07,126.46;
#1109:
>0:43.05,128.23;42.7,131.45;
#1110:
>0:44.42,139.36;41.17,142.13;
#1111:
>0:40.7,121.99;40.83,154.31;
#1112:
>0:42.71,151.23;41.09,123.31;
#1113:
>0:48.81,43.4;48.24,29.01;
#1114:
>0:34.59,-27.82;38.12,42.78;36.16,60.94;
#1115:
>0:52.72,61.53;52.91,5.7;39.46,-18.19;
#1116:
>0:51.27,84.48;45.06,29.4;40.59,-23.65;37.26,-55.99;30.93,-115.53;
#1117:
>0:41.86,72.37;42.12,4.6;48.04,36.76;40.94,-76.27;
#1118:
>0:42.01,128.16;40.73,115.44;
#1119:
>0:53.17,41.18;52.88,-24.19;
#1120:
>0:32.84,-60.91;38.51,-81.34;41.73,-66.11;
#1121:
>0:44.08,57.88;41.61,124.13;
#1122:
>0:25.56,10.18;33.17,-37.45;32.08,-52.05;25.87,-89.83;
#1123:
>0:35.39,-56.46;31.73,-20.4;33.83,-12.42;42.91,79.62;
#1124:
>0:32.19,-109.02;31.73,-101.53;
#1125:
>0:24.93,125.17;28.71,64.49;34.36,63.48;39.29,56.56;
#1126:
>0:32.08,-69.49;38.7,-11.41;38.76,13.04;47.98,-35.79;
#1127:
>0:23.73,-93.85;28.62,-72.98;32.99,-24.21;34.41,-31.93;42.02,45.15;
#1128:
>0:27.8,70.06;32.46,16.71;35.27,79.96;43.5,134.28;47.88,64.67;52.58,11.54;
#1129:
>0:34.66,35.31;43.56,-0.89;
#1130:
>0:44.12,146.55;45.21,154.57;
#1131:
>0:41.61,128.85;40.33,133.11;
#1132:
>0:43.82,134.78;40.3,136.69;
#1133:
>0:32.9,55.76;39.1,125.84;
#1134:
>0:55.45,-35.07;49.67,-56.24;40.42,-81.43;34.34,-56.46;31.74,-29.51;25.23,-29.03;
#1135:
>0:37.08,-9.3;37.99,-40.35;
#1136:
>0:31.83,126.3;31.81,93.24;
#1137:
>0:43.25,-1.24;34.25,-34.33;29.93,39.88;22.97,124.35;
#1138:
>0:43.82,141.32;41.47,139.52;
#1139:
>0:43.95,143.29;44.48,125.09;
#1140:
>0:25.97,70.69;30.39,25.06;37.16,-5.36;39.95,-19.29;46.48,-15.4;51.65,-88.04;
#1141:
>0:42.36,133.44;43.97,138.37;
#1142:
>0:43.88,131.88;41.14,155.55;
#1143:
>0:38.56,19.38;28.12,68.33;22.71,123.97;
#1144:
>0:46.06,59.89;42.41,7.18;49.64,33.16;45.15,-18.12;51.7,-103.3;
#1145:
>0:42.41,43.77;36.79,19.12;30.31,-27.06;30.29,-72.94;26.96,-114.33;
#1146:
>0:37.36,61.22;40.62,41.48;50.07,42.42;50.11,-59.56;
#1147:
>0:37.46,89.69;41.0,52.22;39.83,36.24;44.21,-24.5;
#1148:
>0:53.58,92.39;52.35,84.71;
#1149:
>0:44.68,151.89;43.2,121.74;
#1150:
>0:42.46,148.41;45.13,154.84;
#1151:
>0:44.08,151.34;43.8,134.41;
#1152:
>0:50.32,-110.65;54.51,-51.01;
#1153:
>0:44.52,122.46;40.44,122.92;
#1154:
>0:25.8,88.44;28.41,71.35;22.79,16.42;29.73,-25.53;30.85,-58.83;27.27,-82.36;
#1155:
>0:30.76,81.98;38.32,5.01;40.4,21.4;46.16,-1.71;52.06,-74.65;
#1156:
>0:44.2,131.35;40.15,119.97;
#1157:
>0:51.24,-76.99;50.02,-4.54;41.2,-71.24;44.08,-35.86;33.52,-29.09;23.7,53.41;
#1158:
>0:28.91,-65.05;30.47,-18.91;31.62,33.17;29.3,49.6;
#1159:
>0:55.83,123.93;51.89,70.88;54.94,16.87;41.28,-22.14;
#1160:
>0:32.4,-50.6;31.32,-17.4;30.65,7.09;33.11,79.27;
#1161:
>0:41.54,140.49;42.32,120.82;
#1162:
>0:25.29,-50.96;30.61,-57.69;34.45,-7.96;37.29,11.79;46.84,16.26;
#1163:
>0:54.29,32.49;49.28,20.37;49.23,59.87;38.96,47.04;
#1164:
>0:24.46,35.0;32.22,-26.31;36.18,13.22;
#1165:
>0:22.73,107.63;31.3,60.86;37.41,25.55;
#1166:
>0:22.5,-87.7;29.58,-83.94;37.29,-107.5;42.5,-89.65;49.37,-84.05;
#1167:
>0:30.36,80.12;35.92,103.97;
#1168:
>0:38.67,66.96;32.81,29.91;26.83,10.82;32.18,-64.54;
#1169:
>0:52.78,25.68;47.37,41.4;50.16,1.89;39.89,-94.56;
#1170:
>0:42.06,81.05;44.03,18.36;47.35,19.17;40.02,-64.69;
#1171:
>0:44.59,147.04;43.55,129.95;
#1172:
>0:43.66,125.73;41.04,131.77;
#1173:
>0:48.9,-56.33;43.43,-29.46;38.68,22.68;30.23,50.23;22.57,64.17;
#1174:
>0:39.71,-62.23;39.99,-4.48;54.69,33.86;
#1175:
>0:34.83,-35.22;34.02,-48.22;
#1176:
>0:39.68,147.06;43.34,124.61;
#1177:
>0:37.02,0.63;33.89,16.71;36.22,48.98;
#1178:
>0:55.57,-4.5;51.82,40.25;49.63,5.19;35.28,-8.37;
#1179:
>0:41.62,125.47;41.58,144.48;
#1180:
>0:42.62,135.08;39.67,146.24;
#1181:
>0:45.1,130.87;43.44,122.85;
#1182:
>0:47.01,23.79;41.07,-31.19;44.36,-65.88;
#1183:
>0:28.25,23.53;37.99,-22.03;38.2,-54.18;
#1184:
>0:52.23,-82.15;48.25,-103.22;42.4,-47.6;42.11,-38.24;32.24,-44.29;
#1185:
>0:37.84,0.71;35.14,6.79;35.44,69.87;
#1186:
>0:40.66,142.93;42.82,140.04;
#1187:
>0:44.38,70.02;34.86,25.29;32.3,-19.19;31.49,-45.0;26.2,-108.55;
#1188:
>0:52.32,-100.42;44.78,-61.59;39.63,0.35;39.62,36.93;
#1189:
>0:54.87,61.01;48.37,21.5;41.54,-18.29;36.12,-50.52;31.36,-102.27;
#1190:
>0:43.43,151.5;44.78,150.97;
#1191:
>0:49.16,125.52;47.73,81.85;39.17,69.16;32.26,93.41;
#1192:
>0:42.19,131.69;45.13,131.02;
#1193:
>0:32.69,109.88;29.41,90.48;
#1194:
>0:28.26,-2.43;30.13,-65.11;40.87,-68.54;
#1195:
>0:42.57,129.3;39.84,152.64;
#1196:
>0:41.75,135.25;44.83,142.46;
#1197:
>0:40.55,129.99;40.95,128.36;
#1198:
>0:33.97,39.46;41.75,30.6;49.26,-3.68;52.32,-81.79;
#1199:
>0:42.56,123.32;39.9,114.69;
#1200:
>0:41.02,143.63;44.02,153.89;
#1201:
>0:45.09,16.06;41.89,-39.01;35.87,-11.63;
#1202:
>0:45.0,-5.64;48.67,-70.91;41.32,-108.33;36.64,-78.77;25.13,-71.95;
#1203:
>0:33.25,94.35;30.94,109.35;
#1204:
>0:42.29,132.58;45.07,153.99;
#1205:
>0:31.65,-115.08;31.19,-39.88;38.52,-38.12;34.8,11.17;41.6,84.39;52.82,124.0;
#1206:
>0:43.93,145.0;41.66,147.43;
#1207:
>0:40.13,115.36;42.44,131.19;
#1208:
>0:31.92,-36.8;33.38,-78.88;35.37,-1.0;47.39,-23.88;
#1209:
>0:42.59,119.78;41.33,146.78;
#1210:
>0:29.24,-75.93;36.78,-35.48;35.6,42.03;44.08,45.67;54.73,96.94;
#1211:
>0:40.06,143.98;45.28,151.69;
#1212:
>0:27.67,66.6;25.08,22.13;23.04,-0.4;
#1213:
>0:41.37,124.35;40.83,145.32;
#1214:
>0:49.66,-70.54;51.77,-96.77;
#1215:
>0:44.58,154.96;41.48,147.41;
#1216:
>0:40.47,123.59;45.05,127.93;
#1217:
>0:44.64,130.9;39.52,124.07;
#1218:
>0:43.78,116.52;41.23,124.49;
#1219:
>0:47.7,16.86;44.82,61.41;41.77,51.7;28.71,102.44;
#1220:
>0:29.89,-17.07;35.46,18.1;
#1221:
>0:36.35,-104.29;35.72,-45.6;33.38,-53.25;36.16,-2.88;27.67,78.52;
#1222:
>0:38.76,-62.78;42.35,-15.25;45.68,-34.25;51.36,50.17;
#1223:
>0:41.39,117.77;40.3,131.43;
#1224:
>0:43.87,155.45;39.98,148.03;
#1225:
>0:34.27,99.75;43.97,75.05;43.61,38.27;46.42,-14.66;44.84,-73.67;48.07,-96.9;
#1226:
>0:47.31,-82.13;46.82,-121.38;
#1227:
>0:43.65,151.54;44.05,123.82;
#1228:
>0:44.47,119.92;42.71,154.22;
#1229:
>0:42.37,134.4;45.28,144.68;
#1230:
>0:40.88,148.93;45.0,116.51;
#1231:
>0:32.69,-67.01;38.33,-115.6;39.66,-105.33;49.18,-38.92;
#1232:
>0:39.79,152.62;43.52,148.04;
#1233:
>0:44.79,116.8;42.76,140.36;
#1234:
>0:33.12,-71.22;28.25,-2.0;
#1235:
>0:40.28,138.5;40.69,129.76;
#1236:
>0:43.36,115.61;45.15,134.96;
#1237:
>0:43.15,123.89;44.23,153.28;
#1238:
>0:50.28,35.11;46.32,-2.17;
#1239:
>0:33.56,-101.68;42.76,-105.01;42.73,-62.42;50.0,-5.68;52.51,35.11;41.33,126.5;
#1240:
>0:53.58,-47.97;51.86,-37.69;
#1241:
>0:28.22,117.31;31.17,107.51;
#1242:
>0:53.88,37.56;49.76,4.5;43.45,59.77;35.73,84.3;28.93,39.8;23.59,118.5;
#1243:
>0:49.07,42.5;44.41,-28.27;35.86,-56.86;28.24,-2.08;
#1244:
>0:40.17,145.23;40.07,134.77;
#1245:
>0:44.64,122.26;41.25,129.86;
#1246:
>0:43.83,-12.79;45.9,-29.66;49.18,-112.21;
#1247:
>0:41.65,77.09;42.98,32.46;49.58,1.27;
#1248:
>0:39.85,142.31;44.1,140.94;
#1249:
>0:24.79,42.53;30.16,-7.76;32.8,-57.77;38.93,-104.59;48.07,-56.47;
#1250:
>0:46.71,112.54;41.82,55.9;38.07,15.69;28.8,-30.92;27.65,-18.37;
#1251:
>0:46.85,-90.89;43.39,-94.59;35.33,-53.17;31.0,-112.84;
#1252:
>0:41.16,124.57;45.24,130.93;
#1253:
>0:45.78,-117.26;46.53,-45.66;48.18,-39.22;53.03,42.74;49.32,80.9;
#1254:
>0:43.89,124.91;41.53,124.81;
#1255:
>0:44.56,3.24;34.35,60.72;28.27,117.56;
#1256:
>0:28.71,-50.25;33.59,-2.03;35.81,39.01;42.06,52.74;45.05,125.78;
#1257:
>0:30.5,103.19;35.98,79.82;40.42,22.03;
#1258:
>0:34.79,-10.69;36.36,30.49;35.47,50.73;38.01,122.43;
#1259:
>0:36.78,-94.87;42.06,-95.19;49.47,-25.5;
#1260:
>0:54.37,67.29;50.89,97.54;
#1261:
>0:42.34,151.86;44.08,153.18;
#1262:
>0:39.67,143.28;40.82,135.98;
#1263:
>0:22.85,-117.24;31.56,-75.13;38.76,-13.93;36.59,25.66;40.33,63.75;39.82,137.32;
#1264:
>0:49.68,-99.62;42.09,-58.5;39.79,-19.17;38.1,-52.68;25.53,-10.99;
#1265:
>0:22.96,-42.96;28.2,-30.06;32.04,3.01;30.43,61.89;30.45,110.2;
#1266:
>0:47.53,-116.63;40.44,-65.23;41.36,-33.41;30.03,-1.32;
#1267:
>0:52.68,17.33;46.92,25.45;52.05,102.95;
#1268:
>0:41.71,154.73;41.84,129.65;
#1269:
>0:22.61,-23.9;33.3,30.28;36.33,54.44;43.27,131.6;48.93,77.38;
#1270:
>0:43.85,118.93;42.2,124.58;
#1271:
>0:44.96,-45.69;50.4,-90.37;
#1272:
>0:38.68,49.62;38.27,24.86;35.48,-36.62;
#1273:
>0:41.66,119.26;44.8,121.49;
#1274:
>0:22.44,76.2;31.05,40.18;33.86,8.12;40.48,78.76;46.14,18.23;
#1275:
>0:41.47,145.99;40.84,123.78;
#1276:
>0:44.28,129.16;41.38,136.71;
#1277:
>0:40.01,151.51;42.89,122.55;
#1278:
>0:40.01,136.45;42.71,121.65;
#1279:
>0:40.93,150.19;41.03,126.21;
#1280:
>0:38.13,-106.79;33.85,-55.0;43.37,-5.47;34.48,-30.11;24.53,54.8;
#1281:
>0:40.75,140.86;43.62,135.67;
#1282:
>0:44.81,114.48;43.85,120.55;
#1283:
>0:27.67,20.45;30.46,-11.69;28.08,-47.09;24.55,-100.63;
#1284:
>0:42.64,122.31;43.47,147.9;
#1285:
>0:33.64,102.71;42.0,54.16;41.93,37.06;50.34,22.89;38.08,-63.6;
#1286:
>0:44.25,153.31;42.55,140.8;
#1287:
>0:54.16,101.61;49.0,101.71;
#1288:
>0:44.24,13.82;39.05,44.09;28.53,114.4;
#1289:
>0:40.55,-55.17;42.51,-19.08;51.72,27.19;
#1290:
>0:42.52,143.67;44.21,135.75;
#1291:
>0:46.25,153.28;44.23,153.12;
#1292:
>0:41.64,116.16;44.65,148.78;
#1293:
>0:42.74,-14.53;49.98,-36.12;51.59,-114.42;
#1294:
>0:32.78,-15.61;28.01,-79.37;
#1295:
>0:55.02,-18.47;48.19,42.66;41.87,-14.87;35.16,26.64;
#1296:
>0:53.15,14.04;49.67,-23.24;43.09,-6.03;
#1297:
>0:40.19,140.86;41.0,140.93;
#1298:
>0:35.47,15.95;43.91,-10.14;48.68,-32.62;50.14,-94.41;
#1299:
>0:44.76,142.19;40.88,116.86;
#1300:
>0:43.5,148.68;39.94,116.19;
#1301:
>0:31.58,17.48;25.62,43.13;29.69,-0.05;31.62,-108.22;
#1302:
>0:29.64,64.75;28.48,114.82;
#1303:
>0:22.48,70.84;27.19,23.52;30.88,-7.26;32.16,-62.0;24.81,-101.23;
#1304:
>0:44.82,-41.87;43.17,-9.07;36.27,40.37;29.27,65.95;24.57,63.05;
#1305:
>0:40.99,60.5;39.32,39.26;47.99,-2.92;
#1306:
>0:29.59,-24.14;34.25,35.87;
#1307:
>0:40.81,139.41;39.8,120.73;
#1308:
>0:45.15,135.6;44.07,120.86;
#1309:
>0:47.79,-29.19;41.1,-59.76;37.96,-99.34;33.42,-104.88;26.58,-93.17;
#1310:
>0:44.39,150.94;42.0,151.12;
#1311:
>0:42.01,137.63;41.17,145.72;
#1312:
>0:40.99,143.02;41.49,125.33;
#1313:
>0:38.08,24.0;43.72,-17.98;47.48,-31.19;45.4,-95.75;
#1314:
>0:43.64,151.46;41.63,128.75;
#1315:
>0:45.75,-79.0;42.21,-4.86;38.92,1.76;28.41,32.33;23.4,29.69;
#1316:
>0:40.62,65.83;42.86,35.13;48.56,-4.71;54.21,-74.27;
#1317:
>0:43.25,119.07;44.11,134.13;
#1318:
>0:25.67,16.65;30.4,-30.22;35.53,-14.08;39.0,-99.11;
#1319:
>0:41.29,141.76;41.47,114.26;
#1320:
>0:43.31,133.49;42.68,140.26;
#1321:
>0:40.3,-66.55;46.31,-11.85;52.19,-15.85;
#1322:
>0:43.92,122.02;40.96,135.81;
#1323:
>0:43.24,39.26;34.52,44.79;29.28,119.19;
#1324:
>0:53.8,99.27;49.4,54.14;42.84,3.81;40.7,-5.27;
#1325:
>0:28.14,-1.78;32.61,-59.8;
#1326:
>0:32.28,-33.57;30.82,32.82;29.27,80.4;
#1327:
>0:41.89,119.38;41.52,141.37;
#1328:
>0:42.36,124.24;34.5,87.97;28.06,125.31;23.99,94.95;
#1329:
>0:43.19,148.34;42.57,137.13;
#1330:
>0:38.09,-57.84;28.44,-13.02;33.12,35.45;32.84,67.43;30.71,121.21;
#1331:
>0:51.11,25.14;47.12,19.73;52.27,96.16;
#1332:
>0:43.82,42.75;50.04,12.99;43.83,37.15;
#1333:
>0:41.55,136.44;42.15,150.94;
#1334:
>0:43.78,147.73;41.32,117.68;
#1335:
>0:44.21,119.21;42.07,144.16;
#1336:
>0:40.64,133.76;41.83,123.62;
#1337:
>0:40.43,117.7;44.1,118.97;
#1338:
>0:31.55,79.16;22.78,31.56;32.28,-28.22;33.1,-51.92;
#1339:
>0:44.78,125.46;40.12,153.91;
#1340:
>0:47.04,134.67;40.29,148.09;
#1341:
>0:52.23,-9.76;54.48,19.28;50.16,24.04;44.16,-22.77;33.96,-74.21;27.69,-30.1;
#1342:
>0:27.81,79.57;22.54,120.42;31.35,83.35;33.49,44.05;47.24,97.77;
#1343:
>0:50.76,114.2;51.03,57.27;47.31,64.28;40.72,53.13;29.02,5.39;
#1344:
>0:43.59,54.59;44.05,2.59;46.49,41.6;39.32,-51.73;
#1345:
>0:42.27,133.31;40.99,155.23;
#1346:
>0:50.02,72.51;53.42,47.97;54.95,-0.56;
#1347:
>0:23.53,16.67;24.02,42.7;
#1348:
>0:41.52,-54.54;41.15,-13.01;54.45,35.95;
#1349:
>0:39.79,134.09;45.27,124.72;
#1350:
>0:40.49,118.46;43.28,133.4;
#1351:
>0:41.37,-74.87;46.25,-16.67;52.54,-36.1;
#1352:
>0:42.86,-104.67;45.19,-99.45;
#1353:
>0:39.94,137.84;43.87,129.17;
#1354:
>0:39.97,124.23;42.7,122.17;
#1355:
>0:52.44,-8.92;45.59,-77.2;42.33,-121.03;38.91,-55.36;
#1356:
>0:44.92,141.18;45.24,157.94;
#1357:
>0:23.94,55.33;24.07,17.73;30.8,0.76;29.94,-48.33;26.45,-102.86;
#1358:
>0:26.35,93.77;31.04,66.31;26.9,42.67;31.23,-2.76;32.77,-50.02;27.29,-85.82;
#1359:
>0:36.06,-93.97;32.41,-64.96;35.67,-32.55;24.82,11.13;
#1360:
>0:28.84,-120.27;33.09,-62.84;33.86,-26.75;36.96,8.53;40.04,51.52;43.24,124.78;
#1361:
>0:47.09,42.15;41.86,-26.02;44.37,-74.89;
#1362:
>0:52.52,122.29;51.72,63.7;
#1363:
>0:42.45,136.52;41.58,153.88;
#1364:
>0:43.73,117.17;45.02,141.61;
#1365:
>0:25.08,-79.25;32.81,-68.21;38.67,-4.83;40.26,-13.61;48.96,-31.41;51.79,73.31;
#1366:
>0:53.19,-12.57;47.5,-80.05;
#1367:
>0:48.82,-44.73;43.28,-84.0;34.33,-114.54;30.63,-58.88;
#1368:
>0:55.08,54.92;47.32,46.34;
#1369:
>0:45.23,152.85;44.69,140.05;
#1370:
>0:42.82,116.35;42.3,134.48;
#1371:
>0:40.01,138.85;44.06,144.13;
#1372:
>0:24.6,-35.16;32.43,5.93;34.02,71.64;44.48,144.21;50.13,68.81;51.78,112.32;
#1373:
>0:42.56,120.59;44.48,132.79;
#1374:
>0:42.98,27.74;36.29,63.72;29.15,17.38;26.32,93.22;
#1375:
>0:55.41,-12.03;52.22,42.79;48.85,23.97;35.07,-24.55;
#1376:
>0:39.8,83.04;43.5,26.59;41.84,-37.34;
#1377:
>0:22.25,-42.8;30.2,-39.7;30.42,-27.06;43.3,1.4;
#1378:
>0:28.84,83.32;24.51,4.8;29.56,-21.89;23.65,-55.04;
#1379:
>0:44.77,133.74;41.96,122.52;
#1380:
>0:24.1,-73.68;30.6,-51.49;38.22,-8.03;41.52,-26.29;45.0,-27.52;55.07,-108.46;
#1381:
>0:40.43,-17.37;47.77,27.95;
#1382:
>0:44.3,149.28;39.79,133.44;
#1383:
>0:39.73,153.69;42.43,144.95;
#1384:
>0:24.63,117.0;30.97,54.5;37.3,66.8;43.42,125.59;46.49,73.89;
#1385:
>0:48.97,-113.74;42.34,-75.57;39.71,-30.18;33.52,-28.31;22.77,58.29;
#1386:
>0:44.06,128.18;44.62,135.11;
#1387:
>0:51.03,-122.27;50.03,-107.14;
#1388:
>0:34.98,61.58;40.27,141.48;47.99,76.57;51.65,37.83;
#1389:
>0:42.95,149.64;43.14,120.01;
#1390:
>0:49.86,38.31;39.84,77.39;52.19,96.34;
#1391:
>0:41.78,119.66;41.62,121.07;
#1392:
>0:43.92,140.29;43.67,114.9;
#1393:
>0:53.13,54.79;50.06,68.12;
#1394:
>0:37.44,-119.3;39.01,-73.81;44.05,-51.16;49.13,-25.5;52.87,38.44;41.87,148.3;
#1395:
>0:50.9,-74.88;54.67,-61.67;
#1396:
>0:44.82,97.71;44.32,45.91;36.29,19.41;31.56,-38.35;38.53,-21.6;32.91,-96.55;
#1397:
>0:45.22,121.36;43.76,123.33;
#1398:
>0:40.35,124.39;39.76,131.54;
#1399:
>0:41.97,154.82;44.72,123.9;
#1400:
>0:40.66,144.27;41.58,142.03;
#1401:
>0:25.32,-95.02;27.94,-103.15;30.85,-68.29;36.8,-20.34;37.54,60.15;
#1402:
>0:29.5,-1.74;37.94,1.46;39.2,-22.32;49.89,-86.62;
#1403:
>0:33.8,-82.61;27.9,-64.68;36.12,-31.6;22.32,15.81;
#1404:
>0:43.58,130.29;44.04,115.21;
#1405:
>0:40.76,133.13;42.56,132.0;
#1406:
>0:41.07,139.22;44.3,144.89;
#1407:
>0:44.95,98.15;49.83,80.51;41.49,70.33;32.79,114.75;
#1408:
>0:52.34,4.35;52.48,44.33;45.54,46.22;37.16,71.61;
#1409:
>0:53.73,-103.0;51.97,-120.8;
#1410:
>0:40.64,119.69;39.94,120.41;
#1411:
>0:31.81,101.5;31.18,96.92;
#1412:
>0:39.79,128.28;40.14,120.68;
#1413:
>0:45.01,132.28;41.99,144.41;
#1414:
>0:28.0,91.13;31.5,73.9;23.51,4.52;32.24,-30.62;29.38,-41.81;27.52,-116.36;
#1415:
>0:48.12,-56.35;40.66,-113.31;37.6,-62.79;31.18,-42.48;27.45,-119.86;
#1416:
>0:40.04,151.07;44.95,148.37;
#1417:
>0:43.8,143.28;41.34,149.9;
#1418:
>0:54.26,64.63;48.07,16.6;44.0,-29.31;36.87,-3.91;28.0,-94.1;
#1419:
>0:36.6,-61.8;39.17,-67.95;47.4,-3.27;51.81,-0.96;
#1420:
>0:41.74,126.07;43.51,116.26;
#1421:
>0:44.11,135.53;48.51,137.84;
#1422:
>0:30.27,97.46;29.97,90.29;
#1423:
>0:43.03,136.44;43.92,121.88;
#1424:
>0:44.29,-10.77;43.67,-57.82;
#1425:
>0:43.12,115.7;40.39,141.92;
#1426:
>0:50.87,24.56;49.85,-37.35;41.16,-28.55;
#1427:
>0:34.54,-69.99;32.68,-1.6;30.41,4.7;31.7,53.51;28.1,87.1;
#1428:
>0:25.1,-39.26;26.27,-7.61;
#1429:
>0:42.23,117.35;41.48,149.34;
#1430:
>0:33.18,-85.24;34.25,-89.34;41.88,-83.33;50.12,-64.33;55.21,-50.82;
#1431:
>0:42.94,129.26;44.04,121.07;
#1432:
>0:37.23,74.87;32.7,42.29;24.64,34.17;29.11,-53.62;
#1433:
>0:43.93,119.78;44.46,116.71;
#1434:
>0:44.57,140.63;40.67,124.37;
#1435:
>0:32.69,98.94;36.56,106.83;
#1436:
>0:36.22,-2.84;32.14,-27.55;
#1437:
>0:41.68,117.64;41.64,135.99;
#1438:
>0:29.62,3.3;27.61,40.59;29.04,-3.8;30.66,-82.27;
#1439:
>0:49.94,-95.66;49.11,-88.83;
#1440:
>0:42.32,-27.32;34.09,-17.21;40.85,79.57;
#1441:
>0:45.77,119.73;52.76,108.79;53.32,49.03;53.07,14.78;45.7,-43.58;
#1442:
>0:44.65,9.65;36.99,63.78;29.42,9.28;26.83,106.06;
#1443:
>0:22.52,-38.9;29.91,-54.3;
#1444:
>0:53.16,-121.25;44.89,-45.62;44.19,-22.95;43.21,43.26;
#1445:
>0:48.6,116.48;39.16,75.32;
#1446:
>0:23.57,-122.0;28.11,-56.58;
#1447:
>0:45.12,126.53;41.47,120.49;
#1448:
>0:30.9,-100.29;28.63,-50.04;31.39,-8.94;33.94,-3.1;43.85,59.0;
#1449:
>0:42.85,133.86;42.97,149.6;
#1450:
>0:42.9,123.17;43.89,148.28;
#1451:
>0:44.58,123.28;41.03,130.56;
#1452:
>0:43.51,150.74;42.92,137.75;
#1453:
>0:43.31,127.72;43.58,134.91;
#1454:
>0:41.72,130.17;41.36,144.68;
#1455:
>0:30.69,125.68;38.66,46.83;39.27,23.46;40.97,-12.22;
#1456:
>0:45.02,128.09;48.34,92.25;
#1457:
>0:44.35,147.33;42.33,121.71;
#1458:
>0:34.17,-35.96;42.58,-42.56;50.06,-22.17;55.66,-120.34;
#1459:
>0:38.0,12.39;32.11,-26.12;25.81,-19.31;
#1460:
>0:52.69,-87.1;45.69,-115.77;44.19,-79.1;46.01,-10.23;46.06,47.88;
#1461:
>0:29.13,44.87;37.11,66.66;45.25,126.86;46.91,65.16;
#1462:
>0:41.8,131.99;42.41,123.77;
#1463:
>0:44.18,130.17;42.71,153.77;
#1464:
>0:31.4,50.06;35.94,4.6;40.32,-8.2;49.91,-19.49;53.25,-70.46;
#1465:
>0:32.37,83.25;35.01,112.71;39.93,68.82;41.01,8.71;55.25,35.69;
#1466:
>0:42.76,144.34;40.62,130.05;
#1467:
>0:43.95,155.42;41.33,149.92;
#1468:
>0:47.76,-103.79;46.51,-52.2;47.11,-11.72;45.1,4.48;
#1469:
>0:40.55,115.36;41.79,141.06;
#1470:
>0:50.25,-83.26;46.26,-112.27;
#1471:
>0:42.64,62.0;37.56,38.1;28.34,-33.67;28.56,-66.93;23.13,-82.71;
#1472:
>0:42.42,123.0;40.94,149.62;
#1473:
>0:42.73,149.41;40.35,155.22;
#1474:
>0:29.92,-53.54;32.28,-37.91;34.41,-37.46;44.38,57.69;
#1475:
>0:30.19,95.25;28.43,99.89;
#1476:
>0:41.6,126.94;43.92,116.04;
#1477:
>0:53.1,53.27;52.3,23.02;49.76,6.03;39.83,-30.16;34.72,-13.81;25.14,-66.03;
#1478:
>0:29.74,-99.2;35.71,-47.95;
#1479:
>0:49.98,3.34;45.52,-8.92;
#1480:
>0:41.82,-111.64;38.97,-68.64;32.46,-30.21;26.15,19.26;
#1481:
>0:40.65,126.26;40.68,133.32;
#1482:
>0:40.38,116.22;42.83,151.82;
#1483:
>0:42.85,152.44;41.85,121.11;
#1484:
>0:42.74,131.13;43.4,115.41;
#1485:
>0:41.56,120.1;43.72,129.79;
#1486:
>0:40.7,144.24;40.69,122.11;
#1487:
>0:40.71,126.6;44.3,126.63;
#1488:
>0:42.52,114.62;40.29,127.66;
#1489:
>0:44.47,133.96;43.63,144.35;
#1490:
>0:42.75,131.33;42.35,125.3;
#1491:
>0:41.62,118.03;39.76,146.37;
#1492:
>0:47.45,-79.71;40.98,-7.58;33.78,-14.12;31.73,13.15;24.32,9.45;
#1493:
>0:48.84,-112.76;48.96,-116.69;
#1494:
>0:39.35,11.04;41.94,13.66;
#1495:
>0:40.35,132.14;44.71,138.47;
#1496:
>0:37.95,-43.1;31.04,-7.81;30.91,9.94;30.26,48.83;32.04,94.61;
#1497:
>0:55.61,-71.54;48.24,-24.93;40.23,14.89;
#1498:
>0:33.14,120.73;28.05,122.23;
#1499:
>0:43.62,129.79;42.16,120.54;
#1500:
>0:42.74,125.97;44.6,128.96;
#1501:
>0:51.14,-102.12;47.81,-64.74;
#1502:
>0:41.5,-35.58;39.25,-40.21;
#1503:
>0:51.13,44.51;52.45,14.58;45.76,9.28;39.54,-3.93;35.93,-75.73;24.93,-61.0;
#1504:
>0:44.82,-104.84;42.32,-77.49;41.2,-9.44;34.84,-16.39;35.01,15.8;45.77,105.94;
#1505:
>0:25.51,7.77;30.62,-9.08;38.25,-30.55;44.69,-40.78;50.28,1.09;51.44,-29.61;
#1506:
>0:49.38,96.84;40.88,73.96;35.91,2.88;28.15,-35.58;26.94,-45.94;
#1507:
>0:29.06,-75.26;36.61,-109.1;
#1508:
>0:43.4,118.73;43.38,138.69;
#1509:
>0:41.57,-71.96;47.51,-108.48;
#1510:
>0:44.22,153.61;39.84,123.46;
#1511:
>0:43.38,134.89;42.28,121.29;
#1512:
>0:40.41,-114.56;33.82,-52.86;30.48,-41.8;36.33,-22.18;36.34,47.49;
#1513:
>0:43.34,132.85;43.92,145.5;
#1514:
>0:30.26,18.68;24.76,-24.82;
#1515:
>0:43.73,-98.26;36.3,-41.83;28.8,-14.89;23.11,22.04;
#1516:
>0:43.42,149.33;43.35,147.42;
#1517:
>0:45.19,-75.67;39.82,-3.84;
#1518:
>0:23.99,56.02;29.87,33.62;35.8,39.47;44.08,47.78;46.81,24.76;
#1519:
>0:48.98,-54.2;50.92,-105.08;
#1520:
>0:51.35,26.33;46.76,66.08;53.79,120.68;
#1521:
>0:25.43,106.47;30.44,58.95;27.68,4.78;27.24,-37.41;
#1522:
>0:39.99,127.79;41.94,140.12;
#1523:
>0:44.06,139.04;43.14,142.17;
#1524:
>0:44.1,149.63;41.09,131.58;
#1525:
>0:34.16,79.28;38.32,10.15;35.83,-34.46;
#1526:
>0:43.37,115.74;40.45,123.64;
#1527:
>0:29.91,-84.37;36.82,-86.4;41.01,-84.5;47.91,-40.48;54.98,35.85;
#1528:
>0:42.62,152.48;43.14,120.88;
#1529:
>0:25.24,-32.35;29.36,-45.0;
#1530:
>0:35.11,-66.31;33.18,-51.0;27.0,-58.73;
#1531:
>0:41.8,151.41;40.6,131.42;
#1532:
>0:55.75,-20.66;52.45,-4.88;
#1533:
>0:40.72,114.27;43.9,134.7;
#1534:
>0:43.59,151.63;43.49,140.69;
#1535:
>0:44.91,63.31;41.92,13.85;44.99,17.46;48.91,-28.46;45.78,-90.01;
#1536:
>0:55.0,-33.03;53.5,4.69;46.06,32.94;44.21,68.95;30.08,106.08;
#1537:
>0:36.32,-5.47;30.5,43.63;38.16,49.88;45.22,124.97;
#1538:
>0:43.81,-49.13;45.29,-121.52;
#1539:
>0:50.87,-117.16;44.94,-115.28;42.46,-116.17;
#1540:
>0:23.79,-108.0;31.47,-71.96;38.37,-12.53;27.35,26.3;
#1541:
>0:44.94,146.25;42.21,134.12;
#1542:
>0:42.74,120.69;43.76,118.87;
#1543:
>0:36.06,125.05;38.91,76.04;30.93,18.29;25.34,26.8;23.29,-67.59;
#1544:
>0:41.06,28.46;35.97,73.25;32.62,115.73;
#1545:
>0:35.7,-24.68;41.49,-32.39;35.3,-97.4;
#1546:
>0:28.44,-72.64;31.79,-22.68;
#1547:
>0:46.67,-21.28;53.87,-40.37;51.22,-83.02;
#1548:
>0:41.21,121.79;41.92,120.29;
#1549:
>0:41.99,-4.69;45.16,-25.1;49.28,-91.15;
#1550:
>0:51.31,100.46;47.48,59.89;42.76,8.86;36.36,-20.12;
#1551:
>0:29.43,7.26;26.18,3.18;24.95,-47.22;
#1552:
>0:46.96,-37.44;45.32,-67.95;38.56,-61.18;
#1553:
>0:39.97,125.14;44.66,130.63;
#1554:
>0:44.6,138.44;42.24,117.14;
#1555:
>0:44.49,127.62;41.82,150.13;
#1556:
>0:35.42,-120.31;37.47,-87.88;
#1557:
>0:40.44,150.79;44.86,148.39;
#1558:
>0:24.84,75.29;26.39,110.4;29.39,47.9;41.9,117.46;
#1559:
>0:45.25,133.61;48.3,114.15;
#1560:
>0:42.09,150.83;40.18,118.64;
#1561:
>0:37.99,-79.59;41.06,-25.66;50.02,-0.6;54.05,-117.54;
#1562:
>0:41.79,118.16;41.06,132.27;
#1563:
>0:27.14,11.92;30.93,-8.32;35.4,-26.56;40.63,-58.36;48.26,-67.96;
#1564:
>0:51.78,-45.23;53.27,-17.76;46.34,-70.7;42.36,-105.95;28.56,-30.91;
#1565:
>0:44.89,41.31;39.58,-34.2;41.93,-41.08;
#1566:
>0:29.76,57.44;36.69,121.29;39.1,62.28;49.38,48.6;
#1567:
>0:53.68,-25.13;53.67,12.43;48.02,36.06;36.78,63.41;
#1568:
>0:41.21,137.49;39.8,133.87;
#1569:
>0:25.33,-41.79;31.88,-73.69;33.19,42.98;
#1570:
>0:44.11,119.14;50.16,78.69;42.67,39.25;48.26,40.04;40.44,-79.02;
#1571:
>0:41.29,150.04;45.0,153.9;
#1572:
>0:50.31,-112.61;39.8,-65.42;44.16,-27.1;28.82,-1.49;
#1573:
>0:28.05,-49.32;32.93,-5.36;30.25,36.92;29.5,45.19;
#1574:
>0:32.76,-43.91;31.31,-4.09;33.91,-31.83;42.53,60.37;
#1575:
>0:40.4,129.37;42.53,120.53;
#1576:
>0:33.33,-65.31;29.97,-15.48;35.33,-5.68;44.16,59.24;
#1577:
>0:42.78,117.27;41.89,149.54;
#1578:
>0:43.06,127.31;41.14,119.59;
#1579:
>0:44.32,-12.43;41.41,-75.26;
#1580:
>0:36.26,51.43;35.17,4.81;36.66,-16.55;
#1581:
>0:54.9,-0.13;54.7,13.76;49.74,70.63;44.09,75.25;33.35,13.66;
#1582:
>0:39.05,-14.04;39.96,-53.93;42.79,0.37;53.25,-107.2;
#1583:
>0:43.49,114.36;43.78,122.08;
#1584:
>0:43.91,135.85;41.72,114.86;
#1585:
>0:25.71,97.85;32.78,61.65;24.71,40.29;26.0,-2.69;
#1586:
>0:46.57,96.59;49.28,49.4;43.61,25.39;45.17,-15.94;50.59,-72.21;
#1587:
>0:42.47,125.25;42.76,148.66;
#1588:
>0:52.63,61.55;53.15,25.38;45.21,8.45;39.3,-47.31;
#1589:
>0:29.92,22.42;38.19,-26.14;40.34,-7.61;49.91,-12.69;55.67,-62.59;
#1590:
>0:40.33,149.81;41.65,133.32;
#1591:
>0:51.33,102.87;51.54,47.71;50.32,47.47;40.07,56.4;30.82,41.7;
#1592:
>0:49.62,-37.81;41.96,30.03;35.56,64.37;29.02,46.3;
#1593:
>0:30.38,93.02;29.44,71.28;40.04,147.93;
#1594:
>0:54.59,-77.23;50.29,-31.32;43.39,35.61;37.72,83.96;
#1595:
>0:54.62,103.24;45.83,106.69;
#1596:
>0:44.65,129.94;40.68,152.46;
#1597:
>0:26.5,-65.77;29.19,-62.05;34.12,-30.1;43.66,-68.61;49.03,-34.72;55.36,-108.78;
#1598:
>0:47.18,33.74;44.06,52.0;34.33,103.66;30.01,108.29;23.8,27.53;
#1599:
>0:45.03,138.38;40.77,115.26;
#1600:
>0:45.47,14.52;45.85,48.16;53.07,101.32;
#1601:
>0:55.61,-114.83;48.05,-95.51;47.28,-64.2;42.95,-88.38;30.32,-39.87;
#1602:
>0:40.52,138.79;41.32,138.36;
#1603:
>0:38.8,-93.36;40.45,-116.5;44.91,-76.68;46.98,-14.4;50.92,10.9;41.97,116.79;
#1604:
>0:43.12,77.86;39.23,43.64;49.97,43.66;44.25,-77.05;
#1605:
>0:23.84,-94.43;28.27,-77.17;36.68,-24.54;23.61,37.47;
#1606:
>0:48.01,-118.53;40.54,-45.08;43.78,-4.11;31.05,2.08;
#1607:
>0:34.53,63.96;39.62,2.37;50.16,-1.85;
#1608:
>0:37.24,44.77;38.48,37.21;37.8,-12.3;
#1609:
>0:40.37,151.95;42.31,117.86;
#1610:
>0:41.96,141.0;45.04,132.4;
#1611:
>0:52.93,-0.3;54.16,-20.76;
#1612:
>0:32.38,126.11;30.15,118.3;
#1613:
>0:47.76,-107.2;42.12,-41.36;41.4,-37.73;34.39,-3.21;24.22,47.94;
#1614:
>0:44.7,116.39;40.11,153.06;
#1615:
>0:40.57,141.88;43.36,127.42;
#1616:
>0:38.44,-72.12;40.79,-50.34;45.26,-16.35;53.08,62.95;
#1617:
>0:44.91,-120.37;40.9,-61.47;34.75,-35.29;30.2,26.34;28.92,72.44;
#1618:
>0:38.43,-106.09;40.01,-110.25;48.07,-98.75;
#1619:
>0:40.98,-65.42;43.15,0.91;53.24,8.2;
#1620:
>0:31.93,-109.28;32.84,-58.33;35.9,-35.19;40.95,-48.77;52.66,42.01;
#1621:
>0:43.12,-27.18;34.9,-28.73;43.35,44.81;
#1622:
>0:40.71,121.91;42.91,131.26;
#1623:
>0:31.08,34.86;34.87,-23.93;40.12,-7.82;46.16,-14.66;51.46,-45.05;
#1624:
>0:40.46,140.82;42.7,153.39;
#1625:
>0:40.96,134.08;48.52,146.92;
#1626:
>0:43.71,150.54;48.18,100.76;49.03,57.52;40.76,6.8;46.5,-16.2;44.58,-96.7;
#1627:
>0:29.5,83.77;34.41,51.61;40.31,149.54;45.83,116.48;53.21,62.51;
#1628:
>0:36.07,-32.42;38.13,14.44;35.19,85.09;
#1629:
>0:41.85,-45.22;38.21,-89.82;30.72,-104.45;
#1630:
>0:42.66,137.86;43.16,123.76;
#1631:
>0:31.51,71.77;38.86,21.51;40.79,-12.28;49.09,-31.11;46.51,-115.28;
#1632:
>0:44.88,117.95;40.81,128.82;
#1633:
>0:43.94,120.07;44.18,141.98;
#1634:
>0:49.1,-85.86;54.04,-69.94;44.77,1.41;53.57,2.87;46.02,58.17;
#1635:
>0:43.63,30.92;40.38,-13.67;
#1636:
>0:47.57,55.96;54.33,49.05;54.38,-4.89;
#1637:
>0:40.47,140.75;42.41,132.36;
#1638:
>0:44.99,140.21;42.14,135.83;
#1639:
>0:47.93,-19.0;44.69,41.21;
#1640:
>0:44.79,19.96;46.39,80.64;39.71,46.34;28.44,12.56;
#1641:
>0:53.51,-1.59;52.99,21.07;48.65,11.39;44.1,53.46;27.89,116.69;
#1642:
>0:42.78,130.7;45.07,144.89;
#1643:
>0:40.69,149.86;40.28,130.05;
#1644:
>0:43.85,155.6;44.72,133.14;
#1645:
>0:42.79,-4.24;48.04,26.32;
#1646:
>0:34.38,-32.33;34.61,-67.37;
#1647:
>0:41.53,138.08;42.24,140.41;
#1648:
>0:30.32,-60.22;28.0,-5.17;33.47,29.77;27.87,77.47;
#1649:
>0:40.45,145.42;42.46,124.82;
#1650:
>0:40.47,128.66;43.65,146.91;
#1651:
>0:41.52,137.97;41.09,114.8;
#1652:
>0:52.57,126.45;45.93,53.58;51.06,79.85;55.92,-27.87;
#1653:
>0:45.2,150.59;40.97,153.04;
#1654:
>0:42.86,119.2;43.15,122.73;
#1655:
>0:29.95,106.04;29.69,94.31;
#1656:
>0:31.49,-24.68;29.58,-39.64;36.64,-115.05;46.58,-118.37;
#1657:
>0:43.48,124.82;44.13,128.33;
#1658:
>0:40.56,119.9;44.17,150.45;
#1659:
>0:49.75,82.98;46.77,73.21;
#1660:
>0:53.28,18.51;49.41,43.12;39.89,19.9;
#1661:
>0:41.38,133.64;40.67,123.22;
#1662:
>0:52.03,40.89;47.37,29.87;48.18,82.08;39.83,50.66;31.88,71.95;
#1663:
>0:41.67,0.15;34.41,-11.29;42.74,73.27;
#1664:
>0:36.26,-17.73;36.54,7.65;49.99,36.53;
#1665:
>0:54.94,-17.52;49.65,-44.7;41.25,-101.55;
#1666:
>0:42.07,-29.29;47.77,-0.49;
#1667:
>0:39.83,-37.17;44.01,-74.91;
#1668:
>0:48.78,-96.8;44.84,-109.58;
#1669:
>0:40.72,135.95;39.97,132.31;
#1670:
>0:45.11,152.65;43.29,127.11;
#1671:
>0:36.73,-51.62;44.22,-30.77;49.47,-20.31;53.85,-107.42;
#1672:
>0:27.02,92.92;28.01,44.52;26.42,12.25;29.76,-19.14;30.52,-77.22;25.01,-121.61;
#1673:
>0:23.99,29.57;24.29,5.84;
#1674:
>0:33.7,-73.93;40.85,-9.27;
#1675:
>0:28.43,-59.97;37.56,-114.61;42.27,-109.62;47.52,-17.25;
#1676:
>0:40.1,144.93;42.26,146.38;
#1677:
>0:36.87,55.14;39.66,32.38;47.18,-21.69;
#1678:
>0:43.42,150.42;41.43,138.03;
#1679:
>0:44.72,128.17;44.43,155.44;
#1680:
>0:30.15,14.57;25.04,7.29;31.6,1.66;32.59,-90.64;
#1681:
>0:40.45,131.19;36.0,69.39;31.29,20.42;23.03,15.18;32.56,-66.28;
#1682:
>0:40.56,132.43;43.67,129.48;
#1683:
>0:44.23,119.74;44.16,152.62;
#1684:
>0:41.11,114.72;43.56,148.6;
#1685:
>0:33.26,-82.71;34.72,-91.24;39.5,-114.69;48.52,-43.53;50.81,33.79;
#1686:
>0:45.29,129.89;44.13,114.28;
#1687:
>0:27.35,-5.9;26.72,37.88;26.28,79.69;
#1688:
>0:41.6,122.69;41.68,129.7;
#1689:
>0:40.72,16.56;47.69,14.44;54.19,47.93;
#1690:
>0:43.68,134.22;42.87,150.79;
#1691:
>0:42.88,-14.37;46.69,38.3;
#1692:
>0:23.72,81.7;22.74,92.82;30.89,79.17;35.98,59.06;46.2,104.35;
#1693:
>0:22.79,-72.56;28.11,-72.35;29.92,12.07;
#1694:
>0:51.14,-12.74;51.46,16.35;48.79,70.49;
#1695:
>0:45.17,125.12;41.42,121.09;
#1696:
>0:26.21,-27.97;26.56,12.57;28.49,41.61;24.88,119.8;
#1697:
>0:28.55,-85.47;27.81,-81.59;30.23,-56.05;38.83,-38.73;27.99,3.97;23.2,106.62;
#1698:
>0:45.12,139.42;43.99,144.55;
#1699:
>0:41.03,17.73;34.95,53.35;32.28,111.51;
#1700:
>0:47.3,111.61;43.51,54.98;37.22,3.2;32.61,-3.43;23.24,-10.09;
#1701:
>0:27.94,-97.1;35.61,-107.04;43.41,-41.0;
#1702:
>0:44.89,127.33;39.83,122.19;
#1703:
>0:43.66,124.94;34.11,56.86;31.89,73.09;23.1,71.37;
#1704:
>0:45.29,131.16;39.87,132.7;
#1705:
>0:42.21,119.44;43.48,130.24;
#1706:
>0:32.04,47.08;34.39,17.12;42.88,-10.43;
#1707:
>0:37.34,-30.83;43.68,-78.11;45.81,-38.78;55.94,-118.3;
#1708:
>0:55.29,115.08;51.66,58.73;48.94,47.65;41.45,77.22;34.66,74.0;25.45,29.82;
#1709:
>0:46.79,109.91;49.36,52.66;
#1710:
>0:28.55,76.23;34.99,15.8;44.5,32.95;47.41,-27.45;45.64,-119.35;
#1711:
>0:32.81,-8.94;36.83,9.0;
#1712:
>0:41.51,139.47;43.96,122.05;
#1713:
>0:49.89,-71.36;51.04,-93.36;
#1714:
>0:36.57,-84.3;33.56,-48.73;32.35,-6.41;34.08,-29.25;34.71,19.62;33.61,117.06;
#1715:
>0:42.97,151.85;42.26,125.87;
#1716:
>0:42.41,146.95;41.3,135.96;
#1717:
>0:39.11,54.86;36.14,10.55;28.54,-34.1;31.88,-78.36;25.78,-119.66;
#1718:
>0:37.74,-86.24;44.18,-89.3;41.71,-57.01;45.07,-25.75;52.34,15.59;43.05,135.58;
#1719:
>0:39.8,155.26;41.72,125.75;
#1720:
>0:25.97,82.09;32.55,23.35;36.02,14.66;
#1721:
>0:23.84,72.61;31.08,42.26;38.45,74.12;40.75,122.1;45.4,83.47;55.08,18.69;
#1722:
>0:24.35,71.26;28.8,15.44;33.89,9.67;42.28,68.99;49.65,31.24;
#1723:
>0:48.14,147.92;40.01,125.36;
#1724:
>0:48.92,-109.12;43.82,-57.41;48.13,-14.39;55.03,42.72;49.19,44.86;
#1725:
>0:47.95,98.43;49.4,59.14;43.52,63.1;34.63,64.4;26.83,84.25;
#1726:
>0:41.58,71.76;34.66,37.1;36.18,-38.4;
#1727:
>0:39.89,118.69;44.93,149.68;
#1728:
>0:49.81,29.23;44.23,-18.3;36.27,-33.35;30.16,-3.47;
#1729:
>0:25.46,-23.99;27.93,33.01;36.15,84.54;44.74,142.93;46.15,112.51;51.9,124.25;
#1730:
>0:40.29,128.74;44.36,116.15;
#1731:
>0:38.46,63.91;35.72,22.98;38.45,-37.9;
#1732:
>0:42.46,152.93;44.46,117.04;
#1733:
>0:44.57,123.55;44.54,151.13;
#1734:
>0:44.21,19.21;42.06,37.91;
#1735:
>0:48.0,-115.58;49.34,-48.97;
#1736:
>0:41.84,140.43;42.53,148.47;
#1737:
>0:42.54,121.85;42.21,145.51;
#1738:
>0:43.5,139.51;43.89,124.71;
#1739:
>0:39.68,120.23;42.53,129.84;
#1740:
>0:42.7,138.58;41.02,118.75;
#1741:
>0:39.91,149.33;40.43,151.58;
#1742:
>0:31.55,81.43;38.25,30.44;44.04,-18.72;49.28,-37.92;53.1,-76.6;
#1743:
>0:25.31,-58.17;27.93,-14.47;27.9,23.1;29.74,69.42;32.03,105.22;
#1744:
>0:40.1,129.32;44.5,129.99;
#1745:
>0:44.21,129.57;41.76,147.39;
#1746:
>0:51.98,21.17;46.3,30.77;41.06,40.11;
#1747:
>0:22.56,-73.83;28.31,-54.4;36.89,-2.9;36.84,35.1;48.17,5.1;
#1748:
>0:28.88,99.55;27.14,51.39;23.27,3.67;31.73,-4.11;29.8,-58.04;23.1,-94.93;
#1749:
>0:30.73,121.85;29.43,104.45;
#1750:
>0:50.48,29.98;50.05,34.24;52.91,123.41;
#1751:
>0:30.21,-12.01;34.18,-35.44;34.8,25.12;49.38,102.65;
#1752:
>0:33.42,78.42;38.54,97.74;34.0,84.28;49.94,59.86;
#1753:
>0:46.82,-89.81;39.76,-63.5;40.43,-5.36;36.48,-64.89;23.87,-15.55;
#1754:
>0:45.25,121.52;46.89,46.05;39.58,43.38;48.88,11.62;39.94,-59.64;
#1755:
>0:49.49,-84.01;39.42,-50.58;39.37,-9.12;35.56,-6.07;24.89,76.75;
#1756:
>0:45.65,-83.54;48.01,-113.93;
#1757:
>0:52.79,80.71;52.75,17.81;48.08,38.63;44.32,-8.73;39.0,-31.89;25.57,-27.34;
#1758:
>0:41.4,132.97;45.22,121.37;
#1759:
>0:53.73,122.41;47.29,46.29;51.03,48.73;55.36,-16.77;
#1760:
>0:40.82,119.3;45.09,134.31;
#1761:
>0:33.19,88.66;32.74,124.62;
#1762:
>0:45.1,121.25;43.82,134.47;
#1763:
>0:41.3,148.64;45.17,140.21;
#1764:
>0:52.13,-32.39;50.77,8.11;49.98,18.87;36.06,-25.94;
#1765:
>0:40.16,-84.22;39.4,-43.04;
#1766:
>0:41.03,19.99;37.16,0.91;29.62,-51.65;22.25,-76.2;
#1767:
>0:22.31,-92.5;31.31,-119.0;31.63,-67.82;34.22,-98.57;40.03,-117.62;53.56,-70.0;
#1768:
>0:26.08,-32.47;30.49,-48.16;37.62,-75.44;
#1769:
>0:29.42,86.27;32.97,106.08;
#1770:
>0:51.81,-90.54;46.61,-111.7;44.94,-72.58;35.78,-107.71;
#1771:
>0:27.95,116.04;29.32,86.12;
#1772:
>0:40.04,133.0;39.77,149.36;
#1773:
>0:45.33,145.43;41.51,150.65;
#1774:
>0:29.05,111.75;28.39,95.81;
#1775:
>0:40.17,129.1;45.22,151.83;
#1776:
>0:41.83,125.82;42.98,155.37;
#1777:
>0:40.42,131.09;41.03,119.92;
#1778:
>0:41.06,154.21;43.7,123.82;
#1779:
>0:40.61,149.65;43.2,115.15;
#1780:
>0:32.85,-111.48;25.61,-84.73;29.92,-44.66;35.2,-14.1;22.61,53.32;
#1781:
>0:36.46,117.08;37.88,60.92;29.65,33.03;32.87,-12.47;
#1782:
>0:46.49,48.15;45.52,26.18;
#1783:
>0:40.0,118.72;42.63,143.81;
#1784:
>0:47.77,-117.12;49.38,-91.89;
#1785:
>0:45.59,15.57;42.64,-16.51;41.98,-78.39;
#1786:
>0:41.16,148.51;44.99,146.78;
#1787:
>0:39.37,-4.19;37.52,27.52;31.3,76.76;
#1788:
>0:46.91,-115.55;52.22,-80.04;45.11,-28.94;50.43,22.88;49.35,21.09;48.26,124.87;
#1789:
>0:43.62,137.75;43.77,122.9;
#1790:
>0:37.08,-106.97;31.0,-73.03;36.72,-27.42;24.36,15.39;
#1791:
>0:40.82,129.3;40.77,142.36;
#1792:
>0:42.68,142.48;45.0,142.83;
#1793:
>0:54.29,94.94;50.53,76.64;44.81,46.21;42.99,62.69;28.38,17.27;
#1794:
>0:30.29,-54.39;28.96,-20.87;29.96,31.28;29.02,44.23;
#1795:
>0:44.96,118.92;44.07,128.07;
#1796:
>0:23.86,7.8;28.92,-38.0;37.91,-23.69;42.14,21.92;
#1797:
>0:50.97,47.34;45.96,54.92;
#1798:
>0:48.95,78.26;50.09,6.29;
#1799:
>0:49.22,87.59;46.04,70.2;
#1800:
>0:33.03,-67.72;25.98,-40.49;
#1801:
>0:22.72,-56.29;28.91,-21.09;33.09,14.3;30.95,77.65;32.83,94.9;
#1802:
>0:38.42,-5.57;40.45,-58.04;47.25,-7.07;50.48,-93.79;
#1803:
>0:24.89,61.67;29.99,87.15;
#1804:
>0:44.32,132.86;40.47,139.29;
#1805:
>0:45.18,115.15;44.51,129.19;
#1806:
>0:24.41,100.38;27.63,95.74;
#1807:
>0:47.26,117.82;48.34,53.54;35.9,103.7;
#1808:
>0:22.9,87.06;31.41,78.66;24.04,42.71;22.36,-26.03;
#1809:
>0:41.36,133.51;41.59,141.64;
#1810:
>0:38.83,7.86;41.77,69.57;39.88,41.2;51.88,15.99;
#1811:
>0:31.53,79.03;36.93,33.65;44.58,3.73;45.82,-18.82;52.03,-6.24;
#1812:
>0:22.95,-107.28;27.88,-118.98;30.13,-80.27;40.97,-95.79;
#1813:
>0:33.73,43.14;43.29,-32.89;47.81,0.99;53.7,-11.08;
#1814:
>0:46.53,-81.12;39.17,-72.41;40.94,-20.36;36.38,-1.29;24.12,82.65;
#1815:
>0:32.08,106.62;33.81,70.45;43.83,3.52;45.53,-32.6;51.71,-35.63;
#1816:
>0:33.65,-67.85;43.4,-18.82;48.85,-3.45;52.89,65.54;
#1817:
>0:41.22,114.27;41.01,140.19;
#1818:
>0:45.18,133.48;43.98,153.31;
#1819:
>0:40.7,117.38;42.13,146.03;
#1820:
>0:44.3,151.16;40.34,148.17;
#1821:
>0:42.88,125.61;44.26,114.45;
#1822:
>0:44.34,-108.68;43.44,-43.31;43.32,-37.85;37.31,12.28;
#1823:
>0:42.03,145.02;41.75,114.87;
#1824:
>0:44.16,150.06;42.87,122.08;
#1825:
>0:44.88,128.18;43.31,126.51;
#1826:
>0:51.96,-75.38;51.19,-11.01;46.41,-75.77;41.36,-111.45;38.59,-69.34;26.37,-76.2;
#1827:
>0:22.51,101.88;31.14,44.98;23.29,3.04;31.8,-9.06;28.34,-77.99;24.41,-97.65;
#1828:
>0:50.03,-86.86;42.58,-62.56;43.37,-12.01;33.86,-36.78;23.38,74.32;
#1829:
>0:32.41,-66.66;39.0,-17.16;38.05,19.41;39.51,66.54;50.54,99.52;
#1830:
>0:44.83,58.7;40.88,29.54;48.16,-21.66;
#1831:
>0:38.59,-8.45;41.9,-18.73;
#1832:
>0:42.53,117.88;45.22,152.91;
#1833:
>0:43.47,150.31;45.07,97.92;
#1834:
>0:44.86,135.86;43.51,152.51;
#1835:
>0:45.74,39.97;40.51,-1.21;45.87,-63.73;35.29,-111.98;
#1836:
>0:46.01,-27.91;42.47,39.25;34.78,6.62;29.42,5.98;24.28,29.56;
#1837:
>0:26.49,-21.44;29.94,21.4;35.92,25.19;
#1838:
>0:30.2,-34.42;36.46,0.34;35.54,3.63;49.76,99.81;
#1839:
>0:40.44,122.92;44.49,151.42;
#1840:
>0:44.81,127.54;43.72,135.34;
#1841:
>0:38.18,-74.63;39.7,-14.13;47.82,-29.61;51.98,-96.89;
#1842:
>0:40.13,153.2;40.1,125.55;
#1843:
>0:45.94,80.61;41.7,67.98;44.48,15.68;45.46,-76.24;
#1844:
>0:40.34,120.72;44.3,150.11;
#1845:
>0:26.32,26.22;27.09,29.24;
#1846:
>0:25.13,95.01;24.83,119.98;
#1847:
>0:54.68,-15.58;54.81,31.75;45.85,22.37;42.16,-20.98;35.41,-55.83;22.43,-33.73;
#1848:
>0:54.94,-54.38;49.89,-34.63;39.94,-52.58;42.96,-14.58;32.51,5.69;
#1849:
>0:30.94,122.08;28.97,100.38;
#1850:
>0:27.61,-82.25;28.89,-49.06;31.39,-28.35;39.09,-2.02;39.34,49.14;
#1851:
>0:54.33,-50.21;45.81,-18.18;44.37,-78.45;40.34,-35.46;30.96,28.84;
#1852:
>0:48.4,-69.09;40.5,-1.92;38.36,4.76;32.41,83.29;22.84,76.33;
#1853:
>0:41.52,131.56;42.09,122.01;
#1854:
>0:44.54,138.64;49.15,48.23;39.46,21.63;43.81,-21.94;
#1855:
>0:43.57,130.53;42.26,141.23;
#1856:
>0:33.72,-69.56;31.62,-112.68;
#1857:
>0:46.18,68.5;43.86,68.6;35.75,111.27;29.29,11.0;
#1858:
>0:44.23,145.01;44.27,147.87;
#1859:
>0:40.34,15.22;34.67,44.48;32.03,25.1;25.93,101.28;
#1860:
>0:48.32,-59.76;41.44,-0.97;37.16,25.52;31.09,79.58;24.83,75.04;
#1861:
>0:44.12,153.11;42.25,133.37;
#1862:
>0:40.98,131.02;42.87,116.47;
#1863:
>0:25.64,-66.89;30.73,-50.46;29.96,18.9;
#1864:
>0:31.04,43.78;32.38,46.44;
#1865:
>0:27.43,101.55;29.35,49.94;34.21,7.93;39.14,43.57;46.88,-34.5;54.28,-71.25;
#1866:
>0:25.95,-80.42;30.87,-65.49;28.77,-3.37;36.3,-17.93;50.18,-47.68;
#1867:
>0:42.99,155.12;41.25,118.13;
#1868:
>0:45.2,125.68;42.05,143.36;
#1869:
>0:33.69,-49.54;40.42,-10.23;34.93,-0.28;42.86,65.12;
#1870:
>0:40.02,134.12;44.72,123.56;
#1871:
>0:43.75,44.31;39.2,38.46;47.51,8.71;40.92,-57.73;
#1872:
>0:28.8,70.99;35.9,109.96;39.5,85.06;43.58,19.06;53.16,13.94;
#1873:
>0:22.84,53.58;29.05,25.3;37.17,42.8;
#1874:
>0:41.69,-89.19;34.8,-69.77;32.44,-42.9;36.67,-37.69;33.71,61.39;
#1875:
>0:42.01,138.4;42.71,143.9;
#1876:
>0:32.85,30.01;22.5,-33.87;
#1877:
>0:43.36,124.29;43.92,125.93;
#1878:
>0:41.78,139.4;43.54,147.94;
#1879:
>0:36.19,-6.24;42.98,-7.06;
#1880:
>0:39.88,132.44;44.66,120.46;
#1881:
>0:38.61,-47.98;42.23,-26.6;48.39,-14.27;55.64,64.27;
#1882:
>0:40.02,122.93;40.49,133.14;
#1883:
>0:23.05,98.52;23.89,97.67;
#1884:
>0:37.87,-35.49;37.78,2.5;40.49,62.78;45.1,129.2;
#1885:
>0:44.47,155.71;40.02,153.32;
#1886:
>0:54.94,-37.61;54.21,-29.56;
#1887:
>0:39.86,122.71;40.61,148.39;
#1888:
>0:31.74,-53.02;25.64,-63.46;
#1889:
>0:30.73,73.32;34.98,90.95;41.75,45.17;42.14,22.7;52.09,13.85;
#1890:
>0:47.13,-121.41;45.69,-97.61;
#1891:
>0:31.13,3.4;37.94,-7.82;36.98,-46.17;
#1892:
>0:40.24,138.14;42.84,154.58;
#1893:
>0:44.64,116.4;42.03,149.78;
#1894:
>0:48.72,100.27;52.48,101.2;45.14,69.27;39.42,25.32;47.83,-66.63;
#1895:
>0:29.29,20.03;22.92,22.1;22.34,-47.55;
#1896:
>0:30.2,100.58;27.53,54.57;31.27,23.24;24.3,41.99;28.13,-15.56;31.38,-93.39;
#1897:
>0:43.64,123.51;40.78,131.24;
#1898:
>0:42.09,6.0;42.48,-12.3;
#1899:
>0:27.58,21.22;28.96,-39.04;30.08,-56.86;27.85,-103.81;
#1900:
>0:27.17,-0.48;32.75,-47.75;
#1901:
>0:32.53,68.7;32.58,24.5;
#1902:
>0:50.21,-90.95;51.76,-40.87;49.55,-5.88;51.6,17.41;48.1,5.49;43.09,150.19;
#1903:
>0:41.14,129.25;41.65,128.22;
#1904:
>0:52.84,124.04;51.04,77.79;54.69,40.34;40.36,-17.29;
#1905:
>0:41.11,121.16;44.25,153.1;
#1906:
>0:41.49,150.06;43.11,146.4;
#1907:
>0:40.83,129.58;40.26,148.61;
#1908:
>0:41.78,131.39;40.43,139.55;
#1909:
>0:38.84,112.99;29.99,105.79;25.17,70.44;30.77,-6.78;
#1910:
>0:26.69,68.16;32.13,16.64;36.15,36.22;
#1911:
>0:33.56,-16.03;44.13,-10.57;47.78,-8.1;54.21,-108.4;
#1912:
>0:50.9,123.29;52.52,83.36;
#1913:
>0:43.32,154.04;42.08,147.57;
#1914:
>0:44.09,152.01;41.95,134.27;
#1915:
>0:34.54,68.82;38.13,83.03;
#1916:
>0:45.57,-100.27;39.84,-81.17;36.48,-45.82;33.29,-115.01;
#1917:
>0:39.99,134.73;42.15,115.74;
#1918:
>0:41.26,115.43;43.75,148.09;
#1919:
>0:28.45,-16.45;36.34,-38.86;35.88,25.58;43.05,50.84;50.54,110.53;
#1920:
>0:29.96,-47.28;34.25,0.48;35.93,9.3;48.42,39.01;
#1921:
>0:40.37,135.16;46.33,55.15;40.85,21.16;46.64,6.76;40.68,-73.81;
#1922:
>0:44.16,130.99;40.33,116.64;
#1923:
>0:40.65,133.66;44.88,142.28;
#1924:
>0:42.45,121.82;42.14,131.4;
#1925:
>0:47.32,38.12;44.98,62.12;40.98,52.05;31.01,34.9;
#1926:
>0:43.78,145.39;36.79,78.42;28.79,13.0;27.8,-33.73;
#1927:
>0:43.18,138.38;42.28,119.39;
#1928:
>0:40.6,140.65;39.75,128.29;
#1929:
>0:50.57,60.64;48.76,87.38;
#1930:
>0:43.04,136.36;40.14,138.45;
#1931:
>0:45.34,109.14;48.69,76.72;
#1932:
>0:43.16,129.93;41.92,118.58;
#1933:
>0:35.53,112.89;31.63,58.21;
#1934:
>0:33.47,-101.88;29.8,-54.35;40.82,-3.85;
#1935:
>0:45.81,130.91;43.25,142.42;
#1936:
>0:48.5,99.18;47.3,43.78;42.57,15.67;41.74,-25.12;
#1937:
>0:45.23,-22.7;41.15,39.41;37.23,35.2;31.87,16.25;23.77,43.63;
#1938:
>0:24.95,101.79;28.22,83.71;26.1,31.45;32.17,-33.84;30.24,-69.97;
#1939:
>0:26.91,82.47;24.81,125.69;38.57,99.78;
#1940:
>0:54.15,-28.9;51.69,40.82;47.0,10.93;35.8,-9.61;
#1941:
>0:42.62,146.64;44.88,115.28;
#1942:
>0:38.91,-95.22;34.61,-56.63;43.76,-12.9;50.27,-38.0;51.45,6.92;40.37,114.54;
#1943:
>0:42.56,141.23;41.14,145.09;
#1944:
>0:26.11,-12.47;32.94,-72.9;38.45,-77.36;
#1945:
>0:41.69,124.63;45.2,125.77;
#1946:
>0:44.84,-59.12;39.82,-82.18;38.25,-70.84;33.42,-74.72;27.82,-113.44;
#1947:
>0:48.91,78.38;46.1,20.67;
#1948:
>0:44.8,132.04;40.13,115.48;
#1949:
>0:22.36,112.24;31.26,51.37;36.78,12.45;40.19,26.03;49.51,-19.89;55.95,-5.7;
#1950:
>0:45.28,135.06;40.91,123.98;
#1951:
>0:29.63,69.9;32.28,126.33;
#1952:
>0:43.35,130.54;39.71,129.69;
#1953:
>0:49.62,51.86;48.18,7.09;
#1954:
>0:51.41,-0.69;55.0,26.4;50.19,27.47;39.64,78.43;28.17,125.57;
#1955:
>0:40.09,149.44;44.53,138.72;
#1956:
>0:39.89,138.19;41.77,144.27;
#1957:
>0:29.99,54.66;38.89,94.46;
#1958:
>0:30.16,-105.07;26.69,-112.77;28.51,-72.28;36.7,-7.26;28.84,31.92;23.43,102.64;
#1959:
>0:42.02,129.72;44.03,136.04;
#1960:
>0:35.43,-52.98;41.52,0.92;35.78,10.31;
#1961:
>0:45.14,117.95;43.83,138.57;
#1962:
>0:40.97,121.76;50.21,50.18;42.75,40.26;40.98,-18.13;
#1963:
>0:32.35,-3.47;30.31,-80.74;36.62,-110.95;50.33,-88.56;
#1964:
>0:44.82,140.99;44.36,151.04;
#1965:
>0:38.24,-92.89;36.55,-75.33;41.91,-38.73;33.98,-2.91;37.16,39.03;35.03,102.61;
#1966:
>0:53.22,27.89;49.85,78.23;39.93,24.19;
#1967:
>0:42.04,118.52;44.48,118.36;
#1968:
>0:43.43,117.79;47.53,135.86;
#1969:
>0:38.91,-27.47;43.05,30.33;
#1970:
>0:44.41,149.39;43.85,131.32;
#1971:
>0:31.63,-33.4;38.07,17.23;
#1972:
>0:44.93,134.91;44.45,154.81;
#1973:
>0:44.32,124.67;45.0,144.01;
#1974:
>0:22.94,72.95;24.38,14.62;30.38,-5.01;40.14,-3.34;
#1975:
>0:44.35,-16.62;40.78,-24.61;
#1976:
>0:55.66,-8.81;54.19,7.57;54.43,74.48;44.42,133.45;
#1977:
>0:39.73,128.66;43.65,144.28;
#1978:
>0:46.12,-84.01;41.72,-42.75;44.64,-23.44;38.14,-39.27;25.2,-31.35;
#1979:
>0:55.17,59.25;49.96,11.33;42.79,-1.75;37.35,-70.28;28.9,-112.34;
#1980:
>0:29.14,76.76;36.25,105.44;
#1981:
>0:43.87,140.46;42.02,124.33;
#1982:
>0:32.31,-77.79;32.28,-23.41;38.16,37.88;
#1983:
>0:45.42,-102.56;42.21,-49.89;44.36,-7.85;36.23,-7.56;23.1,66.22;
#1984:
>0:34.35,58.61;36.44,43.47;37.95,-31.4;
#1985:
>0:24.32,120.16;25.09,121.06;
#1986:
>0:41.02,123.68;40.29,145.17;
#1987:
>0:41.62,145.85;45.22,130.3;
#1988:
>0:42.05,123.56;45.08,150.08;
#1989:
>0:48.1,-103.23;42.29,-80.51;42.13,1.05;38.43,-35.31;22.51,83.88;
#1990:
>0:44.34,116.24;45.28,135.76;
#1991:
>0:44.6,115.75;42.17,129.92;
#1992:
>0:22.5,-49.52;28.32,-17.96;30.16,30.74;31.18,73.21;32.7,118.09;
#1993:
>0:43.84,147.6;42.6,147.41;
#1994:
>0:37.63,-51.03;43.4,-0.86;49.45,-15.44;52.58,-13.56;
#1995:
>0:31.59,-15.04;36.83,-31.68;39.74,-1.81;48.32,-24.91;52.15,-99.8;
#1996:
>0:47.47,-66.62;43.2,-30.14;
#1997:
>0:40.84,140.66;44.56,118.28;
#1998:
>0:45.18,117.05;42.32,131.31;
#1999:
>0:47.05,-12.04;55.04,15.64;46.68,9.83;43.91,125.94;
#2000:
>0:47.28,62.75;43.06,39.66;46.08,-13.63;50.28,-58.06;48.02,-82.62;
#2001:
>0:37.77,88.92;41.44,60.05;39.52,8.3;45.3,31.91;49.52,-35.94;52.53,-113.15;
#2002:
>0:41.15,142.67;44.5,142.47;
#2003:
>0:32.23,-46.47;26.21,-63.24;
#2004:
>0:40.17,-73.28;49.27,-96.89;
#2005:
>0:49.05,-112.27;40.15,-61.57;42.55,-16.01;36.18,-30.7;26.36,54.19;
#2006:
>0:42.01,141.35;44.87,127.31;
#2007:
>0:45.14,143.06;41.75,121.96;
#2008:
>0:31.14,-51.91;38.23,-105.2;41.5,-82.57;49.97,-122.19;
#2009:
>0:41.78,-0.18;37.66,-20.72;28.62,-22.14;23.02,0.92;
#2010:
>0:32.56,-12.21;31.1,2.59;31.4,49.74;32.87,108.43;
#2011:
>0:39.71,152.43;43.2,117.11;
#2012:
>0:41.16,147.56;43.19,139.88;
#2013:
>0:41.73,132.46;40.63,123.86;
#2014:
>0:37.74,11.25;33.24,76.85;27.39,51.18;
#2015:
>0:27.49,3.28;29.52,-19.63;35.28,40.97;
#2016:
>0:43.47,119.27;40.33,135.45;
#2017:
>0:50.24,-110.55;44.82,-64.0;
#2018:
>0:33.03,-25.62;28.79,-75.38;23.17,-93.9;
#2019:
>0:44.22,114.33;44.21,138.31;
#2020:
>0:41.72,2.39;48.04,4.63;51.14,55.7;
#2021:
>0:38.43,89.01;41.39,77.19;43.54,27.55;46.78,24.87;39.31,-29.89;50.86,-81.92;
#2022:
>0:34.91,27.5;40.92,-19.91;47.2,-72.16;48.05,-96.78;
#2023:
>0:43.8,142.94;40.58,146.33;
