#0:
>0:43.5,125.15;35.88,77.43;28.31,66.59;26.75,-2.96;
#1:
>0:41.58,127.5;44.93,120.19;
#2:
>0:41.4,124.17;39.75,122.14;
#3:
>0:41.57,142.66;42.67,126.82;
#4:
>0:47.31,-120.57;42.59,-55.83;37.01,-24.48;36.93,11.8;29.17,58.57;
#5:
>0:42.26,143.68;40.82,140.22;
#6:
>0:42.06,28.26;43.88,-38.21;46.72,-38.19;46.05,-92.88;
#7:
>0:40.86,141.21;42.02,153.58;
#8:
>0:36.95,-87.25;36.11,-122.03;
#9:
>0:22.74,-36.04;32.13,-69.61;
#10:
>0:35.84,-96.52;43.52,-39.96;45.66,-6.03;
#11:
>0:43.28,138.5;45.02,122.14;
#12:
>0:44.35,124.24;42.36,132.21;
#13:
>0:42.7,146.59;43.93,115.13;
#14:
>0:47.73,-114.89;49.2,-65.24;40.68,-43.27;34.86,-23.58;38.03,57.44;
#15:
>0:43.52,132.67;44.75,150.52;
#16:
>0:24.58,-86.98;31.46,-58.61;28.25,-2.11;28.79,14.92;
#17:
>0:44.47,122.96;43.8,134.71;
#18:
>0:43.04,146.54;41.58,117.71;
#19:
>0:44.19,154.61;44.69,120.8;
#20:
>0:41.62,154.25;40.67,128.8;
#21:
>0:26.89,-9.5;30.84,5.58;34.12,77.94;40.12,145.12;45.12,87.65;55.19,119.66;
#22:
>0:41.72,154.0;44.84,152.62;
#23:
>0:26.47,-25.71;28.38,34.96;36.48,79.43;40.92,121.68;46.68,100.43;54.94,124.54;
#24:
>0:53.5,122.41;48.24,55.13;41.98,129.74;36.62,98.49;31.64,48.73;
#25:
>0:44.11,146.47;42.0,154.02;
#26:
>0:44.0,-57.04;33.94,-109.72;
#27:
>0:41.11,151.61;44.93,132.85;
#28:
>0:43.93,7.82;41.3,-22.11;48.96,-59.29;
#29:
>0:39.82,137.41;43.02,145.84;
#30:
>0:39.75,-77.49;37.89,-37.42;31.73,-53.92;
#31:
>0:46.93,9.23;42.47,70.47;43.98,119.4;29.02,124.48;
#32:
>0:35.19,-2.23;32.49,15.84;24.56,5.01;
#33:
>0:43.12,132.87;42.97,140.88;
#34:
>0:42.66,154.7;43.69,138.58;
#35:
>0:55.13,101.67;47.08,70.07;43.97,37.05;51.49,-3.41;
#36:
>0:41.06,149.56;42.2,138.89;
#37:
>0:28.2,-116.85;31.84,-42.18;
#38:
>0:43.75,-78.66;37.05,-17.62;33.37,-52.2;
#39:
>0:30.16,-52.72;36.56,-11.74;41.06,-35.13;36.4,26.05;41.48,132.29;
#40:
>0:22.6,86.19;24.45,117.45;
#41:
>0:36.49,-74.12;43.66,1.11;46.86,-40.13;
#42:
>0:40.22,117.92;40.31,135.02;
#43:
>0:29.44,61.04;36.07,78.08;
#44:
>0:39.87,137.11;44.35,117.76;
#45:
>0:42.03,123.41;44.15,126.23;
#46:
>0:43.52,155.58;42.37,139.32;
#47:
>0:33.28,112.22;35.12,65.69;42.32,120.88;
#48:
>0:39.75,137.22;44.19,125.64;
#49:
>0:28.38,-86.31;38.44,-44.9;28.94,-71.22;26.76,38.44;
#50:
>0:39.26,-91.36;35.18,-60.82;32.25,-26.97;24.95,-60.9;
#51:
>0:47.66,-110.49;45.31,-116.32;
#52:
>0:40.55,127.13;44.57,114.62;
#53:
>0:45.09,136.47;43.02,131.65;
#54:
>0:44.45,147.11;42.17,138.32;
#55:
>0:41.84,118.86;42.18,118.54;
#56:
>0:33.36,122.73;31.16,99.14;
#57:
>0:22.65,-100.96;32.03,-91.67;38.52,-73.57;44.65,1.28;33.49,20.13;35.63,95.23;
#58:
>0:30.94,100.97;28.51,112.6;
#59:
>0:40.71,139.19;40.51,150.4;
#60:
>0:40.34,148.44;40.86,132.61;
#61:
>0:41.41,141.22;42.11,119.36;
#62:
>0:41.19,120.28;41.0,138.09;
#63:
>0:48.13,5.12;41.27,-4.45;38.76,13.31;28.31,-26.4;23.98,-108.14;
#64:
>0:33.15,118.2;30.43,100.99;
#65:
>0:50.88,-99.97;47.47,-60.22;
#66:
>0:39.68,125.48;40.94,140.09;
#67:
>0:29.42,89.84;38.38,84.96;44.37,114.87;48.17,114.71;54.45,96.81;
#68:
>0:49.92,67.29;40.53,34.57;38.08,18.62;32.32,-24.82;31.0,-90.87;
#69:
>0:42.89,130.94;45.96,92.29;54.37,95.82;
#70:
>0:47.55,57.22;46.16,4.76;44.05,-0.2;36.09,-68.9;
#71:
>0:35.81,-111.4;34.82,-114.09;
#72:
>0:40.6,116.27;43.97,126.47;
#73:
>0:41.98,123.0;42.7,116.69;
#74:
>0:50.34,-67.87;43.34,-48.21;34.55,0.94;33.72,42.28;32.05,99.92;
#75:
>0:40.78,115.8;44.67,116.7;
#76:
>0:36.12,42.4;31.28,-29.7;
#77:
>0:41.27,130.13;40.79,148.14;
#78:
>0:32.21,-9.94;35.5,-4.03;
#79:
>0:54.91,-39.75;52.92,-26.25;51.0,40.95;
#80:
>0:41.01,142.1;43.91,118.88;
#81:
>0:41.04,139.44;42.32,137.36;
#82:
>0:44.4,118.21;42.25,153.94;
#83:
>0:36.47,-61.89;39.56,-82.33;44.82,-50.61;52.42,-50.66;
#84:
>0:35.16,-47.11;39.11,-115.64;45.81,-114.81;
#85:
>0:39.87,118.53;39.71,137.97;
#86:
>0:23.35,-97.89;29.91,-112.03;35.5,-45.92;41.38,-12.29;36.58,35.25;37.06,107.5;
#87:
>0:43.34,148.74;41.41,136.57;
#88:
>0:44.9,118.91;40.07,126.93;
#89:
>0:40.22,115.36;43.82,148.17;
#90:
>0:44.57,138.41;42.76,152.28;
#91:
>0:24.39,-84.83;28.31,-65.01;29.51,-3.21;30.31,43.26;
#92:
>0:54.59,-89.36;45.25,-58.74;49.28,-37.13;35.03,-14.05;
#93:
>0:44.51,118.03;40.81,155.04;
#94:
>0:40.41,135.47;44.67,144.34;
#95:
>0:44.22,115.95;45.04,118.38;
#96:
>0:40.76,140.04;43.99,141.19;
#97:
>0:53.38,78.32;46.67,25.56;41.81,-22.07;33.97,7.38;31.97,-16.91;27.46,-111.36;
#98:
>0:39.93,150.29;42.39,141.6;
#99:
>0:45.1,152.76;40.14,130.0;
#100:
>0:43.74,125.66;42.12,141.49;
#101:
>0:32.51,80.27;30.15,39.97;26.0,-19.77;28.08,-62.35;
#102:
>0:55.55,32.67;47.6,1.62;46.06,32.65;37.57,42.88;
#103:
>0:30.26,-64.49;38.87,-0.75;43.23,-25.36;36.4,23.74;40.79,152.07;
#104:
>0:44.73,145.47;42.97,118.65;
#105:
>0:51.25,-104.05;48.54,-63.32;47.71,-39.05;44.56,-50.2;38.29,-10.28;26.49,-4.05;
#106:
>0:42.74,143.59;44.25,149.69;
#107:
>0:34.99,-79.98;36.88,-2.28;37.55,16.57;
#108:
>0:27.32,79.81;24.43,88.18;33.01,104.19;33.58,91.27;50.06,104.19;
#109:
>0:47.57,-75.48;40.63,-75.15;34.7,1.48;38.55,17.0;39.72,125.63;
#110:
>0:41.76,122.01;42.92,132.7;
#111:
>0:44.19,143.14;43.39,137.94;
#112:
>0:52.46,-64.52;45.71,-103.57;50.17,-39.32;37.11,-8.94;
#113:
>0:48.27,-57.12;41.31,-46.06;
#114:
>0:31.42,49.07;38.51,17.78;39.48,-17.99;48.94,-4.8;35.46,-107.69;
#115:
>0:49.17,-72.03;52.84,-57.72;
#116:
>0:48.99,47.87;40.52,114.72;33.74,115.13;32.19,50.0;
#117:
>0:43.28,125.5;43.82,148.31;
#118:
>0:53.82,-114.52;45.09,-48.63;44.76,-7.9;43.52,-57.84;38.78,-37.87;27.38,-22.68;
#119:
>0:40.72,151.76;44.89,149.25;
#120:
>0:33.09,27.95;24.85,8.31;
#121:
>0:41.02,-27.54;34.86,-23.01;
#122:
>0:25.67,24.37;28.57,21.19;
#123:
>0:26.2,71.53;33.06,34.78;25.62,-10.12;28.2,1.07;40.42,-107.63;
#124:
>0:44.76,125.76;43.3,130.48;
#125:
>0:36.03,-118.03;34.41,-95.79;
#126:
>0:54.97,15.76;53.85,-25.62;47.69,30.45;43.64,-9.38;38.09,13.82;27.3,-2.84;
#127:
>0:44.34,125.81;33.92,77.82;44.05,37.59;33.6,17.31;34.11,-66.84;
#128:
>0:39.56,31.55;47.71,29.4;
#129:
>0:44.51,124.76;44.63,133.88;
#130:
>0:29.26,-66.76;28.87,-20.63;25.97,-4.02;26.0,17.44;25.42,111.43;
#131:
>0:44.09,133.96;49.01,108.77;51.26,90.99;
#132:
>0:55.81,124.83;47.88,70.06;41.66,19.53;44.17,-35.87;
#133:
>0:53.92,87.24;48.6,48.54;39.93,26.8;41.32,-11.86;
#134:
>0:32.1,99.38;27.86,46.43;31.93,9.89;26.15,-19.26;31.36,-0.42;40.7,-82.42;
#135:
>0:25.85,-12.08;24.66,21.93;
#136:
>0:35.71,59.15;39.77,134.63;47.63,59.58;
#137:
>0:29.45,112.47;29.96,71.99;
#138:
>0:44.05,122.06;40.71,141.87;
#139:
>0:55.58,-90.72;49.61,-54.96;41.92,-42.1;33.88,-6.6;30.19,-23.96;27.08,-10.82;
#140:
>0:40.11,117.98;44.51,129.41;
#141:
>0:32.11,-76.95;37.83,-0.9;41.88,13.06;
#142:
>0:42.02,153.07;39.89,118.33;
#143:
>0:37.87,116.94;44.7,60.12;43.74,39.84;48.98,29.41;43.53,-19.62;38.83,-105.02;
#144:
>0:41.42,130.82;42.62,128.65;
#145:
>0:25.49,-103.19;29.36,-112.39;37.0,-58.5;43.71,-37.94;37.92,15.69;49.94,114.59;
#146:
>0:44.04,127.18;39.75,128.99;
#147:
>0:41.16,123.05;40.86,141.21;
#148:
>0:40.34,116.27;45.11,146.67;
#149:
>0:44.01,125.1;42.91,144.35;
#150:
>0:36.1,-7.99;42.48,-4.18;34.44,-81.62;
#151:
>0:31.53,-94.52;35.61,-73.82;30.35,-39.77;26.93,25.92;
#152:
>0:43.02,-64.46;38.95,-78.46;28.99,-115.82;
#153:
>0:33.95,-95.49;28.29,-51.63;30.94,-38.43;26.38,-12.5;25.51,3.74;26.25,98.62;
#154:
>0:29.55,-62.34;35.92,-2.89;40.98,3.86;48.68,23.17;51.81,97.25;
#155:
>0:41.92,137.15;39.81,133.63;
#156:
>0:40.12,142.52;39.9,147.66;
#157:
>0:51.91,34.69;53.98,-34.58;41.17,71.45;
#158:
>0:52.7,37.97;51.04,-27.73;54.29,-46.55;
#159:
>0:39.74,148.38;34.01,89.36;
#160:
>0:39.71,116.07;45.21,149.56;
#161:
>0:27.65,6.49;29.53,35.0;33.86,41.72;40.6,31.53;49.01,33.55;50.88,14.84;
#162:
>0:52.12,-44.98;49.74,-93.16;46.95,-66.0;38.83,-26.85;
#163:
>0:39.62,-4.19;38.01,-27.0;
#164:
>0:22.31,-56.59;28.29,-34.58;34.46,37.56;42.44,68.4;
#165:
>0:39.89,124.87;45.11,153.71;
#166:
>0:28.62,-120.56;37.1,-77.65;29.85,-64.25;24.64,34.28;
#167:
>0:44.54,-22.9;46.18,-28.63;47.14,-94.07;
#168:
>0:45.22,148.36;43.26,137.01;
#169:
>0:40.7,146.71;44.51,139.39;
#170:
>0:31.82,77.9;35.35,98.63;41.23,44.31;48.96,4.07;
#171:
>0:40.8,118.03;39.96,122.89;
#172:
>0:41.31,125.99;39.9,120.85;
#173:
>0:41.63,139.79;42.98,151.26;
#174:
>0:42.32,150.21;39.79,116.49;
#175:
>0:25.82,-107.5;22.9,-56.96;
#176:
>0:53.1,-47.76;47.16,-87.11;45.26,-42.51;39.07,-7.12;
#177:
>0:34.83,-49.53;34.1,-29.99;34.84,42.21;
#178:
>0:41.56,141.74;45.2,132.04;
#179:
>0:50.17,78.73;42.41,37.25;35.86,10.07;30.56,-29.95;33.09,-106.74;
#180:
>0:37.62,83.98;39.15,41.36;
#181:
>0:41.1,123.79;44.97,118.68;
#182:
>0:41.26,147.04;39.82,133.88;
#183:
>0:34.51,-65.65;35.37,-35.76;
#184:
>0:27.66,-84.29;32.61,-120.08;36.72,-64.21;40.53,-14.57;36.04,30.66;35.89,118.61;
#185:
>0:43.65,147.29;43.83,152.21;
#186:
>0:51.45,5.26;44.91,-3.32;48.65,-42.13;34.39,-55.17;
#187:
>0:29.97,20.02;32.18,28.63;
#188:
>0:41.26,120.49;42.36,122.51;
#189:
>0:37.16,-96.77;34.26,-88.61;
#190:
>0:41.9,147.13;44.21,118.49;
#191:
>0:27.53,-13.48;29.01,-34.49;27.84,-114.94;
#192:
>0:42.68,117.28;41.11,140.76;
#193:
>0:41.53,128.14;43.73,151.04;
#194:
>0:47.83,-24.9;39.68,40.96;36.97,35.59;33.23,71.3;
#195:
>0:43.4,146.23;42.1,151.45;
#196:
>0:43.31,146.83;37.52,65.24;28.45,11.19;30.76,1.23;
#197:
>0:31.88,54.7;38.97,41.2;40.18,-23.78;
#198:
>0:29.56,35.81;33.93,-7.25;42.99,-73.8;47.25,-105.16;
#199:
>0:22.53,88.6;31.41,113.92;36.84,74.46;39.4,37.37;48.39,-35.15;
#200:
>0:43.04,118.6;43.11,130.9;
#201:
>0:37.16,-89.62;39.7,-92.63;39.56,-43.84;51.75,-81.32;
#202:
>0:37.5,-97.12;29.8,-71.55;22.83,-3.88;31.51,-10.31;24.27,4.84;24.19,108.34;
#203:
>0:47.7,158.76;43.66,121.34;
#204:
>0:40.85,120.31;43.76,118.14;
#205:
>0:31.43,24.35;32.38,3.38;
#206:
>0:49.8,-121.23;54.82,-76.78;51.65,-6.82;
#207:
>0:54.25,93.56;48.96,84.44;49.29,30.67;51.99,-3.48;40.11,-73.15;
#208:
>0:42.11,142.72;40.07,143.43;
#209:
>0:53.73,82.99;52.74,21.01;
#210:
>0:30.88,-33.59;33.6,-36.09;
#211:
>0:40.06,125.68;42.01,114.69;
#212:
>0:39.28,-97.8;38.15,-50.97;28.41,-60.97;24.48,-75.45;
#213:
>0:24.41,35.13;32.33,36.71;35.31,36.55;43.32,8.94;
#214:
>0:44.62,25.15;45.5,-14.35;
#215:
>0:39.02,-57.55;43.33,-37.29;47.61,-48.81;
#216:
>0:45.17,135.0;42.35,131.53;
#217:
>0:40.52,134.39;43.61,74.22;41.44,28.87;33.9,5.92;28.95,-38.52;40.36,-88.68;
#218:
>0:40.99,144.61;43.13,128.79;
#219:
>0:26.97,7.71;31.3,53.19;35.93,108.59;
#220:
>0:53.3,-40.32;45.24,-113.19;45.12,-49.7;33.94,-6.71;
#221:
>0:38.5,124.47;32.8,111.69;28.81,22.19;
#222:
>0:44.33,116.78;44.27,123.73;
#223:
>0:25.11,115.53;32.28,120.68;38.22,77.5;44.35,58.48;
#224:
>0:39.74,139.56;42.84,118.54;
#225:
>0:52.38,112.46;48.47,55.13;
#226:
>0:40.61,139.58;40.21,115.97;
#227:
>0:51.64,-106.28;45.7,-48.6;42.54,-43.23;37.94,-18.91;32.5,-26.99;26.75,47.93;
#228:
>0:32.55,122.44;28.28,117.19;
#229:
>0:27.01,-93.49;27.32,-59.91;
#230:
>0:42.64,146.53;37.96,95.25;33.16,104.29;
#231:
>0:43.54,149.67;44.37,142.39;
#232:
>0:49.52,-59.31;44.71,-5.25;
#233:
>0:39.13,58.34;43.22,36.76;41.45,-3.42;47.34,-79.58;
#234:
>0:38.91,-110.04;37.0,-87.85;
#235:
>0:43.42,125.61;38.52,105.59;29.18,124.9;
#236:
>0:46.14,-35.71;46.03,42.8;42.76,2.03;36.48,21.61;22.27,1.01;
#237:
>0:44.51,120.62;43.66,127.58;
#238:
>0:47.99,-109.47;49.39,-79.86;
#239:
>0:50.83,-58.33;52.03,-41.66;
#240:
>0:42.69,123.23;45.24,106.43;50.52,126.53;
#241:
>0:53.42,101.04;53.07,114.19;
#242:
>0:22.49,88.15;25.84,120.81;
#243:
>0:40.55,142.48;43.81,135.98;
#244:
>0:44.4,141.83;43.57,134.87;
#245:
>0:48.75,10.16;43.73,-1.78;53.18,-76.47;
#246:
>0:52.22,-102.7;50.16,-42.27;39.62,-42.49;36.97,-36.53;33.74,39.03;33.34,99.41;
#247:
>0:26.69,-34.56;29.6,-55.58;
#248:
>0:42.47,154.39;44.26,147.29;
#249:
>0:55.11,-22.01;45.79,11.48;44.35,49.52;40.13,138.74;31.12,90.31;
#250:
>0:37.26,-103.59;32.2,-75.33;32.05,-34.77;25.44,-5.05;24.99,9.25;24.08,109.43;
#251:
>0:44.17,147.57;43.19,130.52;
#252:
>0:36.07,-49.7;30.94,-46.64;33.02,17.14;
#253:
>0:47.9,-95.62;55.44,-71.37;
#254:
>0:41.13,149.74;44.44,144.53;
#255:
>0:23.52,6.97;30.12,22.92;26.02,-20.17;26.21,-117.54;
#256:
>0:41.42,26.77;42.29,-38.07;45.38,-49.63;
#257:
>0:29.79,19.38;37.84,70.93;38.4,111.86;
#258:
>0:27.02,-102.25;26.6,-55.65;
#259:
>0:54.86,-111.19;47.8,-42.44;47.12,-27.11;42.8,-67.35;35.08,-20.09;27.44,-20.47;
#260:
>0:26.29,49.94;28.27,36.89;
#261:
>0:30.66,117.53;37.47,84.86;38.29,6.12;35.43,-26.99;
#262:
>0:36.91,-92.02;28.06,-51.85;23.8,-71.23;
#263:
>0:42.44,116.8;40.31,125.53;
#264:
>0:37.44,-9.86;30.56,-10.33;26.76,71.67;
#265:
>0:49.84,51.82;41.48,2.85;34.5,44.69;28.85,36.5;
#266:
>0:44.39,141.28;39.94,136.48;
#267:
>0:41.97,124.11;41.82,131.09;
#268:
>0:38.3,95.77;39.26,50.33;40.82,13.16;41.86,-0.91;45.42,-59.54;
#269:
>0:29.59,72.36;34.09,43.0;43.51,-26.02;
#270:
>0:54.32,42.25;53.18,-25.06;39.77,61.4;
#271:
>0:44.13,122.9;40.47,125.09;
#272:
>0:40.47,23.93;34.24,4.81;
#273:
>0:43.45,130.43;43.45,128.43;
#274:
>0:39.73,43.28;45.88,5.03;
#275:
>0:45.27,150.02;44.41,155.43;
#276:
>0:40.16,140.16;41.86,125.06;
#277:
>0:30.12,30.12;36.76,-11.66;43.59,-61.02;48.64,-97.24;
#278:
>0:44.12,125.05;40.22,126.28;
#279:
>0:45.78,124.44;41.37,131.38;
#280:
>0:40.18,117.89;44.25,118.54;
#281:
>0:39.68,137.6;41.84,129.99;
#282:
>0:44.85,124.76;40.07,133.87;
#283:
>0:25.77,-98.29;29.11,-84.7;37.89,-67.97;41.4,-2.22;34.0,32.67;48.86,119.24;
#284:
>0:41.93,126.79;47.73,103.31;47.71,46.75;53.36,-22.72;
#285:
>0:45.31,-88.29;48.95,-70.99;43.36,-58.81;35.02,-17.09;40.83,52.96;
#286:
>0:44.09,144.45;41.57,117.82;
#287:
>0:25.85,-119.2;30.58,-88.11;36.09,-76.61;44.41,-25.2;36.64,25.42;37.56,124.12;
#288:
>0:43.15,147.02;42.83,131.23;
#289:
>0:43.63,116.92;40.33,119.81;
#290:
>0:34.19,69.43;41.9,25.22;
#291:
>0:39.99,128.53;40.36,134.54;
#292:
>0:34.25,-88.2;35.55,-88.33;
#293:
>0:38.4,8.95;44.67,-28.14;35.56,-60.28;
#294:
>0:23.51,111.52;27.93,114.31;26.44,61.08;24.67,-13.97;
#295:
>0:42.37,125.62;42.12,136.64;
#296:
>0:42.94,131.81;44.17,155.12;
#297:
>0:33.19,0.74;38.59,-53.19;43.5,-22.27;44.72,-57.95;55.42,-109.21;
#298:
>0:40.74,116.37;39.85,142.2;
#299:
>0:46.06,-103.67;47.37,-55.2;49.34,-30.66;46.17,4.13;44.03,80.68;43.4,118.53;
#300:
>0:36.79,-79.9;33.49,-86.68;
#301:
>0:42.64,137.93;41.25,124.11;
#302:
>0:22.64,-89.59;33.28,-89.2;37.26,-90.58;
#303:
>0:44.14,132.0;39.97,136.36;
#304:
>0:40.54,149.49;45.02,127.93;
#305:
>0:41.03,131.85;41.49,151.48;
#306:
>0:25.95,125.87;28.35,105.35;37.16,78.23;42.53,15.76;42.1,-9.5;37.26,-103.67;
#307:
>0:31.87,-116.93;35.48,-40.54;30.49,-41.19;27.39,-24.32;27.8,15.24;22.41,117.93;
#308:
>0:44.54,128.61;42.29,118.77;
#309:
>0:38.22,-93.4;33.67,-103.56;
#310:
>0:46.18,-110.7;53.68,-89.2;
#311:
>0:43.42,148.28;45.19,136.65;
#312:
>0:44.34,125.53;40.97,117.77;
#313:
>0:51.63,18.9;49.0,-14.74;49.18,-52.08;36.62,-42.57;
#314:
>0:23.14,76.89;29.39,30.54;25.85,-14.37;30.16,-65.39;
#315:
>0:42.76,122.14;45.11,116.91;
#316:
>0:37.18,-93.9;43.25,-94.15;41.92,-51.77;55.92,-88.25;
#317:
>0:40.21,149.58;35.23,110.62;30.97,85.7;
#318:
>0:25.51,99.78;30.9,124.64;35.0,69.47;39.93,140.13;48.14,105.29;51.33,78.28;
#319:
>0:51.0,-31.31;45.29,20.78;39.53,31.32;
#320:
>0:55.41,-114.08;54.15,-60.63;55.61,-30.37;49.45,8.13;52.86,75.76;
#321:
>0:43.59,19.42;43.79,-8.42;49.28,-48.5;
#322:
>0:47.78,39.59;42.31,-9.22;37.89,60.39;
#323:
>0:41.4,133.65;44.29,134.74;
#324:
>0:41.02,130.22;40.63,145.1;
#325:
>0:31.0,38.06;37.8,-1.4;42.54,-70.46;47.12,-105.02;
#326:
>0:40.43,154.15;44.31,121.57;
#327:
>0:40.03,119.53;42.02,119.03;
#328:
>0:23.0,93.45;29.52,83.54;35.74,9.21;43.22,11.86;48.38,29.68;52.37,32.02;
#329:
>0:44.49,147.06;40.47,147.99;
#330:
>0:45.82,-83.85;49.19,-40.12;43.73,-55.11;37.24,-21.27;35.95,49.89;
#331:
>0:27.1,4.79;31.86,43.17;35.52,24.91;44.51,38.61;46.2,8.97;51.9,39.64;
#332:
>0:24.29,-24.49;30.41,-34.26;27.38,-115.18;
#333:
>0:31.19,93.75;32.91,75.73;27.91,3.32;25.23,-38.09;29.69,-46.71;
#334:
>0:41.7,126.41;41.73,149.5;
#335:
>0:30.32,19.72;37.1,-10.56;41.71,-16.23;44.92,-63.69;
#336:
>0:53.6,-80.61;53.4,-28.93;54.77,31.86;
#337:
>0:46.03,75.2;41.46,115.91;
#338:
>0:41.64,138.58;43.97,151.86;
#339:
>0:44.15,128.64;44.2,153.43;
#340:
>0:39.36,-23.05;34.75,43.19;32.46,-2.18;27.36,-83.39;
#341:
>0:41.83,146.72;40.64,153.65;
#342:
>0:44.05,137.68;40.15,119.59;
#343:
>0:34.04,-46.75;30.76,-24.15;22.84,19.97;
#344:
>0:38.82,62.48;28.8,82.87;27.83,-18.04;
#345:
>0:46.79,-58.04;49.6,-34.87;48.91,38.44;51.05,46.23;
#346:
>0:46.0,-58.68;42.03,-11.8;
#347:
>0:27.65,25.94;30.45,34.66;37.63,29.0;42.87,12.05;
#348:
>0:29.5,27.54;38.2,0.84;42.43,-41.56;49.27,-95.29;
#349:
>0:22.48,-41.52;32.49,-83.49;33.81,-84.44;42.03,-115.89;49.39,-90.25;
#350:
>0:35.64,-42.41;37.0,-122.14;
#351:
>0:24.83,120.8;24.14,115.85;
#352:
>0:44.08,124.28;42.91,136.74;
#353:
>0:44.61,134.26;39.71,119.5;
#354:
>0:55.15,6.04;52.8,73.3;
#355:
>0:42.72,122.73;41.32,133.29;
#356:
>0:42.9,152.66;43.61,153.06;
#357:
>0:44.9,153.82;43.39,138.68;
#358:
>0:42.32,138.17;41.1,116.73;
#359:
>0:31.23,-106.08;34.08,-70.94;39.62,-35.97;35.11,11.31;36.66,59.24;42.0,131.89;
#360:
>0:46.57,131.42;41.78,118.53;
#361:
>0:32.12,-12.69;27.12,-18.92;26.3,84.01;
#362:
>0:40.9,146.63;41.15,131.11;
#363:
>0:41.51,121.4;40.02,119.82;
#364:
>0:55.52,51.32;44.75,115.91;43.12,137.18;
#365:
>0:37.02,19.04;39.01,78.57;28.31,121.58;
#366:
>0:46.91,-36.49;46.98,13.13;41.76,55.15;43.9,126.31;
#367:
>0:35.33,93.99;44.71,140.65;46.36,69.28;
#368:
>0:32.39,49.6;35.21,117.01;39.84,72.95;46.04,43.39;
#369:
>0:44.11,-83.94;45.55,-73.95;
#370:
>0:43.95,125.06;40.68,139.77;
#371:
>0:44.73,119.67;46.67,137.18;
#372:
>0:23.34,-63.86;24.81,-87.51;29.35,-86.38;43.5,-28.39;
#373:
>0:48.58,77.05;44.22,28.89;38.32,31.66;31.28,-22.85;27.94,-115.18;
#374:
>0:26.54,113.87;23.87,90.86;
#375:
>0:47.56,57.25;45.81,19.38;42.07,-20.09;48.42,-11.76;44.94,-92.11;
#376:
>0:41.85,146.38;47.61,126.98;
#377:
>0:39.86,132.4;48.84,89.23;46.24,30.98;
#378:
>0:41.92,126.0;42.96,152.69;
#379:
>0:51.19,110.65;46.46,71.69;50.3,16.41;38.22,32.52;
#380:
>0:52.85,86.22;49.59,63.59;42.29,145.17;38.03,110.73;32.45,66.4;
#381:
>0:44.25,136.15;40.65,130.25;
#382:
>0:43.2,124.02;43.41,136.08;
#383:
>0:44.68,143.32;39.94,138.32;
#384:
>0:50.42,-29.16;46.73,8.4;41.82,-24.41;39.17,-79.8;36.3,-2.59;24.63,-35.97;
#385:
>0:39.55,-46.8;48.13,-8.74;51.59,21.45;
#386:
>0:39.29,-52.92;36.91,-2.56;32.62,-42.81;
#387:
>0:42.46,121.28;42.16,114.63;
#388:
>0:42.41,136.08;40.29,120.79;
#389:
>0:31.86,123.53;34.58,99.57;42.15,69.79;43.55,-16.4;
#390:
>0:26.36,33.86;31.07,31.9;
#391:
>0:42.94,122.88;40.41,117.78;
#392:
>0:45.72,-49.45;47.11,-4.09;46.18,21.28;42.83,58.38;48.53,123.74;
#393:
>0:54.25,-100.22;50.68,-60.1;
#394:
>0:40.34,149.17;40.81,136.07;
#395:
>0:42.3,128.92;40.54,128.78;
#396:
>0:36.05,-21.89;32.35,-13.58;22.89,19.52;25.38,99.1;
#397:
>0:39.69,114.94;44.6,134.64;
#398:
>0:55.74,-0.63;47.81,4.82;41.97,-14.58;34.37,5.9;38.82,67.92;23.67,107.05;
#399:
>0:37.8,-56.16;44.36,-30.54;45.9,40.26;
#400:
>0:55.89,41.29;55.81,-23.66;52.18,-58.93;
#401:
>0:43.23,153.44;41.01,150.85;
#402:
>0:24.42,27.83;29.61,9.81;
#403:
>0:54.0,-5.98;49.24,-26.29;47.38,11.83;39.9,148.9;
#404:
>0:22.31,-117.37;30.66,-113.08;34.45,-75.67;44.18,-35.99;35.9,19.57;35.43,94.51;
#405:
>0:49.16,-13.88;55.85,-8.74;
#406:
>0:41.06,148.33;42.0,135.96;
#407:
>0:41.14,146.33;41.83,117.44;
#408:
>0:44.81,145.07;43.92,140.74;
#409:
>0:41.94,119.42;44.4,143.28;
#410:
>0:43.73,147.65;44.9,151.71;
#411:
>0:44.33,127.28;45.34,109.19;55.27,110.77;
#412:
>0:44.5,116.84;40.87,141.88;
#413:
>0:42.62,120.15;39.67,121.93;
#414:
>0:43.21,131.98;38.62,63.86;29.08,75.33;27.52,-35.39;
#415:
>0:25.65,3.7;24.42,-31.81;
#416:
>0:47.51,122.32;48.12,58.91;43.4,131.26;36.51,87.88;23.74,115.24;
#417:
>0:22.74,110.44;22.26,100.71;
#418:
>0:43.9,128.87;43.2,147.41;
#419:
>0:54.72,46.69;45.19,90.92;44.92,61.87;39.59,24.54;35.52,37.14;25.93,-79.31;
#420:
>0:25.58,5.62;29.0,-34.1;36.91,-0.93;
#421:
>0:29.91,-31.54;35.63,-61.16;44.48,-83.78;40.64,-61.43;53.94,-85.97;
#422:
>0:49.83,-60.2;40.65,2.16;
#423:
>0:44.01,141.89;39.97,147.6;
#424:
>0:45.19,143.4;40.91,125.81;
#425:
>0:42.1,126.33;39.93,135.44;
#426:
>0:29.59,-22.31;35.54,-63.32;41.14,-89.62;41.42,-63.48;53.39,-122.17;
#427:
>0:42.93,121.24;41.41,118.96;
#428:
>0:41.36,34.65;47.8,31.85;
#429:
>0:25.43,43.32;32.3,-27.51;35.07,-15.47;
#430:
>0:27.01,56.47;23.03,98.25;
#431:
>0:41.61,132.02;44.3,133.3;
#432:
>0:46.98,-101.17;49.96,-71.52;40.75,-60.81;37.34,-3.11;27.13,-11.4;
#433:
>0:33.61,51.26;30.99,76.29;23.06,-27.83;
#434:
>0:23.16,-104.43;24.71,-72.71;27.14,-12.66;
#435:
>0:41.38,144.79;44.74,140.37;
#436:
>0:34.66,118.33;41.16,59.95;43.23,25.36;42.35,-12.73;46.6,-69.98;
#437:
>0:42.99,152.39;40.93,122.56;
#438:
>0:44.52,129.19;43.14,116.56;
#439:
>0:28.8,101.16;38.76,76.46;
#440:
>0:52.82,100.48;51.4,95.92;
#441:
>0:41.93,155.36;40.48,149.05;
#442:
>0:48.83,-54.89;43.26,-76.56;35.85,-36.32;35.0,41.25;29.88,110.72;
#443:
>0:40.5,127.19;40.52,135.23;
#444:
>0:43.0,125.13;44.6,129.51;
#445:
>0:44.87,151.96;45.53,142.33;
#446:
>0:23.41,104.45;31.62,98.22;34.21,73.48;41.71,2.51;45.9,-23.44;
#447:
>0:42.73,121.38;36.12,50.56;33.46,17.84;
#448:
>0:43.29,150.2;42.3,126.9;
#449:
>0:37.21,-59.23;37.07,-17.07;
#450:
>0:43.97,116.56;42.62,131.88;
#451:
>0:22.94,125.3;28.76,92.22;35.27,87.35;41.3,137.75;46.9,121.17;51.66,63.08;
#452:
>0:43.71,117.37;42.52,153.21;
#453:
>0:49.98,-64.62;41.05,0.03;33.85,30.35;31.62,71.99;
#454:
>0:42.59,57.68;44.58,18.57;33.33,7.56;
#455:
>0:29.94,95.56;28.31,119.05;
#456:
>0:44.21,116.65;44.1,138.43;
#457:
>0:46.0,98.55;42.18,73.77;36.39,4.07;38.99,-29.59;
#458:
>0:43.71,47.55;37.11,119.12;
#459:
>0:40.59,139.0;41.14,135.16;
#460:
>0:39.9,153.27;40.72,153.09;
#461:
>0:48.4,-93.5;47.7,-80.77;43.42,-75.5;37.4,-17.94;36.06,19.3;41.51,155.38;
#462:
>0:41.36,149.28;40.51,121.0;
#463:
>0:44.37,150.28;42.62,133.58;
#464:
>0:40.93,-37.59;47.0,-17.68;48.8,22.29;51.71,103.45;
#465:
>0:49.81,-121.88;48.06,-46.95;44.9,-19.02;
#466:
>0:42.15,142.49;45.15,136.96;
#467:
>0:40.42,154.71;45.18,141.31;
#468:
>0:39.32,11.05;42.86,-36.28;48.74,-58.34;
#469:
>0:44.06,151.91;42.44,121.29;
#470:
>0:32.66,-93.91;37.92,-113.33;
#471:
>0:54.99,81.96;51.46,91.6;
#472:
>0:44.31,114.35;39.85,123.54;
#473:
>0:23.75,-119.82;28.77,-118.75;35.61,-60.03;28.1,-18.16;27.1,20.59;25.45,98.24;
#474:
>0:40.96,128.76;44.86,130.25;
#475:
>0:51.68,-48.02;53.15,-27.38;51.45,29.31;
#476:
>0:55.25,-29.91;46.73,27.67;39.51,-9.34;35.93,21.62;36.25,69.2;23.97,76.04;
#477:
>0:35.14,-81.98;42.15,-44.61;45.7,-15.64;
#478:
>0:42.01,140.4;41.3,143.04;
#479:
>0:26.97,35.42;30.91,-28.09;35.91,-3.82;
#480:
>0:42.78,148.47;41.73,116.75;
#481:
>0:40.93,152.59;42.46,126.41;
#482:
>0:31.88,64.73;35.94,37.93;44.4,1.37;
#483:
>0:27.17,99.84;30.78,97.87;38.79,80.36;39.86,50.04;
#484:
>0:48.08,55.47;40.61,39.18;38.29,38.84;31.39,-14.56;28.97,-94.34;
#485:
>0:23.77,-96.08;32.24,-107.05;35.57,-50.56;44.35,-38.04;36.59,38.39;44.88,101.93;
#486:
>0:24.73,95.9;30.97,125.07;23.59,61.27;24.26,-14.43;
#487:
>0:42.96,140.36;41.72,138.1;
#488:
>0:43.0,140.15;43.93,152.43;
#489:
>0:40.69,141.78;45.22,123.17;
#490:
>0:40.52,119.26;41.7,115.43;
#491:
>0:27.4,-20.15;31.25,-21.14;27.18,-86.69;
#492:
>0:52.52,-116.08;48.85,-56.28;45.19,-27.02;40.11,-54.58;36.63,-33.61;25.32,-22.78;
#493:
>0:40.65,135.55;43.98,136.06;
#494:
>0:55.22,-111.78;48.84,-55.63;41.05,-32.96;44.25,7.17;
#495:
>0:39.97,75.88;42.66,33.96;
#496:
>0:50.7,68.1;48.7,8.37;39.3,-11.01;
#497:
>0:44.8,144.67;41.61,115.96;
#498:
>0:36.76,-111.96;40.53,-79.5;38.48,-10.72;40.66,38.42;
#499:
>0:41.14,153.22;40.07,117.59;
#500:
>0:45.06,139.82;40.13,153.37;
#501:
>0:33.03,99.31;34.04,106.69;42.76,123.39;
#502:
>0:25.92,-80.39;30.69,-8.54;38.87,18.11;40.85,31.06;44.73,43.22;51.66,8.99;
#503:
>0:23.76,-96.13;32.74,-71.4;31.07,-32.46;32.46,14.18;
#504:
>0:36.46,-82.16;33.86,-67.8;
#505:
>0:33.79,-41.11;43.06,-85.6;
#506:
>0:45.31,-83.95;46.47,-54.97;40.97,-74.32;34.08,1.68;43.04,78.28;
#507:
>0:36.39,-62.1;43.25,-100.5;
#508:
>0:29.97,63.59;39.04,3.31;40.25,-0.19;
#509:
>0:40.89,145.47;43.42,115.96;
#510:
>0:42.4,123.79;43.16,129.15;
#511:
>0:22.67,-8.74;32.78,-58.48;38.79,-120.5;42.25,-110.26;48.2,-100.37;
#512:
>0:40.32,153.44;42.85,118.58;
#513:
>0:53.49,-110.6;52.66,-74.16;52.34,-23.17;45.58,16.66;51.0,73.8;
#514:
>0:43.4,131.2;41.77,142.54;
#515:
>0:44.53,139.66;42.68,121.32;
#516:
>0:47.94,109.44;48.88,54.06;
#517:
>0:23.58,-75.68;23.55,-12.07;31.28,-35.52;39.6,-5.18;
#518:
>0:38.31,-40.3;29.34,-67.43;26.72,-70.46;
#519:
>0:45.17,147.42;44.45,139.21;
#520:
>0:31.54,-47.02;37.82,-35.01;40.75,31.36;46.27,6.6;51.29,38.45;
#521:
>0:45.12,117.31;44.62,114.9;
#522:
>0:40.42,132.85;41.75,141.23;
#523:
>0:32.97,-100.36;38.46,-77.65;40.34,-12.84;38.89,31.17;33.58,66.36;
#524:
>0:45.26,126.82;40.24,115.98;
#525:
>0:40.53,153.79;43.46,141.75;
#526:
>0:43.92,131.08;44.61,117.5;
#527:
>0:54.81,34.79;55.14,-11.73;48.3,29.25;38.33,8.72;
#528:
>0:45.0,135.71;41.26,154.97;
#529:
>0:46.1,-82.5;53.93,-69.26;50.66,0.08;
#530:
>0:35.63,109.61;28.4,107.66;31.47,43.57;
#531:
>0:45.02,127.71;44.8,133.77;
#532:
>0:41.3,128.43;40.57,143.94;
#533:
>0:26.17,20.16;29.46,53.07;37.0,112.37;
#534:
>0:45.06,-98.27;48.19,-113.78;
#535:
>0:51.12,-60.07;51.74,-3.7;53.17,25.25;
#536:
>0:40.95,129.38;42.5,147.23;
#537:
>0:24.37,105.44;25.48,111.23;
#538:
>0:43.48,118.29;42.23,132.43;
#539:
>0:33.34,119.35;28.01,113.5;
#540:
>0:36.09,22.78;36.98,70.06;32.81,109.16;
#541:
>0:44.45,126.09;45.28,144.0;
#542:
>0:39.8,150.76;40.6,122.26;
#543:
>0:41.09,129.36;44.72,133.38;
#544:
>0:41.84,119.96;41.82,129.67;
#545:
>0:30.98,79.83;37.47,13.18;40.94,-8.68;
#546:
>0:54.55,94.9;49.25,78.75;49.2,6.51;40.18,0.53;50.1,-5.48;48.7,-83.44;
#547:
>0:42.82,115.17;46.02,127.7;
#548:
>0:44.75,15.86;44.44,-24.78;38.12,3.92;32.34,-10.02;26.51,36.16;
#549:
>0:42.14,137.36;40.6,129.44;
#550:
>0:35.15,-14.61;29.08,9.27;26.32,29.89;
#551:
>0:38.26,-102.79;36.17,-75.04;41.54,-38.74;33.71,22.06;34.34,49.58;
#552:
>0:43.25,-33.14;49.76,-33.38;49.84,17.23;54.24,110.39;
#553:
>0:42.58,69.96;48.76,52.41;
#554:
>0:43.05,137.85;43.14,132.15;
#555:
>0:40.98,154.02;43.19,136.28;
#556:
>0:44.28,126.88;43.04,150.19;
#557:
>0:22.73,15.06;29.16,-2.32;36.05,1.36;
#558:
>0:53.09,57.7;54.28,101.89;
#559:
>0:43.51,141.26;41.62,148.8;
#560:
>0:34.67,-64.67;40.95,-94.11;
#561:
>0:51.66,73.42;47.75,20.93;41.37,-10.29;50.26,-71.99;
#562:
>0:53.3,-113.61;49.27,-42.02;44.18,-47.78;37.76,-19.77;30.2,-32.95;24.79,51.93;
#563:
>0:46.14,99.21;48.89,54.72;42.2,130.89;29.08,88.61;
#564:
>0:43.63,82.75;42.16,5.49;43.08,-29.89;40.47,-44.75;53.63,-114.72;
#565:
>0:42.58,121.55;40.67,115.67;
#566:
>0:37.86,-63.59;43.81,-35.69;38.57,9.7;38.66,58.92;41.57,148.55;
#567:
>0:42.56,145.94;43.45,124.52;
#568:
>0:41.04,149.27;42.95,135.24;
#569:
>0:22.53,-6.47;30.41,11.11;33.79,62.37;42.72,139.74;48.0,112.54;55.87,118.37;
#570:
>0:55.37,-59.19;55.34,-15.06;54.85,21.24;
#571:
>0:45.1,-58.52;47.1,-4.54;
#572:
>0:40.45,123.54;39.51,80.47;43.77,26.21;38.16,13.9;28.0,-3.98;41.74,-107.29;
#573:
>0:44.3,125.29;42.89,144.43;
#574:
>0:42.5,119.13;43.41,155.18;
#575:
>0:28.02,45.77;37.56,112.64;39.32,50.96;45.75,2.5;
#576:
>0:48.48,-54.43;43.6,-46.56;34.53,-27.6;38.1,32.79;42.34,134.92;
#577:
>0:42.4,132.65;40.65,119.85;
#578:
>0:36.94,-12.93;39.2,-12.78;38.06,26.55;32.89,94.33;
#579:
>0:43.22,146.53;45.14,138.93;
#580:
>0:48.41,-120.17;48.19,-111.49;
#581:
>0:26.69,4.77;28.7,-2.82;34.55,-64.45;43.15,-111.81;46.43,-71.8;51.54,-65.72;
#582:
>0:43.72,144.67;40.04,117.77;
#583:
>0:32.7,-2.61;36.96,29.1;36.57,45.73;42.95,149.47;
#584:
>0:43.68,138.99;41.37,121.45;
#585:
>0:35.37,29.73;36.83,68.04;31.87,91.9;
#586:
>0:49.89,-98.45;45.56,-86.06;
#587:
>0:34.85,10.72;27.89,-27.66;25.92,-64.79;30.21,-86.41;
#588:
>0:41.52,49.28;37.76,24.61;
#589:
>0:33.46,-3.04;35.64,20.26;
#590:
>0:45.24,128.26;43.55,138.92;
#591:
>0:34.71,-111.31;32.74,-57.62;24.15,-41.17;
#592:
>0:35.84,-51.41;29.11,-52.55;22.29,-60.77;
#593:
>0:34.72,-107.29;39.36,-110.23;49.37,-99.09;
#594:
>0:40.01,146.8;40.61,132.85;
#595:
>0:55.78,42.3;52.19,51.69;54.21,98.57;
#596:
>0:44.22,152.91;41.92,132.42;
#597:
>0:43.37,150.46;42.65,151.1;
#598:
>0:44.1,119.42;46.1,115.43;55.87,109.41;
#599:
>0:39.94,115.69;41.37,137.02;
#600:
>0:43.0,116.64;41.17,138.08;
#601:
>0:42.58,134.36;40.04,153.99;
#602:
>0:43.99,142.09;42.57,117.18;
#603:
>0:39.51,-61.11;37.84,-4.42;37.89,28.31;32.21,46.24;
#604:
>0:47.3,-10.85;39.11,-79.55;36.3,-1.32;29.9,-37.74;26.0,-109.39;
#605:
>0:40.41,147.86;44.4,151.54;
#606:
>0:45.23,133.76;39.77,153.94;
#607:
>0:39.73,137.41;41.12,122.2;
#608:
>0:39.9,-17.18;45.56,-32.7;45.47,19.45;55.39,100.58;
#609:
>0:45.0,119.23;40.08,137.94;
#610:
>0:50.2,-66.26;42.83,-16.25;36.59,11.26;30.4,84.5;
#611:
>0:41.12,131.44;40.32,152.01;
#612:
>0:42.99,130.89;44.76,130.81;
#613:
>0:34.95,20.66;30.26,-37.46;22.66,30.3;
#614:
>0:41.44,145.29;41.08,116.02;
#615:
>0:42.08,135.06;44.14,142.82;
#616:
>0:38.65,-10.6;34.1,-72.21;
#617:
>0:48.74,-64.58;49.33,-12.41;47.27,18.24;39.6,81.01;45.24,120.54;
#618:
>0:46.38,-10.01;50.19,4.73;43.48,46.0;42.37,138.39;
#619:
>0:39.97,139.0;48.43,123.7;52.17,98.52;
#620:
>0:40.33,122.91;43.57,115.74;
#621:
>0:49.71,75.21;44.31,29.68;36.71,37.99;31.75,-21.31;31.51,-95.64;
#622:
>0:39.84,115.81;41.69,147.12;
#623:
>0:39.96,123.34;41.06,149.49;
#624:
>0:43.54,145.29;42.64,148.61;
#625:
>0:42.01,148.83;43.47,119.91;
#626:
>0:35.18,124.93;44.64,135.05;48.1,89.2;54.93,94.44;
#627:
>0:53.63,-41.4;53.08,-75.12;
#628:
>0:37.3,-17.0;34.11,19.68;29.42,49.61;
#629:
>0:53.43,115.87;44.82,82.07;41.6,24.98;37.96,10.51;27.91,-30.76;43.67,-116.76;
#630:
>0:53.44,124.61;45.96,62.02;44.47,19.67;42.37,-17.29;39.5,-44.91;40.56,-90.98;
#631:
>0:41.62,-40.25;33.63,-121.4;
#632:
>0:39.95,143.9;43.86,155.49;
#633:
>0:43.7,142.47;43.18,128.49;
#634:
>0:43.04,128.36;41.82,150.66;
#635:
>0:38.56,-44.1;44.04,-115.65;
#636:
>0:43.73,123.11;40.65,124.45;
#637:
>0:43.53,129.4;43.71,119.66;
#638:
>0:39.52,-8.82;48.46,-8.85;45.99,31.65;54.4,108.34;
#639:
>0:45.05,117.63;40.7,116.59;
#640:
>0:42.57,153.77;40.66,132.48;
#641:
>0:49.41,100.7;52.87,47.84;55.41,22.7;
#642:
>0:43.01,134.29;45.16,134.57;
#643:
>0:41.78,138.61;42.45,123.4;
#644:
>0:33.95,-112.5;35.27,-51.04;
#645:
>0:23.84,-28.42;32.31,-9.53;24.7,-90.27;
#646:
>0:44.76,148.68;44.23,132.33;
#647:
>0:47.31,-119.2;52.76,-72.88;54.91,-4.52;
#648:
>0:47.88,-10.57;45.6,-59.0;43.02,-63.89;29.27,-50.22;
#649:
>0:42.83,138.21;37.35,86.18;33.29,91.13;
#650:
>0:45.06,120.75;44.49,131.54;
#651:
>0:40.48,127.69;44.67,121.91;
#652:
>0:53.92,62.58;49.6,15.86;44.6,-34.59;
#653:
>0:36.86,43.01;42.89,7.86;32.43,96.32;
#654:
>0:29.13,-27.82;33.76,-47.1;44.32,-121.85;40.0,-75.64;52.13,-119.2;
#655:
>0:54.33,-10.73;45.3,-79.11;
#656:
>0:43.97,144.07;41.59,141.37;
#657:
>0:37.47,-43.96;31.25,-77.09;24.5,-70.77;
#658:
>0:34.54,-42.06;28.5,-55.01;27.11,-49.78;
#659:
>0:40.52,24.08;36.43,36.04;
#660:
>0:23.46,80.66;30.6,10.0;24.87,-32.14;28.71,-65.39;
#661:
>0:40.62,135.27;44.85,122.52;
#662:
>0:42.46,117.17;43.59,118.85;
#663:
>0:43.23,120.83;43.7,155.02;
#664:
>0:40.9,33.5;33.65,64.27;33.3,54.07;25.09,-1.95;
#665:
>0:41.11,147.14;41.18,138.6;
#666:
>0:41.47,81.28;41.01,20.46;44.29,0.92;50.23,-45.2;
#667:
>0:41.22,129.67;41.48,143.94;
#668:
>0:40.95,136.0;40.31,130.12;
#669:
>0:44.85,118.84;44.5,134.68;
#670:
>0:37.74,2.26;30.9,-16.65;25.1,8.21;
#671:
>0:42.35,124.53;44.47,148.01;
#672:
>0:39.88,118.04;42.27,124.19;
#673:
>0:45.12,129.93;44.2,145.07;
#674:
>0:44.27,146.94;41.56,140.7;
#675:
>0:42.97,126.57;42.47,119.88;
#676:
>0:43.15,154.47;41.18,153.88;
#677:
>0:37.18,-11.84;30.5,-18.43;26.21,59.03;
#678:
>0:42.94,116.9;43.33,127.66;
#679:
>0:51.46,-91.52;47.27,-76.55;48.7,-4.61;43.57,-63.54;35.08,-26.27;25.98,-16.72;
#680:
>0:34.43,-50.02;27.9,-63.34;24.2,-27.98;27.75,31.27;23.0,117.41;
#681:
>0:43.62,143.05;39.68,137.55;
#682:
>0:42.81,150.76;42.75,121.84;
#683:
>0:46.16,67.45;39.65,29.95;38.43,-31.07;
#684:
>0:54.48,35.13;50.76,-31.36;50.09,3.44;39.05,40.59;
#685:
>0:41.19,145.42;43.67,120.1;
#686:
>0:32.59,-33.86;37.25,-17.6;
#687:
>0:24.22,-38.99;31.17,-7.61;26.29,-83.46;
#688:
>0:46.65,-96.15;41.39,-56.33;33.6,-39.07;33.18,-5.4;22.46,35.74;22.97,101.33;
#689:
>0:44.38,116.56;41.97,149.5;
#690:
>0:46.86,-78.47;49.06,-32.48;46.74,31.51;41.47,52.82;42.33,121.01;
#691:
>0:44.31,146.03;39.95,119.1;
#692:
>0:46.5,-6.58;55.16,-31.4;
#693:
>0:31.35,79.47;35.61,82.9;
#694:
>0:40.82,131.57;43.24,129.03;
#695:
>0:31.5,120.83;30.21,80.08;
#696:
>0:40.67,141.24;43.17,145.79;
#697:
>0:41.44,122.38;40.09,137.78;
#698:
>0:43.53,121.2;44.7,136.86;
#699:
>0:44.84,149.44;44.33,150.74;
#700:
>0:41.73,136.83;40.73,134.23;
#701:
>0:28.4,84.11;29.93,5.64;23.44,-3.89;32.82,0.76;22.92,-109.15;
#702:
>0:45.09,143.05;42.35,129.62;
#703:
>0:47.96,-93.04;46.01,-72.48;41.09,-48.23;38.91,-9.0;38.54,35.71;45.03,140.88;
#704:
>0:44.83,141.77;41.07,122.06;
#705:
>0:43.51,155.73;40.22,154.99;
#706:
>0:40.19,153.91;41.03,129.21;
#707:
>0:24.53,-106.66;29.48,-66.5;28.74,-38.38;30.94,40.84;
#708:
>0:44.16,125.51;44.87,150.99;
#709:
>0:27.41,39.38;29.0,-7.13;36.78,-20.5;
#710:
>0:42.94,116.07;41.88,144.7;
#711:
>0:34.92,30.79;42.28,80.42;
#712:
>0:32.66,-36.77;38.24,-50.33;40.06,-20.67;49.69,-17.04;50.83,-84.65;
#713:
>0:50.49,78.96;45.21,3.15;39.57,-18.2;
#714:
>0:43.25,123.57;44.65,121.24;
#715:
>0:28.65,-117.14;33.7,-50.63;44.32,-22.12;37.3,42.26;36.01,71.12;
#716:
>0:29.73,-20.18;37.7,-11.05;
#717:
>0:54.49,-13.53;45.01,32.16;44.58,-19.04;37.34,2.78;32.34,-27.48;25.32,59.56;
#718:
>0:42.64,132.37;44.6,116.57;
#719:
>0:44.56,141.88;44.62,152.82;
#720:
>0:27.21,-98.43;27.97,-88.23;34.91,-110.0;
#721:
>0:26.62,-60.81;25.04,-90.85;28.0,-82.62;39.87,-26.82;
#722:
>0:44.62,144.55;44.47,123.43;
#723:
>0:40.0,31.79;48.81,19.23;
#724:
>0:42.44,131.74;40.22,135.92;
#725:
>0:41.62,142.15;41.01,140.44;
#726:
>0:42.53,133.95;41.46,117.9;
#727:
>0:43.28,-102.78;36.81,-52.04;43.68,-17.08;37.97,40.32;33.4,84.09;
#728:
>0:40.55,123.66;39.89,148.09;
#729:
>0:39.71,119.85;42.28,124.04;
#730:
>0:27.99,-87.97;37.25,-92.66;
#731:
>0:41.59,151.77;41.51,155.69;
#732:
>0:39.04,-69.49;40.61,-119.89;47.47,-86.69;
#733:
>0:42.0,126.12;42.09,145.47;
#734:
>0:44.11,138.95;41.04,143.32;
#735:
>0:42.92,142.25;44.88,124.24;
#736:
>0:54.34,-28.94;47.0,30.64;41.31,70.14;43.5,152.04;33.02,105.62;
#737:
>0:43.02,121.48;40.18,138.83;
#738:
>0:47.16,-7.67;47.49,16.06;44.61,-24.33;36.94,5.01;22.6,-5.84;
#739:
>0:51.65,-8.92;48.61,20.67;46.41,63.34;44.88,154.2;34.76,91.96;25.12,52.49;
#740:
>0:41.94,118.72;36.8,51.15;29.28,3.52;31.85,-2.38;
#741:
>0:26.81,-87.23;29.59,-88.37;35.98,-75.26;41.1,-115.38;47.07,-24.78;
#742:
>0:33.77,26.02;34.16,47.32;29.85,115.55;
#743:
>0:44.67,131.31;43.1,131.55;
#744:
>0:43.45,155.69;40.36,149.46;
#745:
>0:48.82,-89.0;49.82,-41.46;43.18,-61.16;33.98,-23.83;34.43,81.87;
#746:
>0:50.53,39.12;47.34,-33.99;48.93,-63.65;34.27,-70.03;
#747:
>0:24.95,3.7;30.43,33.32;
#748:
>0:41.33,130.88;40.85,140.2;
#749:
>0:43.1,129.54;41.4,118.85;
#750:
>0:49.43,-102.58;46.65,-76.78;37.68,-77.33;
#751:
>0:40.87,128.76;42.83,115.42;
#752:
>0:46.56,-102.51;46.45,-45.28;39.5,-80.08;36.16,-25.74;43.02,46.91;
#753:
>0:27.68,-44.05;31.39,-3.96;34.43,4.1;42.59,33.51;47.45,4.59;52.19,12.8;
#754:
>0:42.17,127.52;44.87,132.04;
#755:
>0:42.4,118.34;43.17,125.01;
#756:
>0:42.2,136.35;50.03,115.54;49.46,70.55;45.26,36.13;42.33,-72.3;
#757:
>0:29.32,-35.74;35.4,-45.19;41.84,-10.84;39.98,-59.01;53.84,-102.93;
#758:
>0:39.72,-7.46;47.06,-13.28;52.63,-119.93;
#759:
>0:40.31,-96.83;36.48,-78.5;31.46,-21.7;25.04,-82.89;
#760:
>0:42.51,124.15;44.08,125.24;
#761:
>0:27.48,87.78;30.95,101.2;34.15,52.49;44.63,33.69;42.14,-4.44;36.47,-102.9;
#762:
>0:35.4,-14.29;31.37,23.18;24.46,21.42;
#763:
>0:40.03,142.67;44.27,147.13;
#764:
>0:39.52,-85.55;49.23,-52.37;45.91,-2.18;45.26,40.53;52.96,68.56;
#765:
>0:50.45,-100.43;46.66,-72.27;
#766:
>0:27.35,9.91;30.15,-19.47;34.58,-12.88;
#767:
>0:35.75,-17.42;32.87,-29.06;26.65,10.87;
#768:
>0:26.24,106.24;33.04,102.97;38.44,66.82;40.95,9.52;47.27,-32.23;
#769:
>0:44.71,154.88;43.21,129.54;
#770:
>0:51.75,90.76;48.11,52.96;47.58,21.01;
#771:
>0:28.4,107.95;37.02,63.57;41.75,40.18;45.68,11.25;50.76,-9.98;48.42,-96.14;
#772:
>0:33.73,-60.84;30.72,-71.19;25.73,-54.25;
#773:
>0:41.11,132.72;42.35,132.57;
#774:
>0:43.43,-103.25;46.74,-76.96;38.26,-25.49;
#775:
>0:39.83,152.96;44.87,117.58;
#776:
>0:40.68,130.23;41.21,124.43;
#777:
>0:42.87,132.67;41.38,135.6;
#778:
>0:39.66,-27.01;34.2,23.97;34.99,77.63;44.78,129.5;
#779:
>0:43.1,151.5;41.09,119.16;
#780:
>0:43.11,-80.7;37.85,-28.02;28.31,-57.94;
#781:
>0:41.03,155.36;40.82,143.91;
#782:
>0:51.97,79.73;45.31,38.21;43.85,-24.9;
#783:
>0:41.28,137.12;42.27,116.97;
#784:
>0:53.28,30.62;55.42,-38.69;40.59,61.91;
#785:
>0:40.76,118.46;40.43,128.35;
#786:
>0:45.25,150.11;42.51,116.5;
#787:
>0:28.99,103.97;39.06,79.59;
#788:
>0:43.0,128.88;43.62,129.78;
#789:
>0:23.83,-29.91;32.64,25.83;34.99,57.29;39.77,144.17;
#790:
>0:43.53,120.23;42.59,116.31;
#791:
>0:44.72,133.86;39.89,148.55;
#792:
>0:38.22,-20.73;31.21,-7.24;25.26,55.14;
#793:
>0:42.99,153.69;39.95,132.74;
#794:
>0:36.01,14.05;40.07,19.36;39.87,-22.21;35.49,-100.6;
#795:
>0:42.6,125.23;43.77,131.11;
#796:
>0:43.18,150.98;41.02,155.34;
#797:
>0:44.34,15.77;47.33,18.46;
#798:
>0:39.98,123.21;42.71,144.85;
#799:
>0:36.18,6.23;40.26,7.9;41.8,-16.32;36.31,-99.6;
#800:
>0:40.99,-92.7;34.59,-45.16;31.26,-67.9;30.35,-36.4;25.64,50.54;
#801:
>0:43.66,116.4;44.31,127.06;
#802:
>0:26.68,122.23;32.77,109.51;34.7,67.46;40.33,18.51;49.5,-23.99;
#803:
>0:33.58,-107.54;35.38,-86.94;
#804:
>0:44.0,111.55;42.73,133.81;
#805:
>0:43.64,148.47;42.16,151.28;
#806:
>0:54.28,103.68;48.08,50.79;44.05,6.24;
#807:
>0:49.02,-11.5;47.97,32.06;40.38,-35.73;37.79,10.27;27.33,-13.83;
#808:
>0:40.98,148.37;42.83,131.16;
#809:
>0:40.0,150.9;44.06,136.43;
#810:
>0:55.28,18.98;50.69,1.94;49.14,43.02;39.79,-8.77;36.75,38.78;24.59,-3.91;
#811:
>0:42.59,128.56;42.55,145.42;
#812:
>0:51.37,97.86;47.74,63.68;45.24,21.21;40.0,-17.38;45.11,-10.01;38.29,-107.57;
#813:
>0:41.19,155.74;40.91,120.04;
#814:
>0:42.2,147.2;41.33,143.99;
#815:
>0:53.23,-121.91;52.76,-110.25;
#816:
>0:42.68,141.42;43.42,150.18;
#817:
>0:25.94,-82.62;23.23,-62.32;
#818:
>0:41.89,123.74;44.34,126.98;
#819:
>0:33.21,119.95;36.35,59.24;34.68,37.57;36.04,-39.16;
#820:
>0:40.41,142.44;40.81,146.54;
#821:
>0:40.0,120.7;39.83,146.76;
#822:
>0:31.06,37.02;36.33,-36.32;40.8,-23.38;45.96,-59.91;
#823:
>0:45.16,-53.6;50.98,-23.18;
#824:
>0:43.12,149.52;42.33,132.73;
#825:
>0:39.88,-31.08;38.54,9.83;37.07,77.84;40.9,139.18;
#826:
>0:43.96,-112.67;38.06,-48.69;31.42,-0.5;27.19,-114.88;
#827:
>0:41.04,15.68;37.23,20.14;
#828:
>0:41.92,134.41;43.94,140.23;
#829:
>0:53.33,104.31;49.95,76.05;
#830:
>0:32.98,-56.38;35.29,-21.56;35.18,34.78;36.56,75.76;43.16,152.94;
#831:
>0:47.7,-74.06;45.86,-6.41;
#832:
>0:42.31,130.03;43.13,121.27;
#833:
>0:41.18,127.69;40.2,134.21;
#834:
>0:43.6,147.06;41.98,138.45;
#835:
>0:40.8,136.53;44.79,140.19;
#836:
>0:43.66,146.66;42.07,152.33;
#837:
>0:55.69,91.69;47.13,55.8;42.95,129.4;36.07,98.48;30.3,71.15;
#838:
>0:40.32,115.79;43.28,139.45;
#839:
>0:36.95,-61.92;41.34,-14.08;44.88,-16.42;40.42,83.17;
#840:
>0:41.79,152.46;40.94,118.7;
#841:
>0:45.0,152.57;43.26,118.45;
#842:
>0:40.63,118.73;43.67,126.38;
#843:
>0:42.7,122.01;43.52,145.0;
#844:
>0:29.36,100.31;38.84,67.88;39.97,140.35;
#845:
>0:30.46,4.07;35.62,-11.33;42.09,-61.68;48.27,-83.14;
#846:
>0:42.07,141.71;41.04,151.26;
#847:
>0:44.11,152.06;42.75,133.8;
#848:
>0:23.48,-106.26;31.14,-64.95;35.64,-22.79;44.02,8.11;48.53,39.71;55.59,45.16;
#849:
>0:34.47,60.09;41.97,21.16;46.79,-22.92;
#850:
>0:41.13,154.08;42.76,137.59;
#851:
>0:39.03,14.63;31.9,-26.48;
#852:
>0:51.54,-114.65;46.39,-79.03;46.81,-2.17;44.45,-42.86;36.34,-13.99;26.5,-33.45;
#853:
>0:45.4,-61.11;47.04,-5.5;46.93,24.32;43.18,70.91;44.6,131.4;
#854:
>0:41.56,129.4;44.43,139.9;
#855:
>0:27.06,-96.43;26.14,-62.08;
#856:
>0:44.99,134.94;44.89,142.01;
#857:
>0:40.0,154.47;39.79,130.74;
#858:
>0:39.82,134.21;45.08,147.69;
#859:
>0:44.95,148.88;40.49,150.01;
#860:
>0:43.32,137.06;42.72,127.98;
#861:
>0:32.18,124.92;38.68,45.97;33.81,15.97;35.79,-17.62;
#862:
>0:43.1,123.53;43.42,122.37;
#863:
>0:44.91,125.33;44.37,139.55;
#864:
>0:40.97,-36.33;38.89,9.46;29.04,-1.19;24.03,10.59;
#865:
>0:53.63,90.04;46.06,53.87;41.23,32.15;33.96,33.54;31.41,-21.2;40.07,-95.97;
#866:
>0:44.05,134.87;41.58,140.9;
#867:
>0:44.96,154.04;40.12,123.38;
#868:
>0:51.63,-84.3;48.24,-62.77;39.45,-64.49;34.88,-7.59;37.56,29.17;32.5,109.13;
#869:
>0:42.67,133.68;42.57,123.21;
#870:
>0:40.27,-44.22;38.33,-24.11;36.06,40.7;32.28,58.28;
#871:
>0:43.39,-88.49;36.37,-49.38;29.88,-10.84;22.58,-114.07;
#872:
>0:41.47,138.67;43.2,147.79;
#873:
>0:43.53,151.93;41.1,139.39;
#874:
>0:52.85,4.25;50.18,-17.69;40.36,44.06;
#875:
>0:40.95,121.75;40.96,133.98;
#876:
>0:43.23,129.31;42.01,123.76;
#877:
>0:38.03,-102.23;33.32,-68.22;29.73,-31.55;22.98,-4.68;22.6,35.47;24.35,110.25;
#878:
>0:45.14,-78.79;40.06,-0.45;
#879:
>0:52.56,79.04;45.48,33.46;40.27,-31.98;
#880:
>0:44.17,139.69;41.27,147.15;
#881:
>0:42.74,144.15;44.17,144.86;
#882:
>0:44.95,-53.19;44.41,-25.54;
#883:
>0:41.34,142.35;43.11,155.69;
#884:
>0:47.35,-38.54;41.93,-77.0;33.48,-36.17;31.84,-8.1;25.23,-107.11;
#885:
>0:35.53,-37.24;27.94,15.19;24.73,42.57;
#886:
>0:41.14,-43.85;33.56,-26.99;28.82,-45.1;
#887:
>0:44.15,145.47;39.75,150.63;
#888:
>0:43.33,124.69;40.4,123.9;
#889:
>0:51.09,116.45;52.97,124.98;
#890:
>0:41.2,121.23;39.83,155.0;
#891:
>0:43.82,126.01;43.57,120.1;
#892:
>0:25.39,114.94;23.57,113.4;
#893:
>0:40.34,127.45;43.92,121.74;
#894:
>0:26.68,126.31;22.35,113.25;
#895:
>0:45.03,140.5;42.15,149.83;
#896:
>0:26.31,70.99;29.28,25.55;24.71,-21.03;29.38,-37.14;26.46,-89.54;
#897:
>0:44.25,18.23;44.48,-28.09;45.55,-72.81;
#898:
>0:40.6,146.37;40.43,119.01;
#899:
>0:40.82,123.24;44.76,128.81;
#900:
>0:45.18,152.6;40.55,114.28;
#901:
>0:43.79,133.76;44.08,144.68;
#902:
>0:32.32,9.64;36.7,64.67;38.92,114.5;
#903:
>0:43.81,149.55;41.05,147.61;
#904:
>0:37.45,-16.74;34.08,38.12;25.56,10.4;
#905:
>0:42.57,134.17;44.97,154.0;
#906:
>0:40.89,15.77;48.27,7.52;
#907:
>0:48.29,144.3;38.72,88.85;32.35,102.98;24.8,103.0;
#908:
>0:42.04,123.21;34.53,68.07;33.21,52.7;22.34,-21.27;
#909:
>0:41.16,148.6;42.2,152.67;
#910:
>0:29.15,-34.25;37.64,39.72;35.72,79.86;45.34,111.16;
#911:
>0:52.34,101.62;48.4,47.99;44.33,16.11;
#912:
>0:52.62,-24.63;47.39,2.13;47.19,38.38;55.6,91.95;
#913:
>0:25.66,31.69;31.35,29.11;
#914:
>0:42.84,125.63;44.56,119.73;
#915:
>0:29.95,125.87;29.23,92.98;
#916:
>0:38.24,6.23;41.63,-1.79;34.52,-52.47;
#917:
>0:41.29,140.24;40.71,150.32;
#918:
>0:49.51,-54.77;43.01,-55.28;37.53,-30.06;35.87,39.02;29.97,109.22;
#919:
>0:42.02,141.54;41.85,132.29;
#920:
>0:54.3,25.73;52.3,-25.97;46.83,33.31;36.88,23.91;
#921:
>0:40.77,-79.58;46.97,-10.32;54.56,19.59;
#922:
>0:27.25,117.9;29.23,71.8;36.95,26.56;41.19,-16.07;40.07,-73.24;50.91,-122.11;
#923:
>0:40.85,123.79;42.1,132.95;
#924:
>0:39.83,-5.01;46.78,-31.36;47.84,31.01;44.44,150.64;
#925:
>0:44.77,132.18;43.23,133.4;
#926:
>0:54.53,-62.88;46.37,-95.4;50.29,-43.16;36.5,-33.0;
#927:
>0:38.18,75.94;36.05,116.92;
#928:
>0:39.58,-17.81;49.21,-32.7;44.74,10.3;53.47,114.15;
#929:
>0:39.98,128.35;45.15,120.06;
#930:
>0:44.9,149.61;39.88,139.9;
#931:
>0:42.57,25.01;50.24,2.55;51.89,-2.13;47.96,-96.27;
#932:
>0:42.52,154.6;44.64,161.77;
#933:
>0:39.01,-67.45;38.54,-12.29;
#934:
>0:25.4,34.31;31.12,1.62;36.58,-68.23;42.7,-117.04;
#935:
>0:45.15,129.27;40.26,150.65;
#936:
>0:48.64,16.36;41.26,-3.11;37.68,37.59;30.27,0.67;22.37,2.34;
#937:
>0:41.91,118.6;40.12,130.37;
#938:
>0:44.31,155.14;40.43,133.01;
#939:
>0:32.74,91.53;30.79,49.64;28.18,4.83;24.33,-34.14;27.96,-9.54;44.02,-120.36;
#940:
>0:27.08,-83.97;33.32,-46.21;31.15,0.73;32.99,5.02;
#941:
>0:43.42,-111.78;35.55,-61.26;32.39,-29.8;27.53,-36.23;23.31,82.38;
#942:
>0:44.63,-118.79;49.83,-56.13;38.83,-29.39;
#943:
>0:29.17,-52.31;37.79,-32.47;39.97,-24.65;33.88,40.54;43.78,134.06;
#944:
>0:42.35,140.09;42.19,132.11;
#945:
>0:45.18,53.02;40.53,79.7;
#946:
>0:32.65,8.14;35.77,-25.78;39.97,-56.91;48.52,-116.3;
#947:
>0:29.22,32.15;22.58,-38.56;31.57,-61.65;
#948:
>0:44.27,123.76;40.95,117.56;
#949:
>0:45.0,133.6;46.7,121.83;48.81,19.54;
#950:
>0:42.07,132.28;41.0,142.06;
#951:
>0:43.02,134.49;41.59,149.94;
#952:
>0:44.51,130.39;42.43,126.51;
#953:
>0:55.38,-39.19;50.34,-7.88;49.07,41.19;42.98,148.71;
#954:
>0:44.65,140.33;44.5,123.37;
#955:
>0:27.0,42.82;24.41,-5.57;
#956:
>0:42.08,141.18;44.37,145.93;
#957:
>0:41.26,122.82;41.98,147.02;
#958:
>0:44.87,140.37;42.37,154.92;
#959:
>0:51.84,-98.76;49.58,-39.65;
#960:
>0:28.77,33.98;29.55,9.05;
#961:
>0:43.32,138.59;43.19,136.43;
#962:
>0:40.3,134.3;40.73,155.16;
#963:
>0:39.73,123.15;45.03,141.45;
#964:
>0:33.42,65.01;38.8,99.68;44.15,60.55;50.17,35.23;
#965:
>0:43.96,133.88;42.28,145.98;
#966:
>0:43.82,150.16;40.97,124.12;
#967:
>0:43.14,121.04;43.49,131.93;
#968:
>0:43.07,149.33;44.92,138.5;
#969:
>0:22.72,21.27;30.19,57.97;33.64,114.38;40.64,144.4;45.1,104.36;55.6,51.91;
#970:
>0:54.0,45.93;46.9,27.05;39.54,-3.01;37.94,18.81;31.13,-12.75;25.89,-116.15;
#971:
>0:44.18,120.76;43.58,136.29;
#972:
>0:48.58,-80.35;41.43,-6.91;36.33,36.14;29.71,78.28;
#973:
>0:44.08,155.74;44.46,145.62;
#974:
>0:40.1,134.36;42.99,129.02;
#975:
>0:44.98,114.82;44.85,127.0;
#976:
>0:40.07,133.63;41.96,153.83;
#977:
>0:43.97,135.67;40.0,122.99;
#978:
>0:39.6,14.44;42.9,25.51;
#979:
>0:41.1,124.36;40.46,143.64;
#980:
>0:44.49,115.2;41.68,144.04;
#981:
>0:40.37,124.4;40.24,138.27;
#982:
>0:45.71,106.06;48.29,48.65;47.62,8.78;54.12,-18.32;53.67,-76.39;
#983:
>0:44.39,151.86;43.44,127.66;
#984:
>0:42.02,122.36;40.83,152.58;
#985:
>0:44.34,128.2;44.0,128.39;
#986:
>0:44.23,123.32;42.32,136.49;
#987:
>0:55.12,107.12;45.12,68.98;44.48,128.79;37.85,107.8;29.36,45.78;
#988:
>0:45.07,88.28;46.97,63.46;48.21,12.18;40.72,-8.83;45.47,-31.24;34.76,-118.01;
#989:
>0:43.74,135.27;43.8,140.12;
#990:
>0:50.76,106.66;45.86,60.48;44.12,36.37;
#991:
>0:55.73,-116.87;47.15,-78.46;
#992:
>0:46.14,81.69;46.2,33.65;41.09,-34.04;35.04,-65.15;
#993:
>0:25.86,85.97;29.89,111.93;37.34,44.71;42.22,114.29;49.07,122.1;55.87,44.85;
#994:
>0:40.67,128.85;44.24,136.12;
#995:
>0:39.78,121.1;44.55,131.13;
#996:
>0:43.9,149.5;42.96,115.19;
#997:
>0:27.0,9.33;32.16,34.21;37.77,29.93;41.17,10.16;45.71,25.41;54.7,35.9;
#998:
>0:53.8,36.15;48.96,-24.72;45.35,-56.65;37.13,-68.5;
#999:
>0:55.07,-47.17;46.74,-99.4;47.69,-69.57;35.8,-52.7;
#1000:
>0:52.7,-93.03;49.74,-45.7;
#1001:
>0:46.36,74.42;45.3,35.78;41.77,-5.99;46.23,0.46;45.78,-95.46;
#1002:
>0:40.66,121.84;43.22,143.69;
#1003:
>0:44.27,132.68;42.46,151.97;
#1004:
>0:27.89,1.29;25.78,-9.74;26.45,82.19;
#1005:
>0:41.29,149.05;40.52,151.33;
#1006:
>0:47.11,-64.63;48.69,-15.12;48.05,14.93;55.0,83.66;
#1007:
>0:23.61,-82.4;25.05,-54.25;
#1008:
>0:31.37,-119.31;37.34,-57.72;28.39,-7.48;25.93,3.85;
#1009:
>0:39.87,147.09;43.54,133.84;
#1010:
>0:39.99,133.36;41.2,147.78;
#1011:
>0:25.37,-97.01;29.74,-79.51;34.68,-0.79;39.19,35.16;47.84,41.67;50.45,17.48;
#1012:
>0:48.59,7.85;39.21,-12.36;37.55,69.57;
#1013:
>0:41.1,-1.8;45.47,10.82;55.23,72.79;
#1014:
>0:44.78,151.19;42.11,155.73;
#1015:
>0:41.6,-64.39;45.05,-23.58;52.75,14.78;
#1016:
>0:44.62,122.44;44.11,149.77;
#1017:
>0:39.46,-15.94;40.91,-39.67;28.79,-50.17;
#1018:
>0:42.41,123.21;43.82,118.46;
#1019:
>0:44.68,-101.38;34.11,-46.4;28.44,-70.2;27.08,-49.19;
#1020:
>0:40.58,135.91;42.02,153.09;
#1021:
>0:49.99,-109.05;41.3,-65.35;35.85,-28.57;37.65,27.14;29.15,44.75;
#1022:
>0:45.23,116.76;43.06,155.59;
#1023:
>0:52.61,86.93;46.27,66.45;43.33,41.88;40.25,-31.82;
#1024:
>0:38.81,-107.93;31.29,-85.73;
#1025:
>0:30.59,44.23;37.82,110.38;42.57,7.38;
#1026:
>0:26.23,-6.43;33.34,-5.98;25.28,-89.05;
#1027:
>0:41.82,117.82;44.78,140.7;
#1028:
>0:40.58,128.09;43.08,144.15;
#1029:
>0:45.08,140.67;41.63,150.9;
#1030:
>0:28.94,-24.36;34.45,-51.48;40.93,-59.69;
#1031:
>0:45.11,145.15;44.46,133.74;
#1032:
>0:40.98,-32.64;35.51,-32.75;
#1033:
>0:41.86,150.23;41.44,153.23;
#1034:
>0:42.9,132.62;44.94,115.92;
#1035:
>0:32.35,117.84;34.88,124.83;45.27,148.8;45.67,126.58;51.67,100.77;
#1036:
>0:44.98,126.65;42.84,148.96;
#1037:
>0:40.56,125.98;41.08,148.07;
#1038:
>0:48.32,68.26;46.76,21.69;41.88,-7.0;48.36,-0.07;49.28,-114.02;
#1039:
>0:45.05,120.3;44.82,148.95;
#1040:
>0:34.04,8.91;35.03,83.1;43.41,116.35;
#1041:
>0:38.35,0.14;41.45,-11.65;34.61,-119.94;
#1042:
>0:41.94,123.32;42.38,118.72;
#1043:
>0:32.3,-115.28;32.76,-108.14;
#1044:
>0:40.84,146.26;44.61,137.82;
#1045:
>0:23.76,119.44;27.87,122.93;35.87,95.18;42.57,123.6;47.88,92.55;53.19,76.79;
#1046:
>0:42.16,125.98;43.17,145.82;
#1047:
>0:41.64,119.31;43.04,135.65;
#1048:
>0:46.14,-112.32;48.64,-46.04;41.18,-69.94;33.58,-8.29;37.03,54.82;
#1049:
>0:54.94,19.55;55.86,-13.62;49.26,12.37;37.28,5.45;
#1050:
>0:39.81,136.41;40.6,123.78;
#1051:
>0:42.95,150.88;43.7,116.14;
#1052:
>0:49.13,-112.15;48.49,-48.93;40.55,-78.73;37.12,-12.42;27.15,-52.45;
#1053:
>0:46.96,-117.67;46.38,-72.71;41.49,-59.15;37.51,-5.0;36.73,4.63;45.06,137.82;
#1054:
>0:42.8,56.42;42.9,6.93;30.18,73.22;
#1055:
>0:30.33,-113.03;37.35,-80.33;39.19,-85.73;46.19,-12.95;
#1056:
>0:37.45,-75.66;39.91,-102.62;
#1057:
>0:42.02,119.84;41.9,146.12;
#1058:
>0:28.78,-14.92;34.51,-3.97;40.18,-29.73;
#1059:
>0:38.5,-6.38;29.4,1.57;23.28,57.29;
#1060:
>0:39.71,142.17;41.52,114.74;
#1061:
>0:44.14,131.64;42.21,116.21;
#1062:
>0:39.84,116.21;41.84,147.99;
#1063:
>0:41.82,128.03;45.54,108.67;49.11,39.99;
#1064:
>0:25.43,93.8;30.23,125.99;34.86,52.68;42.14,15.77;46.84,-15.55;
#1065:
>0:41.56,125.71;40.3,115.37;
#1066:
>0:42.47,153.96;43.27,120.48;
#1067:
>0:48.38,88.84;39.92,132.27;39.02,95.21;28.92,56.32;
#1068:
>0:37.83,-107.31;37.15,-101.51;
#1069:
>0:44.71,140.29;42.8,145.65;
#1070:
>0:51.46,122.83;46.78,50.71;47.6,22.95;
#1071:
>0:41.29,149.04;45.02,132.17;
#1072:
>0:29.19,-65.04;37.47,-14.22;44.25,9.43;47.21,9.07;55.45,92.82;
#1073:
>0:42.34,119.78;43.98,124.29;
#1074:
>0:44.41,121.27;41.21,131.35;
#1075:
>0:32.56,11.04;25.47,-9.55;24.12,-77.71;29.19,-115.76;
#1076:
>0:45.4,-47.76;39.72,-60.4;34.17,-28.52;35.47,3.05;31.74,114.44;
#1077:
>0:50.02,-101.92;45.76,-99.52;
#1078:
>0:22.67,-120.68;27.93,-55.81;35.51,-17.29;41.44,31.35;47.36,25.15;53.6,49.09;
#1079:
>0:44.54,141.1;44.46,150.12;
#1080:
>0:43.07,-25.63;48.77,-31.13;48.48,26.66;55.25,122.2;
#1081:
>0:48.26,79.58;47.17,27.9;41.15,-18.25;28.61,-6.23;
#1082:
>0:23.0,85.61;29.77,114.69;29.91,52.35;23.46,1.66;
#1083:
>0:44.16,139.4;44.57,117.89;
#1084:
>0:27.62,-114.44;32.3,-84.27;36.05,-68.98;43.89,-29.42;33.96,9.8;39.09,109.92;
#1085:
>0:41.23,118.41;39.98,127.96;
#1086:
>0:44.06,153.29;42.52,139.09;
#1087:
>0:40.0,137.03;43.95,142.21;
#1088:
>0:55.1,-76.71;50.49,-56.82;
#1089:
>0:44.95,140.99;43.46,129.0;
#1090:
>0:29.88,-106.81;33.5,-44.26;
#1091:
>0:52.48,27.29;55.43,-32.14;41.83,76.22;
#1092:
>0:28.63,-32.92;27.72,-36.24;24.71,67.86;
#1093:
>0:53.34,-88.01;49.15,-48.52;40.03,-55.58;36.57,-12.39;32.32,-2.66;27.72,-35.71;
#1094:
>0:52.38,46.65;47.7,104.4;49.93,51.87;45.24,149.74;31.78,124.76;
#1095:
>0:44.71,152.98;40.19,125.65;
#1096:
>0:40.62,144.47;40.29,121.55;
#1097:
>0:42.49,117.46;43.54,130.31;
#1098:
>0:46.08,1.45;44.32,-50.72;38.78,-31.78;28.97,-23.98;25.17,-116.99;
#1099:
>0:43.29,124.9;42.28,149.39;
#1100:
>0:54.54,124.21;48.05,75.88;42.64,5.45;41.89,-25.43;
#1101:
>0:43.75,141.63;49.41,62.46;47.29,21.6;43.28,-37.93;46.37,-30.12;55.04,-90.41;
#1102:
>0:27.5,-22.91;33.2,4.65;35.99,84.48;42.37,146.83;
#1103:
>0:49.01,79.06;39.34,9.98;37.08,82.99;28.05,23.79;
#1104:
>0:43.11,115.31;41.75,134.9;
#1105:
>0:42.12,140.18;44.8,131.17;
#1106:
>0:44.69,121.83;45.19,135.47;
#1107:
>0:43.79,121.61;41.89,130.58;
#1108:
>0:41.76,-68.7;46.38,-37.88;50.98,11.52;
#1109:
>0:51.48,-80.67;45.35,-81.87;45.74,-47.08;43.35,-52.02;28.81,-72.77;
#1110:
>0:24.01,121.19;33.2,98.32;34.81,59.36;41.63,5.44;48.99,-6.75;
#1111:
>0:45.04,139.39;43.47,132.97;
#1112:
>0:43.88,122.62;40.81,151.76;
#1113:
>0:37.72,107.99;43.17,79.71;41.5,30.8;42.04,-7.56;49.66,-58.37;
#1114:
>0:44.24,129.77;44.5,133.13;
#1115:
>0:45.24,125.4;40.09,131.94;
#1116:
>0:44.18,121.15;43.59,136.31;
#1117:
>0:32.15,35.98;32.53,3.82;
#1118:
>0:39.79,148.97;42.32,125.92;
#1119:
>0:31.99,27.39;36.65,0.13;42.7,-55.81;47.2,-93.23;
#1120:
>0:55.24,-63.39;46.53,-18.19;45.81,30.87;46.35,65.79;50.92,86.76;
#1121:
>0:40.61,134.81;42.49,116.97;
#1122:
>0:43.04,139.75;40.82,115.43;
#1123:
>0:43.65,149.7;40.69,117.62;
#1124:
>0:28.75,124.65;38.36,54.48;40.28,147.72;47.62,104.61;52.96,108.1;
#1125:
>0:43.73,6.44;48.75,17.53;55.89,114.37;
#1126:
>0:45.09,146.93;44.09,121.63;
#1127:
>0:50.4,-111.09;53.09,-54.05;
#1128:
>0:23.21,-34.38;27.47,-33.71;
#1129:
>0:43.15,144.28;39.85,131.18;
#1130:
>0:41.75,131.04;40.77,126.8;
#1131:
>0:31.96,-34.19;27.22,-25.27;22.27,54.79;
#1132:
>0:36.95,-93.48;43.26,-40.54;47.81,-58.71;
#1133:
>0:34.14,-77.94;41.94,-31.4;34.83,10.14;34.07,63.51;42.23,143.31;
#1134:
>0:44.49,133.38;45.21,136.74;
#1135:
>0:37.53,60.3;40.58,121.81;45.45,70.89;
#1136:
>0:54.73,-110.84;44.97,-96.2;45.21,-55.17;42.84,-78.34;38.27,-40.83;23.82,-112.56;
#1137:
>0:43.27,-36.62;45.81,34.91;55.71,60.56;
#1138:
>0:25.77,-72.56;28.3,-8.87;37.11,4.4;42.88,47.3;
#1139:
>0:51.18,-39.11;45.3,2.46;43.48,-24.77;37.7,17.52;32.52,-15.65;24.86,-102.48;
#1140:
>0:43.57,120.09;41.11,141.14;
#1141:
>0:40.25,152.18;39.78,141.63;
#1142:
>0:42.0,142.52;42.62,121.46;
#1143:
>0:42.27,126.2;40.13,139.11;
#1144:
>0:54.58,49.73;46.96,93.15;41.7,151.4;
#1145:
>0:49.63,-3.45;48.08,41.98;42.96,61.02;42.89,148.02;
#1146:
>0:31.96,123.05;31.52,104.96;
#1147:
>0:49.6,-111.16;41.88,-67.03;33.84,-7.41;36.78,35.05;29.78,73.76;
#1148:
>0:55.53,-3.56;50.3,20.7;50.01,48.06;40.9,153.86;34.36,90.36;22.93,110.84;
#1149:
>0:44.91,129.67;39.73,133.08;
#1150:
>0:40.67,127.63;40.09,128.51;
#1151:
>0:40.39,-92.26;44.84,-51.52;
#1152:
>0:24.65,-50.76;25.94,-87.83;34.47,-116.38;
#1153:
>0:25.75,10.0;31.07,1.37;37.62,-64.15;41.1,-96.24;45.13,-69.47;50.53,-45.18;
#1154:
>0:43.3,116.79;42.38,115.64;
#1155:
>0:43.05,123.86;44.77,120.85;
#1156:
>0:51.25,-9.99;47.77,10.74;43.98,-33.4;35.74,39.1;37.06,45.87;26.62,83.31;
#1157:
>0:39.78,135.45;43.51,122.15;
#1158:
>0:51.32,-83.78;48.5,-77.83;47.27,-14.61;41.09,-70.48;30.26,-79.87;
#1159:
>0:40.41,142.29;44.78,118.21;
#1160:
>0:43.68,-34.97;47.84,-20.96;45.71,11.76;53.56,110.93;
#1161:
>0:42.22,115.49;43.34,139.48;
#1162:
>0:41.0,131.74;44.58,140.77;
#1163:
>0:35.51,75.39;28.72,78.21;27.58,-37.51;
#1164:
>0:24.51,85.8;31.89,116.29;30.21,62.54;27.23,-29.98;
#1165:
>0:42.57,131.18;41.59,125.43;
#1166:
>0:41.69,117.23;40.17,142.7;
#1167:
>0:44.85,155.4;43.82,117.74;
#1168:
>0:41.95,-18.5;46.6,-20.89;49.4,18.5;52.75,118.27;
#1169:
>0:41.5,141.76;40.84,137.49;
#1170:
>0:40.55,151.75;33.59,121.35;28.01,118.98;27.52,113.93;
#1171:
>0:40.85,125.48;40.48,146.25;
#1172:
>0:27.72,29.44;32.45,-27.67;36.35,-25.53;
#1173:
>0:43.62,28.59;37.99,11.14;40.36,6.48;
#1174:
>0:50.48,-29.77;47.54,-22.67;54.82,-101.87;
#1175:
>0:31.03,-117.26;36.16,-71.29;30.1,-55.88;24.78,24.26;
#1176:
>0:45.49,-31.61;50.61,24.6;
#1177:
>0:52.47,16.04;54.4,-38.76;45.71,14.79;37.72,41.78;
#1178:
>0:30.42,83.78;37.36,21.31;44.06,37.07;49.9,22.11;51.42,26.78;
#1179:
>0:42.61,137.94;39.87,117.49;
#1180:
>0:33.86,44.86;41.8,39.01;45.35,-27.68;
#1181:
>0:43.2,41.27;42.37,-14.62;47.55,-41.56;
#1182:
>0:40.63,136.05;43.88,114.96;
#1183:
>0:41.31,147.39;40.72,139.38;
#1184:
>0:39.74,-11.42;49.59,-16.32;46.59,28.11;54.2,90.69;
#1185:
>0:43.75,-35.66;50.35,-30.54;45.91,63.34;
#1186:
>0:48.51,71.18;42.5,13.82;36.88,30.51;29.75,-13.59;30.51,-88.62;
#1187:
>0:37.63,78.34;44.23,15.05;47.38,-36.12;
#1188:
>0:41.17,123.43;44.82,128.43;
#1189:
>0:44.76,154.45;39.95,117.73;
#1190:
>0:41.07,137.96;42.48,151.75;
#1191:
>0:34.42,-58.24;43.39,-10.5;46.84,-16.5;40.46,59.99;
#1192:
>0:41.93,141.25;42.0,137.85;
#1193:
>0:41.82,80.71;38.97,117.74;
#1194:
>0:45.63,21.28;43.99,-30.9;53.78,-65.62;
#1195:
>0:41.12,149.8;42.23,128.78;
#1196:
>0:42.69,136.87;44.36,118.26;
#1197:
>0:28.96,-29.52;26.38,-4.03;27.72,46.55;
#1198:
>0:36.46,68.04;44.3,31.46;47.19,-27.32;
#1199:
>0:31.64,49.74;31.09,11.46;25.33,-10.2;30.15,-12.01;24.6,-116.48;
#1200:
>0:42.47,142.54;41.05,130.68;
#1201:
>0:42.47,149.77;42.98,132.44;
#1202:
>0:40.56,138.14;42.08,127.42;
#1203:
>0:43.87,125.83;43.79,130.8;
#1204:
>0:42.94,129.95;43.43,146.66;
#1205:
>0:34.52,-116.19;43.87,-49.93;36.84,-11.06;40.76,21.33;
#1206:
>0:55.16,-101.02;48.26,-77.38;39.24,-45.61;33.56,-10.73;32.42,-9.44;23.03,56.52;
#1207:
>0:55.79,-17.13;45.14,-76.36;
#1208:
>0:40.67,140.03;40.27,133.84;
#1209:
>0:45.32,-13.37;40.21,-71.78;33.94,-33.58;30.89,25.83;22.92,10.97;
#1210:
>0:27.27,-116.44;32.37,-93.84;36.73,-60.14;41.69,-1.17;36.07,24.25;34.24,117.1;
#1211:
>0:43.21,154.8;40.71,115.93;
#1212:
>0:40.25,126.5;43.72,139.02;
#1213:
>0:45.15,120.36;42.86,143.77;
#1214:
>0:40.11,18.53;34.07,62.19;35.88,116.07;
#1215:
>0:41.51,138.41;41.94,117.66;
#1216:
>0:40.04,136.31;43.83,133.68;
#1217:
>0:27.21,-105.22;32.14,-94.96;34.85,-73.65;41.65,-3.69;38.51,6.74;47.63,112.08;
#1218:
>0:44.4,129.1;43.32,135.06;
#1219:
>0:36.1,-87.97;41.43,-70.95;47.46,2.18;
#1220:
>0:42.33,119.6;41.55,138.15;
#1221:
>0:25.06,-18.63;26.11,-30.85;
#1222:
>0:23.82,89.99;26.47,90.47;
#1223:
>0:24.31,64.19;31.5,26.2;26.59,-31.73;32.0,-42.3;
#1224:
>0:39.83,127.98;44.76,125.65;
#1225:
>0:40.07,152.14;41.66,130.13;
#1226:
>0:43.27,135.58;40.23,152.46;
#1227:
>0:44.71,114.69;41.82,146.6;
#1228:
>0:44.37,129.79;40.49,114.24;
#1229:
>0:44.44,-78.64;35.79,-54.97;
#1230:
>0:27.2,-111.3;27.02,-56.93;
#1231:
>0:39.91,140.56;44.54,148.61;
#1232:
>0:22.52,-95.84;25.79,-66.15;
#1233:
>0:29.64,-108.12;37.67,-101.07;
#1234:
>0:41.65,146.37;44.38,154.72;
#1235:
>0:41.38,119.52;43.02,154.71;
#1236:
>0:39.76,154.69;45.23,127.65;
#1237:
>0:25.26,116.9;31.0,97.05;38.39,79.0;43.08,8.3;49.31,-22.72;
#1238:
>0:42.4,135.12;45.07,146.22;
#1239:
>0:53.76,-109.42;49.75,-47.67;44.33,-80.03;34.0,-30.57;31.17,-20.84;26.0,-30.13;
#1240:
>0:42.85,118.1;45.07,135.11;
#1241:
>0:43.49,131.86;44.39,133.09;
#1242:
>0:41.98,155.16;42.17,135.49;
#1243:
>0:42.36,133.85;44.26,153.13;
#1244:
>0:42.52,119.25;44.9,136.84;
#1245:
>0:42.45,115.86;42.25,141.57;
#1246:
>0:51.6,119.91;45.63,61.91;45.23,3.69;
#1247:
>0:44.28,145.88;41.41,120.7;
#1248:
>0:40.15,143.54;40.41,147.62;
#1249:
>0:42.95,151.89;36.15,122.68;
#1250:
>0:26.69,-84.97;24.7,-61.55;
#1251:
>0:43.98,115.62;41.66,121.61;
#1252:
>0:28.57,96.87;36.47,58.28;37.17,5.82;34.46,-16.26;
#1253:
>0:41.92,126.66;44.59,144.71;
#1254:
>0:44.17,123.39;39.76,135.77;
#1255:
>0:27.87,45.93;37.59,18.94;41.46,21.16;44.12,-28.75;38.5,-108.39;
#1256:
>0:41.32,143.23;42.65,126.37;
#1257:
>0:41.44,130.71;43.86,129.43;
#1258:
>0:44.46,0.02;34.17,-15.36;
#1259:
>0:25.65,-85.68;25.29,-77.23;
#1260:
>0:43.82,136.05;39.73,129.37;
#1261:
>0:42.78,128.95;41.6,132.58;
#1262:
>0:50.72,111.97;44.77,49.86;40.84,40.27;55.01,1.15;
#1263:
>0:43.36,127.49;43.7,115.74;
#1264:
>0:33.57,-83.28;33.84,-70.03;
#1265:
>0:40.87,-78.57;37.84,-103.19;
#1266:
>0:49.41,-88.55;49.39,-65.3;48.42,-16.03;
#1267:
>0:43.81,130.27;40.29,140.38;
#1268:
>0:41.39,144.45;44.27,144.95;
#1269:
>0:26.16,117.07;25.28,109.86;
#1270:
>0:50.77,125.48;45.49,73.12;43.1,3.21;
#1271:
>0:41.07,63.98;38.54,106.28;
#1272:
>0:43.11,129.07;44.55,135.64;
#1273:
>0:44.45,155.49;42.53,127.82;
#1274:
>0:25.26,-85.72;26.68,-57.24;
#1275:
>0:40.67,149.07;43.81,137.91;
#1276:
>0:40.92,145.67;40.37,154.94;
#1277:
>0:41.09,116.49;43.09,135.06;
#1278:
>0:28.34,24.6;37.77,-32.66;39.63,-62.35;46.87,-115.86;
#1279:
>0:46.41,86.53;48.61,66.69;41.95,36.18;36.95,7.83;27.53,-46.84;
#1280:
>0:39.92,139.01;41.54,125.67;
#1281:
>0:41.96,138.48;43.65,116.46;
#1282:
>0:40.5,115.52;39.82,138.78;
#1283:
>0:44.1,139.83;44.21,155.09;
#1284:
>0:23.11,21.12;29.87,-4.75;37.53,-12.41;
#1285:
>0:43.12,-82.62;38.66,-77.97;28.4,-37.31;23.27,-30.25;24.33,48.53;
#1286:
>0:42.8,145.08;44.24,151.23;
#1287:
>0:41.17,13.77;48.26,41.83;
#1288:
>0:41.37,130.71;41.09,144.27;
#1289:
>0:45.83,28.72;40.33,-5.47;38.44,36.1;29.45,-68.13;
#1290:
>0:45.29,115.43;44.47,136.87;
#1291:
>0:45.17,147.32;45.09,150.97;
#1292:
>0:34.32,-64.56;43.83,-11.89;45.19,-66.99;
#1293:
>0:43.05,132.05;41.12,138.35;
#1294:
>0:44.79,145.64;44.95,114.92;
#1295:
>0:41.14,147.48;42.94,143.95;
#1296:
>0:44.17,-13.83;40.74,-40.85;
#1297:
>0:24.7,35.06;30.5,49.51;33.68,48.42;
#1298:
>0:23.84,2.53;30.9,57.5;37.96,102.43;
#1299:
>0:40.82,142.29;41.46,129.62;
#1300:
>0:39.84,12.46;47.5,18.98;52.47,122.54;
#1301:
>0:43.37,126.34;44.45,145.65;
#1302:
>0:44.58,122.76;44.9,124.64;
#1303:
>0:40.03,-73.37;47.14,-11.02;51.96,25.12;
#1304:
>0:43.43,116.81;40.09,142.0;
#1305:
>0:44.55,127.39;40.4,128.91;
#1306:
>0:41.85,149.18;41.57,125.57;
#1307:
>0:44.63,142.49;42.98,123.7;
#1308:
>0:47.94,33.13;42.84,-31.11;43.79,-66.61;32.87,-80.45;
#1309:
>0:48.08,84.64;45.98,20.77;54.8,-22.44;48.37,-33.8;44.81,-98.3;
#1310:
>0:36.64,-37.87;43.91,17.91;48.25,38.64;54.02,8.25;
#1311:
>0:32.48,123.93;28.07,116.64;
#1312:
>0:46.79,-33.85;46.93,28.68;39.1,51.39;41.99,146.12;
#1313:
>0:40.18,151.55;41.35,129.07;
#1314:
>0:40.12,123.01;42.87,123.9;
#1315:
>0:42.82,116.9;40.41,134.04;
#1316:
>0:52.05,-86.81;45.14,-54.18;41.23,-72.84;36.64,-34.53;31.07,-25.36;25.61,-4.73;
#1317:
>0:54.77,-96.47;46.13,-75.46;40.7,-56.67;39.04,-32.8;36.96,34.67;30.02,114.38;
#1318:
>0:41.2,115.7;40.9,146.57;
#1319:
>0:42.88,136.2;43.21,119.51;
#1320:
>0:44.68,131.18;43.6,154.11;
#1321:
>0:28.11,125.51;29.91,85.13;
#1322:
>0:40.88,150.2;43.42,126.25;
#1323:
>0:42.87,124.11;44.49,119.41;
#1324:
>0:45.13,150.43;40.14,128.63;
#1325:
>0:46.49,-113.51;48.68,-73.55;47.58,-34.91;49.22,21.27;55.51,63.23;
#1326:
>0:41.04,-63.75;34.26,-14.76;38.62,5.48;29.56,56.03;
#1327:
>0:23.79,-19.36;28.2,-68.35;
#1328:
>0:23.22,-61.9;29.23,-15.48;38.34,18.16;42.64,71.53;44.93,121.85;54.5,65.88;
#1329:
>0:24.98,111.64;32.99,119.63;36.67,46.53;40.97,7.2;39.11,-29.15;36.13,-115.49;
#1330:
>0:42.8,125.19;43.95,155.5;
#1331:
>0:37.3,-60.82;30.99,-2.89;26.11,-37.4;23.44,7.32;22.86,89.37;
#1332:
>0:41.75,143.95;43.89,138.03;
#1333:
>0:44.25,135.51;44.01,155.58;
#1334:
>0:45.01,144.64;42.35,119.67;
#1335:
>0:40.22,154.02;42.61,117.26;
#1336:
>0:42.62,123.62;44.06,144.86;
#1337:
>0:24.97,124.82;26.11,97.78;
#1338:
>0:39.68,139.82;45.29,120.75;
#1339:
>0:25.73,48.94;27.22,124.56;
#1340:
>0:44.55,151.92;44.32,131.73;
#1341:
>0:33.12,-106.72;34.76,-59.13;39.33,1.0;35.08,16.8;33.95,75.32;
#1342:
>0:54.03,104.48;45.1,52.49;44.3,42.97;37.47,34.95;28.51,-22.18;40.34,-110.15;
#1343:
>0:31.82,23.85;35.08,49.67;34.58,115.68;
#1344:
>0:39.82,141.45;44.69,136.22;
#1345:
>0:46.91,-39.26;39.53,-46.13;34.95,-36.48;28.2,30.86;26.82,33.19;
#1346:
>0:34.76,-38.38;29.86,39.84;22.49,35.27;
#1347:
>0:45.24,148.7;44.47,127.97;
#1348:
>0:24.81,29.63;30.92,38.36;
#1349:
>0:45.02,96.01;43.69,82.17;41.09,11.31;35.34,23.89;29.19,-1.67;29.42,-101.56;
#1350:
>0:44.22,135.27;41.28,116.62;
#1351:
>0:52.48,-117.64;46.49,-70.21;
#1352:
>0:49.58,-0.42;42.17,-66.42;33.86,-22.04;30.4,-18.38;24.12,-103.23;
#1353:
>0:41.12,-86.52;49.48,-49.3;
#1354:
>0:37.09,4.16;31.26,-15.87;
#1355:
>0:47.32,30.31;39.29,-19.3;34.37,60.53;
#1356:
>0:44.79,116.9;48.27,55.34;48.32,19.93;41.38,-35.4;54.78,-44.04;
#1357:
>0:28.92,85.12;33.94,51.85;
#1358:
>0:41.98,116.73;42.58,144.0;
#1359:
>0:45.18,1.72;48.78,-72.83;42.53,-68.78;35.59,-17.91;27.45,-24.6;
#1360:
>0:30.85,-93.04;35.01,-59.58;44.05,1.25;49.93,-17.21;46.7,49.23;
#1361:
>0:54.32,-72.27;50.03,-121.68;49.75,-53.48;38.31,-10.97;
#1362:
>0:44.97,137.44;44.31,152.92;
#1363:
>0:23.12,122.54;23.29,87.98;
#1364:
>0:41.93,145.31;41.85,133.49;
#1365:
>0:41.26,-99.5;35.03,-71.32;32.82,-9.64;26.38,-117.12;
#1366:
>0:44.52,155.68;41.76,117.81;
#1367:
>0:31.21,67.07;35.65,23.62;42.5,31.55;49.56,3.88;51.17,34.96;
#1368:
>0:47.07,162.01;40.11,126.94;
#1369:
>0:45.34,107.57;48.46,60.69;44.88,127.59;29.9,90.21;
#1370:
>0:42.09,115.24;45.25,137.54;
#1371:
>0:41.4,144.45;42.78,155.59;
#1372:
>0:36.13,12.0;34.91,74.08;29.14,102.68;
#1373:
>0:52.78,-109.65;46.14,-58.25;
#1374:
>0:42.6,131.25;43.52,130.03;
#1375:
>0:44.75,-80.95;48.69,-76.14;42.37,-80.63;37.5,-6.21;26.31,-52.86;
#1376:
>0:41.37,128.14;41.84,155.42;
#1377:
>0:22.39,-26.77;29.49,-35.57;26.41,-95.69;
#1378:
>0:40.74,119.61;42.85,148.99;
#1379:
>0:54.66,4.39;55.4,57.6;47.19,107.62;41.2,155.45;34.79,95.25;22.46,67.25;
#1380:
>0:42.1,131.14;41.6,125.39;
#1381:
>0:41.09,-4.58;48.41,-23.15;46.83,42.61;53.95,92.82;
#1382:
>0:50.57,-76.71;45.81,-87.6;50.06,-40.38;43.62,-66.38;32.07,-41.56;
#1383:
>0:45.04,126.44;48.47,95.68;48.55,13.53;
#1384:
>0:41.76,152.97;42.22,121.17;
#1385:
>0:40.04,143.46;42.49,143.6;
#1386:
>0:40.85,117.51;43.69,128.44;
#1387:
>0:40.76,148.57;44.06,136.46;
#1388:
>0:32.14,95.64;37.39,83.28;
#1389:
>0:50.16,-20.64;44.12,36.84;34.59,17.85;32.21,46.67;
#1390:
>0:30.43,-110.39;38.36,-52.06;29.3,-54.96;27.78,23.11;
#1391:
>0:22.5,10.89;28.85,17.62;
#1392:
>0:40.59,124.66;43.5,151.23;
#1393:
>0:42.15,123.16;40.15,144.01;
#1394:
>0:46.83,-53.73;47.51,-29.84;45.37,5.4;40.32,79.19;41.46,140.54;
#1395:
>0:34.72,35.93;44.45,35.13;
#1396:
>0:22.74,22.38;32.09,20.49;
#1397:
>0:40.99,138.27;46.4,158.11;
#1398:
>0:41.73,130.56;41.47,117.19;
#1399:
>0:41.49,130.11;43.14,131.45;
#1400:
>0:35.93,-88.15;40.0,-87.35;44.78,-81.81;
#1401:
>0:44.92,-102.28;48.31,-75.04;44.28,-52.78;36.14,-18.55;25.61,-21.94;
#1402:
>0:43.73,148.49;43.1,134.98;
#1403:
>0:43.45,66.74;34.81,93.8;
#1404:
>0:30.96,9.02;34.45,-2.06;44.06,-28.87;47.71,-75.11;
#1405:
>0:28.08,94.85;38.67,59.82;
#1406:
>0:42.83,145.31;42.08,123.9;
#1407:
>0:53.53,86.39;48.46,72.08;48.81,30.81;39.55,1.1;45.46,0.65;47.58,-102.03;
#1408:
>0:40.42,136.64;44.15,154.97;
#1409:
>0:45.22,67.74;39.85,151.3;
#1410:
>0:46.9,-109.67;48.71,-110.13;
#1411:
>0:43.56,118.38;40.91,141.13;
#1412:
>0:47.58,-115.8;49.89,-101.75;
#1413:
>0:47.13,-44.11;42.02,-67.77;35.81,-22.91;34.83,27.34;29.11,90.86;
#1414:
>0:43.6,135.32;40.44,149.87;
#1415:
>0:22.9,69.55;30.65,31.61;
#1416:
>0:27.76,125.93;26.92,93.27;
#1417:
>0:40.23,33.72;41.33,-1.9;48.03,-25.6;45.31,-86.24;
#1418:
>0:42.73,-29.23;46.06,-12.21;45.05,13.62;51.27,90.86;
#1419:
>0:42.66,127.42;43.6,142.92;
#1420:
>0:36.55,-57.78;44.68,-91.51;
#1421:
>0:41.91,153.13;42.93,120.22;
#1422:
>0:45.47,-55.96;44.61,-51.47;
#1423:
>0:40.9,138.76;43.25,132.29;
#1424:
>0:52.64,73.71;53.97,116.67;
#1425:
>0:55.9,-21.16;51.94,-15.62;
#1426:
>0:53.53,89.66;46.9,74.52;49.6,16.9;40.77,-17.32;29.11,-3.14;
#1427:
>0:43.08,128.8;43.72,134.36;
#1428:
>0:47.37,46.9;48.86,21.71;39.82,-21.9;46.95,-22.27;34.26,-112.68;
#1429:
>0:44.8,138.46;43.27,146.22;
#1430:
>0:46.26,-24.91;46.08,-76.41;44.38,-75.35;38.21,-35.05;25.12,-28.81;
#1431:
>0:44.13,138.7;40.46,149.27;
#1432:
>0:23.93,-5.89;22.89,37.82;
#1433:
>0:41.18,136.63;39.78,129.28;
#1434:
>0:54.62,-95.65;49.19,-75.47;39.56,-67.91;38.26,-12.65;32.03,-32.49;22.7,-24.84;
#1435:
>0:30.93,68.48;22.27,12.62;27.57,1.32;
#1436:
>0:51.61,-68.4;54.87,-29.81;52.44,36.91;
#1437:
>0:54.5,-100.43;49.44,-48.61;49.26,-22.76;41.61,-65.54;35.39,-22.97;27.38,-24.71;
#1438:
>0:44.3,133.85;41.64,146.84;
#1439:
>0:47.83,1.14;46.32,-51.15;42.62,-58.88;35.23,-28.84;25.9,-30.63;
#1440:
>0:43.46,10.44;44.98,35.87;
#1441:
>0:52.84,122.11;49.84,59.84;43.93,6.89;49.71,19.43;54.63,-41.65;
#1442:
>0:55.97,53.95;49.91,103.96;40.74,126.92;
#1443:
>0:40.13,124.62;41.87,143.27;
#1444:
>0:41.77,133.5;43.64,139.47;
#1445:
>0:34.13,117.44;30.57,117.61;29.35,20.3;
#1446:
>0:27.58,102.34;29.02,101.32;28.25,62.6;22.6,1.16;
#1447:
>0:43.02,115.93;40.81,146.04;
#1448:
>0:42.76,142.08;42.4,124.98;
#1449:
>0:38.86,-21.38;37.37,-47.99;
#1450:
>0:35.97,-40.12;38.5,-33.35;
#1451:
>0:41.57,-11.36;45.94,-29.58;48.69,37.51;54.44,106.4;
#1452:
>0:35.22,-46.86;39.88,-83.63;
#1453:
>0:44.2,149.34;42.23,155.7;
#1454:
>0:41.36,114.71;44.25,125.12;
#1455:
>0:43.57,117.87;41.72,131.8;
#1456:
>0:33.14,101.45;32.11,71.78;45.18,152.01;
#1457:
>0:40.55,148.87;39.99,134.28;
#1458:
>0:30.14,-1.87;25.18,-23.67;23.03,55.84;
#1459:
>0:28.29,101.78;36.76,67.53;
#1460:
>0:32.79,106.91;36.51,50.4;42.45,19.89;39.4,-33.04;43.73,-74.31;50.83,-95.09;
#1461:
>0:29.61,42.36;34.89,-31.87;44.02,-3.08;47.86,-73.97;
#1462:
>0:42.07,116.26;45.15,140.52;
#1463:
>0:53.5,36.38;49.35,-5.01;45.28,-44.74;40.42,-49.71;36.3,-37.33;26.82,-12.2;
#1464:
>0:32.0,-52.85;26.14,-62.22;
#1465:
>0:45.59,-94.61;47.54,-41.92;43.59,-74.03;37.33,-18.17;34.62,34.16;43.4,114.33;
#1466:
>0:42.85,-18.6;44.29,-75.47;
#1467:
>0:54.2,3.46;53.68,-19.41;47.56,38.16;36.57,29.98;
#1468:
>0:41.07,-98.07;48.99,-80.11;
#1469:
>0:33.83,-55.35;41.51,-91.05;
#1470:
>0:43.07,-16.31;39.93,0.19;
#1471:
>0:24.32,116.65;25.6,121.19;
#1472:
>0:41.05,129.91;41.24,130.04;
#1473:
>0:38.13,-8.38;36.27,-53.62;
#1474:
>0:54.63,81.9;48.33,6.82;43.42,-5.29;35.72,-43.22;29.57,-89.65;
#1475:
>0:38.54,-16.95;31.64,-8.2;26.54,53.82;
#1476:
>0:42.87,115.77;45.52,132.97;
#1477:
>0:41.67,136.48;43.08,128.16;
#1478:
>0:42.31,143.05;44.68,153.54;
#1479:
>0:40.37,123.57;40.8,128.58;
#1480:
>0:42.42,128.0;42.94,117.19;
#1481:
>0:48.41,-55.51;44.49,-19.18;
#1482:
>0:44.93,121.14;40.3,138.52;
#1483:
>0:47.05,-34.48;48.09,-76.78;42.86,-54.87;30.8,-69.51;
#1484:
>0:39.78,146.0;43.32,124.93;
#1485:
>0:44.97,142.25;42.89,115.46;
#1486:
>0:40.51,153.45;40.79,124.44;
#1487:
>0:45.14,139.38;42.17,150.27;
#1488:
>0:42.1,131.09;40.13,130.11;
#1489:
>0:29.57,44.25;37.24,61.34;
#1490:
>0:44.16,120.29;43.21,149.22;
#1491:
>0:40.45,130.24;44.79,144.72;
#1492:
>0:40.59,144.42;34.85,76.19;29.13,31.94;
#1493:
>0:42.02,121.36;43.46,128.54;
#1494:
>0:25.1,123.67;25.3,112.86;
#1495:
>0:49.01,-48.6;45.16,0.17;
#1496:
>0:44.6,133.38;43.69,124.78;
#1497:
>0:37.02,-105.32;29.88,-72.96;29.34,-21.38;23.46,-15.23;24.72,18.97;27.64,118.66;
#1498:
>0:44.42,73.05;41.41,35.31;28.78,26.24;
#1499:
>0:42.73,134.98;41.61,126.96;
#1500:
>0:49.42,-96.07;46.39,-48.39;41.37,-70.15;36.46,-37.18;35.28,45.65;
#1501:
>0:41.48,144.3;41.58,137.28;
#1502:
>0:40.12,125.15;45.29,87.99;51.05,93.81;
#1503:
>0:39.56,25.22;46.03,17.08;51.93,87.14;
#1504:
>0:40.75,124.08;44.69,133.97;
#1505:
>0:41.36,135.38;41.11,134.21;
#1506:
>0:44.85,139.56;43.52,124.48;
#1507:
>0:40.92,123.59;42.11,139.61;
#1508:
>0:29.97,56.83;24.48,41.96;27.62,2.02;
#1509:
>0:23.85,-42.14;28.19,-0.34;36.47,25.99;44.36,33.78;46.13,29.38;51.66,4.58;
#1510:
>0:40.93,143.74;41.27,117.1;
#1511:
>0:41.59,137.23;44.83,123.19;
#1512:
>0:52.05,51.2;49.64,41.18;42.98,-24.86;50.24,-47.48;
#1513:
>0:26.88,-24.28;23.95,-6.17;
#1514:
>0:39.94,150.74;42.0,153.68;
#1515:
>0:25.06,119.17;29.32,97.56;34.2,73.07;44.36,122.96;49.79,106.64;53.46,57.7;
#1516:
>0:39.91,-36.29;35.21,-28.01;
#1517:
>0:50.25,-5.13;49.97,-47.6;41.78,-55.24;36.45,-16.24;26.29,-21.08;
#1518:
>0:42.1,117.4;45.14,138.45;
#1519:
>0:43.48,121.17;44.2,129.53;
#1520:
>0:37.02,-25.23;31.76,-36.04;23.67,70.62;
#1521:
>0:40.25,124.67;39.74,139.81;
#1522:
>0:42.06,124.82;45.56,142.32;
#1523:
>0:29.14,-92.96;38.65,-74.87;40.1,-4.14;38.02,24.06;38.82,75.71;
#1524:
>0:41.43,115.3;40.11,138.88;
#1525:
>0:43.71,127.11;43.76,155.32;
#1526:
>0:27.02,68.59;22.27,106.13;33.16,85.33;37.92,90.6;46.64,110.93;
#1527:
>0:42.06,124.92;44.07,128.17;
#1528:
>0:40.57,150.45;41.89,148.22;
#1529:
>0:42.05,135.44;42.01,129.95;
#1530:
>0:24.51,43.51;33.01,30.33;37.11,13.41;39.28,20.45;49.63,7.58;52.64,29.25;
#1531:
>0:25.32,124.42;26.47,110.96;
#1532:
>0:36.33,49.85;41.85,126.06;48.47,84.08;
#1533:
>0:37.22,99.23;42.05,70.62;43.73,2.4;40.43,-7.97;45.11,-47.92;
#1534:
>0:42.66,116.97;44.8,135.7;
#1535:
>0:44.29,124.33;43.06,138.17;
#1536:
>0:41.39,124.3;40.52,119.0;
#1537:
>0:46.82,-120.6;52.61,-45.94;54.57,-14.0;
#1538:
>0:41.97,137.71;40.73,139.53;
#1539:
>0:43.88,132.0;34.8,58.37;30.54,32.21;
#1540:
>0:53.84,-89.84;49.41,-79.76;49.85,-27.68;43.12,-67.9;32.14,-69.31;
#1541:
>0:43.38,130.71;41.94,132.53;
#1542:
>0:41.95,142.93;42.86,151.95;
#1543:
>0:44.82,153.52;43.27,135.93;
#1544:
>0:35.53,-48.98;35.2,-23.32;
#1545:
>0:44.75,128.21;42.81,143.8;
#1546:
>0:55.91,9.74;46.41,-33.27;41.84,-56.33;36.03,-9.27;27.99,-13.26;24.94,-4.34;
#1547:
>0:34.03,-47.82;33.83,-86.0;
#1548:
>0:43.9,147.34;45.48,44.92;47.53,20.76;43.14,-21.65;45.33,-48.71;
#1549:
>0:42.83,133.03;42.98,117.42;
#1550:
>0:53.06,-99.74;47.11,-57.62;49.01,-32.44;38.25,-5.03;
#1551:
>0:44.14,124.19;42.45,132.1;
#1552:
>0:53.96,109.22;45.01,59.63;40.36,131.21;38.14,116.11;30.84,71.2;
#1553:
>0:44.17,134.89;40.41,143.01;
#1554:
>0:44.85,147.76;42.89,122.83;
#1555:
>0:41.78,137.95;41.62,132.87;
#1556:
>0:45.03,135.52;40.35,151.55;
#1557:
>0:47.03,-45.98;42.7,-23.56;
#1558:
>0:40.89,145.92;43.66,155.25;
#1559:
>0:44.51,138.28;40.13,137.6;
#1560:
>0:45.04,149.62;44.11,125.89;
#1561:
>0:40.6,137.32;40.07,143.48;
#1562:
>0:49.02,129.77;44.75,114.32;
#1563:
>0:41.12,117.08;43.51,151.09;
#1564:
>0:47.82,-107.66;45.29,-74.7;42.53,-75.95;38.01,-37.58;44.35,45.02;
#1565:
>0:43.87,151.3;41.28,124.38;
#1566:
>0:40.35,128.9;44.83,114.82;
#1567:
>0:42.38,154.41;42.93,125.54;
#1568:
>0:40.57,149.82;45.02,140.3;
#1569:
>0:33.4,77.83;35.77,86.62;41.56,51.6;46.84,19.06;
#1570:
>0:44.41,127.66;41.2,131.77;
#1571:
>0:42.23,-38.53;34.37,-32.65;
#1572:
>0:40.66,69.18;37.49,104.84;
#1573:
>0:44.25,150.72;42.1,126.35;
#1574:
>0:53.21,15.04;50.91,45.51;53.94,90.41;
#1575:
>0:31.49,-19.98;32.22,43.01;
#1576:
>0:42.93,149.71;42.6,137.58;
#1577:
>0:45.49,-3.21;43.57,-70.86;35.91,-38.3;31.02,7.0;22.65,21.37;
#1578:
>0:33.9,-75.63;28.18,-51.81;26.2,-70.37;
#1579:
>0:42.59,-11.79;33.56,43.19;33.97,45.22;
#1580:
>0:44.63,114.49;40.99,134.42;
#1581:
>0:32.67,-87.97;36.13,-55.03;39.21,-29.64;48.15,-3.65;49.37,60.08;
#1582:
>0:43.91,146.85;41.76,140.68;
#1583:
>0:43.03,148.44;40.33,127.44;
#1584:
>0:40.14,120.16;40.99,149.84;
#1585:
>0:38.76,-107.09;43.8,-70.01;48.58,0.9;
#1586:
>0:54.5,64.87;50.33,108.3;49.79,44.88;39.51,27.25;30.74,-15.44;
#1587:
>0:44.18,131.62;40.88,139.41;
#1588:
>0:42.39,150.19;43.6,128.21;
#1589:
>0:44.34,114.32;39.88,117.86;
#1590:
>0:35.5,-49.97;31.58,-55.51;26.45,-40.45;
#1591:
>0:42.63,-64.91;35.37,-27.8;31.39,-51.95;
#1592:
>0:52.75,10.89;45.86,-34.0;
#1593:
>0:23.3,9.01;28.44,72.91;34.88,96.59;
#1594:
>0:41.94,144.47;42.75,117.3;
#1595:
>0:47.38,128.34;43.63,132.97;
#1596:
>0:46.21,89.45;46.8,63.31;41.47,18.06;31.95,-5.03;
#1597:
>0:40.73,145.71;42.89,140.28;
#1598:
>0:41.95,116.73;43.38,137.41;
#1599:
>0:41.57,151.59;40.06,155.6;
#1600:
>0:43.97,18.21;47.64,41.13;
#1601:
>0:37.96,-75.8;42.58,-117.12;44.81,-81.0;
#1602:
>0:43.99,-88.73;40.23,-49.25;36.29,-24.95;36.85,10.07;28.13,65.32;
#1603:
>0:34.42,-43.17;32.61,-39.67;25.03,-79.65;
#1604:
>0:49.77,76.49;41.19,7.94;36.01,84.39;28.15,15.27;
#1605:
>0:43.1,129.42;44.46,144.42;
#1606:
>0:41.02,120.65;40.28,150.53;
#1607:
>0:34.41,-114.23;41.34,-44.42;43.91,-20.23;
#1608:
>0:48.08,-47.65;47.86,-31.3;49.23,5.85;46.67,67.48;48.89,92.87;
#1609:
>0:40.61,-84.03;45.45,-42.41;45.34,-10.98;48.51,8.84;53.95,80.43;
#1610:
>0:42.82,126.29;43.67,132.69;
#1611:
>0:43.72,119.59;42.3,154.81;
#1612:
>0:45.66,-95.13;47.74,-78.15;43.73,-67.44;35.37,-9.06;36.89,58.5;
#1613:
>0:31.8,-84.78;33.76,-58.23;41.92,-24.89;37.83,28.64;34.96,59.85;
#1614:
>0:32.82,-12.97;35.74,-48.04;39.31,-79.14;
#1615:
>0:34.4,-27.5;39.66,41.45;
#1616:
>0:39.74,149.86;42.73,149.5;
#1617:
>0:40.97,132.67;43.76,147.99;
#1618:
>0:34.66,62.4;29.82,7.11;29.89,-29.79;
#1619:
>0:27.28,-100.39;31.04,-81.69;34.72,-53.24;40.61,-112.75;50.22,-4.82;
#1620:
>0:41.67,145.71;40.35,150.42;
#1621:
>0:39.99,135.27;45.04,143.14;
#1622:
>0:30.54,110.6;37.13,65.21;44.59,117.42;
#1623:
>0:40.2,150.99;42.13,155.57;
#1624:
>0:46.21,-97.13;52.01,-54.81;55.55,-21.55;
#1625:
>0:44.07,116.37;43.22,132.63;
#1626:
>0:40.89,146.81;41.55,150.96;
#1627:
>0:55.68,22.64;52.12,71.6;49.03,91.99;44.35,115.35;35.85,94.38;27.63,99.89;
#1628:
>0:43.8,72.53;44.77,44.62;
#1629:
>0:45.61,-33.61;43.08,39.67;37.69,50.16;
#1630:
>0:51.05,1.88;49.72,2.89;41.25,-24.73;35.06,41.46;35.94,57.12;22.98,-8.78;
#1631:
>0:45.12,-73.47;40.97,-116.01;
#1632:
>0:37.97,-68.06;39.65,-20.83;46.76,-32.29;49.18,15.88;42.73,116.19;
#1633:
>0:45.27,130.02;41.28,127.51;
#1634:
>0:54.89,-70.25;47.91,-118.48;44.79,-45.2;41.16,-67.46;31.92,-76.86;
#1635:
>0:43.01,130.46;45.07,135.07;
#1636:
>0:50.33,-106.57;50.02,-65.95;37.82,-54.05;
#1637:
>0:43.2,-11.68;48.55,-8.49;44.79,9.24;51.02,95.18;
#1638:
>0:25.48,121.67;25.78,115.19;
#1639:
>0:41.52,131.77;44.14,140.6;
#1640:
>0:52.9,69.21;52.9,118.09;
#1641:
>0:41.09,127.73;42.3,144.68;
#1642:
>0:54.7,-116.99;47.97,-40.0;46.37,2.08;37.07,-13.62;
#1643:
>0:41.04,145.19;43.19,121.87;
#1644:
>0:42.32,120.4;44.0,131.69;
#1645:
>0:30.41,120.02;29.47,78.6;30.42,7.4;25.01,-22.65;29.76,-35.5;43.71,-97.29;
#1646:
>0:44.11,144.68;44.47,132.36;
#1647:
>0:55.32,-44.46;54.05,-9.1;48.62,-4.69;47.71,9.58;51.29,101.0;
#1648:
>0:46.92,-26.91;49.24,-74.37;46.19,-107.26;
#1649:
>0:45.2,129.32;39.88,120.7;
#1650:
>0:51.39,-55.38;49.4,-99.56;48.47,-77.47;33.56,-15.64;
#1651:
>0:41.4,138.75;40.43,140.93;
#1652:
>0:46.11,-54.55;49.65,-9.07;
#1653:
>0:39.99,-15.16;37.06,3.53;31.62,-4.96;25.59,17.07;
#1654:
>0:55.86,118.23;53.32,91.22;
#1655:
>0:40.71,122.16;41.69,117.82;
#1656:
>0:40.52,21.17;44.91,18.25;
#1657:
>0:43.38,141.69;40.48,126.6;
#1658:
>0:36.5,-100.13;37.74,-120.55;
#1659:
>0:43.87,152.87;47.56,66.68;45.73,40.76;41.15,-31.34;45.48,-80.75;
#1660:
>0:43.84,114.94;43.04,151.63;
#1661:
>0:43.43,139.98;36.26,104.49;27.88,117.81;
#1662:
>0:41.31,149.2;40.51,125.48;
#1663:
>0:29.3,99.91;35.11,75.06;
#1664:
>0:44.77,152.82;44.18,128.66;
#1665:
>0:24.45,-43.28;32.25,-3.71;37.22,42.96;39.19,33.74;50.01,29.54;51.21,91.9;
#1666:
>0:43.4,151.45;41.93,142.61;
#1667:
>0:23.61,-30.38;28.15,-43.87;
#1668:
>0:46.78,-112.85;46.98,-85.68;
#1669:
>0:42.91,124.2;48.05,98.39;
#1670:
>0:44.47,117.13;41.59,138.21;
#1671:
>0:40.0,116.84;41.94,149.78;
#1672:
>0:24.27,22.87;30.13,-13.55;33.77,-27.38;
#1673:
>0:24.75,-73.55;29.45,-38.78;39.01,22.6;41.38,61.9;46.86,114.29;54.91,77.62;
#1674:
>0:43.8,133.48;45.68,122.15;
#1675:
>0:44.75,114.57;42.5,130.7;
#1676:
>0:41.71,154.7;40.73,134.49;
#1677:
>0:24.87,-52.28;29.25,-24.24;36.66,17.75;42.74,75.42;45.97,106.74;52.16,119.28;
#1678:
>0:27.6,30.3;31.76,27.77;35.95,43.18;39.84,42.12;47.49,15.66;54.49,34.33;
#1679:
>0:43.16,124.44;38.33,75.9;31.63,60.18;23.05,-37.49;
#1680:
>0:44.07,153.67;39.75,146.63;
#1681:
>0:41.47,126.48;41.45,122.48;
#1682:
>0:41.95,123.24;41.57,124.59;
#1683:
>0:40.19,117.01;41.12,148.67;
#1684:
>0:33.83,70.58;40.6,143.7;45.58,110.4;50.63,120.45;
#1685:
>0:44.3,115.08;40.91,118.87;
#1686:
>0:44.38,140.99;39.98,132.18;
#1687:
>0:41.87,128.72;44.17,146.8;
#1688:
>0:27.89,98.78;34.98,59.16;42.34,116.81;47.28,111.73;55.63,78.69;
#1689:
>0:40.07,150.89;43.91,127.69;
#1690:
>0:24.83,33.97;26.52,-5.7;
#1691:
>0:22.6,-23.1;30.3,-25.18;25.88,-109.56;
#1692:
>0:41.2,142.39;42.92,141.89;
#1693:
>0:42.02,139.63;44.47,140.58;
#1694:
>0:25.05,-70.36;31.94,-4.53;34.53,9.2;40.83,39.54;48.96,18.18;53.39,56.77;
#1695:
>0:31.59,20.86;34.37,-30.18;44.33,-80.53;50.16,-85.26;
#1696:
>0:33.29,95.49;38.31,65.46;43.26,29.59;45.09,39.31;54.18,-7.67;48.65,-114.46;
#1697:
>0:43.66,148.35;41.9,129.21;
#1698:
>0:32.87,48.87;34.12,102.84;39.37,72.92;44.83,15.55;
#1699:
>0:41.23,131.42;43.64,150.06;
#1700:
>0:40.91,146.36;40.98,142.26;
#1701:
>0:40.2,145.34;43.07,133.9;
#1702:
>0:35.27,61.67;42.98,25.56;45.44,-0.86;
#1703:
>0:25.17,62.03;28.84,32.3;27.26,-36.56;29.16,-30.02;43.77,-118.19;
#1704:
>0:44.47,129.84;42.62,119.83;
#1705:
>0:30.77,37.28;23.92,-25.04;22.53,-60.63;30.47,-102.9;
#1706:
>0:41.56,120.4;43.92,150.69;
#1707:
>0:44.73,139.87;44.59,129.28;
#1708:
>0:52.61,-5.32;45.7,-68.52;
#1709:
>0:37.49,70.68;42.03,118.41;48.84,95.63;55.13,94.22;
#1710:
>0:54.27,-39.71;48.16,-89.8;47.82,-64.33;37.43,0.4;
#1711:
>0:47.6,-99.32;46.04,-62.33;43.08,-40.71;38.7,-32.81;41.77,78.01;
#1712:
>0:37.48,-95.97;38.94,-99.25;
#1713:
>0:45.19,152.19;40.08,152.79;
#1714:
>0:39.94,140.53;42.56,139.01;
#1715:
>0:42.77,-91.61;38.42,-67.9;29.06,-21.84;24.15,-119.39;
#1716:
>0:55.78,78.08;48.99,29.76;40.88,-1.96;41.17,-45.67;41.63,-86.04;
#1717:
>0:40.56,154.38;44.25,122.96;
#1718:
>0:42.75,148.81;45.24,162.04;
#1719:
>0:42.67,153.24;43.26,124.54;
#1720:
>0:43.57,62.04;40.36,10.48;44.63,-24.17;48.59,-57.33;
#1721:
>0:39.03,81.41;36.64,96.64;
#1722:
>0:42.37,114.86;41.22,141.27;
#1723:
>0:44.09,153.78;39.91,151.54;
#1724:
>0:42.44,134.92;40.38,117.12;
#1725:
>0:47.27,-78.68;40.33,-18.28;
#1726:
>0:43.57,79.83;42.67,23.47;31.2,24.43;
#1727:
>0:45.25,147.79;46.48,113.03;52.37,89.96;
#1728:
>0:46.8,160.01;39.71,155.09;
#1729:
>0:38.19,59.45;34.52,121.42;
#1730:
>0:45.1,143.42;44.95,152.73;
#1731:
>0:38.8,-92.28;35.02,-88.92;
#1732:
>0:44.58,123.61;40.48,125.04;
#1733:
>0:35.18,-94.52;35.5,-92.5;
#1734:
>0:45.25,154.18;41.45,114.74;
#1735:
>0:34.53,-114.29;42.95,-71.51;39.69,-19.91;
#1736:
>0:40.43,148.3;45.17,124.61;
#1737:
>0:45.29,125.58;36.26,111.68;28.43,116.87;
#1738:
>0:41.92,-13.6;50.01,-1.73;49.47,22.49;50.36,96.33;
#1739:
>0:41.99,126.56;40.96,147.05;
#1740:
>0:41.22,131.69;41.1,134.89;
#1741:
>0:42.12,118.6;41.93,118.75;
#1742:
>0:53.36,125.97;44.94,69.73;43.46,8.36;
#1743:
>0:26.73,-116.53;31.7,-115.56;34.03,-43.72;40.73,-8.93;37.83,26.15;49.61,93.06;
#1744:
>0:41.65,-49.64;47.37,-0.39;50.46,33.53;
#1745:
>0:43.41,124.23;40.59,154.05;
#1746:
>0:45.22,123.6;40.55,116.09;
#1747:
>0:30.8,58.69;34.69,31.48;44.03,-24.15;
#1748:
>0:41.54,84.22;39.56,25.79;40.82,-29.17;49.57,-42.5;
#1749:
>0:24.7,32.38;28.65,74.27;38.45,120.75;
#1750:
>0:45.0,126.8;41.42,132.51;
#1751:
>0:44.89,-94.01;44.91,-48.12;46.47,-27.78;
#1752:
>0:48.03,63.54;40.45,14.78;36.61,58.43;31.08,17.1;
#1753:
>0:40.5,-12.18;49.36,-18.37;48.17,11.48;54.26,119.31;
#1754:
>0:52.64,110.67;48.19,78.07;39.78,41.03;
#1755:
>0:32.67,-16.95;35.44,3.68;37.35,49.08;42.89,141.5;
#1756:
>0:29.28,117.56;33.67,46.78;42.57,121.7;
#1757:
>0:40.78,130.33;40.4,145.2;
#1758:
>0:22.52,-1.58;29.04,-4.53;27.48,-82.66;
#1759:
>0:41.31,155.26;46.18,164.03;
#1760:
>0:32.05,-60.44;25.49,-60.58;
#1761:
>0:44.36,9.03;38.33,59.64;31.21,61.57;27.18,-21.31;
#1762:
>0:43.76,-112.93;47.1,-65.54;
#1763:
>0:43.61,143.78;45.22,119.07;
#1764:
>0:53.91,-10.53;45.37,-65.87;
#1765:
>0:40.53,120.5;45.15,141.42;
#1766:
>0:44.05,130.74;43.07,130.58;
#1767:
>0:23.21,-112.48;29.18,-79.48;38.28,-3.4;42.66,26.65;44.97,35.77;53.8,50.05;
#1768:
>0:28.72,9.42;26.54,1.7;25.87,-79.96;33.47,-101.67;
#1769:
>0:40.84,127.06;41.73,146.3;
#1770:
>0:45.79,-96.23;46.22,-81.41;
#1771:
>0:24.37,-111.35;31.52,-57.15;28.4,-20.6;30.48,25.05;
#1772:
>0:40.53,136.25;40.56,147.08;
#1773:
>0:24.99,-96.84;26.49,-47.41;
#1774:
>0:45.9,160.11;41.21,118.32;
#1775:
>0:43.78,150.2;44.3,119.2;
#1776:
>0:36.02,102.37;42.86,51.82;40.46,4.24;44.63,-33.71;47.59,-56.47;
#1777:
>0:43.31,148.57;40.43,130.57;
#1778:
>0:30.95,116.93;32.68,85.84;
#1779:
>0:39.69,147.63;43.28,132.55;
#1780:
>0:54.48,41.75;46.42,-19.77;47.63,-76.31;42.21,-42.42;36.57,-15.4;25.71,-36.26;
#1781:
>0:23.96,-78.48;31.86,-10.44;35.68,16.95;43.76,14.51;50.31,38.7;50.76,14.38;
#1782:
>0:43.8,125.62;42.98,128.53;
#1783:
>0:48.25,-82.18;50.26,-43.86;44.57,-58.87;38.87,-14.43;43.62,57.3;
#1784:
>0:41.09,138.69;40.21,136.98;
#1785:
>0:24.91,-102.44;31.94,-89.23;36.88,-78.64;32.83,-12.31;27.74,33.81;23.58,99.86;
#1786:
>0:34.28,-80.17;41.39,-99.24;49.99,-119.29;
#1787:
>0:53.18,80.16;54.96,96.63;42.27,118.93;
#1788:
>0:37.79,-14.87;40.93,42.48;47.37,7.24;51.25,23.52;
#1789:
>0:30.06,2.24;33.67,56.23;38.1,125.62;
#1790:
>0:44.81,131.21;41.6,139.44;
#1791:
>0:44.54,116.3;42.89,129.09;
#1792:
>0:30.69,-20.21;35.88,-67.98;44.46,1.36;46.68,-28.64;51.53,-118.32;
#1793:
>0:45.92,127.83;41.64,130.8;
#1794:
>0:33.07,100.56;37.55,79.17;44.3,32.53;50.0,24.71;51.48,4.18;
#1795:
>0:42.29,116.15;43.1,144.67;
#1796:
>0:41.07,117.46;41.83,155.41;
#1797:
>0:52.04,2.96;45.15,85.03;46.61,109.95;
#1798:
>0:40.11,114.46;39.74,118.27;
#1799:
>0:42.27,140.29;45.08,126.39;
#1800:
>0:41.58,148.28;44.46,145.5;
#1801:
>0:22.33,7.96;32.23,-12.98;37.45,-69.32;43.05,-109.67;48.8,-45.4;53.65,-50.79;
#1802:
>0:34.4,68.81;29.49,117.91;
#1803:
>0:40.62,120.53;40.9,145.73;
#1804:
>0:43.07,146.26;44.18,151.56;
#1805:
>0:43.68,131.12;43.51,136.22;
#1806:
>0:41.15,147.84;42.13,143.83;
#1807:
>0:43.04,115.4;40.07,153.0;
#1808:
>0:43.23,116.51;39.8,119.25;
#1809:
>0:40.91,150.48;41.27,152.54;
#1810:
>0:40.77,127.48;41.01,150.98;
#1811:
>0:42.92,151.52;34.11,71.11;28.58,73.32;22.29,-15.61;
#1812:
>0:25.38,-99.86;32.73,-82.34;34.11,-56.53;41.77,-38.99;38.74,6.26;49.27,106.75;
#1813:
>0:25.48,0.96;31.49,-5.41;23.46,-111.83;
#1814:
>0:48.22,54.32;47.14,24.52;42.92,-16.14;50.05,-8.53;47.7,-113.81;
#1815:
>0:44.24,119.74;41.71,127.28;
#1816:
>0:37.7,-109.84;34.86,-108.26;
#1817:
>0:54.24,23.8;47.66,-38.4;49.48,-78.41;41.81,-72.01;33.59,-23.41;25.11,-17.46;
#1818:
>0:45.85,-81.78;48.78,-58.11;42.35,-76.05;37.24,-39.15;37.15,41.21;43.09,125.51;
#1819:
>0:41.16,154.03;41.22,133.62;
#1820:
>0:27.96,103.98;30.25,81.75;
#1821:
>0:38.64,-73.77;30.07,-71.39;25.72,-74.57;
#1822:
>0:50.27,-16.11;49.85,-48.82;46.53,-98.82;
#1823:
>0:41.37,150.25;42.98,137.11;
#1824:
>0:40.47,117.41;40.48,134.5;
#1825:
>0:51.61,-76.33;52.8,-14.74;54.15,6.9;
#1826:
>0:53.78,-78.9;52.46,-13.61;55.17,10.56;
#1827:
>0:27.61,97.52;27.13,98.84;
#1828:
>0:49.05,-103.33;52.12,-60.68;55.12,-3.22;
#1829:
>0:43.81,-82.82;44.68,-54.08;36.43,-36.76;24.35,-72.37;
#1830:
>0:42.53,137.56;42.46,129.16;
#1831:
>0:40.62,153.12;40.62,114.36;
#1832:
>0:40.81,-19.05;39.26,2.12;
#1833:
>0:42.12,143.69;45.14,119.46;
#1834:
>0:53.63,-94.69;46.07,-68.81;42.0,-48.62;34.3,-14.04;34.9,4.24;28.31,95.6;
#1835:
>0:40.73,131.08;44.19,126.64;
#1836:
>0:26.69,88.22;28.66,97.93;31.93,68.06;39.91,141.6;
#1837:
>0:24.36,111.73;27.26,99.32;
#1838:
>0:52.06,96.16;52.83,107.39;
#1839:
>0:27.2,35.13;27.4,-7.28;
#1840:
>0:43.36,119.61;40.04,155.4;
#1841:
>0:42.26,121.53;41.32,151.97;
#1842:
>0:39.96,124.08;43.59,154.35;
#1843:
>0:40.09,149.41;44.66,137.74;
#1844:
>0:54.0,-105.44;47.86,-49.09;43.68,-77.76;36.94,-11.95;32.4,-18.31;24.13,77.99;
#1845:
>0:35.76,-112.82;30.52,-54.53;30.47,-21.14;24.01,-18.44;23.21,13.11;26.49,103.27;
#1846:
>0:24.42,-97.13;29.25,-49.47;33.85,-18.95;42.37,7.29;47.77,18.56;54.32,53.83;
#1847:
>0:40.91,128.1;40.92,130.12;
#1848:
>0:44.16,147.37;42.36,123.78;
#1849:
>0:44.71,125.23;42.28,126.51;
#1850:
>0:43.05,139.87;43.94,148.84;
#1851:
>0:53.24,-36.23;45.64,17.33;43.64,61.34;40.12,15.8;30.86,111.11;
#1852:
>0:44.55,138.2;44.32,144.45;
#1853:
>0:44.23,121.39;43.97,149.34;
#1854:
>0:48.1,122.83;55.42,111.34;
#1855:
>0:44.51,128.54;39.84,142.41;
#1856:
>0:44.45,139.39;43.13,132.06;
#1857:
>0:34.54,-108.04;35.18,-104.7;
#1858:
>0:45.28,129.03;44.42,117.79;
#1859:
>0:48.01,-91.39;46.59,-80.38;39.92,-71.09;34.75,-3.44;27.8,-21.55;
#1860:
>0:43.71,118.05;37.83,72.32;31.11,28.74;29.89,-17.39;
#1861:
>0:44.1,132.78;44.82,137.18;
#1862:
>0:49.75,-115.94;45.9,-48.22;40.26,-71.47;37.24,-22.43;40.65,77.12;
#1863:
>0:40.96,128.7;45.22,123.52;
#1864:
>0:41.94,123.15;41.28,132.85;
#1865:
>0:47.63,163.6;43.06,141.9;
#1866:
>0:43.86,154.43;40.54,144.68;
#1867:
>0:29.25,114.68;38.28,46.38;34.92,35.62;35.42,-33.53;
#1868:
>0:23.79,82.41;31.24,28.72;27.61,-32.51;32.74,-37.62;25.28,-106.61;
#1869:
>0:40.09,125.66;40.61,133.89;
#1870:
>0:53.15,90.51;44.91,77.36;40.57,130.26;37.06,101.4;30.99,56.31;
#1871:
>0:44.13,132.71;40.68,127.91;
#1872:
>0:23.34,112.21;33.09,106.15;34.25,85.4;45.11,144.35;46.47,104.68;51.3,44.39;
#1873:
>0:42.78,-118.32;46.13,-72.57;
#1874:
>0:45.26,155.27;40.67,138.85;
#1875:
>0:43.86,139.93;43.43,116.46;
#1876:
>0:27.81,-14.16;29.83,35.25;34.93,83.69;36.91,89.52;46.83,92.9;
#1877:
>0:33.64,-119.25;31.89,-96.15;
#1878:
>0:55.22,87.58;47.07,78.0;45.47,30.31;44.18,-33.18;49.91,-9.51;48.26,-104.33;
#1879:
>0:49.08,-69.38;47.8,-33.62;35.58,-36.44;
#1880:
>0:41.28,135.36;43.59,122.33;
#1881:
>0:24.8,-116.35;26.29,-59.05;27.54,-11.62;
#1882:
>0:44.03,145.32;43.67,145.57;
#1883:
>0:40.69,136.57;42.18,154.37;
#1884:
>0:42.28,140.87;41.46,128.16;
#1885:
>0:53.78,104.42;45.96,53.9;39.65,33.79;40.17,-25.99;
#1886:
>0:51.42,-93.54;46.31,-110.93;50.13,-68.09;44.07,-77.51;34.89,-60.99;22.26,-107.91;
#1887:
>0:55.12,40.64;45.3,-3.92;46.09,12.88;36.04,39.71;
#1888:
>0:44.66,120.46;42.14,148.97;
#1889:
>0:43.0,122.25;44.07,129.55;
#1890:
>0:42.61,137.78;42.42,135.9;
#1891:
>0:44.41,155.15;44.37,124.2;
#1892:
>0:41.89,127.46;41.18,145.02;
#1893:
>0:43.12,153.8;42.66,144.05;
#1894:
>0:41.19,133.26;46.42,88.64;50.76,117.39;
#1895:
>0:23.46,109.62;30.24,87.43;35.89,74.44;40.66,7.13;41.29,-24.27;36.82,-100.57;
#1896:
>0:30.15,-15.73;35.98,-0.75;
#1897:
>0:23.06,-101.0;25.9,-43.69;
#1898:
>0:32.24,101.43;34.4,67.44;
#1899:
>0:47.26,150.92;41.04,115.54;
#1900:
>0:47.66,-65.34;39.75,-14.06;
#1901:
>0:52.09,-121.56;50.07,-71.45;
#1902:
>0:51.42,-14.45;50.09,2.36;40.44,31.16;
#1903:
>0:42.36,136.47;46.47,134.03;
#1904:
>0:45.57,-14.62;49.05,-42.37;42.12,-59.94;29.26,-74.54;
#1905:
>0:42.0,134.37;43.54,149.24;
#1906:
>0:40.02,143.23;43.31,120.34;
#1907:
>0:49.58,-69.99;39.79,-40.41;36.66,-53.66;32.68,-104.38;
#1908:
>0:45.74,-85.19;52.46,-46.23;51.65,-7.5;
#1909:
>0:39.82,-46.21;47.45,-120.83;
#1910:
>0:39.67,-26.71;38.31,32.5;33.42,-66.33;
#1911:
>0:26.26,101.18;30.6,103.26;29.21,63.12;27.7,-38.6;
#1912:
>0:30.35,97.95;35.54,49.05;44.57,18.65;43.31,-33.22;50.15,-27.04;50.87,-88.05;
#1913:
>0:45.41,-120.0;50.14,-73.01;34.11,-66.92;
#1914:
>0:40.97,135.07;44.98,148.94;
#1915:
>0:43.65,129.41;43.77,121.14;
#1916:
>0:44.6,30.44;45.98,36.45;53.39,109.65;
#1917:
>0:27.39,-76.59;22.31,-10.55;33.17,9.59;
#1918:
>0:41.4,121.07;41.46,118.31;
#1919:
>0:24.26,1.24;33.21,-77.74;39.1,-97.67;44.01,-97.04;47.5,-87.53;
#1920:
>0:41.59,114.83;43.58,153.95;
#1921:
>0:33.03,-63.93;35.04,-71.21;
#1922:
>0:43.74,136.87;44.8,139.56;
#1923:
>0:30.42,-86.37;37.52,-71.63;
#1924:
>0:41.21,155.31;42.95,115.0;
#1925:
>0:24.81,-82.85;28.56,-119.79;38.69,-80.5;39.26,-89.76;46.74,-73.38;50.45,-73.29;
#1926:
>0:48.71,-34.72;49.69,-75.86;41.2,-51.69;38.53,-34.04;25.19,-19.11;
#1927:
>0:45.16,126.45;39.9,144.42;
#1928:
>0:48.78,12.33;52.13,1.77;53.09,-66.29;
#1929:
>0:53.64,-64.97;45.15,-10.54;43.75,-53.51;37.91,-66.34;30.48,-121.92;
#1930:
>0:45.2,152.83;44.24,118.29;
#1931:
>0:41.93,153.54;42.16,117.49;
#1932:
>0:39.8,118.84;43.06,143.75;
#1933:
>0:45.26,133.96;42.0,127.58;
#1934:
>0:46.77,-117.6;46.67,-76.01;44.71,-60.65;38.29,-23.82;24.31,-74.62;
#1935:
>0:30.35,91.94;37.97,80.38;31.52,71.92;26.09,-2.62;
#1936:
>0:40.02,124.38;45.04,125.31;
#1937:
>0:24.33,97.52;30.26,70.58;27.88,31.04;25.93,-1.56;26.86,-55.02;31.13,-100.8;
#1938:
>0:49.88,-106.58;45.68,-50.76;43.4,-77.77;38.03,-56.59;23.8,-76.21;
#1939:
>0:54.46,110.0;45.22,65.74;46.6,11.98;35.6,5.1;
#1940:
>0:28.83,-118.97;38.91,-67.06;28.11,-43.78;22.83,15.19;
#1941:
>0:53.11,116.98;48.63,69.82;41.87,2.76;34.03,36.29;
#1942:
>0:44.6,123.91;44.77,124.07;
#1943:
>0:39.89,154.9;40.97,130.91;
#1944:
>0:29.69,87.85;28.65,71.39;44.24,135.38;
#1945:
>0:40.51,-27.35;40.45,-5.03;
#1946:
>0:42.88,126.98;45.25,130.11;
#1947:
>0:41.17,122.85;40.37,137.57;
#1948:
>0:44.13,130.39;40.43,127.02;
#1949:
>0:42.52,-115.12;36.59,-50.88;29.42,-46.01;
#1950:
>0:44.03,146.09;45.16,152.66;
#1951:
>0:41.05,-92.4;48.73,-78.13;
#1952:
>0:44.03,114.77;36.54,115.24;32.92,103.16;
#1953:
>0:30.38,-62.19;37.38,-76.28;
#1954:
>0:39.99,139.76;44.92,130.76;
#1955:
>0:41.46,115.93;41.76,147.65;
#1956:
>0:37.52,-109.12;43.57,-54.28;46.66,-7.5;
#1957:
>0:40.47,146.58;40.54,121.59;
#1958:
>0:43.83,129.07;43.01,114.68;
#1959:
>0:34.79,16.68;43.42,32.37;50.21,-15.89;
#1960:
>0:55.68,75.46;46.31,88.54;41.0,140.34;
#1961:
>0:44.66,154.62;40.81,148.11;
#1962:
>0:25.29,36.61;33.04,52.58;37.48,116.09;
#1963:
>0:35.75,34.98;30.48,-13.64;25.48,9.04;
#1964:
>0:31.15,77.68;36.53,6.57;
#1965:
>0:25.15,110.51;32.03,115.03;33.97,84.3;43.85,137.19;48.21,121.33;50.88,82.44;
#1966:
>0:28.36,47.25;28.75,24.17;24.05,0.14;29.47,-32.95;26.53,-92.44;
#1967:
>0:25.75,13.26;30.06,-11.71;37.68,-73.92;43.76,-88.84;
#1968:
>0:37.26,72.88;41.42,38.4;48.17,-28.22;
#1969:
>0:44.06,-54.58;48.25,-64.94;47.96,5.07;
#1970:
>0:47.87,-117.37;49.13,-54.96;48.93,-16.5;49.57,9.17;44.34,66.65;40.82,131.23;
#1971:
>0:46.32,-69.27;41.17,-68.86;
#1972:
>0:47.03,-8.28;48.99,13.82;42.14,50.17;41.7,137.34;
#1973:
>0:42.72,15.09;43.94,18.89;
#1974:
>0:32.09,41.49;35.81,-6.73;40.55,-70.82;49.81,-113.24;
#1975:
>0:43.69,144.21;41.99,154.75;
#1976:
>0:39.69,129.28;43.83,151.38;
#1977:
>0:32.85,-78.77;35.35,-17.56;44.44,-1.67;35.45,20.41;41.96,125.97;
#1978:
>0:42.35,117.47;43.22,123.71;
#1979:
>0:53.91,39.56;47.0,64.95;48.73,98.05;
#1980:
>0:44.41,120.65;42.8,119.96;
#1981:
>0:41.54,149.0;40.05,147.63;
#1982:
>0:40.5,128.05;41.37,139.92;
#1983:
>0:49.59,97.02;45.46,51.43;43.58,30.54;36.71,17.45;23.13,-60.56;
#1984:
>0:53.24,-70.99;45.89,-12.56;39.86,-64.53;36.26,-43.05;31.83,-101.94;
#1985:
>0:41.88,126.44;49.32,113.87;53.85,113.47;
#1986:
>0:55.49,-18.91;44.8,7.91;40.74,-26.79;35.73,4.85;39.02,66.85;25.22,-8.18;
#1987:
>0:43.73,134.66;40.98,154.33;
#1988:
>0:51.43,-114.54;50.82,-93.05;
#1989:
>0:43.79,140.93;44.78,133.83;
#1990:
>0:40.21,143.85;40.61,154.46;
#1991:
>0:41.91,20.8;45.78,5.17;
#1992:
>0:38.51,17.97;42.46,32.06;48.49,-37.9;
#1993:
>0:40.56,137.5;43.31,129.11;
#1994:
>0:32.59,95.29;29.09,99.41;
#1995:
>0:44.95,149.27;40.96,150.61;
#1996:
>0:45.85,-24.83;39.37,27.07;36.95,72.04;
#1997:
>0:44.1,140.75;44.68,124.55;
#1998:
>0:27.09,40.15;31.36,-33.77;38.94,2.07;
#1999:
>0:29.51,15.26;28.72,29.15;
#2000:
>0:52.77,-7.17;45.45,-18.84;48.92,77.73;
#2001:
>0:53.59,-31.45;49.35,-36.52;54.89,-92.8;
#2002:
>0:36.77,78.45;36.6,111.91;
#2003:
>0:22.99,86.63;29.55,51.57;31.4,11.72;27.39,-38.64;24.27,-61.04;29.77,-118.13;
#2004:
>0:44.1,151.23;41.49,137.28;
#2005:
>0:44.03,119.34;41.83,122.72;
#2006:
>0:52.32,36.05;47.17,-0.27;48.31,34.96;34.47,27.51;
#2007:
>0:42.9,126.47;41.7,120.63;
#2008:
>0:41.81,5.54;46.58,14.7;
#2009:
>0:47.36,38.25;43.63,-1.18;43.4,-49.64;30.34,-50.53;
#2010:
>0:48.61,-106.73;48.73,-39.98;
#2011:
>0:42.18,-38.18;34.23,-18.44;
#2012:
>0:26.81,-24.84;32.88,-12.6;24.53,-97.88;
#2013:
>0:47.33,151.62;44.49,116.61;
#2014:
>0:36.31,-118.54;44.26,-67.98;45.3,-30.16;
#2015:
>0:55.21,115.87;50.39,97.04;
#2016:
>0:48.45,67.62;44.84,31.32;
#2017:
>0:23.21,94.1;23.81,89.99;
#2018:
>0:38.77,-79.17;39.6,-26.8;47.05,-49.44;
#2019:
>0:34.48,-86.3;32.25,-43.35;23.72,-69.71;
#2020:
>0:38.36,-70.34;40.79,-102.83;48.58,-61.63;51.08,-72.27;
#2021:
>0:42.38,146.11;41.24,114.35;
#2022:
>0:53.95,70.53;54.37,90.46;
#2023:
>0:44.97,113.61;45.37,83.01;36.82,54.05;
