#0:
>0:40.0,116.44;39.98,116.41;
#1:
>0:39.96,116.4;40.03,116.41;40.0,116.45;40.02,116.52;
#2:
>0:39.87,116.33;39.89,116.32;
#3:
>0:39.89,116.5;39.87,116.51;39.88,116.46;39.88,116.43;39.88,116.34;
#4:
>0:40.06,116.44;40.01,116.43;39.97,116.38;39.99,116.37;
#5:
>0:40.04,116.47;40.01,116.41;39.99,116.43;39.93,116.42;39.93,116.4;39.85,116.38;
#6:
>0:40.07,116.37;40.02,116.34;39.97,116.33;39.96,116.38;39.94,116.35;39.87,116.33;
#7:
>0:40.03,116.46;40.07,116.45;
#8:
>0:39.94,116.48;39.92,116.51;
#9:
>0:39.94,116.44;39.97,116.43;40.02,116.39;40.03,116.36;40.02,116.3;
#10:
>0:39.96,116.37;40.02,116.42;40.0,116.41;40.01,116.51;
#11:
>0:39.86,116.34;39.91,116.4;39.93,116.44;40.01,116.41;40.01,116.41;
#12:
>0:39.86,116.43;39.93,116.42;39.89,116.42;39.98,116.51;
#13:
>0:39.92,116.35;39.94,116.39;39.98,116.4;40.02,116.39;40.06,116.37;
#14:
>0:39.98,116.33;39.97,116.38;40.0,116.42;40.04,116.44;40.06,116.5;
#15:
>0:39.88,116.47;39.93,116.44;39.95,116.37;40.0,116.37;39.99,116.33;
#16:
>0:39.88,116.5;39.91,116.48;39.94,116.45;39.97,116.45;40.01,116.51;
#17:
>0:39.99,116.38;40.0,116.43;39.99,116.43;40.03,116.48;
#18:
>0:40.0,116.52;39.98,116.5;39.94,116.44;39.91,116.46;
#19:
>0:39.99,116.38;39.97,116.36;39.98,116.32;
#20:
>0:39.94,116.34;39.96,116.32;40.01,116.33;40.07,116.3;
#21:
>0:39.97,116.48;39.93,116.44;39.94,116.43;
#22:
>0:40.01,116.42;40.02,116.38;40.03,116.36;
#23:
>0:39.99,116.39;40.03,116.41;39.99,116.46;
#24:
>0:40.02,116.31;39.99,116.34;39.95,116.4;39.91,116.4;
#25:
>0:39.94,116.33;39.98,116.35;
#26:
>0:40.04,116.51;40.04,116.47;40.02,116.41;40.01,116.42;39.96,116.41;39.88,116.35;
#27:
>0:39.94,116.47;40.0,116.44;40.02,116.42;40.06,116.45;
#28:
>0:39.96,116.5;39.94,116.48;39.88,116.45;39.86,116.41;39.85,116.33;
#29:
>0:39.92,116.29;39.93,116.36;39.98,116.4;39.99,116.42;40.06,116.47;
#30:
>0:40.0,116.44;39.97,116.5;39.93,116.47;39.9,116.47;39.85,116.49;
#31:
>0:40.07,116.31;40.01,116.37;40.0,116.39;40.03,116.43;40.07,116.45;
#32:
>0:40.04,116.47;40.07,116.49;
#33:
>0:39.97,116.47;39.93,116.44;39.94,116.37;
#34:
>0:40.0,116.51;39.96,116.47;40.0,116.44;39.95,116.41;39.99,116.33;
#35:
>0:39.94,116.44;39.92,116.5;
#36:
>0:39.85,116.5;39.9,116.49;39.93,116.45;39.98,116.49;
#37:
>0:39.87,116.49;39.89,116.49;39.93,116.46;40.02,116.44;39.99,116.49;40.04,116.45;
#38:
>0:39.94,116.38;39.94,116.42;39.91,116.46;39.99,116.48;
#39:
>0:40.07,116.48;40.03,116.45;
#40:
>0:39.87,116.3;39.93,116.38;39.92,116.37;39.99,116.34;40.04,116.37;
#41:
>0:39.84,116.49;39.89,116.5;39.93,116.46;39.98,116.43;39.98,116.45;40.06,116.45;
