#0:
>0:40.01,116.39;40.07,116.44;
#1:
>0:39.93,116.34;39.99,116.4;39.97,116.44;
#2:
>0:39.89,116.48;39.94,116.47;39.95,116.41;
#3:
>0:40.04,116.49;40.01,116.44;39.97,116.51;39.94,116.47;39.89,116.44;
#4:
>0:40.03,116.35;40.02,116.38;40.04,116.42;
#5:
>0:39.88,116.44;39.9,116.42;39.93,116.42;
#6:
>0:39.88,116.41;39.91,116.42;39.92,116.37;39.98,116.36;
#7:
>0:39.9,116.32;39.94,116.36;39.98,116.38;
#8:
>0:39.99,116.42;40.03,116.43;40.0,116.53;
#9:
>0:39.93,116.5;39.97,116.51;
#10:
>0:40.07,116.46;40.0,116.41;39.99,116.39;
#11:
>0:39.9,116.33;39.87,116.35;
#12:
>0:40.06,116.49;40.03,116.47;39.98,116.49;39.96,116.48;
#13:
>0:39.96,116.43;39.92,116.39;
#14:
>0:39.92,116.35;39.94,116.37;39.99,116.38;40.04,116.47;
#15:
>0:40.03,116.33;39.99,116.37;39.95,116.38;39.9,116.38;
#16:
>0:39.94,116.36;39.92,116.37;39.91,116.4;39.89,116.47;39.89,116.5;
#17:
>0:39.92,116.37;39.91,116.39;39.93,116.42;39.93,116.46;
#18:
>0:39.89,116.41;39.92,116.38;39.99,116.43;
#19:
>0:40.03,116.5;40.05,116.45;40.04,116.44;40.01,116.38;40.03,116.35;
#20:
>0:39.91,116.44;39.87,116.41;39.9,116.42;39.89,116.44;39.86,116.41;
#21:
>0:39.91,116.31;39.94,116.34;39.97,116.38;40.0,116.43;40.01,116.44;40.05,116.51;
#22:
>0:39.97,116.46;40.02,116.41;40.06,116.39;40.06,116.33;40.06,116.33;
#23:
>0:39.87,116.39;39.89,116.43;39.93,116.46;
#24:
>0:40.02,116.48;39.95,116.46;
#25:
>0:39.88,116.4;39.91,116.43;39.93,116.36;
#26:
>0:40.04,116.5;40.0,116.47;40.04,116.42;40.0,116.48;39.91,116.43;
#27:
>0:40.03,116.37;40.07,116.43;
#28:
>0:39.87,116.4;39.91,116.38;39.93,116.43;39.97,116.33;
#29:
>0:40.0,116.34;40.01,116.33;40.05,116.33;
#30:
>0:39.91,116.5;39.95,116.46;39.92,116.42;40.02,116.38;
#31:
>0:39.96,116.42;40.01,116.47;40.01,116.52;40.04,116.49;
#32:
>0:39.86,116.5;39.89,116.46;39.96,116.43;39.99,116.4;39.98,116.43;40.08,116.4;
#33:
>0:39.96,116.5;39.96,116.44;40.0,116.48;39.91,116.39;
#34:
>0:39.96,116.48;39.96,116.45;39.89,116.45;39.88,116.39;
#35:
>0:39.89,116.32;39.94,116.35;39.97,116.4;39.96,116.44;40.03,116.46;40.07,116.51;
#36:
>0:40.05,116.31;40.07,116.36;40.02,116.39;40.02,116.42;40.0,116.42;39.97,116.49;
#37:
>0:39.86,116.48;39.89,116.47;39.93,116.43;39.97,116.39;40.0,116.38;40.07,116.34;
#38:
>0:39.87,116.43;39.9,116.39;39.95,116.38;
#39:
>0:39.89,116.51;39.94,116.46;39.9,116.42;39.98,116.4;
#40:
>0:40.0,116.49;40.03,116.47;40.03,116.41;40.01,116.37;
#41:
>0:40.03,116.46;40.04,116.41;39.99,116.41;40.01,116.37;40.0,116.33;
