#0:
>0:40.06,116.47;40.0,116.46;40.06,116.39;
#1:
>0:39.99,116.35;39.94,116.39;39.91,116.42;39.86,116.42;
#2:
>0:39.91,116.42;39.92,116.44;39.96,116.42;40.02,116.4;
#3:
>0:39.85,116.41;39.9,116.43;39.92,116.42;
#4:
>0:40.0,116.41;39.96,116.47;39.93,116.51;
#5:
>0:39.88,116.31;39.95,116.33;39.93,116.38;
#6:
>0:39.91,116.33;39.88,116.38;39.86,116.44;39.87,116.44;
#7:
>0:40.04,116.44;40.01,116.45;39.98,116.45;39.93,116.44;
#8:
>0:39.88,116.32;39.91,116.34;39.92,116.35;39.99,116.4;40.02,116.37;40.05,116.44;
#9:
>0:39.93,116.3;39.9,116.34;39.95,116.34;39.98,116.44;
#10:
>0:39.87,116.34;39.91,116.38;39.9,116.35;39.96,116.34;40.03,116.4;
#11:
>0:39.97,116.46;39.99,116.43;39.95,116.43;39.96,116.37;40.02,116.29;
#12:
>0:40.04,116.49;40.03,116.44;39.98,116.42;39.96,116.4;39.94,116.34;39.87,116.4;
#13:
>0:39.87,116.4;39.89,116.42;39.93,116.46;
#14:
>0:39.98,116.35;39.96,116.38;39.9,116.38;39.95,116.41;39.93,116.47;40.0,116.42;40.03,116.48;39.99,116.44;40.0,116.49;39.94,116.49;39.89,116.48;39.92,116.45;39.91,116.5;39.96,116.45;39.97,116.42;40.01,116.44;40.02,116.43;40.03,116.37;40.06,116.43;
#15:
>0:39.96,116.31;39.9,116.34;39.95,116.34;39.96,116.42;
#16:
>0:39.86,116.48;39.88,116.43;
#17:
>0:39.85,116.32;39.91,116.33;39.93,116.32;39.98,116.31;
#18:
>0:40.07,116.37;40.05,116.41;40.05,116.37;40.06,116.44;40.04,116.43;40.06,116.43;39.96,116.33;
#19:
>0:40.04,116.45;40.03,116.43;40.01,116.39;39.93,116.4;
#20:
>0:39.87,116.32;39.89,116.33;39.94,116.35;39.98,116.39;39.97,116.44;
#21:
>0:39.94,116.4;39.91,116.37;39.88,116.37;
#22:
>0:40.05,116.31;40.02,116.36;40.03,116.38;
#23:
>0:39.89,116.39;39.95,116.41;39.99,116.42;40.01,116.46;40.05,116.47;
#24:
>0:39.96,116.43;39.93,116.43;39.91,116.5;
#25:
>0:39.93,116.49;39.92,116.5;39.89,116.45;39.94,116.42;39.99,116.37;40.05,116.32;
#26:
>0:40.03,116.32;39.99,116.35;39.92,116.39;39.99,116.41;
#27:
>0:40.03,116.32;40.0,116.35;39.96,116.37;39.89,116.41;39.88,116.45;39.88,116.49;
#28:
>0:39.9,116.34;39.9,116.38;39.85,116.44;
#29:
>0:40.05,116.45;40.01,116.46;39.98,116.47;39.95,116.42;
#30:
>0:39.87,116.3;39.85,116.31;
#31:
>0:40.07,116.48;40.04,116.43;
#32:
>0:39.88,116.41;39.9,116.4;39.9,116.36;
#33:
>0:40.04,116.33;40.05,116.32;
#34:
>0:39.89,116.35;39.94,116.3;39.98,116.32;
#35:
>0:40.0,116.43;39.96,116.44;40.05,116.49;
#36:
>0:40.02,116.4;39.99,116.34;39.93,116.35;
#37:
>0:39.89,116.35;39.92,116.36;39.98,116.36;40.0,116.32;
#38:
>0:39.86,116.32;39.92,116.3;
#39:
>0:40.04,116.46;40.01,116.43;40.03,116.37;39.98,116.34;39.95,116.38;39.88,116.43;
#40:
>0:39.85,116.44;39.86,116.41;39.88,116.38;39.94,116.42;39.96,116.39;40.04,116.34;
#41:
>0:40.01,116.4;39.98,116.38;39.96,116.45;
