#0:
>0:40.02,116.34;39.97,116.33;
#1:
>0:40.0,116.32;39.93,116.31;40.0,116.35;39.96,116.41;
#2:
>0:40.04,116.35;40.03,116.33;39.92,116.32;
#3:
>0:39.9,116.45;39.9,116.49;39.94,116.45;39.98,116.45;40.07,116.51;
#4:
>0:40.01,116.38;39.99,116.33;39.92,116.35;
#5:
>0:39.95,116.32;39.98,116.36;
#6:
>0:39.97,116.3;40.03,116.32;40.07,116.35;40.01,116.4;39.98,116.45;
#7:
>0:40.07,116.44;40.03,116.38;39.98,116.34;39.95,116.38;39.93,116.39;
#8:
>0:39.97,116.48;39.97,116.44;
#9:
>0:40.03,116.49;40.02,116.51;
#10:
>0:40.07,116.39;40.02,116.41;40.0,116.41;39.96,116.43;39.91,116.42;
#11:
>0:39.94,116.37;39.93,116.32;39.98,116.34;40.0,116.31;40.04,116.32;
#12:
>0:39.99,116.45;39.99,116.41;39.95,116.38;39.95,116.34;
#13:
>0:40.04,116.49;40.0,116.47;39.99,116.42;39.95,116.38;39.91,116.37;
#14:
>0:40.07,116.38;40.01,116.38;39.96,116.33;39.95,116.37;39.94,116.44;39.87,116.41;
#15:
>0:39.98,116.35;39.93,116.4;39.95,116.35;39.88,116.31;
#16:
>0:39.92,116.32;39.99,116.34;40.03,116.4;39.99,116.43;39.93,116.48;39.86,116.49;
#17:
>0:39.98,116.42;39.93,116.4;
#18:
>0:39.96,116.32;39.97,116.35;39.99,116.31;40.06,116.3;
#19:
>0:39.97,116.43;39.94,116.39;39.98,116.39;40.04,116.34;
#20:
>0:39.89,116.38;39.93,116.36;39.97,116.35;40.04,116.33;40.06,116.38;
#21:
>0:39.91,116.42;39.96,116.35;40.0,116.36;40.03,116.35;40.07,116.37;
#22:
>0:39.92,116.46;39.94,116.42;39.98,116.37;39.93,116.34;39.88,116.31;
#23:
>0:39.93,116.37;39.93,116.36;39.92,116.3;
#24:
>0:40.07,116.39;40.01,116.34;39.98,116.39;39.96,116.35;39.93,116.38;39.87,116.43;
#25:
>0:40.06,116.3;40.03,116.36;39.97,116.38;39.94,116.43;39.92,116.39;39.86,116.45;
#26:
>0:39.95,116.43;39.93,116.38;39.91,116.36;39.93,116.3;
#27:
>0:40.09,116.41;40.0,116.38;39.99,116.34;40.0,116.32;39.96,116.35;39.86,116.38;
#28:
>0:40.07,116.43;40.02,116.4;39.96,116.35;40.04,116.33;40.03,116.37;39.97,116.35;40.0,116.32;39.96,116.33;
#29:
>0:39.85,116.4;39.94,116.39;39.95,116.38;
#30:
>0:39.97,116.4;39.95,116.36;39.92,116.37;
#31:
>0:39.89,116.47;39.96,116.43;39.99,116.39;40.01,116.35;
#32:
>0:39.96,116.45;39.95,116.41;40.0,116.39;39.95,116.36;39.98,116.33;
#33:
>0:40.04,116.34;40.06,116.37;40.01,116.38;39.92,116.46;
#34:
>0:40.04,116.3;40.05,116.36;40.02,116.37;39.96,116.43;40.02,116.45;39.93,116.5;
#35:
>0:39.98,116.38;40.01,116.44;40.0,116.46;
#36:
>0:40.05,116.3;40.02,116.33;40.02,116.39;39.97,116.43;39.91,116.45;
#37:
>0:39.94,116.49;39.99,116.46;40.01,116.43;40.05,116.4;40.05,116.34;
#38:
>0:39.85,116.31;39.85,116.34;39.92,116.39;39.87,116.43;39.9,116.46;
#39:
>0:39.93,116.44;39.94,116.47;39.98,116.42;39.99,116.45;40.05,116.49;
#40:
>0:40.05,116.49;40.04,116.47;40.05,116.43;40.03,116.4;40.04,116.34;
#41:
>0:39.87,116.42;39.86,116.38;
