#0:
>0:40.04,116.46;40.02,116.49;39.97,116.45;39.93,116.49;39.9,116.45;39.87,116.38;
#1:
>0:39.97,116.49;39.98,116.46;39.89,116.45;
#2:
>0:40.03,116.33;39.97,116.35;
#3:
>0:39.9,116.45;39.92,116.44;39.85,116.41;39.9,116.34;
#4:
>0:40.0,116.34;39.94,116.4;39.89,116.37;
#5:
>0:39.99,116.36;39.99,116.32;39.93,116.33;39.96,116.36;40.03,116.4;40.07,116.36;40.04,116.39;40.05,116.37;40.06,116.38;40.04,116.38;
#6:
>0:40.06,116.37;40.02,116.34;39.97,116.32;39.94,116.29;39.97,116.32;39.93,116.3;39.97,116.32;39.93,116.29;39.99,116.33;39.97,116.35;
#7:
>0:39.86,116.48;39.89,116.46;39.96,116.44;39.98,116.48;
#8:
>0:39.92,116.45;39.9,116.43;39.86,116.42;39.9,116.35;
#9:
>0:39.99,116.33;40.03,116.4;40.06,116.39;40.04,116.46;
#10:
>0:39.95,116.41;39.89,116.45;39.89,116.5;
#11:
>0:40.01,116.38;40.07,116.42;40.06,116.47;40.05,116.48;
#12:
>0:39.91,116.32;39.95,116.33;
#13:
>0:39.98,116.33;40.0,116.4;40.06,116.4;40.06,116.41;40.04,116.37;40.01,116.36;40.05,116.33;40.0,116.37;40.05,116.39;40.06,116.42;40.04,116.38;40.06,116.44;40.07,116.39;40.05,116.41;40.06,116.4;40.07,116.39;
#14:
>0:39.91,116.47;39.92,116.41;39.99,116.39;40.03,116.36;
#15:
>0:39.93,116.51;39.89,116.45;39.86,116.42;39.91,116.39;39.88,116.33;39.89,116.33;
#16:
>0:39.98,116.36;39.96,116.32;39.92,116.37;39.88,116.37;
#17:
>0:40.05,116.34;40.07,116.4;40.04,116.44;39.97,116.46;39.93,116.51;39.85,116.46;
#18:
>0:40.01,116.43;39.99,116.37;39.95,116.39;
#19:
>0:39.87,116.31;39.92,116.32;39.95,116.35;39.99,116.32;
#20:
>0:40.05,116.45;40.06,116.41;40.01,116.37;
#21:
>0:40.02,116.32;40.02,116.3;
#22:
>0:40.03,116.48;40.06,116.49;
#23:
>0:40.01,116.39;40.06,116.4;40.07,116.4;40.01,116.48;
#24:
>0:39.91,116.35;39.86,116.35;
#25:
>0:39.89,116.49;39.88,116.46;
#26:
>0:40.02,116.39;40.07,116.43;40.07,116.48;40.06,116.48;
#27:
>0:39.85,116.39;39.89,116.38;39.95,116.38;39.95,116.44;40.02,116.44;
#28:
>0:40.06,116.37;40.01,116.35;40.0,116.34;39.95,116.31;
#29:
>0:39.95,116.51;39.96,116.47;39.93,116.44;
#30:
>0:39.94,116.51;39.92,116.47;39.93,116.43;39.88,116.4;39.9,116.34;39.9,116.32;
#31:
>0:40.07,116.43;40.03,116.42;39.98,116.41;39.99,116.39;39.91,116.38;
#32:
>0:39.9,116.36;39.87,116.33;
#33:
>0:39.96,116.37;40.02,116.37;
#34:
>0:39.88,116.44;39.9,116.37;39.88,116.34;
#35:
>0:39.9,116.34;39.85,116.35;
#36:
>0:39.96,116.38;39.97,116.41;40.01,116.46;
#37:
>0:40.03,116.38;40.0,116.43;39.94,116.47;39.95,116.49;39.86,116.45;
#38:
>0:40.02,116.51;40.01,116.45;40.07,116.43;40.05,116.39;40.02,116.35;39.95,116.31;
#39:
>0:39.96,116.34;39.99,116.32;39.96,116.34;39.88,116.37;
#40:
>0:39.9,116.33;39.94,116.37;39.91,116.35;39.93,116.4;
#41:
>0:39.99,116.44;39.93,116.47;39.95,116.49;39.85,116.43;
