#0:
>0:40.02,116.51;39.98,116.44;40.02,116.42;40.01,116.4;
#1:
>0:39.97,116.5;40.03,116.48;40.07,116.49;
#2:
>0:39.91,116.33;39.96,116.31;39.99,116.3;40.03,116.33;
#3:
>0:39.86,116.3;39.92,116.34;39.93,116.36;
#4:
>0:39.92,116.33;39.86,116.38;39.89,116.42;39.87,116.44;
#5:
>0:39.92,116.45;39.86,116.46;39.88,116.37;
#6:
>0:39.94,116.4;39.97,116.38;
#7:
>0:39.85,116.46;39.85,116.44;39.9,116.39;39.95,116.36;39.98,116.4;40.04,116.3;
#8:
>0:39.97,116.46;40.0,116.43;39.98,116.4;39.96,116.35;
#9:
>0:40.04,116.39;40.03,116.41;39.99,116.38;39.91,116.36;
#10:
>0:40.07,116.33;40.01,116.31;
#11:
>0:39.85,116.46;39.9,116.46;39.94,116.51;39.98,116.5;
#12:
>0:39.94,116.49;39.92,116.5;
#13:
>0:39.95,116.37;39.95,116.36;39.96,116.37;40.04,116.38;
#14:
>0:39.89,116.44;39.91,116.39;39.91,116.36;39.96,116.33;
#15:
>0:39.89,116.5;39.88,116.48;39.88,116.46;39.86,116.44;39.89,116.38;39.95,116.31;
#16:
>0:40.06,116.35;40.02,116.33;39.99,116.35;39.95,116.39;39.96,116.41;39.86,116.39;
#17:
>0:39.94,116.48;39.94,116.5;39.96,116.45;40.07,116.39;
#18:
>0:39.94,116.35;39.97,116.3;39.97,116.35;40.06,116.3;
#19:
>0:39.99,116.36;39.99,116.38;
#20:
>0:40.0,116.47;39.98,116.44;39.95,116.37;39.9,116.41;39.88,116.47;
#21:
>0:39.96,116.39;39.95,116.38;39.91,116.45;
#22:
>0:39.86,116.38;39.88,116.45;39.91,116.39;39.94,116.43;40.01,116.44;
#23:
>0:39.93,116.35;39.99,116.39;40.02,116.4;40.04,116.43;
#24:
>0:39.95,116.43;39.9,116.39;39.86,116.36;
#25:
>0:40.06,116.5;40.0,116.51;
#26:
>0:39.91,116.38;39.91,116.36;39.85,116.29;
#27:
>0:40.0,116.5;39.97,116.46;40.02,116.44;40.02,116.37;
#28:
>0:40.07,116.4;40.01,116.35;40.03,116.32;
#29:
>0:40.02,116.45;40.0,116.5;39.93,116.49;
#30:
>0:40.04,116.5;40.04,116.45;40.07,116.4;
#31:
>0:39.98,116.37;40.03,116.34;40.01,116.3;39.96,116.35;40.01,116.36;40.03,116.38;40.04,116.43;40.02,116.38;40.06,116.38;40.06,116.35;40.07,116.37;40.04,116.42;40.07,116.38;
#32:
>0:40.0,116.49;39.99,116.48;39.96,116.44;
#33:
>0:39.9,116.34;39.94,116.37;39.95,116.44;39.96,116.47;
#34:
>0:40.05,116.37;40.04,116.42;
#35:
>0:39.87,116.37;39.87,116.42;39.92,116.4;39.96,116.34;40.01,116.32;
#36:
>0:39.94,116.39;39.97,116.37;
#37:
>0:39.93,116.42;39.98,116.46;
#38:
>0:39.92,116.3;39.99,116.34;39.94,116.39;39.94,116.44;39.94,116.47;
#39:
>0:39.88,116.49;39.9,116.49;39.95,116.49;
#40:
>0:39.97,116.5;39.98,116.47;
#41:
>0:39.86,116.31;39.89,116.35;
