#0:
>0:40.03,116.61;40.0,117.19;39.99,117.98;39.91,117.49;39.82,118.53;
#1:
>0:39.78,116.94;39.88,117.96;39.89,118.76;
#2:
>0:39.9,119.6;39.98,118.69;39.97,118.05;40.05,117.6;40.05,117.11;
#3:
>0:39.91,117.42;39.87,117.49;39.95,118.7;
#4:
>0:40.01,117.83;40.01,118.13;39.99,118.7;40.0,119.35;
#5:
>0:39.87,117.92;39.86,118.89;39.82,118.22;39.85,119.42;
#6:
>0:40.01,118.37;39.95,117.45;
#7:
>0:39.92,117.79;39.95,117.37;39.97,116.78;
#8:
>0:39.8,119.24;39.86,119.68;39.82,119.12;39.81,118.15;39.82,117.75;39.85,116.5;
#9:
>0:39.84,118.96;39.91,119.23;40.0,119.6;40.06,119.64;
#10:
>0:40.05,117.9;39.97,116.94;39.97,116.47;39.9,117.31;39.86,116.38;39.77,116.68;
#11:
>0:39.72,118.17;39.72,118.99;
#12:
>0:39.74,116.92;39.76,116.43;39.82,117.06;39.87,116.35;40.01,117.75;
