#0:
>0:39.51,119.21;37.56,120.48;35.71,120.49;35.21,119.83;
#1:
>0:31.96,116.65;34.03,117.77;
#2:
>0:33.24,120.04;34.72,120.06;35.65,119.1;38.01,118.64;38.39,116.79;
#3:
>0:36.73,117.04;35.27,117.83;34.24,118.06;34.44,119.16;34.02,119.87;
#4:
>0:34.7,116.7;35.3,117.63;34.22,118.3;36.66,119.78;38.53,120.55;38.1,121.41;
#5:
>0:36.8,119.31;34.67,119.5;34.69,118.19;31.52,118.84;
#6:
>0:38.72,118.19;37.71,119.76;37.08,119.23;35.12,119.71;34.11,119.25;32.3,119.57;
#7:
>0:32.42,121.01;33.58,120.75;35.08,121.48;
#8:
>0:39.18,118.33;39.59,119.56;37.57,120.03;37.82,121.18;
#9:
>0:39.49,119.7;37.62,120.61;36.79,119.91;35.11,119.98;
#10:
>0:39.06,117.09;38.11,116.65;36.45,116.69;35.27,117.03;33.09,116.95;
#11:
>0:32.25,117.91;33.53,118.62;34.51,119.64;34.54,120.01;36.3,121.27;
#12:
>0:38.77,121.52;38.3,119.91;36.11,119.32;35.55,119.15;34.12,117.2;
#13:
>0:35.54,118.43;33.32,119.22;32.32,118.98;
