#0:
>0:38.42,118.23;39.73,119.77;39.62,120.65;
#1:
>0:34.43,118.55;35.78,118.42;35.16,116.49;
#2:
>0:39.25,117.08;39.33,116.62;
#3:
>0:31.83,119.42;32.73,118.78;35.49,117.26;35.2,116.42;35.86,117.48;38.86,116.92;
#4:
>0:35.23,117.68;34.58,116.72;32.12,116.96;
#5:
>0:34.37,118.46;36.15,118.11;37.52,120.61;
#6:
>0:36.4,119.9;37.55,121.28;
#7:
>0:31.35,116.47;31.5,117.29;
#8:
>0:35.96,117.3;36.24,118.81;35.01,119.4;38.31,119.95;
#9:
>0:32.04,117.13;33.4,117.89;35.31,118.84;35.82,118.82;37.18,117.58;
#10:
>0:36.41,116.86;34.47,116.6;33.16,118.84;
#11:
>0:38.28,118.64;36.64,117.51;35.35,116.32;33.91,117.48;
#12:
>0:31.83,119.44;32.75,118.9;35.32,117.53;34.98,116.46;36.11,117.28;39.59,117.16;
#13:
>0:31.69,120.21;33.05,119.04;35.04,118.76;35.45,117.54;
