#0:
>0:34.08,117.81;34.94,118.21;35.7,119.02;38.41,119.98;39.44,121.17;
#1:
>0:32.16,118.51;33.2,117.67;35.1,117.29;
#2:
>0:38.29,117.38;35.8,118.36;35.22,119.09;35.43,120.04;34.37,120.73;
#3:
>0:35.29,121.51;36.59,120.33;36.06,119.21;39.91,118.1;
#4:
>0:36.62,117.34;36.16,118.09;33.32,117.64;
#5:
>0:34.59,121.41;35.91,120.5;36.75,119.08;39.88,118.1;
#6:
>0:35.1,117.9;35.64,118.2;36.57,119.3;36.56,119.85;
#7:
>0:31.36,118.77;33.53,118.49;31.35,120.24;
#8:
>0:31.66,121.48;32.57,121.09;
#9:
>0:38.85,118.04;38.49,116.77;36.83,116.34;34.4,117.01;34.16,116.76;32.09,116.43;
#10:
>0:39.69,117.45;37.92,118.9;
#11:
>0:34.91,119.67;33.78,119.07;32.61,117.87;
#12:
>0:37.19,121.3;39.79,120.28;38.46,120.6;37.65,119.24;35.94,117.28;
#13:
>0:32.9,118.29;33.02,117.48;35.48,118.57;37.27,119.97;
