#0:
>0:32.47,118.89;32.0,117.84;31.42,116.87;
#1:
>0:37.78,119.6;36.84,118.54;34.59,119.08;32.86,120.02;31.95,120.32;
#2:
>0:37.48,119.99;36.3,119.83;35.28,119.93;
#3:
>0:39.92,119.16;37.18,118.63;35.84,117.38;34.92,117.04;32.9,116.66;
#4:
>0:34.13,116.98;34.51,117.42;36.3,117.59;
#5:
>0:35.62,117.87;36.72,117.88;38.34,118.67;38.17,120.05;
#6:
>0:34.86,120.42;35.25,119.27;34.15,119.63;32.09,118.62;31.54,116.9;
#7:
>0:35.59,118.83;33.91,119.4;34.73,119.74;31.45,121.44;
#8:
>0:38.05,119.68;36.64,120.27;35.0,120.67;
#9:
>0:38.39,116.89;35.9,116.42;35.01,116.66;33.14,116.85;32.23,116.61;
#10:
>0:33.74,121.02;33.07,120.08;
#11:
>0:32.11,120.71;33.43,119.88;34.27,119.42;35.76,118.61;37.78,117.99;38.17,116.58;
#12:
>0:37.03,117.16;36.38,117.29;37.86,117.51;36.36,118.21;33.44,120.36;
#13:
>0:31.56,117.64;32.47,118.49;33.55,119.53;
