#0:
>0:38.49,114.92;36.92,114.69;35.8,114.25;35.85,114.74;33.35,114.44;
#1:
>0:32.54,115.57;33.75,115.39;34.92,115.52;35.99,115.78;39.88,116.6;
#2:
>0:35.79,113.9;35.18,114.44;36.73,113.53;39.24,113.62;
#3:
>0:31.76,115.62;31.45,115.03;33.21,114.92;33.62,114.19;
#4:
>0:34.88,115.07;34.19,115.56;31.83,116.28;
#5:
>0:37.8,115.78;36.65,115.12;34.98,115.25;32.41,114.55;
#6:
>0:41.13,116.75;38.01,115.72;39.39,115.15;
#7:
>0:36.31,115.38;34.43,115.25;33.12,115.92;31.29,115.49;
#8:
>0:35.61,114.09;36.65,113.55;37.05,114.13;38.67,115.3;
#9:
>0:32.67,115.82;34.73,115.18;35.02,114.67;32.56,114.62;32.36,113.81;
#10:
>0:30.56,114.27;32.7,114.35;34.38,114.01;
#11:
>0:39.17,114.78;37.75,114.55;35.66,114.55;
#12:
>0:35.06,115.63;32.9,115.74;
