#0:
>0:32.27,115.7;34.73,115.7;35.76,116.35;37.73,115.67;
#1:
>0:33.35,116.39;33.19,115.45;35.18,115.59;32.1,114.86;
#2:
>0:32.94,114.39;34.68,114.37;
#3:
>0:36.69,115.32;35.33,114.81;34.44,114.01;
#4:
>0:37.77,114.96;35.83,115.37;34.08,114.55;
#5:
>0:34.19,114.33;34.95,113.53;35.88,114.06;
#6:
>0:34.02,113.64;36.5,114.6;38.38,114.63;38.85,115.1;
#7:
>0:33.98,114.59;33.18,114.79;33.36,115.34;32.89,116.26;
#8:
>0:36.08,116.37;38.14,116.07;37.69,115.79;38.11,115.19;38.22,114.49;
#9:
>0:31.5,113.56;35.07,114.3;35.07,113.77;35.44,113.88;36.91,113.76;39.58,113.8;
#10:
>0:39.55,115.87;38.76,115.29;39.55,114.48;39.74,114.17;38.61,113.53;
#11:
>0:34.66,114.15;35.58,114.88;38.23,114.61;39.45,115.06;
#12:
>0:33.0,114.05;34.98,114.04;37.75,114.39;
