#0:
>0:32.18,115.56;34.55,116.38;35.43,115.97;37.49,115.93;40.59,116.57;
#1:
>0:36.53,116.35;34.12,115.46;
#2:
>0:30.65,115.36;31.7,114.51;34.27,114.96;
#3:
>0:33.65,114.86;34.12,114.09;36.64,114.7;37.58,115.37;39.36,114.16;
#4:
>0:33.9,115.34;36.33,114.7;37.56,115.34;
#5:
>0:34.81,114.02;35.8,114.66;37.77,115.22;38.53,115.5;41.3,116.47;
#6:
>0:38.54,114.5;37.04,114.27;36.04,114.19;34.93,114.24;33.77,114.11;
#7:
>0:35.33,114.36;38.32,114.38;38.98,114.72;39.2,115.22;37.51,115.84;38.22,116.22;
#8:
>0:37.85,113.89;36.16,114.31;
#9:
>0:32.81,114.59;34.15,115.33;
#10:
>0:37.1,115.92;35.64,115.9;35.78,115.21;33.23,115.53;
#11:
>0:39.83,114.85;37.47,114.62;36.18,114.8;
#12:
>0:32.71,115.75;33.08,115.32;
