#0:
>0:36.19,114.41;34.24,114.76;32.35,114.8;31.73,114.78;
#1:
>0:38.93,114.49;39.93,115.44;37.97,115.38;35.02,115.99;
#2:
>0:39.76,114.82;39.08,114.16;
#3:
>0:36.8,115.76;38.0,115.9;39.86,114.61;
#4:
>0:32.61,114.98;34.58,115.73;35.97,115.45;37.6,116.13;39.48,116.32;
#5:
>0:38.46,115.76;38.99,115.08;37.71,114.98;36.17,115.15;33.93,114.56;32.07,113.68;
#6:
>0:35.72,115.42;38.28,114.57;38.24,114.42;37.93,113.68;
#7:
>0:36.56,114.36;35.52,113.8;
#8:
>0:37.92,114.63;38.15,114.97;35.64,115.14;33.46,115.12;
#9:
>0:32.65,114.4;33.48,113.88;34.75,113.57;36.65,114.27;38.6,114.21;
#10:
>0:33.88,114.55;36.71,114.98;
#11:
>0:38.53,114.41;36.92,114.92;35.51,114.96;33.78,115.34;
#12:
>0:39.21,114.85;38.22,114.04;38.03,114.6;36.0,115.06;33.73,114.81;31.57,114.6;
