#0:
>0:39.18,116.88;39.29,116.66;39.48,116.16;39.56,115.97;39.65,115.71;39.92,115.27;
#1:
>0:39.75,115.48;39.66,115.87;
#2:
>0:39.2,116.47;39.38,115.97;39.5,116.28;39.62,115.92;39.69,115.46;39.85,115.01;
#3:
>0:39.24,115.68;39.48,115.4;39.61,115.63;39.72,115.28;39.93,115.47;
#4:
>0:39.79,116.8;39.69,117.02;
#5:
>0:39.19,115.85;39.13,115.72;39.34,115.43;39.67,115.03;
#6:
>0:39.48,116.93;39.63,116.75;
#7:
>0:39.19,115.48;39.31,115.57;39.42,115.73;39.58,115.82;39.55,115.72;39.92,115.16;
#8:
>0:39.64,116.84;39.74,115.97;
#9:
>0:39.37,115.74;39.36,115.79;
#10:
>0:39.55,116.95;39.7,116.52;39.84,116.5;39.63,115.77;39.36,115.54;
