#0:
>0:39.31,115.4;39.32,116.09;39.3,116.33;
#1:
>0:39.77,116.44;39.69,116.32;39.58,115.7;
#2:
>0:39.97,115.4;39.83,115.38;39.73,115.76;39.65,116.36;39.29,116.36;
#3:
>0:39.51,116.07;39.59,115.95;39.86,116.33;
#4:
>0:39.27,115.45;39.28,115.8;39.26,116.24;
#5:
>0:39.13,115.44;39.21,115.51;
#6:
>0:39.69,115.06;39.54,115.63;39.76,115.44;40.09,116.28;
#7:
>0:39.97,116.67;39.83,116.34;39.8,116.04;39.73,115.65;
#8:
>0:39.39,115.56;39.51,115.33;
#9:
>0:39.95,115.27;39.8,115.4;39.62,115.75;39.54,116.53;
#10:
>0:39.44,115.88;39.65,116.06;39.81,116.62;
