#0:
>0:39.2,115.98;39.3,116.16;39.32,115.98;39.43,115.62;39.61,115.47;39.98,116.02;
#1:
>0:39.78,115.43;39.61,116.09;39.39,115.61;39.35,115.34;39.12,115.77;
#2:
>0:39.09,116.81;39.31,116.47;39.24,115.91;39.43,115.74;39.42,115.37;
#3:
>0:39.64,117.12;39.78,116.6;39.97,116.49;
#4:
>0:39.32,115.19;39.35,115.06;
#5:
>0:39.72,115.27;39.61,115.55;39.49,115.94;39.49,116.4;39.52,116.74;
#6:
>0:39.83,116.3;39.83,116.86;39.75,117.17;
#7:
>0:39.95,116.74;39.78,116.46;39.68,116.73;39.4,115.76;
#8:
>0:39.77,116.95;39.94,116.68;
#9:
>0:39.92,115.75;39.84,115.9;39.56,116.22;39.8,116.75;39.96,116.88;
#10:
>0:39.69,115.89;39.65,116.43;39.67,116.52;
