#0:
>0:39.94,116.35;39.94,116.34;39.95,116.33;
#1:
>0:39.94,116.31;39.96,116.32;
#2:
>0:39.93,116.36;39.95,116.35;39.96,116.34;39.98,116.33;40.0,116.34;
#3:
>0:39.93,116.32;39.94,116.33;39.95,116.34;39.98,116.35;39.99,116.37;
#4:
>0:39.93,116.3;39.92,116.3;39.92,116.32;39.94,116.33;39.96,116.34;39.98,116.36;
#5:
>0:40.0,116.34;39.97,116.33;39.95,116.33;39.94,116.33;39.93,116.34;
#6:
>0:39.99,116.37;39.98,116.37;
#7:
>0:39.93,116.3;39.93,116.31;39.95,116.33;39.98,116.33;
#8:
>0:39.91,116.33;39.93,116.34;39.94,116.31;
#9:
>0:39.96,116.32;39.98,116.31;39.98,116.33;39.99,116.35;
#10:
>0:39.94,116.33;39.94,116.32;
#11:
>0:39.97,116.36;39.96,116.35;39.94,116.34;39.92,116.32;39.92,116.32;39.91,116.3;
#12:
>0:39.98,116.37;39.96,116.35;
#13:
>0:39.99,116.33;39.99,116.34;39.98,116.36;
#14:
>0:39.98,116.34;39.96,116.33;39.94,116.33;39.93,116.33;39.92,116.35;
#15:
>0:39.91,116.34;39.93,116.33;39.94,116.31;39.95,116.3;
#16:
>0:39.94,116.35;39.94,116.34;39.93,116.34;39.95,116.32;
#17:
>0:39.94,116.32;39.95,116.31;39.98,116.34;39.98,116.34;
#18:
>0:39.98,116.34;39.99,116.33;39.98,116.31;39.96,116.31;
#19:
>0:39.96,116.31;39.94,116.32;39.92,116.32;
#20:
>0:39.98,116.31;39.97,116.3;
#21:
>0:39.99,116.36;39.97,116.36;
#22:
>0:39.96,116.37;39.98,116.35;39.97,116.34;39.96,116.33;39.94,116.32;39.96,116.3;
#23:
>0:39.94,116.35;39.95,116.34;39.97,116.33;39.99,116.34;
#24:
>0:39.94,116.33;39.94,116.31;39.94,116.31;
#25:
>0:39.96,116.31;39.95,116.33;
