#0:
>0:39.93,116.31;39.94,116.31;39.94,116.33;
#1:
>0:39.95,116.37;39.94,116.36;39.93,116.35;39.94,116.33;
#2:
>0:39.92,116.33;39.93,116.32;39.94,116.32;39.98,116.31;
#3:
>0:39.94,116.32;39.95,116.3;39.99,116.32;
#4:
>0:39.99,116.31;39.99,116.31;
#5:
>0:39.95,116.3;39.98,116.31;39.98,116.32;39.96,116.32;39.95,116.33;39.91,116.36;
#6:
>0:39.93,116.35;39.94,116.37;39.96,116.36;39.97,116.36;
#7:
>0:40.0,116.32;39.97,116.33;39.96,116.34;
#8:
>0:39.92,116.37;39.92,116.35;39.94,116.34;39.94,116.33;39.94,116.32;39.99,116.31;
#9:
>0:39.94,116.37;39.96,116.35;
#10:
>0:39.99,116.34;40.0,116.31;39.97,116.32;39.95,116.33;39.93,116.31;
#11:
>0:39.93,116.35;39.93,116.34;39.91,116.33;
#12:
>0:39.94,116.33;39.95,116.32;39.95,116.31;
#13:
>0:39.91,116.3;39.92,116.31;39.94,116.31;
#14:
>0:39.91,116.33;39.93,116.33;
#15:
>0:39.91,116.36;39.91,116.35;
#16:
>0:39.95,116.3;39.96,116.32;39.96,116.33;39.95,116.32;39.93,116.34;39.93,116.36;
#17:
>0:39.91,116.35;39.93,116.34;39.94,116.35;39.96,116.35;
#18:
>0:39.96,116.3;39.95,116.32;39.97,116.33;39.98,116.34;
#19:
>0:39.93,116.3;39.95,116.32;39.95,116.33;39.97,116.34;39.97,116.35;39.97,116.36;
#20:
>0:39.91,116.3;39.91,116.32;39.92,116.32;39.94,116.32;39.95,116.32;39.99,116.34;
#21:
>0:39.92,116.36;39.94,116.36;39.96,116.36;39.97,116.36;
#22:
>0:39.97,116.36;39.97,116.36;39.94,116.37;
#23:
>0:39.92,116.32;39.92,116.32;39.94,116.31;
#24:
>0:39.92,116.32;39.93,116.33;39.93,116.34;39.96,116.33;
#25:
>0:39.95,116.31;39.94,116.32;39.96,116.31;39.99,116.34;
