#0:
>0:39.97,116.33;39.98,116.33;39.97,116.31;
#1:
>0:39.92,116.32;39.92,116.34;39.93,116.35;39.96,116.37;
#2:
>0:39.96,116.36;39.97,116.36;39.98,116.36;
#3:
>0:39.98,116.36;39.95,116.36;39.95,116.34;39.97,116.34;39.97,116.32;
#4:
>0:39.98,116.31;39.99,116.3;
#5:
>0:39.95,116.3;39.93,116.32;
#6:
>0:39.98,116.3;39.97,116.31;39.98,116.31;39.99,116.3;39.99,116.33;
#7:
>0:39.97,116.31;39.98,116.3;39.99,116.32;39.98,116.33;39.97,116.33;39.98,116.35;39.97,116.33;39.97,116.33;
#8:
>0:39.93,116.3;39.94,116.32;
#9:
>0:39.97,116.31;39.97,116.31;39.96,116.33;39.95,116.34;39.95,116.34;39.92,116.37;
#10:
>0:39.92,116.35;39.92,116.35;39.95,116.35;39.96,116.35;39.96,116.34;39.99,116.31;
#11:
>0:39.96,116.3;39.94,116.32;39.93,116.33;39.95,116.34;39.92,116.35;
#12:
>0:39.97,116.3;39.97,116.32;
#13:
>0:39.98,116.37;39.97,116.37;39.95,116.35;39.96,116.33;39.94,116.31;
#14:
>0:39.93,116.31;39.95,116.31;
#15:
>0:39.97,116.37;39.98,116.36;39.95,116.37;
#16:
>0:39.93,116.35;39.95,116.35;39.96,116.35;39.97,116.33;
#17:
>0:39.93,116.35;39.95,116.35;39.93,116.34;39.95,116.33;39.93,116.3;
#18:
>0:39.95,116.34;39.96,116.34;39.96,116.34;39.98,116.31;
#19:
>0:39.94,116.34;39.96,116.34;39.97,116.34;39.99,116.31;
#20:
>0:39.99,116.35;39.98,116.33;
#21:
>0:39.97,116.3;39.98,116.31;39.97,116.3;39.99,116.3;39.99,116.33;
#22:
>0:39.91,116.33;39.92,116.33;39.94,116.34;39.95,116.33;
#23:
>0:39.93,116.33;39.93,116.34;
#24:
>0:39.98,116.31;39.99,116.32;39.99,116.33;39.98,116.33;39.98,116.34;39.96,116.34;39.97,116.36;39.95,116.36;39.96,116.34;39.94,116.34;39.92,116.35;39.94,116.36;39.92,116.36;39.92,116.37;
#25:
>0:39.93,116.31;39.94,116.3;39.96,116.31;
