#0:
>0:40.03,118.77;40.68,118.7;41.03,118.7;41.35,118.28;41.87,118.31;
#1:
>0:41.3,119.35;41.52,118.38;41.91,118.0;41.88,117.57;41.51,117.41;40.45,116.26;
#2:
>0:39.92,116.54;40.31,116.51;
#3:
>0:41.73,118.24;41.82,117.52;41.53,118.03;41.1,118.36;40.54,118.77;39.72,118.61;
#4:
>0:41.41,116.87;41.76,117.37;41.69,117.81;
#5:
>0:39.85,118.48;40.1,118.86;40.77,118.08;40.62,116.72;
#6:
>0:40.69,116.57;40.9,117.13;41.54,117.36;41.68,117.41;
#7:
>0:41.53,119.31;41.05,119.38;
#8:
>0:40.26,116.35;40.32,116.52;
#9:
>0:41.63,119.14;41.44,118.62;41.28,117.88;41.61,117.44;41.25,117.17;41.53,116.25;
#10:
>0:40.06,117.93;40.4,118.36;
#11:
>0:41.82,118.9;41.47,119.48;41.1,119.05;40.6,119.33;40.29,119.28;
#12:
>0:40.91,117.77;41.47,118.14;41.57,118.06;
#13:
>0:40.24,118.24;40.47,117.39;40.46,116.98;
#14:
>0:40.48,118.81;40.9,118.7;
#15:
>0:40.8,117.23;41.43,118.25;
#16:
>0:41.73,116.84;41.41,117.6;40.95,118.21;40.86,118.88;
#17:
>0:41.31,116.83;41.7,116.72;
#18:
>0:40.19,116.77;40.25,116.57;
#19:
>0:40.28,116.8;40.21,116.35;
#20:
>0:41.12,118.72;40.99,119.28;
#21:
>0:39.98,116.54;40.29,116.28;
#22:
>0:39.93,117.69;40.32,117.99;40.64,117.64;40.8,117.03;
#23:
>0:40.04,116.71;40.06,116.6;
#24:
>0:40.79,117.63;40.95,117.69;40.72,116.49;
#25:
>0:40.26,116.54;40.11,116.59;
#26:
>0:40.16,116.79;39.91,116.56;
#27:
>0:40.25,116.35;40.17,116.5;
#28:
>0:41.22,116.22;41.14,116.56;
#29:
>0:40.16,116.83;40.08,116.48;
#30:
>0:40.84,116.86;41.07,117.56;
#31:
>0:41.45,118.71;41.44,117.98;41.52,117.56;41.04,117.17;40.9,116.61;
#32:
>0:41.26,117.98;41.18,118.82;41.34,119.12;
#33:
>0:40.32,116.49;40.04,116.54;
#34:
>0:40.65,116.18;40.86,116.8;41.34,117.79;41.76,117.76;
#35:
>0:41.72,117.26;41.25,118.14;41.24,118.76;41.94,119.24;
#36:
>0:40.24,118.77;39.77,118.32;39.91,117.49;39.8,116.72;
#37:
>0:40.85,117.02;41.35,117.46;41.23,118.19;41.37,118.82;41.43,119.21;
#38:
>0:39.66,117.94;39.65,117.43;40.27,117.05;40.65,117.5;41.51,117.21;
#39:
>0:41.93,116.08;41.24,116.72;41.54,116.42;41.14,116.8;40.16,116.11;
#40:
>0:40.17,116.79;40.3,116.65;
#41:
>0:40.59,116.89;40.33,116.61;39.95,117.19;
#42:
>0:40.84,117.61;41.53,117.0;41.86,116.37;
#43:
>0:41.03,116.96;41.42,116.94;41.8,116.92;
#44:
>0:41.02,117.62;41.28,117.57;41.59,117.62;
#45:
>0:41.43,117.5;41.21,116.94;40.43,116.59;
#46:
>0:40.94,118.66;41.51,118.58;41.95,117.8;41.3,117.06;
#47:
>0:40.22,118.7;40.7,118.39;40.81,118.39;41.34,117.52;
#48:
>0:41.49,117.12;40.92,116.67;40.53,116.4;40.02,117.48;
#49:
>0:39.63,117.61;39.77,118.11;39.8,118.38;40.72,119.24;
#50:
>0:41.16,118.14;40.72,117.88;40.55,116.95;
#51:
>0:40.07,117.01;40.34,116.52;
#52:
>0:41.62,117.98;41.56,117.76;41.0,116.68;41.1,116.11;
#53:
>0:41.49,117.26;40.99,118.01;40.54,118.76;40.3,119.16;39.96,118.98;
#54:
>0:41.75,118.72;41.46,119.21;41.11,119.15;40.47,119.51;40.3,119.13;
#55:
>0:41.65,116.83;41.43,117.25;41.06,118.19;40.98,118.85;
#56:
>0:39.96,116.56;40.29,116.82;
#57:
>0:41.79,116.2;41.26,116.77;41.38,117.39;41.16,117.08;40.76,116.28;39.64,116.68;
#58:
>0:41.24,117.65;41.67,116.74;
#59:
>0:41.83,117.84;41.35,117.48;40.97,117.16;40.92,116.11;
#60:
>0:40.32,118.57;40.45,118.21;40.89,117.66;41.45,117.11;41.44,116.36;
#61:
>0:41.64,119.09;41.49,118.53;41.3,117.88;40.72,117.48;
#62:
>0:41.79,117.06;41.78,117.58;41.68,117.91;
#63:
>0:40.17,116.34;40.07,116.56;
#64:
>0:40.98,118.16;41.41,117.7;
#65:
>0:40.03,116.78;40.03,116.42;
#66:
>0:39.91,118.64;40.29,118.71;40.59,118.14;40.32,117.7;40.28,116.31;
#67:
>0:41.91,117.3;41.39,118.01;41.1,118.08;40.76,118.3;40.33,118.1;
#68:
>0:40.59,116.1;40.26,117.15;40.55,117.42;41.14,117.35;41.4,118.73;
#69:
>0:40.33,116.2;40.55,116.87;41.0,117.42;41.28,117.54;
#70:
>0:40.29,116.36;40.31,116.52;40.52,117.06;41.06,117.43;
#71:
>0:41.36,116.67;41.3,117.17;
#72:
>0:40.21,116.37;40.09,116.61;
#73:
>0:39.96,116.8;40.31,116.5;
#74:
>0:40.14,116.51;39.94,116.94;
#75:
>0:41.11,117.67;41.01,117.08;40.67,116.64;39.85,117.15;
#76:
>0:39.65,119.42;39.66,118.45;40.09,118.38;41.14,118.39;
#77:
>0:39.64,117.82;39.65,118.39;40.3,119.25;40.64,118.97;41.17,118.76;41.91,119.22;
#78:
>0:41.6,116.38;41.46,117.11;
#79:
>0:40.65,116.83;40.69,117.45;40.05,118.07;40.05,118.89;40.08,119.39;
#80:
>0:39.81,118.48;40.24,118.74;40.5,118.18;41.08,118.38;
#81:
>0:40.63,118.53;40.11,118.0;
#82:
>0:40.02,116.48;40.05,116.49;
#83:
>0:41.36,119.25;41.1,119.09;40.58,119.41;40.3,119.31;39.67,119.19;
#84:
>0:40.49,119.44;40.96,118.44;40.62,118.24;40.3,117.69;
#85:
>0:40.93,118.23;41.48,117.46;
#86:
>0:41.09,118.31;41.28,118.23;41.66,119.34;
#87:
>0:40.02,116.75;40.11,116.78;
#88:
>0:40.34,116.77;40.68,117.7;41.1,117.37;41.5,117.53;41.78,117.74;
#89:
>0:40.11,117.09;40.46,117.4;41.15,117.34;41.2,116.66;41.7,116.76;
#90:
>0:39.75,118.28;40.29,118.51;40.5,118.66;41.12,118.77;41.31,118.88;41.91,118.48;
#91:
>0:40.08,116.65;40.19,116.73;40.22,116.61;
#92:
>0:39.77,118.62;40.11,119.32;40.58,119.38;40.98,118.56;41.22,117.87;41.68,117.14;
#93:
>0:40.2,116.35;40.33,116.42;
#94:
>0:40.16,117.13;39.84,117.09;40.18,117.57;40.19,118.65;
#95:
>0:39.97,117.86;39.88,117.68;40.51,117.15;
#96:
>0:41.63,116.62;41.32,116.43;
#97:
>0:40.76,118.49;40.09,119.07;39.73,119.37;
#98:
>0:41.25,118.54;41.52,117.82;41.43,117.58;41.03,116.66;41.04,116.36;
#99:
>0:40.16,116.75;40.25,116.52;
#100:
>0:39.79,116.93;40.28,117.6;40.41,118.1;41.11,118.46;41.28,118.48;41.8,118.84;
#101:
>0:41.13,116.28;40.84,117.09;40.98,117.67;
#102:
>0:39.99,119.41;39.93,119.13;
#103:
>0:40.93,117.42;41.55,118.02;41.82,118.31;
#104:
>0:40.3,118.42;40.58,118.52;41.12,118.39;41.28,117.36;
#105:
>0:40.45,118.81;40.96,118.65;41.26,118.35;41.0,117.02;
#106:
>0:40.45,116.35;40.33,116.2;
#107:
>0:40.16,116.61;40.27,116.44;
#108:
>0:39.99,116.28;40.04,116.8;
#109:
>0:41.15,117.05;40.78,117.76;40.66,118.28;
#110:
>0:41.19,116.12;41.45,116.97;
#111:
>0:41.91,118.46;41.47,118.29;41.06,118.33;40.55,118.2;
#112:
>0:40.16,116.58;40.24,116.79;
#113:
>0:41.52,116.57;41.06,116.73;40.52,116.41;40.38,117.19;39.89,117.43;
#114:
>0:41.73,117.84;41.52,117.9;41.94,117.05;
#115:
>0:40.08,118.9;40.55,118.03;40.64,118.43;40.95,118.56;41.79,117.34;
#116:
>0:40.95,116.54;40.54,116.78;
#117:
>0:40.15,118.38;40.5,118.42;40.88,118.42;41.46,119.22;
#118:
>0:40.89,117.74;40.72,118.27;40.28,118.68;39.74,118.78;
#119:
>0:41.82,118.19;41.37,117.28;41.08,117.04;41.05,116.4;
#120:
>0:41.15,117.77;41.46,117.92;41.88,118.07;
#121:
>0:41.38,119.38;41.04,119.31;40.46,118.65;40.1,118.57;39.91,117.44;
#122:
>0:40.22,118.44;40.12,118.52;
#123:
>0:41.24,118.64;41.27,118.21;41.4,117.38;41.11,116.89;41.09,116.53;
#124:
>0:41.77,118.2;41.85,117.76;41.46,118.17;41.05,118.22;40.54,117.8;39.7,117.56;
#125:
>0:39.84,118.58;40.11,118.57;40.67,118.32;40.71,117.06;
#126:
>0:40.23,116.32;40.07,116.38;
#127:
>0:41.72,116.99;41.36,117.24;40.83,117.82;41.1,118.7;
#128:
>0:41.19,118.8;41.74,118.25;41.92,117.78;
#129:
>0:41.79,116.44;41.34,117.01;41.08,116.9;
#130:
>0:40.27,116.32;40.26,116.36;
#131:
>0:40.2,116.59;40.03,116.8;
#132:
>0:41.91,116.46;41.49,116.65;
#133:
>0:40.74,117.33;40.32,117.79;
#134:
>0:40.32,116.49;40.22,116.67;
#135:
>0:40.98,116.15;41.08,116.68;40.91,117.24;
#136:
>0:41.62,117.05;41.35,117.76;40.99,118.22;40.59,118.03;
#137:
>0:40.62,117.47;40.84,116.68;41.49,116.72;
#138:
>0:40.17,118.58;40.45,118.11;41.11,118.78;
#139:
>0:40.64,117.69;41.15,117.4;40.73,116.32;
#140:
>0:40.39,118.43;40.41,118.16;40.59,118.44;40.9,118.66;41.93,119.36;
#141:
>0:40.34,118.64;40.46,117.96;40.79,118.57;40.93,118.79;41.88,117.72;
#142:
>0:41.42,118.21;41.36,118.89;41.29,119.48;
#143:
>0:41.61,116.77;41.55,117.27;40.86,118.1;40.5,118.22;
#144:
>0:40.12,116.45;40.49,116.88;
#145:
>0:41.49,117.41;40.99,116.76;
#146:
>0:40.02,119.12;40.05,118.46;40.47,118.27;40.89,117.74;41.3,116.67;41.6,116.11;
#147:
>0:41.37,118.88;41.38,118.18;41.08,118.11;40.46,118.0;39.87,118.0;
#148:
>0:39.99,116.76;40.31,117.35;40.65,118.02;41.04,118.51;41.22,118.59;41.75,118.84;
#149:
>0:40.81,119.03;41.48,118.81;41.6,118.42;
#150:
>0:40.69,117.91;40.05,118.15;40.36,117.57;41.11,116.19;
#151:
>0:41.87,116.31;41.55,117.12;41.35,116.24;40.93,116.85;40.18,116.18;
#152:
>0:41.02,116.23;40.62,117.21;40.43,117.54;
#153:
>0:39.85,117.93;39.74,118.54;40.08,119.43;40.68,119.32;40.86,118.46;41.61,118.03;
#154:
>0:41.16,117.38;41.23,117.84;41.81,118.31;
#155:
>0:39.97,117.64;40.06,117.88;40.43,117.45;41.04,117.34;41.34,116.9;41.88,116.14;
#156:
>0:41.58,118.58;41.52,119.42;40.85,119.05;40.7,119.09;40.22,119.14;
#157:
>0:40.34,116.54;39.97,116.61;
#158:
>0:40.77,116.85;41.1,117.27;40.86,118.2;
#159:
>0:39.92,116.82;39.94,116.76;
#160:
>0:40.04,116.78;40.18,116.7;
#161:
>0:39.83,118.75;40.24,118.5;40.51,118.46;40.92,118.57;41.34,117.96;41.82,117.18;
#162:
>0:40.72,116.91;40.12,116.58;39.97,117.11;
#163:
>0:40.75,117.26;40.97,117.99;41.4,118.58;41.89,118.49;
#164:
>0:40.67,119.22;40.2,118.91;40.45,117.95;40.35,117.49;
#165:
>0:41.34,117.59;41.72,117.75;
#166:
>0:40.95,116.46;40.45,117.08;40.49,117.41;40.7,118.15;40.57,118.55;40.48,119.12;
#167:
>0:40.02,116.86;40.07,116.6;
#168:
>0:41.34,118.07;41.23,117.41;40.97,116.66;40.32,117.17;
#169:
>0:39.72,116.81;40.09,116.39;40.7,116.16;
#170:
>0:39.66,118.82;40.14,118.52;40.7,117.94;41.02,118.72;
#171:
>0:40.95,118.18;41.53,118.06;41.88,119.06;
#172:
>0:41.81,118.32;41.76,117.33;41.42,117.07;
#173:
>0:40.27,116.3;40.24,116.3;
#174:
>0:40.33,116.48;40.04,116.64;
#175:
>0:41.28,116.16;41.3,117.0;
#176:
>0:40.53,116.2;40.38,116.76;
#177:
>0:40.3,116.35;40.04,116.94;40.17,117.61;40.7,118.12;41.17,118.5;
#178:
>0:41.3,118.41;40.88,119.36;40.5,119.09;40.12,118.98;39.81,119.29;
#179:
>0:41.65,118.1;41.21,118.64;41.05,119.01;40.53,118.98;40.08,119.31;
#180:
>0:39.66,118.27;39.78,118.69;40.14,118.97;40.62,119.39;40.86,118.53;41.64,117.91;
#181:
>0:40.2,118.86;40.57,118.62;40.89,118.38;
#182:
>0:40.94,116.41;41.13,116.85;40.81,117.24;40.89,118.12;
#183:
>0:40.46,117.38;40.39,118.27;39.65,117.32;
#184:
>0:39.98,119.29;39.73,119.38;
#185:
>0:41.28,117.58;41.95,117.32;
#186:
>0:40.68,117.03;40.11,116.21;39.83,116.77;
#187:
>0:40.63,116.21;40.37,116.2;
#188:
>0:41.66,119.24;41.28,118.58;41.36,119.29;40.44,118.73;
#189:
>0:41.91,117.69;41.62,117.05;
#190:
>0:40.29,116.82;40.31,116.89;39.74,117.06;39.78,117.83;
#191:
>0:40.54,116.52;40.3,116.55;39.86,116.87;
#192:
>0:39.81,117.27;40.14,118.11;40.65,117.65;40.99,116.68;
#193:
>0:40.23,116.78;40.64,117.57;40.95,117.32;41.52,117.7;41.75,117.42;
#194:
>0:39.97,116.7;40.02,117.26;40.75,117.99;41.05,118.89;41.44,119.06;
#195:
>0:40.28,116.92;40.19,116.37;
#196:
>0:40.11,116.5;40.07,116.76;
#197:
>0:40.5,117.49;40.96,117.83;41.19,118.38;41.59,118.58;
#198:
>0:40.39,118.75;40.78,118.03;40.9,118.73;
#199:
>0:40.61,118.81;40.03,118.45;40.77,118.01;40.37,117.78;40.99,116.15;
#200:
>0:41.43,117.07;41.64,117.67;41.34,118.18;41.2,118.54;41.29,119.21;
#201:
>0:40.96,119.21;41.46,118.57;41.37,117.84;41.42,117.71;41.06,116.95;41.05,116.57;
#202:
>0:39.97,116.8;40.34,116.63;
#203:
>0:41.29,118.83;41.21,118.18;41.55,117.29;41.12,116.77;41.09,116.1;
#204:
>0:39.82,119.07;39.67,118.68;40.01,118.14;39.97,117.33;40.25,116.81;40.14,116.47;
#205:
>0:40.31,116.71;39.98,116.53;
#206:
>0:40.1,116.09;40.06,116.72;40.19,117.58;40.47,118.25;41.15,118.82;
#207:
>0:41.14,117.98;40.52,117.62;40.58,116.86;
#208:
>0:39.64,118.0;39.66,118.56;
#209:
>0:39.9,118.35;39.73,117.28;
#210:
>0:40.19,116.71;40.07,116.66;
#211:
>0:39.87,119.15;39.64,118.86;40.29,118.68;40.44,118.35;40.05,117.76;41.02,116.24;
#212:
>0:40.07,116.53;40.33,116.36;
#213:
>0:41.3,117.23;40.89,118.13;40.58,118.83;40.21,119.37;39.77,119.45;
#214:
>0:41.13,117.5;40.6,118.23;41.06,118.9;
#215:
>0:40.07,116.82;40.07,116.72;
#216:
>0:39.69,117.13;40.34,117.02;40.22,117.5;40.31,118.91;
#217:
>0:41.23,119.27;41.74,118.93;41.57,118.36;
#218:
>0:41.15,116.28;40.65,116.72;40.1,117.42;
#219:
>0:40.99,118.85;41.52,119.31;
#220:
>0:39.97,118.47;40.2,118.63;40.68,118.54;40.99,118.88;41.37,117.98;41.58,118.36;
#221:
>0:40.72,116.29;40.14,116.99;40.02,116.44;
#222:
>0:40.04,116.27;40.1,116.5;
#223:
>0:41.26,117.31;40.98,117.92;40.48,118.51;40.32,119.46;39.68,119.18;
#224:
>0:40.64,119.39;40.96,118.62;41.11,118.07;41.18,117.56;
#225:
>0:41.58,118.47;41.39,119.16;41.01,119.41;40.54,119.0;40.28,119.46;
#226:
>0:40.2,116.51;40.3,116.9;40.19,116.54;
#227:
>0:40.32,116.63;40.18,116.79;
#228:
>0:41.86,119.34;41.53,119.34;41.04,119.11;
#229:
>0:40.22,116.5;40.06,116.69;40.07,116.51;
#230:
>0:40.64,116.95;40.34,116.81;
#231:
>0:40.19,118.6;40.51,118.15;40.04,117.29;
#232:
>0:40.23,116.31;40.3,116.54;
#233:
>0:41.14,116.62;41.45,116.77;41.68,117.39;
#234:
>0:40.09,116.54;40.29,116.58;
#235:
>0:40.47,116.14;40.26,117.21;40.71,117.35;41.05,117.71;41.43,118.31;41.43,119.51;
#236:
>0:39.98,116.58;40.07,116.71;
#237:
>0:40.86,119.14;41.39,118.51;41.81,118.84;
#238:
>0:40.27,116.39;40.12,116.52;
#239:
>0:40.01,116.71;40.05,116.41;
#240:
>0:40.68,116.16;40.25,116.43;39.78,116.84;
#241:
>0:41.41,116.61;40.94,116.39;41.01,117.17;40.09,116.15;
#242:
>0:41.46,117.74;41.65,116.98;
#243:
>0:41.42,119.24;41.66,119.15;41.4,118.5;41.23,117.91;41.41,117.53;40.79,116.61;
#244:
>0:41.25,118.89;40.94,118.95;40.59,118.7;40.16,118.69;39.69,118.63;
#245:
>0:41.82,116.18;41.55,117.1;41.04,117.5;40.71,118.17;40.05,118.62;39.86,118.66;
#246:
>0:41.75,119.19;41.43,118.58;41.87,118.13;41.93,117.42;41.33,117.66;40.73,116.45;
#247:
>0:41.46,117.85;41.3,118.92;
#248:
>0:40.81,117.68;40.84,116.98;40.05,116.51;
#249:
>0:40.62,117.36;40.18,117.3;
#250:
>0:41.76,116.39;41.51,117.05;
#251:
>0:41.52,116.94;40.85,116.09;
#252:
>0:40.75,119.32;40.87,118.57;41.24,118.67;41.31,117.55;
#253:
>0:41.16,117.43;41.42,116.99;41.57,116.63;
#254:
>0:41.6,116.4;41.51,116.74;
#255:
>0:41.36,118.78;41.51,117.81;
#256:
>0:41.16,116.25;40.54,117.0;40.71,117.54;
#257:
>0:41.77,117.45;41.25,117.92;41.55,118.75;41.7,118.95;41.27,119.01;41.58,118.54;40.94,118.17;
#258:
>0:41.19,118.06;40.81,118.91;
#259:
>0:41.69,117.32;41.44,117.64;
#260:
>0:40.12,116.74;40.08,116.53;
#261:
>0:41.87,118.47;41.35,118.24;41.07,118.36;40.61,117.42;40.33,116.47;
#262:
>0:40.21,116.44;40.02,116.76;
#263:
>0:40.09,116.55;40.0,116.67;
#264:
>0:41.83,118.94;41.45,117.86;41.07,118.34;40.66,117.84;
#265:
>0:41.84,119.49;41.26,118.37;41.14,119.2;40.49,118.79;40.13,118.38;39.92,117.6;
#266:
>0:41.49,116.89;41.84,116.7;
#267:
>0:39.82,118.84;40.26,118.93;40.55,118.21;40.73,116.81;
#268:
>0:40.48,118.16;40.15,117.6;40.03,116.87;
#269:
>0:40.28,116.78;39.98,116.45;
#270:
>0:40.02,116.66;39.99,116.8;
#271:
>0:41.42,118.68;41.08,119.06;40.42,118.85;40.27,118.62;39.67,117.99;
#272:
>0:40.14,116.31;40.07,116.56;
#273:
>0:40.1,118.09;40.29,117.89;
#274:
>0:40.95,119.18;40.44,118.69;40.32,118.83;40.72,118.18;40.41,117.17;
#275:
>0:40.23,116.87;40.03,116.76;
#276:
>0:39.74,118.65;40.38,118.4;40.45,118.03;40.66,116.87;
#277:
>0:40.15,116.33;40.2,117.12;40.24,117.64;40.64,117.93;41.07,118.68;
#278:
>0:40.24,116.82;40.25,116.37;
#279:
>0:41.82,118.77;41.77,118.26;41.4,118.21;40.59,118.25;
#280:
>0:41.93,117.46;41.44,117.36;
#281:
>0:41.41,118.92;41.57,117.99;41.76,117.4;41.34,117.15;
#282:
>0:41.02,116.36;41.41,116.99;41.76,117.46;
#283:
>0:40.42,118.26;40.89,117.68;41.24,116.75;41.5,116.55;
#284:
>0:41.53,117.24;41.11,117.64;
#285:
>0:41.34,118.18;41.22,118.49;
#286:
>0:40.14,116.37;40.02,116.38;
#287:
>0:39.67,118.83;40.17,118.63;40.61,117.97;40.71,116.88;
#288:
>0:40.32,116.81;40.29,116.28;
#289:
>0:41.16,117.37;40.45,117.97;40.15,118.59;39.64,118.44;
#290:
>0:40.66,117.88;40.2,117.71;40.27,116.71;
#291:
>0:40.61,119.29;40.91,118.88;41.48,118.52;41.53,118.26;41.05,116.97;
#292:
>0:41.5,119.16;41.14,119.19;
#293:
>0:40.01,116.9;40.03,116.46;
#294:
>0:40.58,117.51;40.96,118.05;41.42,118.55;41.84,118.61;
#295:
>0:40.08,117.43;40.06,118.02;40.64,117.49;41.45,118.01;
#296:
>0:41.38,118.74;41.3,117.8;41.08,118.26;40.55,118.94;39.89,117.93;
#297:
>0:41.33,117.99;41.33,118.43;41.1,119.17;40.11,118.49;
#298:
>0:40.28,116.47;40.18,116.56;
#299:
>0:41.68,116.47;41.24,117.14;41.2,116.46;41.09,117.22;40.15,116.35;
#300:
>0:41.13,117.74;41.54,118.07;
#301:
>0:40.24,116.29;40.1,116.45;
#302:
>0:40.11,116.69;40.21,116.41;
#303:
>0:39.98,116.63;39.97,116.86;
#304:
>0:40.1,116.49;40.19,116.85;
#305:
>0:40.73,117.75;40.38,117.83;39.67,117.71;
#306:
>0:40.5,117.91;41.14,117.56;41.45,118.24;41.92,116.66;
#307:
>0:40.27,116.21;40.43,116.92;40.84,117.4;
#308:
>0:39.74,118.07;40.0,117.55;40.23,118.01;40.77,117.77;41.11,117.59;41.87,116.36;
#309:
>0:40.13,116.63;40.38,116.72;40.09,117.35;40.65,118.13;40.95,118.45;
#310:
>0:41.9,117.06;41.92,117.61;
#311:
>0:40.03,116.69;39.94,116.7;
#312:
>0:40.13,116.66;40.21,116.56;
#313:
>0:40.18,116.38;40.08,116.82;
#314:
>0:41.15,118.18;40.61,117.28;41.12,117.23;40.99,116.26;
#315:
>0:40.24,116.3;39.98,116.34;
#316:
>0:39.91,118.92;40.09,118.41;40.63,118.1;40.97,118.7;
#317:
>0:40.28,116.14;39.96,116.7;40.6,117.79;
#318:
>0:41.78,117.18;41.21,117.5;40.97,118.25;41.14,118.82;
#319:
>0:41.04,118.69;41.23,118.76;41.27,118.28;41.21,117.09;
#320:
>0:40.35,116.25;40.72,117.04;40.12,116.98;40.73,118.23;
#321:
>0:39.95,118.19;39.83,118.7;40.25,119.12;40.75,119.41;41.14,118.59;41.85,119.42;
#322:
>0:40.55,117.1;40.65,116.97;
#323:
>0:39.99,118.51;40.4,118.11;40.6,117.38;40.9,117.74;41.37,116.29;
#324:
>0:41.44,119.09;41.1,118.77;40.69,118.06;
#325:
>0:41.84,117.22;41.9,116.94;
#326:
>0:39.81,116.75;40.04,116.56;40.25,116.94;40.48,117.51;40.85,117.54;41.75,117.34;
#327:
>0:41.53,118.99;40.84,118.79;40.78,118.17;40.23,117.64;40.32,116.91;
#328:
>0:40.56,116.09;41.11,116.39;41.22,116.34;
#329:
>0:39.98,116.62;40.08,116.72;
#330:
>0:40.07,116.51;40.08,116.84;40.52,117.71;40.9,117.2;
#331:
>0:40.25,116.77;40.13,116.51;
#332:
>0:41.52,117.6;41.8,116.8;
#333:
>0:41.41,119.28;41.12,119.4;40.56,118.62;40.4,118.84;39.89,118.45;
#334:
>0:40.13,119.35;40.44,119.22;40.32,118.69;40.21,117.68;
#335:
>0:40.17,116.63;40.16,116.62;
#336:
>0:39.68,118.79;40.24,118.6;40.6,117.9;40.88,118.47;
#337:
>0:40.01,116.83;40.15,116.69;
#338:
>0:41.53,118.52;41.65,117.83;41.29,117.43;
#339:
>0:40.23,116.52;40.23,116.54;
#340:
>0:40.94,117.58;41.46,118.15;
#341:
>0:41.31,118.98;41.58,119.02;41.94,118.35;
#342:
>0:40.0,116.83;40.07,116.36;
#343:
>0:41.54,118.22;41.59,118.14;
#344:
>0:39.98,116.32;40.17,116.65;
#345:
>0:41.1,119.45;41.31,118.81;41.5,117.83;40.41,117.39;
#346:
>0:39.98,116.78;40.34,116.93;
#347:
>0:40.69,117.93;40.28,118.89;
#348:
>0:40.39,118.41;40.48,117.97;40.85,117.71;41.5,116.9;41.32,116.38;
#349:
>0:40.07,116.5;40.23,116.33;
#350:
>0:40.12,116.38;40.29,116.33;
#351:
>0:39.97,116.54;40.14,116.41;
#352:
>0:41.53,118.82;41.54,118.16;40.81,118.1;40.49,118.73;39.84,118.92;
#353:
>0:41.25,117.54;41.0,117.94;40.53,118.47;40.7,119.01;
#354:
>0:41.09,117.74;40.65,117.04;40.52,116.1;
#355:
>0:39.94,117.23;40.23,117.92;40.61,118.87;40.94,119.41;
#356:
>0:40.21,116.69;40.32,116.38;
#357:
>0:40.09,116.49;40.02,116.14;40.54,116.55;40.94,116.92;
#358:
>0:41.89,117.58;41.72,116.7;
#359:
>0:40.63,117.88;40.31,118.58;
#360:
>0:40.02,116.75;39.99,116.44;
#361:
>0:41.07,118.8;41.55,118.28;41.84,117.42;41.25,116.93;
#362:
>0:41.56,117.1;41.73,117.66;41.94,118.21;
#363:
>0:41.06,116.45;40.54,116.98;40.67,117.71;39.7,117.97;
#364:
>0:40.3,116.47;40.3,116.6;40.5,116.6;40.94,116.88;
#365:
>0:41.41,118.35;41.31,118.86;41.48,119.41;
#366:
>0:41.84,119.51;41.32,119.48;41.94,117.93;
#367:
>0:40.79,118.23;41.39,118.61;41.72,118.58;
#368:
>0:40.83,117.23;41.44,118.14;
#369:
>0:40.35,116.33;40.11,116.48;40.15,116.99;40.44,118.31;
#370:
>0:41.93,117.35;41.27,118.25;41.19,118.67;
#371:
>0:39.8,117.16;40.4,117.15;40.38,117.47;40.37,118.54;
#372:
>0:39.67,119.22;39.97,118.5;40.47,119.43;
#373:
>0:41.86,117.74;41.54,117.36;40.8,117.7;40.46,117.57;
#374:
>0:40.25,116.32;40.48,116.92;
#375:
>0:40.55,118.62;40.3,118.59;40.42,117.86;40.1,117.25;40.18,116.19;
#376:
>0:41.68,116.97;41.32,117.7;40.96,118.25;41.04,118.54;40.33,118.09;
#377:
>0:40.44,119.05;41.05,118.47;
#378:
>0:40.31,118.93;40.63,118.01;40.92,118.69;
#379:
>0:40.98,118.29;40.56,117.58;40.48,116.85;41.13,116.25;
#380:
>0:40.23,116.54;40.23,116.98;40.72,117.74;40.85,117.56;41.55,117.96;41.48,117.7;41.75,117.29;
#381:
>0:41.53,119.31;40.88,119.04;40.5,118.82;40.18,118.66;39.97,118.92;
#382:
>0:40.31,116.71;40.18,116.46;
#383:
>0:40.11,117.43;40.46,118.3;40.58,118.63;40.54,119.51;
#384:
>0:41.07,117.82;40.43,117.73;40.49,117.02;39.66,116.87;
