#0:
>0:34.3,116.59;33.33,117.31;
#1:
>0:38.7,111.94;36.74,111.24;33.8,109.85;
#2:
>0:35.04,116.23;32.8,114.97;34.77,113.73;38.05,111.42;39.39,109.4;
#3:
>0:33.19,117.01;31.55,115.69;
#4:
>0:30.29,113.31;33.44,115.87;34.89,115.12;37.04,117.25;40.32,117.94;
#5:
>0:32.09,116.54;29.89,116.05;27.07,116.11;
#6:
>0:37.2,114.62;34.01,112.64;34.75,110.74;
#7:
>0:36.46,115.22;35.03,113.35;31.42,111.51;29.53,109.93;
#8:
>0:27.81,114.15;28.5,112.73;30.99,112.07;33.17,111.14;34.63,112.73;38.96,113.21;
#9:
>0:27.81,111.08;27.69,109.95;
#10:
>0:39.25,111.84;36.04,111.27;33.72,111.1;
#11:
>0:39.46,110.89;37.84,112.46;35.75,112.34;31.42,112.26;30.53,115.72;
#12:
>0:31.63,116.55;29.77,117.95;
#13:
>0:37.32,118.17;37.78,116.37;35.19,114.39;37.44,113.95;37.15,110.47;
#14:
>0:37.53,108.97;39.61,109.98;37.17,111.37;35.04,112.78;36.87,114.29;38.22,117.8;
#15:
>0:40.01,111.38;38.85,109.63;40.4,109.23;
#16:
>0:40.34,117.68;36.63,117.03;35.66,115.95;33.05,114.95;30.08,114.79;
#17:
>0:39.23,115.01;38.75,115.11;
#18:
>0:37.18,115.61;33.92,113.71;33.58,115.34;
#19:
>0:38.4,115.56;39.59,115.08;
#20:
>0:39.01,115.68;39.64,116.14;
#21:
>0:30.09,108.81;28.69,110.24;28.04,111.53;
#22:
>0:39.86,115.41;38.19,115.55;
#23:
>0:35.33,111.68;32.82,112.66;29.51,114.72;27.79,111.6;
#24:
>0:27.67,115.75;30.01,113.94;32.53,111.43;34.04,110.98;
#25:
>0:26.9,116.98;28.14,115.94;
#26:
>0:34.38,109.7;37.34,107.95;38.84,111.59;
#27:
>0:39.56,115.33;38.47,115.19;
#28:
>0:38.83,117.75;39.84,116.4;
#29:
>0:35.04,117.39;36.61,117.5;
#30:
>0:38.47,115.9;39.61,116.37;
#31:
>0:39.27,115.4;39.06,115.95;
#32:
>0:29.73,108.16;27.04,110.67;29.8,112.66;29.43,113.91;
#33:
>0:28.76,108.99;30.56,109.31;33.1,110.71;35.62,108.75;34.4,109.63;39.45,109.87;
#34:
>0:27.39,108.83;30.06,111.15;
#35:
>0:39.19,118.16;40.16,116.61;
#36:
>0:38.92,115.49;39.82,114.88;
#37:
>0:38.73,114.98;39.88,116.17;
#38:
>0:38.86,116.36;40.22,115.54;
#39:
>0:38.42,116.43;38.69,115.23;
#40:
>0:32.82,111.93;30.95,110.35;
#41:
>0:39.05,116.53;39.19,115.43;
#42:
>0:39.51,109.98;36.48,112.82;35.86,113.57;31.85,114.63;
#43:
>0:38.74,116.46;36.96,114.55;34.95,112.21;32.47,112.6;32.89,110.59;28.23,110.45;
#44:
>0:39.92,115.66;40.34,116.13;
#45:
>0:39.44,115.42;39.9,115.68;
#46:
>0:37.86,117.66;39.53,115.43;39.85,113.34;38.21,112.0;35.88,110.49;
#47:
>0:40.42,116.2;38.21,115.87;
#48:
>0:31.16,112.35;29.43,113.71;26.94,116.11;
#49:
>0:39.98,116.0;39.75,114.97;
#50:
>0:36.36,115.53;38.01,118.15;
#51:
>0:40.26,115.38;39.84,115.7;
#52:
>0:38.74,115.06;39.23,115.82;
#53:
>0:36.31,115.79;34.44,113.56;37.8,112.96;33.04,109.95;
#54:
>0:33.29,112.94;29.92,110.39;
#55:
>0:34.66,113.81;36.46,113.54;39.27,117.88;
#56:
>0:35.66,109.65;33.55,111.29;35.7,111.56;34.79,113.91;36.73,117.71;
#57:
>0:36.53,113.29;33.74,112.66;35.88,110.51;
#58:
>0:35.12,111.23;36.12,112.76;
#59:
>0:30.11,115.56;31.37,116.96;35.26,115.09;
#60:
>0:38.82,115.37;39.75,115.08;
#61:
>0:31.44,118.25;35.23,115.57;31.42,116.43;38.14,111.73;
#62:
>0:35.83,110.94;36.51,113.09;
#63:
>0:36.21,110.72;33.96,110.02;37.53,112.32;38.03,115.34;
#64:
>0:32.25,117.38;33.14,115.61;
#65:
>0:36.03,112.33;35.87,110.83;35.29,108.41;
#66:
>0:39.9,115.13;40.38,115.81;
#67:
>0:33.97,111.61;32.81,111.71;35.17,109.43;
#68:
>0:28.08,108.67;29.6,109.0;32.99,110.13;34.15,109.52;34.84,109.89;38.34,110.11;
#69:
>0:39.1,115.95;38.53,115.38;
#70:
>0:32.8,108.54;29.78,110.36;28.29,110.1;32.26,114.04;
#71:
>0:37.02,109.72;34.2,110.98;36.36,111.72;36.13,115.49;
#72:
>0:31.85,110.57;34.69,109.89;36.56,110.79;
#73:
>0:38.89,114.96;38.67,116.04;
#74:
>0:31.28,117.23;30.11,116.61;
#75:
>0:27.25,112.85;28.05,111.43;
#76:
>0:38.21,115.75;38.14,113.25;33.86,113.01;33.65,112.62;32.45,110.16;28.05,111.68;
#77:
>0:35.71,117.33;32.0,116.89;
#78:
>0:36.88,111.43;35.36,113.54;31.91,113.64;
#79:
>0:39.68,115.5;38.47,116.1;
#80:
>0:32.98,107.97;30.53,109.32;32.32,110.23;36.06,114.03;
#81:
>0:37.8,110.72;35.51,110.49;34.36,111.97;38.1,116.07;
#82:
>0:38.38,114.91;38.54,115.64;
#83:
>0:28.04,117.77;30.79,114.88;29.38,113.43;27.25,114.06;29.17,111.66;35.53,108.65;
#84:
>0:40.14,115.91;38.99,115.72;
#85:
>0:29.4,109.7;31.77,111.8;34.06,109.7;36.65,108.95;39.14,111.78;
#86:
>0:35.53,112.65;36.43,110.98;39.47,108.51;
#87:
>0:39.47,115.61;38.8,115.4;
#88:
>0:39.46,116.91;36.12,115.67;34.48,114.17;33.51,112.2;32.82,110.21;32.67,108.63;
#89:
>0:40.12,115.05;40.29,114.94;
#90:
>0:38.09,115.68;34.68,113.56;31.67,115.41;
#91:
>0:40.26,116.12;39.88,116.0;
#92:
>0:38.23,115.51;39.29,115.97;
#93:
>0:40.36,115.64;38.86,115.77;
#94:
>0:38.53,115.07;38.4,115.14;
#95:
>0:40.05,115.02;38.86,114.94;
#96:
>0:31.39,117.53;29.26,116.27;29.29,113.9;28.08,114.49;31.84,111.02;
