#0:
>0:35.92,117.0;38.17,116.77;
#1:
>0:27.14,116.41;28.6,114.04;31.57,112.91;
#2:
>0:27.31,110.89;28.11,113.59;29.87,113.49;31.74,112.94;37.38,116.55;
#3:
>0:30.95,111.23;29.46,108.19;33.95,111.11;
#4:
>0:33.84,112.91;32.57,114.7;
#5:
>0:34.67,118.23;31.63,115.48;32.1,114.31;37.35,111.95;
#6:
>0:32.77,109.55;33.78,109.74;35.01,111.72;
#7:
>0:33.33,113.46;30.2,115.06;27.11,117.05;
#8:
>0:28.96,115.8;27.64,116.3;
#9:
>0:39.09,109.96;36.92,111.94;36.22,113.24;37.14,116.39;
#10:
>0:36.54,110.97;33.74,107.99;
#11:
>0:31.42,111.18;35.09,109.94;36.02,111.15;
#12:
>0:27.48,110.4;28.74,112.9;30.18,113.7;33.2,112.87;35.12,114.56;42.03,117.24;
#13:
>0:36.26,111.3;35.0,109.09;32.98,109.15;
#14:
>0:35.3,113.68;35.35,116.25;31.44,118.18;27.4,117.22;
#15:
>0:40.32,117.77;40.29,117.48;
#16:
>0:28.1,118.19;29.84,117.55;
#17:
>0:28.89,113.0;31.28,113.83;
#18:
>0:39.62,110.75;37.61,111.14;35.83,111.29;
#19:
>0:26.91,110.3;28.73,112.65;28.02,113.93;29.19,116.44;31.28,116.84;
#20:
>0:37.57,114.32;35.38,115.95;33.9,116.75;
#21:
>0:30.24,113.4;28.31,114.75;30.63,112.93;30.86,108.99;
#22:
>0:41.96,116.62;42.02,117.72;
#23:
>0:37.23,117.62;35.15,115.39;34.11,113.42;33.14,113.99;30.17,110.76;
#24:
>0:40.4,117.66;39.8,116.73;
#25:
>0:27.75,109.83;28.05,112.54;
#26:
>0:30.39,116.59;29.8,115.39;29.45,113.88;29.76,112.35;
#27:
>0:33.23,115.27;34.46,113.1;35.92,112.72;38.81,110.48;39.62,109.37;
#28:
>0:37.68,113.84;33.79,112.27;33.3,111.26;
#29:
>0:37.1,118.09;34.85,118.05;33.26,117.84;
#30:
>0:33.84,108.59;33.12,108.57;32.87,112.12;
#31:
>0:38.78,108.24;37.45,111.25;35.19,110.84;33.05,109.83;
#32:
>0:39.13,117.21;36.38,118.18;34.62,117.55;31.96,117.27;
#33:
>0:32.74,112.33;30.16,113.91;27.55,112.42;
#34:
>0:27.38,115.47;29.23,116.72;31.65,117.04;
#35:
>0:37.27,115.12;35.75,115.72;
#36:
>0:31.28,109.13;31.75,109.03;29.9,110.69;29.75,111.65;28.0,113.39;28.71,117.2;
#37:
>0:34.19,108.08;31.91,108.27;33.51,112.78;
#38:
>0:39.88,116.62;41.52,116.68;
#39:
>0:27.57,115.45;31.08,116.96;29.25,116.42;32.6,114.54;33.68,112.29;38.58,112.82;
#40:
>0:33.63,114.74;32.99,116.12;
#41:
>0:40.69,116.78;38.95,113.42;34.96,118.04;
#42:
>0:34.49,117.21;36.15,117.82;39.6,117.74;
#43:
>0:41.22,117.16;40.6,116.91;
#44:
>0:38.53,110.2;36.03,109.37;34.46,108.19;33.1,108.46;29.33,110.3;28.17,109.33;
#45:
>0:39.5,110.82;36.64,112.9;36.51,114.69;36.29,115.74;
#46:
>0:28.81,110.5;27.84,113.66;27.77,113.92;31.23,115.48;29.47,118.04;
#47:
>0:30.01,115.93;33.48,113.5;35.71,111.64;37.37,110.35;38.37,108.9;
#48:
>0:35.44,110.96;32.49,112.68;36.39,113.37;
#49:
>0:36.34,114.66;35.69,112.5;33.29,112.3;31.6,110.26;28.28,108.1;
#50:
>0:29.94,108.89;32.56,108.17;29.95,110.01;31.11,111.82;27.7,114.67;27.97,117.55;
#51:
>0:35.52,115.27;36.45,117.12;
#52:
>0:30.35,110.81;32.51,111.41;34.72,113.24;34.52,115.12;34.88,116.57;
#53:
>0:36.42,117.88;33.72,118.25;
#54:
>0:34.51,112.35;37.66,110.09;
#55:
>0:28.12,109.81;28.32,112.43;30.03,114.09;33.36,111.44;36.08,116.32;
#56:
>0:32.42,111.23;33.77,109.71;32.26,111.64;33.5,115.33;
#57:
>0:31.89,113.52;29.4,114.25;
#58:
>0:31.01,110.8;29.28,113.55;27.12,113.57;
#59:
>0:35.76,109.36;31.8,109.14;30.76,110.51;28.67,110.57;
#60:
>0:40.19,108.49;37.78,110.09;35.71,110.82;31.66,109.89;
#61:
>0:33.47,113.1;33.83,115.94;29.97,117.41;
#62:
>0:32.42,114.61;35.87,111.72;
#63:
>0:38.16,107.93;34.02,109.91;32.0,112.94;
#64:
>0:40.76,116.91;41.62,117.39;
#65:
>0:38.05,114.24;34.14,116.38;33.86,116.98;
#66:
>0:41.86,117.09;39.88,117.4;
#67:
>0:30.76,108.0;31.57,108.36;35.11,110.42;35.01,111.43;40.33,112.24;
#68:
>0:32.01,116.58;34.74,117.98;37.7,117.07;38.76,118.12;
#69:
>0:39.71,109.49;36.99,109.88;34.17,109.67;32.54,110.69;
#70:
>0:30.79,115.68;29.98,116.32;
#71:
>0:27.59,108.53;28.52,110.27;28.68,112.52;28.17,114.05;
#72:
>0:38.53,113.61;37.31,115.17;34.69,116.6;31.7,113.87;
#73:
>0:32.01,113.23;32.02,116.07;36.49,113.58;
#74:
>0:32.13,116.59;35.57,116.28;36.42,114.57;38.83,113.92;
#75:
>0:34.24,112.53;37.87,113.96;39.1,113.33;
#76:
>0:29.34,114.79;27.31,113.97;33.22,117.86;
#77:
>0:37.92,113.74;35.17,112.1;32.78,110.28;
#78:
>0:27.7,116.28;28.95,115.14;
#79:
>0:40.95,117.48;41.93,116.79;
#80:
>0:28.54,108.08;31.0,107.99;32.24,108.2;34.69,109.31;
#81:
>0:32.05,113.46;34.46,115.61;36.29,114.14;40.01,113.53;
#82:
>0:27.74,118.01;30.98,117.37;29.65,116.49;35.04,112.82;
#83:
>0:28.5,114.11;30.65,114.38;31.96,113.1;
#84:
>0:39.2,113.08;37.94,113.87;34.62,115.47;32.2,116.05;
#85:
>0:36.41,114.11;34.13,112.18;32.61,110.89;30.64,108.15;
#86:
>0:39.13,113.29;36.36,112.41;37.07,110.47;36.92,109.01;
#87:
>0:34.27,109.84;31.43,109.19;29.67,109.75;28.55,109.45;
#88:
>0:38.13,115.48;35.96,115.47;
#89:
>0:34.65,108.98;37.26,110.55;37.61,112.79;39.93,113.74;37.04,115.61;36.41,118.24;
#90:
>0:35.33,117.68;31.49,116.04;33.52,114.62;38.07,112.16;
#91:
>0:40.15,113.81;37.61,111.83;34.17,111.17;32.88,108.23;30.05,108.61;
#92:
>0:35.27,110.74;34.47,112.12;
#93:
>0:34.91,109.14;36.26,110.65;40.28,111.47;39.88,113.62;40.52,117.8;
#94:
>0:33.65,112.94;35.81,114.59;34.88,115.48;
#95:
>0:34.87,115.48;32.3,117.33;30.65,115.32;
#96:
>0:36.6,114.77;40.72,116.88;
