#0:
>0:34.63,114.58;33.34,112.02;32.24,110.27;30.5,107.99;
#1:
>0:32.71,115.41;31.59,114.61;35.39,112.18;32.79,110.28;
#2:
>0:40.03,116.73;40.06,116.11;
#3:
>0:28.57,117.18;27.67,115.0;
#4:
>0:39.19,109.16;39.65,109.09;
#5:
>0:32.11,111.64;30.11,110.94;
#6:
>0:28.61,116.26;29.28,114.63;
#7:
>0:36.38,112.37;34.55,113.61;32.17,111.96;30.38,110.17;
#8:
>0:37.03,110.7;35.44,111.39;33.42,111.58;33.61,114.12;31.77,117.22;
#9:
>0:32.65,109.22;31.2,111.1;31.82,112.71;33.04,113.57;31.14,116.29;33.74,118.15;
#10:
>0:30.86,108.12;32.69,111.36;31.32,109.7;33.17,111.87;35.89,115.47;
#11:
>0:40.68,117.54;37.7,117.56;35.6,117.35;32.51,116.81;30.51,117.46;
#12:
>0:37.31,113.63;40.01,112.69;
#13:
>0:28.09,117.7;28.31,115.94;
#14:
>0:35.89,108.46;34.55,108.1;
#15:
>0:33.85,110.37;31.9,112.89;32.3,113.61;29.48,116.09;32.31,118.1;
#16:
>0:36.55,115.23;36.12,114.78;
#17:
>0:40.4,116.39;36.41,115.53;35.46,114.65;33.48,112.05;33.83,108.03;
#18:
>0:35.8,115.32;32.39,114.78;29.53,114.28;
#19:
>0:40.2,108.32;36.63,111.32;34.55,111.5;31.65,109.75;
#20:
>0:30.31,117.48;33.41,116.22;35.72,114.22;36.56,113.62;
#21:
>0:32.14,112.21;35.89,111.24;38.15,110.97;38.95,110.92;
#22:
>0:32.35,116.18;31.78,113.64;35.83,112.38;29.81,109.68;
#23:
>0:37.55,113.73;34.04,112.19;35.3,110.52;32.82,110.4;28.39,108.69;
#24:
>0:31.66,110.55;32.51,112.14;
#25:
>0:34.62,113.44;32.03,112.63;
#26:
>0:41.8,117.51;40.68,116.42;
#27:
>0:27.92,117.59;28.66,115.95;30.88,115.78;33.1,113.46;35.82,112.58;39.14,108.98;
#28:
>0:28.49,109.24;29.83,109.67;32.65,111.43;34.51,114.14;36.0,113.11;
#29:
>0:28.27,115.15;29.64,116.02;32.55,116.55;32.73,114.67;36.59,112.93;
#30:
>0:40.92,116.54;40.3,116.91;
#31:
>0:39.96,109.62;38.0,110.36;35.26,112.35;37.73,112.42;35.91,114.31;33.8,118.05;
#32:
>0:35.87,111.79;36.72,113.04;37.28,116.12;
#33:
>0:29.84,113.26;29.25,114.49;
#34:
>0:41.06,116.63;40.14,116.69;
#35:
>0:31.83,109.27;29.78,111.17;
#36:
>0:34.88,112.45;32.56,112.28;
#37:
>0:38.29,109.55;38.82,109.89;
#38:
>0:28.48,107.97;27.51,110.09;27.2,111.39;
#39:
>0:37.64,110.79;33.77,111.62;32.29,112.93;29.61,111.74;27.28,116.41;
#40:
>0:36.91,110.12;35.62,112.7;32.41,112.2;35.01,114.85;
#41:
>0:33.16,110.66;30.45,110.72;
#42:
>0:32.02,108.53;29.45,110.5;33.39,113.01;32.18,114.16;36.24,114.85;
#43:
>0:27.45,109.16;29.52,108.76;33.01,108.14;34.22,108.09;36.99,108.14;
#44:
>0:40.76,116.42;40.46,116.17;
#45:
>0:32.94,114.64;29.98,115.26;31.2,117.59;
#46:
>0:41.66,116.03;41.6,116.0;
#47:
>0:31.36,116.19;29.39,115.99;
#48:
>0:30.36,116.79;32.26,116.68;34.12,116.77;37.66,116.72;38.24,118.03;
#49:
>0:33.7,117.75;37.02,115.75;35.8,114.12;29.2,111.77;
#50:
>0:41.77,116.8;41.38,116.11;
#51:
>0:40.32,117.56;41.15,116.1;
#52:
>0:30.33,109.57;27.26,110.67;26.9,113.06;27.52,114.09;
#53:
>0:30.44,116.65;32.87,115.71;31.6,113.9;35.0,111.96;37.46,111.01;37.48,108.99;
#54:
>0:35.85,109.02;33.35,110.79;30.96,111.76;28.66,112.77;
#55:
>0:31.1,109.17;28.42,109.55;
#56:
>0:30.04,115.52;32.94,113.4;34.14,112.02;36.61,109.79;39.81,110.91;
#57:
>0:40.37,113.35;37.82,114.02;34.17,111.56;31.8,111.16;
#58:
>0:29.72,110.49;33.38,110.42;34.26,110.8;35.93,110.98;39.07,109.78;
#59:
>0:41.65,117.42;41.6,117.61;
#60:
>0:32.63,113.76;35.76,111.64;32.34,109.97;
#61:
>0:27.58,110.11;31.04,108.87;32.16,108.33;35.13,108.66;37.23,108.76;
#62:
>0:33.84,112.83;32.07,113.38;31.15,116.2;31.35,117.21;
#63:
>0:38.86,111.81;36.38,113.19;
#64:
>0:39.37,109.15;36.27,109.63;34.87,112.23;32.86,113.24;30.19,116.36;29.29,117.27;
#65:
>0:39.11,117.98;40.1,117.13;37.61,115.25;40.36,112.2;
#66:
>0:31.19,111.52;29.72,111.0;30.9,109.49;
#67:
>0:39.05,109.49;36.59,109.8;35.74,112.7;32.93,112.96;33.47,113.3;26.96,112.58;
#68:
>0:34.02,108.92;35.96,111.03;36.07,112.92;37.24,113.9;
#69:
>0:40.32,114.53;38.46,112.56;39.68,110.23;
#70:
>0:40.28,117.07;41.59,117.46;
#71:
>0:41.37,116.03;41.4,116.42;
#72:
>0:30.19,118.08;27.5,116.43;
#73:
>0:36.9,110.98;35.56,112.44;31.51,112.53;29.8,112.01;27.77,113.95;
#74:
>0:41.25,116.49;36.42,115.63;35.54,114.82;34.68,110.81;
#75:
>0:29.1,115.52;29.45,113.2;31.6,112.52;30.96,110.9;34.54,108.59;
#76:
>0:41.49,117.68;40.31,116.58;
#77:
>0:41.52,116.59;41.17,117.58;
#78:
>0:30.96,108.64;28.84,110.45;27.97,112.89;26.95,113.97;
#79:
>0:35.28,109.57;31.56,110.33;30.29,108.67;
#80:
>0:27.63,114.84;29.42,115.93;32.59,115.27;32.39,114.43;37.55,112.2;
#81:
>0:26.97,109.99;29.8,112.8;27.34,112.3;31.66,115.56;
#82:
>0:30.36,108.89;33.38,108.73;
#83:
>0:28.58,117.46;27.73,115.61;
#84:
>0:33.83,116.71;37.03,115.1;38.62,113.1;38.34,112.59;
#85:
>0:40.92,116.37;40.01,116.86;
#86:
>0:38.05,113.02;35.59,113.74;
#87:
>0:35.53,109.62;31.89,110.42;29.2,109.93;27.91,110.7;
#88:
>0:33.86,114.97;35.52,114.07;
#89:
>0:31.67,111.41;29.51,109.64;33.81,108.75;
#90:
>0:41.72,116.34;40.15,116.76;
#91:
>0:32.53,115.53;31.47,113.45;28.0,112.92;
#92:
>0:28.46,113.56;30.24,115.83;33.31,114.96;32.25,116.87;35.77,117.9;38.26,118.09;
#93:
>0:34.24,116.63;35.85,116.54;34.95,113.71;
#94:
>0:39.54,117.69;40.92,117.18;36.28,113.58;34.42,112.97;36.43,110.74;37.67,108.43;
#95:
>0:40.63,116.03;36.98,115.85;35.44,114.55;32.59,111.79;30.43,113.82;
#96:
>0:35.05,112.3;31.47,113.79;29.54,115.31;29.67,117.9;
