#0:
>0:40.06,117.14;40.08,116.59;
#1:
>0:36.76,109.13;34.43,111.31;31.63,112.15;
#2:
>0:28.05,109.81;29.99,111.72;
#3:
>0:41.09,115.79;37.71,114.91;35.82,116.42;31.82,116.54;30.47,115.79;
#4:
>0:37.47,118.01;41.38,117.03;39.42,113.51;39.87,112.79;
#5:
>0:33.12,112.4;34.63,111.04;38.12,109.47;40.11,110.16;
#6:
>0:35.94,108.8;33.78,109.83;33.13,112.59;32.48,113.17;32.13,115.26;
#7:
>0:36.16,110.23;38.21,109.76;40.36,113.41;
#8:
>0:27.21,114.32;29.63,116.19;30.05,113.13;35.4,116.87;
#9:
>0:34.15,115.03;31.69,114.97;35.01,112.2;
#10:
>0:33.2,113.82;32.62,115.49;28.02,115.36;
#11:
>0:28.42,118.11;30.29,116.67;32.51,117.25;34.48,117.92;
#12:
>0:34.91,110.26;36.02,109.14;39.42,110.08;
#13:
>0:39.11,116.79;41.38,116.68;35.37,117.44;
#14:
>0:37.87,115.77;35.52,114.76;32.4,111.5;
#15:
>0:27.58,110.25;31.05,109.87;32.55,110.3;35.56,113.09;37.12,113.11;
#16:
>0:32.22,116.18;35.54,114.39;35.3,113.0;32.02,111.05;
#17:
>0:36.11,109.83;39.25,112.08;
#18:
>0:40.14,116.72;39.34,116.87;
#19:
>0:30.08,111.51;32.31,112.07;33.32,113.11;33.97,118.13;
#20:
>0:39.82,115.8;39.67,116.31;
#21:
>0:35.84,116.78;33.62,116.74;29.87,113.24;
#22:
>0:28.59,110.27;30.28,112.08;32.55,110.06;35.39,109.98;
#23:
>0:32.65,109.34;32.09,109.89;34.62,112.58;32.78,114.46;
#24:
>0:39.49,116.4;39.65,116.22;
#25:
>0:27.12,114.83;29.2,113.22;32.21,111.92;34.98,110.42;
#26:
>0:41.46,116.72;41.55,116.02;
#27:
>0:40.63,116.1;40.43,116.74;
#28:
>0:35.38,112.42;37.09,110.73;35.49,109.0;
#29:
>0:39.33,113.74;38.27,111.78;36.7,111.24;34.93,108.95;
#30:
>0:33.63,109.12;33.25,110.04;34.17,112.24;33.03,113.97;
#31:
>0:40.85,115.83;40.83,116.0;
#32:
>0:38.55,113.34;37.28,111.97;33.77,109.91;33.18,109.4;
#33:
>0:28.82,113.56;31.24,112.03;33.35,109.8;35.15,110.73;37.31,108.61;39.49,108.14;
#34:
>0:40.69,116.04;40.41,116.19;
#35:
>0:29.66,113.04;33.65,112.19;35.82,116.03;
#36:
>0:34.98,112.03;33.97,113.92;
#37:
>0:35.77,112.67;36.51,109.89;36.55,108.78;
#38:
>0:32.07,117.87;31.61,115.1;35.23,114.76;39.5,117.97;
#39:
>0:40.18,108.82;36.64,110.69;35.31,111.54;31.46,112.57;
#40:
>0:39.94,112.68;37.45,110.13;35.97,108.4;35.64,110.09;31.75,110.19;27.69,109.35;
#41:
>0:30.15,113.93;32.34,112.3;34.43,110.7;37.41,108.45;
#42:
>0:36.82,114.82;34.36,116.32;32.56,116.23;29.6,118.12;27.78,116.84;
#43:
>0:35.71,116.91;37.95,117.42;40.14,118.0;
#44:
>0:39.7,114.25;39.73,112.93;
#45:
>0:40.12,117.21;39.94,116.56;
#46:
>0:34.6,110.73;33.03,110.48;34.4,114.8;
#47:
>0:39.78,116.28;36.05,115.13;34.39,115.53;31.76,116.37;29.99,115.88;
#48:
>0:27.42,116.63;29.31,116.38;29.74,114.27;30.72,111.73;30.5,110.58;29.3,109.6;
#49:
>0:40.26,113.59;38.84,111.67;36.01,111.36;35.11,110.86;33.33,110.82;28.8,109.13;
#50:
>0:28.81,117.97;30.07,116.38;33.07,116.51;34.41,114.65;36.68,111.49;
#51:
>0:33.71,112.55;34.05,110.05;33.35,109.74;28.95,108.25;
#52:
>0:27.89,112.38;28.27,111.28;29.1,108.37;
#53:
>0:30.2,112.08;31.47,111.49;34.81,115.36;
#54:
>0:39.68,116.97;40.64,116.23;
#55:
>0:39.29,114.13;39.16,112.48;36.48,112.12;33.86,110.56;33.6,109.93;27.88,109.08;
#56:
>0:40.07,112.22;36.7,109.8;35.88,108.68;32.7,108.58;
#57:
>0:40.45,116.46;39.32,115.72;
#58:
>0:41.21,115.82;41.07,115.99;
#59:
>0:36.11,115.12;34.3,116.38;32.21,114.92;
#60:
>0:39.69,116.86;40.5,116.49;
#61:
>0:40.27,111.04;36.2,112.3;33.67,112.64;32.72,111.42;30.27,111.5;
#62:
>0:31.97,111.07;35.49,111.77;34.47,113.1;
#63:
>0:40.0,115.88;41.52,117.36;
#64:
>0:30.0,109.36;28.26,107.97;
#65:
>0:37.22,113.44;35.24,113.47;31.81,112.6;
#66:
>0:28.58,116.25;30.88,116.98;31.78,115.16;34.73,113.76;36.89,110.75;
#67:
>0:39.64,117.1;40.93,117.11;
#68:
>0:35.32,113.82;37.16,115.62;35.89,117.01;
#69:
>0:35.1,117.69;33.39,117.64;
#70:
>0:29.1,110.8;29.86,109.75;33.07,112.25;33.09,113.42;36.22,113.89;
#71:
>0:27.46,112.93;29.68,113.28;31.84,115.78;34.03,113.22;34.09,111.67;39.65,109.56;
#72:
>0:39.91,116.22;39.42,117.35;
#73:
>0:40.77,116.4;40.97,117.36;
#74:
>0:27.8,116.16;29.01,113.6;
#75:
>0:41.03,116.46;39.55,116.44;
#76:
>0:39.04,113.01;36.14,113.64;35.15,116.35;33.91,117.85;33.2,115.46;28.68,114.96;
#77:
>0:33.82,108.93;37.27,111.32;40.33,109.94;
#78:
>0:36.24,109.29;35.1,111.28;35.28,111.78;
#79:
>0:30.62,108.25;27.28,107.99;
#80:
>0:37.07,113.09;39.53,109.95;
#81:
>0:40.04,117.24;36.87,116.15;34.69,116.54;33.43,116.18;31.18,118.05;
#82:
>0:27.4,111.21;29.3,110.96;32.16,113.97;
#83:
>0:28.33,108.11;30.56,108.21;31.79,110.67;34.53,112.65;37.24,109.62;
#84:
>0:39.94,114.38;40.23,112.89;37.09,111.07;33.87,108.1;
#85:
>0:28.67,116.09;28.58,113.55;
#86:
>0:41.28,116.03;40.32,116.82;
#87:
>0:37.82,108.99;33.88,110.75;31.76,111.93;31.52,114.13;33.33,115.71;
#88:
>0:41.07,116.01;40.66,116.46;
#89:
>0:33.52,115.24;35.91,114.54;34.07,112.12;36.26,111.21;36.16,108.61;
#90:
>0:34.26,111.71;34.18,111.22;32.61,109.68;29.0,109.17;
#91:
>0:41.14,115.99;40.5,117.06;
#92:
>0:37.97,111.43;38.55,112.38;38.18,107.92;
#93:
>0:39.88,117.28;39.72,116.78;
#94:
>0:34.37,116.0;37.04,115.69;35.82,113.25;35.8,111.43;37.92,108.26;
#95:
>0:41.43,116.96;40.63,117.08;
#96:
>0:27.7,110.11;29.96,113.04;
