#0:
>0:38.92,116.36;39.28,115.43;
#1:
>0:32.73,109.09;34.52,110.25;32.53,111.87;34.03,113.77;32.23,116.11;28.59,117.69;
#2:
>0:38.67,115.61;39.34,115.74;
#3:
>0:37.16,115.38;34.08,113.32;33.57,111.38;30.01,110.37;28.23,108.2;
#4:
>0:29.16,112.82;32.49,113.74;33.25,114.83;27.45,118.16;
#5:
>0:38.4,116.37;39.64,115.75;
#6:
>0:40.38,118.2;36.8,115.94;35.55,113.68;32.6,111.66;30.92,112.52;
#7:
>0:27.22,114.55;30.49,112.99;32.22,112.8;
#8:
>0:38.1,108.52;34.55,110.88;37.83,111.03;40.29,112.63;37.4,113.12;38.91,117.71;
#9:
>0:40.06,115.96;39.77,116.18;
#10:
>0:38.64,114.93;38.94,116.08;
#11:
>0:35.86,109.52;33.29,108.94;30.71,108.59;28.43,109.23;
#12:
>0:31.22,115.99;33.14,116.5;32.88,117.97;35.91,114.84;39.44,113.02;
#13:
>0:30.24,113.43;27.89,114.67;30.91,111.35;
#14:
>0:31.75,114.14;31.89,115.11;34.71,115.38;39.41,112.82;
#15:
>0:40.3,115.86;39.14,115.37;
#16:
>0:37.5,110.19;36.04,109.19;
#17:
>0:27.62,109.22;27.93,109.41;
#18:
>0:31.9,108.63;34.0,109.64;37.39,108.22;39.02,109.66;
#19:
>0:39.44,116.15;38.41,116.24;
#20:
>0:35.63,116.91;34.55,116.46;32.48,113.15;29.06,114.09;
#21:
>0:28.06,109.0;31.21,109.32;32.85,109.27;
#22:
>0:34.95,113.16;37.53,111.49;39.92,110.1;
#23:
>0:27.77,113.84;29.46,113.1;33.52,115.53;33.17,116.92;36.83,117.81;
#24:
>0:38.53,116.36;39.96,114.98;
#25:
>0:36.2,116.65;39.52,114.89;
#26:
>0:36.42,116.72;34.27,115.72;31.74,114.58;
#27:
>0:27.64,118.07;29.57,116.49;31.42,116.1;35.0,116.02;38.11,117.94;
#28:
>0:39.84,115.09;38.68,115.87;
#29:
>0:38.25,116.54;39.33,116.26;
#30:
>0:39.55,116.13;39.33,115.91;
#31:
>0:39.17,116.04;38.95,115.06;
#32:
>0:29.29,108.93;33.16,110.03;35.27,108.92;
#33:
>0:36.8,116.73;37.13,116.01;31.81,115.78;
#34:
>0:39.77,115.98;38.19,115.59;
#35:
>0:38.66,113.87;36.23,114.39;35.33,112.27;32.54,108.78;
#36:
>0:37.07,107.93;33.7,109.97;31.94,111.32;30.12,111.89;31.63,113.5;30.23,118.08;
#37:
>0:36.59,109.96;34.41,111.89;31.67,109.28;
#38:
>0:32.16,117.47;30.14,115.7;32.62,115.87;38.15,111.75;
#39:
>0:34.2,116.48;37.12,114.68;39.35,112.61;38.0,112.28;38.91,109.48;
#40:
>0:40.08,111.53;37.52,112.95;36.82,113.97;31.75,114.13;
#41:
>0:35.87,116.57;34.74,115.87;36.8,114.44;38.24,111.61;37.36,109.95;36.47,109.41;
#42:
>0:39.62,115.4;40.35,115.04;
#43:
>0:38.28,115.24;40.34,115.42;
#44:
>0:39.11,114.95;38.19,116.23;
#45:
>0:38.88,115.32;40.22,116.28;
#46:
>0:40.2,115.35;39.4,114.97;
#47:
>0:32.43,110.01;29.71,111.72;
#48:
>0:39.03,114.89;40.28,114.94;
#49:
>0:40.35,116.3;38.92,115.53;
#50:
>0:40.34,116.15;39.9,115.93;
#51:
>0:37.59,111.78;36.85,110.09;37.73,109.38;
#52:
>0:28.24,114.99;30.47,113.39;30.06,111.4;
#53:
>0:33.84,118.26;37.63,116.25;39.89,113.41;39.6,112.52;
#54:
>0:38.78,115.21;40.15,115.95;
#55:
>0:28.14,109.31;29.64,110.21;26.93,112.24;30.11,113.51;33.19,115.68;29.02,118.16;
#56:
>0:27.63,113.61;29.82,114.09;31.88,115.34;33.26,117.64;36.75,117.19;
#57:
>0:38.41,115.5;38.54,115.75;
#58:
>0:39.11,115.27;39.6,115.21;
#59:
>0:32.82,109.27;32.8,111.13;33.99,110.47;38.8,110.16;
#60:
>0:35.26,112.16;37.35,111.81;40.01,112.71;
#61:
>0:30.15,110.08;32.47,112.08;34.21,113.9;37.04,115.83;
#62:
>0:36.55,116.99;34.05,116.11;31.77,114.53;
#63:
>0:28.45,110.12;31.1,110.1;28.54,114.77;
#64:
>0:39.73,115.22;39.32,115.45;
#65:
>0:38.91,116.44;40.11,116.05;
#66:
>0:40.33,115.59;39.42,115.24;
#67:
>0:27.99,112.99;30.81,113.77;32.94,116.44;34.66,115.45;34.85,117.41;40.15,114.87;
#68:
>0:29.13,108.69;28.04,110.42;27.72,112.28;
#69:
>0:38.91,115.52;39.87,114.92;
#70:
>0:39.48,115.96;40.23,114.87;
#71:
>0:27.75,112.8;31.27,111.17;32.68,108.78;34.91,109.64;
#72:
>0:36.61,116.23;34.06,114.17;33.12,112.82;30.38,109.74;28.03,107.91;
#73:
>0:36.58,116.36;38.7,115.4;
#74:
>0:40.04,115.53;38.33,115.38;
#75:
>0:39.27,116.28;39.68,115.19;
#76:
>0:35.3,117.39;34.31,115.15;33.18,114.39;28.84,113.8;
#77:
>0:39.63,114.88;39.41,116.27;
#78:
>0:34.27,109.13;34.06,111.1;34.16,112.48;
#79:
>0:28.38,107.91;30.5,111.14;28.31,112.22;29.32,114.65;31.6,115.32;29.1,117.59;
#80:
>0:32.97,110.36;31.25,111.5;
#81:
>0:39.47,115.74;40.19,115.22;
#82:
>0:31.23,115.39;33.25,116.18;33.86,113.77;31.71,112.66;30.05,107.91;
#83:
>0:39.24,115.41;39.23,115.62;
#84:
>0:35.41,111.5;31.54,113.03;30.64,112.4;
#85:
>0:37.98,108.31;37.72,109.39;
#86:
>0:27.19,109.38;31.4,111.09;28.92,112.58;30.37,113.51;32.61,115.23;27.21,116.57;
#87:
>0:34.27,111.65;31.62,110.11;31.22,108.16;
#88:
>0:34.87,109.59;34.86,110.95;36.2,110.71;39.68,111.65;38.03,114.61;34.56,117.46;
#89:
>0:39.9,116.37;38.99,116.24;
#90:
>0:30.52,113.27;33.36,115.95;34.25,114.02;37.54,110.32;
#91:
>0:40.27,117.73;37.85,116.05;39.84,114.69;36.42,114.27;34.3,111.92;31.46,108.07;
#92:
>0:31.2,111.73;31.84,114.73;33.34,115.5;28.33,117.88;
#93:
>0:31.06,115.37;33.11,115.92;34.16,113.94;31.93,111.92;30.15,109.58;
#94:
>0:37.21,118.24;38.15,116.06;32.98,115.0;
#95:
>0:40.4,116.09;39.58,115.54;
#96:
>0:33.75,117.31;36.7,116.26;36.11,114.31;
