#0:
>0:41.03,117.23;40.04,117.23;
#1:
>0:33.27,110.83;33.25,111.5;35.3,114.71;31.86,116.42;
#2:
>0:27.71,117.12;31.1,115.05;30.22,118.04;34.81,113.73;
#3:
>0:39.5,115.9;40.99,117.34;
#4:
>0:38.08,117.8;34.9,115.04;35.94,114.2;38.6,114.06;37.84,109.96;
#5:
>0:39.58,113.1;37.69,115.14;35.27,116.99;
#6:
>0:40.73,117.3;39.79,117.05;
#7:
>0:31.32,112.21;28.8,109.98;
#8:
>0:36.26,109.24;35.93,110.91;39.7,111.97;
#9:
>0:33.06,109.67;33.26,112.9;30.27,113.31;
#10:
>0:27.26,114.01;31.14,115.69;29.54,117.35;31.51,117.55;37.75,116.87;
#11:
>0:28.78,117.4;27.03,116.24;29.55,114.9;29.29,112.11;
#12:
>0:26.97,116.33;28.33,117.84;
#13:
>0:38.14,114.79;40.28,114.46;37.25,112.55;37.35,110.99;37.37,108.04;38.06,111.08;34.75,108.04;32.92,111.09;29.22,111.39;27.49,112.79;
#14:
>0:29.63,108.26;27.9,108.45;26.99,110.1;30.12,113.51;
#15:
>0:40.98,117.03;39.36,116.29;
#16:
>0:39.23,112.46;37.76,114.42;35.53,115.15;32.34,117.02;
#17:
>0:39.88,116.79;41.55,117.25;
#18:
>0:37.34,115.16;35.45,113.36;31.98,112.16;31.83,114.45;27.94,117.51;
#19:
>0:30.19,117.88;33.28,115.43;34.02,113.88;36.1,116.02;
#20:
>0:27.85,117.15;29.95,114.92;32.78,113.72;35.19,111.67;37.72,110.39;
#21:
>0:36.46,112.84;38.82,112.69;40.23,116.64;
#22:
>0:40.68,115.88;37.34,115.21;34.42,114.47;35.38,115.51;30.1,115.12;
#23:
>0:30.07,112.64;33.62,114.72;34.02,115.12;34.54,116.64;
#24:
>0:34.8,111.6;32.77,110.09;32.48,108.05;
#25:
>0:38.82,117.5;37.03,115.96;34.98,114.4;32.49,112.83;31.67,111.3;
#26:
>0:40.58,115.89;40.55,116.67;
#27:
>0:41.32,117.0;40.56,116.37;
#28:
>0:41.34,116.75;40.58,116.97;
#29:
>0:33.93,116.36;34.36,113.31;40.37,115.99;
#30:
>0:33.33,111.51;35.73,113.28;33.84,115.32;38.48,113.41;
#31:
>0:32.34,115.88;34.05,113.86;37.69,112.23;40.37,112.07;
#32:
>0:31.24,114.79;33.51,112.72;32.04,110.88;32.56,109.2;
#33:
>0:41.36,117.26;40.09,117.16;
#34:
>0:39.65,115.92;41.09,115.86;
#35:
>0:39.86,115.77;40.1,116.73;
#36:
>0:26.99,113.0;29.47,114.79;29.67,111.85;34.11,112.77;
#37:
>0:28.7,114.91;29.95,114.29;30.4,111.46;34.36,112.97;
#38:
>0:36.55,118.08;34.07,115.23;
#39:
>0:30.91,117.26;32.05,115.59;35.69,114.05;34.02,112.65;33.86,110.93;
#40:
>0:34.86,116.49;32.23,116.54;
#41:
>0:39.46,116.0;40.71,117.39;
#42:
>0:29.39,107.92;28.15,109.48;
#43:
>0:30.25,111.74;31.64,113.91;33.43,112.1;36.61,112.58;
#44:
>0:29.83,108.2;27.9,111.1;30.75,109.91;31.58,112.25;36.06,116.15;
#45:
>0:33.87,113.38;36.67,112.59;37.46,109.63;
#46:
>0:36.24,112.8;36.51,114.7;
#47:
>0:32.21,112.29;32.51,113.48;29.34,113.54;27.17,117.7;
#48:
>0:41.3,116.69;40.46,116.19;
#49:
>0:37.24,109.67;33.96,108.62;31.44,109.25;29.46,109.44;28.46,109.31;
#50:
>0:31.94,118.11;35.37,116.74;36.7,118.04;39.99,117.28;
#51:
>0:38.19,112.26;37.3,110.24;34.84,108.94;31.74,112.69;
#52:
>0:30.17,109.5;28.2,108.79;
#53:
>0:39.99,116.72;39.38,115.83;38.82,113.79;40.37,113.02;39.85,110.8;38.18,108.79;
#54:
>0:40.28,112.11;37.6,113.36;34.27,113.94;
#55:
>0:31.31,115.65;29.04,113.35;30.57,111.54;
#56:
>0:35.21,108.99;32.0,109.05;
#57:
>0:29.5,113.7;32.54,114.96;
#58:
>0:35.27,115.06;34.56,113.52;38.14,112.74;40.03,110.8;
#59:
>0:28.59,111.31;29.64,111.76;
#60:
>0:36.59,108.86;35.49,110.8;
#61:
>0:35.64,111.06;34.61,108.84;
#62:
>0:30.5,108.91;28.57,108.16;28.08,110.41;31.38,113.69;
#63:
>0:39.54,115.85;40.2,115.71;
#64:
>0:36.99,117.78;35.43,115.33;34.89,113.28;35.68,111.61;
#65:
>0:29.68,115.51;31.85,113.64;35.21,112.79;37.51,110.94;38.37,109.44;
#66:
>0:41.13,116.31;40.88,116.05;
#67:
>0:30.22,112.22;33.29,114.76;33.25,115.85;
#68:
>0:33.25,113.17;35.01,112.51;34.75,109.65;34.72,108.48;
#69:
>0:39.99,116.82;41.1,116.16;
#70:
>0:37.42,113.28;34.5,112.5;32.82,110.63;30.36,110.0;
#71:
>0:37.88,111.23;34.43,108.78;31.77,108.23;30.87,108.9;28.38,109.1;
#72:
>0:39.27,109.55;36.84,107.95;37.0,110.63;34.92,108.45;30.71,112.96;
#73:
>0:35.5,116.84;35.95,117.41;39.12,116.67;
#74:
>0:41.29,116.43;41.18,116.18;
#75:
>0:40.0,116.24;36.11,116.97;35.37,115.38;32.9,114.39;29.77,116.4;27.02,115.43;
#76:
>0:35.18,115.07;34.97,113.47;36.12,111.82;37.6,110.8;37.13,108.87;
#77:
>0:39.91,117.09;41.48,116.8;36.43,116.58;34.0,115.72;33.51,113.46;27.88,117.8;
#78:
>0:33.57,114.83;30.0,114.21;28.6,117.82;
#79:
>0:39.28,111.46;38.02,110.31;35.86,108.25;33.38,112.62;
#80:
>0:37.37,116.68;35.91,115.57;33.09,115.86;32.25,111.42;
#81:
>0:39.66,115.97;39.84,117.4;
#82:
>0:40.54,115.77;41.49,117.39;
#83:
>0:37.08,108.96;36.62,110.63;38.96,111.46;
#84:
>0:31.86,115.35;30.92,113.6;28.2,117.87;
#85:
>0:33.75,116.58;37.8,116.59;38.59,117.75;
#86:
>0:28.71,116.84;29.27,115.61;33.51,114.11;34.5,111.45;
#87:
>0:31.41,113.01;34.33,112.2;
#88:
>0:29.74,115.43;28.72,114.22;31.36,111.65;
#89:
>0:32.08,118.03;35.89,116.39;36.11,114.34;39.42,111.38;39.25,109.65;38.85,109.09;
#90:
>0:41.33,116.53;39.4,116.6;
#91:
>0:27.56,115.73;27.67,114.27;28.62,113.09;
#92:
>0:33.77,111.62;32.45,110.41;31.79,108.64;
#93:
>0:39.58,116.38;40.67,116.78;
#94:
>0:35.88,109.17;32.34,111.35;32.94,112.32;33.73,114.65;36.51,115.14;37.67,117.97;
#95:
>0:39.96,117.05;39.44,115.84;
#96:
>0:27.68,117.8;29.16,115.18;32.34,114.22;33.8,111.68;37.27,110.36;
