#0:
>0:31.94,110.04;31.01,111.89;29.76,113.3;
#1:
>0:28.64,113.84;29.82,115.77;31.02,116.59;31.85,115.58;35.76,116.75;39.89,117.71;
#2:
>0:32.76,116.78;30.11,116.56;28.2,114.16;
#3:
>0:39.02,116.15;39.91,115.58;
#4:
>0:28.83,111.39;29.98,112.94;32.91,112.12;35.46,112.8;37.09,113.06;
#5:
>0:34.23,111.13;33.2,108.5;30.91,108.43;
#6:
>0:38.9,116.53;38.69,115.94;
#7:
>0:30.77,117.08;31.19,117.72;
#8:
>0:37.72,113.75;39.75,114.45;36.01,110.81;
#9:
>0:38.83,115.56;38.27,116.09;
#10:
>0:38.23,115.44;39.49,115.8;
#11:
>0:40.34,116.03;38.54,115.39;
#12:
>0:29.79,109.42;32.53,109.85;33.73,111.75;35.0,114.1;35.43,115.21;35.41,117.73;
#13:
>0:33.6,115.32;30.29,115.95;27.78,116.36;
#14:
>0:32.86,111.02;30.75,113.02;
#15:
>0:39.84,108.68;37.19,110.17;34.72,112.11;32.99,110.42;31.47,108.65;27.56,107.96;
#16:
>0:29.61,116.67;30.29,116.83;
#17:
>0:31.76,114.84;33.1,114.38;30.12,113.84;27.38,112.8;28.04,108.93;
#18:
>0:36.42,116.86;35.89,115.39;31.76,115.64;30.4,113.56;
#19:
>0:34.26,116.26;32.97,114.83;
#20:
>0:35.77,116.32;33.44,114.63;30.46,111.38;
#21:
>0:30.34,116.4;31.24,116.94;32.39,117.52;38.14,117.15;
#22:
>0:31.2,117.72;33.12,117.32;35.57,117.63;
#23:
>0:39.32,116.24;38.38,116.53;
#24:
>0:27.97,117.69;30.52,115.46;33.09,117.04;31.65,116.43;37.1,115.63;
#25:
>0:38.57,115.73;39.51,115.16;
#26:
>0:39.71,108.38;36.44,110.63;35.07,109.7;31.95,111.47;29.89,112.09;
#27:
>0:27.36,116.84;29.39,116.2;31.48,115.53;
#28:
>0:38.76,116.37;39.15,115.77;
#29:
>0:39.38,115.17;38.3,116.3;
#30:
>0:29.42,114.72;27.75,115.27;
#31:
>0:34.77,117.0;31.55,117.55;29.72,117.67;
#32:
>0:33.04,109.23;34.45,110.87;36.5,111.09;39.56,113.02;37.45,115.17;
#33:
>0:30.54,115.97;33.56,117.55;32.0,116.2;38.05,116.84;
#34:
>0:29.81,116.86;32.06,115.12;29.34,114.1;
#35:
>0:31.29,116.54;29.21,116.61;32.44,115.84;36.55,116.97;
#36:
>0:38.14,112.42;35.08,110.53;32.22,110.29;
#37:
>0:38.61,115.37;39.91,115.81;
#38:
>0:38.78,116.45;38.29,115.22;
#39:
>0:29.53,117.94;31.07,117.79;
#40:
>0:34.84,115.37;36.35,115.69;38.41,113.42;39.92,110.19;
#41:
>0:27.3,114.74;30.15,114.6;29.48,115.31;33.62,117.85;34.11,117.74;39.22,117.52;
#42:
>0:31.91,113.27;32.8,112.94;32.25,111.24;29.78,108.31;
#43:
>0:31.01,109.93;33.36,112.03;30.38,114.01;
#44:
>0:30.11,111.2;28.42,111.65;27.67,114.0;27.5,115.23;
#45:
>0:39.87,115.87;39.07,115.01;
#46:
>0:39.62,113.74;39.39,112.85;36.03,110.0;31.74,111.38;
#47:
>0:39.91,115.16;39.04,115.82;
#48:
>0:33.89,117.97;32.78,117.39;
#49:
>0:38.76,108.11;36.02,110.91;35.4,110.01;32.18,112.0;29.38,112.33;
#50:
>0:27.03,112.83;29.66,111.44;
#51:
>0:34.45,118.14;34.95,116.29;34.96,113.18;
#52:
>0:27.87,113.78;30.81,115.91;31.58,117.81;31.72,115.65;34.39,114.7;40.3,114.22;
#53:
>0:39.5,117.79;37.37,115.2;34.73,113.64;31.81,116.49;29.87,113.21;
#54:
>0:27.66,112.21;31.39,110.1;32.16,112.14;31.92,113.12;36.73,117.36;
#55:
>0:39.93,109.75;39.45,112.96;
#56:
>0:35.43,115.31;37.95,116.25;39.59,113.84;34.12,111.02;
#57:
>0:33.01,108.54;34.18,111.17;37.01,109.87;40.4,112.96;37.75,115.85;
#58:
>0:27.62,111.57;31.12,112.02;33.58,111.52;35.42,111.51;
#59:
>0:32.21,108.52;31.59,108.92;
#60:
>0:35.48,108.57;35.32,110.2;35.83,111.67;34.92,113.26;34.27,114.87;
#61:
>0:32.09,109.37;32.86,108.6;
#62:
>0:39.53,110.91;39.54,112.67;
#63:
>0:39.05,116.13;38.61,116.34;
#64:
>0:30.56,109.26;28.26,109.49;27.86,112.42;
#65:
>0:27.02,117.87;30.37,116.59;32.47,117.67;33.61,115.37;36.86,118.17;
#66:
>0:37.71,115.69;35.09,114.67;31.65,113.21;
#67:
>0:31.65,114.6;30.27,116.35;
#68:
>0:28.47,112.74;27.33,113.25;28.24,115.3;
#69:
>0:39.67,115.68;40.27,116.36;
#70:
>0:39.89,114.85;39.18,116.55;
#71:
>0:32.86,111.29;31.02,111.68;
#72:
>0:27.33,116.07;30.26,116.22;30.51,113.26;30.34,111.18;
#73:
>0:36.18,110.17;39.37,112.15;
#74:
>0:39.75,115.57;40.42,115.84;
#75:
>0:38.83,115.44;39.77,115.9;
#76:
>0:39.8,116.49;38.61,116.07;
#77:
>0:38.28,117.03;36.21,115.56;34.3,113.73;33.65,116.31;30.45,114.5;
#78:
>0:35.06,112.33;36.18,110.17;
#79:
>0:28.54,117.71;30.44,116.35;31.02,114.06;
#80:
>0:33.54,110.58;29.95,112.99;30.65,114.44;29.96,115.09;26.93,118.25;
#81:
>0:28.63,114.22;30.23,116.3;31.6,116.89;32.72,116.29;37.1,114.15;
#82:
>0:31.18,116.19;27.04,114.47;
#83:
>0:27.46,117.05;29.33,115.56;32.6,116.91;34.71,115.51;
#84:
>0:26.94,111.77;29.75,111.07;32.88,112.2;31.6,114.06;36.26,115.27;
#85:
>0:27.01,108.91;27.6,109.97;
#86:
>0:29.3,113.39;29.72,115.47;31.17,117.48;
#87:
>0:33.49,116.5;34.2,113.9;38.02,111.96;36.67,110.81;
#88:
>0:38.2,115.42;39.79,114.86;
#89:
>0:40.26,114.08;38.67,112.12;33.94,110.78;
#90:
>0:38.89,116.17;39.48,115.37;
#91:
>0:31.47,114.8;35.82,116.32;
#92:
>0:34.39,116.77;36.2,116.69;39.89,115.3;
#93:
>0:30.81,111.16;30.09,108.11;
#94:
>0:40.01,111.72;37.8,110.95;34.45,112.52;32.69,108.9;
#95:
>0:39.89,115.33;39.32,115.53;
#96:
>0:28.49,109.33;30.16,110.18;32.97,112.19;29.82,113.64;
