#0:
>0:30.3,117.02;33.6,116.53;33.8,113.64;36.06,112.04;39.9,112.37;
#1:
>0:40.07,117.23;37.78,117.65;37.64,115.6;35.26,115.82;30.9,113.41;
#2:
>0:36.05,114.47;40.37,112.49;39.13,109.71;
#3:
>0:32.8,111.9;34.17,113.22;37.38,114.12;
#4:
>0:28.59,117.02;29.33,116.01;
#5:
>0:32.96,112.1;35.13,112.61;36.7,112.27;40.32,111.42;
#6:
>0:29.17,115.98;33.19,113.11;34.55,112.58;37.82,110.41;39.93,108.26;
#7:
>0:40.42,117.66;36.06,117.65;35.84,116.29;33.01,117.19;
#8:
>0:40.65,115.91;40.2,117.28;
#9:
>0:31.97,112.47;35.38,114.45;37.61,116.15;38.55,116.94;
#10:
>0:37.27,111.82;35.58,114.02;32.37,113.15;
#11:
>0:27.67,114.92;26.92,113.84;28.59,113.01;28.39,111.23;
#12:
>0:39.94,117.41;40.44,116.61;
#13:
>0:31.89,117.27;30.95,116.46;29.11,116.42;
#14:
>0:30.84,114.59;33.27,113.35;34.13,114.25;34.92,112.55;39.22,113.9;
#15:
>0:30.56,113.21;32.08,114.46;35.39,113.29;35.65,112.12;40.32,113.76;
#16:
>0:33.59,112.64;30.32,110.26;28.81,113.47;
#17:
>0:27.37,116.99;30.47,116.84;32.57,116.72;33.8,115.03;
#18:
>0:33.62,118.04;34.57,116.68;34.83,116.54;38.24,117.53;
#19:
>0:29.86,109.93;33.48,112.79;34.58,112.02;
#20:
>0:27.41,114.57;29.88,115.9;32.7,115.26;35.13,117.0;
#21:
>0:27.06,112.22;30.63,113.6;33.45,116.51;32.44,118.08;35.91,116.82;38.63,117.41;
#22:
>0:38.4,111.77;36.67,110.6;33.95,110.06;33.53,111.78;29.21,108.36;
#23:
>0:32.95,117.62;30.41,115.13;33.58,113.12;30.67,111.79;34.2,111.27;
#24:
>0:40.38,117.56;37.58,116.13;34.1,115.87;33.38,115.33;30.35,111.67;
#25:
>0:30.37,110.87;32.22,112.82;35.4,113.45;37.1,115.26;
#26:
>0:32.94,112.24;30.3,114.31;29.04,116.19;
#27:
>0:36.65,118.09;34.89,117.56;37.51,113.3;
#28:
>0:40.11,116.98;40.87,117.35;
#29:
>0:27.18,112.44;29.65,111.13;32.12,110.1;
#30:
>0:30.74,118.24;30.28,115.54;32.26,114.55;30.72,111.77;33.48,111.98;29.73,108.09;
#31:
>0:38.68,108.05;36.92,111.3;34.6,110.93;32.15,112.32;29.25,108.56;
#32:
>0:33.52,111.28;34.28,112.41;37.18,111.02;
#33:
>0:37.74,109.69;34.17,110.7;31.5,110.86;
#34:
>0:36.8,109.53;39.66,108.21;38.36,112.3;
#35:
>0:34.34,109.51;32.53,109.27;30.92,110.48;27.86,113.73;
#36:
>0:40.38,116.68;39.48,116.02;
#37:
>0:35.75,114.3;32.38,116.18;31.3,116.81;
#38:
>0:41.4,116.42;39.5,117.18;
#39:
>0:35.39,108.55;37.93,110.75;
#40:
>0:40.04,117.81;40.34,118.07;
#41:
>0:39.05,117.75;39.62,116.82;
#42:
>0:28.62,114.51;30.31,112.93;33.47,111.82;34.01,110.58;
#43:
>0:26.94,108.48;29.93,108.32;
#44:
>0:40.38,117.91;38.22,117.18;
#45:
>0:38.12,111.74;35.78,114.26;31.95,115.38;
#46:
>0:35.13,111.18;32.18,112.86;30.08,113.88;
#47:
>0:31.68,110.52;34.97,111.49;37.45,110.13;
#48:
>0:37.48,109.54;37.48,110.02;36.91,111.67;38.66,114.63;35.95,116.39;36.03,117.16;
#49:
>0:30.48,112.63;33.15,113.54;
#50:
>0:35.31,116.43;36.01,116.24;
#51:
>0:27.16,112.88;27.74,113.31;
#52:
>0:31.47,114.52;34.89,111.69;38.13,110.36;
#53:
>0:40.91,115.9;37.26,118.17;33.86,116.28;
#54:
>0:41.08,117.21;39.95,116.97;
#55:
>0:39.41,112.98;36.6,113.59;35.78,115.67;31.86,117.51;
#56:
>0:39.83,116.14;40.3,117.33;
#57:
>0:33.36,112.36;34.34,114.43;
#58:
>0:37.13,113.59;40.42,117.13;38.41,118.18;
#59:
>0:32.49,115.88;33.57,114.25;29.23,111.79;32.24,110.24;
#60:
>0:28.15,117.66;30.36,115.99;32.62,113.4;27.51,111.98;
#61:
>0:29.97,115.47;33.61,114.07;29.01,112.62;
#62:
>0:37.3,117.8;35.56,115.63;34.88,114.37;
#63:
>0:39.88,116.12;39.44,116.8;
#64:
>0:37.12,115.07;38.26,117.63;
#65:
>0:37.05,112.31;35.89,111.18;33.25,108.66;
#66:
>0:35.73,118.18;36.18,117.01;37.07,113.71;
#67:
>0:40.32,116.72;36.55,115.66;37.68,113.84;35.67,112.31;35.05,110.4;31.46,108.22;
#68:
>0:38.52,113.26;36.37,111.65;34.2,111.02;31.6,109.0;
#69:
>0:28.62,114.25;30.03,114.8;32.32,116.16;
#70:
>0:28.92,114.19;29.64,115.67;31.44,117.32;35.38,117.95;34.33,115.17;38.83,116.95;
#71:
>0:40.44,115.9;41.48,116.86;
#72:
>0:40.33,116.91;37.0,116.08;
#73:
>0:27.49,116.69;28.18,116.34;27.04,113.82;28.68,111.96;27.35,109.82;
#74:
>0:40.02,117.51;36.77,115.7;34.65,114.93;32.6,115.49;30.5,112.0;
#75:
>0:41.43,115.89;39.72,115.79;
#76:
>0:35.89,116.82;36.33,117.32;38.04,113.54;
#77:
>0:37.89,117.4;35.28,115.96;35.76,113.33;
#78:
>0:29.4,118.12;32.08,117.88;35.07,118.19;36.63,117.21;
#79:
>0:40.94,116.81;39.72,116.52;
#80:
>0:32.03,112.93;33.94,109.69;35.86,112.13;38.69,114.01;
#81:
>0:28.97,113.95;30.06,113.63;33.39,114.58;34.54,113.46;36.73,114.15;
#82:
>0:34.08,114.14;32.87,115.41;30.29,117.27;
#83:
>0:27.78,117.39;30.35,115.02;33.49,113.46;34.85,111.52;37.16,112.11;
#84:
>0:38.39,112.78;36.03,110.01;34.42,110.41;32.29,112.85;30.39,108.49;
#85:
>0:39.88,115.97;41.1,115.98;
#86:
>0:29.7,114.45;32.1,111.69;33.48,111.18;36.73,108.77;
#87:
>0:34.19,115.68;37.71,113.59;38.81,111.4;
#88:
>0:35.82,113.37;36.25,116.26;39.52,116.35;
#89:
>0:33.51,111.71;34.89,112.57;36.48,112.77;38.75,112.46;
#90:
>0:37.7,113.97;40.26,115.9;39.65,116.56;
#91:
>0:36.6,112.17;35.52,114.63;33.28,115.2;
#92:
>0:32.53,112.74;34.48,114.29;36.25,114.25;
#93:
>0:28.18,112.3;29.5,111.15;31.98,112.46;33.76,110.4;
#94:
>0:28.38,113.31;31.15,115.59;31.83,115.4;
#95:
>0:41.33,116.08;36.26,116.62;35.54,116.26;31.85,115.19;32.52,117.81;28.84,118.12;
#96:
>0:35.63,108.44;36.48,108.89;39.51,110.25;
