#0:
>0:29.96,110.07;33.43,111.94;34.78,114.43;36.57,115.11;40.91,116.72;
#1:
>0:31.46,116.69;33.14,115.25;
#2:
>0:28.49,110.38;30.26,112.92;32.02,114.71;35.55,115.85;38.01,116.77;
#3:
>0:32.94,116.11;33.36,114.41;30.13,112.1;32.11,110.8;33.52,108.19;
#4:
>0:33.73,109.06;36.12,111.02;36.04,111.56;
#5:
>0:37.45,109.82;38.78,111.87;
#6:
>0:27.23,117.47;30.4,115.97;33.64,115.91;34.95,115.28;37.0,114.87;
#7:
>0:39.94,116.45;41.52,117.54;
#8:
>0:31.74,116.71;32.56,115.25;
#9:
>0:40.43,116.35;40.88,116.54;
#10:
>0:39.9,114.79;36.7,111.46;34.4,109.66;32.74,110.1;29.23,108.63;27.46,109.83;
#11:
>0:27.47,108.51;29.49,109.69;32.34,112.77;29.28,113.83;30.67,115.38;
#12:
>0:33.8,111.95;36.16,112.76;
#13:
>0:37.0,113.51;34.29,115.53;32.83,113.18;30.75,112.06;
#14:
>0:40.26,117.54;41.26,117.54;
#15:
>0:33.62,111.04;35.34,112.79;36.16,114.22;38.01,115.46;
#16:
>0:41.04,117.47;41.12,116.68;
#17:
>0:38.4,112.16;37.37,109.76;34.15,112.39;33.37,111.4;30.55,113.09;27.63,109.17;
#18:
>0:28.26,111.25;27.68,109.42;29.7,108.23;35.85,109.31;
#19:
>0:28.22,108.73;30.55,109.63;33.58,112.97;35.16,113.74;35.86,114.97;
#20:
>0:33.2,109.01;34.76,109.94;31.5,110.5;34.84,112.08;33.22,116.39;
#21:
>0:39.75,117.34;41.45,116.63;
#22:
>0:32.85,108.95;30.28,111.13;31.86,113.0;30.74,113.52;32.51,116.52;29.82,117.41;
#23:
>0:32.58,111.07;34.62,112.25;33.87,113.87;35.32,115.3;
#24:
>0:31.26,117.88;32.66,116.44;33.59,114.02;34.71,112.26;38.48,110.47;
#25:
>0:40.18,108.93;35.94,110.79;35.71,112.56;33.56,114.66;32.36,116.29;27.01,117.62;
#26:
>0:40.32,117.55;41.92,116.17;
#27:
>0:31.67,108.02;30.33,109.82;27.74,110.02;30.15,112.16;32.34,113.57;30.02,118.21;
#28:
>0:30.65,108.41;32.6,108.08;34.82,112.21;
#29:
>0:35.84,116.2;37.32,113.24;39.48,112.92;39.72,109.63;37.55,108.27;
#30:
>0:33.3,110.84;35.6,111.83;35.48,113.44;35.76,115.78;
#31:
>0:32.15,111.0;33.97,112.91;33.12,113.85;32.78,116.18;27.07,116.66;
#32:
>0:31.97,110.39;29.72,112.01;
#33:
>0:31.19,110.19;32.28,111.4;34.11,111.85;
#34:
>0:30.78,110.15;29.14,110.29;29.97,111.68;32.34,115.47;
#35:
>0:29.63,114.56;32.97,111.57;35.83,109.88;34.25,108.7;
#36:
>0:33.46,108.97;35.11,109.77;32.51,111.05;35.09,112.33;33.34,115.82;
#37:
>0:39.9,117.24;41.21,117.0;
#38:
>0:31.65,115.62;33.94,113.3;36.8,112.35;36.96,111.05;37.76,107.96;
#39:
>0:33.84,118.1;34.15,115.03;34.67,114.46;32.55,112.81;31.09,112.78;30.62,108.23;
#40:
>0:33.14,112.31;30.47,114.27;28.28,112.34;
#41:
>0:39.78,113.3;37.55,115.16;34.65,117.16;31.85,114.11;
#42:
>0:32.3,118.09;30.05,115.39;32.38,113.91;30.55,111.79;
#43:
>0:36.31,116.24;34.65,113.68;32.66,112.74;
#44:
>0:33.49,109.97;35.39,113.02;37.6,113.4;36.28,116.07;
#45:
>0:41.49,116.83;40.84,116.2;
#46:
>0:28.74,109.8;27.08,108.9;30.66,108.41;35.01,109.5;
#47:
>0:41.28,117.39;40.28,116.27;
#48:
>0:41.23,117.68;40.16,116.91;
#49:
>0:31.55,108.32;35.31,109.95;31.43,110.32;34.94,112.47;33.45,115.14;
#50:
>0:41.28,116.86;40.14,117.63;
#51:
>0:33.96,115.75;33.32,113.29;29.36,111.56;27.18,110.7;
#52:
>0:34.96,117.52;35.79,116.43;34.5,114.75;
#53:
>0:35.58,117.89;33.83,115.62;35.41,114.09;
#54:
>0:41.42,116.88;41.64,117.23;
#55:
>0:39.31,112.95;40.4,112.06;
#56:
>0:39.92,116.09;40.56,117.11;
#57:
>0:37.55,114.5;40.03,112.94;40.2,110.45;37.27,108.61;
#58:
>0:28.49,109.68;28.34,108.97;31.26,108.18;34.24,108.08;
#59:
>0:41.63,116.78;40.41,116.53;
#60:
>0:41.77,116.71;39.89,116.19;
#61:
>0:29.86,112.58;31.62,109.92;34.94,108.05;
#62:
>0:33.68,112.99;32.97,114.29;30.54,115.41;27.21,115.71;
#63:
>0:33.3,110.04;35.29,111.9;32.59,111.96;31.14,114.17;34.37,116.57;
#64:
>0:35.41,114.99;36.08,113.15;38.95,112.23;38.2,109.72;36.1,109.34;
#65:
>0:26.94,117.32;30.47,115.82;32.99,113.48;33.99,111.74;36.51,111.01;37.64,109.42;
#66:
>0:41.86,116.77;41.72,117.17;
#67:
>0:41.21,117.58;40.92,117.1;
#68:
>0:29.05,116.41;30.95,113.51;32.11,112.79;34.64,112.45;36.82,110.03;38.99,110.57;
#69:
>0:39.41,108.42;37.76,108.17;35.54,110.18;34.2,112.21;31.95,113.73;27.05,116.67;
#70:
>0:36.48,116.37;33.9,113.78;35.78,111.94;33.83,110.67;
#71:
>0:27.4,111.88;30.13,113.11;
#72:
>0:35.71,112.45;37.93,113.73;37.57,115.83;
#73:
>0:34.22,118.01;35.72,115.27;34.71,113.45;37.64,112.87;36.58,110.89;
#74:
>0:33.41,118.0;34.37,115.36;36.44,114.89;
#75:
>0:34.19,113.05;35.37,114.48;31.69,112.65;27.53,113.55;
#76:
>0:28.57,108.19;27.32,111.2;31.04,112.33;31.96,113.95;30.69,116.45;
#77:
>0:28.24,117.38;31.38,118.02;30.77,113.55;
#78:
>0:27.02,109.12;30.51,111.12;28.56,109.82;31.73,114.23;
#79:
>0:31.07,116.72;27.68,116.42;31.16,114.31;29.01,112.91;27.73,110.93;
#80:
>0:38.88,114.18;35.92,115.23;35.58,115.98;
#81:
>0:35.58,117.8;34.04,115.47;32.44,114.42;27.07,112.87;
#82:
>0:33.44,110.41;35.72,111.5;35.72,114.29;39.68,114.48;
#83:
>0:36.21,109.05;38.76,110.87;38.2,112.13;39.89,114.41;
#84:
>0:30.47,117.8;31.14,118.24;
#85:
>0:34.33,115.69;31.75,115.59;
#86:
>0:36.66,114.84;33.91,113.26;34.81,112.4;35.45,110.61;
#87:
>0:32.37,117.58;29.49,115.65;27.55,114.49;
#88:
>0:35.11,115.9;32.08,115.12;
#89:
>0:36.42,115.72;35.15,113.53;32.33,111.58;31.67,110.23;
#90:
>0:28.38,110.21;27.31,109.17;31.34,109.17;31.88,108.5;33.69,109.36;38.98,112.32;
#91:
>0:28.47,110.33;27.16,108.3;29.69,108.13;35.14,108.18;
#92:
>0:37.43,111.1;35.02,112.07;33.62,114.73;30.09,115.91;29.92,117.41;
#93:
>0:40.06,116.14;40.04,116.0;
#94:
>0:33.4,113.29;30.36,115.74;28.82,116.53;
#95:
>0:39.12,108.36;37.45,109.7;35.16,111.61;31.76,113.62;29.5,115.26;
#96:
>0:39.71,113.36;36.41,114.97;35.64,118.18;34.91,116.04;30.93,115.64;
