#0:
>0:39.93,116.33;39.96,116.37;39.96,116.4;39.98,116.42;40.01,116.44;
#1:
>0:39.93,116.36;39.93,116.35;
#2:
>0:39.96,116.35;39.96,116.37;39.99,116.34;40.02,116.37;
#3:
>0:40.02,116.34;40.03,116.37;39.99,116.39;
#4:
>0:39.96,116.36;39.96,116.39;39.98,116.42;40.03,116.4;
#5:
>0:40.0,116.38;40.03,116.38;40.01,116.42;40.0,116.44;
#6:
>0:40.05,116.4;40.02,116.4;
#7:
>0:39.96,116.42;39.95,116.38;39.98,116.41;40.0,116.38;40.03,116.38;
#8:
>0:39.96,116.45;39.96,116.41;
#9:
>0:39.95,116.37;39.98,116.33;
#10:
>0:39.99,116.45;39.99,116.43;
#11:
>0:40.0,116.36;39.99,116.36;39.94,116.36;
#12:
>0:39.93,116.35;39.94,116.37;39.95,116.38;39.99,116.42;39.99,116.43;40.02,116.48;
#13:
>0:39.94,116.42;39.94,116.38;39.98,116.43;
#14:
>0:39.93,116.37;39.96,116.34;39.98,116.35;40.01,116.35;
#15:
>0:40.05,116.45;40.04,116.42;40.01,116.42;
#16:
>0:40.03,116.38;40.0,116.33;39.97,116.35;39.96,116.39;
#17:
>0:39.96,116.35;39.96,116.36;39.95,116.4;39.96,116.42;39.97,116.45;40.0,116.47;
#18:
>0:40.03,116.47;40.01,116.43;
#19:
>0:40.01,116.43;39.97,116.41;39.98,116.4;39.96,116.36;39.93,116.35;
#20:
>0:40.0,116.33;39.99,116.35;39.99,116.36;39.96,116.39;39.96,116.44;
#21:
>0:40.03,116.39;40.02,116.39;40.02,116.37;40.01,116.34;39.96,116.33;
#22:
>0:39.93,116.4;39.93,116.38;39.93,116.35;
#23:
>0:40.0,116.4;40.02,116.4;
#24:
>0:39.98,116.37;39.96,116.39;39.98,116.41;40.0,116.41;40.03,116.48;
#25:
>0:39.93,116.42;39.93,116.39;39.95,116.38;39.97,116.38;40.02,116.45;
#26:
>0:39.99,116.36;40.0,116.36;40.03,116.36;40.05,116.36;
#27:
>0:40.01,116.33;40.02,116.36;
#28:
>0:39.99,116.35;39.96,116.36;
#29:
>0:40.0,116.34;39.99,116.38;
#30:
>0:39.99,116.33;40.0,116.36;40.0,116.38;
#31:
>0:40.0,116.36;39.99,116.4;39.96,116.38;39.93,116.37;
#32:
>0:40.05,116.44;40.04,116.42;40.03,116.41;39.97,116.41;
#33:
>0:39.97,116.36;39.95,116.38;40.0,116.42;
#34:
>0:39.92,116.36;39.93,116.37;
#35:
>0:40.02,116.4;39.99,116.37;
