#0:
>0:39.97,116.37;39.99,116.38;40.02,116.33;40.04,116.38;
#1:
>0:39.97,116.39;39.95,116.4;39.93,116.42;39.93,116.48;
#2:
>0:39.98,116.34;39.98,116.36;39.97,116.39;40.01,116.4;39.97,116.38;40.01,116.42;40.03,116.42;40.02,116.39;40.03,116.43;40.04,116.4;
#3:
>0:39.92,116.45;39.95,116.41;39.97,116.4;39.98,116.38;
#4:
>0:39.97,116.33;40.01,116.36;
#5:
>0:39.96,116.37;39.99,116.35;39.98,116.4;40.02,116.39;
#6:
>0:40.03,116.47;40.01,116.45;40.01,116.41;40.05,116.38;40.02,116.36;
#7:
>0:40.05,116.41;40.02,116.39;39.99,116.36;
#8:
>0:39.96,116.45;39.97,116.44;40.0,116.43;40.01,116.38;
#9:
>0:40.0,116.38;39.97,116.39;39.95,116.36;39.92,116.41;
#10:
>0:39.98,116.45;40.0,116.41;40.03,116.4;40.04,116.43;
#11:
>0:40.05,116.36;40.05,116.38;
#12:
>0:39.99,116.35;40.01,116.37;40.04,116.37;
#13:
>0:39.96,116.34;39.92,116.33;
#14:
>0:39.96,116.44;39.97,116.41;40.0,116.43;40.0,116.41;40.04,116.36;
#15:
>0:40.04,116.47;40.03,116.47;40.01,116.44;40.0,116.47;39.95,116.46;
#16:
>0:40.03,116.4;40.01,116.38;40.02,116.42;39.99,116.42;40.0,116.44;40.0,116.47;39.96,116.47;
#17:
>0:39.93,116.42;39.94,116.39;39.93,116.36;39.93,116.35;
#18:
>0:39.97,116.34;39.99,116.37;39.98,116.33;39.98,116.37;39.97,116.34;39.98,116.38;40.0,116.37;40.0,116.4;39.97,116.39;40.0,116.38;39.98,116.41;40.0,116.45;39.99,116.47;
#19:
>0:39.94,116.47;39.96,116.45;39.97,116.45;39.99,116.43;40.01,116.36;
#20:
>0:40.02,116.46;40.01,116.43;39.98,116.43;39.95,116.45;
#21:
>0:39.97,116.33;39.95,116.36;39.94,116.39;
#22:
>0:39.98,116.38;39.96,116.37;39.93,116.38;
#23:
>0:40.05,116.4;40.03,116.4;
#24:
>0:39.95,116.44;39.98,116.42;40.0,116.39;
#25:
>0:40.01,116.4;40.03,116.42;
#26:
>0:39.97,116.34;39.99,116.36;39.95,116.36;39.95,116.39;39.92,116.41;39.93,116.47;
#27:
>0:39.93,116.34;39.96,116.38;39.97,116.37;39.99,116.36;40.02,116.33;40.04,116.36;
#28:
>0:40.02,116.46;40.0,116.46;40.03,116.45;40.02,116.39;
#29:
>0:40.02,116.47;40.0,116.44;39.98,116.47;
#30:
>0:40.04,116.38;40.01,116.4;40.02,116.37;40.02,116.4;40.02,116.36;40.01,116.36;40.0,116.38;39.98,116.4;39.98,116.35;
#31:
>0:39.93,116.48;39.94,116.44;39.93,116.41;39.94,116.38;39.94,116.37;39.93,116.33;
#32:
>0:40.0,116.35;39.97,116.35;39.95,116.35;39.93,116.34;
#33:
>0:39.93,116.39;39.96,116.41;39.98,116.41;
#34:
>0:40.04,116.36;40.04,116.35;40.01,116.36;
#35:
>0:40.04,116.42;40.03,116.39;39.99,116.4;39.98,116.4;39.95,116.34;
