#0:
>0:39.95,116.43;39.95,116.43;39.93,116.37;
#1:
>0:39.96,116.35;39.97,116.37;39.99,116.38;40.01,116.41;39.99,116.44;40.05,116.46;
#2:
>0:39.99,116.39;39.98,116.39;
#3:
>0:39.98,116.46;39.96,116.47;
#4:
>0:39.98,116.37;39.96,116.4;39.93,116.35;
#5:
>0:40.05,116.47;40.02,116.45;40.04,116.4;40.05,116.42;40.03,116.38;
#6:
>0:40.03,116.33;40.01,116.36;40.0,116.39;39.97,116.4;39.98,116.42;39.95,116.48;
#7:
>0:40.02,116.41;40.07,116.42;40.04,116.37;40.03,116.33;
#8:
>0:39.96,116.47;39.94,116.46;39.96,116.42;
#9:
>0:39.96,116.44;39.98,116.4;40.0,116.37;40.03,116.39;
#10:
>0:40.02,116.47;40.0,116.45;40.02,116.45;40.04,116.43;40.04,116.38;
#11:
>0:39.95,116.47;39.97,116.44;39.96,116.44;
#12:
>0:39.94,116.44;39.95,116.44;39.97,116.47;39.97,116.43;40.01,116.45;40.05,116.46;
#13:
>0:40.0,116.36;40.0,116.38;
#14:
>0:39.96,116.47;39.96,116.45;39.96,116.41;39.95,116.39;
#15:
>0:39.96,116.4;39.98,116.41;39.98,116.45;40.0,116.45;40.04,116.46;
#16:
>0:40.01,116.42;40.06,116.41;40.03,116.36;40.05,116.33;
#17:
>0:40.0,116.48;39.97,116.44;39.95,116.43;39.94,116.41;
#18:
>0:39.96,116.46;39.96,116.46;
#19:
>0:39.92,116.36;39.96,116.41;39.97,116.4;40.0,116.39;40.04,116.42;
#20:
>0:39.98,116.45;40.0,116.45;40.01,116.45;40.04,116.45;
#21:
>0:40.02,116.42;39.99,116.39;39.97,116.36;39.95,116.4;39.93,116.39;
#22:
>0:39.94,116.45;39.96,116.42;39.98,116.39;39.97,116.37;40.02,116.34;
#23:
>0:39.95,116.34;39.94,116.37;39.95,116.41;39.97,116.42;
#24:
>0:40.05,116.35;40.01,116.38;40.02,116.4;40.02,116.43;39.98,116.43;
#25:
>0:40.05,116.44;40.01,116.41;
#26:
>0:39.96,116.44;39.98,116.45;
#27:
>0:39.96,116.38;40.0,116.35;39.98,116.36;40.0,116.35;40.04,116.34;
#28:
>0:40.0,116.38;40.0,116.42;
#29:
>0:40.01,116.33;40.0,116.39;40.01,116.38;39.97,116.36;39.94,116.36;
#30:
>0:39.99,116.47;39.97,116.45;39.96,116.44;39.97,116.38;
#31:
>0:39.98,116.38;39.95,116.41;39.97,116.39;39.96,116.44;
#32:
>0:40.01,116.43;39.99,116.43;
#33:
>0:40.03,116.36;40.03,116.37;40.04,116.39;40.02,116.44;
#34:
>0:40.0,116.41;39.97,116.39;39.94,116.38;
#35:
>0:40.0,116.38;39.98,116.36;39.96,116.39;39.94,116.34;
