#0:
>0:40.01,116.35;39.99,116.36;39.95,116.37;
#1:
>0:40.04,116.46;40.03,116.43;40.0,116.43;39.98,116.4;
#2:
>0:40.03,116.41;40.02,116.45;40.0,116.41;39.95,116.42;
#3:
>0:40.02,116.33;40.03,116.36;39.99,116.39;40.0,116.41;
#4:
>0:40.05,116.43;40.04,116.39;40.02,116.4;39.99,116.39;40.03,116.39;40.02,116.42;40.01,116.44;40.01,116.41;40.01,116.39;40.01,116.41;40.01,116.45;39.97,116.44;40.0,116.47;39.97,116.45;40.0,116.47;40.03,116.47;40.02,116.45;40.0,116.41;39.99,116.4;39.99,116.4;40.02,116.4;40.04,116.37;40.04,116.39;40.05,116.41;40.04,116.38;40.05,116.42;40.05,116.4;40.05,116.4;
#5:
>0:39.96,116.48;39.97,116.46;40.0,116.46;40.01,116.46;40.05,116.41;
#6:
>0:40.01,116.47;40.05,116.44;40.05,116.43;40.04,116.39;40.02,116.36;
#7:
>0:39.97,116.34;39.99,116.38;39.98,116.33;39.97,116.36;39.98,116.4;39.98,116.42;39.95,116.41;39.97,116.41;40.0,116.45;40.03,116.41;40.04,116.4;
#8:
>0:40.05,116.39;40.03,116.41;40.05,116.39;40.02,116.39;40.0,116.38;39.98,116.35;39.98,116.33;39.97,116.34;
#9:
>0:40.01,116.48;40.03,116.45;39.99,116.42;39.98,116.39;39.96,116.36;
#10:
>0:40.04,116.4;40.05,116.42;40.01,116.38;39.99,116.38;39.97,116.34;
#11:
>0:39.96,116.43;39.96,116.42;39.97,116.4;40.03,116.37;
#12:
>0:39.93,116.38;39.95,116.37;39.96,116.38;39.93,116.37;39.96,116.35;39.98,116.34;40.0,116.35;39.97,116.38;39.98,116.33;39.99,116.36;40.0,116.4;40.01,116.39;40.03,116.41;40.05,116.39;
#13:
>0:39.97,116.46;39.99,116.45;
#14:
>0:39.98,116.4;39.97,116.41;39.99,116.43;39.98,116.47;
#15:
>0:39.97,116.37;40.0,116.36;40.03,116.36;40.04,116.42;
#16:
>0:40.05,116.41;40.02,116.4;40.01,116.4;39.99,116.44;39.98,116.45;40.0,116.44;39.98,116.45;40.0,116.46;40.01,116.44;40.02,116.43;40.02,116.43;40.04,116.42;40.05,116.39;40.03,116.38;40.0,116.4;40.01,116.38;40.0,116.39;40.01,116.38;40.03,116.43;40.0,116.44;40.03,116.41;40.02,116.39;40.01,116.41;40.04,116.43;40.05,116.4;40.05,116.41;40.04,116.4;40.05,116.38;
#17:
>0:40.03,116.46;40.03,116.44;40.01,116.41;39.94,116.42;
#18:
>0:39.99,116.37;40.01,116.4;39.95,116.36;
#19:
>0:39.96,116.46;39.98,116.45;40.0,116.45;40.02,116.46;40.04,116.43;
#20:
>0:39.94,116.43;39.93,116.42;39.93,116.39;
#21:
>0:39.99,116.37;39.97,116.39;39.97,116.4;39.98,116.37;40.01,116.4;40.01,116.39;40.02,116.41;40.05,116.39;
#22:
>0:39.98,116.34;39.99,116.38;40.03,116.34;
#23:
>0:39.97,116.35;39.96,116.33;
#24:
>0:39.93,116.43;39.95,116.47;
#25:
>0:40.04,116.43;40.04,116.38;40.04,116.43;40.05,116.39;40.04,116.41;40.02,116.4;40.0,116.4;40.02,116.4;39.99,116.38;40.02,116.37;39.99,116.36;39.99,116.36;39.97,116.34;39.98,116.37;39.96,116.4;39.97,116.38;39.99,116.4;39.99,116.45;40.01,116.48;40.04,116.46;40.04,116.43;40.03,116.4;40.01,116.4;40.03,116.4;40.03,116.41;40.04,116.41;40.05,116.39;40.03,116.39;
#26:
>0:40.01,116.39;39.97,116.39;39.96,116.39;
#27:
>0:39.99,116.39;40.02,116.39;40.01,116.44;
#28:
>0:39.95,116.48;39.95,116.47;
#29:
>0:39.93,116.39;39.97,116.42;39.97,116.44;39.97,116.48;
#30:
>0:39.98,116.48;39.96,116.44;39.94,116.45;
#31:
>0:39.93,116.37;39.95,116.4;39.98,116.42;40.0,116.44;40.01,116.44;
#32:
>0:40.02,116.42;40.02,116.44;39.98,116.45;
#33:
>0:39.95,116.39;39.97,116.39;40.0,116.36;
#34:
>0:39.94,116.4;39.95,116.4;39.98,116.39;39.99,116.4;40.03,116.35;
#35:
>0:39.96,116.4;39.98,116.4;39.99,116.38;
