#0:
>0:39.97,116.48;39.96,116.47;39.97,116.43;39.98,116.43;39.96,116.39;39.95,116.35;
#1:
>0:40.01,116.37;40.01,116.39;39.98,116.43;39.95,116.43;39.94,116.45;
#2:
>0:39.98,116.39;39.99,116.34;
#3:
>0:40.01,116.34;39.99,116.33;39.99,116.36;39.97,116.34;39.93,116.33;
#4:
>0:39.92,116.42;39.96,116.46;
#5:
>0:39.92,116.41;39.96,116.41;39.95,116.38;
#6:
>0:39.98,116.35;40.0,116.37;39.97,116.38;39.99,116.38;40.02,116.42;40.04,116.45;40.02,116.46;40.05,116.45;40.04,116.38;
#7:
>0:40.05,116.45;40.04,116.42;40.01,116.41;40.01,116.38;39.98,116.39;39.92,116.37;
#8:
>0:39.98,116.45;39.96,116.48;
#9:
>0:40.0,116.42;39.98,116.44;39.94,116.44;39.93,116.44;
#10:
>0:39.95,116.37;39.94,116.39;39.97,116.39;40.0,116.45;39.98,116.47;
#11:
>0:39.92,116.48;39.93,116.43;39.96,116.45;40.0,116.48;
#12:
>0:39.95,116.43;39.98,116.44;40.01,116.45;39.99,116.42;40.05,116.36;
#13:
>0:39.96,116.35;39.95,116.36;39.98,116.36;40.01,116.38;40.04,116.37;
#14:
>0:40.01,116.35;39.99,116.35;
#15:
>0:39.98,116.4;39.95,116.42;39.94,116.36;
#16:
>0:39.94,116.44;39.95,116.45;
#17:
>0:39.95,116.48;39.97,116.43;39.99,116.42;40.0,116.4;40.01,116.38;
#18:
>0:40.03,116.4;40.05,116.41;
#19:
>0:39.95,116.33;39.96,116.36;40.0,116.39;
#20:
>0:40.03,116.45;40.02,116.45;40.0,116.44;39.98,116.44;39.96,116.44;39.93,116.46;
#21:
>0:40.04,116.37;40.03,116.35;
#22:
>0:39.98,116.46;40.01,116.45;
#23:
>0:39.99,116.44;39.98,116.42;40.0,116.39;39.99,116.37;40.01,116.33;
#24:
>0:40.05,116.4;40.04,116.36;40.05,116.33;
#25:
>0:40.04,116.38;40.01,116.42;39.99,116.46;
#26:
>0:39.93,116.36;39.95,116.34;
#27:
>0:40.01,116.39;40.02,116.36;
#28:
>0:39.96,116.46;39.97,116.43;40.0,116.47;39.99,116.42;40.01,116.39;40.02,116.33;
#29:
>0:39.99,116.42;39.96,116.45;
#30:
>0:39.99,116.44;40.03,116.46;40.04,116.48;
#31:
>0:40.03,116.43;40.02,116.38;40.03,116.41;39.99,116.4;
#32:
>0:39.93,116.37;39.94,116.41;39.95,116.41;40.0,116.46;
#33:
>0:40.01,116.39;40.01,116.43;39.98,116.38;39.95,116.4;39.93,116.35;
#34:
>0:39.99,116.47;40.02,116.43;40.04,116.41;40.02,116.39;
#35:
>0:39.93,116.35;39.96,116.35;
