#0:
>0:40.03,116.46;40.01,116.45;39.99,116.44;40.01,116.41;39.97,116.4;39.99,116.35;
#1:
>0:39.97,116.38;40.01,116.43;40.01,116.43;39.99,116.46;
#2:
>0:39.98,116.47;40.0,116.44;40.01,116.41;40.04,116.44;
#3:
>0:40.02,116.35;39.99,116.36;39.97,116.4;39.96,116.4;
#4:
>0:39.94,116.4;39.96,116.39;39.97,116.37;40.0,116.37;40.03,116.38;40.05,116.41;
#5:
>0:40.0,116.35;39.97,116.37;39.96,116.38;39.93,116.44;39.93,116.44;
#6:
>0:40.03,116.38;40.04,116.42;
#7:
>0:39.98,116.44;39.97,116.41;39.95,116.4;39.96,116.38;
#8:
>0:39.96,116.35;39.98,116.37;40.0,116.42;40.05,116.41;
#9:
>0:40.02,116.38;40.01,116.38;
#10:
>0:39.99,116.44;40.01,116.43;39.97,116.43;39.92,116.43;
#11:
>0:39.99,116.41;39.99,116.46;39.99,116.46;
#12:
>0:39.96,116.34;39.97,116.36;40.01,116.4;40.03,116.4;40.05,116.44;
#13:
>0:39.98,116.4;39.97,116.42;
#14:
>0:40.03,116.46;40.02,116.45;40.0,116.43;
#15:
>0:39.95,116.43;39.95,116.39;39.99,116.41;40.0,116.42;40.01,116.47;
#16:
>0:40.04,116.39;40.03,116.42;40.04,116.44;40.05,116.46;
#17:
>0:40.0,116.41;40.0,116.37;
#18:
>0:39.98,116.44;39.98,116.42;40.02,116.42;40.04,116.36;
#19:
>0:40.01,116.37;40.01,116.38;
#20:
>0:39.99,116.34;39.98,116.37;39.97,116.38;
#21:
>0:40.04,116.37;40.02,116.4;39.98,116.41;39.99,116.44;
#22:
>0:39.94,116.44;39.97,116.42;39.98,116.4;39.98,116.38;40.01,116.33;
#23:
>0:40.0,116.37;39.98,116.4;39.98,116.42;39.98,116.45;39.94,116.47;
#24:
>0:39.93,116.43;39.95,116.38;39.98,116.36;40.0,116.36;40.03,116.38;40.04,116.35;
#25:
>0:39.93,116.39;39.92,116.4;
#26:
>0:40.03,116.39;40.01,116.37;39.98,116.36;39.96,116.33;39.99,116.35;39.97,116.37;39.98,116.35;
#27:
>0:40.04,116.45;40.05,116.43;40.0,116.39;39.97,116.37;39.96,116.38;
#28:
>0:40.04,116.46;40.01,116.46;40.01,116.47;
#29:
>0:40.02,116.46;40.0,116.44;39.97,116.43;39.95,116.38;39.95,116.38;
#30:
>0:39.99,116.37;40.03,116.33;
#31:
>0:39.99,116.43;39.97,116.4;
#32:
>0:40.03,116.44;40.0,116.44;40.01,116.42;39.97,116.45;39.94,116.45;
#33:
>0:40.05,116.47;40.01,116.46;40.01,116.46;
#34:
>0:40.04,116.35;40.01,116.37;40.01,116.39;40.01,116.42;39.96,116.42;
#35:
>0:39.97,116.4;39.96,116.45;39.96,116.43;
