#0:
>0:39.97,116.35;39.95,116.34;
#1:
>0:39.94,116.38;39.95,116.36;39.98,116.37;39.99,116.37;40.03,116.37;
#2:
>0:39.95,116.4;39.99,116.39;40.01,116.43;39.97,116.46;
#3:
>0:39.97,116.33;39.95,116.36;39.94,116.37;39.94,116.4;39.94,116.43;
#4:
>0:39.93,116.44;39.95,116.41;39.98,116.4;39.99,116.36;40.01,116.35;
#5:
>0:39.97,116.36;39.97,116.33;
#6:
>0:40.05,116.42;40.05,116.4;40.01,116.4;40.04,116.39;40.02,116.38;40.0,116.4;39.99,116.4;39.96,116.36;39.97,116.37;39.97,116.34;39.99,116.37;39.97,116.35;39.97,116.33;
#7:
>0:40.03,116.34;40.02,116.38;40.01,116.38;39.97,116.39;39.93,116.39;
#8:
>0:39.94,116.42;39.95,116.45;39.98,116.38;
#9:
>0:40.02,116.48;40.03,116.44;40.05,116.41;40.04,116.4;40.0,116.37;
#10:
>0:39.99,116.48;39.96,116.44;39.94,116.41;39.93,116.38;
#11:
>0:40.03,116.37;40.0,116.4;39.98,116.42;39.96,116.4;39.92,116.45;
#12:
>0:39.99,116.4;39.99,116.42;39.95,116.39;39.94,116.44;
#13:
>0:40.01,116.34;39.98,116.37;39.95,116.38;39.94,116.42;39.93,116.45;39.94,116.48;
#14:
>0:40.04,116.4;40.03,116.39;39.99,116.4;
#15:
>0:39.94,116.36;39.97,116.37;
#16:
>0:39.94,116.43;39.96,116.41;
#17:
>0:40.01,116.46;39.99,116.44;40.0,116.41;
#18:
>0:40.04,116.37;40.05,116.33;40.0,116.35;
#19:
>0:39.95,116.46;39.95,116.42;40.01,116.42;
#20:
>0:39.97,116.47;39.97,116.44;40.02,116.48;
#21:
>0:39.95,116.38;39.97,116.42;39.97,116.43;40.02,116.46;
#22:
>0:40.05,116.38;40.03,116.4;40.02,116.44;
#23:
>0:39.94,116.47;39.93,116.45;39.93,116.42;39.94,116.4;
#24:
>0:40.04,116.48;40.03,116.44;40.03,116.41;
#25:
>0:39.96,116.4;39.94,116.37;
#26:
>0:39.95,116.36;39.95,116.34;
#27:
>0:39.94,116.45;39.96,116.42;39.98,116.39;40.01,116.36;40.03,116.34;
#28:
>0:39.93,116.4;39.96,116.38;39.98,116.38;40.0,116.45;
#29:
>0:39.98,116.33;39.99,116.38;40.02,116.39;40.05,116.37;40.02,116.35;40.02,116.35;40.0,116.4;40.03,116.4;39.99,116.38;40.03,116.4;40.03,116.41;40.04,116.38;
#30:
>0:39.97,116.34;39.94,116.35;39.96,116.38;
#31:
>0:39.93,116.47;39.96,116.47;
#32:
>0:39.93,116.4;39.96,116.36;39.98,116.36;40.0,116.37;
#33:
>0:39.94,116.42;39.95,116.44;39.96,116.47;
#34:
>0:39.97,116.42;39.98,116.42;
#35:
>0:39.95,116.37;39.93,116.36;
