#0:
>0:55.54,-37.23;50.98,-45.16;48.04,-137.99;
#1:
>0:43.0,-98.75;43.97,-45.36;49.46,-41.45;
#2:
>0:36.31,-47.6;41.73,-11.03;45.59,37.18;51.02,62.31;
#3:
>0:40.1,-78.14;41.49,-119.83;48.83,-122.02;
#4:
>0:42.37,-69.08;48.59,-17.98;48.1,-6.28;
#5:
>0:48.61,-107.54;49.27,-91.46;56.29,-89.88;52.8,7.7;
#6:
>0:51.51,-0.5;52.13,-15.23;
#7:
>0:60.5,-26.93;57.55,-77.19;56.39,-117.69;
#8:
>0:44.45,6.03;51.43,-1.97;
#9:
>0:41.45,-28.61;46.23,-33.07;
#10:
>0:42.25,12.81;46.84,36.97;49.09,36.35;57.25,111.03;62.86,33.16;
#11:
>0:41.83,-73.09;45.44,-40.09;50.01,-22.84;
#12:
>0:51.82,18.98;49.66,17.58;
#13:
>0:44.78,-12.3;49.18,11.47;
#14:
>0:42.78,63.57;45.57,53.77;
#15:
>0:43.09,114.59;43.73,114.23;
#16:
>0:44.83,25.75;43.2,18.91;47.97,-27.7;50.54,-111.51;
#17:
>0:47.99,5.27;46.58,-22.92;56.1,-92.16;
#18:
>0:42.77,14.75;39.12,62.0;
#19:
>0:53.63,-81.65;53.52,-21.22;50.06,14.75;48.26,-7.31;36.04,11.87;
#20:
>0:41.5,-147.19;46.35,-105.09;48.16,-56.33;
