#0:
>0:41.77,10.23;35.82,-47.27;36.7,-94.12;
#1:
>0:48.41,54.63;47.08,7.24;44.25,-55.52;
#2:
>0:41.1,-7.35;39.3,60.18;
#3:
>0:55.52,-4.15;49.86,-54.17;47.25,-92.34;39.38,-109.92;
#4:
>0:58.52,-85.02;54.17,-28.39;49.45,-35.65;51.49,47.58;42.8,40.55;
#5:
>0:49.04,-52.42;45.61,-32.68;
#6:
>0:43.93,138.01;40.83,48.47;34.82,43.98;41.5,17.98;36.53,-60.5;42.03,-108.82;
#7:
>0:42.68,62.69;39.0,39.65;35.92,-62.03;
#8:
>0:48.69,79.77;44.4,43.96;44.43,3.6;39.59,15.77;35.0,-46.09;39.36,-120.23;
#9:
>0:40.0,146.55;41.15,28.24;46.53,1.24;43.24,25.36;42.87,-90.4;
#10:
>0:50.35,27.41;50.66,47.98;
#11:
>0:47.09,-84.55;44.29,-120.29;
#12:
>0:62.41,22.7;62.23,-45.85;59.15,-65.32;61.94,-106.83;
#13:
>0:57.57,-32.7;62.23,10.4;60.06,58.7;
#14:
>0:61.96,106.16;57.95,28.61;58.49,67.33;58.8,26.5;54.43,-76.2;
#15:
>0:51.75,17.27;49.67,25.55;
#16:
>0:61.02,-95.88;57.61,-121.7;52.05,-110.61;48.11,-143.35;
#17:
>0:62.79,-2.77;53.64,-50.08;50.13,-61.6;48.1,-45.4;
#18:
>0:54.89,56.35;53.37,32.21;48.37,-57.1;
#19:
>0:48.23,81.44;51.68,103.04;54.89,81.67;
#20:
>0:50.67,25.96;48.35,-34.95;39.54,-98.98;38.9,-138.35;
