#0:
>0:53.58,42.74;51.76,1.65;49.45,-21.76;
#1:
>0:48.3,-1.48;40.14,55.49;51.95,108.86;
#2:
>0:57.38,-145.7;49.34,-97.48;45.58,-46.52;39.36,-99.26;35.38,19.63;
#3:
>0:56.65,-3.65;54.36,-29.93;58.87,-41.22;57.73,-144.37;
#4:
>0:45.56,-70.48;51.3,-147.77;58.01,-123.86;60.12,-131.68;
#5:
>0:61.06,28.44;54.43,25.68;53.96,-21.64;58.49,-24.23;55.5,-140.21;
#6:
>0:49.38,-10.53;48.96,-14.72;
#7:
>0:43.54,62.88;40.79,-4.54;46.4,20.23;55.18,-24.15;
#8:
>0:59.49,-151.06;53.52,-78.76;54.87,-36.33;56.81,11.34;54.67,66.23;55.15,97.05;
#9:
>0:51.14,1.61;49.66,-8.05;
#10:
>0:37.27,80.51;37.46,39.44;36.2,-6.01;34.57,-26.13;
#11:
>0:47.49,-60.01;49.0,0.8;53.89,54.53;
#12:
>0:37.24,20.75;43.59,18.51;48.49,-23.27;
#13:
>0:39.25,110.8;38.83,31.47;40.83,15.92;
#14:
>0:39.78,-93.53;47.01,-45.13;42.44,15.42;44.32,48.51;44.45,106.48;
#15:
>0:61.48,68.61;59.57,26.82;
#16:
>0:46.16,-147.45;51.9,-125.27;
#17:
>0:43.27,60.04;40.04,16.99;44.01,-1.31;56.8,-49.46;
#18:
>0:61.14,70.85;54.71,24.3;56.0,-48.39;60.13,-49.42;49.51,-114.39;
#19:
>0:38.43,104.16;37.73,49.58;44.28,34.53;
#20:
>0:47.17,26.2;39.86,67.09;35.63,12.93;
