#0:
>0:39.62,-38.71;44.68,-68.41;49.77,-23.35;56.37,27.31;
#1:
>0:39.05,3.31;44.73,-18.98;49.65,-42.8;54.67,50.72;
#2:
>0:49.86,-79.47;45.77,-136.0;40.84,-96.34;37.82,-133.68;
#3:
>0:50.76,54.54;55.9,7.16;54.1,-55.03;
#4:
>0:50.83,-64.89;47.29,-36.27;
#5:
>0:51.45,12.16;52.44,-3.69;
#6:
>0:34.86,104.66;42.39,64.93;39.93,110.5;46.21,76.51;56.83,98.33;
#7:
>0:61.76,110.55;57.81,74.1;53.07,88.63;45.48,107.43;42.6,74.79;35.24,105.08;
#8:
>0:55.44,-144.35;55.01,-81.89;57.74,-56.64;51.31,-44.86;51.75,1.34;55.51,109.03;
#9:
>0:47.11,81.82;48.41,55.33;51.05,8.75;46.38,-35.73;
#10:
>0:44.94,-141.45;52.41,-87.51;49.54,-31.5;61.39,-67.67;
#11:
>0:43.64,44.24;34.59,8.55;
#12:
>0:53.07,-92.18;52.62,-23.42;49.51,0.03;47.19,44.61;
#13:
>0:41.21,76.48;40.43,75.86;
#14:
>0:42.69,18.32;48.61,1.49;48.3,-28.55;53.25,-31.06;58.72,-48.69;
#15:
>0:57.61,-74.75;50.97,-124.81;45.76,-88.41;40.17,-133.53;
#16:
>0:38.76,-47.59;39.72,-70.76;46.57,-122.84;52.05,-131.31;
#17:
>0:58.21,33.94;50.94,9.5;47.13,15.22;44.77,-44.23;38.28,-94.23;
#18:
>0:45.05,-140.87;40.68,-85.32;
#19:
>0:53.28,20.72;55.31,5.9;56.01,-19.93;56.24,-121.59;
#20:
>0:62.41,57.9;59.99,14.05;50.25,-6.67;
