#0:
>0:46.04,-125.16;52.78,-106.78;58.03,-132.01;61.21,-129.48;
#1:
>0:43.72,97.2;44.17,61.69;50.66,36.75;
#2:
>0:37.73,-19.44;42.0,-16.57;
#3:
>0:62.87,-40.26;54.83,19.08;52.23,-37.99;48.56,-4.86;41.23,17.73;
#4:
>0:54.2,66.1;51.82,25.85;48.52,82.61;
#5:
>0:41.96,22.99;40.09,-53.07;40.03,-85.53;
#6:
>0:42.55,32.97;44.27,90.59;51.77,71.82;55.21,3.53;
#7:
>0:42.57,-53.96;44.55,6.38;50.01,42.86;
#8:
>0:55.01,-28.66;48.98,-52.69;51.49,-122.6;
#9:
>0:57.16,78.09;49.84,70.11;47.04,46.07;39.62,90.08;
#10:
>0:45.17,-8.89;52.36,23.91;51.51,-98.51;
#11:
>0:54.51,14.71;49.0,-34.88;45.72,59.66;
#12:
>0:61.28,-40.57;54.68,-14.97;57.13,71.68;52.73,4.16;48.2,64.19;34.44,54.02;
#13:
>0:57.44,87.55;62.28,73.96;54.62,50.33;49.6,-55.73;
#14:
>0:49.74,76.56;46.52,73.4;40.26,76.74;38.51,144.0;
#15:
>0:53.13,41.99;49.18,29.98;
#16:
>0:36.51,-72.56;43.62,-84.72;47.78,-99.08;51.91,-40.74;57.89,-44.86;
#17:
>0:52.77,-99.38;48.06,-31.67;48.19,21.32;43.64,63.59;41.22,85.69;
#18:
>0:52.49,27.72;44.85,34.44;41.69,13.86;45.41,-74.07;
#19:
>0:42.11,44.4;41.03,-16.86;45.3,34.96;52.78,5.53;61.56,-10.09;
#20:
>0:60.55,107.56;54.43,112.53;52.05,82.57;47.42,89.88;43.24,104.31;38.58,121.93;
