#0:
>0:37.85,-28.29;42.06,-15.54;46.72,31.44;47.46,96.35;57.97,37.95;
#1:
>0:34.48,-114.07;40.97,-107.98;
#2:
>0:52.47,97.06;44.84,57.38;42.64,11.62;42.72,-35.78;35.48,-71.13;
#3:
>0:45.16,-85.07;46.38,-128.88;
#4:
>0:37.35,99.51;38.56,134.25;
#5:
>0:55.16,-58.49;60.21,21.34;
#6:
>0:55.84,75.16;51.87,57.61;48.26,57.79;42.83,28.48;
#7:
>0:44.67,88.47;47.02,65.93;
#8:
>0:57.9,-73.51;52.26,-101.94;44.96,-104.56;
#9:
>0:50.61,-26.69;52.83,-33.23;
#10:
>0:44.73,-14.77;49.98,-42.27;54.31,-81.92;
#11:
>0:42.35,132.16;45.22,41.71;49.54,62.64;56.03,22.17;59.65,-83.37;
#12:
>0:39.1,-53.79;43.4,-55.82;
#13:
>0:41.4,1.32;43.24,-22.8;42.27,-99.88;
#14:
>0:51.68,-56.86;51.82,-25.77;
#15:
>0:35.36,-110.01;36.22,-100.58;42.53,-49.41;44.66,-59.18;58.12,-112.62;
#16:
>0:45.64,19.63;52.22,-16.76;56.33,3.52;60.23,9.66;
#17:
>0:36.83,131.95;37.19,35.84;37.36,5.86;36.93,-38.29;
#18:
>0:43.5,-71.99;47.61,-71.12;52.47,-103.64;50.88,-50.94;61.49,-68.66;
#19:
>0:60.53,-105.25;56.78,-133.2;49.64,-140.24;47.65,-125.57;
#20:
>0:44.0,-145.76;41.37,-92.43;38.78,-73.11;36.13,24.81;
