#0:
>0:62.11,114.75;59.42,59.12;55.4,-3.13;59.28,-30.17;63.0,-74.6;55.47,-132.25;
#1:
>0:54.54,-81.89;57.45,-24.78;
#2:
>0:56.82,-121.97;54.64,-127.13;
#3:
>0:51.41,65.44;57.86,81.03;60.49,18.43;
#4:
>0:35.02,-99.3;38.28,-128.4;
#5:
>0:38.48,-109.89;39.48,-100.09;45.07,-75.17;37.76,-10.72;
#6:
>0:51.24,-100.39;54.72,-103.84;62.76,-26.24;
#7:
>0:41.65,67.57;41.16,10.74;40.87,-47.7;46.91,-100.43;
#8:
>0:58.76,-43.59;56.83,-23.98;51.08,13.91;57.24,108.26;
#9:
>0:60.68,15.72;55.75,61.23;50.13,79.64;44.58,100.53;
#10:
>0:41.35,110.15;46.96,82.88;47.96,39.07;51.92,21.27;60.09,-22.67;
#11:
>0:51.71,-113.35;48.32,-74.76;39.87,-48.82;
#12:
>0:61.13,-14.99;56.46,-59.81;60.97,-94.57;51.83,-111.04;
#13:
>0:50.81,88.19;44.71,67.74;48.77,34.45;57.41,9.15;61.31,-41.3;56.27,-117.05;
#14:
>0:39.14,-26.97;45.28,-69.34;50.32,-133.57;
#15:
>0:41.14,-64.89;46.51,-146.39;52.32,-146.01;
#16:
>0:55.88,109.68;60.41,31.01;50.19,39.49;
#17:
>0:56.0,46.94;54.99,88.82;
#18:
>0:60.71,74.66;60.24,69.13;
#19:
>0:43.23,-150.94;40.57,-88.38;44.35,-67.69;49.51,-32.7;45.0,71.65;
#20:
>0:47.96,-116.1;44.03,-65.4;
