#0:
>0:34.28,48.54;38.65,137.61;48.12,47.34;
#1:
>0:35.32,-26.52;40.71,-4.15;46.32,58.38;45.52,108.88;
#2:
>0:48.8,39.34;57.39,67.92;49.12,43.61;52.12,-18.28;59.51,-110.13;
#3:
>0:39.05,66.65;44.7,20.69;50.6,10.91;56.14,17.77;
#4:
>0:44.63,-40.21;42.43,13.34;
#5:
>0:56.47,-74.22;51.13,-44.19;48.34,21.24;41.82,20.51;
#6:
>0:35.33,50.85;37.0,42.5;
#7:
>0:62.47,9.85;62.54,58.5;57.0,94.58;51.74,83.87;41.81,114.04;
#8:
>0:61.74,-111.38;58.77,-146.61;
#9:
>0:44.48,104.78;40.3,61.41;39.99,12.97;34.33,-33.03;41.13,-93.04;
#10:
>0:53.31,-62.88;45.64,-26.29;40.59,-10.39;36.29,41.84;
#11:
>0:50.48,22.5;56.58,46.67;61.4,70.31;
#12:
>0:46.59,-99.98;39.7,-35.51;38.35,25.58;36.41,49.99;
#13:
>0:45.72,-91.23;48.89,-103.94;49.77,-17.67;60.79,-41.45;
#14:
>0:52.54,83.53;50.36,38.97;
#15:
>0:49.53,70.56;47.27,21.12;48.54,-29.28;43.82,-99.14;52.06,-115.28;
#16:
>0:49.93,-119.6;48.08,-69.12;
#17:
>0:51.43,-110.22;51.71,-104.93;51.92,-38.96;49.66,23.27;49.96,57.7;
#18:
>0:55.62,-91.87;53.24,-26.29;44.26,21.9;
#19:
>0:39.59,-88.23;39.07,-44.52;35.52,-49.51;42.47,39.56;
#20:
>0:40.32,97.11;42.28,113.02;
