#0:
>0:53.31,-69.74;44.74,-132.13;47.14,-78.77;34.35,-44.98;
#1:
>0:45.38,17.53;49.0,30.16;55.76,8.6;61.86,16.05;
#2:
>0:54.09,-61.91;62.91,-44.14;
#3:
>0:43.36,-94.84;42.46,-111.0;
#4:
>0:42.2,28.97;44.17,11.06;49.6,36.38;57.06,65.87;61.78,93.77;
#5:
>0:41.68,-132.79;48.05,-123.54;47.19,-22.14;
#6:
>0:49.52,40.95;49.2,13.12;42.27,32.9;
#7:
>0:55.09,107.54;52.91,66.83;55.42,24.24;49.76,-18.42;61.24,-99.6;
#8:
>0:42.18,18.59;47.4,-58.59;49.9,-85.56;57.01,-137.03;
#9:
>0:34.43,57.16;39.59,-6.0;48.12,-57.57;50.49,-78.44;55.48,-120.59;59.53,-121.08;
#10:
>0:34.25,52.7;41.02,15.32;47.44,-43.6;
#11:
>0:44.38,-87.98;51.41,-85.61;52.39,-41.24;57.32,57.7;
#12:
>0:55.03,52.03;57.07,3.86;51.16,-22.77;44.95,-39.91;38.97,-60.3;
#13:
>0:45.58,41.11;49.66,-6.84;51.7,-32.9;49.13,-89.28;
#14:
>0:60.1,-111.31;58.87,-104.76;54.19,-67.01;46.82,-99.05;
#15:
>0:40.15,12.62;45.82,-28.08;
#16:
>0:44.4,73.6;50.33,78.07;56.05,53.73;
#17:
>0:42.33,78.94;44.33,66.19;48.79,17.68;52.92,-38.57;56.81,-76.68;58.2,-133.74;
#18:
>0:49.93,88.84;46.99,81.94;42.62,24.83;
#19:
>0:61.39,-148.09;59.88,-82.95;55.54,-91.89;48.6,-89.13;
#20:
>0:40.29,66.78;34.6,103.18;
