#0:
>0:52.23,-15.74;51.48,10.24;
#1:
>0:59.09,-143.12;62.64,-120.73;
#2:
>0:50.21,-38.02;46.11,-35.66;45.1,-141.03;
#3:
>0:61.12,58.59;60.57,13.34;53.49,-18.84;44.53,-59.38;
#4:
>0:43.95,-34.69;39.54,-105.75;
#5:
>0:58.43,-64.95;53.99,-54.14;51.42,-61.82;44.1,15.86;40.43,28.79;34.33,42.58;
#6:
>0:54.91,-23.72;56.81,-65.86;
#7:
>0:60.26,-7.01;56.28,-21.01;49.89,-49.48;45.89,9.89;43.06,27.4;36.31,116.3;
#8:
>0:41.51,-65.4;43.8,-35.34;37.74,-33.86;37.85,21.84;40.55,74.02;
#9:
>0:48.44,-83.03;48.88,-46.8;50.96,8.74;49.29,71.11;50.03,107.78;
#10:
>0:60.66,76.52;55.66,99.4;55.37,30.25;49.56,32.9;44.05,3.98;34.68,-18.67;
#11:
>0:49.06,-20.34;47.59,-13.43;41.93,64.38;41.39,100.47;
#12:
>0:50.38,-118.22;47.7,-62.46;45.76,-47.66;45.98,-6.19;44.04,33.21;
#13:
>0:52.95,-29.18;48.38,-26.4;44.62,-117.21;
#14:
>0:35.32,-40.53;39.34,-74.19;43.79,-109.89;
#15:
>0:58.75,-25.47;53.9,23.25;52.97,42.16;46.47,67.85;
#16:
>0:51.95,65.32;50.71,25.47;41.77,61.93;
#17:
>0:50.43,-103.08;57.45,-36.06;
#18:
>0:60.62,-6.33;53.68,18.52;
#19:
>0:35.71,73.44;40.57,54.65;46.91,33.57;49.75,-3.39;57.23,83.59;
#20:
>0:57.88,-104.02;49.69,-114.77;47.94,-85.73;39.03,-104.51;
