#0:
>0:52.17,45.17;57.64,45.8;58.68,66.45;
#1:
>0:43.07,11.02;47.69,-41.7;47.39,-63.27;
#2:
>0:34.89,-85.89;34.95,-58.37;35.34,6.75;
#3:
>0:42.13,-35.62;35.98,-86.4;34.53,-124.0;
#4:
>0:51.71,49.51;45.19,21.45;40.06,35.78;
#5:
>0:60.29,23.42;56.6,64.39;48.74,114.68;45.5,77.26;40.11,114.46;37.38,86.97;
#6:
>0:50.72,76.13;49.07,56.25;
#7:
>0:39.09,-126.55;45.59,-74.47;50.2,-54.49;54.14,3.71;56.9,59.68;
#8:
>0:51.34,-95.58;45.59,-53.94;47.84,-17.27;
#9:
>0:62.6,105.13;60.06,71.34;56.62,100.09;46.23,35.81;
#10:
>0:37.8,-130.91;43.49,-99.2;44.52,-25.98;52.63,35.32;56.97,29.65;56.96,91.75;
#11:
>0:61.01,-87.1;59.0,-20.34;50.77,-56.47;
#12:
>0:53.62,-63.58;49.85,-137.59;44.1,-107.68;
#13:
>0:36.09,6.23;42.94,-31.4;44.28,-92.87;49.12,-113.78;55.16,-149.75;62.63,-91.95;
#14:
>0:60.62,-132.26;58.32,-89.97;58.0,-69.7;48.59,-100.08;
#15:
>0:51.1,5.01;44.11,38.37;
#16:
>0:48.1,-16.33;42.19,12.53;46.73,-42.91;34.26,-122.17;
#17:
>0:37.05,115.68;40.41,40.81;43.67,19.49;44.06,-50.53;56.88,41.99;
#18:
>0:41.37,105.98;35.6,60.07;
#19:
>0:58.94,-22.06;57.47,21.01;52.13,70.95;
#20:
>0:42.72,-131.43;35.18,-115.6;37.47,-70.4;39.72,-61.51;39.29,12.21;43.37,112.98;
