#0:
>0:34.03,117.21;34.39,117.36;35.02,117.15;34.83,116.69;34.75,116.49;36.84,116.17;
#1:
>0:33.17,117.36;34.82,117.01;35.51,117.04;
#2:
>0:35.45,116.38;36.15,116.09;
#3:
>0:40.15,116.36;40.54,116.41;
#4:
>0:38.8,116.51;38.43,116.3;37.09,116.33;34.96,116.79;
#5:
>0:39.97,117.06;38.1,116.77;38.19,116.5;
#6:
>0:38.77,116.26;38.74,116.19;
#7:
>0:38.07,116.17;36.97,116.38;35.93,116.48;35.19,116.9;35.55,116.96;37.94,117.39;
#8:
>0:41.06,116.49;40.16,116.42;
#9:
>0:35.25,117.12;33.92,116.74;
#10:
>0:40.78,116.34;39.79,116.43;38.32,116.29;36.86,116.27;35.38,116.29;
#11:
>0:39.2,117.24;37.24,117.11;35.82,116.79;34.61,116.71;36.66,116.23;
#12:
>0:38.98,115.99;37.72,116.29;35.78,116.59;34.96,116.71;36.05,117.1;35.2,117.3;
#13:
>0:39.7,116.45;39.06,116.82;37.19,117.0;35.8,117.39;34.46,117.03;
#14:
>0:35.2,116.28;34.24,116.28;
#15:
>0:38.24,116.5;37.69,116.68;37.8,117.09;36.69,117.16;
#16:
>0:39.94,116.02;38.09,116.02;37.34,116.4;35.84,116.44;34.54,116.03;
#17:
>0:40.57,116.34;40.82,116.39;
#18:
>0:37.92,116.78;35.98,116.44;34.93,116.19;35.77,116.18;
#19:
>0:40.47,116.22;40.79,116.35;
#20:
>0:33.68,116.85;33.91,117.03;
#21:
>0:33.29,116.7;35.3,116.72;35.72,116.63;37.92,116.42;38.3,116.14;40.22,116.17;
#22:
>0:38.58,116.65;38.37,116.78;38.71,117.08;
#23:
>0:35.96,116.77;37.61,116.59;
#24:
>0:34.11,116.44;35.01,116.23;34.56,116.01;
#25:
>0:37.86,116.7;37.99,117.12;38.43,117.18;
#26:
>0:39.41,116.02;39.0,115.99;
#27:
>0:40.77,116.39;40.18,116.41;
#28:
>0:38.85,116.12;38.62,116.01;
#29:
>0:35.26,117.2;34.36,117.12;35.29,116.72;35.35,116.56;35.65,116.51;35.35,116.13;
#30:
>0:38.51,116.7;36.8,116.56;36.74,116.7;35.23,116.39;
#31:
>0:40.05,116.37;40.68,116.43;
#32:
>0:36.77,117.32;36.36,117.25;34.75,117.02;34.32,116.82;35.99,116.43;38.68,116.12;
#33:
>0:34.78,117.34;35.96,117.04;37.08,116.79;
#34:
>0:34.12,116.93;34.65,116.97;
#35:
>0:38.57,116.47;37.94,116.86;37.71,117.08;37.8,117.23;
#36:
>0:39.39,116.65;39.87,116.91;39.24,117.15;
#37:
>0:37.43,116.04;38.39,116.35;36.88,116.62;38.58,116.48;39.12,116.79;38.57,117.38;
#38:
>0:40.56,116.49;40.43,116.22;
#39:
>0:39.02,116.35;37.94,116.62;38.36,116.74;
#40:
>0:40.56,116.36;40.07,116.5;
#41:
>0:40.07,116.49;38.61,115.98;36.88,116.03;35.61,115.99;
#42:
>0:37.05,116.64;38.35,116.19;
#43:
>0:34.94,117.12;33.49,116.9;
#44:
>0:37.25,117.15;37.46,116.83;37.14,116.5;
#45:
>0:37.6,115.97;36.67,116.28;37.39,116.31;35.64,116.46;35.39,116.91;35.72,117.24;
#46:
>0:39.98,116.42;40.79,116.53;
#47:
>0:38.91,116.14;37.21,116.27;36.63,116.49;34.87,116.88;34.75,116.99;
#48:
>0:39.54,116.52;39.05,116.82;37.94,117.08;37.32,117.19;36.1,117.34;33.06,117.16;
#49:
>0:36.32,116.91;37.76,116.53;38.41,116.26;40.13,115.97;
#50:
>0:40.43,116.41;39.37,116.54;40.17,116.74;
#51:
>0:39.23,116.6;38.05,116.37;38.59,116.51;37.78,116.68;34.49,116.85;
#52:
>0:39.66,116.06;38.84,116.06;37.15,116.23;36.22,116.45;34.26,115.98;
#53:
>0:40.33,116.34;40.45,116.41;
#54:
>0:39.44,117.27;38.82,117.37;37.3,116.93;35.97,117.22;35.09,116.79;
#55:
>0:40.07,117.19;38.76,117.23;37.66,117.02;36.5,117.36;34.32,117.01;
#56:
>0:36.75,116.8;36.28,116.57;34.76,116.63;37.34,116.0;
#57:
>0:37.38,116.9;36.42,116.45;34.24,116.19;35.91,116.14;
#58:
>0:40.57,116.44;40.2,116.42;
#59:
>0:36.93,117.38;36.29,117.39;34.52,117.39;
#60:
>0:40.48,116.3;40.76,116.52;
#61:
>0:36.94,116.39;39.13,116.01;40.24,116.52;
#62:
>0:40.24,116.46;40.78,116.42;
#63:
>0:35.1,116.96;35.44,116.8;36.77,116.47;38.31,116.55;
#64:
>0:40.08,116.3;40.23,116.23;
#65:
>0:34.81,116.07;35.95,116.24;36.9,116.35;35.96,116.45;36.34,117.0;
#66:
>0:34.58,116.76;34.51,116.45;35.77,116.47;33.23,116.08;
#67:
>0:34.72,116.19;35.3,116.3;
#68:
>0:40.24,116.4;40.87,116.32;
#69:
>0:37.94,116.85;36.0,117.16;35.98,117.35;
