#0:
>0:34.15,116.28;34.43,116.67;36.05,116.7;37.55,117.12;
#1:
>0:34.2,116.42;34.87,116.63;33.31,116.79;36.06,117.12;
#2:
>0:35.47,116.4;36.56,116.55;36.34,116.84;
#3:
>0:36.42,116.49;36.77,116.22;
#4:
>0:39.4,116.26;39.63,116.25;
#5:
>0:33.33,117.3;34.32,117.28;
#6:
>0:33.46,116.25;34.29,116.6;36.22,116.78;37.86,117.13;37.88,117.24;
#7:
>0:37.23,117.03;35.87,116.87;36.24,116.62;35.07,116.34;35.06,115.99;
#8:
>0:38.6,116.77;40.43,116.56;38.22,116.49;39.52,116.17;
#9:
>0:39.48,116.42;40.38,116.39;
#10:
>0:35.81,116.7;35.22,116.78;35.6,116.31;
#11:
>0:38.91,116.87;38.96,117.04;
#12:
>0:39.46,116.42;39.95,116.34;
#13:
>0:34.89,116.78;35.56,116.64;37.2,116.89;37.17,116.94;39.95,116.83;
#14:
>0:40.41,116.15;38.68,116.29;36.74,116.53;
#15:
>0:39.59,116.3;39.78,116.33;
#16:
>0:33.76,117.39;33.87,117.39;
#17:
>0:38.48,116.02;37.26,116.06;
#18:
>0:35.88,116.32;36.18,116.56;36.45,116.84;
#19:
>0:39.22,116.23;40.1,116.31;
#20:
>0:35.45,116.07;36.76,116.29;38.09,116.51;
#21:
>0:39.89,116.21;40.25,116.25;
#22:
>0:39.42,116.23;40.14,116.24;
#23:
>0:38.04,116.51;37.0,116.68;36.81,116.97;
#24:
>0:39.98,116.33;40.08,116.38;
#25:
>0:33.53,116.03;34.45,116.41;36.18,116.58;
#26:
>0:36.99,115.96;35.91,116.03;35.05,115.97;33.67,116.07;
#27:
>0:39.94,116.21;39.27,116.4;
#28:
>0:39.16,116.44;37.94,116.75;37.82,116.99;
#29:
>0:33.54,115.95;35.03,116.1;36.1,115.95;37.02,115.97;
#30:
>0:33.85,116.68;35.0,116.86;36.65,117.12;
#31:
>0:39.43,116.47;38.72,116.88;
#32:
>0:34.69,117.1;35.88,117.21;37.67,117.29;
#33:
>0:37.32,116.78;35.65,117.02;35.25,116.95;
#34:
>0:40.23,116.19;39.7,116.2;
#35:
>0:34.63,116.28;36.15,116.65;37.52,116.91;38.44,117.15;36.71,117.21;
#36:
>0:38.33,117.28;39.31,117.15;38.61,116.9;39.39,116.66;38.18,116.19;35.72,116.02;
#37:
>0:40.32,116.38;39.29,116.28;
#38:
>0:39.12,116.87;40.34,116.8;38.02,117.17;
#39:
>0:39.11,116.83;37.43,116.59;38.76,116.44;38.15,116.01;
#40:
>0:38.17,117.4;38.72,117.11;39.01,116.91;39.94,116.45;38.35,116.67;38.86,116.01;
#41:
>0:36.12,117.34;34.5,117.13;35.48,116.95;35.17,116.51;
#42:
>0:34.4,115.97;36.38,116.22;37.81,116.58;38.47,116.85;39.54,117.14;
#43:
>0:40.26,116.32;39.29,116.29;
#44:
>0:35.63,115.94;34.43,116.23;34.49,116.61;34.05,116.76;34.63,116.71;33.06,117.25;
#45:
>0:36.32,116.41;36.01,116.65;35.52,116.85;
#46:
>0:34.68,117.04;33.06,117.3;
#47:
>0:35.09,117.35;34.25,117.34;
#48:
>0:36.2,117.03;36.22,116.82;37.43,116.51;39.09,116.65;39.41,116.02;
#49:
>0:39.49,116.76;38.86,116.52;37.66,116.23;36.84,116.08;35.34,116.18;
#50:
>0:40.34,116.21;40.04,116.36;
#51:
>0:37.39,117.02;36.47,116.73;34.31,116.49;
#52:
>0:40.35,116.22;40.29,116.21;
#53:
>0:34.2,116.86;33.79,116.69;33.04,117.33;
#54:
>0:40.25,116.25;39.96,116.25;
#55:
>0:37.12,117.2;35.96,117.37;35.02,117.09;33.97,116.85;
#56:
>0:40.35,116.4;39.33,116.25;
#57:
>0:38.01,116.87;37.77,116.45;38.19,116.25;
#58:
>0:33.01,116.84;35.22,116.8;35.59,116.6;37.16,117.05;
#59:
>0:33.98,117.25;33.3,117.26;
#60:
>0:35.66,117.34;35.32,117.14;34.88,116.74;33.73,116.46;
#61:
>0:39.73,116.2;40.12,116.25;
#62:
>0:33.15,116.77;34.06,116.66;33.62,116.24;
#63:
>0:39.26,116.28;39.61,116.36;
#64:
>0:35.66,116.69;37.81,116.63;
#65:
>0:34.94,116.8;33.68,116.54;
#66:
>0:36.6,117.0;35.63,116.84;37.57,116.67;38.34,116.47;39.38,116.05;
#67:
>0:39.44,116.27;39.22,116.27;
#68:
>0:39.7,116.35;39.39,116.23;
#69:
>0:33.58,116.37;34.74,116.29;35.74,116.23;36.73,116.29;
