#0:
>0:37.11,116.93;36.15,116.8;
#1:
>0:39.92,116.42;40.13,116.32;
#2:
>0:38.52,116.6;37.62,116.51;40.08,117.0;
#3:
>0:33.14,116.58;34.06,116.23;36.08,116.54;
#4:
>0:40.22,116.72;39.71,116.65;38.59,116.19;37.16,116.09;35.91,116.14;34.01,116.18;
#5:
>0:37.14,117.18;37.26,116.92;37.26,116.77;36.25,116.63;33.44,116.39;
#6:
>0:37.09,117.15;36.65,116.97;35.01,116.96;33.36,117.1;
#7:
>0:37.44,116.14;38.61,116.33;40.32,116.43;40.37,116.88;36.83,116.95;
#8:
>0:33.92,116.99;34.92,116.83;35.31,117.15;37.18,117.16;
#9:
>0:37.21,117.05;36.76,116.69;35.11,116.74;
#10:
>0:33.22,116.5;34.25,116.25;35.61,116.18;37.25,116.16;38.82,116.33;40.67,116.49;
#11:
>0:36.1,116.63;37.03,116.91;38.11,116.92;
#12:
>0:40.21,116.23;39.31,115.97;
#13:
>0:39.06,116.87;39.22,117.02;
#14:
>0:40.15,116.62;39.55,116.74;39.15,116.91;38.58,117.32;
#15:
>0:38.06,116.84;37.31,117.03;36.88,117.22;
#16:
>0:34.75,117.33;34.47,117.08;36.5,116.94;36.46,116.82;35.09,116.55;35.31,116.12;
#17:
>0:40.52,116.24;40.52,116.26;
#18:
>0:39.88,117.07;38.54,116.78;37.62,116.65;35.86,116.61;35.1,116.61;32.99,116.09;
#19:
>0:37.84,116.92;37.24,116.75;34.7,116.75;
#20:
>0:40.41,116.38;40.0,116.26;
#21:
>0:33.51,116.19;33.17,116.59;34.17,116.89;33.25,116.97;
#22:
>0:40.27,116.34;40.98,116.31;
#23:
>0:37.32,116.1;36.32,116.37;35.39,116.32;
#24:
>0:36.52,116.83;37.65,117.06;38.2,117.17;
#25:
>0:37.29,116.56;38.35,116.82;39.3,117.09;
#26:
>0:35.89,116.49;37.31,116.2;38.91,116.13;
#27:
>0:38.94,116.22;36.73,116.25;36.61,116.03;
#28:
>0:34.94,116.04;36.53,116.39;37.24,116.36;39.1,116.35;
#29:
>0:35.68,117.27;37.33,116.96;38.11,116.71;
#30:
>0:40.35,116.31;38.77,116.31;36.9,116.28;37.1,116.16;36.13,116.09;33.16,115.95;
#31:
>0:39.87,116.38;40.58,116.28;
#32:
>0:37.1,116.09;36.29,116.01;35.26,116.15;33.42,116.5;
#33:
>0:33.11,116.52;34.41,116.34;36.46,116.12;37.5,116.01;38.43,116.24;40.02,116.41;
#34:
>0:36.82,116.35;37.83,116.06;34.34,116.27;
#35:
>0:38.35,116.48;36.86,116.65;39.3,116.95;
#36:
>0:33.66,116.22;34.71,116.62;36.26,116.76;37.33,117.11;39.15,117.11;
#37:
>0:33.74,116.26;34.68,116.62;36.28,116.72;35.97,116.94;
#38:
>0:35.0,116.88;36.05,116.45;37.35,116.21;
#39:
>0:39.0,116.88;37.83,116.59;35.7,116.42;35.76,116.07;
#40:
>0:37.31,116.29;36.95,116.61;35.98,116.52;34.78,116.94;
#41:
>0:33.37,116.98;34.13,116.72;33.16,116.51;33.4,116.2;
#42:
>0:39.15,117.15;37.23,116.87;36.03,116.44;35.36,116.27;
#43:
>0:40.0,116.27;40.7,116.45;
#44:
>0:34.3,116.32;36.21,115.98;37.26,116.13;39.11,116.26;39.94,116.31;
#45:
>0:39.61,117.27;38.82,117.12;37.25,117.3;37.0,117.02;34.52,117.03;
#46:
>0:40.83,116.35;40.73,116.32;
#47:
>0:39.93,116.24;40.09,116.22;
#48:
>0:37.56,116.73;36.54,116.71;34.18,116.69;33.02,116.79;
#49:
>0:34.06,117.13;34.18,117.18;36.25,117.23;37.1,117.29;38.07,117.24;40.23,117.16;
#50:
>0:39.74,117.1;38.34,116.76;36.84,116.57;36.02,116.6;35.05,116.56;34.09,116.02;
#51:
>0:40.33,116.05;40.41,116.41;
#52:
>0:33.11,116.7;33.07,116.66;35.03,116.48;35.54,116.67;38.81,116.79;
#53:
>0:36.57,116.25;37.04,116.04;
#54:
>0:37.65,117.04;37.2,116.77;34.27,116.83;
#55:
>0:33.44,116.47;34.74,116.33;35.52,115.98;37.37,116.09;38.96,116.2;40.07,116.2;
#56:
>0:34.24,117.33;35.0,117.09;36.52,116.89;
#57:
>0:40.27,116.88;39.0,116.78;37.92,116.89;
#58:
>0:37.88,116.37;38.52,116.3;40.41,116.41;
#59:
>0:33.46,116.26;34.36,116.5;35.98,116.81;37.04,117.03;
#60:
>0:38.02,116.81;37.0,117.13;37.57,116.75;35.01,117.09;
#61:
>0:38.57,116.76;37.47,116.49;36.83,116.39;
#62:
>0:40.07,116.33;40.4,116.26;
#63:
>0:39.91,116.04;38.83,116.34;39.92,116.56;39.95,116.78;39.5,116.98;
#64:
>0:35.63,116.64;35.34,116.48;33.88,116.17;
#65:
>0:32.93,116.35;35.1,116.55;35.85,116.63;37.14,116.29;38.89,115.98;39.51,115.97;
#66:
>0:38.25,116.55;38.72,116.69;39.12,116.94;
#67:
>0:33.64,116.81;34.35,116.8;36.1,117.31;
#68:
>0:38.87,116.91;39.51,117.07;
#69:
>0:40.5,116.32;40.89,116.26;
