#0:
>0:35.46,117.03;37.46,116.91;36.77,116.66;35.69,116.2;37.5,116.09;
#1:
>0:36.74,117.3;37.03,116.98;38.16,117.11;39.47,116.91;38.5,116.33;
#2:
>0:33.37,116.79;33.3,116.64;34.84,116.28;36.88,115.97;
#3:
>0:39.48,116.26;39.46,116.31;
#4:
>0:32.98,116.84;34.47,116.99;35.7,117.0;37.19,116.9;39.04,116.93;
#5:
>0:38.11,117.1;38.27,116.91;37.11,116.52;40.31,116.33;
#6:
>0:36.86,117.08;37.1,116.89;36.1,116.77;33.31,116.46;
#7:
>0:32.96,117.2;35.05,117.37;34.27,117.15;36.63,116.75;34.86,116.34;
#8:
>0:39.5,116.3;39.59,116.19;
#9:
>0:36.32,117.28;35.06,116.99;33.94,116.72;
#10:
>0:34.75,116.69;36.49,116.47;37.71,116.39;38.09,116.41;
#11:
>0:39.69,116.41;40.12,116.39;
#12:
>0:35.01,116.33;36.12,116.64;36.73,116.51;38.8,116.37;
#13:
>0:40.12,116.34;39.38,116.31;
#14:
>0:40.45,116.34;39.48,116.28;
#15:
>0:36.72,117.02;36.51,116.71;34.92,116.63;33.28,116.41;
#16:
>0:39.95,116.38;39.8,116.2;
#17:
>0:39.07,116.27;39.09,116.58;37.66,116.74;35.02,117.08;
#18:
>0:37.03,116.36;37.27,116.6;35.55,116.22;32.99,116.22;
#19:
>0:36.85,116.97;36.89,117.03;
#20:
>0:34.5,116.16;35.59,116.29;36.46,116.62;37.41,116.77;40.29,117.13;
#21:
>0:39.85,116.83;38.49,117.07;39.05,116.74;37.43,116.64;34.51,116.3;
#22:
>0:40.37,116.39;40.21,116.29;
#23:
>0:35.2,117.23;36.44,116.98;
#24:
>0:38.97,116.18;37.81,116.23;37.51,116.5;35.74,116.2;33.5,116.16;
#25:
>0:38.21,116.81;38.16,116.5;
#26:
>0:39.47,116.39;39.88,116.2;
#27:
>0:39.76,116.26;38.5,115.95;37.15,116.2;36.48,116.29;
#28:
>0:34.21,115.95;35.78,116.26;34.9,116.5;37.18,116.76;
#29:
>0:38.84,117.26;36.86,117.01;36.59,116.72;
#30:
>0:38.08,117.21;37.63,117.01;35.73,116.91;34.83,116.63;35.1,116.39;35.28,116.16;
#31:
>0:38.62,117.27;37.61,117.09;37.65,116.78;37.41,116.48;36.62,116.39;37.52,116.03;
#32:
>0:34.6,117.23;35.12,117.12;35.84,116.9;35.66,116.5;37.46,116.66;35.81,115.98;
#33:
>0:39.92,116.23;39.22,116.28;
#34:
>0:39.53,117.01;38.73,117.2;
#35:
>0:40.37,116.39;40.09,116.22;
#36:
>0:39.45,117.03;38.79,116.83;37.67,116.58;35.78,116.37;34.26,116.4;33.6,116.48;
#37:
>0:38.36,116.17;38.08,116.37;36.51,116.53;
#38:
>0:40.1,116.46;38.77,116.25;39.32,116.09;
#39:
>0:36.53,116.35;36.32,116.48;35.44,116.82;
#40:
>0:37.82,116.93;36.19,116.88;34.79,116.44;33.08,116.32;
#41:
>0:34.62,116.85;36.2,116.46;37.03,116.3;38.98,116.42;
#42:
>0:37.15,116.57;38.99,116.51;37.92,116.76;35.92,117.35;
#43:
>0:36.8,117.35;37.36,117.05;40.0,117.13;
#44:
>0:39.68,116.29;39.37,116.19;
#45:
>0:36.24,116.95;37.86,116.69;38.32,116.57;
#46:
>0:39.77,116.89;39.15,117.09;38.71,116.69;36.7,116.64;35.35,116.34;
#47:
>0:40.2,117.26;38.9,117.39;
#48:
>0:35.56,117.33;37.48,117.27;37.03,116.8;
#49:
>0:39.26,116.22;39.16,116.16;36.76,116.21;36.52,116.19;
#50:
>0:39.76,116.24;40.1,116.24;
#51:
>0:34.5,116.23;36.64,116.18;37.18,116.14;38.07,115.99;
#52:
>0:39.96,116.25;39.24,116.41;
#53:
>0:39.84,116.19;39.53,116.21;
#54:
>0:37.96,117.06;38.76,116.82;
#55:
>0:39.19,116.02;37.43,116.35;37.89,116.65;36.69,116.39;33.67,116.01;
#56:
>0:40.07,116.19;39.88,116.34;
#57:
>0:36.04,117.18;35.1,117.05;33.39,116.91;
#58:
>0:33.04,116.65;34.32,116.45;35.26,116.24;36.34,116.67;38.46,116.81;
#59:
>0:37.47,117.34;39.05,116.96;
#60:
>0:37.88,117.37;37.49,116.95;37.89,116.85;36.97,116.51;36.45,116.4;37.56,116.18;
#61:
>0:37.24,117.07;38.68,116.99;
#62:
>0:39.33,116.3;38.39,115.96;37.85,116.23;36.21,116.36;
#63:
>0:39.71,116.4;40.09,116.25;
#64:
>0:38.82,116.6;38.19,116.69;37.09,116.56;36.07,116.25;33.18,116.27;
#65:
>0:40.19,116.28;39.93,116.26;
#66:
>0:33.9,117.39;33.19,117.21;
#67:
>0:34.46,116.39;35.83,116.64;37.89,116.85;36.06,117.15;37.6,117.29;
#68:
>0:36.66,116.48;36.96,116.42;38.37,115.99;
#69:
>0:39.69,116.09;40.01,116.3;
