#0:
>0:34.97,116.9;34.5,116.64;
#1:
>0:33.78,116.66;33.78,116.85;35.07,116.83;35.99,117.22;
#2:
>0:35.03,117.18;36.05,117.32;35.1,117.03;35.17,116.86;33.31,116.39;
#3:
>0:35.19,117.04;33.34,116.77;33.53,116.49;33.95,116.33;33.27,116.0;
#4:
>0:36.01,117.32;34.39,117.06;35.04,116.75;34.14,116.48;33.28,116.27;
#5:
>0:38.21,117.33;37.46,117.07;36.18,116.8;37.6,116.48;37.07,116.39;39.05,116.1;
#6:
>0:36.88,116.45;35.51,116.85;
#7:
>0:35.71,116.08;34.34,116.43;35.21,116.51;33.63,116.85;
#8:
>0:33.37,117.26;33.51,117.36;
#9:
>0:39.85,116.44;40.77,116.38;
#10:
>0:40.51,116.33;40.56,116.48;
#11:
>0:32.98,117.19;35.04,117.15;35.72,116.74;37.84,116.51;37.59,116.38;39.86,116.34;
#12:
>0:39.34,116.62;40.14,116.81;38.94,117.02;36.48,116.72;
#13:
>0:39.58,116.65;38.5,116.72;37.17,117.1;36.59,117.37;
#14:
>0:35.64,116.22;37.6,116.36;38.67,116.33;39.61,116.07;
#15:
>0:33.72,117.19;33.08,117.22;
#16:
>0:39.95,116.51;40.07,116.24;36.84,116.51;
#17:
>0:37.12,117.13;36.06,116.74;35.14,116.45;
#18:
>0:40.33,116.41;40.22,116.33;
#19:
>0:35.55,116.8;36.96,116.82;38.09,116.69;
#20:
>0:36.62,116.64;36.1,116.63;
#21:
>0:40.69,116.21;41.03,116.35;
#22:
>0:36.78,116.4;38.01,116.2;37.47,116.5;35.9,117.05;
#23:
>0:37.92,117.24;37.08,116.98;35.94,116.75;37.18,116.64;35.69,116.34;
#24:
>0:37.04,117.01;36.05,116.67;34.63,116.54;
#25:
>0:40.89,116.46;39.81,116.66;39.8,116.72;38.59,117.15;38.4,117.29;
#26:
>0:39.69,116.44;40.57,116.32;37.8,116.52;
#27:
>0:40.11,116.91;38.04,117.11;36.96,117.1;36.49,116.93;36.2,117.19;33.66,117.19;
#28:
>0:34.82,116.47;36.19,116.35;37.44,116.36;
#29:
>0:38.19,116.35;37.64,116.2;36.26,116.21;34.34,116.15;34.15,116.66;
#30:
>0:34.62,116.06;36.68,116.34;36.77,116.34;38.27,116.32;39.98,115.98;
#31:
>0:39.21,116.58;38.37,116.25;39.87,116.06;
#32:
>0:40.27,117.23;38.81,116.92;37.12,116.88;37.22,116.58;35.69,116.25;
#33:
>0:38.69,115.98;40.05,116.46;40.14,116.51;38.5,116.78;37.85,117.02;34.79,117.2;
#34:
>0:38.72,116.06;40.69,116.52;40.27,116.64;39.04,116.89;39.13,117.01;38.22,117.39;
#35:
>0:39.7,116.36;39.96,116.39;
#36:
>0:36.74,117.06;36.66,117.11;
#37:
>0:36.08,116.31;36.5,116.3;
#38:
>0:38.53,116.8;36.96,116.96;36.07,117.39;34.56,117.12;33.4,117.12;
#39:
>0:34.05,117.14;34.85,116.84;35.34,116.51;35.35,116.35;
#40:
>0:36.49,116.79;34.59,117.13;
#41:
>0:39.1,116.14;37.87,116.29;35.6,116.27;34.32,116.37;
#42:
>0:36.28,116.59;36.9,116.59;35.52,116.82;35.79,117.34;
#43:
>0:36.92,116.94;35.96,116.8;34.52,116.61;
#44:
>0:37.19,117.19;37.61,116.93;37.54,116.83;
#45:
>0:39.87,116.44;40.45,116.32;
#46:
>0:38.54,116.39;37.19,116.59;
#47:
>0:34.2,116.6;36.29,116.23;
#48:
>0:40.11,116.19;40.26,116.42;
#49:
>0:36.2,116.82;34.59,116.63;
#50:
>0:40.78,116.38;40.14,116.47;
#51:
>0:36.21,116.87;34.72,116.48;
#52:
>0:35.2,116.6;35.91,116.2;34.27,116.16;
#53:
>0:32.92,117.34;33.22,117.38;
#54:
>0:36.28,116.83;37.19,116.53;39.19,116.33;
#55:
>0:33.0,116.09;34.53,116.23;36.12,116.55;36.99,116.54;37.95,116.35;
#56:
>0:40.98,116.38;39.88,116.38;
#57:
>0:35.11,116.63;34.53,116.84;
#58:
>0:39.64,116.07;40.48,116.44;39.5,116.65;38.73,116.85;36.84,117.05;36.08,117.17;
#59:
>0:40.8,116.48;40.96,116.38;
#60:
>0:34.06,116.17;34.35,116.26;36.08,116.31;37.22,116.2;37.96,116.04;
#61:
>0:35.36,117.36;36.1,116.99;37.46,116.68;38.23,116.7;
#62:
>0:40.63,116.49;40.59,116.44;
#63:
>0:35.81,116.67;34.8,116.68;33.19,117.07;
#64:
>0:37.93,116.74;36.1,116.78;34.86,116.76;33.46,116.74;
#65:
>0:33.83,117.27;33.89,117.37;
#66:
>0:34.86,116.76;33.2,116.44;35.24,116.5;35.29,116.09;
#67:
>0:40.18,116.26;40.85,116.24;
#68:
>0:39.34,117.05;39.82,116.75;39.97,116.49;
#69:
>0:35.04,116.34;35.26,116.5;35.77,116.35;36.73,116.4;39.7,116.77;
