#0:
>0:36.17,116.85;37.81,116.44;38.25,116.39;40.34,116.0;
#1:
>0:39.77,116.37;40.32,116.24;
#2:
>0:36.47,116.75;37.14,116.47;38.94,116.52;
#3:
>0:33.95,116.33;35.41,116.15;36.39,115.99;36.7,116.16;
#4:
>0:34.65,116.0;36.28,116.25;37.43,116.45;38.09,116.29;39.84,116.67;
#5:
>0:35.24,117.1;36.14,116.91;
#6:
>0:39.68,117.19;38.56,117.07;37.43,116.78;36.86,117.07;34.28,116.8;
#7:
>0:35.24,116.66;36.52,116.7;37.18,117.14;38.42,117.21;39.99,117.39;
#8:
>0:39.31,116.28;39.3,116.47;38.34,116.84;38.33,117.12;
#9:
>0:39.62,116.38;39.83,116.23;
#10:
>0:35.64,115.98;35.01,116.18;36.53,116.41;35.87,116.85;
#11:
>0:38.59,117.11;37.22,117.31;
#12:
>0:39.1,116.94;40.32,116.82;40.11,116.45;39.87,116.31;
#13:
>0:39.45,116.24;40.35,116.42;
#14:
>0:39.89,115.97;39.93,116.28;
#15:
>0:33.54,116.7;34.75,116.53;35.17,116.26;34.81,116.0;
#16:
>0:36.18,116.34;36.26,116.09;
#17:
>0:37.32,116.05;38.69,115.97;39.63,116.12;
#18:
>0:37.91,115.97;38.27,116.19;39.72,116.49;
#19:
>0:35.97,116.83;35.01,117.0;33.88,116.96;
#20:
>0:40.43,116.27;39.79,116.3;
#21:
>0:39.96,116.29;39.9,116.23;
#22:
>0:40.36,116.37;39.62,116.4;
#23:
>0:39.5,115.98;39.81,116.25;
#24:
>0:39.67,116.37;39.23,116.33;
#25:
>0:40.15,116.31;39.62,116.31;
#26:
>0:39.65,116.38;39.36,116.2;
#27:
>0:38.45,116.75;37.01,117.02;37.48,117.24;
#28:
>0:33.86,117.36;33.67,117.17;
#29:
>0:39.87,116.42;39.5,116.25;
#30:
>0:39.63,116.31;39.62,116.21;
#31:
>0:39.59,116.32;40.31,116.27;
#32:
>0:35.83,116.06;37.19,116.29;36.5,116.43;36.13,116.7;
#33:
>0:35.65,116.43;35.95,116.87;35.55,116.95;
#34:
>0:38.76,116.74;37.82,116.44;37.31,116.33;
#35:
>0:34.36,116.86;35.51,116.98;36.81,116.9;38.1,116.65;39.67,116.95;
#36:
>0:37.88,116.53;36.1,116.85;34.84,116.76;
#37:
>0:33.23,116.65;34.58,116.81;34.78,117.04;36.73,116.67;
#38:
>0:40.27,116.24;39.28,116.27;
#39:
>0:37.6,116.55;35.6,116.76;35.16,116.83;
#40:
>0:39.61,116.31;40.4,116.41;
#41:
>0:39.34,116.43;39.29,116.32;
#42:
>0:38.69,116.56;39.25,116.21;
#43:
>0:36.78,117.11;38.71,116.95;
#44:
>0:34.16,117.19;35.04,117.02;36.35,116.74;37.61,116.53;38.01,116.33;39.55,116.04;
#45:
>0:37.91,115.97;38.89,116.06;40.33,116.06;
#46:
>0:38.71,116.02;38.28,116.25;35.6,116.33;
#47:
>0:34.81,116.64;36.04,116.87;34.99,116.8;34.93,117.34;
#48:
>0:34.43,116.66;36.04,116.84;35.31,116.97;33.3,117.34;
#49:
>0:35.4,116.58;35.76,116.21;35.44,116.12;
#50:
>0:39.53,117.11;39.81,116.78;40.14,116.67;
#51:
>0:37.52,116.77;38.27,116.54;39.84,116.87;
#52:
>0:34.74,116.11;35.6,116.32;37.58,116.44;38.46,116.31;39.37,116.46;
#53:
>0:33.19,116.97;35.31,117.02;36.07,116.79;35.14,116.66;36.26,116.03;
#54:
>0:35.09,116.91;36.31,117.1;
#55:
>0:39.21,116.06;39.79,116.36;39.13,116.49;39.07,116.72;40.01,117.14;
#56:
>0:38.36,116.12;37.29,116.2;35.47,116.36;34.75,116.37;
#57:
>0:38.86,116.88;37.74,116.43;35.98,116.41;35.18,116.09;33.66,116.46;
#58:
>0:39.35,116.11;39.73,116.37;
#59:
>0:37.73,116.64;38.06,116.2;35.56,116.02;
#60:
>0:36.62,116.63;36.41,116.73;36.18,116.92;
#61:
>0:38.11,116.65;38.03,116.84;37.16,117.13;40.46,117.4;
#62:
>0:40.3,116.21;38.46,116.67;39.1,116.81;38.63,117.04;
#63:
>0:39.77,116.37;39.82,116.33;
#64:
>0:33.57,117.18;34.52,117.24;
#65:
>0:39.34,116.23;39.85,116.4;
#66:
>0:37.37,116.86;38.96,116.54;
#67:
>0:34.92,116.65;34.91,116.24;36.15,116.13;38.04,116.28;
#68:
>0:38.21,116.23;37.03,116.6;36.01,116.69;
#69:
>0:33.47,116.08;34.87,116.0;35.75,116.25;37.35,116.43;38.57,116.78;
