#0:
>0:39.93,116.29;39.97,116.32;39.99,116.33;40.03,116.38;40.03,116.4;
#1:
>0:40.08,116.41;40.05,116.4;40.03,116.43;39.98,116.4;39.95,116.38;39.92,116.43;
#2:
>0:40.02,116.31;40.02,116.35;39.97,116.33;40.02,116.35;40.05,116.38;40.04,116.33;40.08,116.35;40.05,116.34;40.07,116.32;40.09,116.31;
#3:
>0:40.04,116.43;40.03,116.39;40.0,116.38;39.94,116.39;
#4:
>0:40.06,116.33;40.01,116.34;39.98,116.35;39.95,116.34;39.94,116.31;
#5:
>0:39.94,116.3;39.97,116.27;39.99,116.28;
#6:
>0:40.09,116.43;40.06,116.41;40.03,116.41;40.05,116.38;40.09,116.33;
#7:
>0:40.03,116.42;40.05,116.43;40.07,116.43;
#8:
>0:39.95,116.3;39.99,116.34;39.92,116.36;
#9:
>0:39.94,116.43;39.95,116.41;39.98,116.43;40.03,116.4;40.05,116.38;40.08,116.34;
#10:
>0:40.08,116.32;40.04,116.34;40.08,116.35;40.05,116.33;40.08,116.35;40.04,116.33;40.03,116.31;
#11:
>0:39.97,116.32;39.99,116.33;40.01,116.34;40.02,116.37;40.06,116.42;
#12:
>0:40.04,116.34;40.03,116.35;40.02,116.31;39.99,116.3;39.91,116.29;
#13:
>0:40.07,116.28;40.07,116.31;40.08,116.28;40.1,116.33;40.07,116.28;40.09,116.32;40.07,116.29;40.06,116.3;40.05,116.31;40.07,116.33;40.07,116.32;
#14:
>0:39.99,116.39;39.96,116.38;39.93,116.37;39.95,116.3;
#15:
>0:40.02,116.32;40.06,116.3;40.09,116.34;
#16:
>0:40.09,116.28;40.04,116.33;40.03,116.35;39.99,116.34;39.97,116.4;
#17:
>0:39.91,116.37;39.97,116.41;39.99,116.42;
#18:
>0:40.03,116.33;40.03,116.36;40.04,116.39;40.06,116.43;
#19:
>0:40.07,116.37;40.07,116.35;40.05,116.33;40.07,116.29;
#20:
>0:40.01,116.33;40.02,116.32;40.03,116.29;
#21:
>0:40.0,116.34;40.02,116.35;40.01,116.31;40.07,116.32;
#22:
>0:40.09,116.41;40.06,116.42;40.01,116.39;40.02,116.35;
#23:
>0:40.08,116.32;40.07,116.35;40.06,116.34;40.01,116.34;40.01,116.31;40.06,116.32;40.05,116.28;40.01,116.31;40.04,116.31;40.01,116.31;40.01,116.34;40.01,116.31;40.03,116.28;39.98,116.31;39.97,116.33;40.01,116.3;
#24:
>0:39.93,116.41;39.95,116.41;39.98,116.39;
#25:
>0:39.95,116.35;39.96,116.37;39.98,116.33;40.03,116.34;40.07,116.36;
#26:
>0:40.03,116.37;39.97,116.33;39.94,116.34;39.93,116.3;
#27:
>0:40.1,116.34;40.06,116.35;40.07,116.38;40.08,116.41;
#28:
>0:39.95,116.34;39.99,116.35;40.02,116.31;40.05,116.28;
#29:
>0:39.91,116.28;39.94,116.27;
#30:
>0:40.08,116.38;40.1,116.34;40.05,116.35;40.09,116.29;
#31:
>0:39.92,116.27;39.95,116.27;39.99,116.33;40.0,116.35;40.04,116.36;
#32:
>0:40.06,116.42;40.01,116.38;39.99,116.4;39.95,116.39;
#33:
>0:39.92,116.35;39.96,116.38;39.98,116.35;40.03,116.34;40.05,116.31;
#34:
>0:39.92,116.35;39.96,116.38;39.96,116.39;39.99,116.44;40.01,116.39;40.08,116.42;
#35:
>0:40.01,116.33;39.99,116.33;39.97,116.35;
#36:
>0:40.05,116.29;40.02,116.32;39.97,116.31;39.99,116.35;39.92,116.38;
#37:
>0:39.97,116.4;39.92,116.37;40.0,116.35;
#38:
>0:39.95,116.33;39.99,116.35;40.01,116.28;
#39:
>0:40.04,116.43;40.02,116.41;39.98,116.43;
#40:
>0:40.06,116.41;40.03,116.37;40.0,116.34;40.01,116.34;39.99,116.28;
#41:
>0:40.06,116.29;40.0,116.3;40.05,116.35;
#42:
>0:39.95,116.43;39.98,116.4;40.02,116.37;40.05,116.35;40.08,116.3;
#43:
>0:39.95,116.39;39.97,116.43;40.01,116.4;40.06,116.37;40.09,116.31;
#44:
>0:40.05,116.29;40.01,116.29;39.99,116.31;39.97,116.34;39.96,116.39;
#45:
>0:40.03,116.28;39.98,116.32;40.03,116.33;40.0,116.33;39.97,116.36;39.93,116.42;
#46:
>0:39.99,116.27;39.96,116.29;39.98,116.31;39.98,116.34;39.99,116.4;
#47:
>0:39.91,116.43;39.97,116.41;39.97,116.39;40.02,116.4;
#48:
>0:39.98,116.38;39.95,116.4;39.94,116.39;
#49:
>0:40.08,116.35;40.05,116.34;40.02,116.27;
#50:
>0:40.06,116.3;40.08,116.28;
#51:
>0:40.04,116.36;40.02,116.4;39.99,116.41;
#52:
>0:39.91,116.33;39.97,116.37;39.95,116.39;39.99,116.42;40.04,116.38;
#53:
>0:39.94,116.43;39.95,116.4;39.95,116.36;
#54:
>0:39.97,116.29;40.0,116.31;40.0,116.34;
#55:
>0:39.99,116.43;40.01,116.39;40.04,116.4;
#56:
>0:40.05,116.3;40.1,116.35;
#57:
>0:40.08,116.3;40.1,116.35;40.05,116.33;40.01,116.35;40.06,116.36;40.05,116.34;40.09,116.34;40.05,116.34;40.01,116.33;40.03,116.32;40.03,116.31;
#58:
>0:40.01,116.29;40.0,116.31;40.02,116.35;39.99,116.37;
#59:
>0:40.07,116.3;40.09,116.29;40.09,116.31;40.07,116.29;40.08,116.32;40.07,116.3;
#60:
>0:40.08,116.31;40.08,116.29;40.08,116.3;40.05,116.34;40.02,116.35;40.03,116.31;40.04,116.32;40.04,116.3;40.01,116.28;40.0,116.31;39.99,116.31;
#61:
>0:39.96,116.29;39.98,116.3;40.02,116.33;40.02,116.31;40.07,116.31;
#62:
>0:39.98,116.4;39.96,116.41;
#63:
>0:40.06,116.28;40.03,116.3;39.99,116.32;40.0,116.38;
#64:
>0:40.07,116.39;40.05,116.38;40.0,116.33;40.02,116.3;39.97,116.28;
#65:
>0:39.93,116.42;39.96,116.44;39.95,116.4;40.03,116.39;
#66:
>0:40.09,116.33;40.06,116.33;40.03,116.3;
#67:
>0:40.1,116.34;40.06,116.37;40.0,116.41;40.0,116.42;
#68:
>0:40.09,116.42;40.04,116.4;40.0,116.36;40.0,116.35;39.97,116.34;39.91,116.3;
#69:
>0:39.99,116.42;39.96,116.4;39.92,116.37;39.95,116.36;40.0,116.32;39.96,116.28;
#70:
>0:39.97,116.43;39.97,116.39;39.96,116.38;40.0,116.33;39.95,116.32;
