#0:
>0:39.95,116.36;39.97,116.36;39.98,116.31;
#1:
>0:40.07,116.43;40.05,116.41;40.01,116.36;39.98,116.37;39.94,116.38;39.93,116.4;
#2:
>0:40.06,116.42;40.02,116.39;40.06,116.37;40.03,116.34;40.0,116.35;39.96,116.29;
#3:
>0:40.06,116.43;40.03,116.41;39.97,116.44;39.97,116.44;
#4:
>0:40.08,116.31;40.09,116.28;40.04,116.31;39.99,116.3;
#5:
>0:40.08,116.32;40.08,116.27;40.09,116.32;40.07,116.32;
#6:
>0:39.98,116.3;40.02,116.32;40.02,116.33;40.04,116.38;40.02,116.38;40.04,116.42;
#7:
>0:39.94,116.43;39.93,116.41;39.96,116.41;39.98,116.37;39.99,116.33;40.03,116.3;
#8:
>0:40.06,116.28;40.0,116.28;
#9:
>0:40.06,116.41;40.03,116.42;
#10:
>0:40.08,116.32;40.08,116.27;40.08,116.32;40.08,116.29;40.08,116.31;40.08,116.3;40.08,116.31;40.09,116.32;
#11:
>0:39.98,116.35;39.97,116.31;
#12:
>0:39.92,116.31;39.97,116.33;39.95,116.37;39.91,116.39;
#13:
>0:40.04,116.34;40.03,116.35;39.99,116.35;
#14:
>0:40.09,116.31;40.09,116.27;40.08,116.31;40.08,116.29;40.08,116.3;40.07,116.28;40.05,116.31;40.02,116.32;40.0,116.31;39.98,116.34;39.99,116.31;39.97,116.34;39.99,116.31;39.97,116.33;40.02,116.33;39.98,116.36;39.97,116.34;39.93,116.37;
#15:
>0:39.94,116.41;40.0,116.38;39.99,116.33;40.01,116.36;40.09,116.38;
#16:
>0:39.92,116.37;39.94,116.34;40.0,116.32;39.98,116.3;
#17:
>0:40.08,116.44;40.06,116.39;40.01,116.38;40.03,116.35;39.97,116.3;
#18:
>0:40.02,116.29;40.05,116.3;40.0,116.32;39.98,116.34;40.06,116.4;
#19:
>0:40.01,116.31;39.99,116.31;39.99,116.33;39.99,116.3;39.98,116.34;40.0,116.32;39.99,116.34;40.03,116.33;40.06,116.31;40.08,116.31;40.07,116.32;
#20:
>0:40.0,116.42;40.02,116.4;40.05,116.36;40.03,116.34;39.99,116.33;40.02,116.29;
#21:
>0:40.1,116.34;40.09,116.37;40.02,116.31;
#22:
>0:39.97,116.39;39.99,116.38;39.99,116.34;
#23:
>0:40.01,116.44;39.98,116.41;39.96,116.4;39.92,116.43;
#24:
>0:39.94,116.3;39.96,116.34;40.03,116.37;
#25:
>0:39.94,116.34;39.94,116.37;40.02,116.38;
#26:
>0:39.99,116.31;40.0,116.28;
#27:
>0:40.09,116.32;40.07,116.29;40.04,116.28;40.04,116.31;40.02,116.3;39.98,116.35;40.01,116.37;40.0,116.38;39.96,116.34;39.95,116.36;39.96,116.34;
#28:
>0:40.05,116.33;40.06,116.33;
#29:
>0:39.96,116.41;39.93,116.39;39.93,116.36;39.93,116.34;39.93,116.32;39.91,116.29;
#30:
>0:39.95,116.4;39.99,116.37;40.02,116.44;
#31:
>0:39.93,116.31;39.94,116.35;39.97,116.36;39.94,116.41;
#32:
>0:40.09,116.31;40.1,116.33;
#33:
>0:39.94,116.38;39.98,116.38;40.0,116.33;40.03,116.36;40.09,116.38;
#34:
>0:39.96,116.42;39.99,116.41;39.97,116.4;40.0,116.37;39.99,116.33;39.98,116.28;
#35:
>0:40.09,116.38;40.06,116.33;40.07,116.32;
#36:
>0:40.06,116.32;40.09,116.35;40.07,116.36;
#37:
>0:40.01,116.36;40.01,116.4;
#38:
>0:40.1,116.31;40.07,116.29;40.09,116.3;40.07,116.27;40.09,116.31;40.1,116.28;40.04,116.3;40.02,116.31;39.98,116.32;39.99,116.33;40.0,116.32;39.98,116.34;39.97,116.31;39.98,116.3;
#39:
>0:40.07,116.31;40.1,116.28;40.06,116.33;40.09,116.32;40.08,116.3;40.05,116.28;40.07,116.29;40.08,116.32;40.07,116.28;40.07,116.32;40.09,116.28;40.01,116.33;
#40:
>0:40.0,116.37;39.97,116.35;40.0,116.31;39.98,116.28;
#41:
>0:40.04,116.43;40.03,116.4;39.97,116.36;39.96,116.37;39.93,116.32;
#42:
>0:40.01,116.43;39.98,116.41;39.98,116.44;39.91,116.38;
#43:
>0:40.04,116.38;40.03,116.34;39.98,116.34;40.02,116.3;
#44:
>0:40.05,116.35;40.02,116.33;39.97,116.38;39.95,116.34;39.93,116.33;
#45:
>0:39.98,116.36;40.0,116.33;40.06,116.34;
#46:
>0:39.94,116.36;39.96,116.4;39.99,116.36;40.06,116.37;
#47:
>0:39.98,116.3;40.0,116.32;
#48:
>0:40.08,116.39;40.05,116.38;40.01,116.35;40.02,116.32;40.04,116.29;
#49:
>0:39.97,116.43;39.96,116.41;39.97,116.37;40.01,116.36;40.07,116.3;
#50:
>0:39.98,116.41;39.97,116.41;40.01,116.37;40.09,116.37;
#51:
>0:39.95,116.39;39.95,116.4;
#52:
>0:40.02,116.27;40.05,116.32;40.01,116.33;39.97,116.35;40.05,116.41;
#53:
>0:40.06,116.38;40.09,116.36;
#54:
>0:39.95,116.41;39.94,116.36;39.99,116.35;
#55:
>0:39.95,116.39;39.99,116.36;40.0,116.33;40.02,116.32;40.08,116.32;
#56:
>0:39.92,116.38;39.96,116.34;39.95,116.32;
#57:
>0:39.91,116.38;39.96,116.39;39.99,116.35;
#58:
>0:39.92,116.38;39.96,116.35;39.98,116.37;40.01,116.33;40.03,116.32;40.09,116.28;
#59:
>0:40.09,116.31;40.08,116.28;40.05,116.31;39.99,116.32;
#60:
>0:40.09,116.34;40.05,116.37;40.01,116.41;39.98,116.43;39.95,116.42;
#61:
>0:40.04,116.28;40.05,116.33;40.02,116.31;40.0,116.35;40.05,116.41;
#62:
>0:40.07,116.41;40.04,116.39;40.03,116.37;39.97,116.38;39.96,116.36;39.91,116.4;
#63:
>0:39.95,116.36;39.94,116.33;
#64:
>0:39.92,116.42;39.96,116.43;
#65:
>0:39.93,116.29;39.97,116.31;39.95,116.35;39.98,116.37;
#66:
>0:40.05,116.44;40.01,116.43;
#67:
>0:39.98,116.31;40.0,116.34;40.01,116.31;40.0,116.33;39.98,116.33;40.03,116.29;39.97,116.32;39.97,116.35;40.02,116.32;40.07,116.32;
#68:
>0:40.05,116.32;40.04,116.27;40.03,116.28;39.94,116.27;
#69:
>0:39.96,116.3;39.94,116.32;39.91,116.33;
#70:
>0:39.99,116.4;39.95,116.42;
