#0:
>0:39.96,116.3;39.95,116.33;
#1:
>0:39.93,116.44;39.95,116.43;39.96,116.39;39.98,116.33;
#2:
>0:40.05,116.36;40.08,116.38;
#3:
>0:40.02,116.41;40.02,116.39;
#4:
>0:40.08,116.41;40.04,116.39;
#5:
>0:40.02,116.3;40.04,116.31;40.02,116.33;40.0,116.33;40.03,116.35;40.02,116.32;40.05,116.31;40.07,116.28;40.07,116.31;40.07,116.32;
#6:
>0:40.03,116.43;40.0,116.4;
#7:
>0:39.93,116.29;39.92,116.33;
#8:
>0:39.93,116.39;39.97,116.39;39.99,116.38;40.03,116.33;40.02,116.32;40.07,116.28;
#9:
>0:40.0,116.33;39.99,116.35;39.99,116.38;40.0,116.39;39.96,116.42;
#10:
>0:40.02,116.31;39.99,116.29;
#11:
>0:39.96,116.41;39.99,116.44;40.01,116.43;40.04,116.42;40.08,116.43;
#12:
>0:40.01,116.3;40.02,116.34;39.99,116.34;40.01,116.34;40.01,116.33;40.06,116.32;40.1,116.29;40.07,116.31;40.04,116.32;40.09,116.32;
#13:
>0:40.1,116.31;40.1,116.29;40.07,116.31;40.08,116.28;40.07,116.31;40.06,116.3;40.07,116.33;40.08,116.32;
#14:
>0:40.08,116.31;40.08,116.29;
#15:
>0:40.08,116.32;40.07,116.35;40.06,116.34;40.04,116.31;40.05,116.33;40.06,116.3;39.97,116.31;
#16:
>0:39.95,116.4;39.99,116.38;40.03,116.34;40.03,116.32;40.1,116.28;
#17:
>0:40.08,116.31;40.07,116.27;40.06,116.27;40.1,116.32;40.06,116.31;40.04,116.35;40.03,116.33;40.03,116.32;40.05,116.31;40.06,116.29;40.05,116.31;40.04,116.35;40.01,116.33;40.03,116.32;40.05,116.31;40.02,116.3;40.02,116.33;40.03,116.32;40.05,116.3;40.08,116.35;40.01,116.32;
#18:
>0:40.0,116.32;40.0,116.34;40.0,116.38;40.01,116.4;39.96,116.43;
#19:
>0:39.93,116.4;39.94,116.39;40.0,116.38;39.97,116.34;39.98,116.27;
#20:
>0:39.97,116.36;39.93,116.4;
#21:
>0:39.91,116.42;39.97,116.42;39.98,116.43;
#22:
>0:40.09,116.42;40.04,116.43;40.02,116.42;40.0,116.42;
#23:
>0:40.08,116.33;40.05,116.31;40.04,116.3;40.03,116.31;39.94,116.3;
#24:
>0:39.97,116.32;40.03,116.3;40.04,116.3;40.04,116.33;40.02,116.33;39.98,116.34;40.0,116.31;39.98,116.34;39.99,116.31;40.0,116.35;40.03,116.32;
#25:
>0:39.99,116.37;39.97,116.39;39.91,116.42;
#26:
>0:39.95,116.35;39.94,116.35;39.95,116.37;39.92,116.43;
#27:
>0:39.97,116.33;39.94,116.32;39.98,116.35;40.01,116.34;40.03,116.31;40.06,116.32;40.02,116.31;40.06,116.31;40.07,116.32;40.07,116.29;40.08,116.33;40.09,116.28;40.05,116.29;40.09,116.3;40.08,116.27;40.09,116.3;40.1,116.35;40.05,116.35;40.04,116.31;40.1,116.31;
#28:
>0:40.05,116.42;40.06,116.39;40.05,116.38;40.03,116.35;40.02,116.3;39.97,116.29;
#29:
>0:40.06,116.38;40.06,116.37;40.03,116.34;39.99,116.35;39.93,116.3;
#30:
>0:40.07,116.31;40.08,116.27;40.07,116.32;40.08,116.29;40.04,116.28;40.07,116.31;40.07,116.28;40.04,116.29;40.02,116.3;
#31:
>0:40.07,116.38;40.02,116.34;39.97,116.33;
#32:
>0:40.1,116.34;40.06,116.37;
#33:
>0:39.91,116.34;39.95,116.38;40.0,116.4;40.01,116.41;40.06,116.42;
#34:
>0:39.99,116.34;40.02,116.33;40.06,116.38;40.09,116.36;
#35:
>0:39.95,116.36;39.99,116.37;40.03,116.31;
#36:
>0:39.91,116.43;39.96,116.42;39.95,116.39;39.99,116.37;40.05,116.38;
#37:
>0:40.08,116.31;40.1,116.28;40.09,116.31;40.09,116.28;40.07,116.31;40.1,116.27;40.08,116.33;40.08,116.3;
#38:
>0:40.03,116.43;39.97,116.38;39.95,116.38;39.93,116.34;39.95,116.35;39.94,116.27;
#39:
>0:40.04,116.27;40.07,116.3;40.06,116.35;40.0,116.35;40.01,116.37;39.95,116.44;
#40:
>0:39.97,116.35;40.03,116.32;40.06,116.3;40.01,116.3;40.05,116.32;40.08,116.32;40.08,116.3;
#41:
>0:40.09,116.33;40.04,116.37;
#42:
>0:40.08,116.32;40.09,116.28;40.08,116.31;40.04,116.33;40.06,116.3;40.09,116.33;40.08,116.29;40.08,116.31;40.05,116.31;39.98,116.32;
#43:
>0:40.04,116.38;40.06,116.36;
#44:
>0:39.96,116.34;39.98,116.33;39.99,116.3;
#45:
>0:40.02,116.44;40.06,116.4;40.04,116.38;
#46:
>0:39.93,116.42;39.95,116.42;39.95,116.4;39.98,116.34;
#47:
>0:39.96,116.43;39.92,116.41;39.93,116.37;
#48:
>0:39.91,116.41;39.94,116.44;39.95,116.41;39.99,116.34;
#49:
>0:40.06,116.39;40.01,116.37;39.99,116.34;39.97,116.32;39.93,116.27;
#50:
>0:39.96,116.42;39.96,116.4;40.0,116.37;40.06,116.36;
#51:
>0:39.93,116.43;39.94,116.4;39.98,116.38;40.01,116.35;40.03,116.32;40.07,116.28;
#52:
>0:40.02,116.31;40.03,116.29;
#53:
>0:40.07,116.37;40.02,116.34;39.99,116.35;
#54:
>0:40.09,116.32;40.04,116.31;
#55:
>0:40.08,116.32;40.07,116.28;40.04,116.27;40.08,116.31;40.06,116.32;40.08,116.32;
#56:
>0:39.93,116.44;39.95,116.42;39.94,116.4;39.98,116.35;
#57:
>0:40.09,116.4;40.09,116.37;40.05,116.34;40.06,116.3;40.07,116.27;
#58:
>0:39.98,116.33;40.0,116.32;39.97,116.35;40.0,116.33;40.0,116.31;40.06,116.31;40.03,116.32;39.98,116.33;39.98,116.33;40.03,116.3;40.0,116.31;39.98,116.35;40.0,116.32;39.97,116.29;40.02,116.28;40.04,116.31;40.08,116.31;
#59:
>0:40.07,116.29;40.1,116.32;40.0,116.35;
#60:
>0:40.05,116.39;40.03,116.41;39.99,116.39;39.95,116.4;
#61:
>0:39.92,116.31;39.97,116.31;39.98,116.31;
#62:
>0:39.97,116.33;39.91,116.3;39.93,116.27;
#63:
>0:39.98,116.31;40.01,116.32;40.05,116.28;
#64:
>0:39.93,116.44;39.96,116.4;39.99,116.36;40.03,116.38;40.06,116.34;40.08,116.29;
#65:
>0:40.04,116.37;40.05,116.38;
#66:
>0:40.02,116.4;40.02,116.4;
#67:
>0:40.03,116.27;40.03,116.3;39.98,116.3;39.93,116.28;
#68:
>0:40.02,116.42;39.98,116.41;40.0,116.36;
#69:
>0:39.95,116.33;39.93,116.33;39.96,116.39;
#70:
>0:40.04,116.37;40.07,116.33;40.08,116.31;
