#0:
>0:37.69,112.83;36.05,112.56;34.45,114.38;
#1:
>0:34.6,115.03;37.74,114.51;39.01,114.77;36.69,113.87;35.25,111.78;
#2:
>0:28.18,113.71;32.06,113.48;32.62,114.8;35.14,115.27;37.16,115.05;
#3:
>0:32.8,113.53;34.93,113.66;38.39,111.73;
#4:
>0:29.42,114.07;31.86,114.1;28.32,112.5;
#5:
>0:30.42,113.04;32.28,113.29;
#6:
>0:39.48,114.16;36.94,113.98;35.7,112.56;33.92,112.13;31.61,112.53;29.51,111.91;
#7:
>0:33.09,112.94;34.23,113.34;36.4,113.39;37.24,114.36;38.47,115.72;
#8:
>0:34.78,114.96;37.89,115.46;40.14,113.54;
#9:
>0:30.18,113.03;29.13,113.3;31.41,113.88;34.24,113.9;38.27,113.99;
#10:
>0:37.8,114.49;34.69,114.6;32.56,114.46;31.52,114.44;28.21,114.33;
#11:
>0:36.35,112.34;34.85,113.14;34.44,113.8;34.06,114.32;35.39,115.47;41.96,116.29;
#12:
>0:35.44,112.78;36.59,112.41;
#13:
>0:30.5,112.63;34.32,114.06;35.76,113.97;
#14:
>0:31.66,111.91;32.53,113.21;35.0,114.03;33.62,114.37;35.51,115.02;40.92,116.52;
