#0:
>0:36.55,113.71;36.6,113.87;
#1:
>0:32.07,116.28;34.43,115.32;36.16,114.17;38.51,114.26;39.31,113.8;38.46,112.23;
#2:
>0:33.18,112.1;32.01,112.66;33.76,113.72;34.31,114.61;
#3:
>0:31.3,116.21;34.11,115.57;34.86,114.53;38.12,114.5;39.07,113.39;37.4,112.06;
#4:
>0:29.22,114.06;30.51,113.21;32.97,113.37;33.52,114.28;37.27,114.17;
#5:
>0:40.73,115.3;38.45,115.58;36.32,115.06;33.02,114.92;31.54,115.45;
#6:
>0:37.72,112.22;35.75,112.43;37.28,113.12;39.35,114.76;
#7:
>0:40.49,113.99;37.09,114.51;35.2,114.71;
#8:
>0:31.45,114.67;29.03,113.5;29.35,112.97;28.64,112.25;
#9:
>0:34.2,112.5;35.24,113.7;38.16,114.79;38.94,115.0;
#10:
>0:28.61,113.66;28.49,114.8;
#11:
>0:35.5,114.91;37.52,115.56;
#12:
>0:35.33,114.93;32.76,115.41;31.13,116.14;
#13:
>0:28.43,115.08;30.92,114.89;
#14:
>0:35.79,115.13;34.49,114.73;36.15,113.54;35.15,112.67;36.81,112.1;
